42.9427
24.1512
23.8067
26.2665
39.6308
27.3311
24.0542
24.7006
29.7079
21.4546
23.4197
24.8536
23.4594
26.3784
25.4551
24.8786
24.201
23.1953
25.7465
24.1639
28.4264
34.6989
38.6552
24.4711
43.6862
25.6382
25.5986
23.2698
35.3336
24.5639
24.1126
32.476
42.4835
30.7108
27.397
35.1238
24.1688
34.4248
24.4481
23.0676
31.4938
21.9947
24.9185
28.968
25.1887
23.4898
25.51
23.7466
24.1044
24.5148
25.6216
26.0882
24.3828
38.5884
27.7193
24.654
36.05
23.9066
24.3245
39.9667
24.4907
26.5407
24.1116
23.8248
24.1533
24.6095
37.6938
26.5739
26.7364
24.767
24.2586
23.6977
37.7415
24.7118
24.3434
25.1243
51.8488
39.8991
25.5751
24.4726
25.165
26.1835
24.8715
23.1217
25.5373
24.5531
24.9042
40.9115
24.6318
24.4677
24.0214
40.1938
35.6136
24.1229
24.6117
30.6873
24.2028
47.1126
27.5871
25.1183
51.0576
25.3564
24.5776
24.2064
23.7328
24.0685
49.9975
29.5365
24.4454
25.9965
25.7477
27.0338
26.2641
25.6902
25.47
24.7345
25.5129
31.2133
27.0848
24.4012
24.8058
24.7907
25.0994
26.8577
25.0532
26.9508
26.2584
29.5267
26.9809
27.9682
26.7137
44.438
32.98
27.0766
26.2712
24.2198
25.142
24.9024
25.2615
25.4049
24.8357
25.5486
27.7443
24.9163
40.7052
26.8874
26.6026
27.8727
32.5787
37.2391
37.2826
39.0714
25.9276
50.8128
25.1865
26.7994
31.4247
25.5302
24.5092
24.3679
26.5351
26.7853
40.8617
24.1725
25.2319
23.5917
34.7938
25.9963
25.7039
24.8052
25.0926
29.2504
25.8036
23.1148
25.5281
24.5707
24.6709
24.3032
23.881
42.7553
24.9462
25.6968
25.3223
25.7022
26.0928
28.5489
25.1249
25.6353
42.587
25.1603
27.8614
26.2242
25.1313
24.5412
23.3003
23.7413
25.3076
24.5383
24.7155
24.5314
24.132
39.9674
37.465
24.431
24.8113
24.7792
24.6408
24.1845
25.2588
23.7058
36.8406
35.3652
24.2446
25.0834
23.9866
24.2413
38.9095
44.5914
34.7289
25.1968
45.7286
25.8111
38.5268
24.553
25.0205
25.4132
24.2478
25.3991
24.9521
25.9842
25.2809
25.2615
25.4296
31.7554
24.6893
36.5385
24.2064
41.723
24.3641
25.071
24.2625
24.2219
23.4696
23.7385
24.5196
25.0741
23.8976
23.6373
25.0747
38.3124
21.697
27.1575
24.7684
37.5916
30.2824
24.5521
33.3116
24.316
23.1887
28.9177
37.6527
23.1161
28.633
23.8185
24.2335
25.0642
33.8275
26.4861
24.3306
24.7664
24.9833
25.0726
23.0928
29.0149
25.474
31.6184
49.2034
27.1677
34.4504
24.2927
24.4823
23.753
24.3851
24.806
23.8227
33.4569
24.2867
23.6189
50.0605
38.515
24.8779
26.5867
24.8499
26.7448
24.6393
21.6747
23.7984
24.5116
24.7443
24.6752
23.2735
23.8849
39.9458
24.21
24.6095
24.8571
23.4398
32.4283
32.6847
31.0915
37.1394
24.7624
38.2949
32.5447
31.8485
24.785
24.4238
35.835
29.9962
39.9435
28.1903
25.0274
24.583
25.0578
24.0645
23.7864
41.8647
41.9715
25.0844
25.5519
24.4326
34.5836
23.9463
37.2603
24.2395
23.9246
36.0391
24.1719
24.7162
23.7426
41.9887
24.1133
25.0762
24.0889
23.3196
24.4782
23.7711
24.5055
25.5219
24.6057
24.481
23.9004
25.4666
26.142
23.5085
24.5063
31.4524
43.4583
23.677
24.4982
25.815
24.6833
37.1892
24.981
24.9312
42.6785
24.6608
24.2874
25.0496
24.6116
23.3678
24.3099
23.4098
24.0032
24.9124
48.2569
25.2425
26.4615
25.2325
24.7567
23.6776
25.4375
29.6815
26.4746
52.5553
26.7192
25.1955
40.2048
24.7387
23.3475
41.1134
24.714
23.8485
29.8912
30.5004
25.3053
44.3956
25.521
24.0862
23.9886
24.462
24.6335
24.4722
24.9805
25.0062
24.6649
23.6099
24.4847
23.6967
26.0286
25.1891
23.4282
23.7825
24.3326
24.6801
35.3735
28.0964
24.4993
23.3628
23.6442
24.8953
32.0383
24.6119
24.5397
24.444
23.6339
43.1311
24.3496
24.1698
24.0521
23.5213
37.9946
24.8835
23.8297
30.6471
33.8985
25.1896
26.4578
23.9679
24.1144
23.166
23.392
23.7004
45.7772
42.4958
27.5578
29.3547
22.9949
23.9069
25.4941
24.9734
24.5202
23.8993
25.7361
24.0715
31.9577
24.2524
24.6543
25.1623
28.5053
24.5303
23.6233
23.8747
24.8549
23.8539
23.7198
23.7859
51.1953
27.5802
42.9471
26.1609
24.0058
25.2379
40.5499
25.0156
24.2626
25.1738
23.7892
30.4848
24.8532
36.017
24.8832
24.0618
39.8323
38.2217
24.4786
25.551
24.0004
22.5116
23.3929
32.9802
24.2338
24.1491
30.3297
25.3066
34.5588
24.5006
24.6895
23.0237
25.7352
24.5536
24.8922
26.3185
34.9888
25.7707
25.2508
24.9014
24.4791
23.4851
25.6579
39.544
24.9942
39.4114
25.6532
40.8462
33.5932
23.88
25.3793
37.7122
36.8567
26.0576
22.9111
24.3678
24.5682
25.3516
26.1303
22.7332
28.1823
25.1678
25.1889
30.0971
23.7049
22.404
24.2101
21.662
22.1553
23.1195
23.0462
25.3292
23.1088
23.5643
23.9075
37.166
37.9138
32.599
32.8216
25.4578
23.5997
24.0674
23.9055
24.8926
25.2397
24.2292
24.3762
23.9966
26.7607
25.3544
24.6735
25.5334
24.9718
23.4755
26.7468
25.8932
36.786
23.7355
31.5551
24.3246
23.8171
26.1468
23.8305
45.4979
25.1318
23.322
45.6239
28.876
25.3747
24.7187
22.3295
23.5618
23.2104
23.699
23.2243
23.6112
22.288
34.1144
23.4416
24.0851
27.3474
25.1761
24.2415
24.3743
22.9221
24.7349
25.5635
22.9196
24.5617
21.8569
22.7575
25.8632
25.4695
23.6527
22.7211
25.1939
24.4829
32.2208
23.2979
24.2591
24.4357
24.1714
24.1278
24.3978
23.5903
25.4685
24.5132
27.0316
26.9882
25.4449
31.7954
30.7286
24.7751
24.7852
24.5716
28.9433
24.7488
24.7754
26.0817
38.8934
25.7081
24.852
25.111
25.0668
24.0351
29.6697
26.5715
29.7428
28.9705
28.025
24.3684
22.9726
34.5359
27.8083
26.5039
25.1285
25.9348
25.7022
26.1537
27.8574
25.2134
26.2703
26.636
25.9016
26.9923
25.7444
26.5493
29.6673
25.726
25.1346
39.9206
32.1481
24.0143
25.3512
25.5231
25.8377
24.2356
24.0106
29.2413
25.2452
42.0739
35.6495
53.0561
24.7992
49.8041
38.573
26.7502
41.8086
45.7847
34.3433
34.5236
23.5051
31.8691
41.7218
23.6023
27.3524
26.0588
25.2303
33.6092
23.4725
25.392
25.2976
23.8835
25.6473
25.0949
25.454
24.6206
24.2596
24.7841
23.1505
38.179
32.7669
23.4148
38.9903
26.3199
24.8319
25.3378
26.4414
25.2123
26.6432
25.2168
48.8117
26.1338
24.0156
37.5587
23.9554
22.663
23.6965
38.7769
29.8111
24.9195
24.5731
22.8571
23.1341
30.2376
23.9994
24.6029
25.6009
28.0797
25.3509
23.1649
21.8917
24.1001
33.2094
23.4784
36.0193
23.1451
25.345
23.7343
37.2985
23.724
23.2784
25.0592
21.0949
24.1839
24.7369
24.534
24.8929
24.8949
24.2171
36.5054
29.1495
43.932
27.3505
25.5364
23.0022
25.9896
24.6282
24.8123
39.9868
24.6792
29.5538
25.4978
25.0242
40.915
29.002
25.0419
24.1292
25.5334
26.5158
26.3883
23.2402
25.4711
27.3305
26.6305
25.792
32.9556
24.2389
32.3067
34.3246
38.6344
47.6936
32.2711
23.7968
25.0513
25.2875
24.0082
24.5997
22.9817
33.0228
35.4596
24.3428
22.8358
27.0111
25.8037
24.0733
26.7435
24.6377
24.3463
36.9973
25.3395
24.7992
24.9452
24.858
24.1737
25.8531
25.0063
24.7977
24.4995
35.2211
25.5862
31.9578
24.5845
24.9758
25.0891
39.7106
33.0071
27.8401
24.0924
35.373
25.7803
25.0909
25.9878
23.5854
26.0606
24.7259
28.5295
30.452
23.6002
24.2991
24.5531
24.4301
25.3523
25.5247
51.0569
39.5063
25.5662
23.8522
40.8829
26.5437
24.1116
25.2121
26.487
24.2189
28.9995
24.8058
24.458
24.1583
25.2059
23.7307
24.5493
47.6887
46.3398
40.0154
25.9079
34.9385
25.8422
49.6725
26.8488
36.9456
24.04
25.5409
24.5916
26.314
25.8763
35.2027
28.2629
25.8126
26.7063
28.3327
26.267
32.1125
26.2045
30.9902
25.3503
26.8816
25.3566
24.7255
26.3411
25.4865
24.955
25.5821
24.8165
25.3151
25.2711
26.2961
25.1643
24.9621
39.9288
37.6652
41.9711
25.684
29.5837
24.8342
25.6058
25.8913
26.1759
24.7236
25.0897
26.6749
26.3382
34.6256
35.6303
25.4638
24.9166
24.8978
25.6898
26.617
25.0496
25.9856
33.7797
41.639
26.3554
26.1283
24.7366
25.1558
34.6166
24.9276
25.13
25.7923
36.2202
25.1094
24.5451
24.2136
25.4218
24.523
24.6954
25.0447
25.6463
24.6511
25.5152
40.8482
49.0649
26.517
47.5713
26.2927
26.9977
25.3021
25.634
25.424
24.809
26.2338
25.7484
24.6896
25.322
40.8224
25.9781
25.7362
26.2019
24.8854
25.8099
25.0294
26.8255
43.2352
24.7967
39.6837
23.9037
25.7561
26.4523
24.9967
25.396
25.9937
25.8895
25.7216
25.1407
25.5717
36.8749
24.6312
25.0537
25.2123
26.0624
25.3325
25.414
25.4406
39.0063
25.2927
44.2968
26.4237
26.5547
25.0721
25.5108
25.7356
22.0065
26.2312
26.9256
26.1773
24.8565
24.1602
24.9637
24.3506
25.9832
30.4338
25.2483
25.2309
37.4655
25.8394
25.3418
36.945
51.6839
25.7088
25.8412
25.3369
24.6199
25.2939
24.8432
25.9067
25.3229
25.9932
43.0035
25.5688
27.1742
45.5469
26.5712
25.0306
25.0685
51.8975
40.3338
26.1116
27.8456
23.655
24.8714
35.4446
25.8732
26.9145
25.5608
50.5928
26.831
24.8238
25.3925
26.3805
25.6398
25.0045
34.5693
26.274
24.6692
25.4002
25.1657
41.1992
41.4299
25.2654
33.941
25.1044
26.054
24.7253
36.6903
42.4583
51.7637
26.2549
26.424
23.7847
40.6006
35.5971
25.8123
25.4336
24.2317
24.9928
34.7623
25.383
24.9013
25.7939
28.1554
26.2844
28.7525
38.7518
25.6032
25.112
33.8527
25.9899
26.1518
45.984
25.1091
26.0736
26.0965
34.8608
24.4754
48.7489
27.7373
27.2054
25.6374
26.3494
26.2032
25.6842
25.4772
25.1153
43.9217
26.8619
37.807
26.9307
25.1928
24.3056
25.524
25.7489
25.0899
24.8709
24.9722
24.2601
26.0661
26.2794
25.1622
26.0541
25.2812
24.7397
32.9589
23.8786
25.4072
25.2496
24.722
32.8099
25.5357
24.6243
34.0738
34.7034
26.3225
33.5057
25.2687
26.614
24.3502
25.2499
25.1724
25.7829
25.6967
25.8426
28.8369
40.4424
25.6369
39.7039
25.3503
24.3899
24.7501
24.9807
26.4452
25.5935
38.2854
25.3289
25.3963
38.9239
27.2257
28.636
46.3471
26.6063
23.9412
37.3977
33.6529
25.376
24.6163
26.0886
25.3018
41.439
27.1944
25.3289
25.406
25.5977
26.2471
25.2378
26.1933
26.6771
26.2679
24.8156
28.6734
26.792
26.731
28.8922
28.39
24.6991
25.1221
26.4485
25.3289
26.0913
24.8284
24.3564
25.0553
24.6587
34.8073
26.5847
25.9104
23.8767
25.8381
26.3186
27.2028
35.4305
26.0004
25.5413
25.4096
25.36
25.4004
24.2829
24.9867
26.4313
25.6531
25.6889
32.912
24.7265
34.9003
25.8168
39.1667
25.8812
37.6511
26.4803
34.2827
26.0876
25.0475
26.982
27.8199
25.131
24.6833
28.1953
30.9265
25.5833
23.6497
23.8429
25.006
25.3595
25.3504
25.8326
25.4662
26.1687
40.8453
23.9892
26.7251
29.1718
24.2094
23.3537
24.9237
24.5667
24.789
26.4243
48.1945
26.5748
25.2098
25.3413
38.7236
26.2047
26.7014
31.3589
26.4143
27.478
27.3688
25.4749
25.5872
24.6334
25.5411
35.2231
26.4765
34.3043
25.8918
26.4259
24.5377
25.7634
24.2971
25.7511
25.4916
35.4014
34.2094
25.4786
24.484
24.2657
25.4002
24.7011
26.162
25.3359
24.6012
26.5976
25.2931
24.5674
25.8455
25.9219
25.4418
25.2297
26.1926
35.2964
30.2173
28.497
25.6354
26.3045
37.9261
25.402
32.3581
25.2226
24.8636
40.321
25.848
23.7198
25.982
24.9357
38.75
28.2799
27.2357
25.3928
35.6205
26.7595
25.9053
41.6672
25.3857
24.7524
25.1863
27.5108
25.2501
25.9514
24.3419
24.3076
24.2346
32.5996
24.2608
25.7282
25.4515
24.3155
24.613
25.6401
37.6443
25.7101
26.3743
34.0164
24.8055
25.5748
24.6232
26.0058
25.2986
25.8448
25.2064
26.0744
25.252
24.4204
25.1744
24.9065
38.3953
24.7983
24.7465
30.7446
24.3681
29.3977
38.2585
25.1604
24.6139
24.5737
24.4114
25.9964
41.7732
25.4498
25.6321
45.1263
26.1247
26.2673
27.6509
27.2199
24.5591
25.1897
29.8338
25.4721
28.2957
24.5532
26.5838
24.259
25.7374
31.5571
26.606
25.8513
25.3419
24.915
26.1723
25.624
25.2556
24.9297
25.5086
24.9978
26.0554
26.502
41.8539
29.3717
25.9659
44.9149
25.8516
24.9751
25.4561
25.9786
24.9451
37.5287
32.8925
24.8082
24.2194
24.9566
24.5514
25.6736
25.6932
25.8321
25.1674
25.0619
25.978
49.7007
48.7217
45.268
25.5187
23.8244
25.0251
24.3878
25.9357
24.7963
27.2335
25.0818
37.2913
23.6034
25.8593
26.3101
25.4205
38.2024
30.8749
25.0748
24.2369
26.4318
40.4853
32.9793
33.7365
25.466
32.581
30.0256
25.8437
25.0107
24.4921
25.1182
24.4918
24.576
24.244
24.9782
25.2116
27.1692
37.8421
28.4076
34.9708
25.321
25.0269
25.404
24.5044
24.0821
25.3771
23.6857
24.9259
25.4085
43.1582
25.7979
25.3864
30.1431
25.3426
25.2672
25.4005
25.0632
24.3732
24.3659
25.5546
25.5369
26.4852
25.7983
24.9239
36.1455
34.7663
26.1743
25.2133
36.8005
38.3846
25.7052
34.3108
24.798
39.6582
25.543
24.9828
39.9311
23.9272
27.4771
25.1045
46.9361
29.3754
24.077
26.5042
25.1369
25.2022
24.6826
24.5536
37.8395
24.7226
25.8102
38.104
26.7224
35.9925
24.9533
25.4433
24.8103
26.1075
24.6991
25.2613
25.9071
25.8743
25.6166
25.5715
25.3722
26.1191
25.9931
28.0832
24.3016
25.4651
36.0879
26.2259
25.6627
31.542
26.8618
25.7703
26.985
25.6519
26.3812
24.9503
26.317
25.7887
25.565
28.7274
26.4957
25.5705
25.1607
25.0776
24.5189
25.0438
24.318
27.2533
38.4242
26.5504
25.8986
25.0015
26.153
23.9401
38.7488
30.9112
31.4022
37.4852
38.4188
31.6314
26.7475
39.4445
47.5028
25.661
25.847
25.6783
24.0501
24.8565
24.8876
25.5557
25.4412
25.2935
26.2989
25.0896
26.2925
25.9577
24.9571
24.9804
29.5641
25.5355
25.5875
32.9772
25.3049
25.3165
25.2214
25.3096
24.7282
33.2149
26.5909
25.0922
40.8918
26.3511
41.8635
24.5859
25.3858
51.0921
28.111
25.152
25.2183
34.4692
37.8961
25.2025
24.2935
25.1931
25.7251
25.3582
26.526
26.0057
25.7986
26.069
24.5049
25.8917
37.0643
24.9198
25.2789
25.0906
26.1596
28.5947
26.1377
23.9066
21.8119
33.2513
31.5355
27.0242
24.2918
26.5704
25.4609
25.91
26.6476
25.6584
26.1857
25.3526
26.379
29.3498
33.2264
37.9773
23.788
25.9278
25.052
34.0278
26.3179
41.5778
24.9842
38.6761
25.7465
27.5108
25.7748
25.7512
45.3672
29.6765
26.1736
26.0885
25.6373
25.5575
26.0508
25.8413
25.9693
30.7576
26.5992
27.0364
25.9573
25.1733
25.3472
29.7307
25.1783
25.1238
26.1546
38.5623
34.5552
39.2884
24.9104
37.1038
26.0965
37.6755
25.5495
24.9318
26.1772
27.1525
38.5726
24.3717
23.737
25.9606
25.9423
26.1971
25.8532
25.9798
24.8665
40.7051
25.5001
25.6584
24.8607
24.1169
24.8357
26.2412
24.8259
32.0021
25.6733
28.2429
25.3399
31.5612
24.3079
39.6659
27.9049
27.1317
26.0078
28.5957
25.717
54.0909
28.5334
24.71
25.1782
44.276
36.131
37.4557
26.1252
26.0143
27.688
24.841
25.7065
37.1334
37.1772
25.1137
26.8384
24.0102
25.0116
25.0876
26.7293
25.8096
24.7244
32.1249
25.6193
25.2737
26.8088
26.6941
25.9065
38.7187
38.2642
25.7118
36.6505
33.2785
29.8158
25.9621
34.1559
27.5502
25.2904
24.0137
33.9423
26.5234
35.3448
25.6523
39.5174
38.3063
25.845
24.2774
25.5462
24.6774
27.2554
31.5846
39.4124
24.4318
25.1266
35.7071
26.5958
23.4368
26.0623
25.183
25.9277
25.7808
24.609
26.3149
25.9604
27.6136
36.7582
33.1973
29.3303
28.1912
25.5677
25.1148
28.0563
26.6334
25.5178
26.0421
43.7946
26.069
25.4678
27.5199
25.7091
26.4861
30.3643
26.2252
27.6414
27.4994
38.3781
45.5685
26.2191
26.3666
26.5844
27.2881
26.2898
27.378
27.9636
26.5611
27.0132
28.2734
30.1145
26.9001
28.7511
44.0631
30.5334
27.1976
28.1909
31.0764
29.4414
28.1537
41.2104
50.8974
28.8301
26.6421
27.3687
27.0352
28.3198
26.8739
39.394
28.5265
27.5205
27.1685
28.1197
31.2336
28.3064
39.1077
29.9304
29.024
27.4271
28.1965
26.0973
37.7706
30.5299
42.8437
28.0907
28.299
29.5927
29.4083
28.2747
46.8341
27.1678
30.191
38.2153
41.0601
26.0984
27.7423
33.5598
27.5851
29.1007
26.732
28.8412
27.0702
29.2038
27.5145
42.2261
28.2436
26.3933
39.8371
27.42
28.3855
27.6122
14.5004
26.9826
27.3434
29.0833
49.4997
27.2132
27.4506
30.0002
32.4187
26.9754
26.9098
27.0889
31.2728
31.5994
54.6286
40.58
37.5258
25.7596
26.2236
26.7336
38.2914
35.8009
26.6659
28.1316
27.3329
27.0548
26.8925
26.041
28.6948
27.6491
27.2917
27.8754
13.6613
27.9693
26.9374
27.1515
46.2473
37.0088
36.5324
37.8524
28.8728
26.2772
28.9256
28.4618
28.466
26.9776
26.6444
26.3723
45.5821
28.6492
27.2589
29.005
27.0494
26.9008
27.8815
34.6468
25.2554
49.8543
29.0442
25.8334
25.8122
31.6513
24.8541
39.0656
26.8061
25.3768
37.1827
26.6325
26.8821
26.6349
26.2223
25.4722
34.4424
26.3039
25.1598
54.6108
28.8618
26.6444
26.9138
24.7052
25.1627
25.8108
30.365
32.3445
34.5605
32.3976
26.0485
26.4861
26.0913
42.419
30.1301
26.3818
25.9613
25.8744
25.708
27.6477
25.8032
26.0904
27.0599
39.3429
26.7342
27.0643
28.6104
26.9316
26.6858
25.9959
26.3758
25.7526
28.3165
33.857
29.8546
34.563
39.8698
27.2908
25.9234
38.7799
26.0542
25.0557
25.5686
25.6742
38.8772
27.6923
28.493
38.5618
38.5621
26.4864
27.9712
26.7579
26.9698
29.9981
29.407
27.3964
28.4372
26.111
25.5088
27.0125
26.674
47.1572
32.5121
33.603
26.4181
27.737
26.8111
29.1161
26.9562
29.1842
39.7644
43.2678
38.8043
26.9678
28.0138
26.8981
25.9613
25.8828
27.3258
26.6399
27.2874
26.6015
26.4455
28.7014
27.3681
27.574
40.5545
28.1752
27.7202
28.1464
26.9541
27.1384
26.7902
27.9271
26.0657
28.3213
26.5511
32.4435
28.6107
28.9519
27.7876
37.9372
28.2556
42.312
29.0418
28.8207
29.1398
26.9722
27.3509
27.7468
28.8119
29.1275
27.3198
43.1331
28.4358
26.4925
40.1047
26.639
29.1618
36.7728
28.6688
37.5375
30.0138
29.0025
26.6723
31.0258
35.7223
28.7446
28.1527
27.196
30.3931
27.394
25.9298
39.9473
29.056
27.3303
29.3762
29.0663
29.3793
28.8405
29.9421
31.5322
29.1797
29.8429
38.6624
54.275
42.3755
28.7912
30.856
29.5448
29.193
28.9245
31.0158
63.8493
30.7951
51.8445
29.6826
32.9511
29.2966
30.8549
30.0894
31.4601
30.2028
29.4377
29.1582
28.2578
29.1882
29.3952
27.9459
27.9658
45.1136
29.1542
28.3258
29.7499
27.8678
35.764
27.2812
27.2851
28.8885
29.64
28.472
29.3315
28.2424
28.2782
32.6719
43.5167
42.5383
29.581
30.3933
30.0528
30.4123
33.1352
28.5227
29.4115
28.8076
29.3953
29.1568
29.5005
43.2257
30.417
28.6864
27.601
31.1083
28.2447
29.3138
30.1679
29.9399
46.6172
34.0226
41.6385
29.6855
30.7847
29.5499
28.6237
29.8792
34.981
29.2306
28.962
29.0987
47.4357
28.6163
29.6148
39.2748
35.0633
30.4733
36.9551
37.0587
42.4233
29.9981
30.78
42.7476
30.816
37.5202
30.292
28.1235
30.1184
30.0785
29.4648
28.1688
28.5068
40.8385
39.0426
29.3286
33.8868
40.4606
27.9527
44.9976
30.333
35.3394
30.6395
35.4132
30.0697
29.5465
47.9055
27.7683
29.8005
30.0905
29.237
29.034
48.1086
30.355
29.2319
29.0313
30.1029
30.2679
30.3325
38.0446
30.6459
29.7082
48.333
56.7369
31.0864
28.953
38.8747
31.3619
29.6243
28.1777
29.644
29.8093
36.1049
28.6793
29.6767
29.0834
29.8144
30.1312
29.8645
31.4317
39.8535
63.5599
30.9072
29.9338
30.4428
52.7818
30.9927
29.3776
28.8965
32.0343
30.7403
47.2431
30.1692
28.5155
28.6879
29.9726
28.9386
29.5544
29.4762
29.6719
29.5349
36.7224
29.6792
29.3369
46.7224
32.9906
30.7133
28.4055
41.8875
48.262
30.9921
30.3915
29.2369
28.5594
28.4513
28.4795
27.4447
29.5284
29.3576
32.3511
28.1112
26.4068
29.5131
28.9222
27.0124
27.5918
27.841
28.0739
28.3106
27.6447
27.8299
27.9384
27.8154
44.1258
27.3293
26.5685
34.198
28.5663
40.8175
26.3389
30.9919
29.1152
30.5152
44.6613
27.7649
27.7201
29.0451
27.6921
29.6862
49.7066
29.0628
28.2997
39.4474
41.1898
29.9784
28.2668
27.8895
28.5061
46.7193
27.6082
27.9788
26.6425
27.3832
27.5201
29.2049
27.3383
27.6017
27.7566
27.0913
26.8759
26.7609
27.3326
28.6109
26.6322
27.3583
27.8919
51.5504
28.1155
28.8317
35.5831
27.8297
29.8639
26.4792
27.4287
28.4898
28.4756
28.5525
28.1119
29.9974
27.1659
27.3566
28.066
26.2573
28.0441
28.4814
26.7432
28.347
28.3055
27.9542
28.8095
27.0374
27.5602
32.026
34.3936
27.8765
34.5797
27.9151
31.9385
28.5618
27.7473
27.2788
28.0726
40.1248
32.1603
26.658
44.2605
27.5906
28.4045
44.3284
34.2902
28.5172
28.3411
40.9417
43.7078
41.8857
29.7869
28.0303
29.2774
33.9651
28.7891
27.7756
28.6328
28.4383
29.7768
28.4718
28.5769
27.8777
29.5454
28.2577
28.6771
39.0664
29.3152
44.7709
29.4526
29.6551
28.8095
51.4399
41.4778
31.7803
49.3418
29.1711
28.9152
27.6823
29.641
53.0067
43.0415
27.6031
27.6816
26.9205
40.493
32.8097
27.1372
28.9551
26.3557
27.841
36.0116
27.6853
28.1725
28.374
37.461
27.3268
33.427
27.7698
25.5458
27.407
27.7108
30.3005
26.7666
27.687
25.5611
26.2951
27.478
45.2745
31.0648
28.2089
36.3924
27.9238
27.9832
26.2668
26.2794
28.2741
27.6378
59.1699
28.0606
27.1884
27.6211
28.2193
27.1236
27.0139
41.6709
26.8981
25.8503
35.5207
26.0838
25.9351
27.4171
26.1598
26.6804
26.0125
25.3435
38.0641
32.3401
27.2716
27.4362
26.6712
28.143
26.8939
27.1661
37.2323
29.6405
27.6849
28.7391
52.1948
27.7349
47.581
28.891
27.3178
37.8839
29.5771
34.118
27.8188
31.8237
27.9887
37.8814
27.777
35.8359
28.8725
26.7477
42.5548
29.0094
29.9881
27.5206
27.9142
26.6723
26.9776
26.7095
28.0527
28.6035
49.5001
29.1039
26.8289
28.7948
27.7008
29.7416
28.3303
27.3803
27.6851
27.8842
28.0812
26.8309
28.2091
28.0784
33.0602
28.9583
29.1658
36.2162
28.6345
30.247
28.6935
43.5072
29.3415
28.883
28.7432
28.2818
28.1894
27.925
28.9637
29.2119
28.7798
37.4031
50.0881
30.3758
28.133
27.2485
30.8533
27.4798
27.9268
29.1152
29.4675
28.1706
27.9516
28.8993
28.0944
26.5584
47.8725
29.1988
28.583
28.2345
28.9286
28.3727
31.0356
32.0135
35.8321
27.9542
29.6768
30.137
30.8154
28.6465
30.5402
30.5954
44.6074
30.2473
27.9609
29.9009
39.0595
30.5704
29.0628
65.022
30.8928
28.6169
29.6946
28.3122
28.3632
28.7877
51.012
28.8654
29.2537
34.0399
29.3569
37.5755
28.3239
27.0258
29.7973
29.7832
30.802
29.1775
30.105
51.5222
31.3878
46.506
35.0199
29.7337
28.4921
28.4003
30.0725
30.9996
30.0674
29.3032
29.2338
30.5236
30.0925
29.6584
51.3982
29.2743
30.1603
30.9513
39.3283
30.4497
29.0445
36.9863
29.4884
28.4855
48.3776
29.5026
30.6269
29.6355
29.2849
28.9324
29.837
32.7997
29.3127
29.3405
31.9538
39.9076
28.9379
29.7074
31.236
29.958
28.7805
31.7584
29.1394
37.9251
39.6289
37.608
28.1181
29.0721
40.9813
29.4525
36.7815
28.6768
44.9825
38.6361
28.0607
29.1733
48.6146
28.7844
29.2354
29.065
29.5974
29.246
30.2131
29.4646
28.7705
29.741
28.6268
29.141
29.462
28.7715
29.7417
36.3355
29.6369
27.9622
29.1133
29.4705
30.5207
44.8946
46.2193
29.2966
28.6948
28.778
27.9938
28.362
29.2052
29.142
48.9394
30.8264
33.9769
30.2695
28.716
55.5271
34.4053
28.2572
30.0647
29.6622
29.9477
39.7516
29.2375
29.9782
32.116
27.9998
30.0602
27.7333
28.9241
28.0859
29.721
31.8337
28.9001
30.6761
29.4346
27.8779
27.2984
44.555
29.3546
46.2286
30.0306
29.6481
27.2485
46.5033
28.6188
27.5498
29.9408
27.4459
27.9755
28.5001
29.0827
30.5313
29.2235
28.9816
44.6333
40.1589
29.335
28.3126
39.8122
57.6476
30.7911
29.2703
46.0041
30.8474
30.5515
28.1773
32.115
30.1085
29.6913
29.1024
28.4097
29.4172
30.835
27.885
31.3942
42.2059
27.0397
29.0971
37.274
28.1081
32.2129
39.3441
28.5781
26.7706
28.7977
28.9528
27.416
29.6242
28.5195
28.2858
29.9441
28.5039
27.3543
27.8207
29.5731
38.9026
27.8748
42.2188
40.2746
26.5074
27.4637
26.1602
25.2401
38.6135
27.7309
27.5627
27.8837
28.5802
27.4496
27.5757
27.9307
27.7447
25.8521
26.0231
26.8428
27.316
26.4342
25.9997
27.4414
31.9132
28.6765
26.3198
28.3536
42.6159
27.3248
26.8182
27.5918
49.8875
27.9052
25.9501
46.5649
26.1959
42.4086
35.0476
26.3915
26.8641
31.7768
29.6877
24.4037
26.4413
40.6768
27.0326
26.6592
26.1149
25.7035
29.1416
27.5164
27.3691
26.5159
45.0101
35.168
28.1887
33.9073
27.8723
28.5153
28.1455
27.0207
29.0765
27.2217
44.5413
33.2329
41.6281
28.9803
35.9463
26.9359
27.1958
27.7555
28.2287
43.7227
26.1877
28.1011
27.7866
27.9962
34.8757
27.9129
28.4913
28.1767
29.7921
28.4424
27.3348
28.5741
28.0048
27.9903
30.3353
29.702
35.7697
29.2663
29.3737
28.3702
28.3167
28.9037
27.6319
29.525
27.2518
28.5793
30.0124
28.0182
26.8589
37.1543
27.9416
27.8173
48.3424
31.515
28.5405
28.2915
49.1714
29.405
28.4643
26.743
36.7591
37.4586
26.6771
29.0145
27.3312
27.2824
29.7901
27.7886
27.2572
30.514
29.4203
28.3989
39.484
28.1327
29.0737
28.3078
30.3214
30.29
27.9601
29.2224
30.1753
30.9077
29.0534
29.6391
28.185
28.2587
29.6933
29.1278
55.626
43.926
30.1536
29.2078
28.2342
40.9555
27.8544
30.2977
29.7442
30.5072
27.5593
29.233
30.2975
28.3482
28.1209
26.8899
26.9227
27.4775
28.3399
28.4532
29.0852
28.7578
29.2835
28.3083
29.0049
32.2506
29.1248
28.0943
26.3147
28.0243
45.1065
29.8479
51.9993
42.6914
30.1232
28.5467
28.4679
36.3585
29.2452
28.0616
28.7783
28.6529
27.5039
57.7557
30.2248
28.5418
29.4074
28.6284
27.3538
33.3399
28.9877
29.0384
31.4425
30.6314
28.2882
27.2295
28.8582
28.1416
43.6168
29.3875
28.5923
29.3063
27.8718
37.9787
42.438
28.2145
33.1959
30.9235
26.9926
28.2703
40.132
28.0067
32.1945
29.139
29.1295
39.177
37.9914
31.6463
28.7201
27.9924
28.8437
28.8212
29.3404
27.124
28.0936
41.6337
31.472
30.0261
29.6697
44.5241
43.6131
28.4698
26.8218
53.3756
30.8952
27.0189
27.8002
27.4681
28.1947
47.4521
28.7532
27.8276
43.4834
34.96
39.8876
28.9357
29.3102
27.1041
29.2889
37.7415
29.6514
28.1885
27.9508
28.9963
28.3495
28.6916
49.9796
30.5167
29.767
28.3702
29.9521
28.3912
28.4073
28.6685
28.8846
31.3082
28.5279
30.3781
40.9472
29.2481
29.715
37.6164
28.9707
28.5954
28.7466
29.5283
27.9252
31.8028
30.163
30.7461
30.4555
29.2353
45.2591
29.4921
28.8276
43.7096
28.144
34.7939
29.1257
30.7836
29.3399
31.5739
29.1123
29.3835
28.936
29.7092
31.5219
29.7477
27.9186
28.4506
27.5019
29.1009
28.479
37.0049
27.191
27.9284
36.8183
29.1604
29.6344
30.2118
29.9941
29.3579
54.6504
30.7272
30.4834
58.1071
44.8714
37.6952
33.0027
38.9764
40.6253
31.1471
28.7405
29.3062
30.2367
41.463
30.1618
31.6155
29.7853
45.1508
30.8956
47.5775
31.0802
30.7497
29.624
29.7451
28.8419
29.9188
29.8185
41.5522
33.5937
28.8571
27.8457
28.2333
29.6281
28.1885
31.2302
29.9952
32.0936
30.6527
27.2013
29.5409
29.3821
29.5754
31.1796
29.6896
27.876
29.4575
36.1784
29.7894
30.9431
28.8694
29.9144
40.9485
29.1718
28.909
30.6246
39.3649
28.5122
29.0041
49.7537
37.4511
43.3196
32.6761
29.0918
29.0267
30.9534
27.1989
28.7211
45.9655
32.2065
28.674
29.861
28.5206
27.8573
30.6306
29.4454
29.506
36.2337
29.9582
50.0522
29.8146
30.302
29.8861
29.3807
28.8748
37.7442
43.4908
30.4346
28.6854
28.4355
36.1588
30.8119
29.6024
28.7855
28.6886
31.1988
29.3533
30.2259
29.1213
29.5478
27.8878
30.6076
29.8682
29.8746
27.6146
26.9349
41.1556
31.3369
28.2726
28.6078
30.2604
27.6554
30.6524
27.1971
27.2236
27.8277
27.6648
29.142
28.228
28.1461
27.0111
29.3321
28.1866
27.7195
29.3168
28.115
27.1893
27.3398
26.6609
26.5174
26.2914
25.4397
35.1804
29.9613
27.0843
28.2851
25.9748
33.003
38.1727
28.9412
26.5595
26.1719
26.4033
25.8529
26.0737
27.3184
26.9023
25.6078
27.0204
32.5766
41.4461
28.8859
27.6452
26.1483
26.1925
26.7885
26.0541
26.304
27.1843
30.5899
26.8707
27.991
28.4789
26.1172
25.8984
26.6524
32.9434
27.8171
27.3482
26.9253
26.4876
33.3124
27.3006
26.9131
27.1613
27.6529
26.3248
34.9713
36.808
27.9272
28.8427
42.2402
49.8047
29.1076
40.7156
28.6353
26.4153
28.1554
27.9993
27.394
27.8735
36.7451
27.8815
29.0411
27.926
28.2551
26.9422
28.1253
27.4645
28.2855
29.6537
28.5694
36.277
27.9631
27.1464
29.5078
27.6148
28.1957
29.7467
27.361
28.4263
28.3294
31.7547
28.846
26.9059
27.5754
28.7219
27.8693
27.4825
27.4722
28.4354
34.3958
29.343
28.4805
29.2218
28.5822
29.0803
27.9803
29.5626
27.842
30.8238
36.8367
29.9833
26.6503
28.026
30.4807
50.0971
29.2642
30.4826
29.4311
28.8492
27.9371
32.436
30.969
38.1311
28.4809
29.3533
28.9561
27.5702
30.7928
28.4009
28.5887
28.7651
29.0085
27.9587
26.8661
28.9449
27.9083
34.6491
28.5386
26.4068
29.2376
28.0337
27.4882
47.8081
29.8937
28.1793
28.1399
35.2811
27.882
28.6356
28.1922
28.7969
41.8752
49.013
40.2947
28.3766
36.8366
31.1283
28.717
30.116
28.3054
44.0168
29.7436
33.524
42.1583
30.1888
31.8246
45.4057
42.7534
31.2225
27.4966
55.9374
31.9979
29.1511
29.6106
29.1516
47.3545
29.4887
28.1333
37.3939
39.272
28.0345
49.0179
34.6559
28.1821
27.5676
28.0258
28.1526
29.5234
26.7317
28.1807
27.6059
28.8898
28.9017
27.2157
28.7798
31.7114
28.9804
29.698
28.4147
29.9995
29.5995
31.1341
35.0553
28.8425
35.3926
30.1837
29.0935
46.669
41.2646
35.7339
48.7721
31.6506
29.5078
35.0597
38.8438
51.3369
31.1247
43.6409
42.5545
30.5481
29.8534
29.0299
30.1659
31.0066
31.1158
59.8912
31.2872
52.0717
28.5647
43.6954
35.1103
29.8856
29.3827
32.6605
29.7257
28.4764
39.0174
34.4238
30.5499
28.9555
33.5342
29.1662
28.2296
30.2788
41.4667
44.2409
29.7664
28.5343
34.911
30.3878
29.1666
29.3921
41.8982
30.2488
29.5917
29.0919
56.0231
45.6562
43.3442
31.6802
29.269
29.3706
28.2316
32.0956
38.1854
35.7218
28.8465
35.2092
39.2441
40.7345
37.4533
28.5906
28.4321
28.7377
27.932
30.5687
28.7025
28.4904
29.9688
26.1534
29.4369
28.4596
33.6046
28.1716
29.008
29.4178
29.9637
29.7559
29.891
29.6809
29.1462
28.5747
29.3875
31.5922
29.3869
29.8949
29.5993
27.921
44.7169
29.534
34.7455
38.8056
30.0947
29.9749
31.7558
30.242
28.5213
28.3286
28.9579
29.3646
28.3419
30.1968
28.3588
29.3743
38.511
29.8299
30.0712
41.6867
29.5953
29.6988
28.6431
28.8138
29.0679
34.0374
27.3545
30.3409
34.54
51.4263
31.4851
30.6243
28.9952
28.4089
29.6069
29.4562
29.5952
28.0067
42.3431
44.7115
29.3889
29.7817
29.9232
45.6851
39.2554
29.3438
30.2233
34.8599
29.5477
31.6987
29.9387
29.7982
35.4577
29.5165
44.1035
29.6066
30.5814
30.547
63.7575
30.9525
29.126
35.5104
28.9554
29.4083
50.6552
28.7276
28.766
29.0205
28.3947
29.6021
28.7698
30.4306
28.4719
29.1575
29.1138
34.7084
30.4887
28.9638
28.9808
28.8646
29.6537
29.3144
28.7602
50.2816
29.1728
30.6387
29.1182
30.6294
28.5242
29.0265
28.1819
29.1472
29.1315
31.025
28.3554
36.9555
43.9229
30.3662
28.814
47.1833
44.3471
28.7274
30.0961
29.0142
47.1679
29.1214
28.8809
28.2437
27.7918
29.3668
29.3984
28.6302
44.2031
29.6385
29.583
29.3352
54.9496
30.2679
41.6532
36.2167
28.5997
29.8368
42.8834
27.7128
28.0503
27.9281
27.2452
42.0339
27.867
41.169
28.2075
28.8325
28.8071
29.6417
31.5662
27.1008
26.7908
28.4988
37.2284
28.4851
29.0885
30.5561
28.3461
27.4178
28.3195
29.1175
28.4793
26.2757
29.2848
30.2327
51.4312
42.2413
27.6809
35.1304
49.1019
29.7021
27.2415
27.304
27.2971
27.4554
29.3301
27.3367
47.2656
26.566
28.4569
28.4284
27.4209
28.4719
49.6314
27.78
28.0244
27.0419
27.5446
27.8604
28.0028
51.428
32.3343
26.6104
29.7552
34.3038
28.3371
28.8536
27.6417
30.2886
27.0912
25.8046
26.6067
28.1447
25.5366
32.2907
38.3003
39.4883
33.8339
45.225
27.4593
28.9212
27.7572
28.0173
26.8212
26.0438
26.8289
26.7096
32.0567
26.833
26.6002
26.0858
26.7608
26.1925
27.1778
32.8168
25.0663
28.5314
28.6706
27.1444
27.2247
26.7397
28.7376
44.9992
27.62
26.3852
44.4095
38.9849
29.7998
26.781
28.197
27.4733
36.3896
30.2322
27.4169
28.1457
28.712
28.512
27.886
27.8525
28.1266
30.6541
35.0516
26.9162
31.5238
45.9544
50.4666
53.6585
28.5186
28.7788
42.2592
28.3238
35.9708
26.7065
25.9195
29.518
28.4298
27.8215
27.6971
25.9334
26.5032
27.0914
27.2287
28.2686
27.4425
33.0386
31.0534
26.8033
29.0306
26.948
28.5734
28.5958
27.1064
29.0912
28.0755
28.2251
27.2155
27.2243
27.9756
41.4995
27.6878
27.552
27.9273
29.7669
31.9525
27.496
27.9738
28.3957
27.9985
27.7953
28.2837
27.0353
26.5714
28.3511
28.6704
29.0663
29.4145
26.9926
33.5636
29.2053
32.1607
28.4555
43.1425
27.114
26.8514
37.6678
27.9169
26.826
27.9414
27.6264
27.1243
28.5968
27.394
28.0655
40.0842
27.2898
28.2255
27.5187
26.9653
28.879
40.8582
28.6948
28.0719
29.0536
28.4588
28.3786
28.962
27.8727
29.1652
28.9608
27.7102
27.6825
27.3559
29.0366
28.0166
27.572
29.4435
28.4438
28.7525
31.3504
29.2526
29.2294
32.2544
29.2449
28.0753
27.3301
26.5586
33.5418
29.5409
29.0863
29.4261
28.8554
29.3225
30.5886
38.6821
56.5238
31.78
26.3394
26.3511
28.4562
55.8297
33.4415
27.8734
27.0573
39.1554
30.6335
28.6195
27.898
28.021
26.3283
36.4427
48.0653
27.3739
28.048
29.4168
27.1953
29.7568
33.263
29.1419
27.5443
30.6972
28.7562
26.559
29.222
27.9293
29.0037
29.4759
28.0534
27.8199
28.221
28.3627
26.9084
27.9055
38.431
33.1521
44.3703
45.5092
28.2194
29.3516
29.9386
27.4662
28.0939
29.7165
28.2367
28.1876
28.2872
30.8938
30.0936
27.8741
29.3267
28.4239
27.8052
29.3658
29.782
46.102
42.2104
29.9545
30.5491
28.2862
27.8926
35.0505
28.4515
32.6365
49.3319
47.776
31.2897
31.0677
35.798
30.5636
28.9306
29.7924
29.2378
35.8806
28.7051
38.596
29.5764
43.0278
30.1923
36.6817
40.0961
30.814
26.8034
28.5396
28.9943
45.3832
29.0355
28.0828
29.1251
36.3121
28.7087
30.2006
29.0545
29.2148
30.0421
28.8516
29.3202
28.7664
29.1029
32.7091
39.5747
29.4156
29.1729
29.5377
28.9691
28.9725
30.8493
28.5836
29.2245
30.4304
30.5273
29.4152
30.1637
28.8154
31.9972
30.2978
28.8416
29.1247
30.4739
42.6067
32.6983
36.5928
30.2636
31.2022
30.2755
51.2916
30.8067
30.0176
29.7734
30.3667
30.2818
30.4285
30.8872
31.2524
29.9048
29.5564
28.7392
28.8955
43.995
28.9343
31.1336
29.3976
29.4525
48.0086
32.4618
34.8332
27.6767
48.8685
41.7338
47.871
30.1172
29.1233
43.0442
29.1875
28.4988
27.829
27.2362
28.7601
36.7253
42.8567
28.447
28.4165
30.9702
30.9356
29.2418
28.5555
27.5235
27.4501
28.2505
36.509
28.0145
27.9258
27.9675
27.486
44.7228
29.5887
32.1774
33.0709
27.6626
41.2159
29.1009
28.2251
29.0558
29.7919
30.7692
33.4476
31.3029
27.4344
32.404
28.4402
53.9898
31.9916
28.6096
27.9966
28.8427
28.2758
28.7262
27.8844
28.0924
27.8341
29.0375
27.9385
27.8285
29.8431
28.7118
28.7053
28.7681
38.524
46.6369
48.1128
28.7266
27.6686
28.069
28.5969
29.33
27.4667
27.0366
29.8427
27.2303
52.1088
28.9714
29.3344
29.5475
28.2402
27.7502
51.7111
29.6639
28.9529
29.6146
28.5194
28.5946
28.3963
43.8331
42.689
52.5816
27.5975
28.225
28.0576
43.9728
37.4217
29.5343
28.3675
27.7538
51.1277
29.8883
29.6929
28.3551
28.8152
29.1762
28.4225
30.39
30.7158
42.3006
28.3176
28.6074
28.5934
56.2041
34.2158
28.9394
28.461
27.9322
29.5542
27.3735
26.6778
29.4398
29.4489
28.7467
29.3378
29.427
28.7067
28.6204
28.3776
30.2775
28.5075
28.3334
27.5044
29.0408
27.8469
27.389
27.7772
27.5859
27.7234
27.2264
29.8343
37.2349
27.6998
29.8707
26.7969
32.5608
38.0219
27.8013
42.7595
29.4633
30.236
44.7679
29.988
31.3103
30.0044
26.2111
30.5117
33.4028
43.3042
28.6878
27.078
28.5528
31.0876
27.7583
28.2756
28.0678
27.5818
26.6964
26.9131
27.8737
27.6966
27.4204
27.5185
26.5749
27.6624
29.7371
28.2058
28.5608
27.976
28.4373
29.5576
28.6181
42.0465
29.5197
28.9246
28.7836
31.1782
55.5427
28.2944
28.5083
28.7091
34.9154
28.021
27.3685
27.2547
30.2459
30.0316
28.4632
27.5278
29.3787
28.3359
28.7078
27.8363
29.1638
42.3675
27.571
29.2639
28.3477
28.4509
27.9618
27.767
29.65
29.1155
27.9862
28.9357
28.351
29.2056
27.9169
28.9172
28.8543
28.3554
27.7205
29.1101
29.3013
41.8384
46.3561
32.882
28.8316
26.4978
28.3335
27.3757
32.7009
30.192
25.6493
27.2625
27.1188
26.9077
27.6052
42.7113
28.9288
28.2061
28.798
28.9683
26.1608
28.6123
28.721
26.2105
43.6655
29.6596
29.168
44.426
29.326
26.2303
30.7437
27.4191
28.9777
28.1469
29.0934
29.2158
40.395
28.0647
28.0668
39.1276
37.3292
43.8508
30.0455
29.7966
28.5999
39.8578
28.8693
45.5035
28.5406
28.9184
29.7544
30.0275
39.0738
30.2749
49.6341
38.2085
39.2981
27.8061
33.2842
31.5069
29.2642
42.7779
29.8759
28.746
38.9834
28.8679
27.7388
28.8318
28.9164
28.6747
27.9862
28.7518
31.744
30.3212
28.794
29.2572
28.202
28.3452
30.6865
28.2861
28.9554
28.5099
28.3864
30.0352
28.7634
28.8297
28.5752
28.387
28.3805
44.3229
28.3842
27.7306
28.0879
27.3127
28.7369
27.6969
28.0102
28.5128
28.6263
27.5444
28.4765
29.7665
30.3028
40.1087
30.0625
28.5156
43.0328
31.4676
36.022
46.3314
28.588
28.2952
28.8394
28.4875
27.3625
27.2571
28.498
29.4618
51.4957
53.5458
30.1318
29.3798
28.8397
40.255
30.1813
30.7069
29.1529
29.9755
29.1164
28.2284
30.0371
29.1079
29.4096
27.9799
28.118
28.2904
29.8356
38.9074
29.2922
28.1874
31.3884
30.1151
29.9392
29.8421
29.6651
28.3308
36.4263
28.3318
28.8216
28.8915
39.0136
30.7511
30.4628
29.2359
28.2046
42.2117
40.4564
34.8885
30.5498
30.1227
29.2147
29.6377
29.896
30.7646
30.1727
30.892
29.8172
35.9774
30.6302
29.5672
35.4116
36.1933
40.7059
31.2309
30.9876
29.2114
29.8011
36.7745
31.4647
29.5583
28.7855
37.7961
33.351
31.1972
31.1028
28.7637
30.3936
29.3316
28.1826
27.7021
30.3371
28.9319
29.2318
45.55
29.1742
30.5072
30.4577
41.5508
28.436
34.1009
30.6399
29.2593
28.6715
28.8877
28.7389
40.8793
42.1085
30.5094
28.7747
29.1146
30.2039
33.7172
28.2441
39.0354
30.7212
27.7918
40.9566
28.904
28.6015
28.8902
29.2128
29.68
30.6722
29.327
29.0057
44.2415
30.166
38.3485
48.1661
46.1105
30.5115
31.2472
33.079
29.3291
31.6864
29.0343
51.3182
29.3578
31.6169
29.0212
31.1571
40.4947
45.3578
32.3772
30.3244
30.7681
29.2433
30.7658
30.8906
30.3379
43.3345
55.4602
31.6652
29.9302
29.3607
29.194
30.0058
28.4062
30.5436
29.0702
29.9357
34.5865
32.0138
59.358
31.6016
30.0954
42.0004
30.7687
43.6554
30.0712
31.2477
29.579
29.1543
31.2527
30.598
30.4316
42.7969
31.863
35.621
33.5757
30.742
30.4504
31.2382
29.9209
39.666
29.5771
30.4468
28.4483
31.3899
29.1755
28.1827
29.3385
29.289
29.8338
30.1962
30.4482
30.1975
29.7
28.5463
28.8646
29.3212
42.6441
28.9968
29.926
28.2845
28.3009
29.352
28.9249
28.9644
28.335
29.5975
27.7022
27.8682
31.6346
49.8993
29.1851
37.5883
43.4786
28.2268
27.5718
28.1707
57.1973
31.6817
43.9209
29.3796
45.3699
35.1187
37.7454
28.3704
27.926
28.8915
28.9062
36.9925
40.6174
28.6914
27.0352
26.9993
28.8065
36.7372
45.7548
29.2134
44.2719
29.3813
26.549
35.9945
52.424
29.0056
29.2512
28.6752
27.7371
28.8774
33.8106
42.0027
29.9179
34.1701
28.4254
28.6208
27.2506
29.9367
27.3934
27.3606
27.8256
28.6781
28.6134
27.3383
27.4481
48.6086
30.1522
29.2586
28.7615
30.6087
27.756
27.7914
29.6912
31.9635
28.7106
26.8463
31.2635
38.8331
34.8643
30.05
29.1966
44.8952
29.5983
29.3421
29.2042
30.0327
27.3432
28.7575
28.7655
35.0439
27.4971
27.8694
37.8643
41.0287
29.2391
29.6616
28.1849
27.0531
28.2946
49.4881
29.0162
27.6937
27.1641
28.2595
29.4795
36.2426
27.6278
29.0874
36.315
28.7693
27.6199
26.9861
42.2652
33.7328
32.506
44.3569
29.7921
28.333
27.3116
27.8077
37.3784
33.3495
27.6972
44.0088
27.5294
28.3113
26.7763
25.6567
24.8034
28.3547
29.913
28.0223
28.7132
30.1086
34.4846
28.3079
30.4456
28.0921
46.0571
28.347
27.5692
29.0465
28.3944
27.4179
28.0721
28.2662
29.5687
27.794
28.6554
26.8586
28.3001
28.4767
28.0155
28.3901
29.7504
27.4711
29.8171
27.7448
28.4769
27.5228
27.5063
25.8895
24.4184
25.7067
24.7689
25.196
25.3532
24.2341
25.7705
25.1572
26.4289
25.5795
36.3375
25.3604
24.7641
24.8992
24.5373
38.3597
24.6903
24.2577
23.7216
23.7048
23.0138
24.6312
41.2489
40.7599
22.9259
23.9929
38.8143
26.7702
34.778
23.044
40.6259
24.7198
23.7342
25.7798
24.7694
25.2496
29.5222
25.6941
38.5234
26.0186
24.5099
33.0806
31.6049
30.3966
25.6416
24.8501
39.6298
27.6816
43.9174
39.9792
24.9876
25.1851
23.9448
30.4985
25.9294
32.0056
26.7306
24.5811
27.7511
25.596
45.5515
31.501
25.3587
25.9002
32.6807
31.4222
24.9519
24.7559
25.0071
25.094
34.1429
24.239
56.5619
27.987
26.1908
37.2535
38.4678
35.8412
24.903
24.831
25.41
26.0506
24.7461
40.5422
27.7249
24.8157
30.6904
24.2543
43.06
27.2476
40.1741
24.1822
24.6234
26.3242
25.1921
25.1668
25.6594
32.1921
24.6963
25.9416
24.672
52.9737
34.9891
32.8535
25.6246
23.1922
27.666
34.9697
25.1053
25.8629
32.8257
24.8751
25.1901
24.362
25.3117
22.1682
25.553
26.4533
37.0866
23.7942
23.1938
22.5364
22.9714
47.516