34.8703
24.3282
36.5813
25.0677
26.9375
30.524
31.9062
24.8169
24.9743
24.0734
42.5386
25.2549
25.2026
23.5291
24.627
24.5367
23.6425
25.144
23.9698
24.9539
25.2788
24.9071
25.3722
22.5071
21.8374
27.8663
40.3853
23.4343
24.6599
23.1905
23.8995
32.2795
24.6718
29.1852
28.7904
26.7021
25.6065
24.5683
23.4759
26.0213
30.0238
27.0356
23.7545
23.5219
35.3425
24.4459
22.8095
24.3512
23.6355
27.982
27.8486
24.7828
45.4028
22.2348
40.1427
31.0527
25.0405
24.8013
22.655
22.7052
23.7183
23.379
24.7555
25.1627
24.5789
50.1742
30.3647
23.686
24.2028
31.1855
23.0919
24.2952
24.1664
23.989
24.8049
36.7124
22.5889
49.3897
27.1485
25.8899
23.8528
25.2394
23.863
22.6149
37.9369
23.9391
24.9619
24.9485
36.1512
25.6244
22.1548
25.0081
24.9853
24.3903
24.3103
24.3783
24.8354
24.0108
23.6026
26.3702
26.8371
25.7777
37.1859
25.0784
24.1657
25.3038
38.5734
23.9336
24.3082
55.9719
25.6374
26.4952
24.9242
25.8784
24.3821
24.4362
24.5903
32.1594
25.5919
25.2432
52.893
33.1675
53.4523
27.1287
25.3138
24.6529
25.1111
33.614
25.4675
26.1843
27.4192
24.0533
37.32
33.2507
23.8376
24.5054
24.5463
25.5955
23.5939
24.5284
24.691
24.1433
23.3862
24.5813
22.7953
23.2323
25.0123
25.057
38.3182
30.7187
36.5677
24.8728
24.4655
25.8954
29.6041
38.7967
22.0561
23.6068
29.1935
24.3449
23.6768
23.9159
27.747
31.0972
32.9393
25.9002
24.3697
24.0345
23.9454
23.888
37.5591
29.6888
24.763
24.9116
24.2636
24.8472
26.7282
24.6982
24.4955
31.924
24.6305
24.1887
37.9889
25.9196
26.1322
25.4386
24.6063
26.0124
32.1825
23.5973
24.168
26.6015
24.8358
23.669
34.3753
23.989
24.3879
23.947
23.7819
24.1228
27.478
23.4901
23.5883
22.6842
24.8866
23.6587
24.2989
23.2741
26.0972
24.9511
31.1705
23.5308
34.5563
34.1078
24.2747
26.0439
29.4612
23.731
24.0038
27.3431
24.479
23.4969
24.4618
23.0875
22.7517
23.4774
38.426
25.5508
43.5036
25.5438
38.1566
25.8358
37.2556
26.4451
33.1136
26.7863
25.8039
24.8005
24.8819
23.747
24.9086
24.1223
23.4204
23.5284
25.0182
24.5087
25.1732
24.5813
23.9758
37.4577
33.7563
33.0796
23.8236
24.8457
28.1752
22.9214
26.914
24.8412
23.2577
23.1327
23.0144
34.0957
26.2807
24.3183
27.6417
27.3139
24.7301
30.1801
25.0514
26.2651
26.5393
25.1974
26.1156
26.4434
25.8633
27.4318
25.121
25.5708
27.4568
25.4078
37.5517
25.1003
26.1288
24.2076
32.2336
27.0288
25.3047
23.8541
30.5517
46.2287
30.6017
28.3206
25.9395
25.7632
26.1996
25.0705
28.9838
25.879
24.7481
26.4831
25.8407
25.4547
25.8007
27.0415
26.2506
26.1351
25.4759
28.7635
36.1155
26.3093
28.4025
25.8749
25.9085
25.864
27.0241
25.7722
33.967
27.2501
24.8603
26.2919
28.4821
25.2162
24.7826
26.3861
31.4682
30.4107
23.2986
23.0572
26.0785
23.945
24.1545
24.7912
24.0386
22.9081
26.2734
51.2804
31.2492
25.036
25.8505
25.1283
24.1666
28.3776
23.3372
24.3691
28.6437
24.8074
48.7073
35.5948
35.3532
23.9811
26.0222
46.1666
37.676
26.1152
25.1722
25.5228
24.2073
24.5611
24.0721
34.409
30.8765
24.9364
24.8309
24.5277
30.0364
24.4534
24.631
34.5636
40.3866
44.8119
24.5317
23.6983
37.4307
25.6137
26.8784
41.0591
40.2057
43.5543
25.7279
25.7396
27.2857
25.1545
25.2632
25.4308
25.2844
26.5172
47.2754
31.4093
26.7736
40.2075
29.6769
24.1149
47.8531
33.5622
25.5586
25.3255
24.8135
37.9229
41.5601
26.1778
24.8625
27.6082
25.302
24.5256
24.453
26.2815
23.7827
24.3583
23.7818
24.2232
24.8998
24.7605
24.6465
23.8698
28.0391
28.2917
24.1173
24.0537
23.3116
25.2292
24.3907
22.9544
25.8532
22.6706
37.429
25.172
23.9658
25.3154
24.6829
24.9176
24.552
24.9542
37.6773
25.3821
27.7722
26.6922
24.4722
24.3909
25.884
25.2702
25.5903
25.1155
25.4155
37.1183
29.4563
26.8918
25.2931
26.1586
23.8614
26.1591
24.9479
30.1231
24.9044
38.0035
26.2432
26.3089
25.6329
25.6233
26.4848
26.2645
26.5892
25.4153
34.4972
25.0549
25.0353
24.5786
26.6642
24.7459
26.4813
24.4792
25.3172
44.032
26.7217
27.1976
25.9679
26.4322
34.4305
24.622
25.3155
24.9312
24.5481
24.5615
24.4377
24.7731
24.9621
23.4079
24.4251
38.6644
25.76
23.9425
36.6147
32.3646
25.4236
44.2249
25.1793
23.8014
24.2266
24.8763
25.0678
24.641
24.3943
31.8695
24.3467
24.5468
33.642
23.7698
23.4325
25.776
25.6044
25.8929
25.1526
27.1963
38.4776
25.1889
27.7471
24.0517
24.8521
25.62
26.0625
25.2176
26.6456
25.3498
43.3944
27.4242
26.4686
30.7925
26.4053
25.1436
25.7469
26.8488
29.6542
32.7193
24.5539
27.7792
25.8358
25.2771
31.9954
27.2945
24.551
38.6085
25.6315
25.2355
25.2268
24.7169
26.2454
25.2719
25.3756
25.2655
24.8672
24.5925
24.8531
25.8715
25.2706
36.0026
28.4769
24.5717
31.3829
28.5753
24.0386
26.4385
23.3511
23.8214
25.7446
34.3666
35.6343
23.8961
24.5448
25.8519
24.49
24.506
27.7323
23.9931
24.0192
23.9489
23.8732
23.7528
26.4909
26.1181
25.3908
24.23
24.0584
24.5545
36.2134
24.24
26.0554
25.2684
25.6994
24.6829
34.3185
40.4339
22.1413
21.0324
22.7187
25.3761
24.8851
25.0873
25.1811
22.9669
32.4436
24.4952
30.0547
23.4109
23.5415
23.5587
24.7563
25.2521
31.3244
24.3044
28.0118
24.5517
23.1404
22.7611
22.6568
23.5093
23.9084
23.8159
23.4711
24.221
23.3405
24.0318
23.1218
24.4978
23.8439
23.334
24.4173
23.7922
22.8877
25.5097
36.9502
24.397
29.2828
24.1061
24.3703
24.6028
27.2681
23.3519
34.9998
24.1256
24.484
24.9747
24.2912
23.9497
23.833
24.8352
25.2909
24.2779
22.6034
29.4418
24.7293
23.9425
22.7419
25.7828
25.7267
37.9837
33.0284
25.7459
23.6588
37.9992
35.1452
23.792
33.3589
23.7587
23.011
25.3612
23.7755
23.263
23.5462
23.4144
23.9641
22.4869
23.4235
23.5271
23.779
34.7067
31.3326
29.1236
25.5837
25.1705
24.2709
23.9739
23.9686
25.3873
24.159
24.2036
23.3882
25.6891
24.5822
42.3461
26.8548
27.6085
31.5282
29.0019
23.1311
25.2213
23.836
23.5053
25.299
23.7887
37.8425
25.1536
25.3197
27.02
22.9402
23.6303
28.3346
25.3771
24.3743
20.2905
27.4111
23.8195
26.2134
25.613
37.8522
26.5491
23.0497
27.4613
23.0082
23.5745
34.8131
23.0715
24.9556
23.1334
23.8314
23.6511
23.6415
23.9048
23.307
21.4717
24.0395
27.148
22.461
43.388
23.2113
23.2236
23.1157
22.0939
21.1407
21.5277
22.2005
21.1103
22.1068
30.8228
24.3216
28.9534
37.2508
23.6513
33.6222
22.7734
24.9496
24.4217
34.22
31.5535
23.3647
36.5859
32.7158
25.3988
24.9524
22.8098
22.0838
23.4903
23.0767
38.2632
24.0572
24.0255
23.7646
23.0574
25.5992
24.1547
22.272
23.6679
33.7558
41.9268
23.4507
23.8527
34.9396
39.5805
23.8512
25.8818
23.0492
23.3087
33.5746
28.3354
22.1617
33.723
23.5381
22.9004
23.6449
35.7772
27.6581
45.6361
23.7022
21.5894
23.2864
22.0778
23.1692
34.6988
42.2688
29.7835
23.5468
50.8094
37.3321
24.001
23.1523
23.7761
23.9898
32.0803
22.5064
26.664
23.4994
23.0614
36.8099
28.4419
47.5102
26.5085
36.7256
23.1139
27.7195
22.5523
23.3264
23.5617
22.167
21.6648
23.3445
41.5388
40.9311
25.2585
23.9677
25.4351
24.1759
24.743
34.6323
23.2692
24.2563
22.7073
23.8486
22.1566
22.4367
23.9704
26.5795
23.8169
23.9346
23.1991
23.8119
23.4544
23.621
24.0838
25.036
23.0551
22.5485
23.4831
22.5118
22.6813
23.1021
23.9451
24.3185
48.2958
25.3894
25.5692
24.8671
21.2165
19.8127
29.8514
34.6684
22.2679
22.9598
21.5235
35.333
23.803
35.97
26.4505
23.1145
25.6255
29.5404
23.4167
46.1576
24.836
22.8454
22.0766
21.8812
23.3342
22.8498
22.9046
23.6665
23.2815
23.4703
24.2167
23.5947
22.8362
24.1885
24.6055
22.5462
24.0225
28.1758
22.1466
23.1847
23.2813
22.7441
23.6046
27.7929
25.2654
24.2467
24.6063
26.0213
23.463
41.7888
30.2234
23.7788
31.0613
22.9507
37.1336
23.7984
24.1539
24.3441
35.925
32.6476
25.3407
36.8163
34.0248
25.5005
23.0092
26.404
24.2054
24.1689
23.5164
32.0837
24.3453
24.006
33.3679
35.7658
24.1843
23.181
28.116
29.2327
24.2704
40.8853
23.6401
31.5039
37.461
22.7061
23.7283
24.4093
22.7306
25.2471
30.8561
27.3167
29.5214
30.8673
24.162
29.9261
36.5109
23.9987
24.0388
23.9201
35.3664
23.7033
23.2898
23.2869
27.0525
32.8988
27.7856
23.1894
30.115
24.5977
23.4875
23.5386
47.2493
32.1082
23.4319
24.5658
24.0498
25.4356
23.3617
38.2878
12.3648
23.8459
24.22
23.306
24.3175
24.3407
43.2026
47.8736
23.4203
24.0046
22.5706
23.9408
24.346
25.479
25.7141
22.9874
26.8004
24.0424
23.4688
22.8699
23.3347
23.4592
23.4807
25.5196
49.4042
37.935
25.3414
24.0792
23.7538
25.3703
24.2148
40.3905
24.604
23.9072
23.7378
23.733
24.2858
24.9286
23.3401
23.9987
23.9983
22.2151
24.6686
24.5578
38.4836
30.5771
42.6305
25.4557
44.6209
29.9248
25.0241
24.627
24.9384
24.8754
23.5937
24.0985
24.7487
24.4126
33.6097
23.4931
40.7171
25.3466
24.1584
23.6389
25.2018
34.7639
23.5385
37.3443
24.6133
24.5892
37.0753
22.8792
23.8955
24.081
23.9429
42.1943
24.9224
39.0258
23.6574
24.2174
22.5754
23.5044
23.2069
28.8628
23.6112
25.2076
25.0945
23.6818
24.0462
26.0617
24.685
23.2486
25.8021
25.3748
26.2999
24.9128
28.9971
28.3013
23.8414
23.0666
36.2257
24.2325
23.9069
24.3195
23.4117
25.7298
23.98
29.6285
23.7471
44.4231
26.4628
24.6613
23.7352
32.9461
24.5685
39.9218
26.5054
24.256
24.8799
24.9202
24.6704
25.4386
27.6595
35.7571
23.7345
24.2034
24.972
26.4824
24.8346
39.3187
29.8573
24.4367
24.4428
24.5367
23.5723
23.1006
24.0683
24.6412
24.2129
24.9907
25.647
25.5608
44.2025
27.2938
26.3799
21.8381
32.1268
23.9643
24.5258
24.76
24.7982
24.742
24.5654
24.509
24.0002
24.0591
47.4175
25.4054
23.8427
23.7618
40.8722
36.8661
24.3007
31.5068
24.6281
34.4183
49.401
24.8671
24.4825
24.1299
23.7788
43.0305
24.2296
26.0913
24.7355
26.1496
25.7634
25.2828
23.9497
24.9283
23.8811
24.3946
33.0902
24.7854
29.3893
27.8925
22.8449
30.9632
37.6743
24.8767
24.0027
40.5968
25.0864
24.9636
24.7288
24.5055
29.8007
24.1821
23.8933
23.7468
25.1184
27.3598
25.1476
25.1774
23.9632
31.1089
31.8304
27.0325
25.7533
51.7481
27.1333
24.2916
32.8078
24.552
23.2651
31.9447
24.8245
23.9572
25.4075
23.5525
24.2597
31.3395
21.712
24.1157
24.8441
34.2871
29.8121
27.3706
23.2087
31.6686
23.6223
23.0027
23.2791
24.1175
23.1806
22.7373
24.7121
25.463
24.4987
24.9486
25.143
37.6352
24.9135
32.8554
50.4479
24.401
24.1866
24.8664
24.0997
24.5102
25.1072
23.8101
23.1857
25.1585
32.1051
59.8453
24.8367
26.0524
31.6041
23.9148
23.5112
41.6823
29.4268
28.0779
27.8725
39.4465
23.3278
28.7761
28.0161
36.3618
25.3451
35.229
28.2052
24.089
23.4422
43.5154
37.7763
39.6919
51.1704
28.3278
25.134
34.5406
24.1979
23.8444
42.504
25.1836
24.4925
24.6123
25.1643
24.4269
24.6219
45.4061
36.3201
23.6787
25.3876
33.4573
39.3437
35.2017
38.6719
22.7635
39.6527
39.0533
25.1749
24.3867
24.0636
26.1236
28.594
23.1587
37.1736
24.1066
24.3274
25.1793
35.3689
49.2549
36.4969
29.3347
48.3266
36.7261
24.6588
23.977
23.899
24.4794
24.3032
42.961
23.7614
23.4401
23.6024
23.439
23.5084
24.0638
25.9298
24.0324
24.9394
25.6042
39.7256
47.5617
26.5866
24.5827
24.2985
23.2214
22.2284
24.1232
22.7811
23.3041
25.7615
24.059
23.4463
24.3555
24.2327
22.8342
40.2456
22.7097
24.1647
27.695
22.8295
22.9996
23.0994
23.3889
23.56
25.6035
23.5386
23.7508
23.3745
23.8334
24.6317
33.8921
29.1032
28.6007
24.4146
24.0551
24.4689
29.6668
24.7272
25.7897
23.4012
24.0708
22.148
23.3148
22.6668
22.8504
23.8269
23.7981
22.9759
23.249
23.4351
23.7085
23.7354
23.4344
22.7419
23.1928
23.9873
26.4493
23.2924
23.7248
22.8402
24.3425
37.8497
30.2528
24.3044
24.9597
23.003
24.9093
23.5144
38.5243
23.4021
22.9993
23.4159
36.5393
23.8307
25.05
23.9232
23.9337
23.3829
23.7469
36.6256
24.3706
24.1483
23.2306
22.9103
24.42
24.6322
23.3923
28.6901
32.2283
22.5811
26.1255
23.4357
22.8751
23.7601
41.368
24.006
24.9672
23.7521
23.4058
24.286
23.1223
24.179
23.3586
24.3113
24.5899
24.6719
24.1706
24.7449
23.7399
44.6735
23.6711
25.02
23.5235
41.4323
39.7639
25.1739
25.0786
24.9125
25.4811
36.6183
25.5076
24.463
29.7199
36.4523
25.0983
25.7424
24.5644
25.6437
51.873
28.1947
25.4736
52.8623
24.3787
22.3574
25.5961
30.8456
24.9627
23.8134
24.1413
24.1688
25.4394
24.5805
36.455
33.9214
23.3715
23.8463
23.2439
21.9512
22.7318
24.0579
22.4876
24.4137
22.3712
21.9028
28.9433
38.8809
23.1698
34.455
23.182
38.8839
24.3142
26.6247
23.2915
26.3154
23.2274
26.5239
23.5139
24.7211
24.1181
25.5458
24.9602
24.7006
24.4964
25.1702
29.8588
26.9733
25.0836
24.2084
25.9416
35.4068
24.6814
25.9712
26.7187
34.5374
26.4951
25.0905
25.0762
35.2455
25.7813
24.291
24.1484
35.2335
24.9755
24.5468
25.295
23.4297
43.6537
26.83
26.2666
27.2303
27.0852
25.7529
26.8524
36.3277
26.0465
26.4833
27.2491
25.6034
31.5674
26.4766
24.0686
26.6285
25.7769
24.7939
46.5584
36.9264
28.3866
26.9143
26.1701
25.5015
26.6089
27.9517
27.8454
26.9838
26.2085
25.1425
25.7602
37.7586
27.061
27.6926
29.2759
39.6694
26.6969
25.3782
50.8892
30.6595
27.3271
26.1542
31.9044
40.7949
27.2864
27.9306
26.1148
28.2107
27.001
27.3154
28.6395
27.5137
31.7295
27.7594
27.5228
35.2521
26.3977
27.4378
26.837
34.8375
43.3258
27.8607
26.9633
25.7685
26.4712
27.4862
32.0197
27.7121
38.6824
26.7628
27.4862
26.3086
28.5158
32.0714
48.1594
40.3994
27.9572
34.1326
28.0513
38.54
28.033
27.5711
27.0809
26.2186
26.417
25.9684
26.9746
27.6545
27.3046
26.9307
34.2322
26.9427
29.795
30.7878
27.8146
28.8342
28.3603
27.415
57.7061
28.8978
26.4794
56.2255
28.1756
29.6712
29.9076
27.1128
30.8028
28.1862
26.9481
27.2236
25.7881
29.8685
31.2335
26.819
26.6816
26.4996
27.7158
28.7997
26.0681
28.6048
31.4587
39.7313
48.1173
27.8562
29.4185
27.3152
26.8485
27.2875
28.4708
27.9598
39.2897
28.0267
28.5108
34.5702
29.1148
29.8687
28.7567
30.1808
28.2459
28.2008
28.6636
28.8283
30.2805
32.6223
46.6341
44.3802
31.8214
29.8786
49.0573
31.1994
30.1877
29.9286
36.6523
29.3063
31.5119
30.2425
47.6939
45.1828
32.5385
57.1212
31.3
32.1438
39.4278
31.6026
34.7716
50.2952
32.238
42.0533
32.8753
32.7693
31.9689
32.4037
32.7449
32.259
33.321
35.0321
33.539
57.9779
32.9185
33.5777
31.6301
31.9614
46.6749
31.6422
31.5842
33.5639
34.1562
32.3345
31.3939
58.2499
30.827
31.1508
32.8199
49.2954
46.5735
42.0605
35.2883
35.4428
40.2869
35.9963
36.7426
35.823
35.0446
36.3021
47.0566
35.4627
35.0034
39.5309
34.2348
33.5786
34.3828
33.8571
33.9998
34.1599
32.1205
35.5434
34.0444
31.3296
31.3773
31.3909
32.1931
31.536
29.6002
30.6959
30.3434
42.3776
32.5729
30.3103
28.6463
28.1552
31.5131
31.5796
32.8865
33.7075
33.3402
31.7105
31.5437
32.7507
30.7145
29.5871
29.9593
28.3543
51.4832
28.18
28.3508
27.9839
27.031
27.4613
26.6594
27.4223
26.628
26.6306
26.1475
27.0134
27.3533
26.1997
29.7297
29.6248
31.7206
35.4505
35.577
26.4703
38.5336
37.4766
29.343
27.0517
25.4914
33.2951
40.1637
29.2494
27.219
27.4374
26.9882
28.0992
26.019
29.8874
29.4929
30.8904
28.343
26.9937
28.7824
35.296
25.518
40.4572
25.4124
28.253
30.2918
27.0594
24.7121
25.9856
26.0735
29.1826
26.704
28.1523
28.697
28.5571
29.2688
29.876
26.3302
25.8281
27.3815
27.0679
32.1957
28.1908
40.7725
31.32
29.8509
30.7495
30.4848
29.8161
32.3246
30.5086
31.0553
31.2772
30.3039
28.1765
43.1244
29.3812
29.2364
28.8375
30.9298
29.0828
32.6725
31.197
30.9535
31.0935
32.4681
30.3866
28.6522
28.5383
30.084
29.2558
29.1897
28.079
30.3861
28.5607
29.8082
28.4178
29.9059
30.0867
29.4064
27.3738
28.0554
27.1075
52.4971
27.4356
26.8877
25.9119
25.3145
25.8354
26.3211
27.1272
25.671
25.7146
28.2266
26.6467
27.7731
29.2724
28.2065
29.3516
27.7182
40.775
29.9617
31.5364
59.678
41.4585
31.091
45.0095
29.8473
30.0611
30.0478
29.8677
28.8828
35.948
28.2101
31.4401
49.2452
33.7834
33.5483
39.7571
34.3496
40.323
32.783
48.9991
31.8037
37.8133
34.3101
43.3918
35.2169
35.9775
35.7085
33.5408
39.2681
40.8953
60.1668
49.1421
34.2264
35.848
36.3536
37.2522
36.5663
34.4667
35.055
37.8835
34.8446
33.784
33.451
33.9213
31.1038
32.6449
34.4858
33.1973
31.6508
34.4875
41.5585
34.9997
34.2975
34.3804
36.5073
38.2078
35.9936
42.492
37.995
36.5869
36.7242
37.1289
36.9593
33.7649
35.4987
33.9237
33.4887
44.963
33.1099
48.0304
35.6217
36.9375
35.6109
30.377
44.381
33.5271
33.2841
31.3499
32.6614
39.1594
30.7309
32.2812
49.7078
30.3126
38.9266
31.1616
29.2609
30.3968
31.1006
33.0174
50.9892
34.3207
31.9487
38.2783
32.1639
30.6269
30.1804
29.3621
35.7342
28.2091
28.0274
28.0525
29.2103
27.333
26.0791
24.757
26.3358
27.5598
27.7734
26.87
34.3157
29.3838
28.1498
35.1996
39.1584
40.0094
44.254
39.8439
36.192
41.9469
29.194
35.1003
27.981
44.8498
28.7913
28.2434
28.4365
29.4324
28.7894
29.0125
28.6178
29.1824
32.2535
28.4497
27.0737
27.2234
28.4068
27.9938
26.4632
25.9543
26.1451
25.1308
26.2076
26.369
24.9658
26.623
26.7954
25.57
27.4573
26.8086
25.469
27.3618
26.4909
26.8543
27.697
27.5453
26.575
28.9139
29.1913
38.3221
30.5876
28.0604
48.2349
28.4553
28.3178
37.1182
29.968
39.1614
30.1335
30.0378
40.0345
29.953
28.1763
28.846
42.0914
29.3354
38.6551
34.6418
46.8519
38.5754
28.2112
29.8209
28.3307
30.657
36.9135
29.1505
31.2825
28.6856
29.0209
46.0088
30.3209
38.7597
29.4508
29.6948
53.9262
28.1583
36.7064
27.8988
31.0372
28.0839
28.9634
29.6522
26.8221
26.3311
27.7554
27.8172
26.0151
26.2468
25.3098
32.441
38.2449
28.2956
29.0541
29.3882
28.6502
29.7418
30.994
43.156
29.374
29.9676
29.5421
31.7052
31.3213
43.241
30.9119
30.1403
31.6755
32.2207
48.3043
29.8101
56.6986
44.7211
30.8487
52.1762
35.8391
33.4064
30.6901
48.0566
32.6076
41.8219
43.1373
33.2458
32.9357
31.0043
33.3919
33.3891
33.4424
34.0522
33.866
42.9593
48.2403
37.8625
32.5131
49.8278
34.3337
34.5359
41.8546
33.9484
32.7414
33.9184
33.2011
33.0248
31.3461
32.3604
43.8865
34.288
31.2591
31.4063
39.3611
34.8621
58.0041
43.8661
34.4658
33.2251
35.1748
35.222
61.5351
63.0773
54.5861
36.8932
35.0685
36.1587
35.4089
35.6078
39.0158
34.0963
34.4419
33.0096
32.5574
31.2676
32.0136
31.4643
35.534
33.2305
32.5574
35.2026
29.0598
29.5165
34.7168
31.476
30.2481
45.1295
29.2801
44.0622
33.7792
30.0609
29.179
29.7938
30.1204
30.7501
31.1748
30.67
31.3555
56.7123
31.8815
30.93
31.17
28.6424
28.8476
28.4016
27.8452
26.9847
28.7868
27.2204
29.576
30.2167
42.2842
36.5904
24.9971
26.5431
36.2437
27.2688
26.604
25.4019
27.17
26.9567
27.4329
27.0433
28.7579
26.5478
27.8984
27.8849
49.4698
34.204
28.6557
30.8185
44.6369
30.1264
30.3974
43.2313
54.6507
29.9091
37.1623
40.361
28.1254
27.9493
48.489
27.654
26.9256
30.3659
32.7303
28.131
32.2393
27.6079
27.5726
32.9093
29.2414
38.6505
26.6314
41.6349
27.2546
26.9101
25.9647
46.0521
28.1077
44.7846
28.8657
27.7951
26.6192
31.7141
27.8369
30.0258
27.7318
29.0771
30.687
29.7157
30.4468
30.1251
29.844
31.0788
31.0384
30.9063
33.4952
33.28
35.1759
31.1193
30.2256
31.4054
30.5078
28.9784
30.6825
29.7234
30.1165
29.6251
29.2683
30.0254
29.4832
28.6702
31.1817
29.0606
29.6845
28.9194
30.7152
29.3262
28.7791
28.8595
29.1249
29.0024
28.3486
28.3468
29.9547
27.0756
42.8522
28.0126
27.3938
36.6438
27.0077
30.4957
26.9351
26.1196
25.1599
24.9736
26.2985
37.4874
28.2116
49.181
30.5199
28.1904
31.7575
29.4795
30.0651
30.5759
30.9966
30.0513
30.5012
32.9116
31.2388
32.7248
31.6594
29.5155
30.3466
30.7225
31.1776
32.0185
31.4374
32.1748
34.143
32.1156
32.5128
32.6479
31.7884
33.9795
45.7315
32.6359
32.6044
46.212
32.2734
33.9857
34.1899
34.8873
34.8851
33.9647
35.0231
36.3075
43.5776
35.0754
35.2772
36.1293
36.9755
35.6392
46.2835
35.1709
36.7368
34.8018
33.9814
33.4305
32.9529
32.9001
33.036
31.9159
31.8319
32.2957
33.6558
35.6624
34.6029
57.4039
42.496
36.8203
37.4963
36.637
36.6073
35.3287
36.3738
36.9292
50.1202
35.8239
34.3645
34.661
35.3429
38.4808
45.3249
34.4108
35.355
33.6951
33.8837
58.5929
37.2714
34.3938
33.3479
32.0924
42.4375
31.7451
40.9487
41.1785
32.1383
32.3726
41.6662
31.8255
31.0097
30.9571
31.0474
31.1057
33.9334
33.7506
33.4518
33.2055
33.7758
32.6395
32.7184
37.6226
30.6221
37.246
39.7455
31.7767
31.4149
30.2918
30.9559
29.9294
43.1748
33.2832
31.0001
30.1483
35.6741
31.3782
30.028
28.7387
30.5151
31.5513
30.5254
51.0678
43.2618
32.1196
30.3126
40.7111
29.8046
30.9606
31.2969
29.1902
28.9421
30.8631
29.382
29.0684
29.6669
47.3953
29.9203
31.0869
30.5951
39.9623
28.788
36.702
41.7485
53.863
30.9599
26.8105
26.6089
26.1571
26.5188
24.3161
24.5156
25.5249
28.5224
24.206
33.2034
27.759
35.1437
25.4274
25.7532
25.0408
41.1019
25.4713
27.074
25.8235
42.6538
61.1576
28.6331
28.7063
28.3888
28.9723
31.1462
43.5036
28.7368
33.8709
40.133
33.3352
28.2056
42.4737
28.2264
30.3619
38.3684
28.6055
27.2312
28.4053
28.1046
28.5197
37.816
31.5014
29.7343
28.7746
29.5496
29.8286
27.1362
30.4208
28.5822
27.0221
28.9181
43.2636
31.5595
27.6101
27.4019
41.9133
28.8823
34.0656
27.0125
27.0792
27.1029
41.6001
40.8989
29.5171
42.7967
24.989
31.9213
26.1452
26.4999
25.7346
29.2022
27.8209
28.2566
28.1602
28.3339
46.8639
42.5532
27.8725
28.0642
47.5027
31.4126
31.8242
35.2436
31.6147
41.3811
30.4867
31.5134
28.4724
29.1969
29.7648
29.2128
28.0137
31.2389
29.9137
28.7549
29.5662
29.9692
30.8606
30.692
31.0471
29.6771
30.9808
31.4359
32.508
44.6716
37.1254
33.344
32.7854
33.8228
33.6593
49.6475
33.9045
50.3388
34.7424
34.7868
46.4984
33.9095
33.5563
33.329
34.7611
33.4052
30.2716
35.972
33.0809
33.4418
33.89
32.9621
32.5267
31.2412
30.9213
31.745
31.8469
33.1137
33.2486
33.8029
35.3399
33.791
33.1122
33.5976
34.7154
34.2408
34.2935
35.2884
41.0762
34.4814
32.0409
31.9913
31.4852
37.2122
32.6851
33.3566
31.4676
37.8338
31.7846
31.7582
60.1519
38.5556
31.5707
28.8453
31.6099
31.8299
32.0476
30.7593
31.1373
30.1713
31.8885
31.8553
30.9735
31.9664
32.9279
34.6839
34.0066
33.7384
33.1041
66.6569
34.0747
39.4193
31.5215
31.137
32.0828
29.6667
31.7475
30.3887
31.5495
29.0918
27.9862
28.1076
27.6364
27.3956
35.5942
29.6497
36.5503
29.3606
36.9071
57.2048
29.3203
28.8992
31.2473
28.7403
29.7097
29.3165
29.7997
28.9521
39.1635
27.4509
28.1855
29.7806
32.1171
28.7884
29.2482
29.0387
28.3903
28.2659
30.2675
27.6314
26.6736
45.7019
28.2787
26.9699
27.1958
25.5234
26.1203
25.2247
45.3228
29.5493
25.5107
24.4291
25.0495
26.233
26.3014
40.615
38.9221
25.1379
26.6508
46.1861
26.3654
27.2031
25.6373
28.8179
27.6452
27.4908
28.1914
27.9555
29.3618
28.734
28.6847
28.7315
28.1824
28.6541
28.7668
28.6061
29.0089
28.2594
29.1298
27.5182
27.9399
28.4605
27.6102
28.4036
27.9485
27.6737
39.996
29.4072
31.0867
29.4934
29.6766
28.8979
49.0114
42.5899
27.8385
51.2379
28.7954
28.2172
28.8576
28.4259
29.4357
28.856
29.0906
27.208
28.1373
31.0221
25.5462
27.9841
25.9096
27.2483
27.5674
51.8248
30.2525
37.6061
26.7757
26.2023
25.3208
26.7431
25.7197
28.4835
28.0884
27.836
30.8539
28.1505
28.1007
28.4128
31.0238
29.1128
50.3663
30.7434
31.1986
38.6755
29.6403
40.995
45.9667
29.8856
29.8736
30.7107
30.6205
31.4362
31.728
29.5132
29.7743
60.6909
32.9214
42.2338
31.8723
37.8121
32.9001
32.7482
31.8048
32.6868
33.8034
52.3027
33.7847
32.7759
33.1629
42.5355
33.499
43.1455
34.3443
35.2807
50.1312
51.0025
36.704
47.1408
50.7983
49.822
32.66
50.7594
33.6502
34.9935
37.8994
32.0444
31.3565
37.9364
33.6342
35.11
33.119
36.0857
34.6706
35.7855
36.0513
37.1318
35.9382
50.623
50.9369
35.5752
37.2844
35.765
33.8773
33.7354
33.4832
33.1544
54.0199
35.2063
32.2416
31.8202
31.7562
32.9661
32.5711
32.3576
31.2127
31.719
32.2385
31.2396
39.3054
45.3036
30.9923
30.5033
33.2187
29.2745
31.4743
31.9401
31.3624
45.8752
53.4643
34.2169
34.8042
33.9094
47.5474
30.7514
31.9705
31.0719
44.5511
30.9518
29.1287
30.1569
30.7254
30.0874
36.1658
30.7151
27.843
28.8617
56.1235
33.5938
28.9061
27.2178
27.0239
26.56
26.3088
27.6866
48.6962
31.1874
30.2368
26.6479
37.1897
28.0839
28.0979
28.6088
28.9375
28.8812
29.1422
29.0312
30.464
30.5706
57.5602
30.6242
29.6616
30.665
30.1812
28.7095
28.8855
28.357
27.4964
27.5603
26.7777
27.2022
27.4415
28.0921
28.3033
28.0084
28.3971
27.6314
28.3713
30.0859
28.0693
37.0505
29.6117
28.6379
28.2768
28.3898
28.3108
29.5147
29.2411
28.4162
29.9279
31.9952
30.8
31.2229
30.4241
30.2475
33.0524
29.2691
45.2628
31.125
30.5799
31.7384
41.6707
29.8564
42.5028
30.2442
40.8651
29.8443
49.3692
30.4377
30.0166
31.4738
30.5392
29.0327
30.2943
30.8849
29.6486
30.2489
53.0317
29.7893
30.0241
29.5966
30.5736
29.5433
30.3667
29.1953
44.8266
29.3798
43.9925
40.8234
29.2926
27.6241
30.63
27.5065
28.8944
27.1991
42.3543
50.0152
40.7525
26.3369
47.0105
34.9594
28.7282
27.0012
27.2133
40.3742
44.7725
48.5951
36.6492
30.7147
31.969
31.9247
30.9555
31.3567
30.8209
52.4194
32.4195
69.2735
44.3321
32.5375
31.5737
30.3563
29.63
30.9324
30.0034
30.9319
31.6294
32.1406
33.5285
32.8122
51.5058
32.2317
33.5378
50.6152
34.8691
33.6047
35.9002
34.0303
34.8572
31.695
33.9693
51.515
39.8675
33.238
35.9228
34.8771
33.7848
34.511
34.5093
33.9334
34.62
33.0791
34.5562
37.4993
31.7964
32.5936
33.6894
34.7807
32.213
32.8282
32.9278
32.4671
33.8819
34.5657
34.8806
34.4889
34.5905
37.0126
37.8043
52.5727
35.6882
37.2088
35.1368
36.0092
36.6253
34.1352
33.1748
43.5843
46.8615
35.4573
33.9489
33.5084
32.9743
32.6211
31.5948
31.4347
31.7384
31.0507
31.114
30.5496
32.5608
30.521
31.1288
31.4498
28.9507
29.4213
34.3952
29.1423
42.3515
31.9108
32.0387
31.3426
33.8052
33.4156
31.7751
32.1079
31.4638
32.502
30.3327
27.7888
43.8002
43.5941
27.7915
28.1138
29.1702
27.2109
36.6995
28.8027
30.6563
27.6672
26.9233
25.8296
38.965
26.8506
33.7351
37.0574
27.0974
27.1979
25.5441
25.4693
26.4691
27.1005
33.5591
27.6465
28.1917
27.5657
28.3482
27.5355
37.4508
28.9302
28.5577
29.1698
30.0558
28.6674
30.4166
29.4442
34.9115
27.0788
26.8098
42.4109
26.2892
26.3973
49.9048
27.125
27.5333
31.2872
26.0353
26.1601
26.108
27.4878
26.9149
28.6246
27.743
29.5626
27.6989
26.922
27.9936
42.6671
40.2971
27.9265
53.7962
42.9937
29.2269
44.0553
29.3193
28.4244
31.7822
29.9402
29.5105
30.7068
31.3191
29.6779
32.6704
29.908
30.7016
29.2107
28.7713
27.5363
29.0898
29.4366
30.7539
28.3488
28.413
28.8079
30.0183
31.2914
31.203
30.1351
29.5955
45.3055
39.9046
29.3651
31.9913
27.8313
29.9821
28.0491
29.2365
32.8007
29.0576
28.2566
29.4672
31.2317
30.1326
28.4282
27.3713
27.6556
44.6988
28.3621
27.7695
25.5776
38.5486
25.7683
43.4878
35.0569
53.9906
27.3327
27.1113
28.5607
30.1653
28.8078
29.2018
30.2543
30.4776
30.3126
33.2698
31.3843
55.3938
33.4036
34.3651
31.5386
30.7505
32.5086
29.8433
29.0926
58.9233
28.3498
30.2402
36.0968
30.3768
31.262
33.3802
32.6174
33.3265
34.2322
33.1173
32.316
33.8954
44.8631
47.3802
42.6047
32.7717
34.4101
34.8678
36.6442
34.9125
35.9447
34.9078
35.9455
36.2883
34.4028
35.346
36.0309
55.1686
36.0807
35.0244
34.0331
32.5125
30.832
35.0362
30.8012
33.484
44.4473
44.1047
33.2787
34.0951
34.6382
34.5458
34.2899
33.7229
35.8071
36.7252
51.7813
35.5297
45.767
36.5112
36.8601
35.0343
57.3419
47.1911
35.089
35.8119
49.1186
49.5402
55.145
46.3524
33.9425
32.9035
33.0106
43.0393
42.6368
38.341
31.8958
31.7689
29.34
29.3904
30.0385
30.9036
30.6867
29.6276
31.1148
28.764
29.7119
29.2677
31.7076
30.932
31.188
45.0396
30.1162
44.3011
32.0046
48.4987
29.9339
28.8482
29.333
27.6133
26.9962
26.5715
27.6618
27.1054
26.2993
24.7428
26.1896
26.5074
24.8646
50.4961
28.0528
27.6039
27.1457
28.5225
41.5385
41.6442
27.0504
42.033
24.4961
27.6487
26.7058
29.5562
27.9951
32.1222
27.6615
36.575
40.9555
35.3318
33.0159
28.6311
28.8514
28.5254
28.7386
27.3065
27.8503
36.0825
31.514
27.677
26.3191
26.0808
26.3588
25.4125
24.7938
26.2613
30.7405
27.6741
26.0622
24.3628
26.9829
28.0231
26.9741
26.4282
26.3507
26.4784
26.8431
27.5068
26.6905
28.1814
27.5145
27.9729
29.401
30.4222
28.3854
29.2492
30.4499
42.8915
33.0447
40.5659
31.3748
29.8187
29.0032
28.9082
29.3228
29.7358
29.6705
27.9218
50.2258
29.4309
29.3756
28.6239
27.8828
42.3796
37.6355
29.3649
29.3937
34.3138
42.0262
41.2544
27.4452
27.9702
28.4745
45.448
46.8912
29.1075
28.071
28.9353
28.314
29.4378
28.7072
27.0781
27.0311
37.7769
27.7906
28.8483
28.3604
27.6097
26.4864
38.3211
27.3224
28.8302
27.598
28.3492
27.6799
27.537
28.4293
28.4713
28.7003
29.0842
30.5852
29.652
30.824
31.3784
30.7152
31.809
58.617
32.0243
34.8542
29.4629
30.715
29.4351
28.9643
30.9624
55.3159
31.7596
31.2533
51.024
33.0458
46.1425
34.0971
32.5092
32.5494
41.2717
33.8835
32.5205
33.9152
34.2792
33.3757
33.366
33.6982
34.9431
35.0105
33.1879
31.8582
31.8236
32.459
32.8958
32.3932
34.0297
31.8136
32.0565
34.5758
33.1378
32.7438
30.47
31.4495
30.3707
33.2589
53.9845
32.3319
32.1891
31.7273
42.3139
34.8868
33.8712
32.9019
33.1337
35.211
36.1969
34.9453
50.9465
48.2175
46.1643
35.2603
36.107
48.6815
35.7769
49.8781
40.0067
34.8903
34.4978
34.0895
37.2468
32.4175
33.275
32.9479
31.761
31.9369
44.4726
30.1068
30.1853
29.6001
31.2445
30.098
30.379
30.9697
32.902
43.6267
29.7729
31.0308
30.6798
32.5498
32.0067
32.4323
39.8256
30.5821
30.3096
33.7822
30.6019
30.0086
28.435
28.7501
46.8487
27.9336
27.0117
28.176
26.7572
27.851
40.4251
27.8128
27.4773
28.3548
25.8682
25.9115
30.6703
31.7284
26.2469
27.3992
27.4148
25.3216
24.4385
25.6266
25.7356
26.7572
42.418
27.6674
40.5103
25.1874
26.7491
36.2892
50.5306
28.2886
26.2017
26.5514
27.8118
26.455
28.8626
26.2492
25.0323
26.7074
25.5883
24.1156
25.7983
24.9182
23.3812
25.0051
25.7513
25.1387
32.248
36.6003
25.8924
26.8079
25.9718
26.3096
25.8906
24.9353
25.9835
25.5054
25.2037
25.3403
27.4226
27.4196
28.2006
28.0532
43.2899
27.1058
50.4773
29.2683
27.4301
29.0789
31.6951
28.807
28.6615
28.4476
28.4092
29.1515
30.1985
37.243
37.0724
29.9915
41.7256
27.7051
31.4525
30.132
29.2918
30.854
28.7856
29.3784
29.9765
29.3238
29.1263
30.5918
29.5376
49.7225
35.5846
28.3171
28.8049
29.1851
28.7468
29.6041
28.0678
48.0561
28.2033
46.472
28.7474
29.4534
30.8646
27.568
27.889
42.1662
25.2714
26.5111
26.8226
27.8572
26.1974
27.3149
27.478
32.9266
31.3006
29.9609
44.9212
30.7454
30.2257
30.709
30.836
30.6441
35.7179
43.4059
31.1874
31.5277
30.687
30.4412
29.3835
29.0921
29.4958
45.4137
32.2738
31.7369
33.0496
30.3348
30.6173
31.4553
32.9895
32.9086
32.5695
32.0686
33.8301
48.079
34.0219
49.5317
33.4519
33.4169
32.4625
34.1177
49.7194
31.7542
39.462
41.9713
32.7141
31.576
33.0445
33.1748
46.2868
33.3882
48.3235
29.8369
28.0433
28.9212
27.9942
28.3595
28.4095
30.0056
30.504
28.7198
43.5502
43.097
42.5455
28.854
29.3562
29.8839
28.6508
27.2104
45.4615
28.1748
29.4134
26.7756
27.9247
26.9757
31.2127
26.2021
25.858
25.2826
27.4822
26.2944
26.0127
25.1692
24.7486
24.3289
23.8442
25.7005
24.0021
31.7946
23.8503
24.3982
23.9942
35.4225
22.5993
21.9852
24.1251
30.7288
23.4228
23.4849
22.947
24.0641
42.8764
23.8689
29.8689
30.7882
28.7764
47.8328
27.3793
28.4546
26.0097
25.6934
36.7947
25.9427
29.1179
26.5455
26.7259
26.0196
40.6632
44.7158
25.3971
31.063
25.0434
23.2344
22.9207
37.8733
35.3484
24.2167
22.7887
29.8026
24.622
32.2405