30.3894
26.2462
24.3753
44.9009
25.0821
24.9431
25.1751
28.7741
24.0602
23.1591
32.86
24.4286
36.0082
45.7047
26.5797
33.8394
23.4466
24.9093
24.1238
24.0069
23.8562
25.7267
40.0801
23.4502
27.2025
25.3344
23.9562
26.343
26.4248
22.5771
35.2753
24.5223
30.1809
29.6316
23.4028
22.6388
32.486
35.0393
33.3768
37.5983
25.9782
29.3996
25.2665
29.3872
25.0807
23.1238
25.6296
22.1698
24.25
24.4032
23.8131
35.866
23.2915
24.0957
25.0586
24.5461
23.6268
26.372
25.1479
25.5422
39.3658
25.4935
29.1734
25.7174
25.0217
39.1778
30.1549
26.4283
25.6912
28.5306
33.4053
25.9991
26.2239
27.0401
24.2176
30.7297
24.2644
24.6256
26.4359
30.0701
30.7483
27.5016
24.576
26.246
24.0163
25.9765
24.8043
25.0568
26.8446
23.72
25.2628
26.7868
24.6392
24.4053
25.9889
23.9422
24.343
35.4083
31.8037
34.7415
27.1874
30.7624
30.0754
29.4822
24.2632
23.2828
25.3669
25.2512
23.9402
24.6851
29.491
22.6065
27.5233
25.4805
23.8705
23.3509
24.3609
25.4165
24.4993
23.3462
23.6243
22.8324
23.5199
25.5358
23.9485
24.217
36.0183
25.0227
42.3337
24.9259
24.6337
24.0492
26.0615
23.2624
23.3177
25.0554
25.2213
37.2209
34.45
24.7823
39.5642
24.6618
41.0663
24.8335
24.367
25.7974
22.5764
27.0826
23.1253
23.9463
32.6567
27.7404
24.0533
24.8548
24.883
38.3645
37.9529
29.4653
33.3762
24.1216
26.5119
21.7949
23.5815
25.2388
23.2283
22.933
24.1765
23.6984
23.6562
27.0701
30.262
26.5621
25.3267
24.1264
25.1315
24.1344
23.7685
24.3536
25.6357
24.6022
28.8483
31.6826
24.7119
33.8365
23.0584
24.569
23.423
24.0711
24.4996
25.3486
26.5408
24.5275
24.4538
33.7502
23.4965
25.0568
23.4314
24.9294
26.1814
23.3707
31.6516
27.3732
23.8964
28.2723
25.3881
33.711
24.8653
24.5539
24.4588
47.8253
25.0686
22.9711
25.6292
22.3472
24.214
25.0354
23.7142
23.4663
22.8644
23.4122
27.1795
24.5786
23.7407
24.0417
26.3853
24.8915
23.9362
22.8073
27.9129
25.6149
23.7696
27.0586
24.3359
24.7418
32.2095
29.0128
25.1652
22.8032
33.2733
22.6548
24.3317
26.0052
23.6942
25.4117
26.7714
29.3892
23.3132
24.0961
23.3655
23.612
32.339
24.8733
29.6331
42.239
23.1942
24.9684
25.8212
24.418
24.2033
24.1344
23.1432
38.938
28.1816
41.0301
38.7439
23.5546
24.2828
35.3416
24.0696
24.2692
24.4829
24.2644
23.8996
49.1877
40.9792
25.255
24.6285
25.0371
24.3016
37.8114
23.9431
22.4583
24.5196
27.507
29.0396
24.8431
25.0892
32.8982
32.5145
24.2175
27.89
24.1716
22.9227
29.4615
22.647
34.0308
23.9
24.2662
26.399
24.3706
23.0965
36.386
24.9002
23.5774
47.6039
26.1864
31.0785
38.423
32.5921
28.1892
34.1074
23.3546
27.7768
24.8459
23.9067
26.6665
25.3935
25.8684
24.3031
25.6945
25.8499
25.0879
25.2723
27.0631
24.547
24.6693
24.5062
22.7787
24.0929
24.5215
23.6552
25.4928
36.9021
37.3173
25.9618
22.9115
23.1107
26.2438
23.7953
25.7766
23.3198
23.8256
23.6236
24.1652
31.8839
35.7138
25.4478
23.5208
24.6042
22.9989
23.5451
22.6597
22.4754
21.2124
21.4192
23.6001
22.9692
32.0039
21.0991
23.6526
22.0208
23.3478
22.024
23.2855
24.9151
22.0168
23.0631
24.2882
33.7565
23.4528
31.1163
51.4854
22.3211
31.2745
21.6767
22.7262
23.3468
22.4411
40.7159
24.2966
23.4951
23.1891
24.6995
22.6179
22.6038
23.0799
27.5662
39.5372
23.2188
34.9163
23.3668
25.5766
26.0188
22.2648
23.5543
23.3813
31.4161
24.6832
21.8422
23.157
21.2383
21.6913
22.3426
23.4063
22.9932
33.8662
21.5599
22.8364
30.1945
22.6087
30.7466
22.1187
23.2094
22.6147
27.1751
22.67
33.9392
29.3731
43.2858
30.7546
25.0681
24.4476
22.6118
23.6499
26.0055
24.3253
25.4978
24.4803
24.7931
43.3353
25.985
27.0521
24.2176
28.141
26.9338
23.449
36.4319
35.5242
29.6112
60.9697
21.6067
33.8034
25.0406
26.4202
25.9343
33.768
38.4588
30.1163
24.7391
26.0472
25.6214
23.6761
24.6364
23.4064
23.5876
40.3568
26.4231
24.698
28.3776
26.4032
21.8142
23.8954
23.7445
25.7547
24.8029
43.5836
31.1106
41.9866
30.5405
25.1884
24.0235
33.129
37.3695
33.4119
25.1859
32.3188
25.368
25.0736
24.208
24.1855
23.5437
24.0276
22.7515
26.1085
28.3889
26.3728
24.2051
37.6102
27.6413
24.6432
22.8893
23.3511
38.5043
23.0689
23.2428
38.8611
23.4971
24.3673
22.5439
22.7985
24.349
23.9935
23.1051
36.8644
34.478
23.7703
22.6714
22.4901
30.4518
22.8739
30.3179
22.4603
23.1237
23.4099
22.6678
24.053
40.956
37.2277
38.2909
23.1281
22.0326
23.3492
24.5595
23.7008
22.4556
21.7957
36.8197
44.8046
33.5623
22.1047
23.1071
22.045
22.0625
37.967
33.1488
25.1057
22.9253
22.8156
21.8425
22.0875
40.0579
36.5088
23.0403
25.1035
23.8117
24.9452
21.6093
38.7871
25.814
23.9005
24.3372
22.0897
23.4709
24.3719
23.0842
42.8797
31.7579
30.4137
22.8799
22.0248
22.8937
23.4109
22.5036
29.3064
42.1999
23.1119
32.1346
22.662
23.5293
23.5671
28.5128
23.0896
35.0542
27.957
23.7861
39.6239
25.3843
23.4466
27.2215
24.039
27.3806
30.8261
23.0394
27.2939
30.7267
22.9407
38.5789
23.5481
47.85
25.989
23.8422
24.7381
24.4197
24.5442
23.1291
23.9393
22.6022
25.6263
23.2666
23.4255
36.512
23.5646
22.3288
24.1805
23.1057
26.2343
22.8829
26.4304
24.8342
25.497
29.2054
24.0955
24.9357
23.6352
26.2879
24.057
26.6735
24.4518
50.4783
31.1359
26.423
23.5353
23.7643
22.0997
35.1939
37.552
23.6163
36.4575
28.4569
27.0264
24.7433
26.2189
35.3995
24.1567
23.3308
25.0941
48.9068
27.4842
25.0231
38.2643
24.06
24.4882
24.0923
24.5639
24.0625
22.6058
23.4279
24.5345
24.5886
22.7304
23.1202
22.6573
23.79
22.0924
24.4299
25.0381
24.3689
25.8898
22.8955
24.6566
24.6155
22.6822
24.4542
23.6559
24.9905
30.0996
23.2317
25.2711
25.2196
37.6675
31.2739
23.2364
37.7573
24.6411
22.6249
25.8577
24.4197
34.0449
31.963
24.3746
23.983
24.0036
24.8691
23.2725
25.5001
25.4853
23.3238
24.9778
23.8765
25.8334
23.9088
27.8459
26.8071
26.839
24.247
24.3894
42.2793
24.0833
24.5386
23.894
24.0048
23.2733
24.7811
25.9938
31.9143
23.3032
25.9269
23.7213
22.9816
25.7059
33.8613
24.2587
23.7399
25.3084
24.8349
24.3878
25.8017
44.2
24.8908
23.6264
24.481
23.7788
24.6224
22.8759
24.6469
27.0248
25.36
22.5726
22.3419
24.1846
23.358
25.349
24.1062
25.8281
23.6226
23.7063
24.4823
24.0917
26.4338
24.9571
22.2616
22.9904
24.8129
22.8864
22.1093
25.3981
24.8674
26.5597
25.0198
23.6867
23.4136
23.072
25.3206
24.4493
24.4359
25.1787
24.874
24.4858
25.7308
25.913
26.2103
25.1484
24.369
25.4225
24.8645
24.083
25.5742
24.6566
33.6104
31.4828
23.3036
23.0424
25.9873
27.7267
22.3485
22.7992
22.8912
24.9125
24.2245
22.1819
22.0583
22.8915
24.8982
33.3002
32.2005
23.8852
23.117
24.5217
31.3832
23.5648
23.7703
24.0055
22.6154
32.2357
33.9641
23.0352
22.3174
24.6153
27.7566
30.8024
23.3773
26.0197
24.9692
23.301
23.5853
23.5402
24.1991
48.5336
35.4771
22.9523
23.7035
24.5456
24.2251
25.4614
33.9077
25.0519
23.2961
25.6569
24.5867
24.5663
38.6653
23.9612
24.3844
24.9747
46.1807
29.4544
24.1773
25.2571
38.6564
27.613
24.9152
23.9964
24.477
24.9962
22.9607
23.6335
47.0938
23.8924
27.0636
23.8892
22.323
25.9495
22.9219
31.6574
23.9588
29.5583
24.1098
23.9872
23.6917
23.2334
29.4462
24.0097
23.442
26.8573
23.8489
24.1015
22.8231
24.2503
22.3639
23.9665
23.9258
23.1605
23.5452
23.5354
21.7797
24.9812
24.3849
24.2678
23.872
25.5077
24.1442
23.5631
25.3005
30.1929
32.6189
24.2943
24.0158
24.526
25.9148
22.9614
25.3762
24.744
26.9588
22.4663
23.3022
23.8367
23.8268
25.0598
24.4195
24.6906
48.4125
25.473
27.6585
24.3334
21.513
24.0677
33.9775
42.9089
25.8227
25.6372
23.2758
23.0131
23.6601
23.9619
23.2973
30.352
25.405
22.3496
27.3045
21.9707
23.8161
23.8858
25.56
22.8307
23.8402
27.7305
25.21
24.0377
24.1899
23.4838
31.6729
34.3166
41.6445
29.8693
24.4331
24.2979
44.3732
24.4404
46.8815
33.6108
23.3062
25.3354
23.2476
22.9519
39.3055
38.8581
22.8009
25.2733
22.3479
25.3426
26.1127
22.9746
22.9689
23.3204
24.433
23.3133
25.2889
24.1249
22.9886
33.4672
23.982
23.6247
24.9672
25.2149
36.9859
38.4628
29.2663
23.2607
24.2768
24.1947
23.5699
23.6209
25.317
28.1374
23.8744
41.5354
23.6003
24.0592
31.022
23.765
23.2436
24.8452
25.0153
24.2131
23.2876
21.4064
24.4613
23.2707
31.0252
28.9542
25.7906
21.7152
24.8867
39.3216
24.632
23.2924
23.7117
47.9078
22.7317
24.0729
23.5567
27.4969
24.2847
23.5374
23.9806
22.8945
34.9595
40.2863
23.3963
26.937
23.5581
25.6268
22.9253
51.1224
26.07
24.1174
24.3481
23.7027
23.4516
36.5636
33.7404
29.146
28.1116
27.1037
21.0996
27.1507
32.4919
22.9636
24.287
11.5377
30.5956
36.5641
24.8724
24.1004
24.0714
24.0274
23.7829
32.5343
24.8858
35.1981
23.8358
24.4075
39.7972
23.8607
24.7264
23.1615
28.917
23.1105
23.5264
24.9696
23.8615
24.7891
23.2774
28.3514
23.7985
24.7279
24.7334
25.0768
37.1925
23.6329
37.8103
24.0973
24.693
23.8084
24.3518
23.1998
34.0977
43.8894
27.8905
32.3409
30.2099
39.5211
25.0087
25.5422
22.89
23.9485
22.549
23.9991
24.9857
23.3388
24.0758
24.3591
23.9075
24.5766
23.9448
23.7247
24.3805
23.5515
22.4448
24.4734
22.9379
24.0167
25.3591
24.017
25.2866
23.5198
23.4484
25.1017
22.3373
23.3213
33.2034
24.0456
22.8303
25.059
22.7204
24.0961
23.6778
23.1933
25.1164
27.6302
23.3799
24.3821
22.9808
23.537
37.4701
23.9921
24.7357
33.8273
26.953
23.8153
24.0197
23.889
24.4567
26.9682
38.1288
28.8189
24.3942
25.4532
23.5453
38.6581
28.4025
24.0214
23.9645
25.6832
24.586
23.0926
27.5187
23.4875
23.9094
36.0193
34.6195
25.1023
24.9768
24.3556
24.3166
25.7891
25.3488
40.9937
31.0796
24.1722
23.7158
24.8226
32.8673
27.5431
25.2868
24.4926
25.7336
25.3365
24.8636
23.9633
24.0284
24.6257
22.9666
53.9025
24.0516
24.4225
24.6043
25.3431
25.804
24.286
23.5534
24.7891
24.8137
40.5576
32.346
27.4938
25.1657
26.6813
23.7829
22.9277
28.9175
23.6974
33.294
25.17
23.4723
36.1871
24.8984
26.4334
25.9591
23.081
25.2387
41.3395
29.7041
24.4309
24.722
24.4274
23.0401
23.3606
39.676
24.1353
24.4446
24.2711
23.5212
23.1176
23.9407
28.2825
24.0146
24.6974
23.7216
26.0482
25.2248
34.1449
23.2382
26.6803
24.2485
24.4098
29.919
22.1093
24.0134
23.7335
24.0499
23.9397
23.4567
30.1075
23.8649
24.6261
38.0643
24.7095
51.4941
36.6039
26.522
24.1187
24.1895
24.1513
23.8778
24.5303
24.4346
24.8628
27.2881
24.4925
21.7155
24.0731
23.6731
24.2402
22.2285
24.1992
44.4238
26.8543
23.1743
26.5699
23.7703
37.7133
24.8591
25.3369
24.9617
24.5155
36.4325
36.1732
23.6782
23.3909
24.8332
24.6408
24.2957
33.7692
24.498
26.3374
25.519
23.5676
43.4461
24.038
23.7632
23.422
24.7267
24.4268
24.114
24.9293
37.7513
24.739
44.8416
30.5265
39.316
37.8076
25.9763
24.2328
23.6943
33.5217
25.0046
24.7698
34.8148
32.2388
23.326
23.4011
23.8295
25.0058
23.8014
24.9689
25.097
24.8799
24.4329
24.3908
23.034
30.6482
24.9636
29.2235
27.9851
30.3433
25.6897
45.4936
25.1698
26.3577
25.8243
24.9362
24.0941
24.8995
24.6988
24.6837
24.7191
37.6355
39.2445
24.2809
25.2334
24.8293
26.4921
23.1144
22.3742
23.6074
24.9601
24.2375
24.9014
22.7027
23.6709
29.4792
23.3637
22.6995
30.9354
24.8228
27.5871
23.4766
21.4294
25.8329
24.105
23.8217
25.1835
39.024
22.6327
22.8657
30.7252
24.0904
24.9589
24.7702
24.3335
28.8187
23.8272
24.4036
24.3536
23.9296
22.5795
23.5567
27.5827
24.2871
23.9638
24.8263
22.4375
24.9792
32.619
24.3891
28.7628
24.0977
24.7685
28.6816
23.7391
24.4375
24.846
23.6696
23.842
24.2998
23.5587
28.399
23.2933
37.2084
23.2574
25.7924
27.4267
29.986
26.364
27.5528
23.5494
33.2053
37.2256
23.9388
25.2201
23.2288
23.3147
24.4918
24.15
26.3368
23.5371
26.4344
25.0936
24.2493
23.6557
24.6054
32.1719
32.0673
24.3411
25.2825
24.4526
25.0616
26.3412
24.5109
25.2436
24.616
24.8899
24.7177
23.923
25.2104
24.4401
25.3085
25.874
23.759
47.5781
29.0436
24.244
23.4909
24.2335
25.0656
25.2265
25.0189
26.516
24.7426
40.0041
25.8789
24.2455
42.0108
26.2655
26.7514
26.04
25.3132
40.7107
26.255
25.6461
23.6695
23.7131
33.9573
24.5204
39.7625
31.1029
24.6932
31.595
24.6933
24.5091
24.6221
25.706
24.7929
25.7121
24.5011
23.3407
24.7625
26.3064
36.8771
23.6622
24.2043
25.4652
24.5737
23.607
25.5225
27.7259
27.7785
29.7855
31.0959
24.4576
26.0899
38.8115
25.9128
29.5933
23.3943
24.9485
23.4991
30.4023
28.2948
26.2685
25.2622
46.7968
26.2013
22.7882
24.5783
24.8775
24.9258
25.4958
25.1446
25.4749
34.6969
25.663
25.0606
34.6584
25.5659
23.6584
38.0941
41.9527
25.5544
24.5711
32.3778
23.704
34.3424
24.6244
26.1144
25.8675
37.8055
24.5762
45.9705
24.6737
25.7181
51.5904
26.1918
28.0937
42.8255
25.5973
27.0723
34.2741
25.0417
25.9813
34.0533
25.6582
37.9105
32.1776
36.8493
25.323
25.9469
27.1195
26.03
26.0067
25.63
24.9712
32.0107
24.8548
37.6086
33.6874
24.8432
25.219
33.151
25.1744
25.2133
26.5294
24.888
26.3721
25.0481
26.7062
26.2556
28.9621
26.0298
25.7056
26.872
25.0106
27.1158
38.1617
37.1607
25.3434
42.1835
43.4934
27.1106
27.9018
28.3151
27.8481
30.2518
25.083
25.3206
30.3785
27.0254
26.1339
25.2054
25.8213
25.3015
26.0766
25.6516
52.4327
26.7203
28.6011
27.1932
26.0498
25.5552
27.6735
41.6724
26.7152
26.8296
27.4174
43.1534
26.0565
27.95
26.7353
27.0662
34.4328
26.9244
27.6532
23.7788
33.0965
43.4251
32.9555
25.6191
25.3631
24.4065
24.074
24.5772
25.5723
24.9552
23.9217
26.2573
28.1369
25.0022
24.9638
47.6848
26.6793
25.8115
25.9706
28.9793
47.4912
28.0681
42.7699
28.0464
48.5478
42.8033
38.4816
40.6713
31.0381
28.5466
27.7401
42.2288
28.3768
27.1447
32.0958
28.5079
28.3938
28.4435
28.0581
33.1542
28.1905
26.9624
39.0823
27.7775
30.5855
26.7748
32.3776
27.9341
30.5505
25.5354
25.5923
25.0084
25.9625
25.9633
25.1773
24.5912
25.0835
28.4635
25.6703
28.6823
24.3765
24.5326
36.264
25.1861
25.4891
24.7785
24.2055
25.0654
36.943
27.0927
37.2467
24.1744
40.4651
23.1676
23.82
37.8515
31.4573
24.8552
26.3361
31.0071
23.1547
23.9518
24.3922
23.1611
43.1162
26.9308
24.7859
22.5358
23.8062
36.8371
24.9959
23.7243
23.6054
23.731
24.4382
25.5863
24.1659
24.1375
25.1278
25.2774
37.9343
37.073
24.589
24.8594
24.8459
25.3474
25.4177
26.5444
28.4037
25.8211
26.5653
23.7069
36.2224
23.3219
26.9338
40.0285
26.2818
35.2753
40.4384
26.3372
25.6609
31.42
26.6305
26.4576
27.0614
25.9039
26.2912
25.1108
24.6416
39.0369
25.0849
23.7492
24.8159
23.6482
27.1131
24.6294
42.8167
23.8591
34.0931
24.6436
24.0613
22.6829
23.6913
23.1961
22.4819
23.991
22.9824
25.5128
23.1683
25.3609
23.4091
24.6076
23.0008
23.9656
25.091
24.4785
26.2684
24.9799
26.4098
25.2832
25.278
33.1104
25.2492
39.5432
25.0973
27.2128
25.6949
24.1403
24.2012
25.143
29.1903
25.1389
25.7176
24.9596
38.4859
27.6327
47.1013
30.7902
46.4395
26.5425
27.1975
26.6407
27.4527
26.2945
27.6286
34.9015
25.7065
34.6446
27.8791
27.2332
26.0372
26.7287
30.9557
26.9182
26.3849
39.9062
29.6047
27.7445
28.4187
37.4031
26.4558
43.2372
26.4152
26.4254
36.4042
26.67
26.6058
25.7993
34.7041
25.1002
25.8357
34.477
41.7587
26.1327
27.3398
27.3679
27.0827
27.5
40.3419
27.3678
25.821
27.8747
39.3735
27.2281
27.6303
25.9408
27.2863
26.8136
26.4918
26.644
27.3255
29.3291
27.2146
26.4603
46.3913
42.4715
28.0296
38.9725
26.0799
27.0166
27.1712
26.6718
29.8461
27.6507
28.2047
35.2781
27.294
40.4862
27.1577
34.335
31.104
33.9491
37.1119
41.5878
29.6123
31.5276
29.0672
27.2781
26.3066
27.0705
35.3163
27.2443
28.0041
28.151
27.2459
31.6434
41.5534
25.7421
26.7815
26.2934
26.5259
26.5587
26.863
26.7132
26.298
26.3445
35.5917
26.347
30.9868
26.6702
26.013
25.6358
32.9518
32.2707
30.3024
26.2141
28.9291
26.9356
26.6287
28.3769
28.1798
28.2186
26.8666
27.6985
26.291
26.8707
25.6858
26.0828
27.1037
27.736
25.4751
26.9978
25.4222
26.8874
26.2716
25.7476
26.9618
25.7535
26.0478
25.5885
27.5239
54.1038
43.9301
35.0345
26.5448
34.3956
28.7036
25.7397
26.7426
27.7123
26.2659
27.5014
37.5202
25.9723
26.4225
39.3616
42.7889
41.4085
29.9638
42.1229
31.6611
27.7335
26.0375
25.9839
25.6557
25.7661
25.5629
29.3449
25.6477
28.3077
24.2734
25.4996
28.3755
25.8984
27.257
25.5519
25.445
34.4896
25.0848
26.8751
42.8553
25.349
26.8102
40.5619
28.2323
24.3474
30.4378
25.1903
24.5745
27.2225
39.9208
34.037
25.6251
28.402
23.8402
28.2262
26.9536
25.3976
26.4222
36.8306
26.5293
25.4664
25.958
25.8562
25.6637
35.0983
26.7284
24.3488
25.8053
26.1984
34.9662
25.2876
24.7057
58.8953
28.3882
37.053
25.0868
24.5459
24.9028
26.135
26.0284
26.474
24.9307
26.2275
26.339
26.5473
26.1535
28.154
30.1491
28.0837
29.2303
28.6239
41.9962
39.2466
28.2142
33.9096
36.0426
28.9381
30.7353
36.5089
30.8411
30.9289
30.1733
29.5624
38.101
31.3458
30.4005
31.6193
31.356
28.3395
29.4422
29.3623
29.6741
30.226
30.9055
31.1112
45.8422
33.0322
34.2214
34.7626
34.6458
32.5202
34.4121
33.2796
32.49
34.059
31.8114
33.2515
45.2649
33.597
32.91
32.864
32.3113
31.1339
46.4169
33.3173
31.678
32.2043
31.339
32.8912
41.5276
31.4759
31.663
32.3224
30.4054
49.1838
31.7046
31.9687
34.5236
31.7818
32.5012
31.43
31.0617
33.2219
32.3546
55.0816
36.5918
31.3003
32.334
32.0022
32.4698
32.2732
43.792
41.9496
32.0939
32.5677
31.6847
32.2858
32.6161
32.9216
47.798
31.2877
31.4871
34.4549
34.5853
38.6382
32.973
31.4228
31.4438
53.31
31.961
30.8726
32.4248
31.1279
36.6911
37.9975
31.2689
33.5421
30.8853
31.5987
29.9449
29.6534
35.8095
33.3431
30.8972
31.3698
31.4725
30.2334
29.5542
29.0556
30.6782
30.5141
58.0219
31.2345
30.144
46.1188
30.7855
31.4444
31.685
31.9793
31.2579
43.1108
29.6779
36.3003
32.3626
30.7186
35.021
30.9498
30.7811
30.3034
31.0573
30.6272
31.6054
32.1579
29.9726
31.6347
29.5217
30.4094
30.7443
31.9222
30.0066
37.4262
32.8521
31.8811
47.5765
44.7861
32.1637
37.132
40.1091
49.0729
32.541
43.6875
31.7265
33.6821
46.4279
31.2718
32.4534
31.6242
32.0827
32.4617
51.6322
32.97
32.7936
32.0763
28.7942
31.8668
32.5571
31.6582
31.5272
30.1419
30.6241
32.2679
32.7002
30.0935
32.466
30.6909
30.6433
39.6439
29.8161
32.3027
32.4772
30.7365
30.9948
33.7547
31.0026
30.1508
30.7737
30.2559
30.6735
31.6662
33.6032
31.2826
29.1872
31.7154
40.8874
43.3008
30.3864
30.3625
31.0517
31.5472
49.0075
45.35
32.4457
44.3997
30.8205
29.8473
42.0571
34.4485
31.1389
45.8679
31.1773
43.1987
49.2068
33.8734
40.6173
32.1697
45.9106
31.4383
33.1765
32.4219
32.1493
39.7709
45.0997
31.7334
31.7562
33.8903
31.0943
33.018
31.8708
32.5108
33.6643
33.426
30.9021
31.973
30.8919
35.6922
30.9667
31.244
33.4199
32.0351
33.7277
33.2822
31.4953
32.2837
63.3323
32.6569
30.5128
30.8631
31.8886
30.0549
31.1562
36.6277
31.4484
30.6572
31.5641
42.0494
52.2451
34.0987
35.5326
33.0403
30.3319
38.8867
30.4094
49.6697
41.3066
32.4789
30.8523
32.3687
31.145
31.3652
38.2753
30.441
30.0301
38.0914
31.6001
30.3787
29.1499
38.166
47.1553
29.7022
29.4139
28.9374
29.5373
30.3166
29.3335
29.4756
32.6253
47.2746
38.5939
31.5696
29.5917
31.0893
29.9787
31.5314
30.9863
30.3011
30.5131
29.7575
28.3981
31.1371
28.9369
28.5755
45.6225
30.5537
30.4207
30.2004
29.6485
28.7253
30.6491
26.0577
44.1668
28.3249
34.7876
28.1354
27.7065
28.0271
28.2065
27.8612
27.6825
28.6911
37.539
26.8537
26.8726
26.5449
27.3874
28.4353
27.094
33.3024
25.9479
34.5798
34.192
25.4627
41.9535
24.8367
33.1845
26.593
26.2245
26.3003
26.3179
25.2364
27.1555
25.2392
24.8378
25.6104
26.5476
25.567
25.3526
25.411
29.5492
31.2955
27.7964
24.9369
25.7091
25.4497
26.5079
25.848
37.392
34.5979
30.2503
24.7045
30.2863
24.368
26.0739
29.2806
24.7872
26.1382
24.2228
27.0584
24.5019
23.5007
24.478
24.8661
25.2515
25.4095
40.1749
25.0392
24.3877
29.8469
32.6998
26.2258
25.6465
36.3943
34.9157
26.7419
25.606
24.9364
24.0649
26.9718
28.1957
27.2638
24.7865
35.4577
25.2835
25.825
24.6892
25.9592
25.2511
25.5749
25.9132
25.6316
26.393
24.9084
26.3687
39.2882
25.5065
24.4994
26.951
26.4363
25.1994
34.6795
26.5001
27.1121
27.4147
25.3959
26.2815
24.5318
25.1516
32.8063
27.0947
25.829
26.3394
26.4144
26.617
40.5144
42.0461
25.9603
35.6779
24.985
25.899
24.6478
25.0944
25.7119
25.7944
25.9901
40.8721
25.9167
26.8648
26.1473
26.2438
26.9226
25.4849
43.9038
36.3645
25.9923
26.9365
25.8148
45.285
37.4236
42.2267
27.8803
31.6886
26.123
26.8941
26.8816
28.614
26.517
28.282
25.9782
25.8479
27.4632
26.3913
24.8877
27.0301
27.8971
26.422
27.1576
34.9049
26.3406
25.1066
27.9444
25.2449
39.5856
25.4954
34.6973
29.3799
26.5051
28.6211
25.0235
25.1223
23.2649
40.9587
28.601
34.7268
26.6585
48.08
39.5498
26.5882
34.547
33.8362
39.2214
26.0144
26.3844
51.1273
35.7392
27.1523
25.8703
26.5622
36.6331
26.4451
25.257
25.355
26.3467
24.157
27.5995
25.1688
26.2983
25.5351
25.7626
25.9553
26.839
27.078
26.9164
26.8545
38.6148
27.0089
32.3222
27.889
24.9506
25.7185
28.8007
39.1202
27.6321
42.2493
27.1047
26.5269
27.6744
26.4801
28.3239
28.5512
29.8221
28.8197
25.7377
27.5298
25.6724
27.2557
27.9647
29.0078
33.9577
24.171
27.1355
24.8072
26.5572
45.1503
25.3022
25.4675
30.0962
24.3838
37.4863
24.9914
27.8844
24.4572
34.9137
24.9135
27.8115
23.2183
40.9848
29.5744
27.7995
27.5174
27.7951
27.1663
40.2435
50.9138
29.3444
30.4383
31.6221
27.1516
28.6021
29.4065
33.694
27.9727
27.3318
27.6268
35.3571
26.3656
40.9937
34.7023
26.7406
26.7311
26.4004
27.9052
26.8708
25.3141
27.7247
25.1917
26.0936
27.3786
25.5546
24.0622
31.9982
25.1783
24.3827
29.7852
25.9311
28.761
26.3534
25.3323
23.3187
24.3056
21.7588
25.2654
32.3619
29.527
34.6957
27.0877
23.6241
24.1142
23.8504
45.7978
31.5542
24.3799
41.415
24.1434
23.1943
24.441
34.4333
26.4232
23.7585
24.9018
23.5001
29.3168
24.8169
36.5004
23.7645
25.888
24.6367
40.6904
22.4108
24.0803
35.1058
44.3853
32.0686
23.1222
23.5734
25.8744
28.6091
23.6001
24.6609
23.6295
23.953
31.5142
25.6933
27.6596
21.3929
22.7623
24.6181
23.952
23.3565
23.5063
26.0912
25.0148
25.2725
23.8449
25.8588
23.9117
23.0488
24.6857
23.834
26.3372
33.8235
25.0115
29.5357
30.5648
31.6944
39.3768
25.5432
26.1355
25.0085
24.9116
24.639
26.3604
29.9777
24.6032
26.0911
23.8197
25.6835
23.1452
26.0812
21.9963
27.1841
23.1906
23.4725
21.5179
23.6921
33.3169
22.8865
34.6793
25.0923
21.9238
23.4208
23.3251
22.3933
23.703
23.2238
26.2064
24.6103
24.6729
24.7509
25.267
25.4865
24.3499
25.1362
25.0741
27.1116
33.7723
26.2721
25.6104
24.7041
24.4719
22.9137
24.4583
25.3091
25.2911
24.6808
34.7406
25.5183
24.8325
28.4294
24.1942
25.0315
26.82
25.6285
26.8098
26.997
26.1284
28.3505
28.8305
37.5095
26.3384
35.3688
33.8703
45.2989
41.4903
25.9534
40.7816
40.9683
41.5638
27.5644
26.3408
27.5855
26.296
26.3528
30.2111
26.4589
30.3639
26.0672
25.4604
42.5558
27.1026
26.4974
40.8862
25.8465
25.6144
25.7735
26.4926
27.4369
26.3487
27.0821
26.6146
38.1891
34.2279
26.7238
27.0384
26.2567
26.5119
27.5418
36.0549
30.0484
30.9134
35.7892
29.8851
26.2183
27.6567
26.5054
27.4778
36.8623
27.9596
27.6553
41.3139
36.7374
28.5724
27.1211
27.8339
35.7571
29.9695
26.6627
27.4937
26.9718
26.8276
26.866
37.3377
40.0896
29.6406
28.5147
47.4585
45.2444
27.612
26.3867
37.43
27.2735
26.4631
26.081
27.0015
27.254
53.1907
25.8612
30.8342
27.1374
24.7177
26.6843
27.1273
40.922
27.2009
27.5328
33.8165
25.4861
27.67
26.482
26.8971
26.3777
25.9126
31.3504
26.2735
26.1972
26.681
26.4159
26.7014
41.5285
27.8344
28.1057
26.8572
26.4553
26.183
39.4105
25.7814
31.7765
26.0059
35.7567
27.0636
50.284
30.4576
27.6799
30.222
31.7939
27.3638
26.3337
27.8185
27.4849
37.416
27.8229
28.7869
30.6684
27.7817
28.1787
26.8845
25.718
25.4247
26.1174
26.0868
25.8395
25.9862
26.1586
25.7311
27.8902
28.2429
24.7895
32.4926
29.4539
24.515
23.787
23.9043
25.568
25.3003
25.3591
28.2648
25.5905
24.5857
24.6582
26.6927
34.294
25.2349
35.677
35.4314
26.2177
26.2234
25.0982
26.5432
27.579
27.1781
24.7879
25.9489
27.0301
31.1918
26.4905
28.3046
25.2271
25.239
35.6684
27.1841
27.7878
26.5544
26.9579
27.8419
26.6749
25.6208
25.1356
26.1048
38.6842
36.057
26.2151
26.7502
27.1286
37.2992
38.6819
28.1129
41.0339
44.8863
27.8405
26.0142
25.9182
25.749
26.775
27.0331
26.9308
29.2408
40.5045
36.59
43.9735
26.9456
28.1151
28.1294
28.7301
29.3524
47.4221
30.2759
31.4362
29.5164
29.6262
29.7827
30.3928
27.0561
31.1524
29.4786
29.0527
36.7062
32.124
29.7525
36.1831
31.3335
29.9572
31.2621
29.4458
27.9621
28.3499
30.4934
33.3283
31.7813
30.1781
37.2393
31.3415
33.8464
31.9873
32.2855
34.2723
32.2284
32.7127
42.8173
44.3335
33.9393
34.0275
33.1831
31.597
32.1629
31.951
31.6971
33.3025
32.1499
31.1737
36.3634
33.3876
30.3699
32.8048
31.2612
36.8729
33.7335
36.93
32.2998
32.3218
31.3041
31.9369
30.6164
32.2299
30.4824
33.6592
30.4932
46.0525
34.4118
30.8512
41.442
31.3865
32.3
30.5821
32.0639
32.3081
33.1521
31.8758
32.3722
32.4411
35.3986
32.7223
32.3309
33.5662
31.9372
33.0541
32.6575
32.567
31.7987
45.322
33.9039
31.8169
31.4238
34.1285
32.5968
32.4008
31.5806
32.0109
31.94
33.008
33.3068
31.672
33.5924
32.4336
42.167
43.985
31.2221
34.2277
31.3421
32.2255
32.9798
33.2067
33.2
30.8535
33.737
33.0426
31.9159
31.0984
31.5412
30.1012
31.5866
31.0347
31.8403
31.3962
31.5702
52.9988
33.184
47.9856
32.1376
32.5291
32.9074
30.9818
32.6776
36.5175
36.9861
33.6188
37.0018
40.4734
31.7214
32.7347
36.7679
31.348
32.6728
31.2905
31.4194
32.3243
31.5583
36.7698
32.0876
30.2026
31.1557
41.9429
31.9054
31.2462
30.0446
31.0205
31.4973
30.9707
30.0716
30.9211
33.7958
31.3081
57.3319
31.7067
30.994
29.8001
51.1733
28.5779
31.1216
47.5117
31.1331
49.6209
46.7111
29.0837
31.1977
29.8442
32.5647
36.017
43.3728
31.4631
29.6013
33.2936
38.5157
36.2278
30.2183
36.2571
31.4044
31.2682
30.9314
33.3414
34.8288
30.356
43.9169
36.1844
32.6082
31.6925
31.502
31.6577
34.9595
34.979
30.0714
49.4232
32.3642
32.1052
35.196
32.2701
34.6945
33.7856
33.4469
35.1966
31.5279
54.8529
36.9408
42.1594
32.8241
33.4246
31.8215
32.1178
32.2138
32.5424
34.4108
45.572
35.4744
32.5464
32.5601
33.3253
33.7273
31.538
32.3366
31.2434
32.2911
47.355
31.6906
32.719
41.6408
34.3966
54.2658
33.0046
46.4906
31.5936
32.726
32.879
32.8425
41.08
33.5433
32.6308
32.175
32.33
31.1524
33.8981
32.3593
32.7282
49.8894
32.7214
32.1365
41.8303
32.9249
33.3206
31.4757
33.7533
37.355
30.9396
31.9406
30.0719
31.7375
30.6511
29.4086
29.6101
39.7497
30.3751
28.6654
35.5691
29.2672
30.9837
30.3646
32.1998
29.5059
31.607
41.8034
31.2807
32.9404
32.691
30.0941
29.4988
31.1344
28.794
29.7736
35.3296
28.5392
29.1713
31.015
48.961
30.0854
28.5256
28.6399
32.6657
47.6712
28.2649
48.154
27.8357
37.3546
28.8754
34.4718
28.2364
26.7131
29.7469
27.1764
28.3475
26.6623
27.2205
27.424
26.1232
27.4077
36.5479
28.0657
26.6308
27.0016
27.8405
25.676
36.2319
27.2143
25.6831
25.8561
26.4137
27.6939
47.5342
29.8152
37.2213
26.5945
26.2725
35.961
28.5556
25.7153
25.8948
25.6388
44.4691
25.8916
25.0356
26.7382
25.6912
24.2831
26.0537
43.616
25.7623
27.9736
24.8336
23.958
23.916
25.8694
26.1912
26.2494
40.7327
40.111
27.3279
26.7085
24.7005
24.4447
25.8372
24.4055
24.7848
27.2913
25.0971
27.1678
25.5371
26.3226
24.6114
25.4386
26.8809
24.3212
24.2415
26.0467
41.2487
24.8769
29.3236
25.3992
28.4242
38.0217
26.9117
25.7205
25.57
26.4353
26.8951
26.6151
25.0873
25.0066
25.7873
25.6336
26.0949
27.4784
26.6447
25.5676
24.7841
25.3332
26.0414
26.6188
25.4163
25.2175
51.6877
27.2362
26.0195
25.5852
25.2719
36.1049
27.4585
27.8789
26.6146
26.2273
25.8579
26.4567
26.0275
45.9352
26.6153
25.1939
24.9556
27.2072
25.567
26.5069
25.3515
26.9213
37.4911
32.9351
26.9849
26.9341
28.4642
29.7554
32.8325
26.7372
25.8053
25.7055
56.335
34.6951
26.7879
27.0013
26.3729
31.3316
26.5203
28.1919
28.4677
33.267
31.9438
27.5456
26.1822
26.9728
26.5037
25.9272
28.9425
27.0021
27.4279
26.9142
38.78
27.4679
27.6778
24.8554
28.0476
28.247
27.3628
39.8781
26.9373
41.1338
25.9587
35.3635
27.1599
29.9639
30.1691
28.3448
28.4969
26.5116
25.8186
28.2104
26.311
26.2764
26.6766
36.4125
27.3345
28.0904
27.4794
25.3701
27.9177
27.8856
27.1106
26.9606
27.2316
27.9726
27.4161
25.9312
27.93
44.884
28.4707
27.4511
36.1888
28.3053
28.4909
41.3355
30.3399
41.2644
27.8969
31.5232
34.7325
28.5605
26.9485
27.1526
27.8485
27.34
26.3539
28.1405
27.4254
28.0222
32.5138
29.4802
26.7939
27.439
29.0823
28.917
29.2329
28.9602
28.1901
28.4511
28.4939
41.4862
29.0987
35.8256
29.187
27.7503
29.1151
37.171
27.8347
29.0653
33.8678
26.7247
28.3531
28.1573
28.9214
27.2122
28.6469
27.422
29.6568
34.5766
40.8744
32.1268
38.5707
39.9973
43.3875
42.7047
28.9287
41.8605
29.716
38.6459
41.6202
28.5649
46.5829
29.509
29.9164
27.583
31.4714
29.1318
27.2019
27.2229
43.2252
27.0922
29.1594
29.5159
45.1089
30.3214
26.7925
29.8499
29.6787
32.7587
41.4
39.5266
29.3629
29.8209
30.0665
29.4563
53.6385
45.4987
31.0743
35.4885
28.7612
30.6397
29.9385
34.3263
29.5062
29.6206
38.9909
28.2553
30.9373
30.7885
30.0332
29.3651
34.9108
28.7221
39.6403
43.9513
29.5641
30.2037
27.6708
30.2993
29.0691
30.1135
40.9384
28.4213
29.877
28.5348
29.5366
29.3551
29.2696
29.8809
29.8928
29.8702
58.8587
33.641
29.9273
29.5483
30.9848
58.8152
31.3801
31.5745
46.9738
30.9891
31.2875
29.5423
31.771
30.4306
35.1037
45.5169
37.6055
30.6417
31.8372
30.5289
32.2402
31.2395
32.0641
31.5699
31.9735
31.1345
32.0829
34.7005
29.416
31.5906
33.8216
31.7842
38.5539
31.8353
35.9502
31.0164
31.0407
37.8285
30.897
44.7893
30.3652
31.1435
29.4334
29.1225
28.9695
32.0055
26.8284
25.2366
25.8299
43.8374
28.3754
30.5759
40.2291
30.2215
28.0071
30.3156
30.9071
46.0457
39.6929
28.6055
28.0668
28.5874
39.4276
29.1714
29.2002
34.2181
28.3527
29.9443
28.9755
28.5189
54.0866
41.332
29.4964
40.9577
27.507
28.1073
27.5378
29.276
31.5502
45.4916
28.5702
29.061
28.6839
44.3112
38.5127
29.5052
29.6775
27.5229
26.845
43.8166
26.6952
25.9909
27.2624
26.3496
27.588
26.6438
26.3285
26.2785
29.2452
25.4654
25.4618
26.404
27.748
25.8705
25.1253
27.052
26.5554
26.9926
25.9482
25.9604
27.1518
29.4296
26.0549
25.9897
36.1539
45.7152
25.6783
29.0392
25.0882
26.1523
27.3393
27.1307
33.7333
56.574
39.8899
26.7792
28.4285
27.2671
27.3165
27.0295
36.5693
28.2818
27.2594
27.5062
27.3639
26.0953
26.6981
26.7119
26.0788
30.22
28.6182
26.7903
25.7516
27.3787
26.2168
32.7182
26.2249
26.2343
25.6914
40.3296
38.0138
26.4559
26.7695
26.0185
28.1751
26.724
26.9593
25.4026
25.5107
25.5105
26.6176
25.7348
27.1938
25.7521
26.4494
27.1692
25.9668
26.3334
27.2428
27.8727
26.8514
26.6629
34.9236
36.9163
26.2041
53.5992
35.9696
30.1759
26.3316
26.0865
29.0444
26.5635
27.0013
26.2165
36.136
26.703
30.7252
44.968
32.1391
27.5595
26.0453
26.1435
27.6019
26.6141
27.7572
38.609
32.3377
26.7407
27.1496
26.4317
25.5022
26.3342
29.26
26.0889
28.796
44.5004
29.38
27.6989
24.6424
26.5598
27.6108
27.8332
26.8241
29.2891
27.1431
26.7072
29.1682
26.9206
33.1984
47.4137
27.4491
25.6434
27.111
31.2614
27.2887
40.9476
41.8349
30.6742
34.1015
24.6436
40.4064
26.6529
29.0834
27.7161
28.4713
27.4437
27.3734
27.4886
27.3058
28.3053
28.3104
27.0636
28.5332
29.0766
28.8636
34.8016
29.3242
29.8491
38.61
28.2241
28.1146
38.2132
46.2523
28.3062
28.194
38.0566
28.876
28.5947
43.3565
29.22
29.4416
30.9073
55.8062
30.7194
29.3311
30.3165
29.4344
28.8148
29.9242
30.6745
29.0791
29.5311
28.4841
31.0508
42.1611
30.4029
29.1148
26.2994
38.2326
28.6204
27.7498
27.8694
37.9864
33.9975
27.2091
27.4708
38.9324
27.89
29.4143
26.3067
29.8872
25.3692
27.2359
30.5229
26.5235
40.211
27.5304
28.1689
27.3924
26.4304
26.7885
26.7702
28.8375
31.1736
28.4135
27.5906
30.2701
30.4016
30.4736
30.7479
30.8323
29.1826
28.6965
29.5754
28.0776
35.5596
36.3995
27.825
26.7689
27.8384
27.5841
29.1414
28.339
28.1678
26.6867
27.4053
32.2079
28.4515
38.7138
29.0461
27.5658
29.0435
27.4013
29.9559
27.0796
28.6444
27.6734
28.574
29.2924
29.3814
27.6264
38.6232
41.4892
29.5112
28.8079
44.3577
42.2152
27.9576
28.6469
27.6078
30.3884
28.2488
28.0955
28.2344
29.9259
30.1858
30.0808
28.9886
28.5943
29.5486
60.7261
31.3006
28.9448
28.0888
29.0311
28.8162
28.6624
29.164
29.4786
30.1612
38.5269
43.5815
29.1727
35.0518
29.3175
28.6185
29.3568
30.3929
27.5389
28.063
28.0433
28.6397
47.2532
29.1651
40.6849
31.1068
30.6123
29.3125
28.6352
36.8391
27.4091
34.8213
30.2635
29.7828
42.7922
34.046
29.6785
27.7767
52.9856
28.7575
28.8382
26.7606
29.6976
27.6356
30.6735
35.5463
28.7704
28.2053
29.9002
29.1009
28.7472
28.6389
29.0565
31.3318
30.3902
28.9288
28.555
29.4556
38.65
37.7579
29.027
28.8639
28.0433
28.6704
30.4734
29.6627
28.5026
40.8864
30.6722
28.3193
29.3284
27.9013
27.9128
28.8471
38.2429
32.4718
29.7602
28.337
29.772
30.2773
39.7734
49.5419
29.3821
31.2414
46.7605
37.1034
30.6399
30.6722
53.0748
30.5273
28.2917
29.5031
28.4816
29.9632
37.5745
42.4757
34.5399
29.5732
30.2912
29.133
29.2421
27.9605
28.7078
28.0811
30.5329
28.6209
35.4674
30.7322
29.6321
46.2431
30.4162
47.3959
30.1913
29.7544
31.3931
29.6737
30.3348
29.076
40.167
36.0863
30.993
34.3582
29.0014
28.4649
29.7224
28.8213
42.5611
40.5948
30.8711
40.5984
32.0586
29.9321
29.1402
28.7705
29.8951
27.694
30.7713
45.923
33.6675
32.5748
28.9075
39.7904
32.4334
29.2107
36.5711
29.5674
33.8936
53.9547
29.9091
39.0545
29.7769
29.6598
29.4312
30.1474
30.3855
31.3642
29.9585
31.086
29.7367
30.5345
29.5192
31.1049
29.3095
28.2154
28.3083
27.9528
29.0253
28.5482
29.5549
28.7585
28.9273
28.2501
28.2567
29.3848
28.4926
27.5341
31.6631
29.9048
28.6783
44.0857
28.9859
28.3236
29.7069
29.2265
30.2794
29.4671
32.9688
37.4227
31.1524
28.0951
29.0211
30.3357
28.2137
33.1911
28.4311
41.4979
28.3637
34.851
30.9799
31.5417
32.1508
30.3398
31.7047
31.8237
33.0574
34.5561
32.3907
44.1746
31.3389
33.2853
43.7099
42.1584
32.6029
45.4206
30.8587
32.2534
32.6579
32.606
36.928
33.6932
33.5453
34.3263
34.4222
33.0648
37.8064
47.8038
32.3754
32.4102
33.8316
35.8285
34.3568
34.2396
38.5975
32.6797
33.8199
46.3273
35.2464
35.2666
38.0919
35.6168
34.77
34.8905
33.9636
41.046
34.6761
34.2754
33.7474
35.8674
34.5464
36.1803
34.8903
34.4296
34.0685
34.7715
34.1827
33.7322
34.7496
33.683
33.6622
45.7361
33.5169
35.2596
32.6202
33.8666
32.8884
34.3545
42.9845
32.8371
33.2863
32.9392
31.4977
32.7545
31.1686
32.6546
46.1153
48.1542
43.0938
39.5847
31.0747
32.5679
32.8691
50.9605
45.2366
32.4628
32.1999
33.2553
32.4231
32.0877
31.6281
34.3852
32.9256
30.9005
31.6004
32.0418
39.2427
33.0476
32.4502
32.6122
37.0264
33.69
32.5751
33.3209
31.7621
33.3631
32.0614
38.118
33.3878
33.4141
32.175
32.4009
33.3334
31.4974
32.9748
59.146
34.4603
33.7862
32.1942
32.797
32.436
31.8224
32.1174
32.3078
32.7007
32.9323
31.3989
34.4441
33.2861
37.3734
32.7923
33.1483
32.5926
33.9098
42.3081
32.6921
33.2772
33.2328
32.5361
47.2888
32.4851
43.7354
39.7352
33.3049
51.5068
34.0499
32.5094
38.7646
54.3305
32.6558
34.16
34.9041
32.7779
31.1766
32.0656
32.42
31.4244
31.7797
33.0532
49.2589
51.3327
31.8822
32.8645
34.4645
50.3328
31.0175
32.5131
29.4596
33.321
32.8557
33.0077
32.0199
32.5351
32.0405
32.1809
42.0479
31.978
31.3126
33.8801
49.3642
35.9952
33.5913
38.0772
33.9453
32.9356
49.7894
32.8666
34.6964
32.7266
33.3344
34.9274
34.2214
32.8067
35.9898
34.4495
32.9598
33.9908
48.971
36.3812
41.6557
35.699
60.5816
53.4597
35.988
36.3353
35.2669
39.5417
34.5904
35.8199
34.8442
35.2685
34.3241
34.6766
34.9955
34.1798
36.2032
38.7486
36.7012
35.9855
35.1848
48.143
36.1841
35.2444
36.0421
36.2568
35.9077
37.1276
40.2983
34.1408
35.514
36.1848
37.5394
36.2602
44.8388
37.0928
68.0386
36.0882
37.2541
49.4172
37.7922
45.0783
42.0891
36.4181
36.5325
57.5013
37.7399
47.4305
36.9109
51.2846
43.0055
47.6227
37.6744
38.2411
63.3663
47.6872
38.0058
35.7449
36.0141
36.2892
51.8392
34.164
34.1384
35.1314
33.3509
50.9478
33.2424
33.7854
34.778
34.61
53.0704
45.7052
34.8625
34.8268
32.98
31.5123
32.4568
32.2135
31.2445
30.6335
30.3308
30.7561
30.8477
29.572
29.7403
28.2748
28.493
28.7534
31.2957
28.6729
33.2996
27.5721
27.4833
29.8184
28.8299
29.7708
28.6606
28.6857
29.9709
29.2479
27.8165
28.3716
29.9153
28.3094
38.6954
31.0885
30.2418
29.9174
29.4004
29.5433
29.6224
41.0601
29.0662
28.4569
29.4923
27.0431
28.6638
29.0091
28.8855
33.6313
41.8006
34.5159
28.6428
29.7879
29.1347
28.2355
46.5844
30.1078
40.8304
29.9198
28.4119
29.3434
44.0041
29.075
28.6686
29.1023
28.3019
34.3698
29.4
36.3275
33.6681
39.9998
29.2917
42.7378
41.9775
28.2873
28.823
31.9887
29.6117
28.2789
28.5165
27.7606
28.7785
28.7922
49.6321
28.1525
29.3214
29.4347
29.2342
28.8137
30.2524
44.7837
44.1192
30.8139
39.5889
29.4278
29.7378
30.0703
29.1512
29.1695
34.1061
28.0433
32.1255
29.6443
31.0444
37.4764
29.1687
29.6846
29.3589
30.0181
29.8102
41.4994
29.8613
30.1486
29.4032
29.468
38.1013
28.4804
29.7888
30.1073
29.7142
44.2192
44.8681
45.3265
43.1929
52.951
30.3582
27.9885
30.1059
29.0304
39.9379
29.2385
36.9359
30.8534
44.8871
29.3927
37.0643
30.1636
29.2927
30.1369
29.2215
31.4698
29.645
29.0442
31.011
36.9894
42.8613
29.8948
32.123
29.0324
28.7024
28.8739
30.5096
33.9137
29.1044
30.3569
37.0661
30.8327
45.1203
29.8325
29.7968
30.3684
29.2529
30.0677
44.4108
29.8464
30.4055
29.6513
29.9871
34.565
30.4609
30.3958
35.3192
29.3274
30.7833
31.9648
33.9659
28.3144
28.7335
29.5738
28.877
28.4935
30.6764
30.8152
29.3279
30.6816
29.2472
40.5346
29.8368
28.7387
30.0708
29.3223
39.6374
42.9638
43.7119
29.2368
26.9376
30.3659
28.5016
33.0102
33.0046
29.4351
28.9948
29.743
28.3698
27.6769
26.6157
28.1862
26.9965
28.6551
28.1064
29.6272
29.6701
29.2384
28.3195
29.2351
46.831
29.9308
39.9161
28.8206
29.2477
35.6462
28.4354
30.2926
29.5501
28.3999
39.924
29.7933
29.4987
28.1738
29.2097
30.1373
30.1356
31.0527
30.0022
30.6323
30.1019
44.1574
34.1851
31.1135
42.9549
29.5751
30.3967
29.9768
30.0562
29.83
35.9135
29.9886
43.3924
30.5002
29.6214
30.3332
44.961
34.8118
30.7093
29.9638
30.9668
28.0204
39.8347
28.3429
28.4974
38.1394
27.2487
26.0248
39.6562
27.241
26.9012
34.9241
29.7498
31.5439
24.3428
27.4506
37.0822
28.9748
26.3388
33.3987
38.2597
28.0701
26.7889
28.1754
30.1832
29.0452
28.7968
27.9519
28.6772
26.8945
36.3001
28.2669
41.6373
29.4124
28.2442
32.45
28.093
28.9617
29.5446
35.9884
28.7767
28.8612
30.6315
27.2588
25.7182
33.9899
26.2133
25.6441
26.4114
25.8154
27.3064
25.4826
25.8452
26.7265
26.7259
33.3148
25.8156
25.1651
25.9256
28.6681
26.5595
26.8494
26.2881
24.9961
39.1161
26.1163
26.6036
25.0971
29.3511
25.1384
26.4931
26.0506
41.9423
26.2856
44.1781
42.9695
26.2671
39.2548
26.5461
27.1764
26.3972
25.9377
25.0148
36.2583
25.1731
42.3993
34.8689
27.3562
35.9617
25.4836
25.5896
26.167
24.8592
25.6273
27.1741
31.8869
36.6486
26.23
26.6949
26.3847
25.5734
33.2964
24.6927
26.209
40.5197
25.5741
26.0553
25.0282
29.0269
26.6306
25.7266
28.0606
25.3763
24.9758
26.4482
33.2009
25.4292
25.1952
27.5104
24.6456
26.4625
51.2125
38.7373
25.2995
27.2278
26.7583
24.4999
25.9409
25.1765
41.8154
30.9285
30.7886
25.4761
25.6979
25.1311
31.6713
24.6949
24.9834
26.2256
32.4541
24.8247
25.7023
25.4854
33.7357
28.7128
27.4201
26.0868
26.205
26.894
25.9141
26.5274
28.2273
26.1422
25.6994
28.6612
27.4303
40.7986
29.0512
27.0913
27.0529
26.4778
27.5155
26.3672
26.3804
25.8541
25.8213
26.815
27.4125
31.3931
44.4155
40.2329
27.3514
26.3531
29.5312
32.0457
26
34.8008
31.5532
27.2034
34.8884
26.206
26.9968
26.3719
27.6624
26.3576
27.2913
27.0548
28.3752
27.4927
26.5358
25.1216
27.5087
26.5232
26.1363
26.0829
26.9136
26.32
26.3533
42.0387
27.8917
28.4509
26.931
27.0123
26.9498
28.1779
27.0804
42.4617
27.2922
26.8752
26.5435
26.8538
27.0336
37.8663
26.6416
26.7282
28.5747
27.7417
32.9122
43.7433
42.2382
44.8204
37.9481
36.5863
28.027
26.6372
27.9073
27.0681
31.4629
29.9703
32.4583
28.1647
28.7555
29.2718
30.0894
29.2767
28.4753
27.9018
29.4727
28.5951
30.1565
29.1906
49.0514
35.6859
29.1359
29.3934
32.6409
29.5701
28.9148
30.1511
28.7771
28.5622
28.1734
28.7566
43.9719
35.8159
28.0223
26.4994
27.5964
27.9335
26.4516
38.2611
27.1475
24.9871
26.0619
29.4873
27.6107
25.9091
26.5672
26.7709
26.9852
28.9681
27.7537
26.5588
26.0112
27.5097
37.9302
28.1444
28.1345
29.2205
27.7555
28.4925
28.4628
33.676
28.3814
27.9513
29.0672
28.0702
29.594
50.4293
27.877
29.2981
29.8847
44.6898
28.529
27.0691
25.776
26.6818
26.6877
51.5269
28.3028
35.0412
27.4223
27.4797
25.2831
28.6253
26.8421
27.725
26.0051
27.8018
27.3904
28.5377
27.5744
28.0644
26.7789
28.829
27.7139
29.0407
27.5782
38.928
28.238
29.6196
37.0794
29.555
28.1365
29.8524
28.8282
30.175
27.5544
28.7737
27.4765
28.7546
27.682
28.0019
27.4743
27.5238
27.5633
33.4687
46.4925
29.6168
28.2233
37.096
29.2874
27.2599
27.1901
27.6604
28.5885
37.2401
28.638
26.6016
27.1003
26.2587
28.1666
39.1293
35.2636
27.6569
27.3488
29.7663
30.6967
27.2226
26.7808
27.9385
27.5655
31.234
26.8203
30.5507
27.0552
27.4538
27.2529
27.7321
26.9571
28.0461
27.834
27.7649
29.8452
28.9492
28.0568
27.1211
28.0995
33.8303
26.5409
41.6347
26.5476
27.7548
32.122
29.8003
28.4299
30.3164
44.8527
62.3668
31.9696
31.5337
30.3701
35.337
34.8471
32.1099
33.5028
55.4369
30.596
29.7216
48.5419
32.2714
33.7565
30.5041
29.9394
32.6952
30.5426
31.6465
33.4111
41.6776
33.287
31.5641
32.4258
31.2629
33.1514
30.9575
30.8602
32.0861
31.3043
31.2819
35.2845
33.9013
31.0472
47.6937
55.064
38.4739
34.0744
34.4209
46.0285
34.3655
33.2543
33.1923
32.7537
32.7212
33.5227
46.7438
32.4656
32.1053
31.5989
32.4809
43.0924
49.2323
35.7475
57.0207
32.9453
33.959
32.274
32.9011
32.2463
33.5488
33.5533
31.7891
32.9187
32.0622
31.9062
30.1992
32.003
31.7485
30.5583
42.4033
30.4417
33.3088
34.5614
55.9836
31.9587
31.786
49.4925
32.0355
47.2053
37.3493
29.2309
30.6674
32.506
31.7157
32.6232
38.293
29.9061
32.2528
29.7026
31.5507
32.4063
34.0845
32.2619
38.1232
32.403
34.6542
35.9368
48.5849
34.3534
34.0362
32.9169
32.091
32.9554
31.7229
32.4114
31.6303
37.3228
32.2792
48.0343
32.7429
31.7021
35.1348
32.1347
31.4363
31.3101
32.3675
31.3
40.2699
35.5077
31.0907
32.8254
31.7121
30.4008
32.269
33.0444
30.8207
32.387
30.3173
36.9688
31.9534
34.2645
30.125
31.1181
39.2838
31.8896
32.4975
32.9112
30.7578
31.6055
31.2446
31.217
52.5775
31.3173
32.1725
31.0166
31.5566
32.134
31.3121
35.669
31.11
55.1657
35.8407
32.6257
33.1595
32.5892
30.9058
51.773
31.8227
32.5297
32.6813
32.8451
32.5006
33.5511
32.8705
32.69
31.1768
31.5321
30.9797
32.0582
38.1278
31.3952
32.3501
32.4194
31.2286
32.9948
40.4512
41.6283
33.136
31.5745
50.6393
35.1714
34.3784
44.3728
34.1011
31.945
46.0743
33.3523
32.3587
33.0015
32.8722
31.2216
33.0187
53.3649
31.5819
44.9483
35.136
32.3331
33.3829
46.8879
46.0584
33.3997
34.5633
34.6626
46.8852
34.3735
33.5946
45.9641
34.1493
32.7849
35.4943
34.8408
34.6094
32.4655
35.5163
34.1794
35.7933
39.6283
33.5309
34.4955
34.2613
33.7274
35.8974
35.5005
34.4942
35.3841
46.0945
35.2972
35.2811
38.7556
36.7748
34.8179
34.3601
39.5039
52.0085
47.0503
34.9299
33.8398
48.8303
36.302
35.3162
37.1247
48.1365
35.503
37.6794
37.1772
34.854
36.4934
35.1407
36.9589
34.8179
35.9485
37.5557
35.4222
36.111
35.1691
35.5802
37.0301
43.4776
38.0308
36.7414
33.77
35.9445
48.9497
59.5895
36.7875
38.4878
51.4751
36.6341
47.226
38.2348
36.7791
36.771
39.8511
36.6455
37.7773
35.112
35.205
35.1833
34.7344
50.3455
55.1065
36.9999
33.7917
34.5613
58.6705
33.273
35.2624
34.2255
36.2464
34.2325
43.8013
34.2877
46.7067
33.0774
31.9142
32.0885
32.8527
30.3428
33.4451
31.9993
30.9781
30.9922
29.4259
29.5994
28.6459
44.6237
30.8262
28.0916
31.1806
28.7071
29.6345
42.606
30.2452
29.1671
42.5285
30.0361
29.8737
38.8725
28.8365
30.8567
28.5083
29.742
27.22
29.1111
28.5479
28.763
28.1394
29.4377
27.9251
56.5399
32.1694
37.3853
28.7607
29.5302
28.5854
27.8793
30.44
28.0123
44.9946
29.0122
33.9315
28.2783
30.4799
27.3144
28.7325
28.4635
28.9427
35.0845
29.4181
29.6711
30.1355
28.5447
28.0777
30.7986
28.7971
39.5348
28.9337
35.5533
28.7584
29.3976
28.4734
37.7717
30.5874
29.477
55.4559
28.4979
28.983
31.461
29.1321
28.9071
30.1222
45.0707
28.6224
28.7472
29.5744
29.3064
28.8292
29.7439
29.0575
29.0604
32.8831
29.7969
26.3003
42.3715
27.8827
28.6324
28.6396
27.314
31.6674
28.2756
29.2354
28.2547
52.2431
33.3046
29.2944
26.8532
30.6201
28.7011
29.8706
41.2637
41.8169
29.6197
29.3169
43.4776
31.6273
29.9687
41.7378
28.7479
30.7672
29.4881
36.1349
30.8927
47.2026
32.7054
42.0214
47.2317
35.703
32.066
47.1194
30.6618
39.1776
31.0109
31.5158
28.9191
30.4556
30.8234
29.6404
28.6347
41.2112
30.2041
29.3141
30.4535
29.0441
31.0162
29.0325
29.8754
30.8908
32.7593
29.5062
29.3751
30.033
41.3021
28.3878
30.9715
30.5353
29.3424
29.4591
30.4153
30.1057
31.1882
29.7209
29.7865
36.3995
30.5271
29.4016
45.733
55.5254
31.9598
29.8463
31.2693
29.7335
32.6193
31.2619
28.348
30.6054
30.5238
30.9299
28.675
29.2517
29.5887
30.1863
31.0281
50.3088
29.1504
30.7496
28.3067
36.7288
31.9677
30.474
30.4461
29.0764
30.395
28.6473
39.8553
40.7041
35.2233
29.8352
27.9527
29.8851
29.9053
30.1511
29.3396
32.0536
41.6812
29.9679
30.1971
29.1465
31.9646
30.3862
30.3755
30.3666
30.3193
29.0675
32.2232
29.2184
29.4956
35.4789
30.778
29.475
30.2314
39.9938
30.6803
29.2664
34.6198
30.5523
28.8501
31.0789
38.4274
29.4932
30.0002
29.7219
30.5775
32.3433
37.8894
29.4722
41.2801
30.44
28.7168
29.0358
30.3
48.2404
29.1256
38.1226
30.25
32.2708
28.8975
30.7126
32.0536
29.5364
30.6889
28.8832
31.0993
29.9443
31.4778
29.5521
33.1491
34.7775
29.452
28.7966
29.5824
31.1163
30.3411
29.698
36.1652
30.5451
30.1817
31.9212
30.3117
29.6464
28.8512
29.1945
28.9725
30.8835
30.8485
46.0958
29.8136
29.4725
41.2019
38.2728
35.8703
30.8192
30.2441
59.0295
29.594
30.3353
37.0238
28.8855
29.2038
29.842
28.2712
28.6771
29.2728
28.9017
30.4351
29.268
29.7455
49.709
34.9997
38.4033
28.8508
32.3479
29.0692
30.26
30.5783
29.9027
32.6556
28.825
30.2431
41.3058
48.3229
29.993
29.4608
29.3558
28.0847
29.926
29.2821
29.5584
29.2893
32.8062
37.286
36.0108
30.6973
39.7698
29.0195
31.0025
30.2453
29.1271
43.9557
44.6504
29.9365
30.5187
29.5236
29.7293
36.7922
29.34
30.1569
29.4321
37.7576
43.3198
29.2715
29.1902
40.3553
31.7499
31.726
29.9629
30.3311
29.322
29.4738
29.0901
30.1542
29.4456
30.4822
29.8355
43.874
30.948
28.9293
48.4772
30.7474
30.2401
35.1545
29.3859
31.7534
30.523
52.822
31.1155
28.7183
47.6082
28.242
31.1293
28.0638
26.2563
28.5282
26.6418
26.9382
26.7823
27.918
26.933
26.5871
28.4529
28.1084
27.8516
40.4837
37.3715
28.2525
32.3494
33.2972
28.4424
29.1953
31.3116
42.6536
27.884
28.1075
27.9425
30.8454
30.7787
27.2541
29.2439
27.6823
29.8519
27.5152
27.9508
28.596
30.4773
38.7037
26.8992
24.2796
26.0447
27.4637
28.0218
25.9376
24.8452
27.0535
25.9838
34.4833
36.5687
26.3875
39.8849
25.5686
26.2776
26.5238
27.0176
26.6028
27.4899
30.1093
26.824
26.3482
28.8575
35.8551
30.7142
26.0038
28.1141
27.3411
27.1589
28.1137
26.5965
26.743
26.0089
28.0188
26.054
29.0306
29.5881
27.7231
26.2629
28.0947
26.6524
26.6656
33.8241
28.0733
27.2937
27.651
26.4662
27.9522
35.406
25.8701
26.0926
26.0847
36.2844
33.0317
29.1796
26.4366
27.9219
27.0695
29.0254
27.0089
27.4297
25.5108
27.4159
27.7406
26.969
25.3158
25.8903
26.1757
26.6672
27.6556
24.7347
24.7687
32.9604
27.0933
34.2883
26.796
27.6096
25.8056
26.5647
25.1334
28.9551
42.7514
25.9627
26.3781
26.895
25.5984
25.2523
25.9817
26.6396
26.0978
27.2111
27.1434
29.1399
41.7785
40.4451
26.4201
26.8911
32.8087
52.4087
27.5894
26.5682
27.6268
28.2229
26.4802
27.464
27.7254
25.2934
27.0858
27.3785
27.282
26.5884
46.4821
26.8438
27.1973
25.6148
26.0869
35.5638
36.4746
25.5653
36.316
25.9578
33.3199
25.205
27.2348
25.3317
34.8249
25.4518
25.9399
26.3627
32.5322
30.0155
25.7407
25.5815
26.1047
24.9769
26.9999
36.1983
26.5024
25.4172
35.2351
37.0005
26.7174
29.9066
25.5293
29.1198
25.6138
26.541
25.9187
26.1801
27.0789
26.6015
25.9412
29.4159
25.8805
26.5901
28.478
32.5859
26.6234
24.5735
25.7063
47.4293
27.2558
43.4079
36.6574
27.3631
27.5956
28.0496
26.4803
28.3828
25.8493
28.6719
27.2654
28.0387
26.7425
28.605
26.9896
30.3483
25.8104
27.0728
29.6927
27.2975
39.7644
28.1055
27.0996
40.8827
27.5248
27.8165
27.4885
30.6202
32.4633
30.0427
25.9965
29.5247
25.5588
27.4626
26.8461
28.4662
27.8216
27.373
29.7205
28.484
27.3479
28.1757
27.3171
28.7451
47.2297
28.7899
28.7191
28.6055
32.9874
31.891
27.5647
30.7952
27.7615
27.7258
28.5165
28.8458
28.5722
31.4389
26.0314
28.1158
27.575
27.1928
27.2839
26.8514
46.17
31.0952
29.8123
33.4133
27.4404
43.0175
45.3185
27.5106
25.5874
28.5454
26.7459
28.3096
32.278
32.1554
27.2834
30.9097
28.7259
36.8758
30.528
38.0721
30.272
44.5636
30.7447
29.3959
42.3182
41.3554
30.369
29.1827
28.2396
29.1238
27.1365
28.7307
36.0115
29.0386
29.0658
35.2076
36.4794
29.6614
32.8546
43.2202
29.5475
42.3316
28.69
29.4244
29.0946
30.045
30.0405
28.7108
28.1036
29.5571
42.8597
31.3235
30.7298
48.9647
52.2529
31.7318
28.3485
30.0874
35.6229
38.3696
30.3195
30.4396
30.2351
28.7812
30.0041
47.9692
41.7075
29.2783
30.3992
29.8505
28.7501
30.3161
28.5374
29.0064
28.4607
30.5517
29.3254
29.184
28.955
29.8208
29.8539
37.4319
29.897
27.0534
29.2045
30.8824
29.9065
30.0558
30.4547
50.73
31.3327
44.8602
34.7416
29.8395
41.4182
58.2326
35.1774
31.1715
30.5493
66.4706
31.7633
30.7517
45.0309
45.5334
29.8524
46.1079
43.2251
28.3626
30.6972
31.0864
41.4764
31.3228
29.6782
31.7662
32.3991
30.967
32.1445
34.1803
33.7861
39.2794
33.2556
33.9704
33.4196
36.8514
33.8228
33.4208
33.0694
31.9135
32.1218
33.3406
33.1555
34.1971
31.7624
30.393
30.9762
38.5448
40.0303
31.3202
47.8765
32.1761
32.0305
31.7146
30.7102
31.4626
30.3509
29.7337
30.8331
33.2551
32.5119
32.7218
34.7819
32.2863
34.6186
32.0873
32.7606
32.3434
31.8853
32.3892
32.912
33.8442
32.4508
32.9583
33.3156
43.9246
50.6341
41.8775
49.2251
33.2748
46.1949
33.3571
34.761
40.1443
32.3956
33.9718
35.1595
32.8009
32.3564
34.0857
43.5428
33.0986
41.6651
35.9866
32.2343
32.5907
44.2988
34.2374
34.2767
33.5571
34.1304
33.4613
32.5165
31.6119
32.1579
32.8389
31.8952
32.5561
34.1543
52.4659
45.7176
32.872
32.4057
31.7782
34.1444
33.581
42.7114
32.907
39.7826
32.0694
44.7776
44.3902
32.71
33.3289
31.3915
47.8995
42.9842
42.1075
32.3221
32.9931
31.0671
31.5632
45.939
31.2645
31.843
33.6238
36.1996
33.1174
36.1396
34.734
39.2604
33.2771
32.6716
32.4006
41.5663
31.9006
32.5894
30.1861
31.2222
31.4727
32.3333
43.1256
30.765
31.9875
32.6247
30.0737
30.2157
31.5269
31.0008
35.4206
30.0266
31.1886
31.4888
32.3439
32.6241
40.262
46.9162
32.4445
34.6191
33.151
31.3482
33.244
30.6423
32.1049
41.0389
36.3213
33.0066
49.2568
29.8274
48.3471
31.4281
31.7937
29.9679
32.6287
44.8266
30.2307
31.0261
30.6497
58.7624
33.1736
32.2614
50.5855
31.4714
42.8876
32.4746
33.6543
30.266
32.0999
31.3069
31.5856
30.9124
30.6648
30.6639
31.9562
31.1058
31.7193
35.0568
55.1626
33.14
30.3752
41.6975
30.9376
29.8651
31.7542
30.4353
36.7533
32.9416
32.8175
33.4032
50.6965
39.045
43.9403
31.673
37.6995
35.9973
32.5373
32.7269
44.2765
49.8945
33.5566
32.4834
32.5841
30.5583
33.8989
32.2083
31.3449
30.7725
32.2459
31.2503
33.2904
33.0443
31.5103
34.916
33.099
30.633
37.7177
44.4817
46.9242
31.8643
33.2411
42.4508
33.5323
30.9867
33.8251
31.1422
31.952
31.4337
34.4841
31.0669
31.6868
31.0176
33.2352
31.83
32.5817
46.1406
34.8057
31.7974
31.4097
33.0276
32.4456
31.6154
38.5801
32.1515
32.6044
31.6792
32.4679
33.7174
39.9343
32.8252
32.9501
40.5733
45.6598
33.0593
40.8203
33.3256
37.3703
34.4653
32.4021
35.4626
40.213
34.5031
33.6638
32.7027
37.9276
46.4919
36.0597
32.2555
31.6356
31.46
35.3374
31.8585
32.884
31.2608
43.4691
32.7925
38.4144
30.6689
34.7672
31.6292
31.6978
33.0844
34.4813
31.6301
31.8214
33.142
33.2088
39.461
34.4839
32.4663
31.436
32.3936
32.2484
31.6488
32.621
33.1457
32.3986
31.928
33.9993
31.135
35.4067
32.8992
31.5142
31.7826
33.5386
32.7892
33.2424
45.5645
32.1452
45.9233
32.4242
33.6692
33.5833
34.5203
57.5673
35.2465
34.0774
46.1029
52.6607
32.302
33.9501
38.7683
34.9792
33.2
34.4945
34.5085
34.7584
34.8846
35.0916
32.8896
35.726
34.1181
33.7481
35.3183
35.0501
42.5344
35.4776
49.3212
34.8804
35.1413
34.27
35.8301
35.3344
34.8916
50.2803
35.788
33.1079
33.8783
34.9908
67.9796
34.8183
35.0385
35.7841
34.8435
34.4498
34.1911
43.3479
33.9757
33.5096
36.3559
43.6787
35.7722
35.7053
46.6197
36.2384
36.1901
36.671
37.4444
38.2135
38.0872
35.2801
45.0859
35.733
42.0055
37.4151
33.6907
33.8317
36.0844
34.5033
48.1162
43.099
54.8691
38.5177
34.1974
34.3686
31.1473
29.9312
30.5818
29.209
29.7233
30.1758
29.354
27.9084
27.8808
28.0857
39.402
28.1904
28.3241
28.27
30.7379
29.8827
29.5143
42.7007
30.2466
28.9185
34.7102
30.5141
29.8364
29.3856
29.5585
27.94
29.9409
28.1819
30.0201
29.3202
35.0084
30.0589
30.0995
28.5302
29.8479
29.4485
45.5134
30.1503
30.157
29.5388
28.6687
29.4195
31.0706
29.632
29.949
30.0019
29.0922
29.6654
29.7116
29.8431
30.0967
28.0299
27.9784
28.9981
51.2655
35.3368
28.9082
29.1158
29.5561
28.6523
30.891
29.2771
30.493
29.8805
29.443
28.5885
41.8555
39.4436
45.6069
30.2264
29.3098
29.9943
33.8506
28.7189
28.2337
31.1516
28.0279
29.5794
38.1795
29.9853
37.439
29.3142
27.6195
42.8559
29.787
27.9571
31.0376
36.1312
29.4421
28.9364
31.6625
29.0893
30.4995
29.5262
31.0549
28.8014
39.5262
29.6453
28.3934
29.1598
28.0574
35.1912
28.9025
28.4747
30.2753
29.0171
28.601
28.8415
28.8448
27.2906
28.8956
28.0593
41.1192
35.6168
27.9445
31.0735
31.774
29.6447
39.6455
29.309
29.0901
30.1736
31.6131
29.5482
29.8922
28.9305
28.5564
28.1434
28.3672
43.9818
27.917
29.2254
30.1091
30.2346
31.0791
29.3152
37.5191
26.9515
55.4915
33.9502
48.5042
26.5241
35.3531
30.9013
28.3712
28.3532
29.4052
36.4058
28.7775
28.4686
35.3992
27.7944
42.2512
27.807
29.0852
28.5851
28.3086
48.4616
31.6477
31.1537
28.3622
29.0624
29.473
28.8072
30.674
45.2338
28.4355
30.3408
29.3905
29.7048
27.7719
29.7566
35.962
29.8735
25.9286
58.5126
30.7044
31.5985
28.9615
27.1356
27.4147
29.3918
29.1675
28.4472
27.7433
26.8433
32.4684
37.9725
29.9939
28.5662
29.1542
29.7397
28.3146
29.1756
34.684
36.9989
41.5455
28.4036
27.908
35.3672
38.5909
29.4418
29.1218
40.0935
40.5029
30.3105
28.3384
30.8101
29.9429
31.161
29.601
31.1752
29.3686
31.2044
27.6674
30.8735
37.4671
32.4716
48.3921
41.5088
30.7854
29.4478
31.5778
28.3747
33.018
40.6889
27.5525
53.2633
27.0524
26.6045
25.4204
26.3735
29.0239
35.4106
28.078
26.306
35.9027
26.1569
27.9885
26.3041
29.421
28.6367
27.515
27.4245
26.9131
28.0695
28.5767
27.0914
31.6944
26.6711
27.9664
27.2063
26.492
30.8712
27.9671
27.3726
28.3912
30.1366
27.0961
30.3135
31.3133
36.3391
27.4357
27.2018
24.9156
31.9742
25.012
26.1154
25.4982
26.3487
26.4045
23.668
40.437
26.336
26.2677
36.6786
26.5583
40.9651
25.7606
31.2024
27.8253
34.6823
25.768
42.3329
26.6511
27.1848
29.098
27.194
39.9158
28.7092
25.459
38.1513
27.0198
27.1417
24.6581
34.3892
32.2051
34.0545
26.1236
27.1352
26.4629
26.2115
30.2413
25.4869
42.6596
26.9874
27.1575
26.373
29.32
24.8289
24.4976
25.3521
26.8989
26.4163
31.5043
26.671
26.5585
29.8421
25.0696
32.8931
44.3637
27.0184
27.3124
25.2516
25.4773
24.694
25.4113
26.3826
28.6923
32.7444
24.3759
25.5405
37.4276
42.8405
33.6898
26.8547
38.8466
26.0579
32.1722
39.6535
30.0676
25.5086
25.5202
25.8709
25.2239
25.949
33.1249
36.8725
25.5052
27.5232
25.4413
27.2394
24.6786
24.8706
26.4489
27.0666
25.8937
27.4443
25.7563
26.3904
33.5785
26.0302
26.0198
38.7394
30.0617
36.5079
25.0875
25.84
27.1393
32.7492
25.8928
27.6307
26.9621
25.8569
25.4029
36.8392
25.8964
24.7863
36.638
26.9772
32.8883
28.4449
26.1282
27.2712
26.3468
25.6697
30.7275
24.2664
25.7669
26.013
27.1394
28.7413
28.3704
41.8443
42.732
52.6186
27.0512
26.8301
27.2879
26.9475
27.4724
27.3676
26.3801
30.1221
27.5427
27.8947
27.4222
27.6562
27.192
30.0677
41.3386
31.9125
26.9413
35.3792
35.3277
27.0832
26.3289
26.9233
27.3072
25.7377
27.6764
27.8433
39.2709
39.1794
28.6241
26.9383
50.0104
40.4993
28.05
29.3275
27.4135
27.1538
27.1099
27.8096
27.4823
31.8746
27.4138
36.8881
40.8518
28.1176
27.309
26.7022
29.5697
26.2174
25.3395
28.536
24.6829
28.0249
34.8368
27.4362
26.8253
28.6845
26.2695
27.681
25.9727
26.74
25.4433
29.9413
25.8167
27.1531
27.0065
27.9641
27.4962
27.5907
32.7104
27.5909
35.7112
27.3903
33.5139
28.0574
26.5598
26.5067
27.3662
26.5965
27.8053
26.9936
26.4868
30.6281
40.4007
25.7512
28.2743
28.218
38.8676
28.5806
29.7225
33.3013
27.78
29.2431
27.7103
28.8525
27.7952
26.823
28.71
27.7676
27.59
40.9764
28.8517
27.8379
27.5014
28.0062
28.4953
40.9589
49.157
26.4488
28.589
28.21
32.788
26.3767
26.3857
34.052
26.0152
29.4249
26.5936
27.229
26.688
28.8145
27.4432
32.6806
32.5674
28.2132
31.1982
28.5069
38.7461
43.7467
30.072
28.7182
33.5975
30.2636
29.3128
28.7256
28.441
29.5861
43.0914
28.4143
33.4227
27.1779
38.4686
27.6109
33.5948
28.2647
28.5271
29.2876
31.822
28.0497
28.978
29.9182
28.3909
36.9184
29.1358
27.7807
29.8039
28.0703
35.0473
29.0643
27.9637
28.061
27.5704
31.7269
36.9705
34.5153
30.3773
29.1898
29.8964
37.8881
27.5143
29.0531
28.7325
27.675
28.6202
27.8398
34.1836
28.8255
27.8685
27.0082
28.0581
27.9203
28.7689
28.8877
29.0478
26.9938
27.8577
27.7325
32.1933
29.113
29.1119
26.7161
29.4494
27.2994
27.2863
41.636
34.0346
40.9231
28.2989
27.9762
27.0625
34.0904
32.4761
28.8735
28.1104
29.306
28.0095
30.2575
36.0037
27.2275
27.3564
28.7829
26.5888
29.6945
28.8848
27.7649
36.5753
28.1703
28.0053
54.3923
27.9969
27.9441
28.8874
26.7055
28.9465
27.7811
26.666
48.3849
27.9586
27.0501
34.4488
29.0501
27.7925
27.8856
29.5207
29.1542
35.4935
42.9509
28.5097
32.6059
29.837
28.4607
27.631
28.0517
28.9053
29.2119
29.3434
29.4856
28.6498
47.3043
32.9056
30.9533
35.4484
28.2088
29.8846
28.0632
29.2392
28.3706
29.3447
30.6801
30.4572
29.4644
30.8057
28.8157
27.1786
29.8988
31.0366
32.049
30.6916
53.8521
40.9692
38.9212
28.4054
27.8558
32.1819
27.935
45.9299
26.5203
27.7202
28.6244
42.1651
30.0409
36.8432
29.0189
29.2874
28.9018
28.601
30.1048
28.1745
28.4038
32.5929
27.6945
60.7178
30.5982
30.5097
30.0665
28.6225
30.0023
28.3775
28.8208
30.0118
30.3071
28.844
28.4952
29.7912
28.9431
39.2022
30.2324
29.1788
29.039
30.2574
30.4358
29.757
29.2273
29.6766
31.1538
33.7691
30.6508
31.9883
29.4328
37.552
29.4914
36.6139
34.1147
29.5899
28.6431
28.1137
30.3534
28.7697
29.4164
37.3576
32.6301
28.5786
30.8909
28.7621
34.0986
29.538
28.9183
28.41
30.6494
32.0298
32.1469
30.937
27.6162
30.5792
30.3546
28.7482
29.42
30.5704
45.8817
28.4618
30.0187
30.7556
44.1346
30.8921
29.4862
29.9309
31.7791
30.3694
30.4921
35.4635
35.6386
31.1765
28.6925
30.9309
29.9064
29.371
28.4795
30.1983
36.7327
30.1312
32.4184
30.8868
29.8085
41.4973
31.8006
30.3258
32.8111
31.6024
32.1619
39.2784
31.68
34.0484
33.6493
34.3733
32.9758
34.2267
37.0524
41.9621
34.126
32.6135
32.7017
36.5429
32.7928
32.5907
30.907
29.9748
30.9093
30.5796
31.4359
45.897
30.8987
32.4714
31.5576
31.5265
31.1166
30.8296
46.8122
31.517
31.7149
32.904
31.5198
44.3193
32.5753
35.4312
34.3837
41.6996
34.022
37.353
32.5547
40.4097
33.4368
32.9611
32.9849
56.827
34.4045
40.9741
31.1611
32.3872
33.5268
36.2825
37.5922
47.0507
32.6976
34.0619
33.7803
32.7565
32.5439
32.877
32.4559
33.2193
47.1346
33.147
44.2513
32.7829
33.2277
32.3682
49.412
34.5843
33.0867
32.623
34.2506
31.0139
33.6564
30.993
35.7079
32.4635
36.1538
32.6033
41.8696
46.0227
32.196
59.0479
42.9027
47.3738
32.6973
30.0035
32.3941
33.5811
33.9331
31.6096
46.9223
44.1673
33.1171
30.9612
32.9319
32.7536
32.9306
31.528
46.7704
32.8231
31.4367
30.2627
32.6518
33.5343
31.0195
32.9241
32.0739
32.3927
34.2948
33.9605
33.3489
31.1009
32.1642
30.1986
33.0519
33.3362
33.4579
33.7909
33.2058
32.1528
31.2005
51.0505
32.9727
30.9222
36.5659
32.2667
45.3754
39.1072
34.5676
31.8855
43.0487
33.3959
46.4824
31.2569
32.3596
31.3378
49.327
42.7431
30.4146
33.2779
32.1641
33.9611
31.1869
32.7116
30.7399
31.8554
32.2016
30.7119
31.8414
32.2873
32.4662
30.4341
32.9485
31.9275
32.351
54.0218
30.2906
33.1016
31.1103
32.9458
45.1879
34.6645
32.1452
33.749
44.7194
34.8533
33.9778
34.6476
49.5838
36.1327
41.4662
31.8575
36.3701
31.0563
36.8776
31.2006
31.1232
52.5181
31.3847
34.9333
30.7919
31.9238
32.4678
32.4027
31.1644
34.6652
32.5712
32.913
32.1513
51.5489
33.4562
33.0917
32.5311
32.2436
43.7096
35.3906
35.1987
48.4103
33.4979
34.9707
35.3959
35.3092
35.4974
43.6689
35.8164
33.717
35.0619
44.7504
58.4014
35.1701
35.1814
46.0224
51.7046
50.7397
36.6586
34.8093
35.1155
34.8558
34.7576
34.5949
33.3533
53.3345
35.4639
32.8854
34.8359
34.7311
33.6205
33.1906
34.3808
34.5364
43.3706
49.425
49.8117
34.6471
35.0206
38.4254
40.6252
35.5867
33.9559
36.8436
49.6438
43.1971
35.6533
36.4011
34.5075
34.8573
44.7452
38.2821
35.4551
36.3576
35.0497
35.4364
48.0053
35.863
34.684
36.7264
50.5432
34.6189
53.5704
35.1736
39.0049
34.638
37.0602
36.3547
35.6505
34.3973
34.3834
33.9306
40.8394
36.783
47.8625
37.0823
35.5956
37.5815
36.2589
35.4961
35.9692
54.4145
40.9328
64.9231
38.7249
33.9459
35.0711
35.4339
34.1537
48.2637
33.8632
34.4669
36.0296
34.2823
35.6648
34.8457
33.5004
34.1099
32.1592
32.9574
31.1327
30.1055
30.9222
29.8145
30.9997
29.9698
28.8408
37.2789
29.6437
29.8946
30.4196
30.267
30.9958
30.7187
30.4227
29.1164
31.3712
29.2349
30.2148
30.2952
29.7416
28.8168
29.9337
32.0511
50.6872
33.7575
42.8063
30.3062
45.3804
43.2042
29.1385
42.6143
29.5337
30.5417
29.5599
37.4251
46.0704
29.3841
43.9778
34.9271
34.6708
29.7795
30.1908
30.116
29.907
31.2326
29.6857
31.9153
30.3765
30.8599
29.1027
29.4401
35.6275
29.6619
29.2362
53.8894
32.8936
31.0387
30.1742
29.7363
28.5337
29.4561
29.6354
28.7837
29.9345
30.0446
30.036
29.3742
31.0478
30.1475
29.7902
30.6493
30.2367
30.4176
29.0112
29.1122
34.4206
30.1076
29.7091
42.4129
30.3129
52.8531
31.3862
29.2382
31.4848
29.8251
31.5679
31.5821
39.4414
31.8263
37.115
32.5726
29.7462
30.6711
30.1382
31.3062
30.1231
29.2814
29.9678
53.5014
35.9099
28.8219
30.1743
30.941
30.9209
30.2952
29.5522
30.7741
29.882
29.4684
30.8541
28.4807
28.7544
30.3991
29.7331
30.3154
32.6589
30.3974
27.6555
29.1762
28.0775
31.3811
29.5317
29.3654
28.1217
29.4485
28.7205
28.9574
30.8014
29.2596
29.0755
29.6434
30.4774
28.7017
32.2319
29.3595
28.0286
29.4272
29.4709
29.6476
29.2786
42.475
34.9385
28.4517
29.3753
28.7525
28.8784
27.6955
28.6889
27.2277
31.0053
29.3109
29.0329
27.3917
29.6915
28.5296
29.4028
28.4213
30.4918
28.5196
28.5904
43.9794
33.7893
28.987
29.4017
29.1175
29.6007
28.9453
28.1338
28.2031
30.8621
29.8552
43.0808
41.5548
29.2051
29.6893
28.9951
28.2465
29.3904
31.4253
28.3116
28.7664
28.3676
28.3164
29.5272
29.0177
29.0115
44.2736
32.2887
32.7515
31.4813
28.8975
30.8345
46.0609
41.2136
38.121
29.9144
30.904
29.2258
27.9087
27.9916
47.5058
27.8979
41.3189
30.8376
38.3407
30.9668
31.0158
27.8111
28.449
28.8573
29.7546
29.07
46.0393
27.3448
36.785
43.2501
27.8857
26.6315
27.4711
28.4119
28.1745
27.9529
26.4445
27.2516
25.5835
26.6158
26.962
26.1108
25.0755
24.6565
42.0462
24.8805
32.5089
23.505
25.6924
24.0888
36.18
27.0603
24.6021
25.3192
23.9154
23.8912
24.9898
23.2897
24.0014
24.1721
23.3007
38.9166
25.4895
35.3499
27.431
25.2088
24.55
22.5207
23.422
24.7003
24.5249
24.131
24.3313
39.2479
22.4324
39.8168
26.0032
24.5968
24.1869
34.799
26.1017
31.401
23.435
24.7951
22.7474
23.4949
37.5421
24.302
24.8781
22.6774
26.3908
25.0218
24.9977
25.3723
24.7026
33.7189
22.949
23.2363
24.4508
24.4188
34.4467
28.4008
22.902
40.4268
30.7092
23.2939
23.4594
23.5696
22.5416
24.7676
45.6824
29.5393
23.6579
24.5685
23.0713
24.0284
23.8514
28.9855
23.7528
23.6558
23.7456
27.1013
46.4445
23.6872
24.3664
35.1397
23.9608
24.9587
38.0974
22.9015
25.9306
23.8381
22.4735
35.1634
23.8493
25.5665
23.0067
24.6288
28.0674
34.4259
32.9177
33.5415
24.3901
25.3644
24.5474
23.0205
24.3645
22.9593
24.1297
25.0773
23.454
24.8268
25.1316
24.826
23.9806
24.218
39.3239
29.5962
24.1781
24.542
23.7304
25.4069
24.1344
24.1163
24.1002
22.7578
46.2235
30.6984
23.3856
25.1918
26.224
25.8006
27.2633
24.0922
25.5062
22.8043
23.7476
24.1366
24.1642
22.958
39.9733
24.3768
23.7353
23.0008
23.9506
34.928
30.586
23.6445
24.3307
25.1479
24.1825
40.9043
24.4622
25.6641
24.8203
34.7367
23.9329
23.9067
23.2543
32.7109
23.792
37.0425
24.8582
24.8782
25.2619
32.6947
23.5029
42.0279
24.74
44.9535
24.205
23.8102
24.6299
25.3535
23.7843
36.715
24.0688
25.4973
23.9451
23.5128
23.9315
25.3641
24.5249
24.0306
26.9464
24.4297
40.9786
24.4804
24.2557
23.3232
39.8387
26.5637
25.2552
31.7646
23.4618
26.3168
31.7303
23.4813
25.5357
25.7301
24.0618
23.7497
25.354
24.6191
23.621
43.3131
35.5011
23.8589
24.4867
36.3254
25.8777
24.8338
25.9442
24.4727
23.4613
28.3896
24.4644
23.7703
22.7085
24.138
29.5281
24.421
26.4942
24.7501
24.4762
23.0318
15.5908
38.0677
26.8342
25.0431
24.5533
23.8357
25.7808
24.0022
24.809
25.2421
41.8637
36.514
24.7615
23.7055
27.522
23.5949
24.7627
26.2654
25.4068
24.3088
26.0643
26.0365
41.3356
24.4234
25.5702
24.3444
25.1702
23.8273
24.8416
24.0099
23.1458
31.73
23.5929
41.9341
24.5451
24.6784
23.4965
24.0087
31.9621
24.2368
40.2981
25.1543
34.3417
25.2409
24.0073
25.6543
23.9856
24.2721
34.0891
41.3402
24.0646
25.3154
22.781
39.2742
24.1392
23.3303
23.2883
23.9812
22.9423
24.2571
23.1866
30.6528
30.3889
24.2452
21.6847
23.9583
25.2356
23.4341
32.8008
25.5105
44.2079
39.1266
33.1097
23.5967
26.2358
23.3954
24.1029
25.5796
26.3474
24.4058
23.8644
23.3208
24.365
25.0306
23.1011
33.9081
24.7669
25.7992
22.7839
29.1867
23.316
24.142
23.6288
23.7376
26.7037
24.0794
25.0421
23.3075
24.1216
29.3964
32.8594
23.3888
24.5013
22.7953
25.8534
29.3497
23.0255
31.4593
22.8661
28.3901
23.0248
23.4185
31.1748
23.5664
22.4483
22.4019
22.5489
22.2975
35.6261
23.0496
23.8165
22.8146
29.2419
23.581
22.4269
26.6125
22.3632
22.3132
22.1934
23.6335
22.8933
21.76
24.287
22.2008
26.306
23.1911
23.8686
27.8106
22.2763
22.6961
23.9811
23.3111
36.9433
25.118
31.5534
23.8446
23.4902
41.2227
24.3963
31.4889
38.726
37.0761
24.4091
35.7949
28.7121
23.2293
40.5069
25.9086
23.4845
24.7808
36.9321
23.2284
31.3722
26.8615
26.164
23.3229
24.0014
24.8223
23.6422
24.3614
23.9657
28.5057
23.5609
33.2801
25.1748
23.6484
22.8251
32.5682
23.2237
26.9271
25.4188
25.31
22.9728
24.0458
23.3451
23.6385
25.4667
23.3445
24.5956
24.1984
25.5138
38.9566
23.6391
29.9732
25.2873
24.1685
24.3577
25.0057
26.3614
30.123
24.0421
23.3759
24.0669
35.7916
36.5376
24.2364
38.8955
23.9521
25.3264
24.8451
21.7132
23.78
23.7054
23.4782
38.8523
23.924
25.4856
21.806
24.3131
23.5298
24.7561
43.797
49.6528
26.7826
23.5368
25.8086
26.9779
26.8379
22.4029
28.1701
23.3951
37.0651
35.9767
23.4805
23.9224
24.3797
23.0086
31.0058
23.0063
31.3829
25.1923
29.3481
23.3373
23.4414
35.3089
25.5345
32.7461
23.4591
22.0044
26.2571
23.8789
22.9971
22.842
45.9678
26.3935
24.6385
35.4621
34.3189
24.6717
23.7885
24.7205
23.115
24.3979
23.8443
23.2336
23.5791
23.6835
23.9208
21.5523
25.2519
24.7099
25.7036
23.9582
26.2292
23.2177
23.8734
24.6901
30.9513
25.0309
46.564
27.8473
24.5564
27.4161
23.8659
33.8079
23.74
23.3803
24.2333
23.1713
27.5628
25.0247
24.0098
37.6952
33.8607
29.7196
23.4963
46.5998
25.4626
39.015
25.3481
24.3447
24.076
27.3811
22.884
36.0289
29.5657
32.4071
23.9023
27.5928
24.609
23.9988
31.6295
24.9639
23.8927
24.7067
32.0556
23.0385
34.7968
45.4903
25.5775
24.646
27.1533
24.0666
25.0845
22.3543
23.7645
24.6151
29.4806
32.222
24.1505
25.4585
27.3908
39.3097
32.3401
23.5104
23.7339
34.2859
24.6071
24.2361
24.4357
22.3574
25.4139
30.7344
24.5502
23.6464
25.346
23.097
41.7018
29.5214
25.0909
24.2793
23.6754
24.5063
24.6989
24.1317
23.6689
25.0713
23.3658
25.0682
23.8187
23.9146
28.5845
37.3561
36.43
34.8112
25.6503
39.0903
35.0825
23.9179
34.0891
30.5579
24.7594
23.6673
23.6803
23.9024
24.1446
29.4127
24.3882
26.8522
22.9413
24.7194
24.592
24.9807
38.3722
36.8612
23.9475
22.15
23.5857
24.6066
26.5689
27.9016
22.7377
23.9506
24.4185
25.5079
23.9844
25.4247
35.4743
24.347
24.0099
23.0108
27.3518
24.7539
24.6597
24.9258
24.0626
23.7145
24.5916
38.7822
25.2154
24.2033
24.0456
23.8254
23.9515
23.671
23.1857
23.1583
31.9156
22.9214
23.4364
23.8209
48.347
29.3466
24.2625
24.2552
24.1373
23.8861
24.4162
23.7853
24.3386
23.4086
31.5754
23.9915
22.8838
36.6152
23.0269
27.2146
35.4492