22.2596
19.1806
10.7774
11.7523
10.1245
11.007
12.1769
12.4409
13.505
11.2442
11.239
18.2288
12.7909
11.6028
9.91886
10.8026
10.6135
10.0775
10.6739
16.2991
10.6051
9.92676
10.9387
9.60806
10.0045
9.35165
9.45656
9.80538
14.2576
10.1581
9.66671
9.81411
12.8883
10.4993
11.2333
14.7166
15.0366
11.2729
10.5891
10.2303
10.6749
14.3538
10.2627
9.56627
12.9842
13.4139
10.5604
10.0434
19.9885
11.747
15.2492
11.0664
11.0062
21.8102
12.4679
10.4238
11.1396
11.8541
16.4337
16.673
11.1845
9.05606
9.01359
10.3288
9.82253
10.3254
10.5653
11.0732
9.51185
10.2421
10.3758
10.7127
10.1673
9.48877
10.4069
10.033
9.50619
10.7766
14.7533
11.0221
10.6328
15.6417
12.2761
12.1373
12.2907
10.4312
10.874
10.1983
10.497
10.295
11.996
10.1721
9.59366
10.2438
12.1873
10.484
12.5381
11.4654
15.1861
10.036
22.7278
14.6749
19.8233
12.7756
10.0378
10.9293
11.8986
11.1171
11.4269
10.5157
9.42105
10.1441
10.109
9.63487
9.42846
11.9966
10.2401
11.4092
13.5382
11.2674
10.1721
10.7266
12.5328
13.6967
18.9125
10.8414
11.2447
14.5368
10.4992
10.6882
11.5648
10.559
10.5568
11.0363
10.9869
10.7656
11.04
10.6763
10.5663
11.0219
11.0692
11.8229
10.1076
10.5197
10.7516
10.5434
10.8733
15.5109
16.9693
14.1198
11.6436
13.7293
11.4597
12.235
14.5305
10.4728
10.6245
12.2937
10.4501
9.47606
9.61028
14.5147
14.5909
10.9454
10.0969
12.1806
11.7834
10.756
11.0956
11.0461
10.0595
10.6712
10.4035
9.33842
11.0163
10.4231
11.3768
10.663
11.7576
10.7292
10.2825
10.5412
17.6801
12.6815
11.1102
11.807
21.0659
15.858
14.4411
16.615
11.129
19.3803
13.578
12.0878
10.5618
24.9567
20.6824
10.6896
18.8856
11.3855
26.7785
12.2303
10.8439
11.2385
10.6711
25.8931
21.2975
15.072
11.3997
11.987
11.0598
12.2072
11.4555
11.73
14.8533
11.6174
16.132
11.3064
11.0927
11.0373
17.0747
11.1498
20.3328
11.5941
23.5444
17.4504
22.9467
13.2133
11.2727
17.6414
15.2236
11.2032
11.1625
22.3774
14.2015
12.0758
11.4229
25.0229
14.3689
11.5418
17.2948
12.3814
11.007
13.4576
11.3119
12.977
10.1139
23.2351
12.6163
10.6227
12.5327
10.3737
11.3756
10.5462
11.0017
11.1151
10.6817
11.4928
11.2842
11.7334
10.6428
13.7464
15.8116
14.501
10.0148
13.0056
13.9788
11.3045
11.0377
10.4478
10.9383
11.4343
10.6612
11.6008
10.7283
19.1121
13.7878
12.362
11.405
11.0867
12.5355
12.9427
12.1742
11.6518
12.4977
12.4457
14.2022
11.3077
10.6548
11.5863
11.5615
12.6487
18.0674
15.1014
11.2347
12.5833
11.104
11.7343
13.985
11.5053
28.5929
24.7432
14.4421
25.5233
25.213
18.4098
14.2023
11.0124
18.6774
11.3875
12.3459
22.1713
22.1703
13.0823
11.9403
11.3244
11.5952
12.5495
12.2645
11.4545
11.598
11.1723
11.6918
21.3329
11.5665
21.0156
11.6968
10.252
10.5726
13.3411
11.3782
22.2471
15.2089
11.5879
11.748
10.6934
10.4303
10.7935
11.9414
10.2788
12.0486
11.2111
12.2346
11.5661
11.5444
11.0407
10.5772
21.5347
12.3338
22.9627
13.1778
12.1194
17.3297
11.1646
12.4354
11.8037
17.2494
15.5863
20.835
12.5658
11.1015
11.3076
12.0636
11.3375
20.7032
13.1389
11.546
10.8487
10.7052
12.3356
12.4927
12.1141
11.7948
14.8668
13.6941
11.0074
12.2217
11.2091
11.9103
10.3118
12.3357
11.7328
11.5944
12.6468
11.3184
10.9
12.0725
11.319
11.4788
11.4831
10.8374
12.0716
12.0815
11.5943
20.7589
15.0005
15.2814
12.6851
12.4544
11.3689
11.1012
10.9443
15.1464
13.0125
11.1491
15.0905
10.8811
12.8578
10.9892
11.7897
18.7338
12.851
16.5005
11.7407
11.2777
18.0222
10.9906
12.6406
23.4498
16.5556
11.4875
12.3473
11.0966
11.1132
12.6435
11.2721
11.3715
11.4098
15.0281
21.7725
21.4601
12.0768
11.3461
10.9586
28.9428
13.8738
12.4627
9.75457
14.2149
11.1099
10.5226
11.2536
11.0596
18.9814
14.873
11.2365
11.5773
11.8429
12.0874
11.2011
12.2943
13.117
11.6514
15.5516
13.653
12.6152
19.6409
12.4338
10.8109
12.4329
11.2107
11.6319
12.0941
17.7034
21.2544
14.9181
20.0637
12.4529
21.3022
11.642
27.6039
13.9806
13.3374
13.7893
13.7117
11.7247
11.8269
11.5004
11.3313
12.4287
12.3894
11.3971
17.6097
19.2496
13.0794
15.8192
12.3382
12.7593
12.8605
24.5334
12.3176
14.1243
14.1144
23.5798
17.0141
13.5144
12.1788
11.1274
16.4504
21.2681
14.6196
19.6784
11.8635
19.9024
11.0182
13.8821
18.6414
10.7579
11.8485
11.6712
11.5728
11.4954
12.6834
11.1645
11.1734
10.5618
21.4501
13.7457
14.0758
24.0532
22.36
12.433
23.7148
14.1296
15.13
19.3361
13.0959
21.3306
18.2314
19.2649
11.6792
12.0164
11.8724
12.0472
15.7321
17.3375
11.2518
22.7207
27.0402
13.5968
11.4047
12.1652
12.2278
10.7832
10.8015
11.6796
11.6839
10.6629
10.2637
12.2413
14.9276
23.3946
19.0926
13.9267
12.0326
19.0885
13.2383
19.3413
12.8573
13.5615
10.9069
20.3512
24.3057
13.3117
11.1513
11.1307
11.8739
11.9831
21.2309
13.8347
12.1268
13.4428
19.8341
14.0432
11.6961
12.791
10.9159
10.8819
10.3934
14.1798
11.1484
21.6175
12.5054
11.5537
10.8746
12.1237
23.5864
24.2639
16.6245
22.5862
13.535
22.1717
14.4241
23.6196
18.581
11.7397
11.5173
12.2345
18.8152
13.6794
10.78
11.0547
11.0329
11.194
16.5361
20.9865
13.4952
12.8628
19.1821
16.6185
19.5095
14.3994
9.61558
10.6881
14.9079
11.3413
11.2057
13.5713
17.3698
11.3349
23.4143
19.4995
12.1819
11.1057
23.6273
13.9447
11.5954
11.6314
11.5456
13.4727
13.4464
32.545
16.8725
10.8706
12.8037
17.4642
16.7946
14.691
11.9905
11.6885
12.0743
13.6602
12.2547
11.485
13.2638
25.1422
22.5767
12.3942
17.8385
12.8936
10.9527
22.0814
13.8812
19.4931
11.8585
12.6806
11.586
12.5005
15.4749
20.7959
15.9529
12.7504
14.0676
16.0236
11.9155
26.9525
18.2735
12.4031
11.8352
14.1114
20.0361
12.5992
11.7299
11.1265
12.4296
12.9778
11.8101
11.3822
11.2939
13.4516
11.5621
13.0109
19.6499
12.211
16.2696
13.1698
11.9558
12.5912
14.1568
20.8805
12.5273
11.1519
13.6482
17.8037
12.5773
12.1165
23.078
15.7668
11.0584
13.1207
10.7585
15.2361
10.4549
20.2125
15.1025
11.0281
16.0176
12.718
19.0144
25.3094
13.5094
19.1219
13.5558
12.6737
24.7909
26.1956
13.4054
12.6416
13.166
12.255
20.5582
16.5503
13.1549
25.2546
13.2416
12.5071
23.1242
15.0724
12.454
20.6865
20.2459
12.3715
12.2299
11.6058
15.4638
12.6896
11.867
11.8782
11.99
11.3632
11.7553
13.2194
11.5157
27.9045
15.2685
15.052
12.184
11.0784
17.4294
11.1606
24.5817
13.9916
20.1296
13.1509
12.2893
11.907
20.8881
15.1973
11.0029
20.4503
15.7762
28.6812
15.021
22.2646
15.4641
18.5355
12.0729
12.27
12.2697
24.1007
13.2804
12.9522
17.9496
12.5717
11.8361
11.0053
13.178
12.4997
15.352
11.8501
22.5415
14.7914
15.8788
11.1594
11.397
15.4444
10.8252
10.9584
11.4839
12.4561
24.4893
13.6112
12.0944
11.3088
10.7783
12.6089
17.572
20.0311
12.099
11.517
11.2772
13.1501
11.8743
12.3035
11.9022
21.7424
23.9392
12.8029
20.7759
22.2288
15.7223
12.2988
12.6253
11.8223
12.4759
10.5163
11.1805
12.6237
12.5766
13.1
11.093
10.7475
10.2511
12.7596
16.6976
30.1289
15.941
9.13113
10.182
10.5446
11.575
11.6109
12.246
11.1363
11.5538
11.8452
19.7367
12.1967
10.7126
11.5483
13.0791
12.9127
10.7875
29.5183
22.5018
15.5301
11.2169
13.7579
11.8611
24.0314
12.6486
20.2597
11.4261
11.3077
12.0873
12.158
11.9224
10.9485
12.0554
11.1729
12.0607
11.4957
11.3764
10.6477
12.159
11.575
14.3607
12.5593
12.6161
21.2545
14.2412
10.4518
10.6752
11.6118
24.0236
15.8956
12.2797
11.3323
12.7264
29.0767
16.6786
18.7181
13.1492
12.1722
11.0992
12.6383
11.363
11.6553
12.6898
12.4725
11.1865
11.5814
12.7182
10.3242
11.671
22.7425
24.5168
13.1899
27.6549
21.3336
13.7435
23.9238
14.5408
15.5115
11.3359
12.7875
11.4226
12.5273
12.4141
10.561
12.0513
11.4882
28.4547
16.7608
12.0303
10.9784
12.0326
12.503
11.576
11.8012
11.3358
14.6525
11.4355
11.7136
11.2725
12.5536
11.5861
10.7051
24.6593
13.8844
22.907
25.9146
18.8656
13.1345
11.4169
12.1295
11.3586
12.1132
11.1013
10.6971
11.4352
11.3344
11.0776
24.2196
14.0511
11.8412
21.0348
12.4734
11.389
11.559
12.1767
14.06
14.3893
11.5875
11.3425
19.116
12.0077
30.3049
19.0254
11.8483
10.5352
19.8945
12.1803
11.2341
10.5799
11.2018
11.0948
11.5265
12.8727
11.2978
11.2634
11.4823
11.0214
11.0601
10.1637
10.2369
10.7511
20.4834
14.8108
12.4154
10.7376
11.3867
10.556
11.4358
11.2884
11.2877
11.8637
11.7542
12.5245
11.2192
11.2594
11.6066
16.0573
11.6803
24.9122
24.0612
25.6044
23.6914
14.7672
13.9333
12.0528
11.2597
10.8449
19.1887
11.3738
10.9649
11.0733
11.6362
10.3849
22.7556
12.0639
19.3857
12.3321
13.1926
10.8523
11.383
13.303
10.7833
11.1071
13.8254
11.0082
11.9249
11.3466
19.6492
14.7734
23.7101
19.7368
13.0212
11.4524
11.16
12.1472
10.2389
11.82
11.6078
10.9988
11.8259
10.4629
10.7046
10.54
10.6111
12.1388
19.5157
13.3409
11.5867
11.8375
11.2881
23.6384
17.556
25.0894
22.5527
23.6881
25.8751
26.4294
18.074
11.9554
12.3573
11.7275
11.7514
12.5495
11.3904
12.5099
11.2654
10.5471
11.9241
10.6392
11.1865
12.2067
24.615
11.3205
11.0187
10.8085
10.0259
11.5505
11.1315
11.145
10.912
11.4306
10.3969
17.2907
14.7309
11.0202
9.968
19.1986
11.9597
12.8788
11.3381
10.6369
22.7248
14.5107
11.1098
11.1397
10.823
11.6755
10.0655
11.9095
10.5249
12.1512
12.8545
9.8548
10.9252
9.6183
12.752
27.5086
19.654
27.5647
15.0103
11.4327
12.2248
10.8807
10.5872
11.0618
11.9884
11.3816
11.3849
12.2183
11.318
11.0868
10.7393
10.225
12.8634
15.5274
22.3183
13.7325
10.9518
11.2415
11.4993
10.1939
21.4877
12.285
11.4953
10.9889
10.2549
21.5223
13.3462
10.4347
10.8221
10.8952
17.1337
23.8594
13.7145
9.94631
10.8513
10.4741
10.9875
11.3809
26.332
12.786
14.0441
11.7633
9.95859
10.8461
26.9662
16.2172
12.5119
11.6958
13.3201
10.2508
11.0124
24.0279
13.9238
11.5562
21.8195
16.314
10.8917
11.5249
11.2221
10.8496
21.528
23.0239
14.671
12.3794
11.8559
11.4008
26.1413
16.9566
12.482
11.436
11.0291
11.0888
14.221
11.3848
11.6404
11.6101
17.6246
14.1073
12.9439
10.5788
12.1355
11.2425
18.3149
11.8831
10.8437
10.7661
10.6777
11.0874
10.7448
10.9599
10.5739
22.1059
13.2094
17.01
12.9013
10.9615
10.047
10.605
10.9342
10.2324
10.6722
11.7837
10.6634
9.7755
11.2117
10.1446
12.0675
13.4093
11.3986
11.0542
11.096
17.522
11.6978
12.4381
13.7299
10.5986
10.9018
9.95991
11.2732
12.4361
18.2533
11.5237
9.82541
14.03
11.5379
21.3897
12.7492
10.5095
11.9681
10.4294
10.7513
10.9338
10.7868
12.0064
12.614
10.793
10.159
17.7945
12.4215
11.139
10.9803
22.8793
16.9311
20.8083
11.544
10.9886
12.1513
10.8707
10.8648
10.8463
10.9119
24.4892
28.0382
25.4203
14.5026
12.3105
11.5805
11.0576
10.6447
10.664
9.71297
11.4953
10.899
15.2512
12.7646
14.8661
20.0832
12.2609
10.2152
10.0314
10.8388
15.5901
22.8483
15.2311
16.5124
11.1596
12.2464
23.5731
10.3962
13.4476
12.1415
11.5573
12.9043
27.9562
17.3536
12.9166
11.4295
11.3895
11.4616
10.7817
10.9484
12.1482
11.6307
11.7421
10.8566
11.385
10.5859
10.6472
9.94132
10.2081
11.3985
11.4048
12.3073
11.1721
11.2419
11.7427
11.5763
11.2955
10.3374
11.7375
10.2761
18.954
23.886
13.837
11.4317
11.6521
11.4763
10.8974
11.5498
11.2566
11.7316
11.334
10.4404
11.8697
22.0082
19.3278
14.7914
12.1893
18.2884
11.9494
11.7462
11.8286
11.5725
11.4465
11.0479
10.5358
11.0128
11.3088
10.9973
18.5039
11.8687
10.6713
10.9954
10.827
9.90152
10.6936
10.0469
11.4206
13.0582
20.6499
21.3018
16.3292
27.9839
18.1133
15.8452
11.83
26.1349
20.299
12.6741
10.5982
11.2722
21.6678
19.9487
14.4645
11.6174
19.894
11.2706
10.9631
26.0906
18.3871
12.9545
11.4197
10.2799
11.1571
10.3256
12.9796
11.812
11.4905
10.9292
11.8977
20.0046
17.1118
17.6659
11.0451
11.2694
12.3384
15.0922
11.7429
10.5683
12.1136
10.5
10.394
11.6725
10.5967
11.3741
17.4756
12.5415
11.1519
23.0139
10.0074
10.4567
11.0335
16.574
9.89533
11.5217
10.1833
17.4711
16.2809
14.6637
11.0589
11.1368
12.333
10.8629
10.8882
18.3313
12.7696
11.039
19.4405
12.3697
11.4563
18.9628
10.7817
10.4273
13.2473
10.5097
15.554
15.8549
24.4812
15.2977
12.38
10.8389
24.3458
25.8338
18.2215
25.4287
17.2287
12.3558
11.4395
13.6111
18.2757
12.5301
10.3049
11.4595
10.8916
12.4671
11.0065
17.6125
10.8995
19.5824
12.2458
11.1532
10.9728
10.8581
11.3281
20.4709
13.9123
23.4585
24.0551
13.5697
12.5466
11.287
10.9973
10.9232
10.5087
11.5666
10.03
12.0977
11.829
11.0047
10.4329
21.0308
10.8769
22.499
21.292
15.1064
12.6956
10.6864
10.8553
11.0377
9.20358
10.3822
11.1318
10.6281
10.8703
22.6625
13.9278
24.4196
13.2396
13.6019
11.5256
10.286
22.5352
14.6737
11.4085
11.5553
12.538
23.5248
12.9956
11.9282
11.4544
12.3614
11.2858
11.7722
25.2198
16.6731
11.28
11.0466
14.0869
10.6226
14.0978
10.6522
14.6786
11.0625
26.7025
12.0611
12.0206
10.2383
10.4046
9.7021
10.794
9.76604
10.7492
9.40897
10.8597
11.6177
11.1118
23.093
13.9001
12.6843
11.4023
10.2817
21.0188
11.1971
11.4186
10.7904
10.1209
10.2668
25.6848
19.6116
16.3429
11.8822
10.923
14.356
11.1733
12.696
10.8358
17.6751
10.7814
12.3147
11.5776
20.2948
23.2677
21.1537
11.4411
24.4794
20.1503
12.2106
17.281
11.2522
19.7226
25.484
23.2375
12.7585
12.1012
11.4051
17.787
11.8322
13.1273
12.5191
17.3991
11.5543
14.5041
13.2659
23.7561
24.3817
14.7378
23.7014
15.0456
11.5675
15.3964
26.9295
14.957
15.2289
24.4313
28.5627
20.5343
12.5815
26.4964
16.1535
22.0605
18.5379
12.6502
12.4344
12.797
23.0509
17.6792
26.8163
14.9774
14.0024
12.3462
12.2614
26.9097
21.4316
13.9221
13.1844
14.7899
21.8999
13.1322
12.656
12.597
12.9856
15.398
13.632
13.0791
12.616
26.0073
17.1296
13.17
12.6773
13.7509
25.1047
14.4344
16.453
17.4047
13.4405
14.3741
14.6674
15.7093
12.6792
12.9288
15.3447
20.5404
13.3607
11.7408
24.1811
15.8984
21.025
16.3204
31.763
18.4521
13.8211
12.2967
13.0263
14.3077
11.9827
18.2138
14.6964
12.4587
26.8709
17.9906
35.2876
19.7851
16.3495
13.7959
18.669
26.8506
21.556
14.4265
13.0999
16.0187
13.3032
20.5142
13.5364
21.6292
14.1892
20.3591
13.5945
26.6867
15.8259
24.7578
13.3481
13.3668
13.4863
26.666
12.8302
12.8757
13.0834
22.4094
13.7461
13.3357
15.4246
12.7488
12.5329
13.2534
13.3071
14.092
13.4442
15.7354
26.7815
26.1327
13.1248
13.9208
18.6833
12.9818
24.0905
23.4612
13.6086
13.6466
14.1612
12.4111
20.5845
14.1126
13.2178
18.1674
15.4778
15.1882
22.8351
13.7668
12.6702
13.4986
11.6308
11.9527
13.7245
12.1412
28.6318
15.0717
13.5687
15.5337
12.3677
12.5079
12.6929
13.0531
20.3342
12.9406
23.1021
15.8161
28.269
16.4436
14.1558
13.7951
12.6924
12.6127
20.3512
15.9915
13.1755
12.4791
12.455
14.0153
12.7675
13.0461
12.7405
13.7656
12.5413
13.0929
12.3416
20.5542
12.9751
22.2715
13.1467
13.778
18.6293
13.4145
13.414
13.1024
14.8362
30.0919
17.2074
24.6198
14.8732
12.4181
12.5222
13.2817
21.9861
13.4034
13.6466
13.0149
25.0095
14.7799
12.0129
12.5146
19.4904
12.8031
16.3551
12.2632
22.4517
13.3927
13.6139
17.4714
12.8721
11.5896
12.5352
12.6399
12.0944
11.9328
11.7705
12.4518
12.1167
13.2245
19.488
13.114
12.1072
20.6857
12.3834
25.3165
18.9364
12.6992
27.4996
15.8006
18.8732
12.2208
24.7891
13.7334
13.0062
22.6072
13.0627
26.8763
13.3244
26.9799
15.1051
15.1413
29.4989
19.5352
14.9491
14.2938
12.5944
14.589
12.6088
16.2092
19.2632
23.9912
20.6599
13.4011
20.4786
14.1143
13.1305
27.073
14.4619
14.8864
14.6797
14.2721
18.8498
14.3675
23.3439
12.5265
15.9913
24.4447
14.8078
23.5788
22.2022
22.1459
14.8552
13.7783
24.1981
13.5181
13.4844
12.2414
13.0006
13.0381
14.5335
29.9108
13.0306
12.4766
13.8747
13.1528
12.6038
24.691
13.4857
23.5362
15.2391
26.1473
21.7499
14.1524
25.8266
14.9232
13.1305
13.7846
15.6117
21.3366
13.3852
17.8902
12.177
18.3754
12.6616
15.3306
14.096
31.2438
23.9369
14.7123
13.1229
13.3228
34.1661
30.4615
17.1887
15.0547
13.9148
14.2843
32.1337
29.2065
17.5416
21.4071
13.3979
30.5946
15.5049
24.0768
13.8863
18.0867
13.9494
14.1517
28.8329
21.8393
26.9191
25.4356
17.1104
13.1992
12.9347
12.3507
19.181
15.8011
13.229
26.23
17.4085
12.9104
25.6277
14.5113
12.4251
14.2286
12.6908
13.0475
25.9914
18.8663
15.2574
14.2913
12.8903
20.4058
28.5048
14.954
24.5545
15.6548
13.4034
23.5705
13.8223
19.3621
13.0455
21.7339
13.6795
15.1065
15.1734
12.7355
12.0929
13.6754
11.9144
14.7917
14.0606
14.6143
15.1978
14.0226
23.5634
19.9532
12.9798
29.9392
14.992
24.1951
13.1201
23.356
14.8377
13.1575
14.1052
13.953
16.1507
18.6079
13.4334
15.6474
13.3877
23.2025
15.3802
13.471
23.9616
15.5242
25.4951
14.2794
13.4368
12.7304
15.0953
13.1547
12.0571
11.8502
12.705
26.4206
17.1596
13.276
14.8044
12.2929
12.5153
12.1479
12.3803
13.561
21.4489
13.5549
12.923
13.6656
19.1686
22.6209
19.0152
12.6799
11.919
12.5004
25.2033
14.7574
15.2474
21.4383
14.9766
13.0163
25.0795
13.8191
13.4966
12.5719
12.4821
12.4637
25.9249
15.6919
27.2933
23.0523
21.6675
14.459
13.0364
27.7555
14.0718
12.4075
13.1692
24.3557
28.9943
18.0022
12.8251
16.4324
21.4605
13.4019
16.459
28.474
28.7723
14.6376
14.7248
13.4864
13.848
13.7396
14.7022
13.7684
20.2557
14.2559
13.3961
13.566
15.8808
23.2656
21.3363
22.929
15.1154
24.9782
16.7608
13.7942
16.5793
16.3458
14.5823
16.7307
13.0664
13.6356
23.1077
29.02
23.2659
13.8446
26.4159
22.7586
13.679
15.08
16.7068
14.129
13.4632
28.2703
13.6538
15.8001
14.5543
16.6677
13.6907
17.3695
15.0995
13.2397
15.5596
13.7865
13.3477
21.9216
15.6744
23.7682
13.9374
16.3767
14.0172
14.1202
13.2143
17.0144
27.1886
17.4925
26.5861
31.3661
20.8682
15.11
28.4203
21.3092
20.6855
14.8657
14.0522
13.6914
14.0709
13.7346
18.0707
13.5479
30.6733
16.8686
14.3978
24.658
15.3633
27.8213
17.2526
14.0184
12.0977
12.4121
19.1839
19.6336
22.9232
13.4916
16.3903
16.9194
13.4046
14.6432
18.0802
12.689
12.0427
14.6043
16.3756
24.1479
13.4186
28.6949
13.0988
14.1171
12.7704
14.6458
14.5326
14.023
14.1464
13.7973
29.9724
19.8281
19.1432
13.1085
14.3381
31.8609
16.7709
14.5518
13.3831
22.4671
14.2041
29.6242
15.1033
19.393
13.3674
14.4752
13.6648
13.1452
12.9955
17.0077
30.8278
15.5905
26.8941
20.4372
13.9935
15.7738
27.2866
13.3669
13.3265
25.2662
21.1844
18.5613
13.3715
14.2519
13.1742
13.0631
12.0276
13.1628
14.3163
12.3875
12.6527
11.5574
12.6358
18.342
13.2843
23.502
29.0344
23.3736
13.8248
13.5841
19.0346
13.1554
21.4759
13.4455
21.1128
13.9593
23.9374
14.4473
25.8752
15.5223
13.8679
15.4312
30.7359
17.3039
12.6389
14.1845
21.7287
13.2516
13.3075
13.3882
13.555
12.6995
13.3624
27.9616
16.9143
12.9527
26.3183
17.2533
13.3554
28.2233
21.0935
26.2163
14.3062
14.1857
15.4812
13.2693
13.7657
13.6557
14.565
14.2978
21.5875
13.819
13.93
26.8628
15.5875
21.4355
14.4387
14.7943
15.0734
23.0744
15.0171
22.4665
14.9912
16.1247
15.6037
13.4566
13.9146
15.0573
28.9658
14.9746
13.4261
16.404
27.7846
14.7036
14.6097
30.66
27.318
16.2092
29.5347
21.1721
15.7554
13.3481
22.4984
14.09
34.6138
29.3342
18.6668
13.717
14.2503
13.9545
13.7419
13.176
13.2888
13.5527
13.3899
32.6221
18.2905
28.2583
15.1495
14.4672
21.7462
14.847
23.6884
16.9759
12.8873
14.7728
20.733
12.6142
21.3977
24.1228
14.3885
20.459
13.6658
30.3384
28.5114
18.1395
13.3703
13.5034
18.598
13.3166
27.3962
14.5402
12.6247
25.764
16.3977
12.3643
15.1232
14.0136
13.3989
14.4088
12.6966
14.8637
20.1319
13.9565
26.5758
14.2148
14.1738
13.097
16.8198
22.0051
15.2188
23.8129
14.0896
13.6681
13.7841
14.7058
16.2408
24.2488
14.1075
13.5427
13.4026
13.4487
14.0497
14.2303
13.7218
14.2747
13.6603
15.2586
13.8179
13.8247
15.0259
14.2646
13.3319
12.7686
14.0503
21.3315
13.1186
13.0269
14.2193
12.2295
12.2435
12.2593
12.5439
12.2133
13.7334
12.2867
13.6287
28.5738
18.8664
15.5215
13.2197
18.3468
12.8984
11.5207
12.9538
13.2232
12.3598
15.6572
26.3109
27.6674
17.3085
14.981
21.7491
13.7334
12.09
12.8772
13.5233
25.6665
13.7943
24.9298
22.0364
13.099
12.9561
13.2948
21.4696
13.5492
19.1052
13.7141
13.7601
17.4967
13.5106
16.3622
16.5976
14.0747
16.759
13.8234
12.9036
13.8573
13.6322
15.0355
14.5507
14.3962
14.9519
23.8178
14.188
17.0663
14.8778
29.1933
19.3007
27.7242
20.9078
16.934
14.5376
16.2423
14.2263
14.2683
28.4211
17.2319
14.3993
29.7221
20.5657
17.4838
14.5851
14.6423
27.6298
15.8894
17.374
15.3469
16.1775
14.3372
15.3458
14.6525
17.7003
30.1477
15.6675
16.1255
14.404
17.3111
17.392
14.6386
30.209
22.0381
16.1658
15.5756
14.1612
15.7508
29.2056
15.0568
23.2692
15.2223
25.3734
16.0294
15.3768
25.3697
14.4132
17.8256
14.4035
22.5819
14.2311
24.3793
15.8714
22.8213
14.4955
32.1023
32.6331
14.6613
15.7664
13.8435
12.9237
27.9128
14.1411
20.1704
14.4674
14.7875
17.0994
15.0605
15.8951
15.1616
29.5643
15.2291
14.3814
14.7448
24.2969
13.9563
14.5628
13.9568
15.5281
14.1006
14.9762
14.3146
21.2911
14.5256
14.301
30.1914
18.24
20.3869
29.7404
15.6993
15.8066
15.7726
15.2591
15.2553
15.8957
20.9443
15.4351
27.1718
15.0294
15.2408
14.8085
28.2781
17.0571
31.5206
21.5841
16.1799
13.9921
14.2126
16.3309
17.061
14.531
14.2619
33.4541
26.6716
17.2301
14.8459
21.6258
14.2183
26.7909
20.4999
14.1892
33.1179
19.4926
14.8915
13.5298
14.2276
14.9411
14.7446
14.169
16.6172
14.7438
14.8856
15.7559
19.729
15.6999
27.7946
15.8615
13.7531
15.3043
13.183
14.3198
33.8806
15.5554
14.4204
15.1098
23.8607
14.562
14.4461
13.6789
13.0832
13.8252
13.5926
14.6466
15.388
14.2972
13.3946
14.8579
14.8392
13.5238
14.5196
13.1748
15.1758
13.6437
23.5158
14.172
26.7075
33.3044
16.8879
15.9053
13.9365
26.1571
23.0646
14.8663
14.3814
13.9261
15.9793
15.747
15.2228
25.844
14.5022
13.759
27.3693
14.3475
30.4433
22.4981
24.0724
15.4481
14.0548
14.4017
21.9426
16.3044
14.6409
20.553
14.8226
15.0878
14.8196
21.4284
15.7754
22.7833
24.1436
27.4843
14.4743
29.6917
15.3681
15.0272
22.0083
13.6486
14.1128
15.6393
14.1147
15.3315
14.3903
15.5757
16.9367
25.8175
14.8203
15.6453
15.7632
14.1956
33.5581
16.248
19.8512
15.4458
15.2211
14.3375
15.0844
14.3885
14.7815
21.492
14.8519
16.4266
15.4436
27.085
15.1999
23.3314
23.2335
15.309
25.6236
14.7996
17.0631
14.2302
13.9384
14.4862
27.649
16.5362
17.3404
15.4747
13.6044
24.9122
21.9537
22.5787
14.6261
27.2401
14.9454
22.0769
23.6461
14.8568
30.2375
16.8256
14.2115
18.4969
15.2842
13.5098
23.6054
15.5876
14.947
13.4006
18.324
13.5424
13.8344
18.6073
13.595
16.678
27.2566
14.5562
14.2068
15.3522
13.2312
14.1511
14.769
30.0905
24.5228
15.0649
27.8737
32.3814
22.0773
27.7583
16.2011
15.8106
13.6731
22.8414
15.9228
16.8539
13.8547
21.6614
26.1155
14.7168
13.2964
13.9982
14.2339
13.5219
20.8135
22.7797
13.4654
25.0319
21.2684
13.6276
26.514
13.0426
16.4977
26.2124
17.1121
14.1257
13.4436
13.8262
13.5208
14.6386
12.6874
13.7989
17.4975
14.7835
15.691
12.478
13.1805
15.4151
13.4846
26.3005
17.127
13.8242
15.8828
13.7379
25.0642
17.141
13.9457
13.8373
13.1225
17.3381
14.5901
12.9712
13.9076
13.3183
15.7417
14.5504
14.1575
29.3703
16.3998
27.1678
14.9304
16.6169
15.3273
23.7115
15.7312
14.0573
15.9155
13.51
14.1124
16.2476
22.7032
14.3463
15.0592
31.8293
26.4946
17.7481
13.9258
15.2911
15.9497
15.5393
16.624
14.6204
15.0431
14.5763
14.571
14.1185
14.3691
19.1417
14.5363
13.9276
15.8384
14.2353
15.4303
13.7501
30.0806
15.764
14.9395
19.1856
16.8274
14.8712
15.114
28.3687
19.4271
20.2357
15.9352
14.4478
15.2536
22.2476
14.2095
15.0212
30.0464
14.5071
14.5166
15.8729
15.0819
17.9154
23.3233
23.7359
14.4826
24.7955
26.9867
16.359
15.6838
28.2913
17.9281
14.8881
13.9335
14.8714
15.1962
14.1161
15.6866
20.3192
14.8404
14.4643
14.1271
14.9677
16.2363
14.9481
14.7064
15.6063
14.86
27.6923
17.6236
14.4674
14.8876
28.9697
26.4356
16.2107
23.4894
23.3164
29.1504
25.9239
14.9645
28.4524
21.8224
15.0999
16.3422
31.1469
32.8807
16.8524
15.5155
14.807
14.6899
15.7106
16.1377
13.8499
21.5692
14.5373
14.1054
15.4709
13.9394
14.3873
14.8994
16.6522
15.0161
14.6834
13.7527
15.4563
16.0257
14.4415
19.632
26.0277
15.0127
29.6832
16.6332
15.7344
15.5109
14.7312
16.4411
21.4745
16.327
16.661
14.5031
16.6443
15.6211
16.1551
15.7138
15.0989
14.6727
28.1616
28.6709
30.1487
16.145
15.7895
16.2054
16.1858
29.52
18.6974
15.0701
15.1826
14.569
21.4286
15.03
16.0616
28.0966
16.5004
17.2291
22.3415
23.1824
20.1709
12.921
12.4063
12.8716
13.3876
11.734
13.7353
21.5528
13.4709
21.0135
12.6773
14.9066
13.4787
20.0001
14.2938
28.1416
13.3476
23.4293
13.0098
13.8304
13.4166
12.4121
22.8545
13.259
12.6766
22.8504
14.1526
13.4904
12.5809
24.7445
18.7072
24.3511
14.7839
13.863
13.439
13.5692
13.2407
12.9934
12.8006
13.6301
13.9091
13.0131
13.1548
13.9168
14.0719
25.6125
26.7401
25.3055
15.2925
13.1512
14.1403
13.7552
18.0875
13.9656
15.9054
12.4216
13.4903
14.0338
14.0163
14.8327
16.5664
14.0379
15.1216
14.2689
19.8949
14.563
15.4562
17.6868
15.1313
14.5453
14.1336
24.1439
16.2549
14.4979
15.3894
13.8126
14.5276
14.0706
14.7797
18.5179
15.2896
26.1127
15.099
14.7048
15.983
15.0359
15.1872
27.07
24.5935
17.5374
15.3903
24.202
14.7563
15.8582
20.2784
15.5384
30.2773
16.3534
14.4435
14.8555
16.1975
34.7694
29.9413
16.2714
16.6964
15.5442
15.5147
15.1727
18.4925
16.7028
14.6654
13.5864
15.168
16.2983
20.5234
16.3217
13.4769
14.7622
14.7317
16.0386
15.1671
14.5826
23.4244
14.8715
15.1434
15.0508
29.1125
16.3654
15.0971
30.673
18.7219
28.3591
16.968
15.3791
15.5716
16.3779
30.1671
27.0959
15.0032
26.8539
15.7289
16.1371
22.8814
18.533
15.1748
14.608
15.1542
16.4259
32.404
17.0872
19.4554
14.8211
31.6009
16.1837
18.3084
14.8753
14.9801
15.0794
30.6075
22.1257
15.0925
16.763
29.7875
16.5378
14.4333
17.3139
17.291
23.8185
14.5137
13.4287
13.4172
13.6141
14.0763
13.4824
15.6627
14.1615
29.0926
15.712
21.1426
20.49
14.4239
26.0061
17.0562
19.5946
12.9924
16.1488
14.5602
12.8758
28.9173
15.3073
13.2856
13.6693
13.8525
21.9226
26.8377
17.6205
12.8048
28.5127
16.4917
22.4166
14.8128
13.9469
14.3714
14.2053
17.9158
13.8785
13.012
13.7015
14.0714
14.1678
24.8283
25.6167
24.3288
14.8978
14.4605
15.0388
13.3352
29.4177
17.9184
13.6872
21.3484
35.9586
17.8125
14.8453
26.5382
16.0468
24.0272
32.1396
13.3916
14.7655
13.7051
15.2911
14.0059
15.1676
24.9133
18.458
15.6369
14.2848
14.1329
14.5833
14.0806
15.2059
26.0092
15.2071
16.7798
19.2304
14.3715
14.5594
15.9773
16.6226
16.3593
15.1325
32.9772
16.0461
17.9548
17.3396
15.3901
14.8622
14.9605
28.4699
29.3222
21.5242
14.3374
16.0805
27.9839
17.1748
15.9947
14.663
23.7786
15.3516
15.6205
16.0306
15.3501
23.4055
15.5125
15.6239
15.992
24.5753
15.9525
15.78
19.613
16.3946
21.1441
15.5085
15.5316
14.9646
16.5873
13.8204
14.7093
23.5646
18.3536
15.333
19.8886
18.8767
14.9773
16.5644
15.3396
23.9881
15.653
14.8608
22.1805
29.9572
32.6093
15.5101
17.0097
26.2549
17.8463
15.4212
22.4543
14.4972
21.1769
20.6052
15.672
14.5001
14.7816
23.847
15.858
29.7008
14.2978
15.8747
16.3551
14.5734
25.2004
15.3219
13.966
15.4949
14.4543
14.9752
15.097
14.7686
15.0384
15.3315
33.5531
14.0235
17.8387
13.6052
15.0479
24.381
15.6717
14.3988
17.9596
15.7171
31.1354
16.0278
15.4964
14.9548
21.8894
18.0286
15.5823
16.967
15.1035
16.9495
21.0525
26.8278
15.4212
14.747
15.293
15.831
29.1895
15.4558
15.8692
17.0377
22.1058
14.8455
14.8419
31.7904
26.8466
17.6771
14.8478
15.4452
15.6117
25.406
14.3104
14.6179
17.278
15.878
29.263
27.1741
32.4777
15.9898
16.8636
14.3525
14.5512
18.0473
14.0351
15.1432
14.2069
14.3664
26.0559
14.7463
27.6378
13.5347
25.3282
24.9159
15.08
14.8267
26.9152
15.382
14.9267
14.2988
15.9578
13.7763
30.1172
18.0818
15.2842
19.4267
13.9853
15.1595
15.2137
14.6686
21.3583
30.1934
22.5723
14.2969
15.6406
15.1148
14.9957
14.8159
15.5862
14.0978
33.1911
16.2452
24.8787
15.5527
14.7506
15.2543
14.2012
13.4455
14.7781
14.333
23.5805
15.4643
25.1205
21.3383
16.8644
14.8042
16.6923
26.4051
15.0611
15.0235
14.536
22.3684
17.0859
23.7194
15.2674
15.5573
31.1766
24.5715
14.3861
28.8367
32.6936
16.6283
15.8773
23.9153
16.7766
15.5915
23.0863
17.6752
14.7029
15.1825
14.4489
29.3987
27.4501
19.4798
15.3176
14.3764
14.7858
18.4401
14.3905
21.9701
15.1091
15.8179
14.7424
13.9356
15.9224
15.074
35.556
27.8425
16.306
16.4148
24.9406
14.9333
17.0992
22.4841
14.6529
18.1049
27.3824
16.9986
15.3577
15.4235
15.2416
14.1123
31.4036
23.6625
15.5117
14.8103
14.7131
14.8901
29.7519
14.9111
29.9236
21.2809
32.1007
17.3119
18.1588
16.3283
15.6821
14.7734
21.7126
17.058
14.4886
16.4762
16.0069
14.702
17.0114
14.6015
19.7649
15.8578
16.4952
15.3902
15.6356
15.2877
14.4787
16.4478
34.444
15.6697
16.965
15.8472
15.5606
17.8528
19.8147
18.8356
13.464
16.46
14.944
28.3335
14.6229
32.5011
16.1095
26.1575
15.1689
29.5165
15.8529
14.4956
15.5393
14.7116
14.4698
15.9246
28.0184
13.8506
15.3364
13.723
14.1838
25.6969
17.237
14.8577
16.3944
13.7135
14.6372
27.2246
15.6944
22.6171
14.787
15.5175
14.6238
24.7865
14.0075
14.0468
20.0926
15.1624
16.0323
14.7433
14.4887
15.6252
16.1404
22.3885
15.3505
13.5616
26.6687
17.1184
21.4821
14.3522
13.747
15.4118
13.7763
15.6391
13.9995
13.3245
14.3777
13.8679
14.7416
13.9028
14.143
13.9158
13.879
23.0009
13.854
25.0383
15.2777
30.328
27.8667
19.8121
17.9921
13.1346
23.8871
14.0099
26.2842
17.7579
14.5939
26.1496
14.2064
16.5226
15.8236
14.057
15.3678
14.2174
28.1071
29.6127
26.693
15.0077
15.2732
15.1377
16.1285
14.9382
15.7702
14.7642
34.2631
16.6537
14.9973
13.9505
18.0691
14.4222
15.9788
15.8245
33.5152
24.8662
15.7283
15.4856
16.6583
30.6832
16.2211
27.7803
19.2681
32.7809
16.6331
15.9459
16.0115
15.5681
21.9987
17.4953
22.8506
35.6174
17.3308
14.9748
14.8888
24.4127
16.1115
16.4695
28.9817
17.4283
35.1269
16.3993
31.0217
14.3179
28.5403
15.6299
15.219
15.6508
14.8133
24.0763
16.1594
16.1514
16.2635
16.2607
15.8518
24.5957
17.1335
17.4309
15.6389
15.1943
14.0654
17.5018
23.3249
15.3537
18.3232
15.2921
15.6557
22.8798
15.6892
19.475
17.4853
16.4511
16.2225
18.435
20.3126
24.0036
24.5831
16.3942
14.5999
15.2483
18.3534
16.4978
27.5726
16.4592
15.4596
15.3006
28.0701
18.5713
14.9836
14.2038
15.7114
14.9835
31.4676
15.7183
16.8536
15.3203
15.6248
17.1961
22.89
15.4515
15.6051
22.4354
15.1029
16.5258
31.5438
18.5195
14.6654
14.8071
14.6729
15.3976
15.4224
15.882
15.1743
25.0252
20.638
15.4103
15.5706
17.1173
15.6256
15.4228
14.4698
27.4304
16.1637
32.4469
26.2602
15.2821
15.5167
15.7113
29.6064
15.009
14.8756
14.9901
15.2107
14.8083
15.2095
14.7863
14.5541
14.3061
16.4596
14.1334
14.3906
24.6713
15.8771
15.4246
14.7107
17.3394
16.8646
14.95
14.2222
14.2402
16.1702
17.8718
22.4427
14.0668
15.2989
14.7741
14.4585
15.0435
23.949
16.387
14.1836
13.8763
14.4057
14.3917
14.8
15.0201
14.1572
14.7337
15.0006
14.6214
15.4554
14.064
15.0567
14.9692
14.5422
27.957
16.1342
14.6017
23.9328
15.6136
32.3434
16.8242
16.3535
14.5315
29.9866
20.946
30.3879
15.6287
15.754
15.4005
16.1025
14.894
16.1982
16.2788
18.5983
15.9794
15.6807
16.3123
18.8878
15.3402
15.1651
19.7452
15.341
25.2047
17.1369
16.1133
14.7482
27.3763
15.2485
17.0399
15.5759
14.8654
32.7128
16.2326
15.776
14.1769
15.5926
26.8238
15.2561
15.4806
14.8151
15.3944
28.363
14.5211
27.048
24.4924
14.5944
13.5486
14.1354
21.9727
14.3164
21.6766
15.6582
16.3006
14.7049
13.5865
14.6021
14.6659
15.5415
13.7667
15.1496
14.468
16.1574
13.7413
17.5944
19.3795
15.4741
16.9546
26.8508
15.5525
27.9125
15.4642
23.2601
27.693
16.8628
15.28
14.74
16.5155
16.5918
16.0657
25.834
15.3114
16.8943
15.6052
32.7061
16.4265
31.6448
18.4527
14.8994
16.4894
13.8177
14.8992
17.0469
14.267
30.1212
19.687
15.4377
15.0044
30.9528
21.4415
15.068
23.0215
14.5734
18.306
15.4341
14.2589
25.2249
14.4381
32.8217
14.9966
14.7317
14.683
26.6339
15.2513
14.3815
14.8845
16.243
14.1366
26.0962
14.374
15.2204
14.1267
13.1314
19.9653
18.7428
14.4447
15.1763
18.7304
15.1916
13.2326
14.54
18.4762
15.011
14.1305
17.3252
14.7703
28.571
17.6481
13.7925
27.8934
15.5832
26.0111
14.5752
13.6872
14.3517
17.7765
13.4678
17.2118
30.5154
14.123
15.063
32.391
32.4448
28.1103
15.7286
27.8541
19.8604
14.6268
27.1302
14.9359
26.9077
17.6739
14.3535
13.7809
35.8042
17.9537
14.1997
30.0036
21.3235
26.3467
14.7186
15.7542
13.4474
13.9792
31.3643
15.3776
32.7995
17.3964
17.4066
14.7519
25.9219
18.8246
24.6449
17.2335
14.8562
13.5606
14.2696
14.2191
14.5578
30.7995
15.4359
22.0848
15.0336
15.1858
33.7483
22.8688
35.464
27.0563
15.9543
31.1354
14.7324
15.5279
14.369
16.7974
18.0191
15.1173
14.1974
15.5218
15.9807
19.9144
14.7789
13.6251
12.0194
13.8273
17.4553
14.0338
14.9275
25.2689
16.8129
23.5381
14.0086
15.7474
13.8318
14.5887
27.2086
16.6057
18.4168
14.3
17.6141
16.3373
16.8247
15.8636
15.2676
15.4865
14.3438
30.4025
16.8953
17.0423
16.6473
19.8315
15.1576
18.0696
18.3317
25.9766
33.0371
19.4423
17.0585
29.3806
14.5996
25.0955
19.9576
16.1024
19.205
27.5969
22.1767
27.9514
15.694
30.6444
31.9903
25.2594
16.6618
15.0532
16.115
15.4968
15.217
15.1458
26.7149
16.7095
16.6886
15.4553
15.9505
15.6505
15.4827
15.0884
37.5044
18.6761
26.1771
16.9029
17.9925
14.8291
15.9085
14.9802
15.2078
15.4423
16.7329
15.6274
16.7369
15.3776
14.7835
15.1911
14.0656
16.2343
16.4498
31.0765
32.0495
15.2925
16.7891
15.2313
29.2204
16.8098
17.1788
16.0219
16.6791
27.3151
14.827
15.7767
16.6334
15.7829
16.659
15.5892
16.4938
29.4837
20.1867
17.0028
16.9551
14.679
15.5243
15.6569
14.2896
15.7687
15.8251
15.5686
24.7326
15.9415
15.8892
20.0881
13.6709
15.0847
19.7809
24.2667
15.2053
15.5277
15.6994
15.0812
16.9405
14.1742
30.7139
15.887
16.0274
16.0792
17.4563
16.7465
15.2664
14.856
15.9231
15.1074
22.2379
15.1979
14.1252
14.9728
15.2904
14.6943
13.3757
29.3217
19.4364
15.0609
29.3351
21.6553
14.331
15.3215
25.6271
14.8066
16.0384
16.6618
16.3039
14.9432
17.0732
18.3037
28.0513
19.7943
13.6497
15.1318
29.8488
29.5026
20.4956
15.8514
14.2261
14.1307
14.7719
18.0537
16.1737
14.1384
15.3668
14.3674
15.5939
14.4948
14.4059
15.1513
24.1705
15.3567
26.8139
23.2961
22.8706
17.7186
14.6529
14.9362
27.7746
16.0928
14.665
15.2479
14.9939
23.5014
17.1223
14.4446
13.9938
14.7029
15.5832
25.1193
15.673
14.734
15.7297
14.1041
17.3699
14.137
14.8806
22.8019
14.9452
21.3527
17.5787
14.2508
15.7707
14.0657
13.9519
14.6812
28.6501
16.166
14.2692
14.7345
26.074
14.8409
19.7276
14.3392
14.7474
14.5157
14.5176
16.3332
15.5448
17.8665
13.576
14.578
13.9476
15.6747
14.4381
14.6684
14.1465
14.3972
24.7404
14.8354
18.0233
14.8589
21.145
14.6361
30.4962
16.3255
30.0522
16.1613
29.222
17.0125
28.7951
15.6399
14.9161
16.9325
15.2131
15.2211
15.3772
14.9765
14.6427
14.8854
27.1462
15.3234
15.4181
14.4111
16.1495
19.2228
28.2216
14.5228
30.1165
15.8057
15.3018
35.1283
16.5194
24.8385
14.5445
30.4999
17.0132
24.8905
13.6637
13.667
13.6813
14.0823
14.6819
18.0357
14.6648
22.5672
18.6644
17.2309
15.0434
13.2223
26.187
14.099
14.5801
14.4764
13.4079
19.6658
16.4137
14.1825
13.8719
24.5791
15.4202
18.0681
18.6275
27.9766
20.4047
15.4644
15.8629
13.8068
14.0168
14.5657
21.078
15.0006
15.2304
24.6058
31.6441
17.1539
14.8833
15.6223
14.8077
13.3447
15.0716
16.4533
15.1803
15.0505
14.1464
14.8699
13.8128
14.7023
13.9224
14.4467
32.1032
16.8626
14.0247
30.3902
16.0861
35.0656
18.5583
14.5508
14.287
13.5284
15.4263
22.6482
14.2992
15.8817
14.8376
31.3955
13.0179
15.0042
13.7792
14.6745
16.2939
13.8288
14.9025
15.8848
13.9348
17.0613
15.4062
26.503
17.4175
16.1745
16.6125
14.8924
14.4202
14.8583
14.0612
13.8375
14.8444
19.2471
17.0561
18.6834
16.804
17.8923
14.9885
15.6732
28.8411
15.9022
27.9882
15.3719
15.8783
26.0147
15.1365
14.896
16.1167
16.8996
14.9121
16.3474
16.4469
15.5636
29.6441
17.0315
15.5585
15.7632
15.735
17.2517
16.6825
15.831
16.1639
27.5783
16.1401
21.0137
15.4034
17.3394
15.7823
15.3236
14.9365
23.7238
15.9067
15.8838
16.8605
15.3411
16.6317
25.4006
23.6384
24.3255
29.4503
20.563
14.7329
15.651
14.4642
16.4383
16.4894
18.2469
15.9862
16.4562
15.3223
17.7717
17.1742
19.1427
15.0554
14.4651
15.9736
33.5549
24.7668
17.9928
16.0338
15.6007
14.6347
19.7174
32.564
29.3004
17.441
15.2996
15.1597
16.8691
30.7717
30.7103
33.436
18.9345
22.2798
15.716
23.3157
15.6667
16.2203
15.0407
16.4838
27.5316
27.0914
18.1627
16.4683
16.9937
17.6236
16.0434
15.479
15.588
22.5632
24.4132
36.2703
19.6426
31.7331
14.8863
16.1674
15.8907
28.3741
20.9041
15.6334
17.2858
14.596
15.8113
20.3773
31.4587
28.0532
15.3765
16.1697
16.2382
18.3116
17.5021
18.3454
14.9457
16.4517
15.692
15.1324
29.3692
17.9045
14.0313
14.2143
14.5921
28.6756
15.9084
16.3973
14.151
14.9124
15.8744
21.5836
27.833
15.7816
16.9185
18.2436
23.1857
18.4209
15.3159
18.137
19.8358
14.9913
15.1374
15.2176
15.8844
17.1176
14.0121
14.412
16.1827
14.331
15.5996
14.4754
14.1959
27.381
17.7341
21.3822
15.1932
31.4737
15.1526
18.8075
14.2808
14.2651
16.5912
15.4541
15.5823
20.3153
26.3793
14.0316
13.5447
14.4851
13.8881
27.2796
15.427
36.4723
21.7266
27.3577
16.0421
24.596
15.6672
30.694
28.2552
15.878
16.7922
15.0355
14.7284
19.3797
16.9096
14.4749
13.7261
15.8776
14.6785
14.8718
27.273
16.0712
15.8336
22.5
14.0477
15.4343
14.8766
15.6828
15.5138
20.3184
19.8989
27.5667
20.7743
15.2123
29.2656
16.394
15.3816
14.3445
22.8408
16.9167
15.0502
21.3548
15.2474
26.3032
15.3403
16.4224
13.5424
15.919
16.3569
28.7313
19.7764
15.5347
14.4218
18.6029
16.8082
17.3515
14.9953
16.1466
14.4023
14.5326
14.6516
14.7804
14.0443
15.4528
13.2757
13.8225
14.3707
28.5424
18.5501
14.6376
15.6068
33.7297
14.1395
15.6146
14.501
29.5662
22.462
14.6675
33.3626
28.7486
23.3509
16.2736
20.5145
15.4194
14.3525
25.4763
15.4265
14.5069
13.8978
14.4598
20.3308
14.7155
30.7472
17.8451
14.2845
14.8005
36.2987
23.7634
28.2359
15.1518
16.1137
21.1938
16.0746
34.8214
18.3206
14.7387
14.2481
27.7857
18.2385
28.5862
17.1428
13.9834
14.5312
14.701
15.3563
15.312
15.8545
26.6351
18.4428
14.5447
14.1068
13.3171
22.1477
14.49
14.9144
28.1913
13.119
13.7665
27.6288
19.9375
24.8553
15.696
13.6201
13.0243
13.6702
12.832
13.6638
27.4397
19.1319
16.3895
13.5825
16.074
12.4513
25.5757
16.2227
13.2008
20.8395
17.2049
15.081
25.5588
13.5427
30.9378
21.1316
14.2134
13.4262
24.7247
21.7203
17.9041
17.8026
14.9072
13.5663
12.8053
12.3281
14.1317
16.8701
13.2929
12.9723
13.0373
29.1436
21.1371
26.908
14.9903
20.9206
13.4375
17.5667
13.1729
12.979
14.1195
12.696
13.4282
13.2815
12.6654
13.1678
12.6225
14.0621
21.3892
14.3881
29.9585
29.2713
20.9654
13.5062
12.6289
12.6982
13.05
13.5881
12.7515
19.3023
13.4761
14.2568
16.5026
13.3441
14.151
14.3874
20.4014
14.9527
27.4113
14.1214
14.8755
13.2254
13.9171
14.0372
24.7501
17.461
15.5636
19.3446
13.7704
28.039
14.0995
15.4935
14.0651
21.4724
17.0058
13.5109
14.3953
19.2361
14.7729
26.9901
17.0954
18.9665
14.3151
16.0797
28.9745
21.9678
20.0166
16.6206
15.5636
15.3152
29.7267
26.3843
23.3596
15.29
23.4029
15.4909
18.433
16.4457
15.2699
16.37
16.0414
15.0684
18.9628
15.4036
14.968
26.1108
18.9744
15.8431
15.5959
15.2189
15.9038
15.5345
15.4023
15.5285
16.1982
16.8121
16.5059
15.6997
20.8144
16.9547
18.0253
15.2694
14.17
17.2869
14.6686
18.3607
22.9595
29.5268
16.173
30.502
16.367
14.6826
16.4638
17.3001
18.4817
15.9549
14.4224
14.3601
29.3745
16.6329
15.378
24.2628
20.7061
21.7305
16.4551
30.607
16.4751
20.1754
18.2789
32.7454
16.7479
15.5256
15.4174
15.2141
23.0525
24.6301
21.8996
18.2656
15.4911
24.5358
20.2944
15.8688
14.8722
17.8525
24.0223
16.3686
16.283
19.299
15.353
16.9744
15.6014
28.122
16.1337
14.4103
37.3637
28.8986
16.2521
29.6614
24.649
15.069
26.0418
15.7053
13.8549
16.2392
15.1705
24.6861
20.3162
21.5869
14.8715
13.4046
18.904
13.2902
15.8997
17.6935
15.9601
19.2665
14.4301
18.8085
14.1776
13.7449
15.9038
15.2728
13.5093
14.4557
33.3244
16.5995
14.6167
15.4418
15.9125
14.3142
14.2731
14.1955
13.1262
14.5799
13.082
27.555
16.3928
15.7539
28.5192
25.7491
14.8849
14.2884
15.3765
16.4945
14.3298
17.2447
14.0856
13.5905
15.0682
14.5753
21.7541
16.4709
15.354
14.9114
24.7853
16.3971
15.2515
14.7689
28.7325
19.3569
13.8029
18.4696
15.8828
25.5483
15.3148
28.0158
22.9212
30.1438
20.5406
15.1661
14.1051
14.4802
29.7246
16.3492
14.7423
14.4936
14.5864
22.6219
15.2965
14.8648
25.1681
28.6693
16.1983
16.9422
14.9138
26.3978
28.91
16.1079
18.7495
27.7217
16.77
13.953
16.4882
14.9534
14.6823
13.4092
14.3372
15.0663
21.7109
15.785
13.705
14.7113
14.8644
25.6047
14.9352
17.4568
14.0021
13.9745
18.2674
14.1136
25.3919
19.9675
13.2192
14.3226
14.1309
15.366
14.3461
14.5591
28.3251
22.362
34.6992
28.1932
15.544
15.2689
24.7147
26.2039
16.1928
14.8158
16.5568
15.5563
15.9731
29.1541
22.0646
15.1402
14.7664
25.4
21.9686
14.2528
16.1616
14.995
14.6619
26.0952
33.7146
23.3849
15.8509
15.1033
28.96
15.191
27.3811
25.8108
21.0245
14.3883
15.4592
14.1044
15.1606
16.2229
14.0663
14.9147
16.1179
14.2786
13.9208
14.0388
14.9526
13.9206
14.7453
14.3054
13.9912
13.6098
14.5476
14.0593
16.251
20.4675
15.8959
12.7614
14.3552
14.05
14.016
16.3714
14.407
14.601
15.4904
14.9133
14.685
26.7473
15.2641
30.5573
24.0911
13.2202
14.0136
16.8144
18.1782
13.5502
13.3288
13.9042
13.0514
15.2194
13.2113
21.5145
23.0541
14.7253
24.808
16.4146
13.5568
28.6321
14.3363
18.1697
13.9862
15.3762
13.6262
13.8502
20.9584
16.2181
23.3328
16.5594
13.6327
18.9048
17.0124
20.2369
21.6278
13.5372
13.403
13.6087
14.6991
13.9645
13.0336
15.4453
14.8728
18.0638
14.6768
13.376
31.4782
15.9772
27.1282
14.0417
28.2433
18.1009
13.9742
14.2348
15.096
14.7258
13.1388
13.9098
14.5916
13.9823
20.7368
13.5092
14.6902
13.4092
15.8953
15.2117
13.969
13.5809
14.9635
14.0758
13.743
16.5314
14.0434
14.0369
13.1007
14.3623
27.7749
15.5057
18.0121
13.4126
15.1883
14.1876
15.6975
29.7131
15.973
17.6028
23.1909
29.5027
16.3687
15.1559
15.5988
16.4143
27.2632
15.3474
32.076
27.3006
15.5244
28.2788
15.7725
15.03
27.3177
28.7854
15.8263
15.6724
16.3526
15.6045
21.8148
17.2691
15.0365
15.1792
28.792
34.8448
18.4779
15.6169
21.7459
25.9412
34.9454
39.8513
27.6683
15.9923
15.2818
17.3431
19.2459
15.0224
27.7033
33.907
27.9574
15.0366
15.6044
14.9252
34.9917
18.6252
14.9897
27.5099
15.9698
15.2305
15.6568
14.1824
14.3288
16.8398
13.9683
15.0156
14.6888
25.0111
14.5106
14.0602
15.4009
14.9359
13.7455
28.8354
15.8471
15.4634
14.7276
16.0297
14.5682
14.976
26.4296
33.8316
17.5324
15.0641
14.883
28.3596
29.1008
31.7016
23.39
15.087
14.9969
14.559
14.5433
24.7205
16.7919
21.8101
14.7695
17.3328
24.9619
22.1365
16.4154
23.7303
16.9542
14.6277
24.7473
14.6985
18.0652
15.9861
14.6914
23.3251
15.38
15.4029
24.4523
14.8471
17.825
30.7897
15.6533
14.449
13.5083
13.6935
14.5577
17.0948
14.1744
14.219
14.3744
25.9174
14.8278
24.0995
14.0368
19.1391
16.0162
13.9909
34.7451
19.105
14.852
14.6623
15.2848
14.3562
15.0228
19.9636
13.7792
13.9786
22.244
36.2791
19.5319
14.5218
27.9672
15.7476
16.0265
17.4242
14.7259
15.053
14.9862
13.1319
14.239
13.9672
15.0701
13.6413
13.1836
17.4611
14.5671
14.734
18.0969
17.4606
17.5279
16.7185
13.5226
17.1273
14.5344
32.5543
15.3246
15.8005
15.4166
26.7418
15.8378
14.1583
18.8028
14.3704
21.606
29.8532
17.3596
13.973
15.3547
15.6581
14.3425
14.4438
14.0445
15.2054
15.3297
15.4583
14.0592
15.447
15.9477
14.2261
14.8859
28.3655
15.7577
17.8399
14.9429
17.5548
25.0488
14.0192
14.9925
15.555
14.4874
14.0536
14.0829
14.6212
15.8813
15.163
14.5804
23.0405
21.2087
16.8632
25.6988
17.6726
14.7629
15.1761
23.9542
14.743
22.4664
16.1711
20.7543
14.5272
15.0354
17.791
14.9435
24.4899
15.4104
24.3246
32.7707
19.3228
15.3997
14.3878
14.2265
34.3501
16.2101
16.3214
13.8641
31.4716
14.9823
14.8318
16.3748
29.7194
16.9773
15.5421
30.8554
22.4128
16.2884
13.8179
14.9632
16.0214
14.8742
27.6127
16.2115
21.3114
14.4413
14.9926
14.477
14.2413
15.6939
13.8805
25.84
14.912
29.1135
17.0139
15.2159
14.5217
13.8679
13.442
28.3321
16.1302
23.4827
14.43
15.3839
13.8997
27.9007
26.8561
15.8642
13.8992
13.6255
23.6569
13.5044
15.7317
13.5607
13.5571
23.6229
25.0112
15.4638
15.678
28.0599
15.9065
14.9549
16.4809
21.321
15.5305
14.0764
15.1545
13.9516
13.8734
14.0926
25.5442
21.195
15.4862
14.1336
13.356
13.3605
12.7036
14.916
14.4409
27.2665
19.8789
15.6447
23.9086
15.5428
13.2605
12.9317
13.5657
13.7363
14.3872
14.498
14.834
11.4026
11.977
19.969
19.1481
14.9848
11.3484
13.2936
13.9133
21.3859
11.9372
10.6675
19.9037
14.1372
22.5883
22.1532
23.6456
13.2199
11.6977
12.8167
11.3236
11.7398
20.4412
12.8678
11.2354
11.6921
11.625
20.3694
14.1989
13.4012
16.7636
11.6343
22.9113
15.067
14.742
11.3837
10.9674
13.1026
12.2109
12.2402
12.7732
11.5273
11.3028
11.6665
13.5451
25.0745
12.4442
10.9777
19.7679
16.4054
12.6706
11.0462
13.799
9.62573
11.4602
11.016
10.6389
11.0236
11.4024
14.7781
13.0322
11.6807
11.5996
11.2791
11.3872
10.7362
12.2471
10.686
15.5367
12.0017
11.8981
10.0927
11.2837
10.3695
11.5789
15.5994
11.3643
11.6986
11.003
21.9853
12.2139
11.5414
11.1602
19.5032
13.6606
11.9507
11.0491
14.5285
11.8579
11.8236
10.9955
10.7052
10.8444
20.8529
12.5708
12.3296
10.5168
11.5372
10.8204
12.2458
12.5479
11.1852
10.9936
10.915
10.2168
11.3593
11.5243
11.5732
12.2358
11.4108
11.8569
26.5617
22.9953
14.608
12.1248
11.7526
11.0091
11.5862
19.5664
27.6339
15.5809
27.7285
16.2592
11.856
21.6113
14.3407
10.8244
11.2048
11.1678
11.481
22.1301
13.7537
12.6031
12.655
12.0629
12.1676
23.8325
15.1522
12.1328
11.9669
11.117
13.6676
20.4396
14.1815
20.9235
12.6871
11.5436
12.2991
12.4853
12.4635
12.4698
12.2725
19.0374
21.6688
25.3533
27.1616
24.9161
13.7949
11.0752
11.0774
11.6823
13.1325
11.7653
11.9914
12.2306
12.1876
24.4115
15.5456
12.4446
18.6836
25.7436
15.9006
15.6909
17.6676
11.8865
11.7443
12.0872
12.0606
11.4574
25.5268
17.5382
24.9477
15.1691
11.2264
12.404
12.1323
12.0772
11.6077
12.3092
12.1297
12.6398
12.6243
13.0072
11.8549
11.3586
13.3637
12.9357
13.3532
12.7059
12.2349
12.4352
12.7252
13.1059
12.5252
13.4064
13.322
13.5784
12.6877
14.1408
34.7317
18.6261
12.3383
13.5421
12.517
11.9827
24.1659
13.9147
15.4155
12.2144
12.4055
12.1561
11.3934
11.1348
12.1332
11.9045
12.8433
11.7413
12.1456
18.9395
12.8805
12.5754
30.3552
15.2587
12.8344
24.0262
23.4079
14.049
12.4076
25.5628
24.8311
13.9194
14.0957
18.9956
13.1326
11.8321
13.327
12.7375
11.4056
12.4156
12.2984
11.8377
12.2619
24.1713
20.2374
16.9187
13.8067
12.08
12.06
12.4612
17.105
12.4177
13.9772
24.4325
20.5916
19.1252
12.9142
29.1345
18.6105
25.4805
14.6784
12.3837
12.6114
13.4175
12.9331
12.5375
12.8408
13.2018
11.8061
13.743
28.9222
13.685
12.7193
11.3874
13.7575
11.9245
13.329
11.5004
14.1059
14.6135
12.994
12.9815
14.0403
12.9828
13.1808
12.2587
12.6829
13.023
13.1854
12.8653
13.07
27.6527
24.7913
23.5878
16.005
12.9859
12.278
13.1459
15.2063
14.2127
11.9639
12.4451
13.147
13.1472
11.9607
11.9632
13.2378
11.9355
12.2748
12.8887
12.0736
13.3444
11.9047
26.05
13.4961
12.2334
12.6531
12.5758
12.7058
12.9179
13.7159
12.3107
12.0955
16.6437
13.9499
12.2688
12.4017
24.639
19.2587
12.4392
12.3009
11.8202
12.0936
12.8261
12.8631
25.8802
14.6139
13.4368
14.5441
13.9245
30.8863
26.1505
20.2321
15.739
12.5188
12.7388
12.9763
12.3296
12.754
11.1252
14.2741
12.2626
18.6369
13.3928
13.1952
12.5476
12.0803
16.0536
11.6792
11.9604
11.8638
13.1039
12.6951
27.9355
17.5069
13.2296
13.0291
13.815
13.2414
12.3262
12.4042
14.5462
12.4221
12.9726
12.1614
12.5838
14.3129
12.7939
13.4608
15.2247
13.3492
13.5122
13.9579
12.4427
12.8217
32.8851
24.7385
13.8478
25.632
15.922
12.685
12.7877
12.5268
12.8788
12.1818
13.281
12.929
12.1348
11.9817
12.8684
13.4395
32.1404
17.6636
13.2784
12.2286
12.8967
13.305
12.9982
30.3786
23.3516
13.7066
12.2231
13.6376
18.3787
13.2385
16.7255
13.5367
13.1102
12.2965
12.7444
12.954
12.4334
12.6016
13.0412
12.0519
13.1973
12.9272
13.1315
13.417
20.8187
29.4158
15.5563
27.9789
15.719
14.4149
13.0413
12.617
13.3248
12.2928
13.4538
25.8067
14.4099
12.7894
11.012
15.1043
12.3036
13.3895
18.3494
19.2862
12.8543
17.5638
12.6819
20.777
12.1816
11.651
12.0981
12.0991
12.2212
12.6433
12.0126
12.1812
13.3915
14.0242
30.2229
16.7757
29.3502
14.1321
24.9698
15.5758
14.9266
13.7494
26.6624
13.9696
12.8776
18.387
15.3272
11.753
12.0132
13.0021
13.9335
13.3853
11.7215
11.5862
24.5991
14.3821
29.1772
14.6969
26.2672
13.454
15.7993
12.5923
12.8594
19.8464
15.6854
16.4888
13.0109
20.4605
13.1805
12.3244
24.897
13.7474
23.8346
12.7533
11.7283
13.4946
11.9711
12.2221
12.8094
27.7443
13.3619
12.1181
13.4986
27.7745
14.2512
12.1992
25.8582
13.8093
12.7802
12.5168
30.0725
17.3297
24.0281
12.9974
11.8134
14.0077
12.1176
12.0188
13.03
13.7678
13.0642
17.793
12.7183
12.9349
14.1609
11.9409
16.0067
12.14
12.0604
11.8765
13.0433
12.6897
12.1976
27.0148
18.0995
12.6397
12.3891
12.9321
12.6368
31.4198
15.9537
12.2904
12.6983
12.5146
18.007
16.6005
15.8345
12.8028
26.0968
16.7064
12.0313
13.3724
13.0494
11.9084
24.3405
23.1131
14.9053
12.5007
11.8373
12.6295
13.5994
12.8852
13.9865
13.5872
11.5945
11.934
11.9598
11.1883
12.3352
12.859
13.1344
11.7793
12.5907
12.4708
12.0717
12.5708
12.5488
13.0564
11.5482
13.5105
18.6129
12.2257
10.4598
12.2692
11.5851
12.0513
12.9903
12.5981
13.9109
12.1824
12.5796
12.501
13.7353
11.424
13.6894
12.9968
11.9575
12.2168
12.9214
12.1107
11.8467
28.481
13.9131
24.6099
13.0875
12.7979
13.0735
12.0611
20.6336
19.0874
11.8394
12.0704
12.7516
12.206
12.6195
12.5372
12.1594
12.0974
11.8966
12.5404
12.686
11.5079
12.3305
12.4042
13.3836
12.1611
23.9368
14.6071
13.7736
12.9819
13.1514
16.0934
13.8387
28.5251
13.8417
12.6197
10.7477
10.8054
12.1434
11.902
18.6443
11.9726
14.7806
11.86
11.9841
19.2708
13.9098
12.3705
12.3993
12.663
12.8419
12.4117
11.6633
12.9561
12.0045
12.4728
12.3275
13.9299
12.8152
12.7994
12.536
12.3799
11.9575
12.3452
13.2514
12.8096
12.3635
12.3451
12.8609
12.0048
12.8866
13.7584
13.0315
12.1506
11.8225
12.4352
12.0389
19.943
13.4511
18.0101
12.7681
15.0287
14.8491
11.7824
12.5961
12.2586
12.7929
24.9217
14.3995
12.346
14.4429
13.5883
12.7251
13.5758
12.174
12.37
12.859
12.5759
12.5772
11.8553
13.5024
13.3957
13.1158
13.3744
12.3679
24.2261
19.3581
13.2268
12.5821
12.2539
12.5501
18.9104
14.1806
12.7052
24.1123
23.3869
12.4351
12.4738
26.146
22.1913
14.4462
12.088
15.4092
13.8269
12.2905
12.3431
13.5767
12.2652
24.77
13.6069
23.2958
13.5125
12.8187
12.7216
12.9903
12.7257
26.6828
16.2871
12.8313
23.3225
12.8484
13.7662
21.1465
13.625
11.872
13.1933
12.337
13.2387
12.1165
15.3604
12.4391
12.3948
13.1344
13.9955
13.0489
14.1819
22.2714
13.2864
12.8971
11.9241
13.1695
12.1602
12.6761
13.3452
13.1078
12.9108
24.5721
12.2293
12.2033
11.8633
12.0845
24.3962
15.942
12.4226
12.5989
16.1013
12.1061
12.6466
13.4672
15.9788
12.35
20.9435
14.6353
12.3962
13.2468
12.2695
24.6777
15.5105
23.4478
17.4339
12.3986
17.0381
13.3893
12.5509
12.778
13.3277
13.1843
12.0352
28.858
14.73
27.8275
25.2102
14.4709
13.9384
24.6131
15.8529
12.5244
18.9255
18.7608
13.8672
12.8209
25.243
15.2004
27.9215
17.5079
16.293
12.6836
12.5049
11.7866
12.4924
11.8656
12.4095
11.8655
12.0684
12.0056
13.0075
13.5545
14.8905
14.0807
12.6173
17.9628
13.5356
12.1941
12.6259
13.9478
11.5172
12.4162
13.2696
12.5198
12.0071
19.8781
13.3614
21.114
12.8978
12.0798
12.7945
12.7189
12.7108
13.5278
25.8001
16.7243
27.15
19.5593
14.5468
12.8602
12.6224
12.1866
12.9848
13.2211
12.8269
12.7824
12.7992
12.208
14.4257
14.3992
12.5308
11.5007
13.0275
12.1465
31.0465
19.9585
12.5874
12.4694
12.5884
13.7751
13.3199
12.6155
14.2488
12.6838
14.1214
11.8099
12.6685
12.2048
27.0648
18.4253
25.9596
14.0951
12.2205
13.9816
11.8775
19.5056
12.6716
12.4445
18.6038
12.7214
21.5047
16.0153
12.0708
13.0306
12.3962
13.7267
13.6164
13.1861
12.9787
18.879
15.7427
11.8942
11.7676
12.6629
12.6818
12.8154
12.9248
12.4335
16.0534
18.9168
12.1044
12.7944
25.0006
13.444
24.8445
14.7194
22.1483
14.2846
12.9618
12.7032
12.7303
28.3197
14.131
12.0407
12.348
13.566
12.1733
12.0442
26.0397
16.2367
12.5704
12.4507
12.9854
12.8668
17.6886
12.3413
11.8153
12.6455
12.1489
12.7038
17.5626
22.2152