26.8632
13.2358
13.8559
12.1012
21.3947
13.6909
15.2755
17.8424
13.3593
11.5264
12.231
13.4613
12.0082
13.0517
12.1902
11.4987
16.7411
15.3679
11.3434
11.6537
11.4384
11.8036
18.8549
19.7814
12.0452
23.3532
13.3566
15.0219
13.3015
11.6666
11.7454
15.1299
11.4373
24.9307
15.9158
12.7043
12.2443
22.477
18.5299
24.5067
15.6035
11.4773
12.648
22.3133
11.5612
12.7791
11.3098
10.2505
12.2662
16.7825
12.1307
12.481
11.2226
12.5604
13.7974
11.5162
10.1808
12.2465
10.3005
12.2266
9.90714
12.385
12.2686
26.3552
21.9573
14.7685
15.4764
13.6136
10.854
11.5566
17.0523
21.9855
12.2777
10.956
24.7163
12.5057
14.5181
11.2401
10.6298
20.6599
12.7394
10.231
10.3922
11.1695
10.8603
12.0845
11.5847
10.9052
10.9006
12.1657
10.4378
10.594
18.5852
12.0338
10.8683
11.2505
11.8696
12.2112
20.8167
12.3862
12.3563
19.0623
10.3182
11.495
10.0039
12.5386
14.5855
10.9948
12.8137
20.455
25.151
12.6444
10.4532
11.2069
13.07
12.021
14.219
10.68
10.6188
10.7179
19.8209
13.9307
12.0048
12.0983
15.3226
11.2901
10.9926
10.3267
10.7428
23.05
13.0765
21.9358
11.7226
24.1014
17.5803
16.3783
11.4191
11.2359
12.5663
11.5286
22.2992
18.0492
13.4841
11.143
19.7175
17.349
15.8086
11.1127
10.3121
12.1372
16.5596
11.901
16.8861
16.0697
14.4992
10.9444
12.6999
10.1062
12.3
11.2528
10.6537
12.6674
11.7569
11.1109
13.7963
12.3504
11.0571
10.9522
12.2289
11.8717
12.8787
20.8939
11.7254
12.6558
11.6564
19.716
12.0375
22.3334
16.5008
12.6016
12.062
12.1923
12.3133
14.8261
11.6979
12.3075
12.5435
12.675
12.0426
13.5354
14.8499
25.6162
14.6829
17.5118
17.4704
12.002
12.6184
12.4864
12.5893
12.6251
13.2356
12.401
27.1366
27.6462
13.841
13.0995
12.626
12.3865
19.5169
12.2848
13.5449
10.883
12.9754
12.189
13.5185
22.4961
12.999
20.9588
12.4989
12.593
18.063
12.4853
14.9122
25.6097
19.4277
12.0954
20.0704
27.1329
28.8141
12.1407
11.29
16.0774
12.3259
14.7869
12.7864
13.355
11.5152
11.5327
11.7754
11.9618
11.9529
19.5686
13.0174
14.0097
25.7895
14.496
11.1682
13.1702
12.4315
11.5318
13.482
12.5956
12.4827
11.8658
12.1607
10.9724
19.2367
12.1183
12.9902
13.4351
13.9461
22.8197
19.6697
13.1955
12.2072
11.9113
11.4902
13.7434
22.0754
20.4254
16.1768
12.7317
13.2643
13.2689
13.66
14.3659
12.873
12.2202
11.1717
28.0708
17.6418
14.1041
12.1583
11.7168
23.8889
17.5203
12.2946
21.1252
13.6923
12.9315
19.4053
13.0802
12.7586
13.1428
18.4449
11.992
12.1103
21.227
12.1736
13.5805
12.3316
12.9218
12.0613
12.812
12.873
14.0473
12.1776
25.711
16.464
11.8407
12.1249
12.8561
12.3658
21.2389
13.3738
13.7009
12.5588
12.6368
13.5058
14.7319
12.1278
13.3689
11.3811
12.342
13.0937
13.3925
15.5687
13.5062
15.2299
13.6394
12.8668
12.3798
11.528
13.4764
12.0058
14.0677
11.907
12.3897
15.1222
13.8798
25.1191
13.7354
12.6923
12.688
13.8876
16.1272
11.8307
30.5442
20.18
14.0984
25.9861
12.5858
21.8685
15.9159
22.7821
12.3438
24.8598
14.7379
11.9516
12.6034
24.2008
12.7064
12.6451
12.705
11.583
11.7226
12.92
11.828
12.7876
11.5816
17.9031
24.8007
13.5017
20.7564
12.831
19.4835
11.4859
14.9654
12.8436
14.9922
11.7427
16.4462
15.0633
14.2735
24.6337
13.2475
11.9823
12.4857
15.7587
12.7298
28.3595
16.1563
24.078
13.8456
17.6144
13.4598
17.6645
12.0672
23.8616
14.0639
12.4108
23.9033
13.7847
13.9781
11.5337
32.4774
23.8572
21.6622
12.9543
21.4368
14.5902
17.0844
13.4426
12.1324
23.0054
11.8666
13.4626
12.1955
11.014
11.3815
12.2282
12.1255
20.1225
16.6527
13.6449
15.4447
13.0289
13.7086
18.7397
12.5906
11.8104
16.0203
24.9242
13.6678
12.8292
13.178
22.9589
13.9086
13.7747
13.3064
15.3938
13.8468
11.9453
13.18
12.5294
12.4113
13.7468
16.2384
13.7203
13.5125
13.4338
23.6539
13.0554
11.6327
25.3821
15.6213
11.9091
15.9648
25.4416
14.5079
22.6722
13.6661
18.5496
20.4363
26.9846
16.5079
22.2212
13.4443
21.4553
13.2929
14.2966
20.143
13.1758
15.207
11.9221
12.5961
12.5336
12.5537
12.7678
25.7814
15.1819
26.9985
13.1276
19.0569
14.6387
15.5206
12.7349
13.6322
13.2382
27.0436
19.4417
13.5553
15.0024
14.5673
15.995
12.3789
12.4474
24.6421
15.987
22.3998
18.3504
14.5515
13.581
13.1294
12.7657
14.5667
12.2371
13.326
14.4089
12.9841
12.7119
12.0497
13.1846
11.6558
22.9068
14.7989
12.0695
12.2444
11.9458
13.9775
12.8222
20.8952
14.3011
26.9883
17.6587
13.7967
13.7432
12.966
25.4676
13.1546
12.6881
13.2123
12.561
13.4719
11.6484
14.479
12.3508
14.7938
13.9127
14.0679
30.1365
19.2414
13.5932
13.3247
14.86
12.9995
22.5842
16.978
14.0506
13.4966
19.3856
12.993
12.1602
16.6059
14.8808
18.7577
13.926
24.7635
21.3308
18.6498
17.6598
28.2677
15.4405
17.4296
13.9154
19.3356
17.0348
15.0516
18.5638
14.3296
13.7045
14.2739
13.4845
13.2717
18.7627
14.388
13.1597
14.2429
13.0324
14.8027
13.7669
14.7742
12.9849
12.85
13.4042
16.817
24.9348
13.2569
20.355
14.5848
13.2644
13.2256
12.9091
13.2979
13.7101
13.8735
12.0692
13.3362
12.8725
14.8999
13.078
22.4289
13.9683
12.5514
17.4984
18.8197
13.6099
12.8257
17.3019
22.5853
14.134
14.7016
13.89
13.2462
17.6273
14.0267
13.7152
15.6588
13.3419
13.3011
12.6512
27.7755
14.2371
28.5074
24.2851
14.5768
12.653
13.4406
12.5413
13.1834
13.0844
13.3612
12.7609
22.7091
14.0227
29.1923
14.3976
14.4388
26.7743
21.2048
12.6639
28.5371
12.0587
25.9643
14.5041
25.7917
15.2589
11.4905
11.5722
11.6305
10.9317
11.398
11.3052
12.7996
11.2517
12.4298
21.6392
13.5541
11.9433
12.7004
11.3096
23.7018
14.4707
12.8136
11.972
21.6227
20.6208
12.9179
13.6558
12.4782
12.4185
23.9581
15.3102
13.0439
12.9442
13.8123
19.4708
15.6332
15.8975
12.5981
15.9361
11.9118
13.942
13.3916
30.8765
19.5277
12.5377
11.7402
13.3572
12.0879
12.9893
16.0458
12.0249
12.8331
25.4486
19.2817
16.5073
12.7653
13.8099
12.5279
12.1925
13.0449
12.3715
12.7181
12.3533
12.7972
22.4107
13.1799
25.0526
13.1955
23.9746
14.5596
12.683
12.9277
13.4905
13.7979
11.9309
13.2717
13.3707
13.5214
12.341
13.8343
13.194
15.8207
12.7727
11.9088
31.2165
14.7601
11.5585
12.3331
27.0317
12.7031
14.2296
12.2514
12.4527
12.8527
11.8605
12.3312
12.5289
12.4257
16.4764
13.2613
26.3074
12.7935
13.6087
12.4205
12.5337
12.02
13.2835
12.5999
13.7208
11.9178
12.8682
11.8198
13.6866
12.8894
13.8968
23.888
13.4196
12.5474
11.5714
11.8796
12.2611
13.7326
12.8574
12.5879
24.9369
18.0663
15.7774
17.6103
14.9241
20.3156
13.3854
20.8283
17.6273
11.9688
11.5755
32.0659
19.8347
12.728
26.777
18.529
15.7256
12.1944
12.6541
16.8777
26.1279
17.2516
16.5945
13.1197
16.9601
13.4456
13.3845
13.2966
12.7685
11.7549
11.4226
11.3788
19.1695
11.9321
14.1705
12.6612
25.3811
15.0872
16.0262
13.221
29.8283
14.9859
13.7586
12.7788
13.233
11.5875
12.9014
11.9428
11.8668
21.8813
12.6779
13.1896
29.2922
20.7801
13.2367
26.0496
22.077
14.9367
12.55
12.1844
14.0057
12.4479
13.4485
30.7189
26.7291
14.0037
13.1315
11.5706
13.1557
13.3164
15.7054
12.0612
25.9293
24.7664
13.7268
13.5804
13.7071
12.9732
25.1636
18.8391
17.8798
13.283
13.3077
13.0735
22.3549
17.6452
12.9614
22.4964
18.6169
13.0408
23.136
26.936
21.4862
23.2538
14.5731
16.3867
13.0099
25.8371
14.4798
16.5657
12.9073
13.7756
14.8493
13.584
13.2363
19.4923
14.2286
21.7977
13.1832
16.5534
18.8531
12.2268
12.5053
12.4268
17.5942
13.2423
12.8069
18.4799
21.4523
13.4528
27.6901
14.17
11.8303
16.4032
13.191
10.9728
20.1996
12.4075
19.5186
13.1877
11.39
14.2209
21.1491
14.3103
13.3684
26.4945
12.42
12.8545
14.2344
24.4501
14.3489
15.3518
13.2316
13.5425
12.9105
12.3844
16.6354
13.6644
18.1313
17.1648
12.4238
13.0947
16.5274
11.6564
11.7157
14.8889
13.8636
13.0962
12.542
11.7713
12.4587
12.1065
13.7148
14.6691
20.4012
15.6052
18.6237
11.609
12.6598
13.3855
11.943
11.9211
12.7053
11.9408
20.4834
18.5951
12.73
12.4141
28.2897
20.4063
13.2391
12.6291
11.8781
25.3137
14.0796
11.9955
12.0779
12.2678
13.0779
24.5874
14.4421
13.6877
12.4992
29.197
20.1752
13.8719
25.0079
15.3903
24.3602
13.8725
11.3949
12.6644
12.6623
13.3713
13.3308
13.2077
27.303
14.5847
14.6511
17.8848
11.5855
12.22
13.5642
13.0142
25.4564
13.2512
19.1473
11.9101
34.8034
20.7065
13.473
30.8033
26.0894
26.2958
15.072
12.3244
11.5653
17.4405
23.9064
12.0396
12.2268
24.8037
18.345
28.9644
18.5919
13.0714
12.963
21.8967
11.7022
25.6306
26.279
26.0283
15.8541
11.9017
12.4188
12.703
12.6214
16.1383
12.232
21.6753
23.9813
14.0673
12.9627
12.9372
18.3272
27.4553
16.6314
12.7949
12.1167
12.0071
13.032
12.2606
12.1788
13.0323
11.9003
12.811
12.9898
12.4942
12.1348
13.8188
12.898
12.5019
12.5567
12.4136
13.7207
17.2599
12.5556
12.4142
18.0122
18.6748
20.0606
14.1466
21.5559
15.7152
12.3052
30.9014
11.9556
12.3208
11.1468
12.2536
32.374
14.6895
12.8856
12.3796
12.444
13.4684
13.1493
12.6294
20.8214
12.1441
11.7704
13.0935
12.4289
12.6047
12.5479
22.9878
11.5711
12.054
12.4739
12.4109
13.5753
14.1238
12.7434
15.0158
22.8942
24.935
13.4021
13.1181
26.6571
14.2824
16.375
25.6558
16.7957
11.9177
12.7092
12.3308
15.9238
12.3289
12.8386
11.937
17.4273
13.7891
12.9016
12.5646
11.7928
12.5103
13.0805
12.476
18.1914
12.6311
18.2285
15.8351
12.6572
12.0468
12.8276
12.8498
30.0157
17.4065
14.196
13.3781
16.0774
21.2346
17.5339
16.8196
12.5457
33.6461
19.2481
23.3706
13.0352
13.8355
13.7925
13.4917
25.3655
12.136
12.3456
12.7921
23.6858
11.149
11.2549
11.8524
21.0767
13.3143
12.2051
21.24
21.0312
14.7513
25.9183
16.0881
13.178
12.4103
20.0519
23.9225
14.3039
12.876
23.8511
24.0595
13.0315
12.3341
13.676
12.9662
12.3318
12.4459
23.3549
12.7481
12.6598
12.8218
12.3626
12.1621
12.4459
20.8292
12.5444
14.2742
12.9596
12.843
21.3579
14.4688
12.8249
29.0851
27.018
13.9256
12.4493
13.4035
12.2791
17.1168
13.6829
14.5019
13.8434
14.2102
13.2999
13.3399
15.0957
13.5518
12.347
24.5886
24.6824
14.7167
13.2857
26.8702
15.0869
13.383
13.1663
13.2318
33.2626
21.5435
13.6701
13.1091
12.6331
12.5955
14.8364
13.0168
13.1286
12.9828
12.7838
13.0318
28.3584
19.0936
13.7245
12.9274
13.0754
12.0439
14.062
11.9008
12.6441
12.4665
13.311
25.3613
23.9275
17.362
14.8855
32.9169
20.4784
25.4967
27.0481
14.2704
13.5173
14.392
31.8732
26.2859
12.9908
13.8832
12.9231
13.1023
14.2963
13.8578
12.4516
12.4231
11.9678
12.4756
12.5572
19.312
13.3839
12.6777
14.476
13.4543
31.6216
19.7564
14.9935
20.3848
27.7236
15.9928
17.9461
19.6287
12.8783
13.1222
13.5853
13.471
18.5947
13.6112
13.4255
13.0392
26.8386
14.8895
12.7237
12.914
13.0945
13.8336
14.211
13.2685
12.8046
12.8191
13.114
14.3045
12.9968
12.7625
16.4496
26.9201
14.0222
12.371
13.1474
12.9438
26.645
14.7432
13.8463
12.7621
13.332
12.8895
13.3806
12.0984
14.2613
21.5618
18.0983
14.1373
12.6454
13.0832
13.1439
11.9555
13.0923
26.5316
13.7122
22.845
13.9017
20.9941
13.5409
12.694
11.8737
13.7287
27.8067
16.2521
21.9703
13.4054
13.0615
24.4193
16.4883
13.2705
15.0412
26.39
13.925
12.2047
12.3973
15.4182
27.5216
29.6517
16.9523
13.7542
12.7589
12.8555
12.6493
13.8343
30.2146
16.3409
12.8325
13.1034
12.8129
13.3
13.5445
13.0602
12.8305
13.7109
12.8339
12.722
13.6102
11.889
12.1693
27.8366
16.1935
29.683
27.6151
14.94
28.583
29.0867
15.4029
13.707
27.5114
14.4408
18.2145
21.8875
12.7556
14.308
12.9374
13.3791
13.7969
13.9964
11.9667
13.909
12.9192
12.4138
13.1407
13.533
12.6836
12.9195
12.8628
13.7383
26.7219
27.8193
17.6174
15.0663
12.9395
17.6611
12.7415
12.6845
15.2838
13.5369
27.6543
27.7006
18.1128
12.4008
14.1173
12.7444
13.0284
12.3745
24.9206
16.2884
32.5006
18.8313
30.5622
29.0677
25.6605
27.8639
14.9338
12.6359
13.5133
16.3673
12.5032
12.7139
13.0901
25.6875
12.9976
12.3088
12.1035
11.887
12.3742
31.6961
16.8723
26.6946
14.5217
13.0741
14.5564
12.338
13.5266
12.051
12.7899
14.4726
23.9469
32.1388
19.2859
13.9616
12.9258
14.3764
13.0495
11.9272
13.2426
25.5491
18.0542
17.2692
27.0034
21.3155
14.2257
12.3603
12.7202
12.3603
13.0105
26.6434
14.8111
27.5738
18.2074
30.4119
24.0379
13.5712
15.6722
13.3223
15.1649
20.2588
14.0091
29.6837
14.3051
24.0958
24.8165
13.5503
27.1776
13.7713
25.8996
14.1387
12.9636
13.3926
28.5855
15.3149
13.8821
12.871
11.9804
24.9781
23.9815
18.4187
12.6444
20.4248
13.6716
17.7971
13.6979
14.1152
13.3444
11.7555
13.9376
24.0375
13.1808
15.7815
13.4688
13.3795
13.2559
14.4243
13.9649
14.4147
25.0594
16.3258
12.785
29.3373
16.2789
33.8665
15.1546
14.5709
20.8569
14.5315
15.19
25.3867
14.1832
19.4302
13.6568
14.4013
30.3397
16.216
21.5573
12.9318
18.5321
13.1848
19.1777
13.3937
16.6532
14.4676
14.7477
14.1768
13.2708
34.4311
19.5115
14.2723
14.3809
14.9484
13.4263
13.5341
29.0358
21.217
15.2172
14.7379
13.8232
15.0424
14.4216
14.3402
14.2896
14.6326
14.7258
15.6474
13.7615
15.6679
15.2068
28.4439
30.4559
15.8746
24.0488
15.1714
29.8536
15.7961
28.5396
14.592
28.7188
24.8302
24.2997
14.8242
16.1671
16.3032
15.2162
21.9149
14.9685
15.1241
14.3873
27.6011
14.7706
14.6056
14.3813
18.7847
13.7484
13.8799
13.6011
14.6119
33.9959
23.8158
16.1248
33.3187
16.5941
28.3356
15.7157
14.4507
16.9062
12.0743
11.8047
12.9529
14.2289
13.3879
15.3294
15.6576
16.2111
17.1513
12.7701
15.4477
18.2548
13.6317
24.4996
14.6956
26.9577
14.3042
14.3425
15.0257
28.9381
13.9283
13.8549
12.3291
23.4064
13.7215
15.114
11.945
13.0113
12.5474
12.7178
26.0192
13.6631
25.4789
17.4701
13.6571
15.7963
13.9192
15.6446
20.244
20.4091
13.5989
17.224
16.3913
14.3423
13.9604
29.126
19.5504
33.0726
30.8698
37.5895
18.8084
14.1806
30.1877
23.9548
15.3573
14.8928
14.5858
13.7941
14.2977
14.1167
15.8411
13.8939
15.0562
13.5968
19.7436
15.48
13.4139
13.5622
13.3462
22.171
19.9725
13.7703
15.3421
14.1975
14.2871
13.6725
15.0537
13.2058
13.8272
14.9464
14.0507
16.7711
14.45
29.6118
21.4635
27.0758
14.5052
13.6739
13.6648
30.9865
26.3632
15.3726
15.5509
30.4826
15.8465
18.8839
15.3779
15.9346
14.5894
16.0125
15.041
14.9466
23.3108
14.8539
22.6822
20.7054
14.8949
15.5481
14.3749
27.3085
23.687
14.9215
23.4277
15.1313
16.3938
26.7266
14.7942
35.1263
30.6003
30.8525
16.716
19.2855
28.4626
25.667
15.6529
15.4501
19.0936
25.9743
31.254
19.3354
24.0143
15.7599
32.229
27.5353
15.1492
16.6518
18.0638
16.458
17.3338
16.6114
29.2509
28.0595
18.2602
17.5839
18.6262
31.1082
20.4035
16.4475
16.8135
19.0137
17.6284
16.903
32.3887
17.9948
34.7572
19.4802
20.5765
16.2374
26.6867
16.9507
35.5003
17.6589
16.5039
16.5538
30.5622
17.7815
16.7736
16.3034
17.9973
16.3917
20.6704
15.6442
17.4373
17.429
21.3817
16.5793
19.3775
32.1896
17.6377
16.9378
16.2904
26.697
27.3865
17.185
36.452
20.138
17.4588
17.6461
19.0214
16.7108
29.4906
17.9908
16.4079
22.2336
17.5117
17.3794
17.377
41.0878
21.552
16.9655
16.8421
16.0617
17.2577
16.6455
17.7315
18.0793
17.9762
17.1978
17.126
16.561
23.5384
17.5215
18.286
18.2611
17.5065
17.7191
23.9483
16.8073
18.0018
17.1286
16.6961
16.8466
44.6453
22.7841
17.2175
17.7128
16.7472
17.3565
16.2355
16.4011
17.3446
16.6476
18.0513
19.0979
16.2144
15.589
15.7286
22.5
19.7073
16.6237
32.0402
16.3764
39.1574
20.625
16.5387
16.8026
17.6912
18.1279
15.488
17.2787
16.1954
16.7829
16.6635
16.0931
15.6541
16.0711
15.8173
25.7255
15.9854
25.1229
16.413
16.1047
28.3174
15.215
16.4516
15.1261
15.641
14.6109
14.6765
14.6185
27.2675
16.1912
14.8658
14.8735
14.7621
15.7981
14.5366
30.0562
18.7283
24.6945
27.9324
16.0062
31.2084
15.8653
14.439
15.1669
14.2082
14.3249
13.7697
14.2344
14.2158
26.4251
14.6413
28.2136
18.4137
18.5712
26.375
24.6683
14.0941
13.9571
23.2489
14.9632
29.3723
22.4678
34.2096
16.3816
14.2372
14.5382
18.1307
20.9851
15.4839
14.0318
13.9353
13.7412
17.6787
12.236
15.6213
12.3204
13.5115
25.4223
22.9545
13.9208
12.3903
12.8137
12.0344
13.4939
25.323
14.5972
12.8029
13.9386
13.5418
12.8957
32.202
19.0055
13.9015
26.8834
14.4351
13.9403
13.6389
25.5581
17.9346
14.1253
14.5717
15.0723
26.4635
30.4779
17.1527
16.213
22.651
15.0298
17.3385
13.9337
30.2704
15.9114
13.9895
24.6162
15.2584
13.5113
24.9187
14.5371
27.6229
15.2435
25.1721
15.7549
35.1935
25.5648
16.5441
28.227
14.332
14.9693
22.8251
20.7611
13.7086
14.1454
13.222
12.9839
24.8847
13.8544
12.4784
12.6732
12.4552
11.6069
13.6377
21.6356
17.9918
14.4072
18.4252
23.3117
29.3587
14.0603
27.3501
31.3298
15.0342
15.2537
14.5856
13.2876
25.768
14.85
30.6654
20.5125
15.6234
15.6
17.0127
14.5024
15.3417
34.1998
14.482
14.1378
14.5205
14.1969
13.8071
14.7206
27.1816
13.818
29.2338
28.0333
23.0006
14.4107
13.8855
13.9571
14.5614
14.3869
26.7385
16.9921
16.1028
13.1125
14.7967
13.6139
14.21
20.408
17.1988
17.6567
14.4559
15.8044
26.3826
15.7898
30.7076
15.585
17.715
15.2407
15.2552
22.9767
30.5095
19.0298
25.8121
15.31
23.7486
15.5397
15.6309
15.9416
16.3691
19.8302
16.1599
15.8782
15.4977
29.7842
17.8663
17.1666
18.8946
19.136
26.2542
17.8617
16.0582
18.8603
16.0895
18.0136
14.3972
16.1539
15.8693
22.1326
20.6699
17.2152
16.6778
16.0633
17.6203
20.7381
17.1183
20.3354
16.1153
17.4235
17.4293
17.5734
17.5417
16.8428
16.8227
15.829
16.1305
16.8611
17.7277
16.0024
23.4681
27.378
17.0737
17.4817
16.5107
18.2772
17.3098
18.6183
20.5048
29.3737
18.7653
17.244
18.0451
15.8497
16.6509
15.5488
17.4848
19.3212
20.4694
15.1511
15.4586
16.6623
16.2558
16.3524
15.9655
35.0783
18.4119
16.2919
15.6705
29.5139
24.7479
16.0665
24.3809
28.5832
16.7087
16.0708
16.7815
17.5323
15.5277
17.4532
15.5242
15.7923
16.406
15.7346
17.7825
19.9812
26.4222
17.1501
18.8212
16.3979
16.4578
16.1437
16.6863
15.7798
16.9744
16.6834
18.1059
18.3504
14.8114
19.2117
16.756
19.4559
16.0101
31.4393
26.4973
21.5054
19.4176
15.6825
15.2155
17.2951
33.7739
15.6773
27.9756
16.3931
15.3574
18.6774
15.3601
15.5975
15.4377
16.0401
16.2403
13.083
27.8581
16.1986
14.3394
13.8812
25.6598
16.6386
15.4962
18.0482
13.6925
15.9928
13.2492
13.5859
13.9418
18.2861
13.2172
22.6767
14.8438
17.2874
23.1404
16.0033
30.1355
15.4126
15.0704
23.8803
15.055
15.4175
33.2593
16.8693
17.7529
16.9433
16.4214
14.8992
16.1056
31.7922
24.0311
15.9177
16.2803
15.1107
15.0666
16.1039
23.0239
15.7426
15.4374
14.7853
15.7489
24.6201
15.2158
30.3492
16.4035
35.3222
20.2987
30.6956
17.3249
23.7104
14.8743
14.8235
19.5112
17.7294
30.0114
26.966
14.8889
17.263
30.6368
18.7498
15.2808
22.1318
16.4783
14.5025
12.8362
22.5063
14.0907
14.3189
22.4945
13.7215
13.6886
12.3179
12.8306
28.6043
26.7117
14.0965
25.6384
14.3212
15.8034
12.4788
26.3131
25.0183
17.7271
21.6887
14.509
14.377
13.8616
25.2324
15.1401
30.877
15.8307
21.3041
14.5873
17.0262
16.573
16.2655
16.178
16.0608
15.2112
16.6601
16.4943
15.4265
15.1673
18.4801
17.2431
17.6414
15.1255
19.8895
15.6211
20.0675
16.3985
14.9518
22.3152
15.264
28.805
15.6116
32.4489
14.4144
22.5248
15.2624
15.1777
14.7986
15.689
15.932
30.9324
16.2568
24.6951
15.1491
16.0522
14.6353
25.0784
15.1686
17.3007
14.6148
15.8407
35.0653
19.5706
32.5976
30.6744
15.4751
30.4943
15.7458
16.0238
16.2253
16.7132
15.9694
30.4749
20.2556
32.0623
28.4133
16.694
16.6342
15.2484
16.9633
14.6555
16.2644
15.7466
29.5931
15.9038
17.1582
16.1857
16.1942
16.8837
17.0635
16.611
16.5871
16.1934
15.652
16.9705
26.2191
17.7892
17.142
16.6327
16.988
15.4558
17.7349
22.1567
17.8018
18.3706
17.7434
19.4519
24.134
21.5872
22.0113
16.7563
17.8742
17.3425
17.5393
16.9714
16.3526
17.5641
17.6438
16.851
17.0094
29.1747
17.6483
19.3757
17.7445
19.3374
17.2879
17.1671
16.245
17.4465
16.8491
17.9081
18.5614
17.3723
17.9978
17.2755
26.5447
16.8935
16.8521
17.4769
29.0749
18.3809
19.1875
31.6963
29.8586
16.5717
16.9819
16.334
16.9795
17.9643
34.5679
26.9343
19.8924
16.5122
17.557
16.6908
26.2969
16.2589
15.7867
17.82
17.7667
17.0013
17.6877
16.1331
16.7002
20.9283
16.7228
17.0512
18.8343
17.0213
32.5042
41.097
33.1578
16.1047
27.1578
17.4748
26.1734
15.844
18.0606
16.3412
19.012
16.5547
17.1481
27.7554
21.4264
17.0228
17.8957
19.1656
16.6078
18.6131
31.6486
17.9203
21.9759
18.0635
18.9276
18.9448
17.3904
18.3148
18.8951
16.5427
18.7228
18.8095
20.2167
17.2688
17.5593
17.1597
17.7168
21.4864
16.9895
17.18
17.1116
19.7292
15.9253
16.2931
16.5509
16.5676
17.1422
16.3469
16.0827
17.4657
28.3206
17.3529
17.2988
18.0208
16.2234
16.6932
16.8041
15.6376
16.3945
16.645
17.005
17.1453
17.0726
16.1815
18.009
24.5288
16.9471
16.1993
26.8665
28.9341
16.9517
17.1414
30.2214
17.9014
15.7891
16.071
29.4857
23.9909
15.8662
30.6603
15.5173
17.2126
15.0791
15.8876
16.3256
15.6536
26.3516
15.5729
15.2425
14.5846
19.6542
14.6513
16.7313
15.5971
25.2822
17.5228
15.0168
14.4566
29.5397
18.9571
18.7732
14.1805
21.3281
19.728
39.6674
21.208
36.258
17.9391
24.8749
17.4733
14.7139
18.7139
15.1489
14.1928
27.0296
14.1532
13.4768
28.012
22.5405
25.8661
14.2397
16.3516
14.3639
13.7891
15.7503
12.6626
25.2725
14.248
14.3913
12.118
12.6445
14.5549
12.8019
12.9048
12.5264
25.0312
13.8329
14.0782
29.4638
19.0431
15.4539
14.0345
13.325
14.0788
15.8962
16.4678
16.2487
17.541
15.4291
16.324
14.736
15.8387
14.5627
19.0091
21.0706
20.6725
15.7593
14.0233
14.0619
13.7886
20.7989
15.9444
25.7451
15.7303
15.0799
27.8224
21.5091
14.5607
16.2642
14.1123
19.0765
14.7461
13.572
29.3408
30.2039
15.4356
17.968
15.9113
28.4707
15.5556
14.0099
15.2153
27.2741
14.7506
15.5798
15.1942
14.3558
15.502
14.4365
14.8923
15.1458
15.2999
14.301
15.0376
14.2415
14.4487
16.4453
14.1881
14.6471
16.1616
14.5489
28.1061
19.2226
14.3867
14.6986
16.0977
15.2901
15.7291
16.6054
15.3085
15.4208
15.1596
19.0544
18.7688
18.8284
15.5365
13.8145
22.4628
15.6714
15.8759
15.289
16.3418
14.0288
16.2751
16.4931
14.8226
14.4096
28.6281
16.799
16.8412
18.8042
18.8563
16.077
20.7381
15.726
16.7944
14.8778
15.3418
17.3456
30.5856
15.853
15.3684
19.1176
34.7595
15.9183
17.882
17.2784
16.3242
16.9071
15.6754
16.3354
15.765
34.4026
21.2019
15.1992
16.4146
17.734
15.7443
20.4812
15.8707
44.5259
20.337
18.7852
16.2709
17.0016
16.3362
15.886
16.5734
35.4627
17.881
16.8229
16.2552
30.9364
30.737
17.2992
17.1048
17.9631
16.1013
28.8398
17.5694
27.3487
15.6322
18.064
19.0009
16.3504
28.3875
16.082
44.048
21.1986
17.2354
18.3836
16.459
17.1577
34.9324
22.511
18.2308
16.495
18.0316
16.429
30.8648
17.3249
19.6073
16.2915
16.835
17.8091
17.7422
23.003
35.8547
30.7143
20.0764
16.5892
16.318
17.1361
17.9862
35.0771
18.5474
38.1325
26.602
17.317
17.1029
18.0333
30.73
18.173
18.5486
17.6799
18.2038
16.5594
28.6176
16.8325
17.5776
19.313
16.3855
16.2816
18.3012
16.9987
27.8147
16.5877
29.8489
29.5468
18.1986
31.006
30.8504
17.3494
30.3357
33.7065
17.4697
16.689
16.932
17.8401
18.5272
17.0977
31.8555
25.7761
16.9222
17.308
16.0528
16.0781
14.8538
18.4738
16.8517
17.9412
20.6272
25.932
16.582
39.08
18.294
29.1731
36.0412
19.5187
15.6962
16.9476
15.4153
15.4776
16.9258
15.1325
15.0851
22.2671
16.7539
38.5221
22.3739
16.3548
18.4948
14.9127
15.437
13.0589
34.7829
20.0254
14.0136
13.2446
24.311
15.4906
16.1468
14.38
26.9846
15.2465
16.3351
17.4384
34.2126
16.8219
14.7146
26.2325
30.2978
29.2799
16.2077
15.0409
23.2487
15.3243
15.8485
16.3073
21.0777
15.726
16.5685
15.9017
21.8418
17.0231
15.6308
16.9541
33.8636
16.3798
17.1281
16.3008
15.7951
16.6351
22.5783
28.1542
17.1935
17.941
16.5545
16.6732
17.9814
19.9823
15.7614
18.3825
15.8036
16.2671
15.7752
25.7272
15.7129
30.9407
15.9181
22.4623
17.0189
33.5488
17.6582
16.9767
16.9771
35.0611
33.9903
16.0319
17.3147
15.5214
14.5742
16.1298
14.383
13.9383
16.9912
14.0226
16.3374
14.2653
16.5395
29.625
15.4482
16.1711
36.8554
16.3099
15.1787
16.2428
14.6442
15.6478
16.3851
28.8119
18.5109
27.6042
15.1649
14.7187
16.4842
15.077
16.2918
14.3311
14.9412
16.5711
27.1947
15.6268
15.2797
33.6263
18.0006
14.3373
23.6131
16.7361
15.2712
33.1564
23.9171
16.1934
27.2541
22.6424
27.623
16.1348
21.5776
14.6116
14.1387
14.222
30.1181
14.5553
33.2646
16.9392
30.8767
16.1338
18.9701
15.8506
15.6926
14.1029
14.6768
25.3349
15.4
14.6747
25.2968
15.0611
19.3186
14.4913
15.0071
36.114
31.6374
16.0025
19.2951
17.8488
16.2504
30.7016
23.3561
17.6636
18.8477
28.5458
16.3661
16.9609
26.6951
22.175
16.0527
16.0025
30.4009
23.5487
16.7019
17.303
16.6067
30.2205
15.9365
20.0376
16.6199
17.9946
15.7359
15.5862
16.2493
19.8247
20.9164
16.7453
17.6923
22.5404
17.0524
15.7308
17.7621
17.4049
17.7946
17.3351
30.1747
16.5273
16.55
29.7871
28.651
17.1952
18.5221
18.2094
16.995
16.6151
18.3322
28.0389
16.9048
20.7382
19.0141
17.7058
15.8983
40.4587
20.5196
31.1419
25.4623
17.0607
23.4806
35.8779
16.761
26.0117
18.7244
17.7785
16.8386
16.1729
19.0266
16.4983
15.8582
18.206
32.1547
17.4604
17.0586
16.7896
29.5979
18.1096
32.9649
32.8748
17.4598
17.638
18.1289
20.1726
16.7669
18.0598
24.1724
17.3507
34.8191
25.8584
16.9757
17.7287
28.2829
16.7536
16.9581
16.5248
28.4035
16.2187
18.2791
18.1089
19.2118
17.6258
19.2134
18.5379
17.9471
18.5087
16.5904
17.8607
17.6264
16.6033
17.7622
17.3463
35.5311
16.4154
16.3077
17.9779
17.2008
18.1757
25.8752
24.0299
17.9151
19.6407
17.9912
25.8972
17.6539
17.0113
17.5018
17.5409
39.9738
20.9211
16.6892
17.6194
20.2111
16.4609
16.8439
16.1026
17.6218
18.7501
28.7215
24.0261
23.1942
16.6361
22.501
16.9478
23.5753
17.4805
29.7527
31.0598
23.7406
17.178
31.2752
16.0418
26.699
19.0372
17.866
16.0091
20.7057
21.7211
18.5338
19.3199
20.5747
19.6435
16.3512
15.6047
15.8584
21.6857
15.8558
16.1094
16.0405
23.9153
17.1193
16.2509
15.9427
15.7395
16.2921
15.6191
16.5004
16.5714
15.7365
40.2403
19.5442
14.7818
15.4896
16.5907
26.1134
14.5673
27.5664
15.8845
35.0218
17.7118
22.7056
14.8004
15.3434
33.0568
21.7133
21.3902
16.2879
15.0164
15.863
28.5813
18.7306
13.4446
14.6515
31.3261
27.7957
27.5984
13.8774
13.5478
13.6167
13.1318
14.095
12.6717
13.2173
13.5801
13.5858
17.3736
13.5471
14.8728
12.5369
15.6304
23.5497
13.2857
23.2708
13.3977
12.8978
25.4055
14.6247
25.5905
19.7504
16.7547
12.8004
11.2208
11.8159
12.7524
18.7374
12.0572
12.6356
11.9818
24.9066
16.0964
19.7127
13.9055
12.8347
13.2303
23.9134
13.4143
13.6246
16.1142
16.024
31.6303
16.92
14.1106
17.8179
15.0629
15.5182
29.0588
22.407
15.3432
25.1245
15.1882
15.5287
28.1592
15.9928
28.8668
34.395
19.4101
16.822
26.5402
17.3342
15.9894
14.9869
32.6092
21.1433
19.8648
14.6604
35.9312
16.7345
15.4415
15.8956
14.926
14.568
14.4623
13.8669
14.6617
15.9785
14.7335
16.7298
13.5776
15.151
13.1901
15.4849
12.8438
19.1094
13.9914
18.5578
18.7189
14.744
13.6392
14.8413
17.3512
26.3281
13.9582
13.5025
13.4433
32.2625
15.974
22.994
20.8382
15.853
15.7617
15.1969
17.6159
20.5626
15.5719
14.9514
16.1355
14.0785
24.7601
14.7594
30.7546
15.7149
19.5838
16.2823
15.2021
14.572
24.6336
16.6547
20.1365
27.2902
18.2748
15.707
15.0785
15.4496
15.315
15.2734
26.8446
40.0343
16.8928
15.7683
35.023
18.7004
29.904
17.4861
21.7669
17.7588
15.7471
17.8947
26.132
16.1285
16.9161
13.7249
14.5906
15.9936
19.7299
15.4551
15.3761
29.0793
17.2028
29.0839
16.2127
15.5776
14.9463
18.1772
16.0937
15.6765
27.7459
16.9159
16.5727
16.6279
15.9527
29.7557
23.5349
28.7535
17.0412
32.1369
22.9131
22.4449
23.8577
17.0185
16.6585
15.1363
17.0245
16.1679
17.5558
16.2951
25.9814
18.9026
18.0754
16.5865
17.1443
15.8175
16.2816
15.5122
15.8065
17.4039
15.7765
17.2539
16.7485
16.5846
15.5534
16.1899
18.3921
16.7698
33.3912
30.8903
16.8736
16.7682
27.4228
16.8082
17.8826
16.2219
17.6894
19.3351
17.5575
16.9354
17.2771
17.5075
15.539
17.145
17.23
16.0347
21.7339
16.3039
17.231
30.1603
23.0277
16.008
16.6312
27.8455
16.1317
15.7194
34.1096
15.9835
15.9568
15.364
31.2579
15.6626
27.5804
17.6852
19.4128
15.697
15.6948
16.9712
16.3365
27.4313
18.1492
23.2848
14.6541
22.5892
17.6928
16.1557
16.204
16.8722
17.8253
15.8666
29.5786
16.4786
22.2935
29.8195
18.7559
16.754
17.6158
16.8129
16.5861
20.5887
19.6228
17.9505
16.8325
17.2496
16.2161
28.8911
17.8311
22.7947
16.9589
31.3815
18.007
23.618
15.0526
20.0826
24.0608
15.2239
22.0878
16.0132
36.2819
15.9421
14.8809
15.4237
23.8597
18.9446
21.3932
14.2681
19.2211
12.622
14.6142
23.7795
22.1851
13.5678
15.9637
14.8912
26.4592
15.9087
19.7818
15.5723
14.1684
15.3495
20.8435
23.8461
15.9358
17.4272
15.8107
14.5794
25.3574
15.3518
16.2081
29.7456
28.8393
23.8659
15.6594
16.6692
17.1436
15.4493
16.3708
15.9191
30.3219
16.7119
14.7482
16.4591
14.5316
25.7222
14.9747
15.1789
14.7055
34.9973
19.1867
16.0639
15.0904
30.9837
18.3695
24.2894
15.8368
15.8421
14.663
15.9682
15.1462
29.2264
16.2405
27.0859
17.4349
15.6578
32.5079
34.4632
16.5569
15.7067
17.3839
14.8536
25.5961
22.6048
20.4214
16.2054
15.0775
15.2631
15.1068
15.3866
18.1743
17.6833
14.3797
14.2692
15.7566
14.7821
15.0155
15.3246
15.2048
31.4474
18.472
15.3994
15.7652
22.6058
14.5991
15.1907
25.5527
17.2943
18.2657
18.0091
17.6882
32.2399
26.3156
34.7733
30.4379
15.6248
17.8036
31.2612
17.04
17.4727
16.4658
16.226
16.0917
14.4128
14.8739
14.5251
29.7497
15.113
15.7521
21.7399
15.9581
14.9587
14.5318
15.4639
15.7462
16.4679
20.2264
15.9483
15.5866
16.8923
28.5715
23.8693
16.7575
14.7141
15.3932
15.2716
30.599
18.2541
19.4894
16.3446
16.12
16.8509
16.1203
28.5293
16.0757
16.2341
32.4602
21.5851
16.9598
16.7853
16.717
44.7329
23.3217
32.3652
17.5415
17.1842
16.836
17.3101
18.74
30.044
16.9316
17.802
16.1235
32.1683
36.929
19.0741
17.2358
31.8744
25.2647
16.1176
16.896
16.9914
25.1678
23.2601
19.5739
16.2809
18.3096
21.6023
16.2599
22.6789
16.7948
18.0983
16.6823
29.7488
23.6846
26.7549
16.772
17.6271
18.8952
26.6448
16.3548
17.4469
16.9532
17.9276
34.3797
17.1851
19.1566
17.0381
17.2369
15.48
16.5261
25.0413
16.0799
30.0145
20.62
15.8455
17.886
25.744
16.3434
25.423
18.0819
31.2606
16.8014
16.9771
16.1875
16.2409
18.363
38.2217
32.1659
28.6425
19.404
17.491
39.5811
20.1715
16.5936
17.0095
25.6815
16.4498
24.8047
16.796
31.5245
17.0909
17.4272
29.5287
17.0646
31.571
31.1546
17.1854
17.3621
19.9043
16.2474
16.9587
16.2951
17.2272
17.8808
16.9787
19.9884
19.0317
22.8713
16.1435
19.0207
16.3466
17.0157
16.6361
34.1547
17.6767
30.4385
23.1165
21.3951
16.4976
20.0854
17.1935
18.9445
18.0264
17.4951
17.208
20.9964
17.1525
17.9578
39.2899
42.9902
22.5377
17.971
17.1389
17.6939
15.964
18.6438
28.3617
20.5259
17.6894
17.4812
35.5763
15.5524
24.0945
17.0699
17.6118
17.3317
41.5513
34.9647
19.9624
16.3623
25.1705
33.9587
16.9774
18.4044
15.9606
18.9509
16.6642
16.6334
29.3477
32.9671
17.447
15.945
17.7773
18.236
16.7303
17.069
16.1976
19.296
38.2888
19.8248
30.5829
15.5346
36.6338
22.0684
34.6312
19.825
17.4529
16.8991
18.3279
18.2447
17.8991
17.8849
17.2273
28.1108
16.9339
16.9368
17.252
16.3563
16.264
18.327
17.0843
19.2463
31.6735
16.3228
15.9598
16.5914
17.2224
30.4964
27.3194
16.2876
16.8073
14.6665
14.8696
16.4145
20.9735
15.0703
16.3929
15.1581
15.4522
15.1326
14.4681
14.0915
16.3863
15.6629
14.31
15.3868
16.6444
14.1201
16.2788
14.9057
14.8669
15.9845
14.1831
14.3821
21.7259
13.6683
14.2776
28.1449
15.2051
27.9073
26.1427
15.3735
14.3699
22.703
14.0107
14.7244
28.9384
14.6248
13.8617
13.6663
14.1172
13.5766
15.0059
13.8273
14.2589
13.6717
14.3432
29.358
15.9521
13.8092
14.124
14.4855
22.7788
15.3224
15.3851
15.4839
14.8706
15.5582
15.0339
15.5532
14.9621
15.3912
21.3097
16.682
15.9172
15.5488
17.9462
16.3161
16.8392
16.002
15.2178
16.5051
15.0457
15.5259
16.0279
27.6269
15.2807
25.4749
15.5302
14.5226
25.776
14.9574
14.8622
16.4583
18.3119
14.8094
15.2235
15.7881
19.9604
14.8924
15.403
24.5212
15.0009
25.596
14.9808
15.1683
16.4071
28.6894
17.2198
14.0616
13.0406
14.4046
19.2373
12.6978
14.1911
19.4134
14.4168
27.211
26.925
14.8105
38.1039
22.5669
15.0038
14.0976
15.2162
15.4905
13.8677
20.932
14.626
31.675
16.0438
15.8064
15.0784
27.6391
22.0992
27.0988
15.2921
32.4946
19.815
25.6592
15.2614
22.6637
17.8586
17.4205
20.2579
15.8044
15.9136
15.9775
33.3922
16.9442
16.284
30.7268
21.9942
15.0793
16.0549
16.452
15.6492
17.1877
15.5351
36.3605
18.9407
15.591
15.702
29.926
23.8464
16.7866
15.4396
28.1459
25.6431
16.4565
25.9108
16.7456
28.2905
32.2953
16.3335
16.3708
16.764
18.1967
18.7783
15.1266
15.9631
16.4678
38.1245
29.7403
17.7287
17.0428
15.9813
20.4702
15.3733
21.3915
18.12
16.7617
16.0019
30.5422
16.519
16.0178
16.7553
26.758
29.5162
17.4121
16.6006
32.3471
31.1215
17.3148
35.7268
24.0506
17.1901
16.8188
18.4059
35.6016
19.0348
18.7198
16.741
15.3783
28.2578
17.2683
16.3158
17.2021
16.4729
16.0915
40.2285
18.8982
17.3245
16.8977
35.8464
26.2738
16.7539
19.8775
17.8075
17.2432
16.3589
16.9237
16.1149
15.854
16.6639
15.5375
15.8149
23.0377
17.4898
22.8766
16.7638
14.96
14.4886
14.9616
32.3484
16.5272
15.9714
17.6725
16.9116
32.2312
19.8898
15.7963
29.0699
19.3361
15.5118
14.6271
15.227
23.408
29.7918
17.2292
15.5935
30.4164
16.787
23.9407
16.5035
16.295
16.2542
17.88
16.7528
17.1549
16.7405
15.8272
30.2772
17.0807
18.0947
24.3357
18.1696
17.6719
28.5968
16.8864
17.3687
16.9647
17.8966
16.6658
17.0535
35.1888
17.6176
17.9719
40.4882
22.6865
16.9335
15.9914
15.7201
15.9821
17.6033
19.7703
20.6807
27.2109
14.4787
13.4038
14.5239
22.1449
15.4638
14.0027
22.5907
15.8747
20.5913
25.8195
14.1737
20.8842
24.9144
16.5523
13.4238
21.9182
14.0909
14.6895
28.636
15.5296
34.8943
15.8626
16.4171
15.7562
15.8147
16.2152
15.9705
23.1821
15.9227
15.8502
15.524
20.8353
33.7351
17.451
16.3059
37.3429
25.2647
15.9239
14.6694
14.6394
14.7555
15.1685
24.8508
15.7057
16.886
16.4645
14.7798
14.8238
15.5625
29.367
15.6276
15.9896
21.5509
27.0848
17.9728
21.3021
14.8446
16.9636
17.1368
16.7892
16.9662
16.127
14.6781
33.2114
17.8976
36.4305
21.2833
16.1915
15.0365
15.05
16.0748
33.7038
23.3708
15.0821
14.5307
24.1893
15.0991
15.3256
31.5747
16.2337
21.6328
33.3515
28.1217
28.723
17.2155
31.5574
27.9671
16.7436
16.1815
15.3919
15.7326
15.8314
16.6568
17.2349
15.711
24.5709
15.4495
15.4657
17.4975
16.4194
15.8226
15.7188
30.7181
17.6897
15.2844
25.5382
14.9713
39.8722
18.7283
15.7472
16.6411
15.5341
15.1004
15.8746
15.0133
15.0057
13.8204
15.2108
14.3422
21.6957
14.9878
18.9621
15.6107
26.2485
16.6963
16.0384
28.6102
17.2437
15.494
27.3917
22.4854
15.8258
25.1842
32.0547
16.5463
17.4748
30.6959
15.8485
16.6728
15.206
29.9686
16.1074
16.3477
14.6557
17.9312
15.8182
25.8726
20.4042
32.829
24.4548
16.1639
30.3618
17.6225
19.5487
16.0191
17.1191
17.4332
40.6085
22.5478
17.666
18.1052
32.0914
21.796
16.892
17.2042
39.9863
33.6331
31.8032
17.93
16.9328
18.7766
16.7476
17.4848
16.6404
16.989
18.0464
17.4767
31.1887
17.0451
17.3816
18.4174
19.0084
17.3455
17.3257
18.668
16.4487
33.8762
18.0141
16.0101
16.7827
20.408
26.5149
17.266
20.976
17.5294
17.3209
30.3416
16.7618
31.8299
16.8598
31.1459
32.8382
18.7564
17.466
16.5512
30.3267
15.3044
17.236
19.2366
15.5734
16.7479
16.1115
16.8689
17.2497
15.5514
17.1099
18.3385
16.0806
16.4659
17.4995
16.8556
15.8848
23.544
20.1226
16.9648
16.4256
30.8467
17.8195
30.1711
17.4912
17.6227
16.3122
16.8286
16.5809
16.412
16.6003
15.7614
16.5631
17.1246
20.6827
17.3856
32.2682
18.1494
31.5641
26.2758
28.0131
23.0052
17.6977
30.9938
17.2846
16.375
16.933
17.2163
17.011
17.3251
17.2491
17.8232
17.3123
18.4689
35.3961
31.4958
20.5942
22.4246
20.1094
32.875
22.7351
18.3721
18.0692
17.5534
18.7405
17.9688
16.0705
34.1935
18.6523
28.441
17.9117
17.5932
34.7304
17.1447
17.2475
17.5022
31.1481
17.7934
18.3454
16.9678
27.1533
18.7308
17.0036
17.9274
20.5752
16.9672
16.892
32.9578
17.3598
34.5257
18.0284
19.567
18.2642
40.7203
35.9432
19.1918
18.4926
17.1825
17.2314
17.8655
30.463
17.4635
25.9861
17.9131
17.2134
16.7121
18.8761
19.1687
17.5075
16.3939
31.2137
16.7347
16.6343
16.6128
17.2335
16.9796
21.3834
17.0952
25.0685
16.8848
18.1437
16.2098
18.6238
17.5416
17.2664
17.6953
16.9446
21.471
30.4787
19.9656
15.8918
16.0956
17.0564
31.7269
16.6035
15.5654
29.0133
21.7739
16.5385
17.3456
15.3225
14.8018
15.8931
38.7817
21.6172
15.6643
27.0799
35.7789
28.6114
35.1426
20.9357
33.461
24.1687
33.9798
28.3574
16.9937
15.1117
29.0082
19.8063
14.9104
23.1959
13.7154
22.0194
14.3654
19.8665
13.3381
15.2676
13.5763
12.6075
15.188
12.9133
27.7671
16.1402
17.812
14.1607
12.6
13.2573
14.7038
28.2356
15.2752
15.5129
12.7224
14.8392
13.2584
15.0898
13.114
13.7295
31.3495
16.091
34.8477
29.1065
27.6562
16.3298
14.2274
13.4944
17.229
14.8196
20.5772
14.9386
15.0409
31.838
23.4387
14.9156
16.5751
15.7288
17.7165
15.6711
26.5964
14.3374
29.3018
15.0554
14.7671
14.5537
14.9313
15.0352
28.0003
16.3714
16.1051
14.1481
14.18
14.1447
13.9548
29.7093
23.4838
14.6243
30.5033
15.3394
28.0264
17.2428
14.0875
14.3886
13.2234
14.6576
22.6074
14.3955
15.0646
14.6712
15.4373
20.1325
14.9647
13.4222
27.4766
15.6965
14.1688
14.9859
22.1911
15.4267
15.0527
26.544
17.056
14.5794
16.7865
16.4259
14.4607
34.0494
16.4746
19.887
14.3013
15.8007
13.8285
13.9847
26.2228
14.2991
33.6615
28.7411
20.8562
14.0822
16.1299
14.1694
15.4513
15.6432
15.4532
15.3819
14.3409
13.9436
14.906
26.2851
21.8721
16.4155
18.352
15.5696
14.1298
16.3599
29.1188
15.0516
16.6955
16.0433
36.4661
17.9581
15.2287
31.5721
15.1019
14.6161
15.6241
18.9536
15.098
14.9304
15.6459
15.7417
15.3693
15.4654
16.4221
15.7024
16.516
14.5302
15.759
18.3154
14.1675
14.806
14.2891
18.2169
13.2822
14.3361
20.091
14.0988
15.6404
15.464
15.4224
33.1198
15.916
15.4888
15.0103
30.413
16.7993
15.8998
14.1898
15.7836
15.0329
14.564
15.6329
16.3251
15.9076
15.6738
13.9918
15.0118
15.8468
19.5557
16.9616
15.9885
15.3859
14.5239
14.6557
16.0339
14.5786
17.6305
19.1113
14.4699
15.3833
29.1368
18.4703
15.2246
19.008
14.9462
31.5251
22.5617
17.458
13.9739
16.4999
14.4841
17.6987
15.5163
16.9562
15.6758
18.9422
16.2265
14.6345
15.7662
16.0353
18.7387
15.2106
13.9943
15.4102
14.9551
25.8557
20.534
15.0767
30.8727
18.9307
14.6334
14.2885
14.36
17.0429
29.0854
18.299
14.3786
14.697
15.4032
14.6808
14.8398
22.0153
15.9717
15.7771
15.6643
17.1799
15.3547
14.5309
15.6124
15.7102
15.2759
16.3156
15.5263
16.9668
16.0518
16.0255
18.418
16.6228
16.9432
16.0867
15.6929
16.073
15.491
15.1887
16.9025
14.873
18.1356
23.6942
30.0846
20.2806
15.24
17.3781
21.4682
15.5481
13.9627
26.15
14.4006
12.9621
16.2954
14.951
14.2369
13.8555
14.2911
13.9991
14.0092
13.1227
15.7186
14.3357
13.0923
14.9528
14.1376
15.209
14.8003
16.0487
14.1235
16.7551
13.5346
16.2112
15.0583
23.2202
14.0274
13.6812
13.7169
32.3517
14.1762
13.6926
21.4869
14.2415
30.0568
20.1115
24.5585
18.0123
14.5331
13.3232
13.9753
14.8524
13.3746
14.0198
15.0106
13.5215
29.4767
27.5593
17.5469
26.4272
15.4924
13.1928
31.5043
13.9384
16.3946
26.9883
21.3601
13.7021
12.2022
14.4862
13.5381
11.3835
13.1382
13.1405
23.143
17.1164
16.8872
12.1154
24.1602
21.4656
13.4331
14.8052
11.7002
18.1923
14.0192
12.0154
11.8432
11.4414
12.5159
12.561
19.6414
13.6349
11.6216
13.9076
11.0159
12.126
19.1553
11.8393
11.9132
25.4612
12.7051
11.2986
24.5053