21.2443
29.7485
27.3021
23.085
28.7433
27.0299
31.5769
25.3518
33.6251
25.5654
23.7876
22.2214
17.143
19.1122
24.2969
29.3769
17.3687
25.8765
31.7586
30.7959
31.3521
25.2403
22.0498
27.2701
23.9113
27.908
31.5542
27.4508
27.1568
23.6726
14.1553
16.5188
30.8923
17.2628
16.6996
18.8991
22.3779
15.802
31.7233
16.141
29.7987
24.8705
31.9103
32.0607
30.2696
23.5722
29.1959
20.2437
27.0753
19.4509
27.3406
30.12
27.8696
19.921
29.371
28.9956
20.0228
20.552
30.5187
24.1468
32.0696
31.8683
26.4112
30.8793
33.2422
25.3273
22.6637
19.5615
24.5513
20.5345
25.6444
28.1738
23.5687
22.6361
27.8393
26.2484
26.911
19.5597
27.9697
21.5615
32.5188
17.4657
20.4324
29.5546
32.1185
26.289
33.3937
21.393
21.4411
17.244
20.973
16.4895
34.119
23.5278
24.4593
34.1538
29.8872
30.5928
21.846
28.2669
27.1848
32.3098
26.7909
34.5083
30.3339
26.9144
29.4206
26.1652
30.4156
17.7195
22.2494
19.3929
23.0548
29.1266
29.0458
19.2122
29.868
21.8307
29.3432
17.1886
24.4166
26.964
23.2834
18.5261
27.5737
22.2347
34.1139
18.4752
18.3277
25.7942
25.7666
28.9424
26.895
24.4979
20.8447
27.4975
22.1603
25.6282
29.6604
26.3001
20.3187
31.1209
22.2196
24.0625
22.1378
23.829
24.2539
25.7096
27.9875
28.4723
32.1376
27.6539
27.4183
30.7936
22.0271
27.4958
21.5893
21.2779
29.9824
23.7663
28.2938
32.719
22.4116
22.2911
24.9402
29.5457
28.8286
21.4324
21.5584
33.6333
29.4641
31.6006
30.85
32.5495
36.5988
25.198
29.9418
27.3274
34.0996
24.8139
30.7928
28.3561
23.5954
26.6243
29.0266
21.0004
21.5712
24.8833
31.6745
27.2118
27.4857
26.6078
26.9776
27.057
31.6965
28.7161
26.2004
24.7671
26.8762
26.9441
29.797
29.6211
27.6938
16.9747
21.7837
29.3108
26.7727
30.7964
27.38
27.755
26.1963
27.4968
27.7077
21.1179
31.756
21.9858
29.5957
27.179
30.0559
34.5194
31.2495
29.8743
32.046
22.254
24.5229
21.0023
22.5048
22.4662
19.751
28.8058
21.0665
21.1036
26.144
28.7229
28.4456
22.3244
25.3283
21.5187
24.9897
25.8308
26.9703
23.5094
26.7122
24.3635
25.5646
19.2105
30.9505
19.6299
26.1954
28.0165
27.6092
28.7283
29.5358
28.8758
22.9053
25.0686
29.3371
20.9223
29.4827
26.3101
25.5438
24.9875
22.7551
22.2674
25.6737
26.1719
34.9362
35.2303
34.4585
22.7406
27.1389
25.788
32.2201
30.6961
32.5364
28.1813
24.5018
25.5761
29.1324
26.6006
25.403
19.4058
27.4588
22.1238
29.5919
15.0674
25.4711
25.0992
26.0611
32.9918
27.5871
28.6092
27.7952
23.7321
25.2325
23.4312
21.0111
25.9395
21.4835
28.1974
28.4368
23.7524
28.9834
17.2165
21.2995
25.9947
33.1376
28.1787
28.0293
26.9353
27.7476
17.5975
35.2093
33.1085
27.5022
24.5164
30.2057
31.5637
30.6212
27.4524
26.6343
23.4177
36.2181
33.6825
34.1299
34.1647
28.1172
25.8823
32.0905
26.6298
37.3087
32.3958
42.656
24.3837
36.9621
23.3981
39.0305
36.9275
34.4697
24.2611
34.2069
28.4855
34.3439
38.6047
32.7479
26.3254
35.3212
24.7
27.146
30.8036
28.3911
30.7329
24.4028
31.4589
25.4568
27.457
24.8398
30.4142
21.6167
29.7162
30.2223
30.8736
30.3964
31.1492
30.6506
21.816
33.2509
34.3365
28.0878
27.5957
24.8229
31.1004
27.1558
27.4885
24.6002
15.7922
25.978
18.169
31.9091
29.3865
21.8909
17.2946
29.6892
29.0118
28.1544
26.3838
28.7169
26.0414
27.996
30.5376
39.475
32.6262
29.6246
21.3994
27.7197
19.611
33.0093
23.2513
22.9413
27.5085
26.5515
25.8556
26.1695
24.5033
25.6963
30.378
17.8712
27.6742
31.6596
32.2729
23.025
25.7928
29.8817
23.7704
29.9126
26.1541
30.6663
27.2617
29.4659
27.7313
30.5093
28.4076
30.0003
28.0427
23.6842
21.9133
28.5516
31.4588
24.7984
27.5467
23.6093
28.9086
27.5955
34.4436
25.1565
27.5846
26.564
26.2575
24.0152
26.5728
24.9827
26.0166
25.1281
19.1527
19.6194
21.5136
30.8588
29.4981
25.7178
31.4093
22.0251
24.9647
32.2233
32.389
21.4235
35.9122
36.4145
21.2867
34.5515
27.1842
26.7516
19.9459
26.2639
29.3798
18.4935
24.6942
32.2561
21.2515
28.0566
21.7649
22.0863
25.2311
29.6666
20.4976
28.0827
25.9752
26.3236
32.5874
24.8072
18.38
28.2478
32.3217
25.8243
26.9065
25.4467
27.1567
19.5994
27.8228
25.9186
25.8547
28.4698
19.4522
17.6914
18.5606
24.0627
20.3074
29.6654
28.2415
22.6986
29.9435
29.7362
24.4742
29.7121
27.6263
27.634
20.9012
31.4187
28.9021
25.8567
20.6519
30.2276
30.5492
27.7729
21.4382
29.0449
31.884
35.7028
29.8398
22.7446
27.8525
20.3711
33.9953
27.6783
18.0458
27.3906
21.9374
27.1089
33.8522
18.8244
26.2143
15.2932
22.9443
29.2228
30.1544
26.9766
29.0984
28.4765
27.0658
24.6203
32.3993
28.5328
29.0755
27.5473
28.0057
26.761
22.4101
30.9742
19.5512
30.3093
16.576
27.4973
13.7114
25.645
21.6979
26.099
28.3849
24.7404
24.0784
26.9405
17.4855
28.2717
26.5584
22.9743
20.6955
19.2307
26.4052
27.5409
20.5629
29.063
26.6608
30.5366
31.6179
27.3889
32.4877
29.4644
31.5345
26.5692
27.542
28.0162
25.9244
27.174
34.569
27.727
31.3054
29.2064
25.8262
27.9025
15.4742
27.9138
29.6338
25.626
27.3569
25.6041
25.9598
22.6021
32.2003
22.931
29.9855
28.5903
30.7427
38.0054
34.5247
28.712
23.9699
24.6502
25.8245
28.2992
25.5873
26.3099
28.7609
22.0742
25.4291
28.1314
25.8496
25.6374
24.6209
26.9492
27.2463
26.8223
28.0958
31.3006
26.159
31.4228
24.5506
30.5282
28.8625
25.1383
25.3602
19.1447
24.5557
26.2742
31.2163
25.5075
27.0298
24.3218
24.9909
30.9507
22.1176
32.6392
15.6899
27.4419
19.3895
27.0628
27.8782
28.6391
27.367
27.7601
20.3169
28.1003
23.3881
24.4378
22.9461
32.4562
28.4552
28.6242
21.2071
24.5439
31.0406
32.8902
34.7287
34.474
21.8167
29.8451
19.3304
30.4063
24.3287
29.4354
28.3265
33.767
22.2879
29.608
27.7262
31.1059
33.5634
29.9889
29.2135
36.7542
32.4117
31.2402
38.8645
27.1894
20.167
32.1491
35.8834
32.6324
29.9866
20.6008
31.8561
28.5123
27.2121
24.4981
16.6286
23.9189
30.8104
25.5168
23.4403
24.6445
23.447
22.7608
26.0231
19.6837
25.4074
27.6482
28.5246
27.0125
30.9204
27.3866
26.0426
15.5188
24.6812
25.1553
22.3516
15.9802
27.8037
23.1033
27.2961
27.3897
27.378
28.5537
25.1352
23.2554
24.6697
24.9971
29.4139
26.0117
24.1458
25.5973
20.3483
31.9827
17.0074
27.778
23.8286
25.5339
30.4737
25.6232
21.7797
22.3126
23.9958
19.4022
34.7438
18.1299
25.3549
23.6535
28.8879
32.6507
30.0247
21.875
22.9251
26.29
20.7908
23.0781
15.9762
30.5997
33.2634
30.753
30.6679
31.9952
29.7175
22.8399
16.7189
25.6057
17.1134
27.2514
21.116
18.5194
26.3766
19.6242
31.1762
19.1902
27.4581
26.9484
30.0637
21.7031
25.8858
24.8855
26.9094
28.9885
26.1257
23.6459
30.016
21.6587
25.9016
18.6031
25.4556
20.6685
23.0244
24.493
30.3927
23.1818
24.7131
25.8726
25.9887
25.3523
26.6386
13.6288
24.9043
25.7164
22.9781
26.5382
26.8521
24.5692
29.0481
18.6208
31.5711
24.9912
33.6053
25.121
14.029
22.3502
24.5171
27.0693
16.8923
32.3323
27.531
27.6812
22.7884
22.2965
15.9187
20.2584
27.1631
26.0783
13.9608
27.4693
32.6038
23.8029
30.4082
25.5955
23.914
20.3429
31.0046
21.4518
29.0659
19.9109
25.3236
29.9703
22.2078
24.9012
28.302
28.4422
25.2516
21.3245
21.9769
20.1526
28.7975
21.8135
23.3672
22.0619
24.8872
24.5189
23.9658
24.5927
16.2527
24.516
21.0131
25.0772
24.7209
24.2604
29.2326
30.5847
22.6466
28.3918
23.6248
26.8754
16.898
27.9493
24.584
25.2045
27.4466
18.0118
26.2633
21.197
19.2901
17.9035
29.2431
24.0741
26.2593
31.2129
29.3816
28.6104
29.2592
24.3441
30.8919
27.7438
27.0218
23.6277
27.303
30.7401
26.2779
23.4787
24.0778
24.6195
17.0384
23.8955
26.1617
22.3539
31.8948
15.8136
18.9727
26.3934
23.9645
28.012
27.1305
33.3725
26.5269
14.5291
28.9688
23.4874
19.3526
21.7483
22.7177
23.1171
17.1701
24.2046
32.0987
26.635
27.1488
29.9335
26.3082
28.2169
35.7045
27.2275
28.3982
32.9169
25.0871
25.8145
17.2225
22.9049
22.9475
18.7252
27.9477
28.4478
26.2411
32.1645
32.8337
25.9875
25.5108
23.9969
23.3768
14.2617
26.7041
32.4813
23.7041
32.8951
28.3616
31.7177
24.4776
20.9422
22.9516
23.3571
29.801
27.458
23.5208
30.4154
24.4408
27.9105
23.218
26.0485
30.1495
21.7753
22.1062
24.1499
29.3114
29.6023
29.6289
22.5636
22.9222
23.2199
23.0909
23.1487
21.4509
20.4297
22.47
22.0322
21.6546
15.2678
23.1101
21.6099
19.9187
23.2174
21.8713
21.7853
20.3868
21.11
23.5865
15.1657
13.4477
24.4512
22.8273
19.0547
12.8814
18.819
22.1823
19.5334
23.2218
19.5161
21.4717
16.2161
20.3242
23.3058
24.836
22.8737
25.7408
30.4301
25.2496
29.6408
35.0642
23.3266
28.5481
23.6838
27.8403
31.1092
28.8701
26.4314
21.1573
31.7351
29.1984
23.319
31.2917
26.5362
25.9984
27.5459
26.519
32.1134
25.7983
20.795
26.7894
26.8034
27.4164
25.1089
26.9179
27.4887
28.3597
31.9375
28.6116
25.6005
28.0939
24.3299
28.4989
22.7344
31.6176
25.5654
29.4611
28.211
33.182
36.4707
38.944
34.2169
26.1845
30.2289
31.8223
32.8427
34.0565
31.0011
28.8445
25.4604
42.8144
18.2358
18.9014
27.8417
23.0652
18.2065
23.2727
27.3964
28.4878
29.4985
25.1999
24.5196
20.4327
26.3733
32.7941
31.8003
27.1051
25.259
26.0639
20.6963
25.6267
21.4488
27.0543
24.3635
23.693
23.3623
25.9314
29.2379
15.5768
22.6035
16.2042
23.3507
24.1586
19.5855
27.9844
26.7018
27.7574
19.0318
25.9623
21.0854
18.5698
27.0023
22.2833
33.9728
29.1964
26.393
33.0601
32.3314
27.0934
30.3297
29.0968
30.6099
26.8897
24.0615
25.0397
30.9456
29.406
35.1219
22.6233
17.624
32.4469
28.7044
30.0922
30.1403
28.4917
23.4865
26.2606
19.0891
25.9601
22.3449
33.2372
22.6369
26.1759
38.2379
28.9905
23.414
32.0834
30.8914
29.4475
19.8591
28.0028
28.8443
30.023
25.508
32.008
25.8482
21.5906
33.0835
32.9145
36.3446
27.4673
34.2787
34.3621
31.905
27.6205
25.2001
21.1193
17.748
30.3384
36.6015
34.4466
21.472
29.9467
35.6089
28.9196
41.2996
29.1592
24.9427
30.7833
19.8653
27.1239
19.3619
34.8331
28.4443
26.4276
23.4751
28.0757
26.4571
28.2703
28.3729
20.034
31.1994
29.9776
31.6911
25.2345
30.7101
33.5397
22.3688
22.9648
32.1515
29.5785
25.8029
34.6618
30.4429
26.1935
35.8213
25.1828
30.8125
27.5636
29.5862
26.1641
29.2829
29.3554
32.4786
36.6867
31.3882
30.7542
24.4602
31.311
34.0314
23.063
27.9755
27.9774
28.6473
31.408
23.5746
23.7523
25.4503
20.9194
24.4602
21.3591
17.1776
25.0887
16.1756
27.6679
21.6871
24.2503
27.3734
24.764
23.1033
18.8691
25.8623
26.2048
25.9728
34.8087
28.1626
29.6825
24.2496
25.4076
26.6979
17.8642
27.3348
30.6631
27.4798
25.0918
19.1488
30.7686
25.1091
21.7735
23.2896
19.0928
17.3977
17.0113
15.9098
24.554
25.577
21.9343
24.9655
24.4486
26.6572
29.544
29.3799
28.915
27.755
19.777
30.2092
31.8448
26.4724
37.2357
23.1167
34.2451
28.6368
26.4795
29.0583
28.2136
33.8114
26.7123
32.1585
29.6722
31.8857
37.6339
31.2775
30.4171
19.0928
33.2485
36.0491
20.5544
28.2579
32.9034
23.7211
31.4883
26.8142
28.7786
28.5884
31.4152
33.1726
30.2874
21.0487
32.6019
29.2492
25.5335
23.7485
22.8862
29.73
26.474
25.7628
21.2743
27.9501
25.8954
25.0812
27.5866
20.6265
32.5526
24.0784
31.6184
23.1644
25.0341
17.3586
30.6795
17.852
30.5362
25.1478
31.2483
27.1386
33.1054
28.8455
31.3331
26.856
21.7195
13.8898
25.4975
25.4246
25.6903
26.4246
27.8263
19.8467
18.7813
20.5779
27.0985
30.8896
26.9015
30.0216
24.8886
21.0909
16.4411
23.1422
18.1691
17.804
25.9444
30.8525
25.144
25.8162
24.8136
25.8241
26.9606
28.1214
24.7246
28.9217
25.3246
27.8835
32.1595
28.6854
37.1227
31.2069
27.9384
28.7585
25.9191
30.7261
26.0653
20.839
33.5902
21.1894
29.4155
26.7399
36.8766
28.6925
38.2351
24.9024
22.4197
29.5388
31.7763
25.1117
20.9909
27.4583
33.976
29.5277
28.3137
25.9844
32.042
33.7548
24.8162
25.2551
22.161
26.7583
22.7238
23.7432
24.2569
25.0158
23.6257
23.6944
28.117
29.0519
27.9605
27.5362
26.3786
19.3532
25.8854
22.6217
25.3863
26.5473
29.6313
22.1235
28.7031
30.6891
31.3396
32.2104
27.642
22.3893
20.0398
31.0765
27.0294
24.022
23.015
25.6334
27.963
26.5349
30.425
23.936
30.8107
26.683
29.0855
31.4333
31.8259
37.1335
30.9179
27.794
32.668
32.1415
38.1421
26.585
24.0499
28.6029
38.2996
28.7775
27.9605
28.1541
25.0488
18.7192
20.8444
21.2276
29.9698
27.1474
24.9624
24.6113
33.0738
29.6654
28.0007
23.3738
28.1595
31.9886
20.6254
30.6583
26.7031
22.4179
29.3649
29.4897
24.6435
26.5906
23.4032
21.2159
27.01
23.8401
25.0411
16.0753
23.2364
25.1594
26.5808
26.8318
31.9615
26.1131
24.3561
25.444
28.5394
31.3487
25.0685
30.284
26.4226
28.5078
29.0379
27.3372
28.5325
31.8811
36.3002
30.428
22.6298
25.5984
24.9087
18.8825
33.3771
23.9616
21.7346
24.3509
32.7392
26.7652
23.7291
23.9233
25.8671
25.6795
28.3736
25.7003
23.8746
24.7938
20.7979
23.1166
24.9489
22.8784
26.1667
19.2909
22.4635
26.8777
22.9324
22.6369
26.3541
20.4463
25.3074
28.1878
26.671
25.6221
25.9581
25.8833
30.772
16.4081
21.1716
26.2198
21.319
25.7679
29.7311
29.2745
27.0328
27.8384
28.757
26.8505
34.2213
28.099
27.6166
25.7055
31.2555
30.9684
30.4919
24.6446
33.7708
24.8348
25.6277
26.9734
27.13
27.6807
20.306
35.1134
28.7691
29.8302
29.5507
18.1258
33.0193
26.3448
26.1019
31.8678
27.861
31.6539
38.8004
36.5777
31.0466
32.4588
39.4062
22.8414
41.1141
26.6141
26.9051
33.7446
24.1833
34.2314
26.6881
30.9422
23.3224
36.8621
25.2634
24.8082
28.9362
30.4421
18.3983
28.7942
25.3138
24.4912
29.8198
23.7776
30.1548
28.7082
21.8333
21.9938
32.984
28.2244
32.6124
24.7924
25.4291
24.9551
27.5576
30.7522
21.7898
28.3071
20.9876
30.7381
28.0255
16.3293
22.2628
24.2357
28.4864
26.9197
36.9753
27.9139
28.2525
29.6151
30.3709
26.4736
31.2986
24.8095
20.0106
22.7323
28.9555
25.529
29.9466
25.9926
19.4064
27.1459
28.2562
30.1284
17.2851
27.375
28.1298
23.4884
26.8734
29.4964
32.4831
28.7675
27.9897
27.2556
25.1245
26.9767
25.9703
25.9153
29.8617
22.81
25.0521
28.6277
28.18
29.0864
25.458
28.1703
29.7013
27.5449
28.588
24.6464
29.5648
31.3543
29.8629
33.1316
27.2431
30.553
26.4574
18.3633
21.6249
24.638
26.0139
26.1829
28.926
30.4049
26.7268
26.8838
23.3208
25.2378
29.9299
16.6234
29.7746
20.988
25.5131
30.8639
19.3488
24.8042
29.6751
24.1424
29.0667
28.4742
32.7959
29.7528
29.6465
19.5667
31.3979
23.9313
21.5525
22.7537
21.8839
28.9505
25.8721
30.8612
33.1905
30.9922
31.8028
30.136
37.3813
15.4259
23.4112
35.6772
36.0418
33.3517
30.1095
32.6528
29.3168
31.0378
28.0767
25.8232
20.7719
28.4216
30.4717
30.2789
34.5833
27.4486
25.6597
28.5629
16.463
19.1134
27.6919
22.0931
27.0812
30.5673
26.7822
31.6863
28.9856
28.0305
21.3536
25.9429
32.9456
27.6059
20.6723
28.7295
22.1832
20.3359
25.3296
25.455
30.1121
24.9316
30.026
24.3908
18.4404
22.1151
25.9915
26.43
30.6536
29.6388
26.7061
32.9155
27.6161
31.041
28.6944
26.2404
25.0795
25.682
28.4774
29.7005
32.0152
26.0304
33.6707
34.5615
33.916
23.2736
23.9491
33.294
33.8115
29.6727
31.8703
27.278
27.6526
31.534
41.0638
27.3103
33.4653
30.616
32.3449
24.3925
31.2842
24.9639
25.844
30.8755
18.1657
22.4568
22.4111
27.1117
21.839
27.8555
26.6515
29.3015
19.5643
23.4415
21.0774
29.0236
20.0517
27.5636
27.4124
27.8873
25.3427
28.3539
25.6176
28.2446
29.3936
28.1898
23.7163
27.7641
29.0031
26.4481
24.4213
22.7755
21.8238
20.4752
26.4726
29.1183
21.3224
32.8311
36.2893
24.0942
25.6256
26.6721
21.6392
23.8624
29.5182
28.3472
27.2267
21.4319
30.0606
29.2375
25.3463
29.9667
21.9403
33.4424
20.9771
27.5037
28.367
24.4241
30.867
23.3529
22.0645
29.7431
28.7287
24.0443
35.602
26.4053
19.9249
22.0269
33.3037
27.978
32.3442
26.4251
28.1033
28.0622
26.9594
23.7443
23.901
28.2929
26.2092
14.8797
30.959
27.4079
24.7222
29.2621
30.5912
23.7653
23.803
28.3273
31.1801
31.673
23.4966
18.5222
21.2673
35.4784
25.1592
27.0779
28.147
28.6003
31.9689
26.7169
25.7183
31.8947
23.8782
28.175
27.5206
24.7749
29.2772
33.6226
28.9647
31.9179
32.9749
26.8747
25.5064
32.0091
23.8968
25.354
31.2181
32.6354
22.5512
22.9556
30.456
28.0665
24.7825
33.5565
38.7149
27.262
29.2814
25.9527
23.3505
27.2079
27.1454
31.1709
35.5974
22.4031
18.9875
26.7635
30.3545
22.8738
27.2058
23.0886
27.0556
23.2317
30.14
35.6831
31.1369
25.5729
28.7892
22.6325
27.0024
25.6793
35.8685
30.4183
28.5758
32.0555
28.9585
25.2782
34.2677
32.0377
27.868
27.4782
20.9307
29.4803
30.3749
24.6405
38.9484
31.9414
17.1463
26.7235
31.9773
23.9055
33.9385
31.8486
35.1397
26.8199
41.211
32.2993
22.6445
17.0444
34.6477
27.5143
37.0601
35.0198
36.6555
37.2423
21.6787
20.1748
30.4947
32.0079
27.3696
22.4055
30.7997
27.1546
27.396
30.1685
21.707
21.0824
29.8427
19.6137
26.826
23.7998
23.7532
35.4102
32.7039
23.2481
22.5111
24.2922
23.2819
28.21
27.7058
16.3852
28.9703
29.9808
28.4193
26.7535
22.8241
26.156
26.1527
25.3325
27.8712
21.2222
29.2996
29.794
31.5002
24.9373
27.9834
26.4346
30.7968
28.2763
19.8029
29.4672
36.409
30.5405
25.1677
29.9038
29.9194
20.9105
34.9856
36.7034
31.7471
33.9022
27.7093
28.1405
35.5463
27.8929
29.9947
22.8746
32.683
31.8266
22.6297
25.0614
31.726
25.685
27.6747
18.8343
31.5492
21.9663
17.4703
34.0173
26.3428
26.5394
22.5681
30.0072
15.1395
22.2948
28.7593
28.6925
24.1097
21.3028
28.972
20.0092
19.8962
27.8958
22.2474
17.326
19.2335
23.5994
25.4734
24.5865
20.5908
22.6329
20.5206
24.4536
21.0515
26.927
25.8671
25.8225
26.9547
22.4129
30.9065
24.5227
24.0793
19.3751
20.5954
27.3997
20.7057
24.7387
25.2085
23.2144
29.5347
17.1643
29.2957
24.8095
25.4517
23.8784
22.8314
24.9751
19.5522
28.5298
22.1635
29.6725
22.9744
25.5912
24.3628
30.2397
30.1176
39.8808
18.6943
21.4045
28.1379
27.2532
30.0969
22.7045
38.9492
33.1193
25.1901
29.2444
39.4878
28.5802
31.793
32.5403
29.0339
20.958
33.2628
32.7055
26.6227
26.6465
40.9388
29.7213
38.2484
30.2527
32.4595
31.657
29.3774
23.5723
23.6856
29.4368
42.1299
32.295
34.523
34.8398
27.4966
22.9341
28.2381
33.7327
24.3442
25.7644
33.2469
28.8614
30.137
34.2121
35.9508
31.6489
31.4138
26.2339
25.6786
27.137
21.7658
27.3867
28.6761
30.2442
34.6094
31.7886
26.0074
23.13
26.1296
28.215
20.1954
29.9495
29.6385
34.8179
26.8542
19.1698
24.8167
27.9929
29.27
31.8403
37.5348
34.5216
63.9106
19.9803
25.2212
38.1794
47.1475
18.7623
25.7892
31.7805
35.3399
32.9531
32.6158
25.1032
29.2262
30.5858
33.0652
21.2659
15.4711
29.5657
19.1091
27.9402
27.3835
33.4989
22.9379
21.0278
24.7541
25.9152
25.8545
25.3221
25.7999
20.0215
19.3278
25.4845
24.07
17.5988
17.6197
20.7352
14.2277
23.4286
24.4824
17.9883
22.1674
17.9547
29.3508
20.0253
22.7116
20.8708
22.8082
29.5585
29.9387
29.4389
34.0372
27.4111
26.5251
31.6058
26.8816
26.6855
21.686
34.5392
30.1305
24.234
22.5026
24.5374
31.6283
24.0434
21.7046
25.6999
29.8425
17.5373
30.6026
26.2162
23.611
18.9569
34.3563
32.0819
29.0888
30.0484
26.5487
26.1995
23.3626
15.4668
24.4666
22.1523
24.7384
29.6751
24.3191
27.237
17.9751
26.7255
29.2991
20.6267
30.2187
29.5172
25.6024
36.2275
19.463
25.6306
29.1128
30.7026
29.6491
29.5282
16.0165
26.8382
27.6227
21.9357
30.5257
30.2559
31.971
28.7129
25.0751
32.3212
34.2132
38.5349
25.7446
28.1576
30.4402
21.7099
35.7771
27.8097
35.2213
34.0467
41.6107
29.5005
30.326
25.1241
33.7524
29.6357
24.1574
31.4336
20.0016
27.5035
26.5204
29.8373
23.7463
28.2993
29.5474
25.6151
30.4809
30.9056
37.2528
32.9089
36.2814
34.3769
26.7693
26.8495
37.6697
28.2468
20.291
31.4182
24.913
30.7792
28.064
22.8808
31.0302
28.6806
18.1318
23.9031
25.0692
26.7549
34.7166
22.8713
19.3414
21.8018
34.6554
31.8879
31.5203
23.1619
19.17
33.5052
31.2453
30.0077
32.1781
31.5882
28.5938
21.8196
28.5538
27.9038
23.9717
27.7481
13.2216
16.881
14.9695
22.7527
27.4655
21.3345
15.9054
26.4806
24.0486
19.6634
23.1096
11.6381
22.3456
23.7121
20.9924
21.5481
21.5919
18.7045
15.7489
22.664
20.8645
14.9646
19.7179
15.3652
19.8048
17.3112
22.1895
13.0295
21.0124
19.8793
16.3016
20.2674
13.8405
21.7499
16.3759
17.056
15.8022
17.3543
20.4894
19.5311
20.1344
16.1676
17.103
15.5397
20.2152
20.7132
24.1028
25.8237
18.2483
21.5868
18.7036
21.9251
26.8095
28.8313
26.534
22.0003
26.1793
28.6149
22.7163
25.7884
29.1473
25.0662
27.395
27.2711
25.5384
23.3914
18.8083
26.0029
17.584
26.7939
32.7976
18.8935
22.4504
13.4363
27.194
26.7915
17.1503
33.2355
24.9867
20.8216
35.8914
25.3946
24.2942
33.3718
30.2735
29.3335
25.9192
31.0826
38.4107
27.3556
25.1282
32.0755
35.6558
37.8803
25.2485
34.8516
24.1279
31.6298
27.9801
17.4109
28.3741
29.8061
34.8663
27.5087
21.3294
30.5739
30.896
24.5966
32.0015
32.8935
28.7127
29.4273
27.3839
35.5354
47.2834
26.1862
26.2444
27.202
36.5914
32.6224
33.9244
38.1757
25.6093
40.8458
34.0371
33.8808
35.6223
48.9409
40.5364
27.9749
41.5309
34.6462
28.8035
28.9082
30.9867
37.8323
29.7769
21.1058
30.5248
31.8557
26.0289
37.465
32.3454
29.1711
30.0408
31.0453
41.694
26.0188
30.7349
29.212
28.678
35.4806
27.7785
31.8374
25.9789
37.8249
18.4556
27.158
20.5404
30.0087
20.4357
31.382
27.5352
22.2188
21.2349
20.5818
31.1445
25.2466
26.9088
16.3339
25.2784
23.9196
25.0149
31.5158
24.4452
27.4949
31.3456
25.4044
28.3594
18.3106
35.4027
27.9963
25.7335
29.6845
30.3757
38.9321
21.9008
25.7412
34.1439
31.8397
20.9989
22.9523
27.4005
27.5062
27.6692
29.0681
21.182
31.0811
30.3867
15.8718
26.2348
17.277
30.6526
29.4145
30.7103
22.1358
26.9753
31.3018
15.7406
26.5466
14.6456
23.1099
24.0231
26.1428
18.8637
19.1263
26.2656
25.1986
25.7245
24.103
28.7195
24.4357
21.3517
26.7116
25.5549
17.9456
33.2912
15.4178
22.1678
23.9405
23.7369
24.8258
22.6015
29.2359
21.1699
18.7186
26.1202
26.6196
28.8621
23.2174
24.8077
26.1378
37.8734
30.9577
32.4915
22.1304
26.3291
16.7691
24.3458
23.8229
35.1011
24.4468
27.625
21.8388
20.0844
25.8014
26.9505
29.5105
26.731
25.334
30.8165
23.6592
27.3746
31.96
27.8802
26.2667
32.5298
34.9817
27.2878
30.4329
25.2672
23.3528
21.8129
31.3599
28.5788
20.0671
34.9042
22.4978
32.6683
24.5331
21.0042
31.9718
26.8874
20.3193
17.1171
27.5167
17.2399
16.6291
24.278
32.7448
26.9602
25.7129
27.901
27.5974
28.2773
26.7485
25.1644
20.6647
19.3028
16.5922
30.9672
27.8765
30.7961
31.7031
29.9477
30.4568
35.7622
23.423
29.127
40.1234
27.0624
41.7718
34.5481
26.1178
24.7651
20.5236
31.7
24.5653
29.2992
26.581
27.2749
23.3988
30.8019
27.0772
31.0309
26.2575
30.4384
30.2655
26.1211
19.8474
23.2158
34.3019
32.7696
22.2984
30.8259
29.9766
21.5904
22.6816
32.3453
27.6842
33.9122
29.3302
31.6335
24.8318
24.7274
32.5784
26.2925
27.5315
36.811
36.147
32.4764
28.3635
24.9791
28.0953
29.312
37.2752
28.9835
28.7349
31.4998
29.329
31.6263
29.1568
23.8226
23.7446
29.9819
31.1365
20.1313
29.0027
20.5731
31.117
25.2749
25.5878
31.0948
23.4483
35.4336
29.7268
27.1498
17.0562
28.7493
33.4098
31.1039
28.8389
22.3892
22.2969
26.0057
36.963
26.4846
18.5829
24.5996
27.6993
31.8554
28.5706
27.9471
19.5069
28.6428
29.4341
27.8324
32.281
22.73
28.6927
20.5563
21.9291
29.8677
25.7172
30.0957
26.0641
24.2689
31.8872
24.3863
27.4004
25.0768
23.95
29.78
18.4124
34.9911
29.0387
20.589
32.758
21.563
26.9968
24.6454
30.6545
26.2139
30.2879
34.6952
26.3125
21.6426
22.3258
28.6276
33.0808
24.898
31.9137
26.6191
17.5392
22.6227
16.4934
22.7804
21.7136
27.7937
26.391
32.3851
30.9739
24.4021
24.0382
30.2976
30.5364
17.8241
26.4662
22.5032
30.5246
31.5398
22.2316
29.6153
28.9703
29.0841
27.1821
21.2036
21.6577
25.3494
29.0546
26.2536
29.9697
31.4355
20.357
30.6832
23.7314
24.3608
24.5735
30.0176
21.0137
25.9533
26.1434
24.1838
21.6121
25.5658
21.9933
17.357
24.8867
20.0747
27.1739
14.2431
26.3419
23.8654
27.1281
25.1783
23.5154
25.7336
20.2039
18.9812
17.4316
30.0275
29.4875
22.0635
24.7721
24.8746
24.3651
25.7111
26.4695
20.2402
21.7615
21.0326
19.1724
25.0399
25.8199
24.5466
18.7661
19.008
23.1412
25.0309
24.811
31.1152
19.683
25.9725
16.3456
26.7727
30.5512
29.2701
30.2666
30.3248
24.3275
20.7706
26.9874
29.5001
30.7578
26.8778
25.9485
18.7687
27.018
28.6636
27.8549
27.5053
25.5115
32.1043
32.9238
30.1879
35.87
32.3399
31.2298
26.4504
29.2137
22.8127
31.1132
23.3976
29.7172
27.7684
25.4286
33.0329
35.3632
28.6134
25.0806
26.7479
23.4404
30.6107
29.6221
27.2734
27.5746
31.7048
22.3966
29.4082
28.8595
32.2308
29.0441
22.818
31.3517
29.6639
23.6323
23.5349
18.281
29.9676
31.1381
22.3384
21.1943
22.2228
22.3622
28.8399
26.4401
25.0284
25.1825
31.3362
34.7165
22.8948
28.5715
31.5821
29.9888
31.8547
29.1613
29.3888
27.6102
35.1833
19.4159
35.2192
33.1292
28.2931
16.2555
17.7545
38.8473
20.266
32.1026
24.8516
17.9051
24.9226
27.0551
28.2688
24.991
27.6089
25.4422
18.9876
29.6745
17.7853
18.3225
27.331
23.2692
28.1843
31.896
26.9265
21.5347
26.8234
27.8284
25.9267
24.3352
30.6848
30.4289
22.0449
24.0384
26.8287
27.1988
27.2797
22.4431
26.7341
24.1836
21.3946
25.4839
28.6365
26.2401
28.6192
26.1108
21.3974
26.5891
28.2134
31.9474
23.3426
32.0317
31.3297
26.9512
35.7681
30.8215
24.8812
20.7914
29.0585
27.6205
24.8482
28.3354
26.5929
23.5912
24.9421
22.5312
33.4328
37.9963
26.0511
29.0171
32.8168
23.8843
28.7305
20.9493
26.0208
27.0187
23.9373
24.7841
22.7214
26.3869
32.1024
30.4807
22.4921
20.5665
24.3733
29.8036
29.9852
20.3038
26.654
34.4284
27.6668
28.6236
21.7354
22.0462
33.9966
25.1652
26.8575
28.2127
29.6007
24.3251
23.2141
27.7521
32.1578
32.134
28.7519
28.2723
27.464
32.965
26.7937
30.4737
29.1952
28.2219
27.0607
24.4249
20.6168
26.3201
25.5746
27.0943
22.5983
30.3832
27.5181
19.3974
21.8141
32.0545
27.2734
27.6481
28.9062
24.2348
20.8488
24.84
25.1801
19.6042
26.9121
30.0655
30.575
29.5791
24.6062
29.8036
30.5496
22.8525
32.1732
28.9431
37.7541
32.4584
26.0778
28.0348
30.4411
30.6359
29.7807
31.1729
35.101
31.3803
37.5358
31.9886
36.9636
20.8895
31.4888
33.6851
27.9747
30.1063
26.373
28.1751
35.806
31.493
28.5174
23.9411
27.052
25.8653
27.9559
27.7236
28.5869
28.2631
26.9801
19.7329
29.2487
23.6209
12.0649
21.6137
19.4255
21.3431
16.0441
22.4708
24.6172
29.1977
32.1529
22.7188
31.1268
16.6263
26.2654
21.8208
20.8142
26.2543
24.2655
24.4184
30.9512
29.6132
23.6077
27.8098
27.6945
26.3646
28.7614
27.3627
35.2274
14.9912
24.1417
29.9677
25.0464
22.579
27.1012
28.5128
28.4655
27.8411
24.771
26.8702
26.872
28.3713
24.3733
29.2698
29.241
28.6588
25.8634
21.2655
32.9354
27.8349
21.9471
34.4433
29.1836
25.0545
23.6171
22.178
27.2615
24.5331
24.5139
22.5527
25.2307
30.2463
29.1013
24.5543
24.19
30.6434
36.3373
33.9832
20.1631
24.125
31.1394
25.3967
19.9846
17.6734
24.0151
24.6538
33.2977
24.8008
29.2069
34.0387
21.4406
30.1143
18.7425
26.0045
31.8443
24.9825
26.2864
26.3029
28.6023
11.8981
26.2883
23.9459
22.4317
24.8239
30.5995
26.1865
27.7973
25.0499
30.7718
27.0096
22.1808
24.0727
27.6105
23.8569
23.4691
31.4788
31.1333
25.7971
27.2102
14.5414
23.5858
21.5767
23.292
21.3426
28.4932
27.5535
27.6726
30.2701
28.8441
14.2825
31.2135
24.2922
23.2599
26.1006
24.0086
20.0724
21.8603
24.9038
27.9834
20.5869
25.6019
20.3163
24.7692
25.1115
24.2379
28.303
25.3878
13.9968
24.8945
26.6217
25.2748
19.3835
14.257
21.3679
10.2261
22.8686
24.3385
25.3074
24.9424
23.2371
20.9748
28.7782
22.3614
24.1855
29.7743
29.8407
25.9011
24.5618
26.5988
23.1352
28.2832
20.6341
24.7924
28.2106
24.2274
21.5178
18.3108
31.9507
31.2482
31.7076
34.8456
26.8862
29.2596
29.9263
27.9069
30.9761
31.0322
24.9353
29.3641
31.8445
16.1162
23.143
18.7014
32.6963
40.1822
32.4032
24.4008
16.062
30.8373
30.4104
29.2718
22.6478
35.0922
28.4003
22.4495
22.4071
27.7354
32.6464
29.3837
36.6137
32.2314
23.7899
24.9008
25.6401
29.4154
31.7457
24.8941
30.679
23.0347
27.4637
25.352
29.583
29.0551
33.0867
31.1701
24.5987
33.5649
25.893
29.3641
24.6409
24.8151
31.4141
33.9217
19.3894
31.8034
28.3128
22.7276
21.7952
26.5222
18.1442
26.1525
26.2122
24.2216
19.4055
26.5894
34.7505
30.0098
30.2481
25.9399
21.1164
21.9885
33.9079
34.7344
27.2516
25.763
27.287
26.4027
30.0721
30.0824
33.2015
31.5806
32.3095
20.9113
21.8339
26.3909
29.5896
25.7725
19.9533
19.9567
23.3843
31.2768
26.4329
19.5996
17.2249
25.5767
23.766
26.6115
14.8813
27.0571
22.2517
26.2386
22.1439
18.1698
22.8519
25.9367
25.4962
24.9211
27.6805
22.4785
12.4747
22.8003
14.0303
22.664
25.432
25.862
22.5475
22.6729
24.4138
21.0023
21.3065
30.7495
27.0728
26.9618
26.1435
24.7894
32.511
23.7958
27.7122
33.6619
27.6043
18.502
27.5258
22.3789
27.0861
22.0319
15.5253
26.8684
31.5828
30.533
27.1921
32.1769
29.7932
26.966
18.7889
29.5082
23.0284
17.4763
19.027
25.0126
26.9189
24.2438
25.5112
26.6445
22.5593
27.6142
20.5325
29.5152
20.7032
33.4751
25.7253
34.7724
18.5378
22.4009
29.5075
32.271
34.4704
34.1245
25.0188
27.2572
18.3032
28.4543
28.6301
24.911
19.0153
31.5588
23.036
28.7921
27.4058
37.5598
31.4386
28.0433
33.1663
27.8572
30.0892
27.6876
27.8519
23.1284
34.3012
34.1127
29.1408
31.3163
25.5062
34.4591
32.3681
37.6302
27.6943
27.9168
30.3806
28.4424
18.5667
25.7811
20.3913
27.3259
26.0165
21.3195
21.6945
27.2614
16.0861
26.2318
16.8081
19.38
22.6767
21.1207
27.9242
25.1096
19.8254
14.951
18.6606
26.4518
21.8854
30.1196
27.8836
34.3032
22.6221
24.2343
17.9598
25.2462
24.0542
22.5513
29.4636
25.7565
24.056
27.7435
14.8819
16.3945
26.1468
19.8147
26.3236
26.1258
27.2571
21.9004
23.5224
24.7509
13.711
22.2245
25.6688
29.7088
21.1912
23.4668
29.7866
14.5855
28.2984
18.8689
21.3513
20.5359
30.8253
25.2759
16.7605
23.6326
27.4698
21.8566
24.5336
27.7906
18.3994
29.0905
28.959
28.4713
27.8496
31.0948
29.7623
34.8197
37.8396
33.1647
20.5398
31.4961
31.3926
28.5046
24.9219
30.1336
28.7882
32.4166
21.9116
24.4713
29.1565
28.2077
23.0431
27.5439
28.0332
26.3533
29.1296
26.3761
25.6616
26.4452
28.1123
21.1091
27.4719
27.0872
28.8183
16.9425
29.0199
27.896
23.6321
18.8236
28.7796
33.4207
24.3539
18.6087
20.525
25.2375
29.6081
33.6857
30.2133
32.1535
29.3285
35.1252
30.1393
36.3026
25.6889
27.6586
15.3994
24.0382
22.9958
30.4053
25.2452
34.3611
28.583
28.7679
24.9554
15.3308
22.1815
21.4225
26.1077
30.31
26.7805
16.3966
26.4701
19.7505
35.6546
20.8879
31.3902
20.2963
19.3473
29.3621
32.0743
28.4439
28.3155
21.7902
27.3748
25.8633
30.9829
23.4393
31.2754
32.5341
31.4866
26.9087
23.3267
25.5341
24.4892
29.7026
27.0369
21.9465
27.7428
25.7839
28.9676
26.868
23.3721
32.0871
19.4757
28.3402
28.8254
26.2586
38.9176
23.7326
37.1995
28.8346
29.0723
33.3254
28.9585
32.2155
19.1342
36.4509
31.7749
26.8873
25.7058
21.2519
29.7183
28.8887
21.9024
27.2796
35.9789
26.2027
30.5575
27.7485
21.6763
25.33
36.5165
27.7897
30.2397
25.9584
31.1431
26.7702
34.2772
24.0806
27.6509
22.13
30.1191
29.2112
31.8091
20.7065
31.0331
18.7446
16.8697
29.9471
24.9872
27.7725
33.9368
32.4851
42.6183
31.0538
28.1332
29.9855
26.0299
27.0929
36.7014
35.0434
34.4187
22.055
24.3979
36.8162
34.6637
23.7
24.667
29.5683
23.0727
24.9099
29.8452
39.5948
25.4786
23.623
27.7531
32.4946
24.0973
23.9151
29.9934
23.1681
25.3773
33.9592
22.9725
26.5095
27.1704
27.8013
21.7958
23.9602
28.4664
31.2949
21.7782
29.0639
30.7226
26.8379
29.0931
28.1048
28.8109
31.9494
20.4573
29.3053
17.2225
27.912
28.6869
24.6023
24.866
26.1441
13.4116
17.9388
29.005
31.7637
24.3982
36.0307
22.2429
33.1356
32.5483
22.5746
20.4672
29.8756
29.9916
36.8706
31.7761
25.9741
24.8365
23.5073
31.349
22.96
22.5454
24.041
19.5586
33.0149
21.2159
25.2218
14.6091
24.773
28.1324
38.6686
30.442
33.1309
28.8293
38.7201
32.5284
23.2662
25.0625
26.8906
27.8484
27.9999
22.8793
33.436
17.7004
30.6437
32.7267
29.3922
29.6528
32.4959
31.7136
35.6678
20.9581
32.2481
33.768
36.3954
26.2747
31.2967
24.9115
25.1625
25.2263
25.9171
25.2785
31.6074
29.2102
20.8179
29.1572
28.7519
32.9729
28.5453
24.6844
19.8462
29.3002
25.0621
19.4376
28.3956
29.2401
31.1624
21.1626
26.1957
29.0964
25.2512
21.3076
22.4031
29.1915
30.9944
31.5277
24.9679
23.2894
26.2947
26.7222
22.9384
27.3894
23.6486
19.7275
28.8312
27.8805
27.4503
28.6018
28.6813
32.1024
33.8341
24.6915
27.6192
21.646
28.4824
25.8
25.2483
29.5904
24.5321
25.4654
28.7407
21.9105
27.1935
26.962
33.8077
29.2368
26.234
20.644
29.0097
29.0312
27.5183
17.7557
19.2516
26.3163
30.6809
28.3202
23.4614
25.4394
22.23
26.964
28.157
29.9793
27.671
26.4579
22.0058
23.6895
25.5337
18.2677
26.2032
26.7194
21.1241
16.9658
24.6074
25.4047
27.5272
24.1928
28.8563
30.534
27.5697
26.5762
22.3003
29.5469
24.7876
16.8521
30.568
27.6734
22.9161
26.9464
30.2427
30.2804
29.2936
31.549
29.5136
28.1207
20.1787
24.4375
28.6636
24.6135
23.0293
29.2926
27.8149
27.5498
30.2579
24.8511
29.4753
26.9592
21.7134
27.9193
30.0087
31.6394
24.3478
26.4218
20.0723
32.8301
34.2087
26.7194
21.671
29.9229
28.7306
31.3599
16.7683
22.5444
28.1242
26.4412
35.0395
30.8933
21.3059
27.4393
28.8764
25.1249
28.9096
27.6498
29.8271
26.4958
31.0696
20.7069
23.0839
23.2174
27.9835
24.2048
33.0934
29.8839
25.8603
24.648
25.1668
21.1742
19.7046
19.4279
24.5131
21.6663
19.0924
24.1794
28.1658
28.3612
26.9636
26.5748
24.9404
26.4507
29.343
21.5647
27.3594
27.0343
29.5602
19.7523
28.3855
24.6002
26.4876
28.5072
27.5341
30.081
30.5854
26.8103
32.8056
25.7185
23.3567
17.2232
28.8795
35.7741
18.9636
24.2303
31.0266
29.1991
29.8715
36.0845
28.7241
32.1576
23.4299
35.169
33.0331
34.2592
44.222
39.2984
31.7253
23.2239
21.2057
25.2403
24.226
24.315
27.1061
35.2198
24.786
24.1037
15.8209
14.7494
20.2207
23.6113
26.8431
29.0415
31.5983
30.1586
35.1206
33.3708
36.8547
25.5162
30.7671
31.7498
28.3172
25.5849
26.7847
29.3622
28.5916
30.551
25.9798
20.1009
17.4016
20.5317
27.7972
26.4116
28.6243
28.1233
23.7486
29.8963
22.5388
17.7013
22.3213
31.2692
24.7937
27.1787
27.7846
21.53
23.5584
21.5769
25.9726
23.6837
26.4651
30.4371
27.5462
24.7879
15.6852
30.2745
24.1718
27.3305
29.1472
30.4808
20.0451
21.035
19.8026
24.2592
27.8247
23.2633
26.2823
18.1554
24.1572
21.4071
27.5086
27.4692
29.7861
27.1289
28.9089
26.9498
30.4061
23.128
30.6399
23.6763
28.0345
24.7182
34.3879
28.3961
33.2316
23.4612
29.5991
28.7073
25.4016
20.5843
30.2685
29.6204
27.3242
24.3251
28.7636
26.6577
31.8234
34.3499
31.1637
29.2114
38.3824
25.8699
21.6582
32.176
35.339
28.0914
21.8087
32.1206
30.7128
23.5212
23.0045
29.5628
27.7441
16.4437
23.2632
17.9375
25.6331
30.0934
24.8801
29.7696
23.0553
38.181
34.5555
27.8569
15.641
17.3986
25.255
28.6229
19.8361
21.1807
27.4042
30.7992
23.1396
29.432
23.3443
22.0486
24.2592
22.9341
30.2389
28.4462
24.2995
19.41
20.1147
22.7792
28.6763
24.262
21.0034
15.2942
30.7229
27.1352
13.6805
26.6609
24.3977
31.8282
26.3663
25.8735
25.0059
26.0454
26.2521
25.8726
26.7254
22.0329
30.1832
29.9042
28.2057
21.7373
20.6415
24.201
26.2947
28.8476
37.7276
26.2032
29.528
22.4965
28.2739
18.8411
25.425
20.5088
25.6633
23.0079
28.3255
20.1873
33.7828
25.0997
17.1824
24.3819
26.3237
31.913
27.5455
27.7217
25.509
25.4903
36.0729
28.9586
20.825
23.0651
27.3339
22.0787
25.6545
25.5955
25.5553
22.3805
31.0919
34.4701
32.0199
30.352
33.1768
28.3778
29.1769
29.1825
26.1049
29.4275
27.6403
31.898
25.987
30.4909
30.0301
20.9935
27.3469
30.6765
29.0612
25.8307
27.2325
20.0672
27.8762
24.2158
27.2606
27.4053
28.0083
22.0833
18.6027
25.5186
31.1075
28.917
26.5369
24.8532
30.5626
31.3373
27.2742
20.8573
23.5051
33.4731
26.6387
24.8874
20.5539
28.8084
31.8555
22.886
32.1547
28.7762
29.5983
19.8686
30.3018
18.4964
14.455
15.2231
23.106
25.6729
19.3433
14.074
29.8122
27.9053
21.9897
22.8279
31.1931
23.9448
30.0244
30.5533
33.2845
27.5288
28.2837
17.2173
29.5225
21.8106
25.9467
25.6189
29.2686
32.9194
29.6266
34.4247
27.5133
31.3704
26.7592
30.8112
29.969
24.7818
26.9035
29.3572
26.2991
33.178
32.033
29.9487
27.6295
25.2827
20.4228
21.3563
18.2732
23.9884
20.2211
28.0045
23.5039
20.5267
26.7906
25.518
22.642
28.2821
26.9868
19.7879
18.2357
21.4665
20.5676
24.6335
28.9558
25.8986
22.4856
19.466
24.3945
22.0468
24.2598
28.9738
24.1013
27.0696
27.1536
19.787
23.4437
30.8879
32.8581
23.6871
28.2829
25.4295
35.601
17.0418
21.8895
31.3366
30.5234
26.9495
28.3215
30.2118
29.5417
29.2038
28.9744
26.0926
26.4851
27.1185
31.2043
26.8612
29.9298
32.3823
25.1244
17.7634
24.7693
27.9406
24.9622
28.4838
36.9875
31.2828
31.4823
28.0161
28.3659
25.3405
26.5271
25.4241
28.1945
24.1287
25.544
19.455
36.0309
26.0838
25.7242
26.9674
40.0273
22.4544
31.4069
26.9598
33.1862
24.645
27.2841
23.4306
31.7
33.9574
27.41
28.3985
27.2008
32.7151
33.9497
26.0179
37.4152
34.6885
33.143
33.4779
19.851
31.3243
29.9845
37.0495
37.5839
32.2553
28.3251
24.8864
27.2965
34.8056
29.6561
30.144
22.3245
28.1396
28.9249
25.872
27.4954
26.8217
24.9654
27.2966
27.7638
27.7069
20.0536
28.1516
23.6644
35.0414
19.0514
28.1824
33.0126
25.6395
22.3823
25.4377
25.8136
28.9324
26.1891
31.7524
24.8783
19.0892
26.4503
21.5883
27.5961
23.8025
26.0417
19.4049
29.2455
19.0102
18.5696
26.0751
20.4607
14.9197
16.3024
17.3821
25.1397
23.5967
22.4871
19.4589
18.3547
26.3528
21.9483
21.3862
15.9066
16.2313
17.5989
22.7151
23.7983
28.7461
23.3762
19.5084
26.1212
24.3031
23.8425
14.6609
29.9266
23.6126
22.443
24.4853
17.9794
22.5784
27.659
24.9061
18.8569
17.4163
12.3415
28.8431
26.0793
23.4458
15.4636
24.8008
24.4421
18.0556
16.9731
23.2256
20.6394
16.9425
26.9696
22.0643
26.9445
27.2026
27.5469
26.3414
28.1269
27.3962
28.2779
20.004
26.368
21.4456
22.7775
20.6228
27.319
20.692
29.5889
26.4431
17.3449
26.4384
28.7044
25.7128
20.537
27.1184
24.5687
27.7389
33.3353
27.0217
29.0373
23.184
27.2412
21.6207
23.4136
29.8659
26.1705
30.2076
31.3261
30.7004
33.0817
27.7438
22.7037
32.5184
32.9263
30.8295
40.436
29.7535
26.3163
18.2842
25.536
30.9216
32.4868
30.9214
22.6562
22.0502
32.1716
23.863
35.9425
24.0675
34.2898
28.6537
20.5133
30.8747
18.651
24.552
27.3928
16.0446
22.0884
26.1944
22.3552
20.4592
26.7337
19.6746
20.1243
27.2165
28.1868
22.7525
14.7827
19.7714
25.4697
26.2038
24.1405
27.1717
24.4179
20.2607
25.0937
24.5168
19.1535
20.9938
30.8498
24.3414
22.2838
15.18
24.9139
26.2752
26.0507
35.3428
26.5534
31.9271
23.794
23.9067
37.6508
31.6354
28.8718
29.6484
26.043
27.936
36.391
37.9488
33.2873
38.9468
31.9636
29.8181
31.9657
26.0805
23.476
19.0832
30.8644
25.2155
22.9081
28.9217
24.3117
20.6653
21.9134
24.7738
29.3115
29.9582
20.7771
28.2006
28.2743
17.35
28.407
26.5652
28.0527
36.7813
30.7204
23.0928
29.0631
25.1144
29.8209
29.9324
31.2993
31.564
29.2337
18.2655
21.7532
23.6905
27.0432
25.8609
20.7096
28.7236
25.0524
24.7552
24.135
21.5904
31.2066
27.1411
21.2742
20.7893
33.7354
25.0749
21.2903
29.7805
22.8129
29.7619
27.8356
26.3849
25.7973
27.9214
32.6505
27.6319
28.5195
26.0051
30.0196
19.0783
31.6343
40.1236
40.2008
33.4687
21.7069
18.7871
23.9744
32.9294
28.95
24.1037
31.3726
26.5922
34.488
28.1181
23.3259
23.645
28.114
30.6597
25.6297
26.4563
18.5581
22.9943
30.1072
23.6004
26.5237
33.1248
26.8873
26.42
38.2309
28.3949
21.9721
27.8795
23.9689
23.0056
28.5428
25.4115
26.166
32.4955
36.6439
30.3381
34.352
21.328
16.2798
27.3903
24.2591
28.3683
24.9905
29.3552
30.2216
23.3232
27.2297
22.1034
19.131
19.1551
20.6011
20.8446
20.7951
31.6139
31.6972
22.5294
22.0161
24.3637
33.817
19.1641
26.5699
25.4342
33.0325
29.8106
27.985
30.5336
31.423
28.0746
30.9391
29.9176
32.0624
18.1399
29.8354
31.4522
17.2372
27.1187
22.3837
20.0988
19.2847
23.9659
22.8288
22.4486
26.2522
25.125
22.5605
20.5752
27.6576
25.3085
14.317
22.8463
24.4907
32.2291
27.3088
25.3152
30.6125
23.9307
29.3934
27.5847
36.5604
29.6157
33.7678
19.9642
21.3726
25.0305
24.6925
21.0354
25.3331
14.1139
14.9632
27.1841
24.5247
20.3734
24.4724
23.4913
29.5407
25.4182
33.6631
29.6233
23.3893
27.2567
31.0904
30.1854
32.3359
19.1769
22.6922
26.7126
20.0291
30.0915
18.9521
17.7033
15.7593
29.4112
27.9602
28.5073
29.5516
22.097
28.0405
32.5201
18.1417
20.8292
29.1613
25.5605
26.7347
28.56
25.8608
21.9278
28.6947
19.1422
32.7025
24.1203
25.9846
23.9753
28.5197
24.5841
29.5823
32.0161
19.5766
27.4777
27.8964
24.6771
22.3869
28.405
23.1788
16.7499
23.6954
18.9693
32.4478
24.8898
32.9284
30.3953
38.3441
25.2879
29.1576
25.027
25.3419
27.6289
20.5064
17.9356
27.3611
26.0896
34.3426
31.2066
29.3852
23.9872
28.7709
32.196
23.7824
36.8208
19.4917
21.9186
32.2009
33.2704
25.613
23.0722
15.5162
25.808
15.8222
29.8511
23.4445
27.8049
28.4981
28.0304
26.6816
29.0094
26.6574
15.3786
31.3702
26.9867
31.7373
14.395
29.3233
28.1755
21.6817
26.3764
24.5098
16.9251
25.697
21.2826
29.3878
17.8239
21.721
21.4459
31.1417
22.8444
25.7558
25.7736
22.0454
21.3778
30.0985
15.6247
24.5908
31.5876
31.6372
25.1556
32.1288
19.0679
20.8572
27.5952
28.8358
17.3371
33.612
19.1741
22.5441
24.704
21.7366
25.8835
33.5794
29.8686
28.5864
29.8146
20.2318
33.7404
27.1934
27.6458
29.6483
30.1308
37.9196
27.6418
39.0145
33.594
33.5065
32.3026
30.0529
25.5185
26.7327
25.5987
32.835
37.0852
38.0123
22.1147
38.2777
27.0426
23.0053
32.9347
32.3597
30.0106
30.5664
23.2526
25.0054
37.2737
32.6139
31.1666
33.5691
30.7298
25.3028
24.6308
30.7653
23.0685
24.2729
26.325
31.4834
33.1292
30.7843
24.6929
25.438
30.3006
26.9271
23.5553
32.6996
22.7671
25.2932
25.3969
25.145
22.7592
28.1471
30.5148
27.8362
31.5881
27.0454
31.6297
17.807
28.3289
31.431
24.9719
27.1356
30.4878
34.3101
25.5975
19.5961
24.4459
25.0596
20.0249
30.3319
32.4104
23.5635
23.9043
24.059
25.569
24.5568
26.4791
22.6395
26.3019
30.903
27.1317
26.9812
32.7997
28.9178
25.8801
17.2336
30.2306
16.892
29.2131
18.3961
22.7806
20.5038
16.1202
25.213
18.994
35.7017
26.8109
27.667
26.8415
29.2777
28.6648
20.6301
25.416
31.567
29.4281
35.0922
24.5864
35.3654
20.9192
18.6543
29.6399
22.5486
34.8356
22.2736
35.462
25.2799
24.2549
26.9949
21.9409
28.4023
21.6878
27.826
20.3034
23.9625
17.8091
25.147
25.1714
21.5967
21.5261
20.9686
29.6535
28.8355
22.7954
19.5197
27.2453
21.1996
21.4551
16.1794
24.5262
17.2227
23.3712
24.632
14.9631
27.3912
21.0692
32.0695
26.0052
21.6077
33.0251
21.4444
30.5864
35.5245
34.7167
30.4773
21.1669
31.0805
27.1956
21.0532
22.5892
29.5288
29.8916
30.442
25.517
19.6256
26.7011
21.7307
26.7117
28.7547
33.5282
28.3613
32.2118
28.2408
28.004
25.4397
27.671
17.8993
21.4614
26.6729
21.853
23.4193
25.0508
21.491
28.2725
30.8234
31.9393
22.8584
21.8675
15.9481
16.5396
25.1829
27.1039
25.8688
24.9748
18.1532
27.7502
26.9381
23.7947
24.3632
26.7523
30.8044
26.7345
23.5539
18.0119
18.8284
25.3213
26.3661
21.9373
21.5823
22.2732
25.1721
23.3149
27.6562
27.144
28.1731
22.7193
16.8417
27.5757
24.7575
24.1966
20.2646
16.4928
20.624
29.5862
24.7883
16.1473
30.2559
21.1774
22.5033
28.3886
21.0162
12.2932
22.463
23.6477
13.0363
34.15
28.1358
27.4981
28.3355
21.6023
23.9183
30.4382
20.0726
25.4694
21.1495
27.2125
29.786
20.9955
29.0718
28.9807
27.2032
21.9229
24.6373
33.6636
29.1694
25.7373
24.7369
28.0574
30.4389
26.7769
32.1681
31.5343
28.7898
23.6954
22.1931
29.6011
36.5408
23.362
34.6091
24.9991
26.128
29.0802
30.6663
30.252
22.7993
16.9086
26.5697
29.1903
30.7139
28.5373
16.7438
26.0998
23.2388
19.9847
27.5556
24.5498
19.6196
26.8486
24.3552
19.984
27.4621
23.4264
20.5491
26.9304
22.2137
24.2895
25.0268
21.7612
30.8647
20.6239
23.6017
26.945
25.2302
26.9394
29.2259
24.6156
28.1675
23.4609
35.4783
11.7339
18.5019
22.8873
12.6307
17.5839
15.5008
25.8822
28.2756
23.409
21.6594
23.6162
30.8634
29.5178
29.9984
27.8598
27.0597
27.0533
27.1558
34.1849
14.306
24.6179
17.5148
27.6324
25.7455
12.6121
22.7035
24.7237
20.4909
24.6449
23.4248
15.3787
20.1494
25.1045
27.468
25.1954
24.7381
25.7439
25.6984
27.3032
26.948
28.8994
29.3203
24.1562
26.5684
22.6942
17.6864
22.5463
27.9352
36.4964
29.5594
16.5525
30.013
26.4555
23.7848
30.2499
30.4468
32.2618
29.5348
29.0067
29.0134
31.1989
24.6331
20.1571
31.1902
26.4648
28.2213
22.5722
20.3635
20.4882
28.3799
18.3894
27.9402
28.505
32.2945
28.7417
25.7783
16.4581
29.3543
28.4082
28.348
21.2668
30.238
20.2065
20.2404
23.1366
22.5014
23.6602
28.4752
28.165
25.7929
14.9743
26.8405
21.1472
20.7776
22.7651
26.2855
30.2146
28.1882
18.9483
28.2828
29.3524
28.6819
29.4787
30.8006
24.3195
27.8485
29.1535
19.7151
30.9762
30.1038
27.8353
22.9756
24.7716
19.6928
36.7053
31.7501
22.0028
34.9224
29.7418
32.3809
28.7529
30.5901
30.4865
40.343
29.2419
34.1407
33.1184
23.2088
16.2186
22.3129
27.9271
25.2156
25.5406
11.9509
26.8667
17.1971
18.8966
23.7398
23.2364
24.496
13.42
27.5888
28.3029
25.3
20.3877
26.5409
26.2374
26.8326
27.1188
25.221
25.3381
28.1768
29.9059
27.2856
31.1659
31.4131
35.2223
26.8154
32.1998
28.3867
30.8838
28.8437
40.4956
18.5694
22.7226
33.0696
30.4133
27.6653
17.9029
34.4744
40.7733
40.5326
25.4456
28.7539
22.5413
32.9441
35.9161
27.3631
33.394
35.6659
29.0602
34.8725
38.909
30.664
23.8478
30.0638
25.2546
43.4315
26.6533
45.5943
29.7914
44.5742
40.1785
30.9671
35.9252
30.7529
42.063
43.5547
33.442
30.0032
32.4351
27.6743
31.1205
25.7707
32.7101
36.8818
26.6243
31.5205
36.4015
26.7487
37.3266
39.8825
42.3822
26.9571
33.4092
38.4068
31.4531
33.5282
29.9312
44.9013
32.3744
25.0291
37.1973
27.4691
28.6514
29.3494
34.5911
37.8904
37.3212
33.4499
33.0017
25.7173
17.855
27.0346
24.6522
27.7545
22.3
24.5435
24.1464
17.1488
22.2158
23.1508
16.989
26.8422
23.8887
33.8102
15.9952
28.8363
29.104
28.7565
26.5955
35.8856
25.0631
29.8029
29.6829
24.9192
28.1718
27.9782
22.0847
26.7737
25.6996
30.5969
25.8467
27.6937
31.1203
19.7841
27.0218
24.1353
19.6979
19.1619
17.7126
23.0806
17.6166
17.6148
24.7991
18.7355
17.2378
23.2867
20.2416
20.9822
21.331
11.3134
22.8456
19.355
12.352
14.3724
20.2808
20.2585
16.8125
12.8903
20.57
19.9529
23.0698
24.8882
22.5733
14.062
21.5585
20.2414
25.371
20.148
12.5717
24.0184
24.1047
19.8046
24.9819
14.5699
24.8684
25.8766
23.5019
27.2687
24.3593
23.9067
22.4076
18.5377
18.2907
30.3753
22.9765
22.1421
22.9598
18.8876
20.3349
22.0559
28.6196
27.6238
21.5073
36.1838
24.5649
25.1215
28.973
25.9856
22.9696
20.8834
25.8236
27.2806
24.4083
25.0112
26.8068
23.3
23.0185
19.6985
20.3196
25.3707
26.7101
19.4349
20.3682
25.9752
27.0417
26.7539
25.7574
25.9299
17.5046
22.2409
28.6588
32.2806
27.0541
21.8168
26.6341
28.3318
25.1947
26.59
20.2255
25.9905
33.4589
33.8479
27.3664
29.5711
24.7946
22.0311
34.2075
22.5557
28.7832
37.2204
37.5795
23.068
28.536
45.4669
34.8747
31.3957
26.8665
33.9894
36.4897
26.779
17.7802
25.6248
19.8693
15.9407
22.9877
29.4447
24.6871
24.3263
24.8525
18.894
18.7108
27.5952
27.7032
19.4325
15.8264
28.2116
24.5895
17.2676
13.1774
18.0939
25.6143
21.1137
25.4419
23.1264
18.9628
27.0671
17.2474
24.0361
24.2549
21.569
22.0501
25.1282
16.975
25.1633
28.658
28.0667
24.8413
17.884
33.6114
17.0932
27.3694
28.5471
22.9075
19.9301
20.6155
24.6799
26.9769
35.6798
26.6054
24.0326
24.8885
24.1358
21.0551
25.7343
28.3134
26.069
26.6499
28.4744
21.722
19.5036
29.3131
23.8385
24.3832
19.7008
27.1508
20.9791
27.1425
26.5796
23.1101
20.5479
27
30.2961
23.1737
27.1296
32.9606
21.6259
22.4483
30.534
22.285
27.9592
25.643
34.5155
26.0227
34.1533
26.3769
26.1513
28.5368
30.6318
32.2284
19.0435
21.5018
28.0716
30.3246
27.7071
12.977
21.7077
24.7499
20.4762
27.4233
24.0609
21.8079
22.6512
17.0949
24.2468
23.6044
22.4674
26.3515
27.8792
24.0541
26.0261
22.0737
18.3568
31.9929
23.5327
36.3501
25.7506
28.9242
24.4596
25.9149
18.3813
15.0556
23.5923
26.9951
26.2059
30.4917
25.8008
29.6006
25.8194
25.377
21.6111
22.4626
28.4189
27.3879
23.2541
26.917
19.8015
30.5123
23.2964
30.432
33.7683
31.685
25.1983
21.6488
29.5962
29.0406
28.872
35.0332
22.9156
18.0313
22.5779
26.6457
27.2092
24.5098
26.3745
15.0762
21.8479
17.2312
25.7626
14.333
23.9627
24.7996
23.933
17.9287
19.6218
18.2739
19.2767
22.0766
18.6358
16.3053
17.1812
14.7467
17.2179
16.1832
19.1796
12.3029
15.9451
19.3068
18.5963
13.886
19.0075
15.8094
9.34483
20.1759
22.0338
21.4327
14.387
33.9682
11.992
22.4674
23.5258
21.5511
24.2334
25.2248
28.7356
11.225
15.959
24.8719
22.7935
25.6413
29.5664
18.2658
30.0857
26.2695
38.4219
29.6488
46.238
27.2056
15.3897
21.4052
24.2682
25.3194
21.9499
20.5189
31.9479
27.242
24.8765
29.5221
24.5193
25.3059
21.5194
26.413
24.5575
24.6382
24.1897
30.4102
25.5138
31.6974
17.3865
22.8407
23.2716
24.0054
20.8626
16.8366
23.2048
23.9555
24.2303
32.7111
23.3436
26.8994
30.1729
27.5686
27.1599
28.4528
30.4614
21.9173
27.192
18.0502
17.6979
23.0111
27.7006
29.6924
26.8086
34.4101
36.2959
28.6402
26.8152
25.7832
16.9775
26.5355
18.9724
34.8907
25.1523
25.1844
30.8936
33.5052
28.8296
35.8549
27.951
30.6381
37.8636
29.8314
24.9238
28.0052
31.0284
27.8573
18.3521
29.5488
32.4522
22.6007
23.6564
32.334
24.2882
30.8501
25.7572
21.9391
28.8166
22.3016
25.2367
28.3901
20.5731
21.6739
23.1172
23.2126
19.1299
23.4051
30.4648
31.989
27.2293
31.1167
18.8339
27.9672
13.7976
16.6639
19.2121
20.3598
17.2633
20.3846
26.7819
18.6449
24.7859
23.0426
20.5822
25.2227
27.914
25.9387
28.818
24.7164
30.0799
14.0199
18.1414
25.8325
24.3718
23.4078
22.6746
25.2714
20.9678
23.4152
17.2999
16.5049
28.3625
18.9627
22.7789
24.1843
21.7818
26.2448
30.9432
27.6596
24.1843
25.3562
23.9628
20.7928
22.128
22.6212
24.3308
16.1624
18.559
29.5298
22.401
28.2478
22.9236
24.3338
17.7717
25.5176
19.5625
27.0832
27.0546
28.6147
28.5946
19.7392
27.3424
24.5901
32.7091
26.0881
35.2323
26.5695
19.9024
27.8022
27.7289
30.3458
37.3473
29.9696
33.4862
21.7343
20.6178
31.1475
28.2236
33.1768
29.1778
23.8741
26.446
29.7564
27.3081
21.4856
29.5489
30.782
31.7351
33.8088
33.8474
27.5222
30.9452
20.5471
30.6684
22.1851
29.5534
40.8556
24.8855
30.6935
34.5547
29.1347
32.5751
30.2744
20.5632
27.8836
33.4249
29.686
26.0869
35.1223
30.1884
26.8439
27.5868
34.487
36.1831
17.416
29.0397
18.1394
26.122
26.2411
23.9316
28.6664
27.6502
32.7392
28.9026
27.8508
26.5923
33.2316
31.3856
31.2742
25.5227
24.9837
26.5755
30.4263
29.086
30.1262
20.5918
22.4354
32.5869
27.3837
31.2575
30.8916
27.0651
35.7039
29.6417
23.7962
28.331
22.7623
20.4835
26.3763
27.1295
26.9434
20.3202
24.3348
18.9294
20.3089
21.1334
27.7447
31.0499
27.1053
25.432
27.2667
25.1677
19.1285
31.7942
26.3048
15.9491
24.162
23.6754
25.3197
20.7838
26.2497
18.3095
27.1283
14.7906
24.136
27.5708
26.8731
34.2124
21.3835
27.2616
26.8084
37.1329
28.7397
30.2262
21.5699
23.1854
29.7008
32.1998
19.9682
22.4185
25.7512
26.8626
27.9612
25.8054
16.7443
26.7753
27.3055
22.5475
24.9198
17.3627
26.0274
31.2751
32.2665
24.6446
28.8867
32.1443
39.8582
18.3286
28.6529
32.2189
18.5868
24.3003
29.0594
24.5318
28.9676
25.7133
26.3077
18.4534
16.9009
20.1271
25.6214
20.8575
26.8769
14.2625
29.9386
30.9055
25.4616
33.3711
23.4427
26.5329
29.0423
29.2962
20.1662
22.41
22.9373
25.009
30.9407
23.4501
23.6617
31.2391
25.4059
27.4399
26.6255
25.9723
24.532
22.391
30.3769
27.7508
26.9835
28.1299
28.7741
30.4963
30.9627
27.2723
25.1185
28.2253
27.5094
29.5694
31.4124
27.2223
15.2183
31.8318
21.1639
21.1497
21.004
21.9144
22.3351
22.448
28.4215
25.2712
29.1787
30.0443
27.523
27.0262
26.6117
23.4724
17.3176
38.0902
26.4941
21.4042
23.0903
31.2589
26.4977
27.9815
30.1637
29.902
18.8983
29.6373
28.544
36.4591
15.0369
25.929
22.0653
21.9052
29.6288
22.6911
31.3296
28.3855
20.8145
17.5997
22.9001
15.1757
23.2591
26.0298
17.8201
18.8717
24.6811
16.4086
13.8426
28.0468
26.3572
30.4484
30.7521
22.4006
23.6165
24.4309
35.9329
30.9308
33.7074
31.7092
20.4816
28.3695
38.8314
27.6964
26.2702
20.395
18.989
15.8139
24.7065
25.8729
19.2949
29.0495
21.4046
39.067
35.7722
35.3884
34.1204
31.2048
21.5624
31.4098
26.9599
36.6177
28.5812
32.0818
23.679
15.3736
24.6612
25.5476
25.1689
22.2125
27.3565
24.3101
24.6883
20.0709
29.9272
32.6925
22.4263
31.4902
26.1984
33.3615
29.4853
22.1834
27.1469
29.6732
31.4941
27.5762
24.2168
16.328
18.1909
30.7289
34.4315
30.726
20.8463
30.5066
24.0062
22.9022
36.7359
22.6598
27.5053
20.9989
29.6507
30.9752
40.8261
38.6793
32.3591
26.3611
25.1619
17.0141
25.1599
24.5161
28.1772
27.9872
26.3258
24.0763
26.2324
18.4815
22.4267
28.3446
30.6125
23.4872
29.0381
33.2995
21.1003
29.532
30.4465
26.1899
37.4051
28.1048
36.7564
24.6153
32.3857
30.7973
16.0586
31.0439
28.3643
31.0584
20.1316
32.5872
23.1584
35.1324
26.4208
28.3733
15.9278
28.9457
19.1047
23.1807
29.1237
35.91
28.8581
37.0975
35.8705
33.5243
19.6084
36.6886
33.3888
32.4947
30.824
24.4204
23.4275
26.8159
18.2463
27.6382
20.9285
15.5724
25.4263
33.0575
26.4347
27.22
25.0241
25.8996
23.8263
30.316
30.3472
28.3741
25.4958
19.874
28.6015
33.0453
23.603
27.0929
18.0217
26.5921
27.5744
26.5289
20.1544
27.7642
28.3344
26.7976
30.7559
25.48
27.3581
26.5319
24.0698
32.322
25.9744
32.306
23.243
23.9401
23.4213
27.7099
25.7484
30.7286
23.8119
29.7798
23.7729
27.287
27.2806
28.7748
16.9147
15.4633
30.9027
30.3953
33.032
32.2143
28.6466
24.7861
20.6302
29.3727
14.9717
30.941
16.0415
19.2695
14.8258
18.3876
22.6092
22.3366
25.5978
24.0325
26.4278
25.206
23.5403
30.9623
27.4112
31.3782
23.6951
33.4677
21.2396
29.5602
25.8099
32.2307
26.6176
22.1711
31.1222
31.3264
24.0984
34.5109
29.2189
24.6519
28.6398
22.3704
21.8947
24.4024
22.6851
18.4435
27.4883
23.7291
30.811
22.9288
24.8631
29.3293
23.901
26.1024
21.8344
17.3641
28.983
30.6277
33.9845
34.0318
32.1286
33.7887
33.7311
24.1996
26.3851
29.345
28.3006
27.7909
23.3578
23.079
23.5678
23.6867
20.3465
19.3304
22.1647
28.5824
27.9499
31.3143
23.3898
25.448
35.4676
23.8179
32.3139
24.8892
23.2558
25.4648
25.6915
39.1105
22.8595
19.4991
23.3402
29.6103
24.3326
27.4073
21.7849
21.8662
28.2212
24.1498
26.1497
28.4537
26.422
17.7022
17.2238
27.2437
31.9767
29.9324
29.8879
32.0458
29.299
36.4574
24.2315
29.4259
26.6363
29.5204
27.5121
26.5731
25.5036
25.769
21.9429
23.5901
27.1785
28.9216
27.8897
26.743
19.4296
34.9502
25.9149
25.3967
31.0199
24.2151
29.3173
31.9379
23.5067
31.8314
21.1944
32.9148
26.8185
26.901
27.3311
28.7229
28.3442
27.9654
23.7155
30.2267
20.9275
17.4368
26.9695
16.8789
21.8482
22.7459
28.5082
28.1666
28.4751
21.6194
20.629
34.4094
21.3722
23.6211
31.4413
20.8186
31.2862
17.0921
26.7046
17.5429
26.0932
28.3446
17.3252
29.2668
15.2923
28.2115
25.5394
25.5404
27.5726
28.4957
32.8066
32.3102
35.2856
31.7378
32.8991
28.5286
30.0078
32.7625
30.7748
33.2473
21.9088
30.7975
30.4517
25.317
33.3891
25.7314
34.8237
25.1458
31.7006
24.7576
25.9543
23.0483
23.9268
27.3737
17.1645
25.9092
16.4482
14.4118
18.6218
27.6832
28.1591
21.7702
32.5589
23.2739
21.4316
31.222
31.7948
27.3667
22.8866
22.8724
24.0058
29.8596
21.4332
28.9459
26.7157
25.303
32.5918
23.353
25.3428
27.0928
27.5628
26.022
22.4694
20.1803
24.1961
26.5556
24.7893
16.9536
23.233
25.451
17.6489
30.4867
29.9906
21.4869
26.9782
27.0248
22.78
29.1742
30.9576
32.5081
29.2936
21.9507
24.6577
23.2717
27.0432
31.9515
26.8574
27.9842
25.9848
37.157
30.4956
23.937
30.6318
34.5117
30.12
24.8076
29.5641
24.3912
23.9451
21.4558
28.6984
15.8929
24.1381
28.2737
23.259
29.9465
23.7699
26.8097
28.4224
26.9409
25.9813
19.8688
33.2912
20.4451
29.6001
25.1692
27.791
21.4062
21.6646
26.5551
34.6815
24.049
24.2184
29.9412
31.1043
27.0413
26.2501
30.2561
24.3932
19.6457
22.2711
26.9906
20.2546
24.0153
27.0135
27.1385
26.1117
26.8786
22.1634
31.2344
35.4457
27.1644
24.5079
37.4072
28.2376
24.8183
30.4047
29.3044
23.8469
23.5761
24.651
26.3724
31.5613
28.4
20.1733
20.0355
27.1769
31.8077
29.6506
30.742
28.4581
15.7414
21.543
19.8795
21.604
24.8092
22.4547
28.2689
21.279
27.0865
21.0223
36.9056
38.8516
31.8091
33.7388
27.9599
25.268
30.1569
28.793
33.6429
30.3656
32.2313
26.3792
34.1166
24.8484
29.1882
24.233
21.8608
17.0285
26.0161
31.1339
29.6067
17.6819
27.8068
26.1145
21.7293
21.5045
27.2293
26.7845
29.6606
25.1278
31.6602
