31.3802
29.6015
21.7905
16.5319
31.5583
34.0973
29.3634
18.1913
27.9901
31.7665
24.3898
23.8539
26.7745
18.1929
27.5198
16.6113
24.6097
20.6456
34.195
21.098
19.5311
20.9261
26.5808
29.2588
30.3727
17.905
28.3662
27.7466
27.9593
23.752
13.5039
26.3993
21.2461
16.485
25.2725
25.9101
24.3476
23.3615
23.2097
21.1602
27.4804
30.5972
28.9423
22.9352
17.7589
34.2914
25.8085
19.9407
20.9751
31.7523
28.2887
25.6533
23.9057
18.1912
13.8948
22.2116
26.5167
21.2122
24.5119
17.9718
13.4742
14.0547
13.8682
25.9045
26.2407
21.2751
18.8874
23.9704
27.6627
19.9541
29.3692
29.5163
19.1069
24.7973
26.4622
19.1484
26.8429
25.0409
28.5975
29.6993
31.9535
25.2836
31.0208
18.5246
29.967
21.3618
30.2299
25.1901
27.0565
29.0683
21.524
25.6524
22.1889
25.7847
24.2074
14.9162
26.6395
30.4482
30.0116
28.3331
28.9647
15.2107
16.3884
23.7184
21.8056
13.6953
26.9782
14.9479
21.9003
24.7589
14.9691
16.2177
27.594
25.4201
26.4071
19.2125
26.7336
30.4184
21.1575
26.1115
32.2689
19.6514
26.3532
31.5173
32.8487
28.379
25.9104
26.3711
27.5907
19.9628
27.1702
31.5707
42.8003
27.2089
27.9027
36.3593
27.2833
32.0028
32.4699
33.568
27.8249
39.9158
32.5748
24.3118
19.4567
21.95
16.8468
15.5783
28.148
18.4729
31.3352
21.4675
16.138
32.8576
27.9233
24.7471
15.0832
29.8744
19.2843
29.4989
28.8501
26.6021
31.3527
30.5387
34.0031
32.2469
31.6311
19.7176
29.8338
20.1667
27.1587
26.875
30.2355
21.8372
31.3655
19.6487
39.2322
27.4688
27.9953
19.0597
29.9343
22.4055
23.7606
26.636
22.9535
38.6632
32.7639
28.2488
30.1179
32.3762
21.6562
22.9189
28.2089
30.485
33.6776
27.0521
29.2552
34.5787
30.1817
28.3277
38.468
26.277
26.2051
25.7367
33.3086
18.2336
27.9666
31.1047
29.5774
28.0592
30.688
26.8967
26.0022
18.2913
15.2487
20.0973
23.7711
17.4148
22.2764
24.8405
29.4942
17.6612
22.9112
30.7839
33.1768
24.13
28.3822
28.021
28.0042
24.3972
33.8563
22.0808
19.626
29.033
25.8964
33.2426
28.4973
25.5097
24.2199
30.575
23.3572
28.2906
24.2943
38.853
32.9554
39.4431
32.1979
23.2902
25.1365
31.5135
30.044
21.7511
30.7131
19.8963
26.5788
15.7912
26.2752
15.9249
25.8603
24.9392
19.6913
17.5335
24.8462
18.898
23.9272
24.2361
21.8439
25.9492
23.8643
23.6177
24.9877
31.6115
28.7245
25.179
18.3457
28.4143
23.4759
25.698
19.5569
26.231
29.1206
26.6961
23.4497
32.353
28.9787
26.4629
25.3851
29.0145
36.0416
17.0081
19.8889
14.8115
24.5914
24.5025
26.6642
32.7106
28.6095
32.4114
17.6466
23.2652
30.4511
22.1711
31.2342
31.5308
25.8206
29.6083
29.5991
21.1483
32.1817
19.1902
22.5389
28.6854
19.5152
22.7968
27.1993
27.4363
27.1871
20.2984
21.5739
21.0484
24.0464
20.7747
26.9075
21.7876
25.0856
15.7657
23.4643
16.9628
24.591
16.6119
26.14
15.8803
36.592
31.5387
16.5952
18.8533
34.3922
18.1806
30.7212
26.6569
21.4448
21.3748
21.3628
21.3733
33.4191
36.9588
24.7723
21.0731
23.1571
19.3617
30.525
22.7845
21.4094
15.1856
22.3888
14.8481
24.2099
23.1723
20.1898
23.6865
17.642
21.5299
26.5872
31.7449
32.2105
27.1908
25.7738
27.657
21.7351
26.0405
29.5294
29.9396
32.3873
20.8661
28.9447
17.2506
29.3412
22.081
23.0584
29.9749
24.2451
35.5039
35.8509
26.5002
32.9625
36.3047
28.505
32.8909
35.4494
21.1382
32.2609
39.7314
27.9841
32.1367
23.6151
20.2439
26.375
25.9696
27.9964
25.1264
30.8249
26.1858
23.0442
20.909
27.6219
15.6172
25.5802
16.1946
17.8452
21.4304
23.9744
25.6497
34.4364
25.4617
29.8088
24.4354
28.6535
26.4894
28.8333
30.7257
38.6863
21.7509
23.6052
23.334
29.0111
27.3108
28.4484
23.712
31.8772
24.2579
33.4633
18.6949
25.2999
31.8802
33.8683
30.4085
29.7887
20.8545
33.9755
25.2953
29.4381
26.0032
27.2269
27.0802
32.6099
29.4557
21.5212
35.5896
33.6722
24.0477
23.5825
33.8693
26.8875
30.5987
26.4966
15.7213
28.9376
25.5703
29.3114
26.5604
17.8715
23.5923
25.1578
19.4193
18.9746
22.6758
29.9676
30.1918
34.6978
25.9318
22.9966
30.765
26.0529
31.7342
27.4599
25.6966
30.8824
18.0804
22.0347
28.3716
26.1599
30.6689
29.9115
26.3377
29.3805
25.3206
36.2488
30.9918
29.2039
16.5134
32.1683
29.1971
33.5183
27.9866
28.6153
17.993
22.175
19.4385
34.4129
20.0714
32.1514
21.1375
26.196
29.4211
22.4926
20.6553
14.997
28.8463
25.7614
13.8923
30.3603
16.3093
26.1479
15.828
24.2828
17.5359
26.9147
30.3007
28.1751
28.6138
27.6936
27.2094
23.7564
25.5764
20.9672
33.9826
29.8397
30.2195
29.7081
30.1399
29.7637
33.8109
32.8864
22.5582
30.5332
22.8303
34.5073
33.8092
40.41
26.5911
33.9813
30.062
34.7741
22.9949
30.8036
31.6913
29.03
38.7694
36.9818
19.8158
25.7475
21.992
26.9684
15.7346
16.5243
19.215
19.6534
21.5965
27.0739
23.2296
27.0093
14.8129
19.7062
15.848
16.1286
26.1421
22.8837
22.6807
20.6704
20.462
31.1683
20.4538
24.4541
17.124
25.1503
32.4374
31.6767
25.5707
39.1656
27.8834
34.3043
26.9724
31.1477
16.4306
28.8523
30.1074
26.5685
36.5088
32.3886
30.4373
31.443
24.2638
32.5821
25.9786
35.8959
31.9609
28.8661
33.3971
28.3305
28.4864
27.6026
30.2181
29.3088
21.3352
27.1176
21.403
26.2532
22.4439
21.9055
16.6275
14.3871
22.6507
21.4211
27.8815
25.9353
26.5103
27.3136
29.4505
30.6593
28.5897
24.2273
31.8685
38.1296
25.1003
31.4178
30.4648
29.192
21.0089
28.7974
29.0865
23.5539
25.8345
23.2726
22.5997
24.9371
26.8586
25.1391
23.227
26.1623
25.7501
24.3617
21.5659
25.8158
15.8307
27.3606
22.1338
25.8535
22.0264
15.9759
25.7691
25.5069
14.449
21.4115
25.1175
25.803
26.2744
28.2268
28.0846
15.1561
29.516
34.3232
24.9426
25.0458
31.5096
29.3912
30.1731
31.9334
25.9358
32.0428
31.4783
35.8315
31.885
25.5953
22.8593
33.1474
23.2859
30.1224
25.8286
22.2086
33.0297
20.8319
22.881
25.0206
25.3112
22.2425
22.1743
24.6329
23.9284
24.1764
27.8684
20.4518
24.0459
19.9591
19.1613
26.3495
27.0092
23.2444
24.5567
26.8756
27.4458
28.9959
25.1815
14.5605
18.0619
31.516
32.8036
31.0175
24.553
24.2574
17.3218
18.329
31.2245
26.7624
19.3965
36.5884
21.7855
18.737
24.1837
32.869
22.8847
32.2917
25.8561
24.268
31.332
35.2743
29.7436
36.5408
27.6219
26.321
30.3216
31.4124
28.3696
28.8218
27.2661
22.6881
26.3999
25.3926
26.2517
27.1947
15.5046
28.913
25.763
25.1179
25.2056
26.1028
31.1663
27.2614
23.8434
31.7578
27.7765
28.3093
27.9051
22.3708
27.6764
19.0855
36.5405
23.6451
29.5789
22.9838
29.8869
37.6914
21.67
32.079
17.5766
30.6775
23.9203
24.696
27.4483
29.8946
36.3071
25.9363
18.0884
24.1152
18.2014
26.4873
13.9803
25.5382
32.0167
23.2746
24.7206
26.5629
25.8215
29.9361
22.6544
27.6718
17.6464
22.7162
31.0488
33.3072
29.9738
28.7935
21.9062
31.7067
29.3903
30.8618
25.7169
33.135
23.2875
28.4562
28.1502
34.2679
31.8774
25.5059
35.2035
26.8158
20.2389
25.6056
24.5251
36.0304
23.3802
28.8438
24.919
29.1509
16.4423
34.8927
17.8565
24.8866
24.0082
35.4908
19.2674
16.9874
16.2019
38.2652
33.5698
22.7586
22.4386
38.1237
24.9891
32.4611
31.8327
26.5121
26.6013
15.9065
25.0775
23.0028
25.3564
25.1119
25.1103
27.5706
18.6741
19.2968
23.2372
29.3048
24.4893
31.2585
19.3263
30.2365
25.156
23.0854
25.7112
28.0691
26.2319
26.5347
20.2633
28.2878
19.4807
27.8797
29.844
29.6691
35.8293
22.8065
26.1568
26.0981
24.2102
25.5694
18.8587
22.415
17.7529
26.3166
26.1289
28.2567
33.5721
20.1717
28.4217
25.8813
24.2861
30.9545
19.5518
18.8679
25.371
25.7958
28.1873
24.1653
27.9663
23.1872
28.5272
17.1198
22.2135
20.4043
33.9712
26.1095
27.9552
31.2885
27.72
17.0954
32.024
20.5957
21.2937
32.3504
24.1099
30.0437
37.3598
34.3975
19.5647
24.7236
18.8893
20.6037
28.4107
27.718
20.9554
22.2279
20.9234
23.5206
17.7901
23.2851
14.6298
25.4685
25.541
33.2655
26.0628
19.0938
28.252
14.6239
22.4404
17.898
24.6866
16.9933
23.6575
21.3607
27.8977
20.2545
22.1603
23.1196
24.1703
28.1823
19.5831
24.9232
21.8103
25.3132
17.7646
24.5801
20.4225
21.1799
12.2592
28.4465
24.5205
26.1286
22.3897
25.884
26.8424
27.5515
13.9619
27.9118
17.8991
25.7927
24.7635
25.7067
16.5133
27.9885
15.9304
23.7274
20.813
29.9214
18.128
28.9426
18.5516
23.6595
29.6397
24.4108
28.5072
25.2913
24.8877
20.6464
28.2916
25.6745
32.7564
27.2849
31.876
19.965
20.9222
18.2463
18.1606
23.844
23.6991
19.7579
17.0823
34.1266
22.356
21.887
28.0034
27.4162
27.4073
26.7561
21.1833
32.4063
28.897
29.9828
25.9372
35.643
21.7538
30.5651
29.7585
25.7483
26.4272
25.4622
29.124
17.7381
16.5442
20.8626
26.2464
20.6399
28.1597
24.9569
20.4111
25.9186
20.4134
20.2395
18.5326
30.2076
26.1971
31.893
21.3854
24.9913
22.6084
23.4104
15.0624
25.256
24.1905
16.8592
25.7698
24.426
23.5056
29.0938
22.6519
30.6021
20.4617
24.3049
18.6504
17.2459
13.3266
24.554
11.6226
17.264
25.6758
28.9336
19.0887
12.1514
20.2155
12.4881
21.4757
19.4509
25.0179
18.7752
17.4195
26.0863
18.898
20.9006
12.1209
27.1228
16.8965
15.2432
22.6996
28.9915
28.8588
20.6618
23.175
22.2749
24.548
28.2909
29.706
23.6547
13.8001
18.3748
27.601
31.0252
16.0423
16.7224
18.8659
27.131
19.2742
23.4468
25.6495
28.4694
26.553
23.8997
27.8776
25.1796
27.9225
26.9802
28.0497
34.7862
16.4036
28.0195
35.7943
27.132
28.6445
27.5124
34.2963
31.3731
24.6673
31.7538
31.8552
20.1328
30.3241
21.9204
28.2401
24.2244
26.5349
15.048
15.1808
24.8178
17.8307
26.6579
21.0213
24.8319
15.3977
25.0384
18.1007
28.8367
15.2845
18.0236
20.3361
21.0437
15.8427
23.8501
21.2401
28.5518
20.7528
32.6621
21.0049
18.3405
23.0017
21.1834
16.1272
13.1666
24.3546
17.6653
26.1689
17.6979
13.3099
26.9486
24.07
20.6406
23.2038
20.4079
20.6353
25.8188
27.8887
26.2384
26.91
20.1284
25.1987
20.6344
16.9989
23.1297
28.8217
27.7774
16.4601
22.6537
26.1049
23.4462
25.6115
24.3136
18.8406
24.2893
25.9258
26.9468
21.4445
26.9454
24.1224
24.9641
29.3278
20.7454
26.2979
24.3927
27.9267
15.9714
17.6048
21.7065
30.159
27.1264
22.5984
29.1159
30.894
27.6395
27.7508
27.6293
30.0992
28.2808
22.5832
27.3361
27.014
24.0961
31.2965
24.0212
25.0758
32.2063
24.9717
29.6974
23.0358
28.3454
23.5836
21.7494
26.0961
27.3543
20.2965
18.6233
19.1464
26.7797
22.9541
19.5461
16.9205
20.17
26.6207
17.9727
21.743
28.76
21.959
26.407
24.7939
22.7601
22.2978
15.5416
24.7818
22.3268
14.8349
22.963
26.9268
17.3618
21.4539
15.5914
25.77
18.3425
18.4244
22.9966
16.3682
24.8285
26.0021
17.1273
23.5834
25.009
19.0438
20.314
25.4825
21.6534
17.0946
17.9605
29.5724
25.632
24.9437
26.0573
28.3223
28.5818
26.8019
24.3973
17.95
33.4315
16.6583
30.0189
27.1689
30.6123
17.1986
21.8285
16.5883
29.657
20.2249
30.1657
19.2471
24.0901
19.8959
27.9875
36.8616
22.7315
26.2943
26.0772
30.5313
27.4888
22.2343
29.2988
30.6918
26.4132
19.5778
24.4222
17.8765
24.0302
25.5651
30.4536
33.8791
35.442
29.9027
29.1567
28.7664
30.1895
30.8882
31.4896
23.9314
17.6777
16.0053
20.9909
27.6852
30.2592
18.1364
22.0783
20.4127
21.1542
24.0098
24.9133
22.3591
22.5435
17.5793
17.1774
23.0143
23.8563
27.863
33.5279
21.0171
25.4827
22.1053
28.0093
28.6548
28.6655
31.0617
39.2836
25.9636
31.1666
19.0766
39.8819
43.2676
28.0058
30.7399
22.4537
28.2723
21.6863
26.9593
32.9776
27.2092
20.0841
33.9899
36.3278
23.5796
30.9157
25.0074
40.8868
26.4984
31.3365
30.9767
30.6451
18.4272
31.4887
29.956
41.7935
34.2141
26.4366
34.4696
32.2569
20.9294
31.924
20.0094
28.2804
15.3444
23.4377
26.1335
25.3187
24.3571
31.6389
29.0871
24.7009
19.2607
26.5511
20.9595
26.3511
25.735
21.2855
31.3452
30.3202
38.6412
31.5462
21.3195
29.8444
35.2981
33.7914
31.0991
26.5127
39.0663
33.6678
42.7445
34.3408
28.6274
33.6372
31.4192
39.5504
23.9402
31.8792
29.4792
33.4454
25.64
35.0775
32.0288
25.9002
24.6408
33.4555
26.6609
27.3594
30.9352
28.1135
23.5209
21.4315
20.3801
32.9078
28.2326
33.7569
26.8823
36.6658
27.8033
26.5859
26.6611
36.8865
24.9315
37.1928
26.0451
33.6553
29.591
39.6853
30.6386
31.137
27.4658
38.589
28.2953
41.0036
28.0789
24.7122
30.2639
45.5605
37.3113
32.6831
27.8337
24.9314
38.1482
27.0285
34.1494
27.6486
31.3061
31.0684
24.0019
31.7945
33.6158
38.8282
23.3795
26.0406
31.2603
27.6486
38.2798
29.0624
33.3065
32.495
35.5022
36.6194
33.9102
25.6991
39.5379
35.9385
26.4492
32.6277
35.9143
26.4398
36.1592
23.5404
45.3992
38.263
31.5485
43.4626
33.6099
39.6497
26.2619
38.4344
25.1153
23.8734
34.6862
22.1566
39.3464
37.3445
33.9227
26.7416
30.5296
25.8952
37.0176
23.9063
29.2671
25.9715
31.3096
40.2227
31.4283
32.8243
43.5074
34.3224
26.2648
27.6333
29.4114
24.7716
23.0169
41.727
22.4202
38.9948
36.1484
36.6453
34.0846
34.8847
31.3822
24.4829
33.2598
26.5647
27.6085
38.3581
38.7846
28.2836
22.7292
26.7512
38.1723
28.7247
34.0901
34.2008
38.3733
36.3242
39.519
38.1563
34.6159
30.0484
30.8056
25.5818
34.7943
31.6807
24.5047
27.1977
37.9407
38.629
24.034
46.8735
25.7934
39.994
29.1729
32.2374
31.4993
30.4709
37.5353
24.4778
33.7468
40.1126
26.9817
34.7641
37.8399
39.2266
35.0397
33.2645
31.4573
35.0663
23.6793
37.5407
29.2992
24.5761
28.6194
23.753
23.4361
36.1805
27.5049
24.3778
21.6745
34.5099
48.0677
36.6893
25.3002
35.227
31.8164
40.9469
25.27
23.188
24.3106
34.2036
27.4475
43.8194
43.8391
35.6326
37.1233
40.169
35.0357
39.5248
40.339
31.2483
38.6091
35.9741
34.5254
39.3798
48.1788
34.9114
37.2001
37.3917
28.4235
22.4896
29.8055
38.8983
44.0709
37.7524
39.1772
25.6933
27.4579
32.6176
29.3207
34.8506
21.6665
36.2594
26.782
35.0716
22.4761
25.7034
23.4551
38.3783
24.2771
26.944
31.6304
36.7272
23.0872
29.0725
24.94
42.9976
33.5624
32.1067
26.6114
31.1097
44.5036
48.1688
41.391
36.6064
33.0757
34.9739
37.9127
45.1276
38.8317
40.114
39.0534
33.2545
38.9746
35.1865
33.3344
31.2983
28.9499
25.9885
35.3819
35.7458
31.8219
29.9761
36.8591
38.3855
33.1879
26.9947
30.4625
22.5796
34.8698
35.1637
27.9805
24.9432
22.896
29.6151
33.4052
27.7439
34.2988
22.237
26.0513
41.2595
31.8537
38.3826
29.4385
35.0605
24.5755
43.8075
38.4495
29.9191
25.6571
36.6422
23.6359
37.41
31.2603
34.376
26.2745
32.8315
37.249
39.5605
31.4983
37.8007
33.7506
31.1925
26.1696
34.7964
51.1942
28.7724
25.3939
31.034
31.9321
30.139
38.1758
39.1446
29.9556
43.6752
31.6504
38.9919
25.8265
36.7782
26.374
30.649
31.4345
41.8272
26.9611
27.0371
26.1918
49.2443
43.8219
38.1653
32.4702
35.0049
24.7494
40.9945
37.6139
42.2978
32.5528
28.8409
29.3668
51.4332
40.8236
27.8789
34.5202
40.3239
41.0063
29.2472
34.2857
38.097
28.2515
41.1062
29.6541
33.8193
48.1306
25.6398
34.0711
35.6496
33.7678
31.4837
39.5377
41.4055
20.2542
35.2669
26.316
37.8082
29.9105
43.8057
25.5109
25.6937
34.2068
35.7912
23.8482
32.1634
28.8823
45.302
38.0297
36.327
22.6778
30.7817
34.8932
39.7146
32.7444
36.6489
26.74
33.7482
30.1137
29.7985
24.8996
24.6306
39.9678
37.7415
26.3342
37.7429
27.8378
37.1749
23.24
28.2988
38.1194
35.1227
29.0727
26.6666
47.7482
27.314
30.7577
39.2066
28.6717
35.2097
44.4134
25.7304
43.9027
33.4878
27.2282
43.2732
34.5969
41.0524
52.6735
29.2174
30.4769
39.3336
27.6397
35.3642
29.09
31.8721
26.226
36.2384
28.4359
33.5382
31.3829
24.5339
24.9969
40.0135
25.2247
35.951
36.0633
43.6175
27.7192
26.5683
36.2827
25.1545
34.0168
35.7558
36.4481
38.9134
28.0263
51.1792
25.9975
30.0871
25.9807
21.8543
32.1939
30.9677
32.9929
26.0356
37.7827
40.1956
33.7663
33.7429
31.248
37.6195
32.5635
39.2854
37.2694
32.7709
30.2864
31.271
26.417
30.0131
29.5332
28.1279
27.7081
40.0124
33.2811
36.8109
38.4127
28.7539
41.2936
38.4234
25.8665
41.856
36.2393
36.3409
43.2573
28.7352
29.2097
21.6638
26.071
28.6617
24.1169
34.3632
24.8921
40.9617
41.0493
30.1926
33.2741
30.7467
46.4574
32.7546
36.389
37.9532
33.7532
35.6464
43.802
38.2054
37.509
25.0207
30.9308
44.2751
31.6062
33.2357
24.2898
28.3226
36.1975
37.367
27.5806
33.1354
26.3341
41.2653
32.7176
28.1313
28.4041
32.4058
21.1347
29.0893
29.4845
35.0463
21.5414
31.5008
17.7464
25.16
19.0547
36.3566
23.595
35.3196
29.5484
27.0882
27.5306
20.9823
20.5743
23.8011
27.2109
30.8298
28.0092
35.2361
25.9244
20.9091
22.326
22.8605
27.8477
27.4036
25.8472
27.1817
26.9297
27.3415
20.8774
31.9194
33.2348
18.0995
27.5642
30.915
24.6993
20.7051
23.3591
28.3386
30.2953
28.8817
22.803
30.5089
18.8042
28.2233
15.7306
17.8165
19.2311
17.681
21.4795
26.0687
30.5436
26.1461
27.5634
29.2828
31.7095
39.2393
31.6342
31.0933
26.3597
20.56
34.4211
23.0381
25.1918
27.7324
35.4345
34.0753
31.493
24.6659
26.4154
31.5364
32.2393
29.3024
27.2469
24.931
29.812
34.3821
29.6215
42.8098
28.7763
22.6752
29.5113
26.1693
32.0562
30.375
23.5234
29.504
25.8843
24.8719
28.1451
22.7562
22.6104
24.696
30.0281
16.5277
15.1402
22.835
25.6746
28.4498
21.2251
17.7262
18.65
27.3482
15.3186
20.4228
18.1646
25.4471
22.061
22.1399
18.9833
24.1812
24.3087
24.9076
16.5526
28.7489
21.1843
17.2934
18.4555
20.5845
21.6516
23.8857
18.5751
27.4272
25.8377
28.5422
17.3184
24.5153
21.4254
25.8563
16.7258
29.6705
16.0475
24.4807
26.0006
34.5827
23.2149
27.195
22.6391
26.2765
22.4811
23.1169
21.0239
29.9452
21.7666
32.5329
21.0374
27.6405
18.5893
22.8664
27.3939
36.2833
34.9889
21.3365
16.6933
27.5277
29.09
30.6097
16.0913
30.9916
18.4614
26.2178
17.3115
30.2735
26.9732
26.1873
32.3394
25.8199
17.8964
29.2275
21.2564
19.5705
28.8015
17.2564
17.8648
25.7393
28.0591
17.5913
33.2026
31.1733
23.6
21.5565
27.3472
30.5199
23.0619
18.1829
23.5341
27.5959
18.7531
28.8484
19.3
29.7405
24.6535
18.4465
22.972
22.2379
24.0591
26.5742
16.3324
26.466
22.998
27.1844
18.1434
20.7836
20.8905
24.9338
26.0549
20.8689
25.6073
29.1027
30.3456
31.355
32.0386
28.0826
31.2881
38.9395
27.7197
23.9684
35.3681
23.3055
30.7634
25.3648
36.9773
30.8545
22.122
21.4252
33.0827
30.7102
30.9481
30.5865
32.577
26.6876
31.5188
24.2665
19.4563
24.517
31.4862
34.7173
27.8483
25.5945
26.458
32.7561
25.0971
33.875
19.215
28.9165
32.4275
31.1346
18.1952
26.4567
23.2305
18.9502
19.8737
29.2153
20.1201
26.526
19.0743
23.0738
28.3281
29.525
21.9371
27.6402
32.8776
31.9275
23.6952
20.0525
27.1463
19.8489
35.9113
32.2466
22.5055
32.836
25.7436
20.9787
25.3762
30.3135
18.1075
24.5334
25.8942
24.0294
26.4967
32.988
27.2637
17.7217
28.9539
27.5244
29.3074
21.383
17.2915
27.7425
31.7459
33.61
26.1105
34.2445
25.0797
24.8911
30.4443
33.2425
21.1542
24.2638
18.1487
28.6217
20.4412
29.043
31.6588
28.0164
27.0509
26.2453
39.6403
21.6229
26.9536
27.2136
33.079
35.4319
35.1229
24.17
37.559
29.5897
20.697
29.7295
30.3347
34.6073
34.3385
26.8705
29.1163
32.4666
27.7467
20.2577
31.6422
22.6363
33.7749
40.5415
22.9255
27.5104
20.1178
30.5944
26.9353
30.1329
23.9363
35.1665
33.3299
24.8269
27.2139
36.0525
24.6277
28.6606
19.245
19.894
16.1551
22.7739
22.0013
17.8438
23.4747
16.6862
23.2632
19.9741
18.9098
28.1727
27.165
29.8121
17.4806
25.1988
27.1948
28.3271
20.4113
24.6749
21.2435
34.241
23.5355
28.235
23.5499
29.9223
28.2165
31.0961
33.6221
30.1287
25.3279
28.8488
40.3115
32.0318
32.374
28.3693
23.4946
36.1812
25.6335
30.0627
34.5022
26.7481
27.5512
29.9313
37.3669
35.3899
36.6447
23.6313
22.1258
29.4662
23.0485
32.6918
23.2076
20.4969
32.2011
24.7928
30.9771
32.9841
26.4486
36.0771
28.9559
29.5325
25.9413
33.1846
33.5136
29.9267
21.1801
30.4789
33.274
33.1706
29.9042
21.6834
23.035
35.1465
33.3993
25.4906
29.8162
33.0892
29.7126
30.6791
23.6497
21.6313
32.2252
25.4639
22.1877
28.6614
24.6298
17.3785
29.8403
34.893
21.5708
32.0016
29.5618
26.9461
23.0692
20.0187
28.9436
31.3729
20.7077
26.5657
23.0407
26.5524
25.0656
16.8986
21.1734
20.63
21.9796
25.3033
23.3777
21.6227
23.0467
26.9145
21.9698
28.4556
18.7317
33.5877
18.2235
27.7257
32.9358
28.5331
28.7922
29.2758
19.7455
25.5618
27.5891
21.6101
28.1311
27.9423
18.2264
17.5487
23.8553
26.9588
18.1246
24.5406
26.6223
27.9211
27.8516
30.3328
19.8253
20.0757
19.2232
27.3633
16.1788
25.8614
15.3738
33.0102
17.7653
30.9998
27.184
24.8011
25.1621
26.7582
23.1189
27.5856
19.8001
29.871
26.3918
28.7925
26.3527
20.0518
24.9618
16.4013
31.003
31.0485
28.937
27.7338
22.4072
25.3336
31.7074
26.9135
31.3972
27.364
33.1033
34.2027
29.155
31.4927
27.4963
27.7427
19.9247
27.713
28.4588
27.9478
32.2182
28.7533
24.7409
35.0459
28.7053
19.4235
38.0593
30.4093
26.5721
27.2131
25.6843
27.8404
29.2493
31.1843
34.9697
32.7537
29.1372
24.2063
29.9186
27.1791
16.9936
30.9754
25.9477
15.2476
22.9867
27.3621
18.3077
25.1491
16.6039
24.6574
14.5517
24.9779
27.7454
17.389
14.7108
24.8827
25.9244
31.0032
18.556
27.9045
18.3745
27.857
23.5514
16.7253
22.4656
32.4204
33.1594
29.315
23.4135
24.5673
24.395
23.8311
26.253
30.685
14.8232
28.8619
22.8216
28.4743
29.3447
18.6064
25.6714
26.114
22.7159
25.9127
33.6977
37.0065
34.2535
25.3956
27.0767
20.8985
22.2837
30.046
30.952
33.4109
31.2383
29.8359
22.6252
25.616
19.0512
27.5454
34.9151
25.9611
32.4296
26.5965
32.5626
34.0804
30.3055
28.5898
36.0664
32.2546
27.4482
22.4224
24.546
22.8986
23.141
28.0497
25.5241
19.7292
33.3517
34.1121
37.9936
18.7914
20.1787
24.6216
25.4912
34.1213
22.422
23.1541
25.7577
28.5764
32.2618
26.7911
25.2678
27.0164
24.496
33.2773
23.1601
23.2779
16.3278
29.1801
27.4321
27.3885
21.1595
15.1625
17.1229
25.3606
18.3691
15.5195
14.6937
23.5299
14.0842
17.7871
19.903
12.725
15.6411
14.7886
16.533
14.8065
17.5234
23.6926
20.0697
22.4608
27.974
20.5113
23.1424
18.6342
25.1962
18.2453
20.4646
21.8187
14.7065
21.0631
21.5569
31.6431
25.9931
20.4138
24.3362
29.1511
28.6796
28.3703
32.1536
30.3108
30.0023
36.2309
29.5245
31.5374
20.046
29.8116
25.2483
28.0565
26.5644
31.0251
27.2577
34.2812
20.4442
22.0261
31.7858
38.06
18.5345
16.5475
21.0504
31.1766
33.9456
25.6228
27.4876
17.6502
30.3298
28.7679
26.8157
29.1214
18.2705
34.3386
29.6578
25.4957
20.0105
39.3171
35.5052
38.8246
38.5254
28.4439
30.7611
34.3661
33.7942
41.3866
28.4306
35.3862
35.649
35.4245
36.9338
37.8031
34.3935
29.5525
24.8105
27.1507
29.7755
47.3454
51.4221
38.8452
30.3533
38.7761
37.8914
31.4319
23.0075
34.5531
25.005
35.767
24.9771
32.0609
22.7626
33.171
25.0394
36.9436
37.9125
25.2781
37.6066
31.9577
22.2802
29.5391
39.4251
38.1018
34.2453
22.7208
31.4194
41.075
35.7227
35.9804
22.9512
26.3526
34.9252
35.7352
39.5212
37.926
39.823
40.9313
42.485
39.8698
37.137
37.8128
41.0638
25.0397
38.7972
37.3176
35.0798
41.6399
36.7153
41.3582
36.1378
32.4812
39.2524
22.6123
21.7066
34.4971
22.2946
37.7554
32.4241
26.712
34.1989
27.7929
34.8741
33.4446
26.5151
35.4427
26.1328
37.1869
34.1374
39.6878
45.936
35.2102
28.3487
37.0925
31.19
32.9793
35.1861
37.6668
31.1349
37.696
40.0563
42.9283
39.1103
25.3034
32.2963
43.3807
37.7144
37.9274
43.3884
39.9264
30.2621
31.656
27.9917
53.8424
29.6467
39.6805
25.5188
31.6007
27.2456
38.6236
30.15
46.7828
33.6576
37.8036
42.7846
25.4047
23.1711
29.0757
27.9117
25.0654
23.4451
33.4704
31.4843
38.947
32.4869
37.7459
29.6997
45.4273
41.7182
29.8742
36.9505
32.0079
33.6926
31.99
24.3103
27.5445
22.3896
31.6763
29.1333
27.1246
21.1526
27.1341
30.4955
24.0712
27.3819
34.4501
29.746
41.6022
22.4032
29.2477
32.9775
37.9946
32.5688
38.5013
37.8265
37.1094
44.6125
32.4129
28.3691
40.7692
26.0077
23.3614
39.6172
24.2997
35.7871
26.8154
31.0129
29.8004
28.6686
37.813
26.1087
33.3572
25.4446
43.0115
25.786
49.9526
37.291
30.6682
24.2885
26.4497
43.0891
37.7436
28.2211
35.2844
32.789
27.0435
34.5186
27.2506
30.8738
39.2476
33.6779
32.2723
27.6143
34.4943
40.6234
38.6836
30.6876
50.2211
44.2164
40.2524
32.0694
31.0154
43.5582
32.4535
27.8201
38.3
40.0926
30.2593
28.9833
38.7064
40.4233
41.1632
50.4447
34.5208
35.9679
25.524
38.6389
37.6601
29.6321
30.7781
40.199
48.859
29.232
43.8904
24.471
34.2321
33.4338
36.4324
23.7288
39.7979
29.658
29.103
25.5955
37.6599
29.7422
42.5625
29.7496
32.4353
35.4789
38.6494
37.2086
34.1671
24.4573
42.8213
38.7167
38.8985
41.1516
38.1036
26.361
25.7616
32.8153
41.063
32.9558
28.109
29.4968
34.7776
40.5955
32.7172
36.8098
43.3704
30.1079
45.1044
35.0625
28.5395
36.4278
45.5635
25.7617
21.746
21.4519
22.1851
22.752
21.4435
25.178
37.36
35.8957
32.5978
27.9544
29.2191
28.9365
29.382
26.949
25.1114
33.7278
31.5786
28.5071
32.2113
28.9034
42.0329
37.169
30.992
27.6412
37.0483
34.5769
39.1885
29.8748
25.9167
33.4856
33.4061
32.2441
35.9499
34.4217
37.8276
25.2928
32.5538
25.4337
36.7169
27.1414
38.4857
39.7602
45.5044
30.4357
34.2225
22.4504
35.7001
36.8798
47.6638
32.1727
32.5212
29.5763
30.8653
21.4904
34.3329
25.0468
20.7576
42.0844
27.1486
31.0985
41.2622
21.7377
36.9311
25.0663
31.6871
36.9838
24.4418
37.2953
40.5018
25.7391
39.2883
22.0615
30.7134
24.5417
35.0335
26.3732
39.4824
24.514
28.4768
26.3043
33.6489
36.1606
34.4567
29.6657
31.0215
34.9238
42.9744
36.9153
39.4916
24.5241
34.7929
27.0623
39.5625
39.7624
30.7711
31.7763
25.5395
40.4221
46.2661
26.8092
28.974
39.451
41.4626
40.8139
35.1775
27.2853
25.7959
36.2174
34.6413
23.0354
24.325
37.0062
32.5016
31.3735
22.1393
32.0328
28.6488
26.1439
35.411
36.5335
38.6567
26.1457
42.5736
25.4374
35.9622
22.7154
29.6887
34.6017
31.0511
30.359
38.2129
31.1852
43.621
29.0542
48.3898
31.7834
37.157
36.4963
36.4835
26.2689
39.8976
40.9652
47.3333
45.2562
37.1237
27.6064
28.8404
29.6572
36.1091
39.044
39.4112
27.3371
40.5255
27.8783
39.1903
40.1914
31.6361
42.6452
41.1127
34.2578
46.3314
37.5207
43.2448
33.0903
35.1605
29.2224
26.9921
24.2033
29.1547
34.2953
31.9883
46.0695
33.6472
39.7621
47.0778
49.3934
28.7853
24.8606
36.5446
24.1049
43.8103
30.8188
28.0175
20.1954
39.9259
40.6918
39.22
26.9011
36.1037
27.7989
44.9976
32.9981
42.1516
27.8067
33.88
35.0366
34.1021
25.3677
34.9734
39.8886
37.6586
25.1373
27.9835
24.8121
33.9394
22.0918
32.7916
21.4555
29.3095
32.4673
29.7824
27.1452
36.2698
27.2187
34.1237
25.8915
37.6542
25.3598
29.0122
23.6467
31.3702
32.186
30.7743
28.2635
24.2287
40.53
33.9085
40.4214
30.277
28.8288
34.644
36.3336
32.9706
31.2817
28.2716
26.4388
25.0859
46.0059
45.808
25.5314
24.2151
35.7753
39.0161
32.0732
37.7336
27.749
22.7675
36.6814
28.7497
33.372
22.3152
29.3068
26.0729
33.3836
21.4214
36.4077
32.6071
21.6777
22.5769
29.6084
34.0049
33.1529
38.7857
30.4935
34.6266
39.6313
37.3022
26.9094
33.2917
34.0176
27.7275
30.1756
39.6508
39.4569
37.5551
19.7478
34.676
42.0863
36.5938
21.4649
37.8833
22.2972
29.6157
26.0742
39.0206
23.3092
25.6897
26.1352
34.3898
28.6652
38.0082
28.7764
47.7665
31.8256
31.1415
27.8856
22.9262
28.1876
35.0453
30.228
34.7167
35.8261
22.099
19.5045
26.1223
30.592
22.552
18.2793
34.9163
19.0704
30.8427
37.1942
26.3643
32.7667
29.9847
20.702
27.2279
29.6521
30.7101
31.382
29.3565
31.2994
17.837
20.7807
35.6353
25.0364
30.7641
30.1838
33.6031
21.0742
19.5273
38.4679
21.8062
36.1893
29.742
29.9036
26.5234
24.7898
31.3871
31.2202
25.6464
34.7493
24.6281
39.0615
33.3934
21.638
32.9256
31.1405
21.05
26.4836
28.2867
25.4998
39.1751
34.9466
25.6488
33.7664
32.8501
21.4806
30.8035
34.5141
35.141
30.0231
29.4179
20.6002
38.0371
28.7825
31.9516
31.0694
34.0858
23.8837
36.7631
41.6603
37.2296
36.0339
34.359
26.4642
35.9025
42.3584
36.7031
36.248
27.3438
24.8903
36.4149
28.6106
36.6966
33.7762
33.7759
32.3273
28.2203
32.2321
40.2104
25.0841
43.9106
38.9926
28.0322
27.408
36.8265
36.3645
30.3997
36.6156
36.372
40.4161
31.8421
30.3693
45.8044
32.5907
35.8653
25.1774
20.6812
36.2212
31.0852
29.1551
34.7965
42.1064
37.5104
41.6264
39.7206
35.9676
38.1606
27.7904
46.2968
35.9882
40.8224
34.1846
28.8924
25.7409
38.9694
36.6481
36.4123
29.2794
29.8464
29.9899
36.6102
41.2738
38.6412
32.5237
37.5584
25.3755
34.5375
38.785
42.8955
37.2398
41.1188
35.8102
39.9594
24.3507
20.8131
36.0778
37.0006
35.0561
34.857
34.632
31.293
41.8607
28.2163
34.1706
36.6431
38.782
30.5918
24.918
24.2327
29.2324
43.8759
28.1776
35.758
35.5707
40.4738
44.8205
33.1685
34.8031
26.0942
47.5479
37.1709
33.1061
36.7228
32.9327
27.6706
30.4173
26.6839
27.3967
26.4604
33.3078
37.3909
49.2033
30.8824
33.2496
39.0666
25.4438
34.4394
43.3259
27.4293
39.9654
41.5515
27.3288
38.6787
33.7388
43.9989
38.5635
33.4029
33.6329
39.8177
47.1266
43.4945
31.7932
41.9422
32.4056
34.376
35.5739
32.0142
28.3166
42.2836
27.2228
35.9849
30.5552
36.9395
38.0024
47.8458
23.4017
28.9414
37.3318
29.4446
46.7353
31.6173
32.9521
26.9116
34.3046
26.0648
42.4006
38.0075
37.4866
34.8844
28.065
41.0049
30.7346
39.8714
27.2906
39.2395
29.5624
42.0149
37.5148
40.3749
28.2845
41.7376
37.3124
30.0467
32.2478
38.1341
29.8419
24.8291
37.6664
26.6795
37.0305
28.4214
29.8345
39.2608
37.1299
44.4514
31.1693
34.5038
33.0837
39.623
32.1989
39.3576
33.5841
44.7623
39.8845
36.6727
45.7014
26.837
37.3698
32.53
33.9329
35.8747
31.4337
41.0615
46.3818
37.1291
37.9114
39.5166
39.4951
36.7586
27.3254
40.4068
31.2267
32.4736
31.8511
33.2139
41.6615
44.0972
29.6016
38.5657
25.2651
45.3392
27.2877
36.1526
41.8331
46.27
32.4068
41.5937
39.3802
24.029
35.319
30.9338
27.2675
30.3003
31.0445
24.4773
25.5173
34.3166
26.9435
31.9908
23.6037
39.3532
38.4397
37.9295
28.6637
36.6875
23.2435
24.0922
33.092
47.7912
40.893
25.6727
37.9764
32.0363
34.9517
33.0017
22.6597
24.0159
33.6148
26.0008
24.6044
35.6376
37.9899
35.9577
38.1807
40.1232
27.9781
39.0616
41.3702
30.3
36.3631
39.1567
40.2026
29.7414
26.4538
24.6238
29.0732
36.1768
37.09
37.1614
29.8924
44.0227
26.2151
53.0251
42.5419
34.1188
27.809
22.5697
38.1288
29.5968
34.0364
39.0862
22.029
33.4243
26.8161
28.5441
33.6075
27.3386
20.8257
28.5987
32.4027
21.545
25.747
32.4049
27.3105
31.6315
28.877
23.7023
21.4532
28.049
30.5071
30.2827
20.2004
26.3612
24.5331
20.1712
31.4939
24.8558
16.2973
26.6298
16.3616
26.564
16.2785
31.157
24.7078
26.4143
22.5497
25.3346
24.9921
26.3521
29.0556
24.4307
24.0198
24.6566
23.5322
27.4213
29.8483
21.7775
31.08
27.8702
28.6892
22.505
29.2057
26.1736
32.5767
30.5653
28.3519
30.2151
30.9553
24.887
25.4226
18.3005
26.4616
15.7489
24.6079
26.9871
28.6685
30.875
28.8501
22.6215
29.5506
37.8377
43.1726
32.3922
30.8147
20.646
37.342
29.1573
39.6922
34.4333
41.0883
40.9686
21.0516
21.662
32.3516
31.7183
26.509
37.204
24.5219
29.5123
18.2743
29.2622
23.9312
23.6466
21.2869
23.0048
25.8138
35.7621
31.5334
30.5799
25.0074
21.2991
19.9851
29.9154
20.2138
30.6794
19.6658
27.1928
26.5532
31.5089
27.5608
31.2912
29.2802
26.6557
28.5063
34.4458
29.5738
20.9351
32.3076
30.4696
26.8111
36.3935
30.1178
35.8031
25.8672
32.4212
28.161
28.105
21.52
31.5733
37.9704
35.2374
24.3571
30.1245
28.6958
33.3359
22.0951
28.8721
24.6327
24.2713
36.1965
35.1242
43.2583
34.016
26.7613
21.4833
34.3591
26.9633
30.5689
31.6367
32.423
37.2552
31.4878
28.339
33.8006
27.861
33.2757
38.3197
24.7938
39.3627
30.5178
30.4439
36.1792
30.6586
32.0895
35.0998
31.6244
35.9897
22.8202
34.1114
35.1462
24.13
24.1395
33.0306
31.3963
28.1681
29.0998
21.0767
31.3821
24.6279
32.9159
18.2578
28.2298
19.3643
25.5191
37.9505
39.5484
41.6902
33.8403
29.0324
24.0082
35.7498
28.0964
24.7452
22.2007
21.8337
21.5433
32.0264
30.2702
33.1783
27.9287
31.8366
31.9105
23.0369
35.31
30.3189
24.8586
35.2987
22.2877
36.7402
34.7711
26.4378
27.4838
19.2852
34.0674
39.5016
29.042
24.2208
41.0864
30.1351
25.0853
34.5006
28.2155
21.2825
36.1969
39.0183
23.8588
35.6645
34.6988
22.1342
27.9416
29.0527
18.6069
29.9291
23.1577
25.6505
20.3324
20.4628
17.3296
32.412
24.7797
35.1299
34.2792
22.9402
18.259
28.3316
25.0636
38.0371
27.2587
19.5074
19.6805
28.8779
24.614
35.1666
25.1537
29.025
34.7077
27.6192
31.9471
21.3754
21.462
18.4338
30.366
39.084
38.2651
34.1399
32.0784
18.6945
27.0873
28.1734
28.9166
33.8946
31.3904
31.3129
37.1081
33.0511
25.9605
32.2699
34.2832
18.166
18.5518
29.8347
26.4285
26.0316
22.1566
21.3373
31.8151
23.4742
33.2293
27.1998
35.2337
25.0114
21.9351
22.4732
23.5565
25.016
29.2254
18.7103
36.7337
33.286
22.1152
22.7665
27.8623
31.5542
27.9754
40.7416
27.0665
27.6818
31.8049
31.1809
31.3573
25.2076
43.5169
38.4279
25.811
18.5056
24.7587
24.6489
24.5899
32.5517
32.2339
33.8504
34.4824
28.4843
34.887
20.6888
28.6395
26.5424
41.4941
31.3573
25.1472
31.763
42.7776
31.7474
30.299
33.604
27.4549
23.1828
29.0742
25.4501
30.3709
28.8573
18.1228
26.1823
18.4161
24.4197
28.2019
25.4319
25.7888
16.063
19.0559
16.06
21.2579
27.0997
15.4845
26.8411
18.0647
31.4528
26.0425
24.4567
17.2423
19.6023
18.3809
22.6357
17.685
18.631
25.9346
19.3123
29.5004
32.077
29.3882
31.0266
27.9124
21.66
16.7011
24.654
29.2444
26.7458
27.2307
29.0274
38.1905
32.2488
25.9896
27.9686
21.6644
32.5318
21.4922
26.3048
26.172
25.292
23.0555
22.994
19.9965
26.7627
26.591
26.4873
36.5544
27.4782
31.8213
18.6179
30.6227
33.4282
23.821
21.3411
29.1677
15.8102
31.298
30.7165
28.0058
22.6204
24.4248
15.0047
33.8698
27.6507
24.0384
27.6125
26.0329
28.1815
29.914
23.6095
22.4981
22.816
30.0219
34.9169
34.5074
30.1623
23.605
34.8604
20.8363
22.5685
31.0204
30.7788
23.3431
28.9007
22.8771
22.1132
20.0401
19.6212
24.9809
22.8208
27.7415
20.7548
22.0772
25.2295
29.3894
21.592
19.8827
20.4108
25.631
19.331
26.6858
27.2861
21.4168
32.0617
24.8208
31.4939
29.5802
28.5084
25.6303
26.2383
28.5843
39.5647
33.7325
24.7577
25.1997
23.8863
25.5263
27.8431
23.2134
25.8449
27.299
26.7263
34.3996
19.4815
27.6024
34.8266
34.2126
39.4216
30.4235
33.9548
34.3385
34.9435
29.0298
29.4469
24.6723
28.6001
21.0983
22.8186
15.2538
24.4368
26.4117
28.7077
28.6843
23.9401
29.796
26.7642
25.9044
28.8843
27.1002
24.0502
24.97
28.0361
34.3442
27.9064
34.0619
36.867
29.0191
36.5421
28.4725
22.2941
29.7873
24.7027
29.5039
26.9082
24.6545
33.4992
28.5612
24.6729
24.4643
29.1786
37.1261
26.8602
21.6258
29.1563
29.3295
31.9968
18.9507
31.0984
33.0791
30.7334
36.3922
28.3718
37.7718
28.1109
25.0231
18.693
17.792
28.7544
27.1522
26.1868
16.5663
23.7645
21.3929
19.0637
26.6771
23.4721
24.3297
31.6691
25.775
24.216
32.318
19.2071
25.5606
32.1097
21.533
29.8109
20.6508
27.6865
31.2935
36.7365
30.2642
25.9975
23.4634
35.7296
24.4442
25.5798
33.0752
30.6201
31.9529
26.6476
36.5866
27.6696
26.7443
25.1261
26.076
26.7711
26.404
35.9543
40.3076
40.5175
36.1273
35.146
33.8909
30.2289
28.9565
30.1762
21.1034
32.977
37.2667
24.0205
26.5308
32.9628
35.6313
32.0205
25.9298
36.2348
24.9664
34.1319
23.6262
23.0408
35.2404
35.2001
33.8043
31.3785
22.4679
26.6908
41.5776
36.8999
21.35
16.8737
38.636
29.7135
25.361
25.9989
29.8953
30.2235
25.9673
34.3665
23.9193
19.5631
29.5781
32.4325
34.712
31.205
35.8694
30.5076
26.6541
24.2881
28.9318
25.7622
29.9522
33.4538
28.0042
34.1451
23.5983
29.2429
24.2772
23.2596
18.0777
30.0156
20.5509
31.147
23.8141
29.0105
20.5637
28.4294
29.9551
31.7697
40.4269
27.272
32.8782
29.7697
23.1702
29.5255
24.8193
29.3027
32.406
21.9736
25.2003
20.9244
37.7748
31.2766
27.3306
28.4829
31.9555
36.8626
41.29
34.989
28.275
27.1229
42.1877
32.7547
34.8467
25.5908
39.2601
32.4874
35.7761
24.1453
27.0787
28.1205
44.563
29.8844
28.8973
37.4428
43.7695
30.7598
23.6095
31.3508
20.0407
31.186
27.7284
29.3032
22.3908
25.0605
24.9616
19.7954
28.5949
34.0041
22.5838
30.7839
25.831
33.6024
30.9591
32.7462
26.0158
28.8137
39.9489
39.9585
24.2496
31.0967
27.896
25.7528
23.3894
29.7303
23.7862
30.532
30.5767
30.8066
22.6275
33.1536
31.6016
38.6272
33.3103
36.408
31.4371
30.7668
27.6599
30.3357
25.5601
31.2726
33.1656
32.6629
34.9861
28.4933
21.9211
29.8228
31.6545
24.9969
29.5319
33.7921
28.3749
25.5637
17.063
27.4911
26.1569
31.4862
31.1477
29.7715
27.1123
28.5673
30.3619
30.1189
27.7274
29.9273
23.7128
37.0309
31.2243
33.1506
27.8486
26.3668
24.3787
31.8576
35.2787
26.01
26.2924
23.7447
20.0888
21.2751
25.9402
23.1152
27.6224
30.0203
31.7752
23.6385
29.2397
20.0133
31.7109
28.0836
26.4222
31.7457
37.9269
34.3767
28.8142
30.0442
25.0473
25.3973
17.5115
26.3431
23.5426
18.1544
21.4081
21.1869
16.9491
24.8386
32.7754
30.5875
27.1773
27.3181
32.0818
37.5201
37.5662
32.8913
30.1481
31.5506
19.3974
30.1657
30.6068
15.8227
32.4596
30.8064
39.9555
32.0752
25.9699
21.7967
17.9956
25.0785
19.4407
30.3287
41.3487
23.2464
29.6827
26.1206
33.3995
27.8304
32.2568
27.3493
24.5033
21.8833
22.6376
33.365
21.6117
29.1056
15.0719
24.4466
29.5475
19.2066
23.6806
15.8748
28.2379
33.721
28.0945
34.8922
16.881
17.5314
16.9047
17.3373
22.0785
28.1595
35.4793
30.1549
23.8928
24.7432
23.8244
29.1898
33.5862
30.4845
23.5987
17.0671
35.5862
25.3691
32.8179
25.1388
34.0709
31.5788
34.9307
26.5658
25.9415
26.0311
24.3694
28.2913
42.8756
37.7212
24.7969
17.8356
23.1003
35.9923
16.6701
27.6113
22.2017
31.288
19.9484
36.9175
25.2433
29.2764
22.8714
18.8126
27.3442
18.2147
28.0251
23.7576
20.7417
18.9463
21.6258
27.0529
22.8316
29.1422
30.7184
31.9112
27.4209
25.6872
23.902
24.992
24.4621
16.5762
27.9724
29.8764
25.1767
26.9254
23.9919
28.9091
30.9704
31.2065
38.0171
31.0407
16.5707
22.2872
20.6179
29.8103
34.401
39.2842
27.2528
20.4356
34.4497
29.7726
33.1368
41.4466
32.1389
21.1006
31.0194
19.8035
28.6989
29.7136
21.953
30.9439
22.1211
23.1178
25.0716
30.3265
19.282
28.0032
20.4606
36.3045
22.79
24.3881
32.2168
28.2832
24.957
21.3247
18.4082
26.8477
34.9313
29.5806
27.4062
23.9039
21.8234
23.3779
25.8898
23.0344
20.4003
23.7079
30.572
29.3287
25.5796
30.0893
29.1414
24.3012
26.5142
31.2574
31.5293
21.5948
38.4089
31.7833
21.6389
34.2313
26.6002
22.6592
31.1043
24.5043
27.2055
27.3
33.302
29.9358
18.1411
26.0012
19.4996
18.3379
14.7799
23.8548
24.4023
22.9897
19.5894
27.5554
16.6702
21.8257
26.0633
28.7409
36.5191
23.6591
24.0901
30.7085
17.6146
26.5695
22.7775
27.5965
23.5464
28.8714
30.2283
31.7269
25.2634
28.4387
35.4262
28.7469
27.0401
32.498
29.8492
27.3203
26.153
32.2101
22.8803
30.2919
33.9807
30.3857
31.3405
27.0887
23.6395
26.26
30.8985
25.9989
24.8777
41.1693
25.4911
29.5793
25.207
15.5048
20.5442
27.2428
22.9609
24.2662
17.5072
25.8446
17.0692
20.4288
20.1433
24.3437
31.5094
23.7251
29.0246
28.1871
31.3699
19.3172
30.9405
26.264
18.7069
24.2353
29.7532
21.2807
22.4478
27.4129
26.6281
30.1659
28.2284
24.8945
26.7989
28.4817
24.9068
18.7567
29.5732
20.7129
29.6305
27.1744
29.4624
30.1877
31.1121
33.5775
26.2058
21.1041
23.9926
24.4809
28.9732
33.3391
29.1574
30.5307
25.108
27.1108
24.027
30.1756
18.7833
16.0509
19.4942
23.8452
18.7083
24.2114
24.602
28.0796
20.4256
29.0524
20.8131
32.2236
31.9239
35.0786
28.6866
25.6794
29.8913
27.6347
20.9552
25.3805
28.8591
36.9859
18.0426
33.6668
24.8777
21.1776
27.8991
27.057
26.4727
24.1362
26.55
27.2961
20.0792
28.3587
22.3059
29.3367
35.2345
25.5831
27.5054
27.4561
28.8833
27.3844
16.0028
22.7193
32.6961
28.044
23.1198
21.9877
16.7561
23.0252
23.6709
24.215
21.1587
19.8665
18.0085
30.7501
17.9985
24.6155
15.3423
28.1392
21.1652
25.5105
26.0285
23.7175
33.471
26.0324
22.1187
26.3773
27.4946
32.402
28.2179
18.6629
27.2716
23.44
24.17
26.9453
29.9763
29.8906
30.2679
22.8168
24.5389
28.7319
23.0718
29.2795
18.7878
22.7072
24.0343
25.1759
26.4312
27.2082
24.2386
26.9431
29.8797
27.7246
31.1488
24.8458
19.2527
14.0297
16.5684
19.3971
23.3464
34.3452
25.1768
16.0453
23.3684
16.3902
21.9063
26.2852
22.262
29.6348
18.8376
26.7059
20.0875
25.7089
17.0493
25.5876
19.2934
25.6408
25.8989
28.7451
27.2853
28.1467
25.9262
35.5883
29.9186
20.0522
29.0582
28.8078
23.142
29.9535
27.5237
31.3814
21.5913
27.2823
36.3387
25.8134
30.4884
26.3338
24.0498
22.178
37.6889
23.5094
34.1646
30.8054
14.9025
31.7328
26.7792
25.0293
28.7779
24.4964
20.238
24.1975
31.4388
21.8172
25.5796
24.9704
24.5255
19.404
25.6945
19.0232
29.9624
27.5705
23.5407
30.5768
24.4916
31.5852
29.9073
34.3936
29.9977
30.145
23.583
24.266
35.4687
24.4137
28.239
23.3748
29.8173
36.4564
26.9185
25.4575
30.5292
24.0373
29.5393
22.6726
32.7563
30.1212
40.8646
22.1137
25.3507
23.9731
33.7653
31.456
25.6692
25.6741
19.2288
26.7028
25.6527
29.6694
24.5454
31.1429
18.6309
27.2976
23.314
31.9665
28.0072
30.8409
26.9871
35.6464
28.9787
30.2734
19.5532
24.0717
16.9984
40.8549
27.7587
28.295
25.0488
21.359
28.9286
34.3649
31.9546
29.8309
24.7492
31.4623
20.6631
36.8491
25.1056
27.7457
28.9535
26.6487
32.9512
29.2341
33.4807
37.4547
32.3008
26.6871
31.5586
22.6101
20.5307
30.1164
23.2601
28.7326
21.8342
29.1828
33.5349
31.123
16.6236
26.3856
23.6482
36.1003
28.8387
29.0312
29.5104
23.1524
29.1889
32.4264
24.5136
20.8081
20.4024
26.094
26.4033
25.3324
31.7587
29.2838
38.839
39.0016
31.2904
23.7133
32.1568
25.3278
37.9451
32.8266
27.5874
31.8478
25.0132
27.2321
27.4388
28.5902
23.1127
31.9966
35.1674
29.5025
35.7092
35.1546
34.6118
30.9949
24.7498
26.8162
33.2642
30.1748
36.3837
35.2417
26.8231
20.7742
33.8433
40.5375
22.9667
32.3696
22.3611
27.9694
31.7324
30.6855
29.736
42.1791
36.3268
37.3385
18.6966
30.1165
35.7594
22.5466
20.9189
21.8403
37.5003
34.4823
48.434
36.3422
25.6873
33.1268
35.2844
38.2024
40.4718
35.3519
25.4302
25.8412
26.1479
31.774
43.8812
45.7818
38.2735
40.6858
32.0806
46.6821
32.4028
40.38
39.6906
37.8216
25.9708
39.7156
29.2125
42.7119
33.9465
39.1489
40.1868
41.3442
36.623
52.0634
34.5934
33.9497
41.6135
31.1651
34.4276
26.4553
43.2718
38.579
27.9102
36.4922
34.6165
32.2414
24.5349
34.2976
35.8381
30.1858
22.8883
38.7399
35.4277
37.5768
32.9248
33.5202
43.6041
41.292
26.3781
46.3684
22.4591
35.846
49.3365
35.101
24.149
29.4995
38.1438
38.6089
24.6919
26.1857
34.1562
22.9954
34.9251
36.1741
35.2428
39.7785
44.0649
31.6759
34.5341
40.7613
46.7565
28.7559
20.0562
34.6881
23.7336
45.0314
32.7404
31.9322
35.167
25.5903
48.5353
34.3928
26.9497
49.2977
30.8725
28.9688
44.9357
35.5306
34.7002
36.9965
41.5717
26.9166
27.5509
28.9392
28.1017
27.08
42.5497
37.6542
25.5457
28.0145
35.1747
40.9423
27.1188
39.3839
24.4656
30.056
37.4009
42.0667
29.6736
35.2261
24.7385
47.7257
30.2742
46.0962
35.8713
24.1626
49.604
26.8409
41.5503
32.5924
45.6173
36.9839
49.5683
42.5496
36.4508
48.3093
34.2151
33.5009
37.3989
50.0891
27.0815
31.7509
26.609
38.3696
27.843
39.1126
29.1546
36.0856
24.5977
42.209
32.7205
41.6505
38.5259
34.4469
24.7681
31.4405
28.9134
38.2786
41.8452
52.6973
28.4184
42.9919
38.3308
25.7211
37.2549
26.6779
27.0058
27.0276
35.8464
35.6975
37.4813
23.4853
30.7107
27.9062
29.739
25.8403
32.7671
38.2519
35.7073
41.0747
34.8055
40.175
34.2502
41.2752
47.8454
36.694
34.3546
36.5328
39.3163
34.2105
36.9616
37.3412
36.8523
27.0108
35.0117
34.7713
44.4415
41.9352
33.52
23.9045
28.4668
41.4404
27.533
35.021
27.5164
23.496
23.3854
31.8808
36.5796
28.8473
33.7257
40.8336
37.3987
26.7557
35.2749
49.0132
25.5585
39.1773
36.7855
30.4125
34.2292
40.2919
22.4337
40.8421
29.8373
32.5769
33.4338
34.0031
31.6091
37.8603
40.8861
41.0037
42.7241
47.6731
25.3088
37.8001
33.3757
37.6348
31.9685
36.2413
30.7736
36.6625
30.6206
38.4066
27.1009
40.7045
41.0857
21.2465
30.2171
38.0562
27.7981
33.9759
30.2809
23.7468
35.9051
26.0064
33.3496
36.2716
24.0703
36.9288
28.0956
35.8916
28.5158
35.6846
28.3442
33.6682
28.6251
37.0165
34.179
26.6934
35.576
43.8431
36.1011
24.7572
30.149
24.0046
38.9524
39.5027
34.5633
26.4785
28.498
36.2664
30.7109
38.1097
45.1327
35.0126
43.0176
25.3661
22.612
36.0478
37.7724
36.3396
26.4455
24.7785
21.4989
22.5865
36.4546
48.0252
24.3681
35.2546
38.7614
32.5511
36.5021
26.712
32.7447
29.4577
32.3747
47.0466
36.5084
28.3284
30.558
39.82
41.6836
44.6768
43.3043
33.0802
38.8839
41.4027
33.0654
34.0453
29.3591
28.8148
29.857
29.3139
29.6802
29.1466
33.1206
31.8481
29.2918
39.4996
43.376
33.4063
45.5203
43.7558
39.2511
34.0969
38.1165
36.5532
29.8226
27.3279
27.1326
32.029
36.1974
24.3616
25.2546
36.624
28.4858
31.2649
24.8357
21.7576
37.287
37.8305
24.7336
23.1808
21.6371
21.0479
32.4022
40.1769
30.6302
31.1188
24.8368
31.8645
19.3206
23.2823
26.693
22.0951
19.4656
32.9397
30.4173
24.924
36.3106
29.2519
24.0768
31.2287
30.3622
24.837
17.6415
30.8594
33.6032
23.5143
33.3815
32.9617
32.7778
40.2828
23.3795
32.5976
25.0211
36.6739
17.8342
17.6358
20.0171
22.054
35.063
24.8661
14.2134
13.3831
23.5651
27.4692
19.2212
31.5639
30.687
26.1116
17.6708
32.324
27.0229
16.3651
29.4251
29.0873
29.4015
30.124
26.2807
23.3645
32.3878
23.5965
29.5899
27.5082
31.1488
18.1408
26.0706
23.0594
21.4843
28.9849
26.496
25.2086
27.4064
27.0764
19.3494
23.0735
31.5165
26.3854
20.9181
28.4651
35.4108
31.0129
27.8296
34.2906
32.3681
18.7252
27.1647
17.4856
31.6108
28.2184
22.8024
28.6808
22.2615
32.305
22.7566
22.9587
35.2084
21.0675
31.6065
22.9998
19.6695
23.7778
23.5226
35.5298
26.6475
33.4229
26.4801
24.4741
24.7432
26.6744
30.4529
31.582
31.255
26.8709
33.1235
29.932
39.2658
26.4899
39.3413
29.8861
24.7652
28.988
24.4678
30.2839
28.4115
27.394
38.8798
36.8954
29.6372
31.1571
26.401
40.8938
34.4117
28.5527
21.3337
28.969
18.6698
34.3565
21.3288
35.1415
22.1972
27.1637
27.9807
21.8572
25.9744
28.926
26.6367
41.0606
37.5537
35.0934
24.7994
28.2602
26.132
24.7134
32.7474
35.6933
33.0208
32.3273
28.3012
19.4234
26.3576
18.8485
26.5502
19.2888
22.3804
15.5302
26.1838
30.709
21.8829
23.137
21.9461
27.2251
30.4498
24.9978
28.1474
22.2355
29.3873
21.0191
26.6674
26.8777
25.4855
24.0197
29.0708
23.6573
25.0005
33.7745
23.3274
31.4616
19.0639
24.5208
24.0154
22.4271
17.6188
27.189
14.9441
21.4901
32.7223
25.7101
22.0804
29.0191
31.6639
28.6068
29.086
25.5659
32.6719
22.525
30.2504
17.491
18.9588
21.3467
32.3829
26.8936
21.7165
31.0379
16.8067
29.9643
22.6444
28.0008
33.0369
27.9555
26.7444
27.3001
27.4344
21.0226
27.0056
20.0931
27.285
25.2659
26.9838
20.1611
28.6249
32.2527
35.206
36.6241
29.5847
17.956
22.815
27.5294
29.1253
18.7834
38.8608
26.0638
18.2685
24.6261
27.4936
17.0261
26.4835
22.9506
20.0061
25.2728
26.0046
31.6567
25.8575
35.4001
29.4084
22.9743
27.0537
28.7345
29.6593
26.3924
26.2638
27.9929
29.5137
29.5457
22.4988
25.3742
29.0365
23.5627
15.4606
23.9539
31.1639
22.349
30.562
28.5932
33.8438
23.8533
25.5405
32.5666
29.9528
27.4743
22.713
28.0118
17.3849
21.1173
25.8062
25.4412
22.1969
25.7679
28.1637
28.7745
28.4142
31.945
17.8926
36.3216
26.2851
32.547
23.0305
26.0265
25.0544
36.4407
37.4327
30.8935
26.3031
21.2872
33.4114
17.5171
29.3496
28.7741
25.0129
32.7129
29.6071
28.9268
28.4595
27.0339
16.9336
36.232
28.8524
27.0473
23.0787
24.4919
38.0431
31.6969
42.0179
33.668
27.3115
26.4669
23.9269
24.6204
37.9052
31.1725
30.713
32.5608
24.5744
28.9407
20.2129
19.162
15.9313
21.7404
30.3492
27.0056
20.0787
28.1743
27.1387
26.349
17.0261
25.5476
17.2478
18.8714
24.5984
26.9111
19.0092
24.2129
26.3662
27.3002
22.8109
18.0731
28.8303
20.4694
22.5843
30.7104
24.0411
21.5501
24.4645
24.9096
17.2506
22.0964
23.4598
21.5893
18.1327
19.2132
27.3152
28.0639
21.5798
24.7724
28.8295
30.889
20.1756
31.2005
18.3626
34.4239
23.827
31.9412
17.4313
27.9697
26.1665
27.7641
21.9712
18.3495
24.8533
26.914
25.0578
25.777
21.0724
16.2017
26.9495
24.0425
37.8108
32.6527
31.8305
27.7676
30.9614
30.3851
36.5315
29.3935
29.2606
27.4409
17.6681
26.7691
21.9416
29.9701
25.3087
29.4208
29.6386
25.8969
34.8818
19.385
25.5176
24.0845
30.995
22.0977
20.4651
28.4295
32.8413
29.3352
32.055
38.2025
30.1135
24.1502
34.2571
30.175
35.2325
29.1881
26.6313
25.698
19.3793
16.8176
32.9522
29.5459
17.1687
24.1112
23.7414
17.2266
29.7597
27.8425
22.7927
20.2764
21.3378
21.9213
25.6801
22.9558
23.7543
27.3638
37.2458
34.64
30.6567
25.8871
25.0766
30.9049
27.3092
24.7873
26.1269
18.763
38.8703
38.087
29.8303
33.7805
25.6026
26.6599
26.3236
33.5163
20.9837
34.7627
34.6025
28.4057
35.414
21.9273
18.3733
24.2216
41.5466
27.1953
30.9438
23.648
28.8606
22.0792
29.391
32.2068
41.0549
28.5799
25.1883
26.063
22.4785
35.4329
26.2818
29.44
27.0257
28.1854
28.3394
22.1112
29.1802
23.2305
30.1123
35.8458
27.6555
31.9965
22.2478
34.4856
25.9662
26.2198
37.1435
25.8804
31.869
33.6155
31.9845
28.6519
20.4084
26.9503
30.8746
35.9097
31.3796
31.1532
32.1608
23.8917
16.0459
33.7899
29.3368
28.513
31.0803
29.211
29.9492
25.5562
31.6729
39.0231
31.5575
26.3426
17.8032
27.3142
25.6303
17.4968
19.099
25.4351
26.2312
26.5185
26.194
19.2773
17.6732
18.9927
17.989
21.2688
23.7605
30.3361
20.4289
30.8728
32.3804
21.8071
27.4222
21.344
27.8304
15.9879
21.6681
26.1077
29.1619
32.7977
38.8425
28.7841
25.968
24.485
32.9018
35.0872
32.6582
34.0462
42.166
43.4187
35.0036
35.5197
31.2882
29.5132
38.479
35.0544
23.537
18.6643
32.3892
30.9689
39.2921
34.5365
33.8521
27.6016
26.7593
25.4031
20.239
27.5794
25.5375
23.88
18.1102
23.3047
21.3553
23.9555
19.5218
24.7103
27.2045
25.3042
31.8696
20.9791
29.0623
21.2499
26.1033
23.9331
31.6337
25.6619
29.9541
23.1135
29.2516
30.0695
39.4541
29.8239
30.2178
30.8982
27.2057
35.4701
23.1197
24.3581
20.8989
17.9928
36.4645
31.8578
29.0529
27.143
29.7268
25.2601
26.1605
34.3338
35.5316
33.2987
31.1558
22.2768
20.1277
33.3694
19.5486
35.6242
25.6686
23.7416
29.0532
23.8438
17.3195
27.2964
22.6411
18.278
26.592
27.5518
19.1375
29.6098
22.1988
21.513
18.7143
15.2357
17.8696
17.2523
20.6439
16.099
19.8848
33.868
32.0539
30.3184
28.7155
20.0176
20.6717
37.675
19.0248
34.7197
25.6661
25.919
33.9446
32.6292
27.777
24.2267
35.018
26.3751
32.0838
29.8175
28.961
30.5358
29.3249
36.4681
24.398
26.8158
29.8839
20.6086
24.2964
30.3169
26.6598
31.9036
29.7764
31.6694
29.0214
23.9587
17.4182
40.2894
33.6164
28.2847
19.2478
21.7591
29.3092
33.5242
32.932
24.0385
41.7015
21.9432
20.0625
23.2667
29.4317
22.4873
36.3883
24.485
24.3065
26.7089
24.494
33.3084
31.664
29.2319
28.5751
28.8845
33.0004
27.8756
29.3617
30.4062
35.8553
21.4437
25.3988
26.5941
30.9747
25.5486
28.851
29.0374
24.4881
32.8323
23.6424
16.7424
16.5944
15.5987
18.347
26.9899
31.2059
30.666
33.7016
33.48
17.9007
32.5833
30.1738
22.225
25.9122
33.133
32.435
27.9464
31.4977
26.3876
27.1452
35.5875
20.3013
33.418
26.1612
28.8009
38.9515
30.5476
35.5006
30.8155
32.8111
41.7036
42.546
23.0334
35.3768
27.017
17.0928
30.5485
38.1719
21.9232
24.9348
27.6569
18.0395
27.1123
25.1216
29.015
36.3468
31.6998
33.2477
31.2069
28.8417
29.4191
24.3726
28.8443
20.0706
27.6176
31.1684
24.1459
24.7586
16.248
18.9035
21.1295
17.3859
21.0048
30.7584
23.8735
25.3944
26.9666
27.1196
29.9885
29.8438
26.6853
21.323
27.9619
26.5593
28.3157
28.5543
26.1891
26.1875
18.0695
29.2397
19.2355
27.6935
22.1922
23.6355
20.378
22.2674
29.5626
34.0314
26.9805
35.1689
32.233
23.5867
28.7827
26.077
33.1201
26.7815
18.3769
31.8139
30.4451
26.9584
22.3726
15.9036
29.4074
27.1877
25.9031
26.7505
23.5226
19.4414
22.4853
25.4876
16.8848
25.366
27.4267
27.051
21.8881
25.2779
22.9797
30.8891
34.9423
31.2028
26.5474
28.1069
26.7291
33.2678
36.9207
19.3462
29.9337
33.7762
28.1066
29.7278
15.4503
26.4868
28.2755
24.1969
28.7665
27.0781
31.058
27.8256
31.6869
31.9655
30.8609
38.7642
28.1452
34.3977
24.815
36.0109
33.0089
26.9333
28.2202
25.4603
28.6286
21.5049
22.1004
17.7189
23.1246
19.5784
25.8758
27.2315
16.6111
28.2894
22.2216
33.0434
32.0218
32.5452
17.2004
30.4936
24.9096
22.8039
35.8784
18.7204
34.2884
25.7724
33.1975
32.1655
22.7621
35.8391
36.1104
31.3232
23.4208
22.2559
29.1771
31.1412
31.3806
29.2052
30.3034
27.86
29.3963
29.873
32.4865
28.6184
25.5742
35.9144
28.0835
23.4072
26.4468
26.8817
30.043
26.4403
21.7379
27.0375
29.6383
19.3421
29.3932
25.2688
31.4563
18.4977
29.9342
18.9727
31.2234
25.4388
22.2957
24.1851
20.0288
26.2771
24.7106
23.9511
31.7759
30.4811
27.1947
29.699
24.8759
26.2906
27.7821
35.9845
23.7036
27.3406
24.7878
26.9401
23.5069
35.4892
30.0771
27.6774
22.4693
36.4602
30.9633
29.1019
20.3474
27.4012
22.8817
27.6661
27.0467
23.3706
22.3241
26.763
21.734
27.607
27.9299
23.9014
22.6482
22.7513
16.2516
17.7931
27.5829
23.3552
20.477
20.9368
23.3819
22.2253
23.5926
15.4969
23.5629
19.0413
24.9366
23.1859
27.9886
24.5165
23.3304
27.9857
20.6444
26.2056
25.796
29.5485
23.7396
26.8089
25.0907
28.5046
26.212
20.1261
25.5126
18.4853
24.729
15.3248
25.3344
29.8267
24.9396
30.7577
25.7297
25.1665
18.2126
26.3867
24.7352
29.7149
28.2647
24.2851
26.3841
17.0952
26.0255
33.1877
31.8079
33.0552
26.8297
21.0877
26.5061
22.5043
22.6778
24.7401
23.8757
20.2823
27.4293
22.1069
34.9061
33.9596
34.8741
21.6948
23.9815
26.4338
27.6673
26.1035
30.8751
18.244
20.8578
24.5862
16.2476
30.36
21.2216
28.3536
31.4551
31.1708
24.5635
26.7705
21.1182
29.0324
30.5943
28.3166
26.5438
39.3341
28.8776
28.8703
22.6237
36.6574
28.2535
24.1035
22.6923
30.0455
32.9373
36.6093
32.2984
32.3814
31.6449
40.2276
24.66
31.9016
32.4086
25.8105
24.8057
28.6642
21.8793
28.7635
28.8769
32.5258
27.9023
24.2811
27.2475
29.3722
31.2148
38.0893
22.1177
24.3872
31.2285
27.8711
34.6066
28.767
28.0829
31.4058
25.2384
27.2433
29.4999
33.0318
27.479
28.1553
33.9801
28.9405
28.4103
21.0512
24.1139
27.6883
22.4542
26.743
26.7579
34.1537
29.9033
22.4416
32.7598
28.4465
30.4333
31.9411
33.8255
24.3511
25.6598
33.977
24.3774
30.208
26.6209
25.0441
27.9245
17.5303
28.9726
22.2437
28.1063
29.9936
26.2746
25.6154
24.5465
27.9086
30.3914
34.5826
27.4816
29.7949
28.1583
35.6527
20.1406
29.6229
21.8581
25.2545
31.0616
32.3281
28.3346
23.0605
15.7215
34.8324
28.8194
31.1616
17.2236
29.9726
35.7049
29.4401
28.2128
27.9227
29.6722
23.8833
27.0104
24.6674
30.4601
29.1822
25.9922
38.1495
37.7708
22.4801
36.4259
29.2797
28.4208
24.5808
29.5402
25.4353
26.553
24.7541
18.4879
20.7297
18.8458
19.1723
26.3273
25.1909
26.0958
38.6034
32.96
31.7003
22.8444
32.1817
27.2938
27.0131
28.4234
35.8655
32.9286
32.9406
33.1436
27.9904
22.282
26.8987
24.5145
31.4998
23.043
23.4792
25.5691
35.5294
34.1522
18.6787
26.0432
33.9879
32.218
27.0874
23.046
27.6542
20.5548
26.9259
33.3872
32.3723
33.4754
33.3806
29.387
31.0682
26.9657
24.0436
32.888
34.9734
29.2193
25.7532
19.5505
26.1756
31.4966
35.6701
32.8528
34.0776
29.2355
33.3571
16.7709
36.5261
37.5736
24.9444
37.3572
30.1638
20.5593
34.2303
33.4018
40.0048
25.0016
31.0215
32.0917
36.8219
32.0957
32.4702
23.5715
24.5984
21.6888
31.1031
31.5212
31.0685
28.0912
28.9567
28.3958
17.3564
24.6483
31.7574
16.8114
19.9199
28.6378
33.8604
26.1042
25.2914
27.6667
28.8059
21.4731
25.9812
26.8114
20.1592
16.9748
28.2339
23.5507
23.2723
38.4384
33.6602
22.831
27.9178
37.9679
25.6205
24.7224
25.4706
33.6895
35.2944
33.3583
28.0571
25.0806
32.291
32.0129
31.733
23.9597
29.0599
33.9203
31.3621
22.9371
33.4756
25.1608
26.939
39.9343
39.7226
29.617
20.2553
26.793
32.3794
36.8694
33.9079
23.5113
25.0494
29.6807
27.7179
31.8239
28.0727
34.6071
30.1125
37.2064
34.9446
33.5811
27.8176
32.4279
22.1829
26.6917
19.9163
33.579
18.0318
34.5148
22.1665
24.6796
27.3567
31.1016
23.6681
25.8209
28.4395
30.7474
34.2831
25.9768
29.8993
24.0097
39.8553
26.6024
29.3512
33.3019
40.0813
27.342
25.6282
31.0182
32.7938
25.1364
32.3517
29.2121
33.4753
29.8667
24.2359
34.4707
28.2369
27.6462
30.9281
26.4928
24.9756
24.5281
36.8193
30.9077
23.8546
38.4634
23.0052
25.3086
28.2579
26.1423
31.6125
26.617
23.7143
29.709
24.6416
27.6119
31.0607
31.2188
42.599
32.2124
36.1704
30.0472
31.6315
37.4084
24.6231
32.245
31.0423
39.2125
31.2395
24.1414
25.3324
28.1534
24.7054
32.2018
35.8332
24.7977
24.3243
32.4562
34.2043
25.6758
32.537
37.8963
25.2055
41.6415
39.5669
29.4123
34.1971
34.7238
27.9469
33.6045
27.4126
31.9756
34.6558
32.2933
28.0737
40.6098
30.7438
32.7231
18.1908
23.9616
24.5821
20.728
18.6848
19.455
24.8746
30.8619
20.582
33.5578
26.5076
26.7418
20.1108
28.986
29.7437
25.7785
36.076
31.621
37.9928
28.6307
27.0872
25.3025
31.0463
28.8683
28.7745
30.1895
23.9743
33.6332
32.359
27.0547
22.9904
30.7807
37.9951
24.6138
33.0263
36.4572
28.5113
25.3639
29.5145
26.6778
24.6224
32.2804
32.406
29.7048
36.9656
34.956
36.6661
30.1088
33.3062
32.5511
30.4594
25.5501
20.5557
24.5592
29.903
25.8769
14.2414
29.9681
35.9793
27.3557
26.7077
22.5907
30.2113
22.0833
14.6671
28.9195
37.8078
32.7536
30.1782
26.5693
33.4593
27.9476
23.0315
32.5339
26.0365
28.2086
18.3947
33.6928
24.2921
35.8511
25.5145
32.1506
33.6665
30.5226
27.9153
22.619
19.4908
35.131
26.7827
30.325
21.4645
37.7621
26.6948
31.9179
28.9579
26.6286
31.4918
32.1707
31.7904
23.4994
21.5203
21.2617
30.5684
33.5398
22.5534
30.3687
22.0461
26.2549
25.6249
18.5945
23.5594
33.124
24.6668
34.5213
40.6139
29.8681
42.1014
20.7801
34.2096
34.1556
25.2226
40.6888
39.7105
38.4489
33.695
37.7934
38.5571
28.4797
27.9902
35.5924
32.6589
19.2772
37.7612
30.1257
24.8095
25.3353
25.2434
25.0937
32.829
33.3953
31.7892
37.8888
32.1091
28.4463
19.8183
24.6335
29.4827
37.4666
36.3294
26.4697
27.0301
29.2851
25.0976
31.9014
34.4837
24.3416
24.0349
29.5839
30.0048
18.0316
20.7422
27.8191
18.6731
36.9096
36.3408
31.4737
42.9024
27.147
26.8519
36.6268
30.4234
27.9607
29.5884
17.9752
28.7141
25.3564
25.4995
22.1309
26.2681
28.9976
23.7065
26.3488
23.9424
21.7607
29.7757
24.1702
25.4915
18.4185
38.1401
22.7006
31.667
30.1726
26.6729
20.9014
27.4675
26.1588
27.4878
30.6513
27.4765
14.4904
29.2479
20.4996
25.8311
27.4851
21.6468
26.8155
21.7633
28.5989
13.9981
28.1037
23.1255
14.3257
18.5444
20.2095
22.6839
20.797
16.7234
20.3988
18.084
23.3452
27.6662
26.6286
27.206
29.3622
27.649
27.8712
38.981
25.3181
34.4325
24.0036
30.8488
16.4983
20.4533
23.9599
28.3513
34.5495
24.654
27.6829
28.3154
26.0403
29.9535
24.5493
20.2773
37.0237
32.7209
15.4239
31.5697
31.1353
18.5168
24.4096
19.6033
33.9825
30.5898
25.1336
30.6663
26.6506
23.9453
21.4473
30.4718
27.5485
21.6764
27.6931
18.4267
19.4215
29.3061
27.1029
29.2416
24.5928
33.3496
31.8132
23.0719
33.4609
31.9524
29.9463
28.8613
34.2867
35.1621
32.0188
32.252
28.9957
32.0133
32.5486
32.5388
37.787
20.8478
29.8963
30.5296
37.6047
40.296
28.9904
35.1937
38.711
32.056
25.1168
27.7999
31.8286
30.1242
34.0204
33.8501
25.1688
17.1605
19.8318
17.4546
20.7713
18.6183
22.1224
29.0372
32.395
32.0281
24.8069
37.4333
32.3844
32.1065
36.2102
26.1957
30.3722
24.5056
29.2213
18.3661
35.3814
28.4868
18.7244
22.6163
32.5783
30.5489
23.7833
26.1092
30.2316
28.2401
19.9721
38.4836
27.3839
25.5149
34.6547
21.9639
33.1004
34.1129
23.5957
34.9173
29.1785
28.7294
24.3389
34.551
23.4158
36.0164
30.8915
23.0733
29.6035
34.7709
38.8238
24.0486
31.9561
32.2222
27.1913
23.788
20.0414
30.0323
32.7731
35.4926
23.0791
30.8197
19.725
23.8827
36.3256
22.186
33.2308
31.1887
15.4432
22.7134
19.7178
27.0687
22.8781
31.3387
26.593
28.3717
27.8024
26.9055
24.0591
23.1246
29.0818
23.2333
34.7924
27.7819
29.4769
29.6649
27.6583
25.4933
30.2275
33.7127
29.3404
25.526
19.9089
20.2286
25.8872
17.3173
28.9397
28.3718
33.5877
26.5426
27.9576
24.0757
20.8246
17.5648
28.2699
25.9253
17.0466
19.0353
15.9708
22.0185
29.806
26.2882
25.673
27.2357
27.2037
29.7536
21.423
30.9452
21.6494
28.4705
24.1185
26.1108
22.8408
32.4095
24.8591
25.5588
26.5394
25.2712
33.1746
29.2101
31.9822
34.7534
24.3608
38.9329
30.2573
25.9004
31.9694
25.4121
31.3757
26.1979
30.9417
24.4077
22.0543
25.9594
25.6208
23.8704
29.8528
37.501
39.3216
36.4993
32.3465
19.5675
34.1306
25.6238
16.81
20.5515
22.0741
24.005
24.8557
14.9008
31.3469
19.6672
15.7696
15.6304
25.035
30.4141
27.0748
26.5289
18.5642
27.8885
19.1847
25.5689
32.4611
27.5051
24.5992
24.0504
29.2147
31.838
32.1369
32.6476
24.3748
30.6634
27.4241
31.3124
30.1169
27.9836
16.2951
28.3898
33.117
32.5561
26.6245
27.3537
27.7455
33.1156
24.8178
25.2533
19.3371
28.7262
27.8672
20.2679
22.4801
24.1805
32.4329
27.2086
36.5304
18.7092
33.5969
31.3661
35.997
21.9575
27.2302
19.333
23.2622
22.7275
33.5677
28.5709
30.6786
25.4252
22.3475
31.7635
28.3251
34.1509
31.8668
36.9937
26.6423
28.8963
29.1093
40.1508
32.6952
31.3445
29.3976
32.7242
23.6832
35.8967
25.057
30.5579
25.8097
25.2497
29.9618
18.1368
28.3868
26.7567
28.4271
17.2633
34.1836
28.4802
32.2522
30.8676
32.7205
42.2864
31.746
30.8558
25.4848
19.7737
27.438
19.1052
31.7282
19.0708
20.7877
15.674
26.6555
17.6061
29.3736
27.1933
21.5728
32.9477
28.3049
21.6385
27.5696
21.7474
23.3337
27.8105
40.0057
38.7568
33.3877
23.7816
19.3973
30.8595
20.5596
25.8116
16.3459
26.0314
22.6807
17.0965
17.5757
17.7061
27.9681
20.4718
31.4158
19.8115
18.575
26.8747
28.7713
33.8598
36.5685
22.4692
22.6193
30.6306
31.6084
34.8192
26.9222
26.8848
28.7803
28.1285
26.6761
19.3258
26.4665
24.7489
29.2986
27.4069
24.9968
18.0655
30.1401
22.3741
26.9009
23.0968
17.4652
32.611
31.6685
28.9837
30.5763
24.533
31.0436
18.627
39.906
25.9376
23.0798
22.6347
20.0681
22.9065
20.6735
24.6874
24.9245
22.6042
25.2153
26.8201
30.7558
21.288
24.7379
25.5017
22.2673
34.6247
26.1615
24.2539
19.4401
36.0169
36.3156
33.057
32.2994
31.543
30.9262
27.6984
34.1304
25.5614
35.6305
31.6002
35.0335
36.4312
43.9565
35.2822
22.7473
38.8851
37.4901
28.4995
36.5868
23.7846
43.4434
49.7336
28.5044
37.056
28.8137
21.8512
36.0688
33.3268
25.9135
30.4015
22.5835
22.5208
47.1242
48.5838
25.3402
23.1346
32.2574
29.5723
41.8409
28.2483
25.8556
26.391
25.0428
32.4774
25.8928
38.2255
24.7133
29.1209
36.5073
22.4996
38.9253
35.0542
32.5393
22.8012
38.8233
31.4138
34.2088
27.388
36.4722
30.1011
44.1283
36.1809
24.9081
28.5739
25.4361
32.0305
25.0955
23.4879
36.5331
27.3416
23.779
45.943
24.3505
33.0049
39.318
40.0231
23.223
40.3979
38.4928
38.7712
24.0949
33.8063
30.748
34.5589
23.8028
31.6328
29.3667
21.1917
33.9114
29.2277
23.7116
24.8069
21.5332
31.3641
31.5774
37.0034
28.0034
32.2522
30.4645
42.6908
35.5503
28.2992
41.0777
26.2051
34.5186
39.0504
35.3757
43.4586
24.2905
31.0206
23.8105
29.1096
40.2327
38.1432
26.8916
21.5384
32.5651
26.1435
26.7191
29.5411
25.1836
28.0428
22.3477
33.9391
24.8169
29.5686
28.1726
35.5976
39.3041
42.6945
36.9111
29.1205
28.8371
30.4791
42.2234
39.2803
37.9364
32.9374
26.2016
27.1544
44.6772
28.9126
37.1078
26.6841
28.0637
40.5866
28.9378
23.2973
42.5307
32.4053
35.6559
32.2042
43.0973
38.3502
19.4699
38.8899
38.5506
41.6407
36.8981
27.2235
48.4371
34.9381
22.3648
33.8868
32.4814
19.6716
30.0868
20.7865
32.4984
44.0125
34.0718
37.5898
24.0112
28.6377
30.5576
37.0515
29.0364
47.0377
30.436
23.0992
25.2735
34.7274
36.7649
34.6507
32.3203
28.2506
32.8843
25.1865
34.9065
35.2886
33.2542
30.4047
26.6693
31.238
34.3039
33.9491
36.1883
21.9373
26.0431
31.502
30.6854
29.0892
34.7011
30.7495
29.246
22.54
24.0462
32.0176
23.9728
20.6575
32.4232
20.369
19.7963
15.7428
21.9265
19.3078
20.4366
28.1673
29.2253
27.498
29.6021
17.6307
28.9032
16.3463
24.5105
25.6943
19.7187
31.2239
17.8142
25.2325
22.328
19.7675
25.9276
22.3728
35.4659
18.9771
33.6546
17.1968
29.6882
19.1852
33.9688
24.5733
21.3825
15.476
27.7185
14.2579
26.1665
30.4428
20.9338
18.7197
20.7568
26.2437
28.6251
28.4991
18.3264
14.1841
20.2119
19.7573
16.0068
22.694
23.7777
29.7332
16.2659
19.394
23.8545
19.7666
31.9738
28.2766
27.5133
19.1682
20.2079
32.872
17.1864
19.7081
22.9699
25.4255
27.5584
19.4827
27.3354
22.1626
22.8361
19.4366
28.2229
23.408
17.8594
28.0947
32.4682
28.0775
26.9237
28.9787
25.7525
23.6266
28.0283
19.0744
31.5528
30.129
27.0601
21.4755
27.2227
37.1183
30.9178
41.5757
34.066
35.3896
32.7089
24.7134
30.6609
26.6506
28.4729
21.8752
21.0401
25.2604
16.7208
31.2446
16.6756
27.9798
18.6823
18.736
25.2332
24.3531
27.2395
30.4713
24.2628
31.3921
29.6177
29.0805
27.3137
31.5508
26.0108
26.4993
23.1424
27.6675
22.9094
29.8851
15.4285
24.4509
22.5436
25.6445
21.8958
31.1195
25.3648
18.4326
19.9349
20.1313
29.407
31.6273
30.5197
31.4365
33.5754
30.6719
36.7584
36.0986
27.6848
31.0675
31.768
29.4522
27.338
29.9405
41.3372
38.9987
26.3599
38.1807
22.6776
32.1232
41.4848
24.5251
27.7505
17.9047
28.6061
17.509
33.7467
20.6703
28.3652
19.134
19.6938
25.2631
22.5988
26.0185
25.3241
23.9119
24.1347
20.9817
22.8967
22.0545
24.485
23.0301
26.9738
23.7884
14.2173
24.0422
22.7744
17.9548
17.8757
20.8309
16.3136
14.207
23.274
26.9244
22.239
16.3119
18.1932
23.9064
29.5583
14.9581
23.5025
18.9266
24.4116
22.0439
22.0724
22.967
21.9978
16.7159
23.5853
32.0391
22.4474
19.2108
19.1977
33.7135
30.6899
21.2915
25.7092
26.6564
23.5691
24.27
25.6602
24.8397
24.322
24.7295
27.2662
25.3049
20.7009
21.345
31.6133
27.0915
30.2987
26.3444
24.7989
26.729
20.1802
30.1965
22.0699
20.387
30.3812
33.7597
32.8744
27.7261
27.8118
21.1334
22.2371
26.242
26.4174
22.5995
23.5464
21.4885
22.7745
22.0452
18.0807
21.4745
19.7032
25.863
20.458
27.8581
15.8222
18.9762
23.5033
26.9486
25.9855
24.2265
25.0159
33.4508
28.3396
21.7138
32.0276
26.041
24.8904
22.5566
29.2408
30.2346
24.5667
25.5152
26.0863
17.2744
26.3757
27.9323
23.9779
42.9136
24.1192
30.4755
24.0927
26.9068
30.1853
28.1033
31.0004
27.6343
19.4444
20.4289
29.2705
32.4887
20.1486
25.1141
25.3615
29.5704
33.3399
35.0229
29.886
18.5159
29.5637
30.4393
27.6897
24.2024
31.0463
18.0826
22.9317
19.2406
31.7828
28.1641
31.601
30.606
29.8372
37.5153
32.0106
30.3986
21.915
29.7651
31.5463
22.9659
25.2585
30.436
24.945
30.46
24.4037
34.6847
30.2025
26.6844
36.6396
17.8683
26.0424
32.3712
31.0691
27.1239
26.5964
26.9807
29.1389
22.0172
29.0822
29.3957
27.1778
23.2919
25.2276
22.5544
20.3478
26.5496
34.481
27.0104
29.5574
23.5944
19.2407
21.8043
17.9913
20.2251
15.6457
28.8806
32.2822
37.0426
26.2122
14.7597
29.9237
18.3351
33.9546
29.5242
26.2603
24.0297
26.7778
24.0907
21.4811
27.4924
29.1496
25.0195
22.8712
24.1368
20.7352
22.722
31.4315
26.6066
25.9169
16.2462
16.7508
23.549
19.4371
30.0724
27.5481
28.2652
19.9974
29.2459
29.2098
23.0506
27.785
17.3325
27.6769
24.8035
21.6994
16.295
25.2832
27.8799
22.9319
21.5652
18.5886
22.9726
21.4485
15.1292
31.4383
17.7021
27.1192
29.0776
28.9448
21.3487
33.9685
31.8018
18.0192
28.9218
25.4975
29.5044
27.9417
29.3816
28.7787
31.3093
20.6117
28.8934
30.1694
34.8603
32.3342
35.3665
31.8642
30.7291
26.8893
20.3613
26.2415
25.6186
23.25
30.0977
33.1821
27.2424
26.4257
20.6419
13.8438
27.3588
23.5691
23.2251
16.7199
21.5713
16.8885
24.3249
23.9017
21.9605
23.4243
22.4598
24.5857
22.4467
16.3701
16.6586
24.9819
16.8641
19.9013
29.6139
29.1475
29.1583
22.2379
24.1463
30.0365
31.7926
28.204
27.4338
22.7866
26.9161
27.7279
25.9409
32.7208
21.4187
23.1162
24.8023
34.4996
17.8562
22.6558
29.6413
22.4765
35.2325
17.5318
30.2028
31.2416
32.8833
30.8182
23.9716
31.367
19.3051
29.7822
31.0948
33.6105
19.4598
37.5744
22.7977
32.6316
31.8344
29.1751
17.2199
31.2359
21.9896
20.8823
25.9528
36.9186
22.7958
25.261
29.1621
19.4382
20.7491
26.1751
17.2136
30.8041
29.6621
19.6989
25.4182
29.6037
26.9304
25.8969
32.3482
22.4485
28.467
30.5425
30.1843
32.8543
22.3367
23.1341
32.6265
27.5827
30.6522
20.9824
24.7885
16.7803
17.8029
24.2688
24.8256
16.5152
18.3066
20.9718
27.8401
29.2685
22.7295
30.3418
31.9398
27.2779
31.8072
27.5395
28.0203
35.3253
25.2072
28.4819
21.36
29.6082
26.146
17.834
17.3366
27.9615
19.2469
28.0619
24.9363
27.2548
23.6291
25.4722
13.4763
28.8096
28.2275
20.6318
24.7071
19.5971
20.2576
22.615
31.2209
22.7756
25.1705
20.1845
25.1538
26.0558
29.0105
23.1963
21.681
28.7441
27.9792
31.8908
27.6257
18.3056
31.2692
28.5636
36.995
20.0316
23.1176
27.6977
18.7661
24.0529
23.6761
28.0154
24.7169
20.4499
30.9377
25.918
22.7055
24.9945
34.4089
35.3423
34.142
22.434
16.1415
26.1544
21.3965
24.7268
11.0581
21.7436
25.152
17.6977
21.8591
23.9869
26.5163
20.3123
19.3396
26.4045
20.6328
15.2853
22.0379
27.422
21.4829
20.4784
17.8834
20.368
38.5828
35.8855
33.4723
34.7234
28.3473
18.4926
32.1533
29.3466
22.4559
18.7756
21.3719
24.3263
27.057
21.4771
33.6635
21.4883
38.409
30.6775
37.3199
21.6298
20.329
25.5684
16.9893
15.2774
23.8766
28.3854
15.472
32.7639
19.9514
22.446
22.8977
22.3139
14.7263
23.2326
25.4121
32.086
22.3059
25.1953
21.4934
30.0417
21.9331
26.7679
24.1654
28.318
31.5463
31.4672
22.6069
33.1969
24.202
25.4181
29.4258
17.1341
19.348
28.6425
24.0976
24.9979
18.2566
26.3579
25.2006
21.8766
24.0405
19.4968
22.6594
22.2023
23.6692
25.0502
19.4343
19.6886
15.798
27.4163
21.4621
27.4367
22.282
20.526
29.5609
23.0044
22.3343
30.9532
29.8486
16.31
30.7587
27.4585
40.7662
28.4777
21.6918
34.4845
24.2863
28.3402
19.4282
15.2336
24.7132
20.6012
25.1569
20.3764
28.8996
28.8024
19.2679
24.9546
23.2282
27.356
25.4438
28.8886
24.0269
24.782
18.4303
14.5297
19.2484
28.6447
26.3125
26.1093
24.7287
26.0067
22.2131
22.6554
31.3886
19.8587
32.745
16.9013
16.5448
21.3914
28.4972
30.3727
26.111
19.178
20.7386
30.6628
28.093
26.412
19.6946
19.1056
28.3977
24.3939
21.9484
28.983
22.836
35.1175
24.6006
24.1706
29.808
26.4205
31.5697
23.7766
32.6701
24.3033
25.4519
22.9633
37.3867
29.7157
24.2003
34.5756
31.7
33.9912
16.4244
23.2789
29.3351
26.501
31.7743
31.091
27.2007
32.837
30.1402
17.6653
28.7322
23.1555
28.7739
31.4542
25.4555
29.7537
27.0167
27.2191
29.624
27.7581
27.7031
29.4565
26.2035
25.3943
22.5907
24.2202
18.1341
29.6675
22.599
25.6721
33.1825
18.1271
24.5016
21.8819
26.4056
26.0972
28.3516
21.4417
23.7726
14.9547
22.5572
25.5602
21.8911
23.0856
24.4034
23.8454
22.4372
20.7145
27.7184
20.0886
20.2664
28.6924
23.2675
29.4092
23.704
27.9993
16.8948
28.2144
20.2243
30.5336
23.0899
24.742
27.302
24.3442
17.4193
14.2972
21.1252
22.0006
16.2511
25.606
27.3012
24.4809
21.3669
19.9358
15.5589
25.2551
21.2036
21.8399
19.7363
23.4472
17.01
15.1108
13.7236
25.2146
29.8076
31.6926
19.0687
23.9872
32.5952
20.878
36.7807
31.4201
26.1401
23.1485
31.171
30.6134
14.262
20.1036
30.086
26.4165
31.7781
34.3825
26.772
21.9561
30.0259
24.3799
26.4916
23.3419
28.1922
27.1645
26.6757
25.5385
24.8753
23.791
24.9623
18.8887
15.161
28.9048
29.6066
26.8305
24.1706
17.599
19.9996
33.1691
15.3647
27.5781
24.981
27.6659
36.0161
26.7857
30.1019
19.8627
27.6272
21.6479
23.9943
17.3092
22.999
29.8641
32.197
17.935
15.8311
18.4366
21.5058
25.1196
17.2814
25.6335
23.8032
31.1437
16.1314
18.0805
25.5514
24.8006
15.2542
13.199
16.4801
20.1218
25.0908
22.8704
22.9454
15.8219
31.9721
18.7297
24.6764
27.9809
29.9275
21.8117
18.7978
25.1017
27.492
29.0843
23.2342
14.3541
26.9754
22.081
27.9511
17.6472
21.7192
29.5133
22.5604
19.9552
13.7172
25.1227
16.0747
20.9011
17.51
17.1619
29.4937
23.2467
26.1669
29.4943
18.1752
23.1537
21.8488
24.446
16.5385
23.8754
26.0006
30.3038
30.346
27.0738
26.3157
29.6024
30.339
25.6732
13.8807
28.3662
22.3963
24.7121
25.5132
29.424
31.0859
25.6151
31.1847
31.3309
32.9664
35.3452
23.4289
28.3615
18.027
28.6371
13.8792
26.8671
27.4996
27.4505
20.0886
23.1366
25.8563
32.9207
28.4881
26.6829
23.2407
31.8512
29.5656
29.9273
26.1222
18.489
16.1094
14.7678
22.1944
23.3172
26.5524
21.6878
31.0888
26.2313
27.8715
23.8234
23.2136
31.0291
22.1735
25.8546
16.4561
30.0435
23.712
27.3606
16.594
28.6217
29.5928
29.6191
31.3063
19.3359
37.7656
29.849
30.0379
27.4234
27.4139
24.3914
26.2535
32.2992
34.3639
29.8748
20.1236
16.8926
25.8071
27.5856
25.7969
28.9685
13.5623
27.1924
33.7832
15.6611
18.1313
19.1511
17.9895
16.2551
16.1834
29.12
31.0294
27.096
24.7808
19.5606
32.3631
30.3227
29.2267
20.0144
30.8738
14.0569
24.0918
32.2775
27.1013
32.7183
17.2108
28.9327
25.6447
28.2674
24.1352
25.8841
32.105
23.2978
26.0264
20.1888
28.9438
31.3419
26.3716
27.0028
26.7967
26.9316
25.9213
14.7974
22.7508
26.2128
23.2269
15.5836
26.2958
19.7484
21.4739
20.5796
28.2245
21.0762
18.3693
27.6836
20.0904
16.1488
32.1073
24.1557
23.1643
16.1209
20.7659
27.9249
16.4839
26.2293
31.5397
31.5054
21.2518
24.6947
28.9359
22.2225
31.8117
33.897
23.9883
32.5062
20.5997
34.189
20.4495
24.0779
30.9008
31.2842
33.0097
27.1067
17.8819
26.5207
23.5535
15.9991
26.6173
25.9968
25.5713
27.6741
32.7114
29.4926
29.8959
21.4725
29.8811
19.335
22.193
27.8571
25.7826
26.4699
13.3777
28.5117
15.7613
31.5368
23.6446
14.5102
32.8191
22.3773
22.9069
16.5491
16.6105
27.903
29.9886
23.831
28.0293
31.1009
31.3015
27.1824
28.1589
34.1148
29.5357
30.9405
29.0898
30.6815
28.5515
28.0418
28.6482
28.5893
23.0989
30.7653
26.9458
24.4648
21.9439
15.7558
33.6086
25.7849
25.8714
24.8321
26.3001
27.5535
26.9618
35.6225
27.9372
26.1389
25.886
29.3257
26.8132
23.4115
18.0763
15.9156
20.5595
23.9544
14.5888
16.0209
21.0584
17.3392
17.541
20.3608
28.3194
23.3017
26.8633
31.8091
28.6048
21.388
23.2121
33.2041
27.4176
22.7261
18.698
26.5751
26.2292
27.0999
16.1307
25.067
29.2072
27.9521
26.5937
26.8309
20.375
25.7849
29.3416
35.0371
30.0025
16.5836
27.007
37.6753
26.2591
31.9497
19.6779
28.8539
27.3193
21.3912
27.8773
33.8225
26.2593
22.8668
19.4211
29.9155
23.6629
23.4627
25.9578
30.2448
18.7294
24.202
23.9702
25.8675
26.3987
27.7714
17.0003
16.2539
33.2962
33.5304
24.1553
23.2472
31.2965
20.4615
17.5366
22.41
19.9753
21.5399
24.561
30.4504
16.4577
27.3551
35.1939
27.889
26.6189
31.5233
23.1448
25.4848
25.6753
22.1276
20.3525
20.7764
27.7263
23.2981
30.0098
27.3649
23.9257
16.108
28.0532
30.8896
24.3189
33.3364
19.2938
35.8983
23.4028
30.7445
21.6218
18.2383
26.5208
29.2513
24.8925
25.1083
34.6503
25.1852
32.4025
29.5293
25.3804
29.2202
29.9068
38.2954
24.7241
28.9525
21.2492
