27.4975
19.8342
13.3714
23.1206
25.445
21.8238
13.4654
14.5288
14.2639
14.5678
13.7412
14.4866
16.9367
17.0884
22.387
25.8913
18.4366
13.6015
24.7938
14.4643
17.2874
8.6932
9.43387
24.0764
11.9354
7.54739
10.8173
8.48798
6.0862
6.84159
6.87066
7.354
8.04894
7.98039
12.4557
7.82248
9.97024
8.55488
12.3027
6.74544
8.82936
8.4073
12.1676
7.82394
8.17915
13.4475
8.54507
9.4926
9.48604
19.4495
14.8524
29.4982
16.8745
14.5138
15.5504
15.2415
16.5988
16.7346
25.8094
26.0776
9.69192
15.6803
7.82282
18.9289
17.3169
15.7714
15.4881
13.7771
16.3828
23.1746
28.1856
17.398
14.4174
17.8192
25.126
17.7492
25.0796
15.2035
8.95725
25.4975
7.13551
12.9466
14.8812
25.2639
13.0475
15.1727
17.5842
15.7882
16.3828
14.7225
25.8326
15.0071
15.557
16.9903
18.0775
24.1796
13.565
16.4982
20.2946
12.0414
13.2625
16.1864
16.8057
20.2922
15.7752
12.7814
14.4576
7.43614
5.70918
25.1496
12.7378
18.4104
14.9381
21.9132
19.4484
23.0859
18.5373
13.2559
16.2061
16.0717
16.9244
16.4612
26.5992
15.4855
13.9464
17.4487
27.5689
12.7803
12.7386
16.5613
17.899
16.3017
14.0658
15.476
16.8304
13.1269
19.5248
9.59029
17.9447
20.7314
14.4166
22.1683
14.2473
18.7567
15.9826
15.9817
17.43
19.0161
17.9383
15.6639
24.1178
15.0968
25.4783
16.3825
12.6347
14.4037
23.6146
16.4696
15.8619
16.0141
10.283
24.9534
12.5447
20.7281
7.89201
15.5602
17.8454
15.0904
15.6851
16.4288
16.0079
16.1571
19.3186
20.2104
15.5192
15.5328
16.9096
23.888
26.7143
19.8978
12.4105
14.2535
15.3835
14.293
25.1315
16.6175
13.278
16.7607
13.8623
18.7093
24.7359
13.1403
16.2906
27.1552
23.0011
6.87798
12.5776
23.5559
7.38174
13.0851
6.23649
9.00657
8.83837
12.5119
9.4369
9.79085
8.80249
8.7664
7.86229
8.19991
8.37004
13.0254
6.17432
8.29965
6.51761
10.5873
10.4568
12.4979
8.43719
7.42419
13.1646
6.99068
8.58718
8.63865
7.89463
13.0083
12.1791
9.30055
9.51846
11.9801
9.28927
8.18348
8.87032
8.27379
11.9223
8.64578
11.2764
13.1212
8.67668
9.36575
8.30868
7.17846
7.05906
8.53996
8.67716
10.6402
11.2615
8.89437
9.46373
7.80661
6.41993
7.67325
8.46115
5.08902
13.0743
8.11104
11.14
6.33296
15.4117
5.02848
8.60419
7.90294
7.0024
9.41295
14.8317
6.3643
17.4814
5.33098
23.5525
29.178
16.9516
5.62002
5.67346
8.4928
9.15818
8.56813
9.17894
7.56908
12.4795
15.7372
8.05871
5.00058
8.35435
9.47037
13.3111
13.6173
8.70986
8.09809
21.8396
11.3267
5.86972
9.33938
7.31271
8.21449
9.83604
12.527
9.80499
12.7244
7.34102
9.58003
5.89429
11.3307
8.3787
5.77796
8.54506
6.18916
12.4399
11.7883
8.93697
7.19352
8.49709
6.88533
12.3054
9.00751
7.98051
13.7862
14.639
10.9018
9.58931
7.83537
10.4602
9.84404
9.69266
7.4822
8.34409
8.70637
7.59881
7.67654
9.26885
12.4252
8.48269
7.02345
7.7715
7.99653
6.72036
6.85614
8.39062
8.62549
12.8057
8.4747
12.8836
8.70604
8.60476
7.02409
8.86022
9.4164
11.691
7.48498
10.9082
12.0928
15.2119
13.3755
12.4383
9.48011
13.3784
12.8269
11.7309
8.92173
9.19193
12.0452
8.47897
9.12745
25.0048
6.55826
7.65744
11.6256
12.4344
10.4259
9.24453
8.58727
9.9266
12.5633
8.6876
6.63599
11.0987
9.0447
8.34117
8.77877
9.12024
7.16329
12.1416
8.76611
28.9453
7.17823
20.3854
8.49378
23.6306
15.6063
18.5478
16.1077
15.6015
21.1142
26.6888
16.8356
24.7715
15.0668
19.753
18.8161
22.3963
17.9236
20.4685
16.5267
14.4823
24.9187
16.5266
17.1737
19.433
16.2369
24.0172
7.88507
12.562
20.1602
12.6067
21.6505
9.56759
20.508
13.9736
6.84964
14.9589
12.809
10.0102
27.8464
13.7648
26.7905
32.6463
9.87217
7.29157
9.23853
7.22211
9.78867
9.63525
14.6585
25.8604
9.06551
10.6398
10.4219
12.6597
8.61401
21.7574
6.94302
11.2034
6.69505
7.72674
9.89082
15.8705
20.929
11.604
10.1164
19.9241
9.20769
9.37315
6.67463
26.3707
28.1274
10.5365
23.0468
7.02523
7.59482
7.28899
19.4168
4.80046
7.81438
24.8631
17.8949
7.4082
25.5479
18.1928
8.37436
6.44265
11.9602
5.93588
8.34514
18.7045
8.81925
10.8979
29.7343
14.6382
10.4922
31.9155
23.8271
9.31704
6.51513
20.005
8.62086
15.693
10.6155
28.7982
18.9181
7.17108
34.4576
13.1586
16.3569
11.7962
22.4781
7.90066
10.4791
7.41946
18.6073
12.651
19.4655
13.7746
10.1693
22.0327
9.74926
8.56681
26.7107
11.3549
17.4549
15.4966
9.35562
24.0285
25.7716
16.7372
15.0389
16.6744
14.7785
9.62537
16.1463
23.1743
15.8751
8.17226
23.496
24.3104
22.1641
7.61765
20.8804
12.6853
8.42393
7.98225
14.6559
6.9715
13.4388
8.50826
14.4941
7.12262
29.7242
7.6196
10.4847
8.3386
16.5562
11.6585
14.3935
8.08022
8.6445
11.0302
10.6767
10.0563
26.2232
8.38437
33.3998
17.3301
6.95359
7.02099
8.03704
12.5211
18.895
22.6965
9.22158
10.7992
13.6063
8.29261
13.5642
18.8902
10.446
13.4471
10.5004
16.8913
12.8272
17.3148
25.1918
11.3294
9.16584
11.7482
26.0986
13.924
10.6359
9.89658
11.0345
11.3777
15.3556
8.32447
7.87218
24.0271
8.51506
10.7091
14.6746
11.7386
28.4413
15.6013
18.133
9.45831
9.93812
26.1821
17.3722
21.6137
12.0382
28.3752
17.2861
14.2761
21.8984
22.9901
19.4264
7.67833
23.4141
16.1426
10.0363
14.1566
13.6064
8.85088
9.73905
23.6982
7.30594
16.7942
9.68206
10.2319
9.88273
9.02815
8.60391
23.7553
10.3235
14.8882
19.6662
17.0477
24.5966
26.5485
25.8457
16.6971
13.3926
14.6948
26.7003
15.0772
19.1387
9.48028
18.3779
8.66413
17.1459
8.7507
26.0859
7.87297
18.0794
15.306
9.07634
20.9462
14.6561
13.6179
20.2273
14.441
15.3395
19.7151
10.1145
12.0198
20.462
16.728
15.6821
20.4011
17.792
14.6297
14.9179
19.2875
16.0606
13.0286
15.3117
16.318
13.5664
13.4484
24.8088
14.0836
24.0662
24.1137
16.9556
13.3176
17.935
13.8133
14.2259
15.9798
26.1988
24.3619
18.12
14.2177
17.4155
15.1796
14.0424
21.7841
22.3469
17.6803
11.9137
14.5301
17.9938
15.1907
16.2314
13.8992
19.4724
15.5265
17.4572
13.6522
14.5808
13.1314
14.2702
10.0963
13.8957
12.7001
16.1264
21.2368
12.8101
11.2395
17.9942
14.22
19.9879
16.7574
11.9078
22.4323
16.1289
6.27869
19.9893
10.4157
25.5959
20.2626
12.1897
21.697
20.711
17.5178
26.0811
14.0244
15.1298
19.94
12.2898
22.9797
14.8971
15.1641
14.188
25.8046
16.9407
21.9922
11.7758
15.5483
11.2127
14.7192
22.435
17.3416
21.3008
13.2541
17.5106
26.5576
23.3721
14.9946
20.9547
15.256
19.4783
15.2282
29.1473
18.8348
13.6126
20.1811
15.5387
12.6008
24.5035
13.9476
21.8867
17.8506
14.6795
22.7675
17.8764
13.3054
17.8748
16.5488
13.5693
19.6178
14.7407
13.8729
22.0631
8.93506
17.1984
15.0199
23.0193
14.7499
24.9981
14.8054
26.2629
20.5447
13.7123
14.3164
14.2516
21.399
22.05
16.2142
13.7596
23.9309
17.975
14.6066
13.6381
20.6118
25.5283
19.9076
19.1785
12.9804
15.4507
17.5758
21.7228
23.297
24.185
17.4208
13.8171
25.4957
16.4432
14.7443
13.6713
17.8799
14.3088
19.6161
13.2661
19.7474
18.2133
12.9797
13.639
22.3764
8.9314
11.3709
16.8167
8.4897
18.5399
13.3345
22.4605
15.5288
13.7322
23.5789
17.1887
14.8206
5.70032
19.6121
14.214
18.1932
10.2441
22.7973
16.9995
20.9321
14.2238
14.8332
19.2153
24.4711
9.12477
16.3381
10.6421
17.3635
8.47978
15.4523
16.6663
12.6131
17.0557
12.831
16.2522
13.5365
18.7242
24.0716
22.1202
19.2126
12.9778
18.6548
15.9627
16.1143
15.3454
11.6279
22.3981
15.0221
17.2296
13.6925
14.2349
21.9827
14.6942
19.4419
21.9888
16.3282
13.8794
20.8632
14.7644
14.8667
9.07157
13.4821
9.04213
27.934
8.92524
15.1851
20.6215
14.355
24.7272
14.1473
15.3745
12.4375
15.8382
15.9401
15.9162
15.0041
21.31
12.7241
13.217
10.2266
15.4667
10.5133
24.3102
11.0304
26.2022
10.2696
12.9813
15.1863
20.297
15.0452
7.49871
12.4669
22.9668
8.84343
7.93367
17.1154
18.1351
15.338
28.549
8.48718
27.9692
24.7785
8.01554
7.17037
17.7452
21.097
15.0315
29.6781
17.157
10.3152
17.9582
14.3954
15.6832
25.3886
23.9549
17.3445
24.3644
16.922
13.6335
14.0625
23.7066
14.4496
22.8224
14.8975
22.1491
18.0111
14.1417
14.0032
16.4881
20.3424
14.3629
16.6255
14.4002
15.1638
13.2898
15.255
14.7517
18.4024
11.145
25.062
13.3624
14.0802
15.2189
8.85327
13.9334
7.96594
12.7307
14.4883
14.8253
24.264
8.6434
19.9727
10.2708
24.7232
7.64187
17.7478
6.96344
14.8975
20.5179
20.0428
15.0741
15.3737
10.1185
16.0822
9.20339
7.21771
20.0655
10.3443
17.7229
9.91311
19.4152
17.8387
8.47287
18.1039
9.3872
19.3198
15.8148
14.11
12.8288
17.2919
7.26941
13.7872
16.4419
15.7625
23.5405
21.9298
23.3922
22.3257
15.2399
9.88738
26.1344
20.7517
13.9443
15.9238
17.6298
16.169
24.5293
18.7018
17.0761
17.3988
11.9586
15.5676
29.1053
24.5875
16.1045
23.8952
13.574
14.6201
16.1671
13.4281
14.761
15.4529
23.7523
15.6566
13.8031
16.6536
14.8384
14.734
19.6022
15.8456
18.8602
14.7664
27.5187
13.9463
16.4686
16.2082
12.5655
21.9971
7.48459
20.1358
23.0219
13.381
7.30676
21.915
13.873
27.2398
15.3524
19.9335
8.86937
22.7087
14.1386
23.6209
14.052
16.4903
8.19183
19.3857
6.6816
17.1687
9.53915
22.5367
14.5175
15.6773
19.3667
6.62844
18.3189
8.08297
11.1293
14.4676
20.3032
7.75873
17.3291
13.3378
14.0706
27.6313
18.3637
13.2383
21.9556
19.1008
14.7306
17.4177
12.4375
18.5775
15.6586
12.5475
26.3024
22.0292
13.7057
17.3613
15.8688
10.0654
22.9519
15.1934
18.2319
14.7448
15.0813
23.7818
15.9341
23.7161
14.8274
18.951
16.5314
7.89654
22.9047
7.37726
10.0522
10.4395
11.7527
6.35818
8.66828
24.3897
6.85782
8.34381
13.691
9.07046
12.5464
14.6124
10.4949
15.3396
9.81129
6.29837
9.24948
27.2195
13.6677
8.55409
11.5134
10.1971
13.4772
26.2963
7.10754
10.4788
19.6682
13.6829
14.5899
14.3258
11.252
23.054
15.8696
6.44459
14.887
23.4725
7.46111
22.5839
14.3412
8.24461
21.6602
7.25929
21.6037
9.00249
22.2606
15.5009
27.7635
16.4974
25.8599
21.5326
6.60059
23.1262
9.11552
16.4656
20.5337
14.0501
26.0066
15.286
19.0507
12.6078
13.0481
17.599
8.33783
18.7568
14.5073
15.734
7.70497
7.50488
27.9772
9.07697
18.9833
7.74341
7.55904
21.8618
6.36125
13.9219
18.0599
6.78106
21.4201
12.0624
14.6464
24.3464
15.9569
7.07222
10.6074
31.6314
21.9988
11.4006
17.7294
9.03591
17.3063
7.93063
16.9497
8.30489
19.6207
7.76589
7.96511
9.36959
10.2723
22.6208
8.27645
7.84905
10.4751
10.8911
7.6108
11.499
11.3035
20.23
9.87005
14.8427
26.9097
8.54837
9.4024
15.8373
14.516
23.6142
15.0134
16.2889
11.5671
12.0719
7.57111
8.84777
18.442
9.34752
11.7687
11.8087
21.7035
9.46531
13.8459
19.4696
10.2161
15.5411
12.3176
9.95072
11.1613
21.4242
8.81
11.789
8.44079
9.34064
27.4059
10.0456
10.7267
27.0642
13.1344
11.257
14.6996
20.5507
9.57228
17.236
10.0174
8.38999
11.731
29.8641
10.8281
10.4623
11.5049
11.3599
21.166
12.6745
16.7811
10.6449
9.03048
9.20345
14.7745
20.0756
9.30985
8.14455
8.39069
8.53628
13.0232
11.9183
17.5842
8.75532
8.06216
12.0828
20.9817
9.41755
11.909
25.9635
16.7566
16.3123
13.2088
16.0241
14.1278
11.3005
17.171
16.7028
14.4761
16.0956
13.7746
18.3932
15.7909
23.122
14.055
12.7012
23.1308
16.1718
14.3049
14.0723
22.207
14.2322
23.5786
19.6427
19.7724
16.4047
16.468
20.1009
20.9324
6.6269
21.0176
20.2796
16.2034
15.0252
13.1735
21.4727
16.412
18.0764
18.6657
16.8117
24.0948
17.2872
11.8303
23.8288
15.0147
19.9217
15.0782
13.3776
12.9938
18.1859
14.1922
13.8097
15.5352
15.4334
15.8155
12.1296
11.4667
17.1417
13.6786
18.4423
14.6144
14.0169
15.9907
13.6624
15.4644
13.899
21.4201
12.9772
20.6076
19.6274
9.47822
16.5812
15.6165
6.93624
21.3666
22.6726
15.4679
14.3765
19.7117
14.8054
19.9327
15.5751
16.3637
15.0435
15.4769
23.8748
14.2566
27.0823
18.36
15.8199
15.1459
23.9245
19.1058
20.8171
16.2702
13.8745
21.3461
16.9538
22.271
14.6005
18.2353
23.6328
20.7021
21
15.5143
18.2716
16.7894
14.5736
24.4836
19.503
14.6979
14.4513
26.6997
9.7469
22.0943
6.31949
20.5092
14.337
22.9322
7.91356
9.67216
8.06
24.4856
7.18901
10.8281
9.72132
22.3947
8.76957
9.44748
22.5935
6.86015
13.6124
10.5445
26.8307
7.38219
7.72673
15.9742
9.94753
26.2975
8.23055
9.9379
8.96341
10.7716
10.1274
26.3089
8.74915
19.0865
10.0447
7.68157
10.5268
25.142
7.45265
9.5677
10.9567
27.6092
11.3347
14.3306
12.5237
12.5841
10.1194
11.8716
18.5196
7.70842
13.9469
8.63727
13.3454
13.9998
10.5115
30.7098
10.8839
7.45984
8.77182
7.87163
26.4097
9.88713
10.109
16.3984
9.45438
9.99056
16.8047
10.4658
10.0929
11.4944
9.81791
8.22673
24.3796
6.59965
9.07631
9.91473
8.2637
7.02076
8.87176
7.06931
12.8103
8.75883
8.9648
22.6045
6.72816
10.2309
8.20773
5.95385
12.0065
10.5695
8.3079
13.1934
10.4342
10.4482
13.1716
11.0379
13.2167
19.7545
10.0917
10.8083
7.39154
8.55357
12.2393
8.66569
27.0215
6.73664
12.3913
10.4534
10.8384
7.83131
11.0948
22.914
9.05808
8.0691
13.1395
8.5625
11.3139
8.69636
7.21521
8.29952
5.75586
10.8815
9.85392
10.4442
9.07808
9.35772
7.291
8.66829
14.3297
9.96383
12.8973
10.8255
9.53867
7.9072
9.07027
8.85962
7.39621
9.88953
8.13002
18.1603
7.2646
14.0519
14.0523
8.64465
14.4841
10.8169
10.772
12.4742
9.48154
12.0759
14.3136
10.1106
9.6224
14.2265
10.6853
9.83123
14.1232
10.4363
13.7387
11.103
10.4135
7.48598
10.6706
9.89996
8.51335
9.13142
11.8425
8.50225
11.7725
7.23447
9.70342
14.3008
8.42937
7.97655
24.6456
15.1296
8.62304
19.8743
8.11528
27.5431
14.3894
7.09843
13.1726
9.70803
10.5908
10.6619
25.1936
9.43303
10.1466
14.8953
23.4399
8.97073
10.6502
14.0342
10.6192
30.318
9.67443
11.5049
23.0617
16.5215
7.12623
16.4951
6.21808
19.5594
10.6373
23.3527
22.2678
7.34064
24.2235
17.2802
9.95073
12.3966
10.0875
32.7471
21.2626
16.1917
9.24621
9.59449
14.4422
11.7339
14.4115
11.2748
14.685
25.4008
8.49695
20.5766
8.4213
24.0443
23.8806
15.4379
20.3719
19.7189
14.3637
17.4553
14.9987
15.3266
15.3056
12.922
26.1623
9.01301
23.0345
18.881
8.07447
22.6438
7.72789
10.4857
24.5571
11.2402
8.36458
17.2736
8.03833
26.7523
8.73459
18.0526
8.96823
26.9563
17.6725
8.07106
18.94
21.3155
15.8703
8.96199
27.1672
8.54464
22.1691
16.0784
19.6305
14.906
15.6376
21.8146
25.705
13.6761
14.0089
12.651
25.6324
20.8245
13.5162
21.743
23.3053
14.9264
15.366
20.4384
16.8948
20.3599
19.5554
14.3716
25.0564
9.29315
16.6185
14.5669
17.6834
13.8762
7.07283
18.1592
20.3093
19.1746
15.5792
25.7018
24.3862
15.6275
24.8884
15.1307
19.1007
19.0471
13.1908
16.2475
15.4116
20.3349
16.0469
20.011
16.2958
14.1214
14.1984
17.7851
18.4153
13.9172
16.3542
14.6585
18.9914
8.76245
17.329
15.3352
8.42028
21.057
12.0672
24.7942
11.6855
10.8982
22.5371
18.6499
21.0943
16.7129
8.61683
18.0078
16.4844
22.5859
9.97639
9.16418
19.1168
8.34422
18.518
22.9396
15.3328
27.2078
22.2856
14.7094
10.7689
16.1888
13.9673
23.4507
20.7388
23.9448
14.9281
16.2336
21.6981
21.7916
17.5461
23.6781
16.794
12.7651
27.85
15.4643
20.9008
22.5585
17.8827
25.3077
16.7708
23.0637
18.7687
14.8384
14.7526
15.6364
19.9789
15.3644
26.1441
26.8631
17.0587
14.8543
14.5571
24.3713
17.1809
13.956
19.3966
15.5257
13.2929
18.009
23.7659
16.2984
32.3385
15.0703
13.0853
18.3881
23.6236
23.0325
15.0618
8.32005
13.4317
15.757
14.322
7.7406
16.7911
16.3189
31.8219
20.231
24.6672
28.3412
16.0248
17.0243
17.9141
21.416
16.8705
17.9901
17.8912
17.6593
22.6344
19.805
20.5301
15.719
17.0848
23.9381
17.3711
18.1148
18.0678
18.1029
16.8882
18.5544
17.0571
20.4954
22.3551
22.8907
16.209
17.1463
21.0385
20.0734
13.2249
15.4625
15.334
8.54008
21.202
7.68705
18.6065
15.2694
18.6129
8.17013
15.7111
7.51751
11.0682
8.99062
32.7926
13.0288
7.5075
13.1052
11.3476
22.3586
11.0992
27.8936
8.37981
9.3772
24.6963
27.258
10.4034
32.6637
12.0297
12.8008
18.1301
15.1733
10.0007
8.04546
26.8054
6.83108
9.78072
12.2977
7.63621
9.35267
11.3956
11.1683
10.7932
10.803
10.201
14.2504
12.7313
9.79436
10.8069
10.6563
14.0347
8.84384
10.03
28.4328
13.8131
7.62039
10.5672
8.03056
7.84427
8.12611
7.43016
12.263
7.64494
9.76284
19.7337
10.6107
17.8432
12.5906
12.1231
11.771
16.8509
10.7617
9.22516
29.7915
16.3673
28.6654
18.2581
7.36393
19.1002
8.7789
19.918
8.71588
24.384
23.2352
13.6708
28.1593
10.0158
15.9676
16.9965
7.6687
12.2935
21.8762
13.4538
16.6305
15.5277
22.4735
7.66914
7.94646
14.1601
14.0318
24.4579
6.87079
12.7101
16.0282
8.628
8.86276
12.8551
23.0767
7.26932
10.916
10.1203
8.03092
11.2029
15.2395
10.2843
10.6427
30.8139
9.76636
13.8594
6.564
11.3168
10.9076
10.6785
11.1673
16.511
7.29936
11.1482
10.7601
26.6099
10.6578
25.9548
10.6256
8.27499
10.6774
11.4426
10.6397
12.1404
8.31973
13.7439
9.73638
11.8825
8.86722
28.6091
15.4976
9.75034
25.1153
7.39968
16.7278
15.7464
16.3806
15.9271
16.3374
16.626
17.3764
22.1771
32.2717
23.0315
16.8239
13.8979
17.6833
8.23733
19.909
18.7533
16.1198
12.0629
7.22749
17.526
10.6821
23.279
15.2821
9.47282
20.5167
16.5443
13.626
15.6187
14.1144
17.2184
13.5368
17.9541
13.7673
25.3317
16.9849
14.3779
13.2969
28.2314
20.448
14.8154
16.0677
24.6683
15.3378
18.7404
14.1245
12.9859
16.0945
20.125
14.7981
21.2917
20.2825
13.9343
23.2335
18.7233
15.0985
20.7667
18.5187
8.03909
26.1286
18.732
14.4361
14.2675
13.9435
17.6711
9.94275
14.7917
9.86438
23.6325
11.5918
20.8427
13.3329
9.83601
17.1351
9.63964
23.889
15.8777
8.38709
15.3008
15.6277
21.9543
16.5554
15.3934
15.4862
18.6815
9.62014
15.2224
8.62363
19.1196
11.8114
14.0774
8.00507
27.9875
9.56166
8.27226
18.8402
15.3501
15.5304
12.3739
15.0038
28.8125
14.3714
18.3596
13.1281
13.869
13.7854
19.0926
28.5143
16.6671
18.3926
15.07
13.6081
14.0947
14.5331
14.2325
24.8566
23.5575
23.8104
15.474
22.4649
15.6587
18.8047
14.7669
17.2105
14.9019
25.6783
13.3728
11.1276
12.5311
16.9454
13.0535
13.3111
28.0721
23.4056
25.0492
16.3306
25.139
13.5705
18.0971
16.0223
21.0343
16.5645
15.0215
14.8214
16.1355
16.1897
14.1429
17.0164
15.02
12.7862
19.5723
15.1622
19.2471
17.8544
15.5212
14.4542
18.3158
7.38015
14.2238
10.2342
23.798
19.8566
9.25529
17.2275
8.29057
15.7725
16.3037
18.787
14.8746
25.4307
18.8876
15.3724
17.0874
14.9949
23.5338
16.0383
14.8426
8.20078
20.3674
21.4247
13.5957
12.0211
16.3069
16.6408
19.181
13.7369
20.1148
24.0007
19.2736
14.9617
13.0446
19.8583
11.5297
13.4753
18.551
6.52575
22.2554
13.6054
12.8003
23.066
18.7483
14.6702
22.1765
13.1795
12.3353
18.0457
12.6629
24.9791
15.1532
12.6762
25.5757
12.6343
13.7182
17.5906
20.8744
16.4199
23.0621
18.5339
19.1744
7.78141
25.4668
19.6896
11.7589
21.4672
17.7657
23.3412
15.2292
14.9332
20.0437
14.2605
12.0631
21.1871
7.57989
16.216
7.94918
8.34284
17.232
8.68409
12.839
22.2115
10.582
24.009
16.6247
17.6206
17.114
15.3911
12.1147
17.1875
11.3201
7.8112
16.1881
7.97002
10.4317
11.1105
18.2966
10.6184
16.0552
6.32315
8.10639
18.4027
22.1746
17.1145
12.6554
21.9904
19.2135
12.7772
16.7104
16.3893
13.662
19.259
9.36177
15.6571
16.8145
15.4351
24.6423
16.0282
16.6649
19.7377
7.82705
15.018
8.07236
15.1109
18.4982
13.5342
13.5944
24.5569
21.1503
24.9356
14.3119
13.812
6.23071
24.2516
10.6579
6.39219
18.6864
6.44031
20.7521
12.4139
24.9768
17.4484
13.9334
14.5697
15.363
15.9921
15.8466
14.3323
23.1071
13.0173
16.8738
12.5079
14.8691
9.47002
15.0832
18.0001
15.158
21.4619
7.88315
17.4377
10.296
22.0813
13.2373
20.842
14.7319
15.2764
14.4058
12.5283
24.6831
21.2661
16.368
15.459
18.7836
15.7806
15.8216
14.9958
15.9886
18.3675
17.0042
22.4702
14.7286
14.7856
17.4133
25.0018
18.826
26.386
23.6516
13.999
8.15386
13.3384
8.37791
14.5276
8.58975
11.0947
19.5733
8.34857
12.2363
19.3552
15.6335
8.11916
15.1671
12.0654
17.8271
16.0625
12.3964
25.4017
8.37723
14.39
16.2879
9.96659
18.4578
9.76196
19.3509
8.43206
22.3152
12.6222
13.336
10.3807
10.7556
14.7763
14.0354
15.1794
22.2973
7.44833
10.4089
20.945
7.70083
12.3668
10.5717
10.88
21.3253
8.47703
17.1185
10.3868
16.5896
12.566
18.0561
6.96496
22.2929
7.73256
19.443
14.0054
7.45874
8.76347
22.7261
13.0438
13.9679
5.77713
17.4687
9.00495
19.1004
7.4968
28.2218
8.3783
13.6008
23.689
14.2364
14.3541
14.6779
20.7068
13.7147
19.344
18.6712
15.4574
15.3962
13.9287
9.43983
21.6836
13.7403
9.53854
16.4489
18.3803
13.672
6.75306
18.6918
14.3535
11.6837
27.9952
16.7201
13.0836
26.3594
13.8109
23.9984
6.66677
27.6227
9.63741
8.16689
23.1109
8.32014
7.09215
7.71834
20.5628
6.60995
9.32006
19.5893
10.2452
12.3201
7.29293
9.56919
30.0251
9.51835
7.07577
6.8689
18.4128
9.0011
9.54531
13.8353
10.5791
27.4676
8.05907
9.81322
7.65047
8.02259
7.9244
5.98312
20.9038
7.46111
11.1415
8.34707
11.059
8.68597
9.99884
14.5416
13.2982
10.64
16.5107
6.96877
9.43298
8.71968
17.04
6.29853
11.5143
18.2974
7.92482
22.2909
9.67342
25.4713
13.7459
14.4927
11.5229
10.0728
6.74621
22.9957
8.17914
10.2841
7.78629
10.006
10.4226
32.5743
8.52455
9.65589
7.34814
9.49721
18.8641
9.51356
11.9943
24.3843
10.1171
23.9
9.04459
9.59938
16.0568
8.20467
20.6023
15.938
14.9139
28.627
20.6177
11.3273
25.9553
6.2474
28.1362
12.9376
21.896
7.45151
16.2989
6.37103
7.16769
23.5185
9.06476
10.406
25.6675
10.1896
21.2412
20.0419
10.2061
15.8906
24.2975
31.2327
9.38085
19.2703
8.31895
26.8892
7.28883
15.6293
16.3635
15.6884
15.732
8.82424
11.2815
17.8615
16.1994
13.734
23.4619
15.6751
11.7524
18.5656
12.2266
20.2237
20.273
13.6061
22.7712
15.9875
19.3287
13.8344
21.6858
15.0831
15.0107
15.8243
28.3093
8.4645
22.8197
13.6054
23.7358
23.1718
18.7316
8.85962
18.0732
13.3152
19.3151
6.77263
10.6166
9.88206
29.072
9.73387
7.53742
9.32447
6.48596
8.40318
7.9787
16.103
11.3333
9.35265
7.35405
7.9955
10.46
28.6158
7.20512
8.77756
8.36419
9.88019
9.58483
10.5788
10.6806
24.6404
8.82745
29.2162
6.76357
26.4637
21.1823
18.268
25.5836
13.99
15.0571
14.3882
16.9278
27.0485
17.5295
15.8525
15.721
22.096
15.281
15.5328
13.7517
20.9586
18.1501
16.8745
19.2821
36.5572
28.2779
17.1959
17.1601
17.2653
23.4699
14.0228
17.3483
13.8223
13.2828
22.4979
18.4081
15.1063
15.9717
30.433
29.0156
14.9903
14.3401
23.6748
13.0482
14.9791
16.337
16.0837
16.355
16.7002
14.8441
14.9164
14.5874
24.5345
18.047
19.57
14.1915
20.1216
13.428
23.1982
18.7171
14.4391
14.5444
20.6037
27.5158
26.1342
17.5061
17.1973
14.2788
30.6158
17.9243
22.4956
13.9759
23.7151
14.1475
14.9047
15.4676
17.0982
16.7695
15.0624
15.4244
15.2325
15.7907
27.2657
14.527
19.0906
13.9917
18.7473
28.8089
32.4693
16.2575
14.5267
26.281
21.8089
12.8918
14.0849
17.9604
28.4818
22.9726
15.9136
15.6644
16.4559
22.4805
13.9087
17.2073
25.5626
21.7127