13.8864
34.4366
23.4727
15.5717
18.2323
30.2692
18.1862
25.0781
17.5445
15.5883
18.1199
15.8174
16.4221
17.4313
20.1886
13.6798
14.4504
12.8492
14.4966
23.1942
25.298
15.5586
22.7127
14.3091
21.758
17.8269
16.6368
6.3131
10.361
6.84457
21.3627
7.81773
23.9439
26.4421
14.4837
16.0238
15.5231
21.9864
14.1683
10.638
18.0057
13.9079
18.6516
17.9101
15.6976
20.0867
19.4368
14.1241
15.0345
18.463
13.8771
24.1617
15.6469
13.1454
15.9446
22.9409
15.1684
18.7883
5.89763
13.8655
22.2237
16.0349
25.9158
29.3772
17.5734
13.9562
13.316
14.4977
13.1652
16.5929
15.688
29.2422
19.4844
16.4874
14.2085
15.5448
14.9944
14.3053
15.317
22.337
14.3684
16.2222
13.0983
17.4666
16.1619
14.8713
15.9503
24.2881
22.5826
7.50677
11.0592
17.2791
22.8828
9.16507
20.8367
15.2045
14.6212
14.4373
14.9872
16.4003
13.1239
20.5719
19.903
19.5151
15.3969
16.7981
15.7174
17.8097
13.9384
15.9974
19.9185
15.1116
15.1456
13.7544
22.2618
21.3308
20.4861
13.3602
13.3726
16.0714
26.0193
8.03998
10.3222
7.4319
20.4723
14.2833
20.43
15.6499
27.1261
14.3582
18.9976
22.0781
15.3889
18.8701
15.4325
14.8102
16.046
21.2676
18.6325
22.355
16.5624
13.7271
19.7146
13.4434
22.4025
23.0263
19.9964
13.8719
15.8408
14.5441
14.0168
14.4546
8.38891
9.48068
9.01195
16.2222
7.23608
23.3327
7.53737
16.7839
16.1206
19.0132
14.9062
18.2299
19.3812
17.6043
21.3218
17.1051
16.1761
13.3267
21.4964
13.4876
16.7506
13.8483
17.3505
18.3611
24.7442
16.4732
17.5018
16.9212
14.9625
27.0162
15.6074
13.6486
18.759
16.6947
33.6905
15.5721
17.6644
24.9978
18.6446
16.669
19.54
18.5366
26.025
7.33144
16.7659
22.2237
24.0882
15.4254
18.0234
15.5712
21.6932
17.8313
17.0266
17.9231
16.2401
21.0951
21.3121
10.3851
17.7524
15.858
19.2121
29.292
7.63772
12.1159
13.6708
9.24581
8.10568
28.5565
15.2525
21.7691
16.279
14.7596
16.1245
27.8331
22.2767
15.2194
29.8097
14.2074
20.7795
14.442
15.1119
25.1088
20.3202
16.4422
16.0787
26.1446
16.323
15.7503
12.3415
16.7432
15.4502
24.813
18.5536
17.5121
20.1256
7.88846
11.177
19.6302
10.5452
10.4478
28.5515
17.5703
28.4512
18.6819
15.5383
16.9139
15.398
17.8426
20.6774
12.9818
15.8233
12.9625
25.3261
17.5021
16.6611
12.3032
15.5236
15.152
22.9763
16.4467
11.8558
18.8407
14.9739
20.9653
14.6155
17.4207
15.3848
32.1914
18.1231
27.2689
15.4328
14.179
24.108
23.5572
15.93
13.6285
25.9777
26.6155
15.2049
12.6378
17.045
26.0135
15.8762
16.6186
21.2669
14.8422
23.8487
12.9902
14.0501
19.6475
16.9406
24.0775
14.4627
24.7281
15.9459
6.20402
7.73483
10.103
7.70357
20.5891
15.5952
17.8622
23.5405
15.1382
18.7752
17.2729
12.4149
15.5761
12.2067
14.6257
18.2856
12.6711
15.4713
13.5955
23.9983
19.1699
14.1462
19.9876
14.7807
19.5775
14.8595
15.0612
15.3104
16.5156
21.7745
14.7632
17.5759
14.5287
12.6273
18.3348
13.5817
26.3631
14.9509
16.6601
17.6054
19.0797
13.43
16.5237
33.9789
13.4319
15.2623
14.2084
15.9606
17.4905
16.7057
20.7935
15.471
29.5446
18.605
16.6913
18.2232
15.8274
15.8121
15.8695
16.2881
23.6868
15.9363
16.4449
14.2086
14.1248
16.7807
17.9819
13.6363
19.2088
18.1395
12.8413
13.6687
14.2088
13.5329
15.3311
17.8022
16.2795
15.3689
14.4267
14.4343
16.265
15.1108
16.2405
14.7664
12.5772
16.7858
15.7091
19.071
21.7918
15.4964
15.2676
15.0927
21.1849
14.638
13.9476
17.1618
15.9195
23.3918
16.7407
23.033
24.6839
17.6119
16.8083
16.4192
18.8871
13.939
22.6018
16.9826
14.6953
17.6844
15.1119
26.1132
14.5875
27.0298
15.138
13.0546
13.7521
21.8774
19.8907
14.9416
15.8485
16.7073
15.4876
16.6531
25.8071
14.9693
14.7918
13.4875
29.6018
17.975
14.8841
14.8928
14.3423
15.2961
17.2319
19.3875
17.3573
17.6324
15.9188
16.4262
24.1632
16.1707
24.9256
16.0098
14.0166
21.2341
15.2283
13.3657
16.2938
13.0944
18.7529
19.3196
16.2711
25.3019
15.8594
18.418
16.2997
16.6152
19.8862
15.9999
14.5533
17.6408
25.9906
23.5701
14.8185
15.9355
20.3185
14.4311
24.8586
9.3189
18.4693
15.2642
18.8148
18.364
14.9667
15.5296
13.6976
13.5811
21.4268
15.4643
15.0108
24.8542
15.1398
16.8947
16.1648
17.1084
19.5528
19.4383
19.5047
16.2883
23.2872
28.7643
18.4818
15.1217
15.658
6.51927
22.2079
15.2795
19.3878
13.9073
12.0286
27.291
4.84498
11.2723
12.7089
8.78212
12.5904
8.53148
10.9377
8.72564
13.3142
12.9443
9.62139
9.77795
10.1048
9.1714
8.67006
10.5752
6.2948
6.10577
8.69293
13.3704
6.86973
12.6734
9.08972
8.79825
9.50308
9.15148
9.2678
8.93838
8.0124
6.47922
9.31099
8.27402
7.07193
10.8693
7.4572
7.61301
8.54895
6.19861
8.9844
13.1629
12.852
8.53684
8.45401
6.52985
8.70284
9.54862
5.84492
9.13046
12.9095
9.76451
9.04003
6.96816
5.47033
9.28129
8.78333
11.7572
7.8665
9.09236
9.67864
12.7531
6.82842
6.42465
7.5321
6.09931
10.9372
8.74183
7.81812
7.3635
8.26146
8.79759
8.29519
8.17803
12.2003
11.3987
11.3404
9.37964
8.16419
9.96037
5.22524
8.28832
8.42593
12.3174
7.3604
9.95053
7.06969
8.17252
8.82433
6.76386
8.07048
11.0789
22.5539
6.26229
7.31624
7.58022
12.1098
23.4035
9.74396
9.55687
7.24585
14.3088
7.48477
8.45096
6.63388
8.95468
8.16275
6.98739
12.1654
13.4967
23.9893
6.20058
28.6936
17.982
13.2161
23.9396
6.32427
20.7314
6.88048
18.982
6.95788
9.1635
12.795
8.65165
26.1136
7.24206
19.5851
9.37396
7.23785
9.39226
6.22754
19.8541
13.4144
7.85217
9.18989
8.19376
8.31067
26.0553
6.67956
7.54986
8.91058
7.64576
8.8959
8.38622
8.29633
7.9161
8.08662
11.4588
13.8669
9.5311
12.1655
8.21555
6.0688
7.46907
11.3394
8.0288
11.2289
8.15009
16.0325
8.11057
9.58625
7.4059
10.1726
9.62198
12.9402
9.41761
9.62209
6.92542
11.618
9.03041
10.1375
5.82632
9.17341
12.9525
8.59481
8.05332
6.34622
7.42781
6.15879
9.03013
12.2482
8.01522
5.30165
10.2645
8.23271
6.4732
9.44511
7.68664
7.87192
7.83943
6.31014
12.5165
8.23817
8.01846
7.70449
8.8438
8.83152
12.916
11.5468
8.2982
9.42761
11.0364
10.6583
11.6116
8.55198
8.80726
9.47451
11.935
9.62334
5.46634
6.60863
11.1366
7.43165
7.3693
8.49698
9.70621
14.0464
8.18097
10.2053
7.98485
9.38464
9.1117
8.69127
9.34511
8.16495
8.47249
8.69609
9.24417
7.57521
8.96112
6.3933
6.24791
9.12141
6.26836
5.68965
7.32871
8.50014
11.5672
7.90404
9.11006
10.4722
8.7565
11.7376
13.2173
9.03302
7.3978
8.32833
7.44223
11.4408
9.37965
11.5767
9.8709
11.7965
13.0857
10.8451
8.43934
10.841
7.76776
8.94499
7.7322
13.1864
9.18544
11.5954
9.3114
7.71629
18.6256
15.9544
16.3501
25.2751
14.5349
26.1355
18.7192
23.9757
14.9887
13.5404
28.4032
16.6479
15.1882
14.4408
16.7862
24.1082
15.7591
16.02
16.1446
17.3217
16.1559
20.5706
16.0754
26.7393
15.7739
26.5044
16.2765
14.1041
13.5941
26.8876
13.7978
26.6068
18.9093
14.659
15.4255
13.5671
20.758
29.1384
21.2732
14.9188
15.8782
13.6815
14.7258
15.1906
16.8982
7.81215
19.5787
9.28615
14.0887
28.4149
11.4301
10.2024
8.03103
24.3226
7.66325
8.35921
17.051
11.3431
6.9283
13.7264
7.74043
7.83583
22.7687
9.56299
8.91361
13.496
13.5759
17.4564
10.2831
7.65868
21.1146
7.00657
9.7809
8.19349
19.7368
5.98543
12.0126
8.84351
25.2956
10.0327
26.1515
8.56763
15.071
15.8204
15.0155
15.5559
24.6317
6.38374
21.6586
26.3418
15.8718
13.8772
18.8353
16.7893
25.8698
18.3016
8.23164
23.2665
7.01451
22.9178
7.3232
13.4747
26.861
6.44486
6.18903
14.6347
8.93086
10.1997
19.354
8.13137
14.0635
9.7172
9.86251
19.5659
10.7798
9.83087
13.8559
25.0349
12.8286
7.71094
10.5803
15.8855
24.9601
9.03991
13.6193
12.4497
6.09379
7.52907
8.08209
7.89584
28.196
7.76018
8.13954
8.52772
8.25711
10.4208
29.0145
7.58506
31.232
8.43623
14.5484
18.8699
10.7025
18.5273
6.76997
8.88056
9.51922
27.6479
7.68302
8.31357
30.6223
7.88816
17.2215
14.409
6.49729
9.932
7.37349
21.4744
7.47394
8.36102
9.71238
24.2943
9.95413
8.42018
10.5899
25.5088
7.40224
9.66155
8.41382
12.9838
10.4205
13.4104
9.1541
13.8169
8.71754
14.6622
7.69436
8.84517
9.4692
15.1085
15.8569
10.3892
17.8941
8.4542
6.81432
16.3552
10.4046
8.79652
9.59153
10.9851
14.3405
10.0523
10.0506
26.366
7.40988
16.4633
7.90908
8.72117
8.79092
24.5684
14.9251
13.5322
6.74958
24.0986
9.11338
20.0601
9.67349
7.56406
26.1012
13.8627
12.139
10.6588
9.9517
24.3893
8.52848
6.4258
15.2999
6.82822
13.237
7.95841
18.6224
9.83749
22.5606
12.1715
6.84075
17.5063
8.08032
30.4601
10.1628
14.6059
20.0746
6.44294
19.9091
7.36578
23.0088
10.1451
20.804
7.9217
19.0586
14.3893
15.2537
9.68613
22.9667
17.8057
19.8546
18.839
16.8672
9.27496
8.65686
24.7399
18.274
6.83031
17.9403
7.02446
9.14434
15.2413
13.7435
11.7562
10.9966
17.759
17.1136
8.54005
25.1171
6.95624
6.32298
14.5221
14.1918
7.14967
8.6144
16.7662
7.00575
9.91736
14.1969
23.5434
7.34831
20.9909
17.9057
8.36561
6.60076
17.2321
6.85333
11.3006
17.194
8.85793
8.79335
8.17058
8.13242
18.7665
8.89602
10.7618
7.33823
25.4342
6.6873
17.7501
6.32046
8.29875
10.2174
22.55
9.05224
11.2178
10.8223
7.09951
20.1775
8.98926
9.52532
12.3981
11.0404
11.159
7.29965
22.5079
7.91791
11.8824
12.3227
12.9075
14.1272
12.0127
24.1442
15.6971
14.4371
10.8498
10.9384
10.8588
13.3511
16.4029
6.87252
13.6383
15.0709
10.7025
27.6138
8.49225
14.1734
11.4124
10.0626
13.4787
8.02545
28.4625
16.3611
8.73941
13.2993
8.24866
13.1631
18.7784
7.68153
10.0491
23.5264
6.88758
11.7793
28.0938
13.6302
8.00087
11.9137
20.9857
10.688
8.80892
13.8418
21.9142
10.7293
8.96764
8.86984
20.3494
9.45746
21.8983
15.8159
9.00434
17.4662
8.59549
18.0835
9.23843
10.2852
9.41879
27.2979
8.88417
10.1036
27.3221
7.34644
14.9734
19.0598
8.40693
8.75512
18.5348
7.92173
7.39402
21.5884
15.0897
9.72729
18.9111
15.6797
14.7627
18.3463
19.4468
24.6457
14.341
15.2337
9.00016
13.24
26.8361
8.87819
8.93775
9.88951
18.9319
8.26595
17.9444
8.53572
20.3824
18.176
14.0838
21.2223
13.5997
25.6029
8.25416
7.51095
10.2737
15.0091
9.23797
19.5059
8.90192
10.8765
8.02851
11.0029
15.329
7.29431
9.76676
13.8211
25.8912
15.6009
8.46356
9.99364
6.40663
7.76546
21.8709
9.36751
16.2789
28.5398
7.65782
14.003
7.44274
19.9104
7.18187
27.5589
18.0217
12.9259
25.1896
9.10739
18.9772
11.3266
19.3114
7.46007
12.557
11.0221
9.10361
10.2037
9.7034
10.3429
9.1538
10.1275
10.7445
9.91999
20.9084
7.7062
11.2134
16.2347
11.1039
24.3729
7.68247
11.4282
10.5179
9.79625
7.38284
9.72797
17.4852
6.03322
10.7278
9.02216
13.637
8.81196
7.34562
8.38481
9.69483
16.2926
10.5016
14.1571
10.5155
8.97675
18.7369
6.38363
10.1401
10.2456
7.88064
26.5427
22.8576
14.4124
15.3207
6.84359
7.65288
19.946
14.9084
8.80926
9.38597
9.2375
6.35534
24.9846
6.95998
7.3931
25.4935
7.32651
19.8674
11.1401
13.2253
10.0679
22.2309
14.8086
15.6105
8.61332
13.7434
30.0475
8.57767
14.1651
6.01826
10.1618
20.0118
8.82525
15.5323
9.8202
13.5163
7.72663
27.6964
6.55911
22.911
6.21275
8.57079
5.90289
12.9682
6.38401
7.81397
6.36498
8.95894
10.6659
7.27801
12.7163
8.34727
12.0637
9.78998
9.23502
9.46451
7.22362
14.6966
20.9121
6.73039
8.28347
6.81547
8.00486
21.5257
9.87106
6.88017
8.83304
8.65934
24.2324
6.95687
9.99096
25.1975
10.7115
8.28076
25.2068
6.31913
19.4768
7.04098
18.6685
7.11302
6.91731
13.5536
19.7593
8.45954
7.09363
25.8815
16.0775
12.7235
11.4641
25.2407
6.30091
6.88625
9.65915
6.98259
9.63306
29.1872
8.0749
9.17403
7.26032
7.06725
7.16872
8.7185
15.796
7.1458
6.42243
10.3133
18.363
6.86153
17.9421
7.62001
21.6979
28.0538
26.8988
14.3758
7.1847
16.2924
16.0288
17.9012
14.3098
9.89256
16.6269
15.1557
15.1615
7.73127
9.92539
14.7895
6.62413
12.7423
8.79472
34.6429
8.54492
16.9102
8.37288
14.6261
7.00539
11.0162
23.2177
8.11511
7.94649
9.18702
11.1052
19.3598
6.08504
15.612
5.93403
16.4026
6.23046
13.7087
19.4965
7.99454
21.7887
10.5539
13.2208
10.5938
10.2295
9.90375
13.1376
13.006
6.63927
21.1405
7.73732
11.3965
14.3462
7.81864
12.7614
6.77455
14.428
11.1689
12.2636
7.9093
11.4925
15.326
8.0466
8.81718
8.81909
11.6083
10.6875
15.7895
10.9136
13.723
26.3647
12.2702
7.64364
18.3955
13.9291
15.04
10.7438
11.0601
9.5442
13.7591
18.4756
10.6894
19.0739
10.1344
15.246
7.06293
20.979
10.8548
10.62
18.5041
8.97877
16.4537
7.37177
8.21923
4.84114
8.26018
8.66756
13.7176
11.15
9.47369
13.834
8.78564
23.6009
10.6071
14.0686
16.0655
7.24239
9.28363
11.136
14.0239
7.84208
10.7157
16.255
6.82709
8.19127
25.4828
14.5821
11.8985
25.0781
7.28988
13.5662
16.9366
14.9759
15.1499
10.6402
22.995
5.3404
6.2813
11.1574
17.8379
7.06776
7.44168
29.7436
9.05951
6.48694
9.70874
8.51036
10.4308
27.9716
20.9727
14.774
26.4296
22.6605
14.1072
14.5754
22.8731
18.5516
21.4036
14.1336
14.6049
14.3127
15.8733
13.6874
18.096
13.6003
23.8688
10.3055
16.3949
10.9589
21.2326
10.3188
24.7299
7.57944
10.6106
9.38712
13.2033
8.55744
20.3893
6.46114
13.688
10.4953
8.4781
18.5412
9.43773
14.6126
10.1048
11.1993
21.9175
6.55939
9.91509
23.4343
6.8984
9.1182
21.5602
15.4578
10.0093
23.9199
12.002
16.306
9.63139
10.2922
9.54873
8.86685
17.6433
7.51262
26.1877
10.5368
7.38175
11.5636
8.67473
26.5312
7.48781
9.68701
10.6053
7.37265
12.7391
8.74772
20.8442
6.53517
10.4625
9.09563
11.0466
27.3092
6.44788
13.3442
11.388
8.80391
10.675
13.1439
20.7415
8.45836
9.68367
6.93857
6.01527
8.68259
10.0717
15.8418
6.87835
7.86377
23.7475
9.13396
11.0985
9.96814
24.8066
9.32001
7.57392
21.6318
7.53368
8.33877
10.2471
16.8901
6.80981
9.35998
24.5275
11.0608
28.3301
6.65838
19.8983
17.0809
6.86872
12.2348
20.7259
7.28837
16.2125
13.6339
20.4773
15.3173
15.2324
25.1929
14.0997
15.7503
20.0216
16.8056
18.1237
18.7478
14.4128
27.8147
24.8407
13.8366
17.4184
14.9297
21.9561
15.3064
20.5966
16.3414
14.4633
17.4967
14.2601
14.5425
7.60361
22.8529
15.3295
17.6358
6.99011
17.7742
15.9631
29.0988
12.0393
16.2589
10.5137
26.1038
9.30477
7.18743
15.6875
13.7312
21.2737
11.8868
19.068
9.90308
17.9713
11.7572
18.5763
10.0178
14.6776
29.1459
27.3606
7.38065
22.7848
6.65716
29.5273
25.6342
24.9139
7.47463
23.8738
16.1309
21.7586
13.7747
8.51221
9.36544
14.2084
17.1355
16.8947
18.5094
9.66765
25.9422
17.1272
28.8778
8.91634
19.8043
6.82717
16.1922
11.0786
17.2575
6.17606
8.51539
20.3912
21.1
15.8688
19.3631
8.27476
21.8966
14.1545
9.17588
7.39415
32.4023
8.85923
20.6412
10.3234
23.9093
21.498
10.728
11.0977
17.8541
10.2186
8.28996
19.2091
7.81307
8.2063
8.06713
8.18098
13.2654
25.6864
7.6031
15.8006
10.2759
13.2366
10.5406
12.8069
10.8256
23.822
7.73394
19.743
12.0535
15.6406
16.0854
8.84548
14.9966
24.6498
8.98459
12.0479
13.0087
6.42092
23.2071
13.4737
18.4919
11.673
14.9328
10.7605
25.0317
7.39243
11.7645
12.8722
15.2482
9.89136
12.8588
10.8575
24.432
8.89011
11.1045
11.2965
19.9247
13.6115
20.4303
14.4544
12.4495
25.417
8.90854
9.59422
12.0147
10.1943
12.8238
11.1179
12.5645
25.8413
11.1796
9.33486
12.4132
10.829
13.5705
16.3391
15.5256
7.85125
11.9729
10.9285
10.8137
11.975
12.5911
12.5008
9.878
14.3723
11.7333
23.931
16.4463
24.4548
11.398
33.3287
9.6601
15.0165
8.26196
10.708
10.789
12.8654
15.2832
21.4064
11.9246
11.6802
20.1119
11.8493
14.9693
23.7295
10.6631
8.39848
31.1988
8.93198
16.9088
26.6249
25.9797
14.6445
17.5133
16.0923
9.84592
10.5691
24.2796
14.9354
12.7665
19.0223
15.5855
15.8832
16.0267
20.5424
15.5445
31.064
19.5106
15.5227
15.2241
15.7148
15.7085
13.9267
19.0206
14.5951
17.202
14.2978
24.3068
10.4964
17.1914
9.2914
22.058
16.9637
12.9824
17.1503
16.4401
14.5562
15.5862
14.0879
17.3934
22.9424
23.3995
14.8478
13.7389
15.2015
14.8758
23.7409
16.4323
20.238
18.963
12.8208
16.8161
13.9588
17.9386
13.4332
18.2322
17.5028
16.9565
15.7971
13.4645
21.9644
12.5603
16.4072
19.4978
14.6081
21.5147
15.3858
20.3755
15.1208
16.8666
17.4522
14.2397
15.6855
21.8201
23.9072
13.6735
16.1562
20.5996
14.1263
25.0307
22.1225
15.8282
20.7392
27.4734
17.1293
15.3551
14.4321
21.369
14.6648
16.9472
25.4367
15.7245
13.2801
15.576
20.2961
14.9904
19.9952
17.8243
20.0234
15.4383
12.3889
21.2121
13.8054
28.8994
21.6921
16.8555
14.8845
13.6451
12.8705
26.8275
15.8267
21.2404
15.5564
15.7861
13.8922
14.8991
12.3201
19.702
18.5019
27.7068
17.1862
15.7911
22.4765
18.2706
15.2222
15.4735
15.3177
25.9531
19.3895
16.5921
13.8471
26.7582
16.2779
13.991
17.37
13.7065
14.7791
15.2223
14.2397
16.4347
15.1355
16.9023
16.7254
23.7908
14.6266
16.7585
14.7707
14.1198
13.1893
6.37673
25.6419
7.68709
22.7464
11.3329
8.12192
10.7709
22.8488
14.7738
22.1144
20.7978
24.2655
24.9558
17.2517
13.4625
14.5286
17.8216
14.3792
25.4868
23.9907
15.2722
15.2076
10.2913
15.5203
7.0409
10.4356
18.5658
8.68415
9.27286
12.7009
13.117
17.1713
7.22468
10.872
13.9672
9.2264
6.83582
18.7575
8.25554
10.9233
14.3652
10.6971
14.866
12.0229
4.47418
7.71781
7.46962
11.3368
10.4499
6.94825
18.2521
9.8244
10.6003
7.34346
7.53992
10.7415
24.915
15.374
15.7911
10.6261
10.5129
10.9373
8.79915
8.41478
8.16424
10.9927
10.4551
16.6571
22.9285
29.2551
15.3735
22.6197
17.0471
12.765
18.1878
14.6301
15.0791
15.2031
16.8842
19.9745
9.52409
15.8677
10.9968
17.1167
7.21321
15.971
18.3386
18.927
24.0726
22.3865
25.5476
17.5535
15.7254
14.2628
17.0769
16.2844
17.5642
21.1003
27.1784
30.8079
16.9089
15.1304
20.9899
16.2131
16.1128
13.1996
18.2039
16.6362
13.2991
20.894
7.16852
8.47065
23.2764
8.73398
25.8552
8.63014
8.51949
14.2436
27.2849
7.13618
9.05639
18.795
7.29448
9.34955
13.9795
8.27548
7.85477
12.9663
9.20523
13.7173
13.1265
17.3866
13.0545
10.4345
8.26534
8.21415
10.0317
26.247
7.00869
7.2239
6.95686
6.4344
7.92954
12.3484
17.3885
6.4926
15.6026
7.87151
22.6898
6.09785
14.3891
15.4831
22.189
6.36714
16.7239
25.3417
14.6511
13.7226
14.9305
21.5337
16.6992
17.6915
19.1714
8.40942
27.3152
21.0387
14.9326
15.632
15.3392
20.5787
6.93175
6.5498
10.7434
7.25237
10.3336
16.6686
6.0183
8.32597
9.84629
22.2565
7.60711
18.7643
7.77359
13.1883
13.3229
9.46043
6.70479
26.5842
10.4386
14.3705
9.44165
11.0324
14.7922
10.8319
9.88094
7.04446
25.6015
10.5954
10.0162
8.65211
19.3022
11.1562
7.42773
11.2397
9.27879
18.0143
6.66281
9.97919
15.6975
20.1584
7.44547
10.5443
12.8407
17.1133
7.6351
24.2118
8.96587
20.1215
20.8468
8.98479
15.6248
13.6908
18.3317
14.0336
9.37497
26.2876
7.29701
18.3406
8.42197
19.1516
12.7673
23.765
7.6222
15.0838
10.4571
20.5543
15.5287
17.9528
14.2722
22.9892
15.9202
14.2032
27.907
33.7352
25.8221
17.0835
30.109
17.9091
16.7191
14.1094
23.0906
29.1063
17.0675
14.2509
13.773
16.552
16.6361
14.6969
13.5451
19.2167
14.6266
15.12
12.9156
21.9329
23.5583
15.6375
16.8564
16.4436
13.4304
13.5068
14.457
20.8574
13.7609
16.1464
14.765
17.7465
16.7532
21.1975
18.4348
22.7543
19.8076
16.0225
6.66455
19.9288
9.6663
20.084
7.36561
16.6629
12.7241
20.2655
6.6952
12.8231
7.5577
14.7709
23.2767
8.40218
8.38712
8.97937
22.3809
11.2632
15.5144
9.26581
21.9841
7.44873
13.9339
9.76638
10.7167
19.0048
17.3614
8.10675
12.604
8.59824
11.5402
19.2598
9.79131
16.7052
16.3977
9.77329
19.4663
6.8859
19.1161
14.1909
15.9554
8.85267
21.6395
11.4208
15.4651
18.6139
17.3006
11.0824
11.3597
23.4825
6.42896
8.92635
10.7202
14.4715
25.1281
16.7553
17.0589
16.6888
21.5273
17.5831
22.7519
13.3412
14.3558
18.0398
14.5553
16.9241
17.885
20.1952
26.0209
16.289
14.7535
23.5896
13.912
19.0617
14.8841
19.8475
7.25075
16.051
8.25838
22.5896
7.33265
9.23513
10.5612
12.3143
8.4812
15.732
6.49976
10.3408
9.92007
13.5339
13.4042
21.2646
10.9049
9.5948
26.7109
7.09567
10.372
22.6628
13.7749
7.41481
17.7965
9.48898
13.6758
12.7103
6.1282
13.1662
24.0446
15.3771
9.96322
13.2121
9.88368
9.34031
25.7142
7.56134
7.76106
9.7644
6.64406
9.51839
7.44911
8.77847
10.1146
10.0566
9.34676
23.0804
8.75021
9.12623
9.66377
10.135
7.72014
7.11354
11.4538
10.7115
20.3123
12.2097
13.1868
7.58424
9.59197
10.4086
9.37862
25.8882
7.41898
9.97433
8.37805
13.5577
8.48807
7.40753
27.1655
12.9089
10.8438
10.5494
27.39
17.8326
15.4886
10.4923
7.5455
7.78634
20.1489
10.1543
9.85716
10.4819
18.6852
11.1337
13.7188
10.9935
8.06237
12.2853
24.7156
13.2975
27.1532
7.45107
9.17616
21.218
7.11082
24.8172
8.34771
10.8743
14.613
9.8367
11.6472
27.37
18.2998
17.3775
9.52373
15.9837
8.82189
8.66211
10.5083
12.0194
9.85776
23.7436
10.1501
12.62
8.70856
12.2438
19.2848
14.7634
23.8153
6.76319
6.97517
9.54211
8.67216
24.4088
8.52584
14.0123
21.1553
7.28868
9.18578
10.6759
19.2722
7.98457
17.9813
15.9754
11.9286
23.0983
8.63397
11.8569
20.1709
15.6562
26.1111
19.2963
14.8027
21.6166
8.38858
16.2874
9.18627
23.8826
9.82907
10.4055
9.13786
23.6102
11.2098
26.2436
20.112
16.2853
17.9808
8.28242
16.3153
7.27217
17.8582
8.46109
15.8753
15.2297
8.1967
25.7184
8.67543
14.8352
13.4784
18.7049
17.2836
5.55281
6.91489
16.8981
14.0791
13.0095
7.09858
10.342
16.1531
7.98457
7.33656
16.818
6.12539
11.0304
9.4175
29.0881
15.5008
6.66671
15.1401
16.4447
14.413
17.5591
25.1165
16.6925
8.45223
9.09746
14.7597
20.2175
9.22693
14.2685
7.41669
11.1328
23.0843
10.4941
11.271
24.7382
6.94459
11.2265
25.9849
15.8805
15.5362
15.5891
15.3728
8.59449
12.3826
8.65765
17.7904
23.3631
7.57962
17.8612
7.75771
6.51862
19.0632
9.01543
7.54063
7.94124
11.3589
18.9989
14.5505
12.4418
8.01747
8.25465
22.4183
12.3195
11.4901
6.70729
24.7908
11.9659
12.527
7.38978
8.95945
12.1861
11.0686
17.6312
7.97813
22.7268
9.48375
7.34644
12.5666
11.4912
10.6479
9.09467
8.83591
21.15
9.01922
11.1589
18.786
8.62032
7.58349
7.93362
25.5821
7.33277
10.4031
10.3973
9.80133
7.7982
20.264
10.1601
9.20095
8.78192
14.8981
7.82554
13.591
8.33157
10.5961
7.31017
20.9814
7.26895
13.261
7.85729
28.4384
11.0182
15.1983
7.87808
8.92074
9.39326
16.6215
8.57038
7.51173
9.56868
13.4031
25.9716
13.3802
7.49543
25.8253
7.8674
13.1946
9.38054
24.8226
10.3897
11.7015
17.5058
9.31826
9.6526
6.76596
7.76202
20.3488
7.59008
7.22692
6.67813
11.6673
9.76259
9.30271
9.55741
15.2567
8.63325
7.16111
6.35774
14.8898
8.84225
9.78039
7.93271
8.4563
9.71459
10.1438
9.57851
10.2694
27.5476
13.2053
13.9729
11.2496
7.9092
4.17089
8.83239
21.4736
7.96057
10.3816
14.7096
20.9304
8.23371
7.86986
8.48268
21.2562
6.80424
8.5805
11.6568
6.47846
9.21121
9.4911
7.59445
7.03005
7.42807
7.52625
20.5824
7.79033
9.08377
11.0446
11.0056
19.2741
10.661
13.1189
22.3619
16.9197
7.5696
20.5829
7.86345
23.007
8.10578
8.63385
8.45832
7.87762
17.067
9.44256
10.5856
8.18862
22.3545
7.9907
10.4357
9.1073
12.2328
14.6971
21.8345
10.2094
11.686
10.6321
16.5217
10.5693
37.5725
12.9548
7.82099
6.70333
11.6056
25.242
6.21989
10.3068
14.1945
26.7829
6.9353
12.2411
13.8438
12.6324
12.6908
20.5529
7.75333
6.58755
11.477
23.3531
8.41869
12.6162
10.4301
26.0558
13.9099
8.45133
10.1797
20.0451
6.66722
8.20246
22.5452
9.77968
10.6893
14.2958
7.23458
8.3129
9.56246
26.4563
6.66801
18.2533
6.93585
26.0348
14.8607
8.03638
14.4906
21.2588
8.6781
18.721
14.4015
22.5733
15.0236
20.5175
9.68304
10.1575
9.84025
6.2709
28.329
8.20956
11.7935
12.9023
8.44652
30.4544
10.7771
12.6166
6.98357
11.8109
6.58228
15.0717
8.51241
6.88498
9.56698
11.3195
21.3755
10.0203
13.9796
9.64857
8.7891
10.0332
8.70797
24.1321
20.3833
7.31809
14.3251
14.0251
8.80891
7.22719
8.00331
9.15104
9.57201
16.3296
6.19231
9.24859
8.63611
7.35985
10.1363
14.7152
7.02443
8.131
5.87271
7.47124
14.149
14.5566
8.30691
7.04532
9.24265
20.0487
7.23969
6.55062
5.57207
9.77887
9.38427
12.0438
13.7146
19.6955
6.96662
10.006
12.9322
14.0918
10.8988
11.814
18.5744
8.19902
9.03626
9.97037
7.28204
8.33386
17.6691
7.98262
11.8036
10.5427
9.86332
16.0404
7.06981
25.605
7.23688
12.3025
9.65336
23.4627
7.11243
8.45753
10.8508
10.2611
14.0182
7.12307
9.27963
10.004
9.08894
6.56948
8.48504
16.3787
7.71151
17.3234
10.9811
10.658
9.15875
13.3539
9.38187
6.83188
13.9328
6.73782
20.1439
8.57111
10.3245
9.89118
16.2813
8.73172
8.03897
9.81523
25.0662
9.20696
10.7171
7.48993
9.36837
18.7504
8.88105
10.4668
7.62941
8.98296
16.3467
21.7677
17.7749
9.06469
18.2283
16.1646
15.0887
10.1875
8.93381
28.4442
17.4071
27.6531
19.1734
9.13521
15.8353
7.94857
17.7707
6.74471
34.3313
15.8436
8.38792
10.2987
9.32819
17.2578
9.9328
12.2553
15.2171
24.0654
7.73919
10.8069
26.6745
8.34464
30.281
7.4975
16.148
17.6817
24.9859
27.9413
18.151
14.8101
7.45613
18.331
12.9072
25.9045
7.4229
17.3733
7.05209
8.5969
10.2156
10.6996
20.5885
7.88326
12.4622
19.8545
15.1645
20.0819
8.3762
27.8628
7.042
19.0536
8.94975
9.38797
26.4497
14.1771
9.67461
26.2059
13.8927
9.46479
21.2812
7.75657
30.7544
18.7641
5.91837
15.3895
14.9008
6.32967
7.40715
7.5897
17.0832
10.5687
16.7052
14.6271
23.5561
17.4763
27.5314
9.70771
32.9593
9.26482
20.7615
21.5913
15.5316
22.252
13.5189
16.4428
17.3292
8.31518
22.8896
23.5527
16.2343
15.425
33.2055
19.4468
15.7131
20.4008
14.7453
16.1312
17.5894
17.0278
15.1292
15.9518
14.4869
18.6532
15.3323
15.155
17.2761
16.1283
15.566
15.8304
20.7158
17.5389
22.3918
16.538
14.3252
23.5302
19.2084
14.6137
15.8227
7.1814
20.0241
28.0124
6.595
9.48398
11.8841
9.30323
8.62659
6.24394
6.12432
8.35634
9.54745
9.02457
8.34701