23.8254
10.4657
6.89029
9.45383
6.92327
7.56023
8.93369
10.4526
6.75451
9.07456
7.75344
8.60245
9.56433
7.23233
7.22794
8.69982
7.86253
8.50152
8.74788
13.1408
12.3517
9.15985
9.11981
7.24854
6.48426
9.22632
9.17166
8.89919
10.1289
8.82681
6.56195
9.95862
8.48364
10.6816
6.58622
8.94703
12.976
9.96421
8.02029
7.93576
6.18956
10.6561
9.1335
11.9883
10.1076
11.9967
13.0015
7.27956
8.44036
9.41918
9.92217
7.57728
8.91149
8.38819
6.50247
13.7167
8.61774
8.63029
12.8057
7.9263
9.37621
8.93509
8.85061
9.24665
7.07417
8.03876
9.65282
11.8489
9.14292
8.3765
12.1952
12.7038
13.3903
13.3928
6.19389
7.0795
11.3886
8.40047
8.48564
13.1273
13.7544
12.9647
8.36455
6.26686
12.0769
12.8549
9.42712
7.37443
9.16862
8.05683
7.93219
8.00355
9.73953
8.99383
7.80609
11.3803
8.35373
8.11669
6.12852
8.82655
11.981
10.1906
11.5955
11.3161
6.95469
10.0009
8.21831
5.35506
25.831
7.97142
9.39319
14.0689
8.3581
8.98124
6.06686
7.42665
5.73757
6.99204
8.3306
8.05725
9.37908
9.2081
7.44884
10.5142
9.41426
8.39367
7.59954
20.3233
7.85909
7.73277
10.9778
8.65392
7.60002
12.624
10.4763
12.6879
7.572
6.38197
12.1258
8.91907
13.4195
11.2231
7.33706
6.75823
6.98205
13.6537
7.68634
8.49848
14.2578
9.45094
12.1926
10.7307
10.6748
8.53273
19.3315
12.5947
10.0958
13.6424
17.7385
9.97099
11.1535
9.03985
19.32
16.2783
14.1431
16.9017
15.1174
15.8192
17.8612
13.6619
13.0722
14.5418
12.9483
16.0254
18.6982
10.008
22.2061
13.057
19.9305
15.4258
10.5177
8.72006
18.8632
7.86121
15.643
14.7415
9.63986
14.2576
18.6191
22.2944
18.6476
14.8607
12.0706
11.8952
22.9315
22.1021
14.004
15.8372
19.6846
14.8947
11.9237
13.1373
10.1388
12.5613
17.9102
14.0497
19.202
12.9279
13.4362
15.3657
15.4386
17.3739
15.4883
13.7734
13.8278
11.4128
12.4913
14.8773
13.7879
13.5364
13.5328
14.7518
13.9918
14.5819
11.4053
18.7988
18.6673
13.4464
20.2301
17.1814
16.3843
10.0823
15.8336
19.7042
13.8133
21.4337
16.0641
12.6026
13.9546
13.1517
18.2113
14.7162
18.9534
15.9326
13.8423
15.5215
15.0986
18.4525
11.6166
18.2917
13.9822
13.7251
15.8151
15.4273
9.97782
18.9539
11.8087
12.94
17.7315
17.0387
17.1607
12.1472
13.572
17.2175
22.7087
15.787
16.8013
19.2714
14.0044
14.8772
12.9708
13.425
15.9535
17.6801
16.3647
10.5479
9.45742
14.2148
19.1018
16.7259
13.1352
12.227
18.8547
16.603
10.9127
11.4785
13.0164
13.9608
20.1364
13.0654
14.7405
23.9736
15.5967
20.4998
13.9621
15.6818
13.9897
13.468
12.1937
12.6549
15.5004
22.8852
16.2029
14.6599
12.5242
14.6638
16.5415
14.6055
18.133
19.7798
17.7086
12.5642
22.1678
14.1604
16.6232
18.777
13.2549
15.8185
17.9101
13.9474
14.2465
13.8821
19.2519
13.5829
21.5013
15.3245
14.9579
15.6671
19.5347
17.5
15.825
21.8954
14.1277
14.1326
18.2353
13.7398
20.5952
15.3026
20.5732
17.2099
17.0774
16.7654
16.689
17.4432
20.5561
14.5158
21.2184
20.495
14.5935
13.7354
12.7219
14.1495
16.092
11.7899
11.2181
21.683
13.0004
15.7657
14.2785
11.8361
19.1015
15.2524
14.9732
12.5298
13.6176
16.6525
17.0901
15.7406
19.3875
17.7277
14.2761
16.248
14.6067
13.4207
14.6144
16.1906
22.6849
22.3618
19.3448
13.4129
14.2686
10.7804
17.081
15.6856
21.1606
17.12
14.9921
18.5685
13.0085
12.5393
11.8812
11.9665
14.5702
19.626
17.127
19.7786
16.9123
15.1545
16.8813
16.6321
15.6361
13.9785
11.433
19.5675
13.1271
13.3249
13.8093
14.4129
10.7482
18.5873
26.1113
19.9555
19.3933
15.6129
14.6246
17.5177
23.5481
15.7137
18.7322
13.5327
13.838
16.9678
16.5255
17.1676
19.057
22.4368
19.7035
6.12784
19.3973
24.2532
19.4186
23.5394
23.5802
13.4218
16.8482
14.6795
23.7057
16.8707
10.011
20.0749
8.91511
28.8843
8.36657
20.2037
19.4623
16.6277
14.3077
16.3566
14.6538
20.857
14.7016
18.6224
14.4908
12.8454
15.4404
15.575
13.6115
16.547
17.7074
14.2026
18.5317
11.7172
13.8757
19.2633
12.9247
15.521
14.8231
13.4633
12.9944
10.6803
19.9879
15.345
16.6722
16.2829
13.3434
13.9187
19.684
17.386
16.3928
13.9438
16.573
15.4484
19.8624
19.4538
12.0918
14.1505
17.6324
17.684
14.9297
16.1924
20.6531
15.7517
17.8091
17.7158
15.8618
13.3827
17.8961
22.5901
15.8588
12.6057
13.9701
21.3758
13.0717
18.9672
12.3897
12.8485
20.0265
13.7944
18.0769
15.522
11.4548
15.4819
14.811
11.636
14.4547
17.74
10.738
14.7326
14.3647
15.4214
15.0949
12.045
18.9057
17.911
18.8019
15.3234
15.8071
15.8286
12.01
14.2366
19.1676
16.0716
12.4758
22.6656
19.7505
12.4721
13.715
11.7734
14.7404
18.0504
19.111
14.517
20.9421
12.2695
12.5078
12.4862
15.5999
21.3902
14.1275
14.0906
14.8929
21.545
15.5126
21.0205
15.4984
15.1431
13.1559
21.8142
19.6642
15.2546
16.074
22.972
11.8482
13.4743
18.1023
15.5622
19.7021
13.9261
16.8882
30.3415
15.9123
11.6658
21.1328
12.6527
21.6919
22.4508
17.8355
16.037
11.768
17.6846
14.1377
13.1416
14.8725
18.3221
14.3611
9.64372
11.9816
12.5261
11.3132
14.7973
10.6195
12.1387
12.5349
15.5464
13.1859
22.5221
16.1929
12.7697
20.1936
12.8882
12.1763
13.9655
15.32
16.5231
12.2339
13.4467
13.0375
10.7014
12.6462
24.5135
14.9833
11.4161
14.3821
16.6818
10.4859
21.691
13.7041
13.5272
14.0364
17.2344
18.9501
19.2567
14.0257
13.5959
14.8546
16.5535
12.6625
18.47
15.3453
11.2264
18.4554
13.0653
17.7786
11.4492
15.3357
10.6248
14.1269
18.3007
12.371
13.6861
19.0985
14.659
19.4728
15.3373
14.6651
24.7056
14.7789
21.3607
19.8304
14.6701
16.3405
18.6492
15.0172
14.5444
17.8705
14.3865
21.6098
17.6209
16.1549
14.299
20.129
17.4068
16.0537
29.0598
22.8461
14.3441
26.1433
13.1474
14.2725
12.7406
13.2261
23.1692
14.4162
17.343
15.5837
15.0586
15.6291
15.4763
16.1132
20.1945
18.5053
17.5319
20.885
20.0531
10.1988
20.3662
16.4294
15.3833
20.4634
15.8662
15.2493
16.5033
15.6968
19.1425
13.3584
15.9341
14.9473
13.6395
15.1107
22.0669
21.7858
22.0432
26.3948
25.0902
21.8174
25.0484
19.2111
20.326
25.7454
20.9095
15.9612
20.2871
15.9142
25.5659
22.5123
12.917
21.7472
22.4592
18.2689
11.6849
19.3581
14.5074
19.2652
14.7925
20.2504
17.9118
7.83186
19.3635
20.2798
23.1682
17.3925
17.8442
23.49
15.7636
20.501
20.2354
18.6015
20.6963
18.7569
20.7367
19.0246
23.1039
17.3332
25.0407
18.5779
12.1829
20.7377
19.9996
24.3783
21.5825
26.0456
19.033
12.9297
15.6333
22.0649
21.1011
12.2888
11.8644
13.7627
22.611
22.2665
18.5145
22.1735
20.2771
22.7521
20.2203
22.6254
23.9058
13.8035
17.3271
9.99137
19.5446
10.795
16.9315
15.7776
13.2722
15.3118
14.2809
15.9203
12.3174
14.6412
18.3068
17.9374
16.2307
22.4325
19.8265
18.6949
14.3762
13.4234
23.7319
14.3027
15.5194
12.1029
13.0603
13.9718
11.719
11.9054
11.8074
17.6388
13.6219
14.8913
14.7765
20.756
17.996
15.5161
17.4187
10.8055
17.1563
14.2809
15.895
14.0541
16.6404
13.5187
15.7826
14.3369
12.6692
18.7451
15.8835
13.5883
17.9797
20.6796
13.5062
15.5194
11.5878
13.6716
13.183
15.7566
19.1939
13.8813
15.1263
18.371
14.8631
7.68537
14.8587
14.7763
10.8785
14.1922
15.4827
12.2664
21.331
19.2646
19.9427
15.3961
15.1524
12.87
11.0917
19.2007
17.1617
11.3805
14.6483
13.8403
18.8737
11.5123
14.4198
12.9284
11.9333
10.1254
11.5668
17.6716
14.1423
12.5135
10.2696
23.2379
12.6565
10.2368
13.5028
19.0282
17.9514
19.3552
14.8711
16.8055
19.473
15.8195
14.535
13.958
20.3075
14.678
13.9101
16.6751
9.78529
12.3627
20.2697
11.6198
19.0373
16.0679
11.6204
12.5911
13.3464
11.9888
14.6791
10.4191
11.8176
13.8718
14.8222
14.932
17.2046
15.0088
12.0906
17.3338
18.1582
13.5132
13.3355
16.7467
10.8536
11.0013
20.3244
14.8504
18.8725
17.8962
14.3152
9.06874
12.6694
10.2502
11.6757
17.2686
12.7282
11.4233
15.494
9.69053
11.5603
9.33145
17.3875
10.9173
17.1018
17.767
14.8442
14.4728
17.136
15.2238
14.4905
12.1569
16.6129
12.4836
19.7411
15.0482
11.5564
23.0734
14.3068
18.3763
13.9137
17.7681
16.1891
12.3366
17.1831
27.163
17.0686
21.4339
14.1923
14.9654
24.4232
14.0745
13.7845
26.5884
13.1043
17.1732
22.3138
12.1826
21.4918
9.01231
20.8414
15.8017
14.381
13.4659
15.5933
22.1253
16.1189
15.9495
14.9955
19.2061
18.9261
20.8922
13.2312
12.6401
15.7265
14.7119
19.7427
14.8227
14.537
13.9667
15.2911
11.439
7.38765
8.26062
29.4174
7.57862
9.76447
14.6947
11.4595
8.16718
22.7513
7.28747
18.9696
7.34045
18.0555
25.7285
15.0054
7.48468
25.2151
11.4322
9.05092
8.17402
9.05606
22.5106
25.8902
18.8621
20.2288
13.3286
16.7095
20.2247
22.352
21.4298
26.761
18.233
24.7009
21.5729
20.1307
22.6804
15.7231
15.1155
17.4813
15.3332
17.7911
19.943
25.0204
20.8609
19.6795
24.4429
21.2991
19.9993
23.9719
20.537
21.6503
16.6901
21.1869
22.6188
19.1785
14.3327
18.5204
15.1153
19.3969
19.2876
23.057
23.1776
18.7512
21.6565
19.9923
19.284
19.3329
22.6746
15.4705
19.6011
13.0542
23.4893
23.3217
26.8465
21.9643
9.06527
13.229
13.5609
26.5042
24.4291
19.2176
24.8394
19.5608
25.1829
15.2221
14.5015
17.5443
7.33654
20.5048
16.2939
12.847
11.9473
21.0204
19.5006
24.0625
15.9765
12.7252
13.1532
22.5512
14.4292
22.7604
15.7962
13.5998
17.0246
13.3889
19.9288
12.8751
20.7803
17.3908
12.9095
20.7618
16.1441
25.5125
17.132
12.4347
22.2401
24.7373
18.5388
15.3337
15.569
14.5992
14.6269
15.5844
15.1112
14.5424
11.2257
10.2226
20.5977
17.1473
13.4077
14.027
19.2182
19.1329
13.8768
12.8594
18.1936
15.327
15.5165
13.9108
13.4115
14.4784
17.8498
19.4884
19.0971
12.5498
14.2488
14.8901
20.4089
15.528
17.9052
14.4007
28.0197
17.7783
12.3773
18.0115
26.5468
14.8238
19.088
19.9731
26.2115
14.7005
14.8364
13.8515
17.5239
17.1115
14.5961
28.0733
13.7417
20.7078
13.5132
17.1688
16.736
19.0565
15.6017
23.1671
23.5027
15.6037
22.2643
21.9698
24.4394
15.0272
22.5198
22.5542
25.5631
22.9933
14.2372
13.2927
17.6979
15.6793
27.6039
25.6272
25.3561
19.3176
25.339
21.6792
20.7534
24.1006
14.949
26.2506
22.7515
29.2005
18.9448
25.8075
16.7521
17.4247
22.9774
32.0596
23.7782
21.1087
24.1059
23.5403
16.9139
15.325
18.5949
15.2418
17.4747
18.3466
16.6374
22.083
19.5885
20.4496
12.4937
16.2187
18.2705
12.2974
19.3808
24.1252
22.1876
23.4703
20.7416
20.0679
24.0814
20.2381
12.287
19.6059
22.4892
20.3673
29.0671
24.191
19.1109
18.149
23.2704
16.256
21.121
15.3966
13.6132
15.2916
19.7373
16.7596
14.7299
21.0814
19.0052
18.8379
19.4605
25.5277
16.2983
25.1006
18.7371
22.895
15.2442
22.0682
19.2628
15.239
17.5403
25.2048
21.0023
19.4458
17.4253
19.7521
16.8351
10.8739
16.5527
23.1425
20.3164
15.1315
19.3249
20.9584
12.449
16.3221
14.2519
16.0354
15.079
19.315
12.5007
13.5067
18.2151
17.6796
14.4288
18.6633
17.0071
20.5058
20.9504
12.7693
13.142
14.0088
13.8389
19.6094
12.929
17.1248
14.7466
16.3185
11.7227
16.432
14.5071
13.1634
14.1401
15.2362
12.6991
18.5618
14.9157
15.5096
12.0556
16.6464
13.2846
21.1368
19.0338
18.3816
18.6196
19.6182
16.9768
15.2756
13.9432
14.6582
13.7921
18.7132
11.1006
16.6877
12.2023
20.0973
13.1418
12.6194
22.4956
13.6265
20.3258
13.5735
18.2022
22.7785
12.5367
13.4685
14.5135
19.523
20.2794
13.2819
15.9089
11.5767
11.5553
19.7642
14.8868
11.6787
16.5121
13.2184
11.7014
17.1744
15.0941
13.5561
21.5495
12.339
17.4138
15.7844
14.3668
11.6102
19.1539
20.6222
13.4093
13.3497
17.5036
16.6596
17.2434
13.7386
20.4214
14.1352
15.6646
23.0022
14.0869
14.7035
19.0439
19.5846
13.1903
17.0393
19.2497
20.3461
12.6017
17.6479
17.2648
16.0644
9.55815
22.3122
12.7198
12.6831
13.283
16.8084
13.5167
16.7214
14.4471
13.3156
20.5136
13.8376
17.8016
13.8474
13.7451
13.7741
17.6532
14.0052
17.9504
11.9866
12.9754
11.0966
21.9278
15.8373
14.4624
18.5888
16.9805
20.0997
17.7081
16.8717
20.0786
16.1266
19.9369
18.1241
14.1877
14.25
12.4709
19.0101
16.0421
14.0889
20.7392
18.0007
13.2647
20.6304
12.2313
15.3344
13.716
16.7548
12.0081
12.6778
13.5779
19.1241
12.7263
13.6441
11.118
20.0642
16.4233
12.2144
13.6543
11.6618
14.815
12.357
11.2552
16.6554
15.3935
15.4055
15.1094
13.3502
12.6647
13.1032
14.5165
11.3342
17.0548
16.6122
15.0536
13.5417
13.4292
15.892
12.9201
16.932
14.3549
16.2367
17.1264
12.7789
11.7365
16.011
24.5928
14.7948
14.7192
20.5361
17.3588
14.7141
13.7255
12.0617
12.1321
15.0636
17.0757
12.7726
13.0098
20.3974
19.4564
14.2165
13.1787
12.0767
19.3817
15.1407
15.3578
15.7582
19.4322
16.2036
13.5662
23.1784
15.7805
13.2522
17.6516
14.5414
15.4672
20.4559
14.9219
21.0742
14.4446
14.446
25.7094
13.6842
16.9319
21.5034
12.1874
25.8125
16.0401
14.9272
15.204
19.2255
15.5352
16.0086
16.6454
9.21492
11.7117
9.60642
24.7169
16.3808
16.1361
13.9092
20.5397
26.752
22.1752
20.3345
28.6815
26.9656
29.3882
23.4191
23.6372
28.1642
24.6333
18.0938
21.3464
19.4035
24.1565
16.3691
17.9388
14.2808
23.8181
26.6988
27.4105
16.0238
27.7703
20.6224
27.9329
23.9905
22.5364
26.6204
21.2861
17.6365
15.5797
21.0518
24.0773
24.8484
26.9105
22.3233
21.3463
26.6295
18.7802
21.5125
16.7211
22.467
16.404
13.8608
12.3338
19.4455
17.1927
12.0936
12.332
15.8682
20.0363
17.6561
11.3566
13.8499
21.213
11.5279
19.137
15.7846
12.4591
12.1695
21.9664
17.6525
19.1071
16.451
12.6956
19.7694
18.3791
16.4925
14.9456
20.8256
21.7924
12.7591
10.3573
12.8534
18.13
14.5654
11.5239
23.8552
22.0911
13.3901
20.7838
16.8622
13.4559
10.0338
18.5306
13.2284
19.2354
16.1913
12.1989
16.9889
26.0808
12.8918
7.51689
16.0671
26.6428
8.72291
21.6779
30.5404
32.4759
24.2145
15.2284
21.2465
21.9468
14.3177
22.9617
18.6791
19.5795
21.5902
21.8798
16.2686
12.8878
20.4205
17.9468
14.1903
15.9559
12.7654
17.973
18.1293
25.6272
25.3551
25.2489
14.3332
21.5097
15.2398
13.2093
26.4839
16.3178
30.5406
8.16701
22.4746
20.9974
16.2273
23.9608
22.6113
9.06219
17.9356
24.1839
13.6349
29.0954
14.309
18.8445
18.8579
18.3776
13.5363
14.4302
20.232
14.1503
13.183
14.5673
16.5926
21.4429
12.2992
12.2506
20.5734
12.2824
15.3657
12.8358
17.9324
16.589
14.1397
17.8051
26.0001
17.2695
11.6211
14.0152
17.5801
21.8637
13.8315
19.4675
11.0903
18.5501
13.3697
20.8001
18.892
16.9164
16.959
14.3958
15.7028
25.8236
11.9359
17.8524
10.7652
21.6205
11.8145
10.9965
26.4512
11.3094
13.6504
16.342
17.1091
10.2231
15.7815
14.5419
21.4993
12.889
9.58815
15.4606
9.88756
8.81185
22.3655
8.65542
11.0913
15.6491
22.253
13.6775
13.5663
27.6835
16.284
20.1065
20.1822
15.9235
15.4865
14.1192
12.303
10.9848
12.2532
15.1892
20.966
15.0122
13.9312
21.2208
12.7598
20.9849
19.1273
18.3931
20.9552
18.2024
19.5909
14.3824
16.1201
26.1599
26.2171
11.2158
22.8295
22.3626
10.002
21.6061
21.8241
12.9637
22.0228
20.5834
22.0721
18.5845
22.4438
25.1295
22.1238
20.9795
25.7307
23.6214
23.1713
24.6072
21.022
17.4575
21.0269
18.6274
20.36
14.546
21.1072
14.9894
21.9177
18.7338
19.9509
15.4907
16.3478
14.1127
19.6858
18.7485
16.3891
12.8319
13.6353
17.9429
21.8377
19.7252
19.9438
20.1298
12.414
14.8898
16.9848
19.822
21.6345
20.4564
20.5024
24.1287
19.0436
16.7977
19.9055
21.0574
20.0315
20.8131
21.4107
17.7253
17.8697
24.8652
17.3919
10.7487
16.3791
17.8738
18.2021
17.8296
14.9534
12.7276
10.6936
14.7179
13.0839
18.9053
11.3818
13.0627
21.9102
19.275
8.71755
14.889
7.06778
8.38664
14.7924
16.5587
15.6902
13.0898
14.8821
20.6635
17.1227
10.8596
14.9681
12.9196
13.8644
14.9696
11.8897
11.0779
10.0511
18.2745
16.211
14.3545
12.5354
19.9253
16.1818
9.31897
14.7323
20.6298
12.7002
15.0204
15.3419
14.3515
7.14893
9.9385
19.5376
6.89477
8.86416
13.9314
6.5581
10.0855
7.57594
10.2611
8.0756
10.318
8.19554
20.8091
9.10802
12.5744
13.7282
11.2914
7.67356
10.4699
13.2241
8.68061
18.3655
12.025
17.9692
13.9598
12.9511
22.701
13.7254
15.3
20.7513
15.7718
20.752
18.0244
20.0382
14.2896
19.9648
16.3303
23.2015
10.2239
18.8379
25.2924
21.0005
15.3871
22.9066
16.3743
29.6929
25.6873
31.2192
26.2804
23.6986
32.1127
18.3747
27.9669
29.9872
20.3485
23.6761
33.1818
34.9465
27.8064
23.9265
23.4744
29.6041
32.3499
30.0245
19.0271
16.0281
19.4171
37.729
32.1288
24.5935
15.3126
32.3561