33.1067
18.5191
16.6172
15.6294
22.8661
16.5605
16.0177
32.9889
17.8592
15.7908
15.9199
16.4797
15.9868
16.3294
15.2402
29.7857
25.0473
31.2193
21.4996
27.367
18.525
36.822
17.9929
22.0434
15.9884
17.1073
30.5818
16.3152
18.2901
21.1784
16.0651
22.4859
16.056
16.0421
31.0356
27.3997
17.4809
30.6346
27.9734
25.5039
16.4703
16.7116
16.8685
16.3064
16.6837
32.7971
16.9642
36.6606
16.2581
16.9798
17.3833
17.694
16.8716
16.129
29.3774
17.2632
16.8248
16.0575
16.5819
17.012
17.6249
16.7185
16.8491
17.189
16.1644
15.6635
16.3417
16.5868
16.5461
17.0465
16.4282
16.6673
17.0104
16.608
32.721
34.0061
19.9926
17.0443
15.9878
16.913
15.6631
26.4544
19.1218
17.6984
19.657
18.8462
16.2871
15.3996
16.7969
29.38
16.2337
19.4773
19.8048
17.1378
32.5613
18.0374
28.9369
17.4975
15.7622
19.8394
29.3667
16.2063
16.4573
29.7955
15.9767
19.0286
17.9483
33.6471
16.1872
21.7743
30.0313
34.1969
27.5212
17.5758
19.7796
18.555
17.2256
6.37182
11.5866
9.57188
5.58398
21.1827
6.78475
5.61058
7.89559
7.2618
5.29456
7.21694
5.31842
10.7016
10.7085
6.99417
7.52418
6.74721
6.6536
7.72037
5.36419
3.86122
4.34723
5.07954
5.37265
4.49411
6.73639
3.67719
3.05038
5.52313
6.19804
5.67803
4.12199
22.2961
5.84338
34.158
18.8305
6.19819
5.54153
26.246
11.814
25.4936
5.09159
10.4346
6.66498
5.48976
5.74278
4.97267
10.5246
9.4154
8.64279
4.96115
28.624
17.3785
7.7641
6.25079
3.88163
5.94714
4.07905
5.3961
21.6117
4.07541
20.1583
8.49368
4.61429
8.06062
7.87503
17.2398
18.817
18.4962
17.4629
7.20437
18.3965
17.8643
21.8312
25.7003
17.6359
17.1965
30.4494
17.583
21.844
20.0787
16.9475
17.5506
20.4801
15.7117
16.8439
17.6354
17.6473
28.3723
16.9069
17.5035
16.0713
16.9842
16.0368
17.2014
30.5763
16.5017
16.2374
26.136
21.236
16.973
16.9578
18.353
17.5017
5.07823
4.33423
20.6839
15.5192
24.5363
17.8321
17.5101
16.4408
18.8065
31.8868
24.7853
18.7312
16.368
16.1688
6.86781
16.7914
16.0922
16.9527
18.0881
21.5571
17.552
16.8842
16.0626
17.2491
26.0523
20.9329
21.5275
25.7673
15.94
33.1423
24.9207
16.1053
18.0578
17.5695
16.8864
17.6764
17.2552
16.482
15.1296
15.9662
15.8686
16.3859
16.4475
16.784
33.1938
17.4561
16.3274
17.0242
17.294
24.0393
16.3505
21.5098
22.9488
19.5212
18.8323
16.3487
16.9043
17.0048
39.2492
27.0394
17.9849
17.7397
31.0489
17.7874
6.82815
21.2886
16.6694
18.0136
8.27483
25.4572
4.69826
16.7531
17.8709
24.0503
16.5104
30.647
27.9621
30.8958
5.13904
30.9953
16.8476
23.3348
7.23028
21.9354
16.3963
16.9803
17.1946
17.6318
6.21877
28.3581
39.0086
5.05665
20.055
16.6518
16.4014
16.3902
17.1913
16.9368
17.2897
17.6644
26.7049
24.1566
17.2789
17.1538
17.6207
18.3089
15.8186
16.7174
26.8082
24.6869
27.4256
18.158
16.2576
18.8498
17.845
16.7834
15.9098
15.8879
6.00652
17.2743
16.1368
8.82367
24.2691
17.7858
18.4843
6.2198
15.5303
15.7532
4.97653
29.3976
15.5829
20.3178
5.46171
18.7869
11.2133
30.4055
16.7637
16.451
16.6395
16.5436
17.5956
16.8189
16.4352
6.46633
16.8871
17.0218
26.3549
16.9763
16.7104
17.8629
16.4131
18.099
5.67572
32.3582
18.2328
5.12301
31.2013
37.3142
20.5969
17.0323
6.59793
18.1778
36.8949
18.3782
17.7536
17.0566
29.3623
11.846
32.6265
19.3011
21.7642
17.4225
16.4391
5.58711
27.0048
17.4047
39.902
25.2432
17.025
16.9211
16.4594
16.2214
16.149
5.1269
31.2826
20.4655
16.6413
25.1863
19.2904
31.4417
17.6056
15.8649
5.44219
5.3116
5.01602
38.2013
19.4749
27.3879
17.3087
17.3395
16.7544
32.5878
19.6997
16.655
16.2806
16.8595
29.8574
18.7277
5.42343
17.337
16.6451
16.6036
16.1535
17.6781
4.0889
20.9531
17.1483
4.18544
9.13484
8.25403
5.39067
6.11714
6.02523
4.82589
6.06806
4.92978
9.48777
7.96014
11.1913
26.626
16.8226
16.8517
6.90868
33.8574
7.32958
4.57281
19.856
5.54487
10.6645
6.7931
23.5735
5.64102
25.5784
5.2891
8.47462
7.24001
8.64542
4.5867
5.03713
9.87445
4.0276
6.98044
5.72351
4.02848
7.06073
4.96226
7.65927
6.73731
5.9554
5.52703
6.64337
7.94064
5.95077
4.83248
7.27077
7.05068
6.85017
7.75579
8.22478
8.1198
9.32994
5.34098
17.9564
6.3852
22.4175
5.11912
20.55
33.6729
20.8004
15.5399
16.1266
17.2047
15.3991
17.9073
18.4218
6.06547
22.8107
6.84691
6.01924
6.73875
28.0952
19.3379
7.42184
20.5242
12.8301
6.25958
7.41963
35.03
18.156
25.1755
25.6706
10.5427
7.26523
21.2804
8.15494
22.2583
30.5265
18.6193
17.5915
5.90698
27.8124
19.1546
24.4523
5.58326
17.8358
19.5508
22.8473
17.9913
18.1572
16.783
18.3368
18.4191
22.6688
17.7369
16.6415
16.9695
17.1716
18.0488
26.8815
18.201
17.3607
4.76124
4.8898
39.1079
5.07979
25.0451
29.3126
6.50219
12.4304
6.40449
8.12439
7.89161
32.1786
6.00424
21.1057
17.4598
18.5392
16.7743
19.2383
18.3639
19.5753
22.3642
22.8109
26.8332
18.8217
17.1041
25.5631
22.4266
23.2977
17.5237
32.0663
18.643
17.7072
16.9295
17.6988
17.9874
17.3821
23.1253
19.2723
6.92667
18.5735
21.1167
17.5635
19.4853
20.1221
18.3158
18.8983
19.3398
17.5509
17.2676
20.9718
18.3467
15.6705
17.292
16.094
18.1675
18.3183
16.4507
17.5663
17.6982
17.4103
16.7897
18.0363
34.7832
19.2053
21.4383
16.2497
34.379
30.5242
7.63162
7.32304
18.3685
5.63262
8.2974
23.2926
18.2869
8.32798
8.66436
19.384
5.43663
12.9565
6.2149
7.81961
22.7932
5.65512
7.73087
8.42257
5.68521
6.51446
20.2926
5.41146
11.2392
6.68325
7.36644
11.7771
7.68112
9.09172
9.54863
6.59709
5.65556
7.93779
8.77635
26.5417
6.04575
5.89548
9.02327
5.73925
11.8481
23.8648
10.6449
26.8397
6.61973
12.3072
6.83643
38.245
12.602
29.3105
11.9969
8.08844
11.2327
5.21661
7.08258
3.46709
4.18514
5.52516
27.8638
16.1595
6.01391
18.3055
15.6353
10.6858
26.9495
20.3173
5.45239
6.10633
10.0359
8.15663
17.4555
17.1381
17.85
5.91346
10.8713
6.69726
32.4429
16.8444
11.2412
12.9883
9.63908
7.12539
6.80573
8.62605
8.16573
21.4292
18.0069
5.85535
18.3853
5.05226
9.11893
11.4396
21.9185
17.1906
16.8935
15.8513
15.958
5.01924
21.506
6.65344
6.79569
24.5945
5.82655
10.9853
20.0798
16.1212
7.33419
23.7365
5.4228
20.5654
16.7194
7.28587
9.25742
23.1676
17.2571
14.8466
20.8183
6.59125
6.26796
6.70331
8.9479
9.3485
6.56682
7.61839
22.9626
16.0905
16.9891
18.0398
15.6801
22.2027
29.8519
20.9933
16.4455
19.7987
29.3927
16.3762
20.7647
17.6588
32.0591
18.6669
7.12761
31.077
6.6682
8.72042
9.7224
4.97244
5.50021
6.05274
7.80145
10.5271
15.6325
6.50402
30.3598
8.73697
12.6287
11.0253
10.6232
9.97729
22.37
4.6133
19.3178
5.75369
16.828
7.43962
5.08688
4.68201
22.843
4.82637
25.467
5.20576
18.5494
6.75793
9.78958
5.72672
32.0844
9.05254
26.9131
5.23391
9.05504
5.52336
11.1237
6.81187
25.5373
16.1684
5.9067
17.2646
20.1071
17.5131
5.65491
7.57202
6.12492
6.28156
7.79455
17.0064
5.88786
5.92841
11.3596
5.9165
21.7835
6.16482
10.2413
6.44119
16.6722
27.1178
18.0006
17.1469
18.3107
12.1412
37.356
8.2087
22.0958
15.9045
16.0642
7.4337
7.86015
6.35677
6.32155
4.87113
24.2967
5.45893
6.92418
7.76953
9.05032
5.51517
6.9238
10.844
6.88157
5.15508
4.67211
5.55831
6.55938
4.42298
5.24416
4.1134
3.8247
3.91038
7.13549
6.89914
9.11297
6.42651
10.9265
6.26448
9.15823
4.10792
5.42028
6.86412
6.46971
5.97685
7.2155
5.75702
4.43154
5.54075
4.99783
8.68528
6.20957
10.3612
11.3152
5.65369
8.71942
5.79553
4.83472
11.5703
7.78335
5.46194
10.1601
4.87168
6.31597
4.86978
5.87857
4.90903
6.36409
6.57504
7.67166
4.68227
4.35907
3.89211
4.9866
3.65639
3.75825
3.69569
5.55046
5.36816
6.60042
5.11582
6.2345
6.73939
6.45559
8.03
5.28822
6.20354
4.90974
4.66416
4.6647
4.75249
6.91942
4.32283
10.1509
11.2718
4.15195
8.94968
5.57582
11.6041
6.50355
5.00483
5.03832
8.35138
5.56988
5.19906
5.75162
4.68977
5.07489
4.91978
4.21587
6.30204
4.45664
5.86595
7.76647
4.87684
4.84436
3.82854
4.81132
3.42879
3.81169
3.56369
4.53223
5.88638
5.99273
8.79804
4.57746
3.81252
6.08839
8.50891
4.69472
6.62706
5.24569
4.63256
4.31894
4.9718
9.49004
6.99309
5.0764
7.55096
4.30234
6.96758
9.53419
5.75794
6.38593
8.60851
9.90857
6.18566
5.14288
5.80532
4.42298
4.18447
6.76699
5.39513
3.85402
4.83457
5.6443
4.00162
4.42281
6.15585
4.6173
6.19858
3.85427
5.54202
6.33113
6.27055
5.91278
4.80674
5.00566
6.67604
6.8984
7.82441
6.14506
6.26353
3.85069
6.09142
4.90382
4.48164
3.8613
5.91195
3.89349
8.07277
5.55289
9.5656
4.59309
6.31058
7.39644
6.8171
7.72326
5.60678
7.33485
6.92223
4.7518
11.2167
7.03841
6.41675
6.95744
4.00204
4.88825
6.11555
4.11461
5.8994
8.70428
4.64437
10.8874
3.54688
4.13667
5.75118
4.34837
3.2129
3.97174
3.89773
3.5145
5.29551
4.58918
4.18102
6.95654
4.48683
3.60214
4.59938
6.08067
4.0038
4.30914
8.82009
9.16624
7.1546
6.91001
10.3561
5.92313
7.67431
5.50605
6.70842
4.68415
4.38521
3.85756
4.60606
4.63399
5.37586
5.00167
3.89412
4.63678
5.05145
5.09724
4.78438
5.64037
5.29405
6.32421
4.28516
4.24571
6.60559
5.62494
8.46898
7.21632
5.82552
3.43535
5.59664
4.73958
5.06687
8.52529
5.22101
4.56698
4.89772
7.17795
10.6707
9.02206
4.76097
8.78526
4.82558
9.83621
5.12219
5.95069
6.65565
5.84437
9.12506
5.28599
8.23551
5.33871
5.16098
4.7413
4.45685
10.5314
5.12483
6.04523
10.8842
11.6639
7.40735
10.3645
6.85747
4.91404
4.00169
3.61337
4.68637
4.99103
4.13047
5.5949
5.06593
7.18648
4.0544
7.63493
7.30559
8.37456
9.54272
7.37541
10.917
6.28372
7.60282
5.55797
5.95208
4.00155
4.79356
4.80323
4.28106
5.57335
5.20433
4.75411
5.08077
5.9306
5.89437
4.97821
7.11641
5.81775
8.55151
7.84483
5.07077
6.72923
4.59019
6.3186
4.79046
4.50186
7.19788
6.02246
7.16746
6.01166
7.70955
5.21587
5.58442
7.65698
5.09341
4.02936
5.39321
4.69762
7.0312
5.40189
5.03044
4.38917
6.9558
10.7952
6.22526
5.5674
4.84615
4.70235
5.53585
7.19376
4.55768
5.70326
5.94705
5.55445
4.572
4.69327
4.30837
5.89878
4.05377
10.0379
10.2659
5.48296
4.38945
9.36249
6.14264
5.82742
4.91781
4.7845
6.86874
5.87955
10.8982
4.78471
5.76975
5.39268
5.90636
5.78552
4.66889
4.63625
5.65977
9.24515
4.92028
4.9352
4.80698
2.91528
6.16553
3.18953
3.71985
5.31107
3.99215
4.22986
6.06602
6.68564
8.31015
4.32848
8.73328
10.5195
7.91874
5.89847
7.74207
4.93305
5.58474
4.06622
10.5712
6.9885
7.34711
4.56629
5.13675
6.57552
5.28862
4.77036
7.11071
7.16167
4.53276
4.27362
6.19836
7.62303
7.83657
6.57523
5.27502
4.64904
6.22509
5.45615
6.47671
5.55773
10.4433
6.64743
5.47752
6.93794
6.15288
6.59624
6.98468
4.7461
8.00357
4.68144
6.88508
7.39311
6.04472
6.34839
5.92388
5.11075
5.56776
6.47527
8.9884
6.89454
10.9904
5.63762
5.69462
6.25942
10.0844
4.86261
12.4454
6.79166
9.32827
6.36207
5.91927
4.78218
6.54659
5.61476
3.67727
4.20976
6.42007
5.60305
5.64455
7.00517
4.4189
5.24369
4.64466
4.57673
5.63742
4.65701
3.91273
5.1969
5.04594
4.73773
4.21619
7.5408
8.03746
7.13908
5.86045
5.90412
5.51851
6.10603
5.26678
6.87605
7.10424
5.13466
8.18493
5.07217
8.45097
5.12149
5.2508
3.62702
4.44534
5.42093
4.43287
5.05839
4.19043
3.98277
4.76136
3.91777
4.75014
5.18924
5.46383
9.24126
9.06486
7.39188
5.13816
7.32054
7.509
10.7668
8.74278
5.75025
4.92122
5.73979
7.74255
6.26552
6.78436
10.253
7.05801
5.94738
5.39202
8.06312
5.83799
5.12494
5.45046
4.75875
6.0824
6.93943
4.67029
4.39415
6.72272
5.8128
8.43202
4.89957
7.7879
8.23675
5.59626
8.99642
7.09268
7.45202
8.48905
6.00014
5.04424
6.7771
7.72365
6.68579
10.5835
4.90706
3.75905
6.54789
3.26984
4.96368
5.04257
6.59815
5.97546
7.76849
7.68765
12.6113
7.9084
6.01121
7.5766
11.5891
7.06063
5.74376
11.5193
6.42771
10.2118
7.90266
5.83593
7.47699
6.33409
4.97517
7.82982
5.86719
8.39081
9.23041
8.16399
5.92977
5.60348
11.9049
8.7785
7.68114
9.16908
9.03519
6.7122
6.74048
5.22696
4.53663
6.01347
5.85227
8.63487
7.96251
9.14877
7.84586
13.1153
5.90911
4.51557
7.53348
6.97028
8.96087
7.32899
6.42131
11.2175
6.55255
11.0406
5.0195
7.33692
6.38479
10.3613
8.56918
11.5444
6.09985
8.0631
10.7224
6.09613
8.03455
7.85069
6.48221
6.54929
8.43934
6.92979
8.73617
11.4791
5.51441
7.806
6.69542
7.97822
8.65042
7.28006
8.56175
5.67659
4.99408
9.37701
9.55046
5.25582
4.50357
8.28192
11.2919
6.38836
7.99661
11.2943
6.76856
9.57779
7.80555
6.59577
6.82376
5.03465
5.60109
5.21773
7.54234
9.94778
7.76135
7.96955
8.14117
6.25649
9.53217
5.34079
5.27461
11.7606
9.13759
5.60969
5.35603
4.63764
5.96853
5.64705
5.77744
7.21467
6.21316
5.26165
5.12872
6.70394
5.71372
5.66233
5.78047
6.14444
5.34047
5.03166
4.55896
7.07423
5.39395
5.20181
3.8778
10.7667
5.49811
8.20166
8.39413
6.52808
7.87415
8.50303
5.60989
10.1251
6.77331
10.8429
6.87677
7.43247
8.06432
8.78192
11.6768
8.2437
11.9074
6.40534
5.12015
10.2298
6.82212
7.28643
4.93126
8.64298
4.91579
5.61253
5.13371
4.88193
7.60055
5.73747
5.31531
9.48919
9.23438
5.66572
6.07431
8.02283
6.2285
11.5767
7.54232
4.97916
6.17499
6.90862
3.38453
6.89874
8.83877
6.494
8.27798
8.49067
6.80124
7.11656
7.33486
5.48772
11.6151
7.26455
5.78708
10.6295
7.01486
6.02555
7.46254
11.3654
7.61352
7.89723
6.87387
10.6222
5.41404
6.99887
8.52809
6.23535
6.94555
7.73956
11.3189
10.3293
4.94513
5.13126
6.14783
6.04714
5.31018
6.29662
7.43982
8.41225
5.19365
5.99837
7.81678
9.66407
5.10031
6.81306
5.7631
6.24241
7.84027
8.26103
4.88123
5.43653
6.02422
5.69519
7.66294
11.1249
6.43511
5.54679
4.8625
5.50658
7.73368
12.8305
5.89743
5.76134
4.68688
5.61447
6.10249
5.23648
7.49961
5.05467
6.97321
4.12662
6.13216
12.2622
7.9849
11.1451
7.7781
7.35332
9.47288
5.77904
4.83642
5.32625
4.41307
9.3983
6.07257
6.12066
7.25881
11.6904
7.65662
12.5865
10.5106
5.03525
9.51056
8.75371
5.83255
8.3958
5.73272
5.64856
6.95441
8.03577
7.83963
8.00232
7.40368
12.2485
5.92714
5.1792
9.3864
8.43938
7.14876
5.32844
8.9256
5.7189
7.8378
10.2488
10.8213
5.54633
6.35721
7.17812
8.60108
6.36036
6.11423
6.95622
7.41073
7.66342
10.848
7.59205
6.62927
9.00246
7.64783
8.60575
11.8608
9.46458
8.74875
5.71442
4.66907
9.56563
5.74185
10.2525
6.81245
10.8803
5.07662
6.3212
11.6945
7.9523
7.13473
6.64515
5.76037
5.3459
4.98163
6.82923
6.71376
6.92088
6.4843
8.51482
13.0911
12.751
8.70894
8.55231
8.96636
6.80229
6.05134
23.7449
16.9591
6.3485
12.4908
6.10952
7.65745
5.13907
9.3803
20.2707
6.32521
4.86915
10.1867
5.04116
10.3806
31.828
8.40356
4.99458
6.88486
17.4881
4.21317
25.5023
25.1772
18.8731
31.5836
21.0098
16.6514
16.6635
6.389
5.4524
7.31754
6.04685
20.5795
6.34161
5.87105
9.23591
6.63847
11.4472
6.2602
8.27778
6.01402
8.92449
7.39515
7.40475
10.1191
6.36047
7.27894
9.02047
4.60864
7.37183
6.30865
8.12834
4.52626
16.0995
7.08679
11.9008
9.50997
7.46066
7.66671
7.69325
12.748
6.70522
21.9975
5.29106
6.74015
7.57812
12.7759
9.98874
19.12
5.21623
8.53042
8.24616
11.4107
5.63154
9.14235
8.62634
9.28781
5.8144
10.7474
6.19341
7.61031
11.031
8.12564
10.496
7.38897
36.2653
17.7832
17.5623
5.03016
5.65317
8.47887
6.27928
7.29873
5.29885
17.2974
6.24471
7.28332
9.41705
9.51724
7.8866
7.15705
11.0962
5.69401
7.73909
19.9772
6.34743
6.9134
5.36914
11.2784
8.36438
5.89714
7.76659
9.83135
5.00177
4.95052
4.38488
4.78874
7.84491
4.08972
5.17874
6.13235
9.28972
4.62987
10.6001
7.01431
5.96533
4.76438
5.06515
8.20265
7.90789
11.8507
5.85031
7.75631
6.48072
19.9582
6.23361
8.31237
12.2615
10.0918
9.0962
5.61352
5.62951
5.73256
6.22017
7.64613
9.50769
10.0303
10.0453
8.41221
5.98101
25.5638
7.62241
22.9924
11.9948
7.62239
7.32549
23.672
7.75355
6.84364
5.59393
12.5842
8.24712
8.26797
11.7497
8.66026
10.4799
27.1828
19.0704
24.6615
13.344
20.6965
7.20752
28.5992
4.81735
8.88349
7.48325
8.95202
5.32315
29.3395
7.93304
35.2252
7.5796
9.63841
32.1652
7.13062
9.29357
7.26933
4.8377
6.11732
4.66079
8.28174
24.463
5.92501
7.6546
8.59192
11.1967
5.88209
6.50143
18.9238
17.8534
17.1077
16.9022
21.5767
24.6537
18.8971
16.5687
17.3167
16.8339
18.416
17.2282
16.7211
21.6472
17.381
16.0638
19.3525
20.3457
16.7907
18.2768
5.72753
28.7508
8.18699
6.74888
9.29018
9.76267
12.284
22.5052
5.87567
5.33558
23.1493
6.29547
5.11323
7.50342
5.92367
4.37086
8.2458
5.27006
7.07078
6.21404
5.45912
7.15827
6.91757
28.7051
6.12237
5.94134
8.08996
7.25011
5.95418
9.4107
17.4426
5.11071
7.42808
5.57565
5.9646
5.83718
24.1974
6.29955
6.86694
6.56688
5.75338
7.01172
23.715
7.94749
10.7528
6.22803
18.8022
5.9599
6.4077
25.8132
11.6487
8.23581
8.7576
8.82867
7.96979
12.0664
17.11
7.34698
8.20505
9.19782
12.3055
10.0212
6.42839
9.02253
23.0335
13.2884
7.6735
6.02424
7.89105
5.69744
8.10549
7.14054
12.2589
5.49695
23.514
9.45776
19.3515
6.3905
8.83825
15.8577
6.3981
11.0872
9.4094
29.5923
6.51428
8.5438
9.67191
9.69273
6.90618
22.4342
7.40269
7.28923
10.3505
6.08804
8.72496
12.0095
7.38672
7.14524
21.6425
4.93647
8.20043
7.007
7.82485
5.61621
5.75859
11.4928
29.5925
7.60003
7.79877
17.9495
6.89653
7.89765
9.27178
5.43969
16.6742
11.6168
8.95864
6.90011
5.40822
5.81858
11.9178
5.62582
13.1132
7.41988
7.38975
29.1162
7.71234
5.94842
10.1819
5.81253
6.55252
5.07427
5.91039
7.43449
6.84026
5.74549
4.72003
7.25957
4.68125
5.30143
22.4168
6.32971
9.40668
8.47422
11.0392
6.68417
6.77875
6.84081
6.49892
6.96689
4.29899
6.99854
6.66641
4.91619
6.86395
6.26631
20.5912
7.82048
8.40363
8.3957
12.3648
7.49598
7.25009
7.21412
7.35399
8.90989
10.0237
6.74363
12.8755
7.35563
7.3295
8.12878
7.84276
9.35044
19.8614
9.22718
8.04753
8.23438
6.62619
5.8774
7.64866
7.66202
13.0879
6.28777
8.19857
9.44444
4.87728
6.56377
9.58669
4.32466
5.36843
9.35821
6.04293
5.00377
4.99178
12.021
7.35548
6.92049
6.30355
5.78527
6.97771
12.744
7.47192
6.68998
8.11597
11.1061
10.8491
5.81013
4.96758
5.74772
5.78926
7.80979
11.4813
7.28476
8.99952
20.5066
5.56928
8.0476
7.05346
6.03648
6.38613
5.78058
6.01514
8.80949
8.20334
5.36919
5.91872
6.84917
11.0524
4.9251
7.7804
9.48276
7.20029
7.34526
19.2062
9.80421
11.8304
7.81456
10.2214
7.15718
12.7058
7.05945
5.56528
7.70662
6.24613
11.791
7.58855
6.43027
7.14188
6.41257
7.83518
10.2997
5.97562
5.5244
12.933
7.21793
28.7149
7.5857
13.3546
9.1838
5.17764
7.13566
9.59285
6.26474
8.70337
14.6331
12.8299
9.60456
7.42041
5.75973
11.127
11.5518
8.61739
5.4422
6.28235
9.19484
7.66003
7.05025
5.67189
9.53512
14.0167
9.62106
10.7159
6.20984
30.661
7.78365
8.59979
7.22144
7.47921
12.0499
5.9376
6.94304
5.8788
8.57341
11.8922
6.74079
35.8142
8.69381
5.8796
6.09777
8.06813
10.2267
5.34964
7.29766
21.6246
7.05725
7.16668
5.24216
19.7046
5.24521
5.76355
4.66455
5.24037
5.79975
5.3164
5.55893
8.62668
20.2274
7.04983
8.68614
9.49285
5.75854
7.34038
3.48001
5.89642
7.26742
34.4741
10.5054
6.8814
7.40634
8.3265
31.4164
7.22206
7.83434
8.22609
9.96038
7.71671
32.1299
10.9418
6.76828
25.1462
17.8196
5.82901
20.0004
6.15048
8.33202
5.15662
6.40749
9.50538
6.71299
24.4069
5.92357
6.09267
7.75974
23.0869
11.1249
11.1897
6.46241
6.64801
12.1914
6.73955
7.92627
27.5915
10.6619
9.1726
7.63499
7.62027
24.4097
32.7034
7.80664
39.3505
9.2179
22.9633
9.69543
26.2198
9.27572
6.86617
6.33724
11.7439
6.28964
30.1965
13.1117
20.0429
18.3561
18.2045
17.7946
8.56387
6.33697
32.1121
24.5743
5.96227
6.1562
12.2539
23.4253
17.9994
16.758
17.3262
17.9013
25.5236
17.1973
18.3606
17.2253
32.7527
20.4834
25.9243
16.9788
19.1662
16.0251
4.90557
13.2048
32.8386
7.04061
25.5694
6.04441
5.95109
8.78949
10.351
6.05078
20.6687
17.1611
6.01389
33.0854
5.71832
8.03515
6.2485
11.8358
6.69409
27.8866
8.65357
6.37483
7.46726
7.01391
8.0839
6.90308
6.10362
6.94201
4.04373
28.4486
8.47542
6.51907
9.39014
5.53664
6.63731
10.1143
4.91004
17.6214
5.47376
4.8049
7.7131
7.68772
7.86127
8.77369
22.4805
5.66046
5.94285
10.2828
4.86
12.4432
33.892
9.47783
19.1628
6.96941
4.47801
4.57249
20.2747
7.77796
7.89617
9.06793
5.0484
6.68043
11.3298
6.10989
34.5491
5.25433
8.56389
6.17032
9.17799
26.3641
5.87786
5.59434
8.53705
20.6757
20.3496
18.5503
19.1562
17.9365
26.8786
19.5376
18.3307
22.202
10.2633
24.3628
22.0008
4.81767
20.6289
18.9014
18.559
18.6108
19.936
5.08238
14.1016
24.6995
18.8912
12.9852
7.43597
5.18923
27.9591
10.3572
13.1295
11.0478
6.84259
5.93967
23.6848
5.66962
7.48995
7.73934
6.85411
12.4814
13.317
11.6168
20.2449
5.97313
11.6979
5.79069
7.16657
10.1446
9.54263
6.55386
6.05019
6.0569
20.4356
5.82987
6.06012
6.88639
5.7144
5.9304
8.22976
10.9152
10.7033
7.36056
10.6609
7.211
10.8294
22.2205
9.50477
6.20295
14.4793
5.14714
11.4491
6.63729
5.37455
23.7089
7.02872
8.94833
8.32194
5.22087
5.99729
6.81883
29.5729
11.6008
7.5549
11.0818
8.29111
17.2249
7.00118
6.30352
21.1322
6.83576
13.8946
8.96115
7.83103
7.3332
18.5476
6.39649
6.53118
5.70883
8.72223
9.12906
6.66009
6.65687
8.89048
13.6766
25.9364
12.3665
25.33
5.38518
24.0812
6.40441
8.17068
18.21
5.57383
7.83253
10.2269
6.05271
8.72314
8.70577
10.6091
22.8083
10.763
6.53652
5.22161
6.31147
4.93843
10.3574
5.88297
24.3891
6.31873
9.72594
6.75378
6.05867
6.50805
6.76642
11.8047
7.58927
11.2049
7.93747
6.131
6.84363
23.8713
6.95491
5.92949
6.18263
12.4121
5.36557
8.63578
10.424
8.21928
4.74574
8.27749
7.51273
11.5978
5.70063
22.6971
7.4653
6.35819
10.0928
7.23859
8.14122
5.79128
10.3443
9.48758
8.97692
32.6297
7.69002
7.63808
7.20079
4.90172
8.33546
6.71043
5.30477
5.33203
7.56403
6.19759
5.28355
9.60726
9.63931
7.00331
7.54004
7.33025
4.34811
16.3859
5.26947
5.9755
5.16316
6.57543
4.81876
7.20903
5.75929
5.68708
7.51933
7.94175
6.71655
6.64721
5.89145
8.12549
6.52073
5.98858
6.55072
10.1506
5.83618
9.16315
4.68522
7.5166
9.48101
8.97638
7.88682
6.72617
9.50136
6.68664
7.00038
4.62706
5.49774
5.79471
9.2113
6.50688
6.06575
6.0826
8.6699
8.84343
5.09315
7.03451
4.4537
6.30074
7.20682
7.96589
6.20766
6.37349
8.06858
13.2538
6.11543
12.543
5.70206
22.1826
5.36336
5.26146
5.19502
6.08984
7.82775
11.8434
11.1588
6.70768
7.21242
6.19109
6.2537
6.5705
6.80087
7.10286
11.2821
6.95414
9.67629
8.67927
5.83512
8.73274
6.87067
13.7558
5.70039
5.22325
5.62855
13.1361
4.93323
8.22504
6.16498
8.03853
5.24711
4.88824
5.58866
7.65114
9.11747
12.3608
15.8198
8.95781
11.5243
8.73821
5.96834
9.24471
5.88727
5.83155
6.96615
6.64714
9.56046
5.88229
5.01293
11.1558
8.79278
6.16726
26.8159
5.71547
7.51422
10.3882
6.94098
4.99341
6.57637
5.85893
6.32081
6.14892
5.88545
5.11432
7.15819
6.66349
6.38539
5.84763
11.3098
6.6977
8.74147
10.8992
9.51475
6.49928
8.04315
6.35976
10.7834
18.2768
7.8992
6.15388
7.33171
5.9626
7.95603
9.92534
7.23102
6.20489
6.71486
7.90944
26.8311
5.76759
6.27253
6.16026
8.27136
8.11155
5.93861
23.4444
5.30686
9.44145
6.64686
7.22412
5.2455
10.8444
33.8598
5.72351
8.27029
5.75413
6.51056
7.02693
6.13029
8.32404
5.3452
7.45546
7.42643
28.7919
8.79533
5.13879
5.05234
5.89057
6.89117
7.40199
9.31478
7.45051
5.19504
18.4258
11.0291
5.58574
3.58399
15.0952
4.77327
6.12844
6.53912
5.04699
5.65581
13.8755
7.48603
33.4058
5.67903
6.4591
7.6435
7.83815
6.08533
8.83898
8.39291
9.61467
24.4625
17.5579
8.38
16.939
5.55863
6.35481
5.39552
29.2761
5.62207
11.1786
16.9996
4.64975
8.37556
5.36458
28.8335
7.03167
5.41793
7.23522
26.5172
5.65202
18.7961
38.3135
7.13375
7.01288
19.8912
5.40802
7.26079
27.7973
5.36706
5.22131
5.06305
4.94063
21.9346
5.64966
8.39238
5.19754
8.03234
30.848
6.45873
6.1168
6.24673
24.5785
5.38278
6.77826
9.64623
11.2409
20.0328
9.6685
6.22373
6.39311
5.33708
5.66467
4.32284
33.2505
6.25382
7.01815
11.5557
6.91199
11.4961
7.31172
6.88854
6.46829
19.5945
5.09551
7.67212
6.18083
15.7104
7.14035
4.9266
5.34035
7.80331
5.32832
9.54257
8.99884
10.9024
6.61888
23.2192
9.61576
8.19731
9.63629
11.3252
11.3106
11.3854
5.63343
8.60375
8.78602
7.75915
5.37645
5.41306
9.55857
5.31679
6.2404
10.4239
7.26246
13.2953
5.34861
21.916
7.22611
6.28751
7.04428
8.52414
5.40003
7.70249
30.6004
5.75851
9.24235
5.87292
12.9062
10.2001
18.9785
5.83157
13.0881
6.35894
8.80619
17.7066
17.3636
5.8402
5.19759
18.9222
16.4041
7.59612
4.99373
5.28593
8.41903
5.48055
7.57745
8.07585
4.84758
8.71931
16.1734
7.34773
8.16511
5.53554
8.07656
5.32872
5.08975
5.00061
6.45533
7.99733
5.26084
5.63332
5.42182
7.11959
9.76902
23.9788
6.4551
10.946
6.60687
10.9007
5.4209
10.1769
9.26296
6.28435
7.68207
9.90853
8.92557
29.0194
6.40741
4.07946
7.4297
3.76909
5.3308
7.56353
9.42328
17.2048
6.65353
23.1068
9.32413
33.4706
7.13653
7.57857
8.67235
9.7568
12.9915
6.6303
19.9307
5.53364
9.56386
5.61836
7.48341
10.9777
10.6083
7.22212
19.5126
5.55345
5.93934
7.67782
11.5722
11.9019
8.57642
6.43958
8.38856
8.04412
10.0416
8.84263
7.33925
32.4279
6.29891
15.0252
7.33604
6.54863
7.11951
9.92561
8.39461
27.0665
7.87297
6.22918
13.6004
5.06831
5.8493
7.90776
5.90546
15.879
7.70075
11.4797
10.6173
22.2807
5.66482
7.57669
7.55959
7.70301
6.78988
5.36653
6.00193
8.26327
8.41906
12.02
19.1587
20.158
9.41983
6.88593
7.70793
5.59597
5.56069
6.81017
6.89039
34.0205
9.19528
9.13086
15.292
8.45043
6.95013
10.2495
6.42441
24.3532
4.37509
16.6739
5.36708
7.83017
7.48031
6.54029
5.6618
5.83652
18.0138
6.01295
8.67863
5.97875
7.12253
7.95544
12.5959
5.87794
13.5444
9.43185
6.44841
5.29474
10.0402
9.47604
8.28764
5.48807
6.04639
24.6652
6.3394
8.63047
11.1395
5.76354
5.81785
6.5619
8.61645
8.21526
9.43012
7.84015
5.8133
6.1602
5.45416
7.18771
6.72703
7.84344
12.2517
7.86948
6.30464
10.7815
7.38638
8.02904
8.45518
5.54098
7.31947
6.47949
5.92394
5.75097
5.34253
9.17142
7.01244
6.12395
6.03407
7.60041
29.9981
4.93926
6.69143
10.5117
10.1144
9.03851
11.0166
7.33743
8.65376
9.10916
5.0669
4.48068
5.75689
6.05469
4.32152
11.8452
6.65355
4.772
6.26788
7.04991
7.00017
4.60754
5.97036
8.17997
8.04555
6.8357
6.3796
6.80152
5.24595
4.86234
5.12225
7.38732
10.8177
8.71049
10.1373
11.4634
9.67556
6.23125
11.8618
8.64242
7.61077
10.3487
7.59312
7.21612
11.7545
10.6275
5.00262
6.17338
5.55937
5.2897
6.83993
7.23059
17.7876
8.12383
7.94138
10.5547
5.77853
10.6439
11.2969
5.09102
6.31184
7.18458
5.77968
6.58319
5.23338
5.7322
6.5157
8.33427
7.60898
5.93963
8.70789
26.0828
5.64371
7.19847
5.65177
5.85448
9.7119
7.57108
9.62508
9.06203
11.2929
7.95826
19.6935
8.30902
20.1867
6.74094
19.0984
5.68766
20.9681
8.19479
19.7514
7.00025
5.9231
6.2002
13.8715
7.85174
7.52775
6.02255
9.61371
7.79248
4.64191
5.08232
10.4238
15.2682
6.7823
4.92565
5.37377
8.53738
7.71121
8.90674
6.02651
5.65418
8.83487
5.40459
8.03769
8.44709
28.5236
5.06017
10.9856
27.8029
7.03956
7.53438
7.62856
7.26158
8.90468
6.9516
6.16985
7.05024
8.82199
8.26279
8.33848
7.21909
17.3254
22.7347
6.14397
9.51787
7.33232
6.48503
20.6668
16.9376
23.66
5.6899
6.00544
10.9057
6.46158
12.183
22.6309
17.743
23.1807
6.63513
5.93723
19.9024
6.19349
8.05932
7.60202
6.13352
27.9272
5.77721
30.9447
12.505
11.8216
7.60162
8.79726
14.0863
23.9024
6.06146
9.47094
6.18466
11.1748
6.10918
8.85048
9.02863
8.40683
6.65664
10.9334
5.58385
5.49513
28.6536
7.53525
7.5843
6.05925
6.77965
8.26703
30.2429
32.9251
6.31065
19.0292
5.74766
8.65002
8.51399
10.9833
7.20043
8.0343
8.72497
16.4644
6.67223
24.5713
6.6987
5.95331
7.1684
12.1289
22.8769
5.93078
6.46671
12.2763
8.69171
12.4214
8.38342
9.6203
7.99588
31.9561
7.57805
8.48284
7.80274
34.9614
6.37404
8.783
14.1077
6.87715
27.0347
8.87155
35.0928
6.01183
4.9168
10.7823
5.85035
7.53289
31.8703
5.66203
36.3189
18.2638
12.3548
7.57988
8.87777
9.00557
7.25719
11.302
6.512
5.36224
10.314
21.6224
8.40338
6.17436
17.2294
5.83962
8.51043
10.0743
6.40727
10.1283
5.37725
6.50351
10.4387
5.15529
6.3739
22.6067
7.5944
7.01098
5.66599
7.05999
5.41726
25.0112
7.51847
26.3108
9.43194
7.1891
20.7106
6.44268
5.2386
24.123
5.50413
7.26208
6.51519
9.53807
5.32263
22.3456
6.31296
6.45591
5.60944
24.1628
7.61222
14.4428
5.8478
4.60255
19.1316
4.20624
6.21044
9.3178
5.43509
5.85562
5.52647
6.05398
5.49102
18.0775
6.47834
5.60535
10.7899
6.76343
29.3718
9.0317
6.37853
10.1874
8.3966
29.6063
13.4067
20.1965
4.53461
7.39234
8.75765
7.76286
5.38214
24.1286
8.47329
12.1235
7.3999
10.3102
7.83646
7.5552
5.76375
10.6076
6.6887
6.09952
6.72673
6.92344
26.9318
8.12945
12.6599
11.6911
6.22091
7.12592
18.6567
6.70477
8.66423
6.5179
6.81471
9.14935
11.3705
8.69563
8.21544
5.33391
22.1556
8.10018
8.42304
9.29225
19.5669
11.7368
7.2689
5.79568
10.5412
6.22632
18.5433
7.57024
7.17628
6.65987
6.49682
23.9605
6.18517
12.8719
7.22074
8.02657
8.09005
26.4119
5.91988
12.6573
13.8127
24.613
8.32243
7.74871
7.55252
8.90976
6.59258
5.85934
17.7914
7.79994
9.21225
8.5472
8.66317
9.0156
9.07821
5.75695
20.6334
6.59705
5.14633
10.059
19.9975
5.49605
6.97854
6.29204
7.76746
8.69469
7.44612
13.32
26.8362
5.24603
9.63756
6.08164
11.9144
6.81586
7.97611
25.7463
5.59897
5.86351
9.19957
8.36621
6.87122
8.34725
10.6728
6.1205
11.6761
18.7855
9.15995
9.0645
12.3858
12.0946
33.6598
7.08474
13.1646
8.7161
5.71118
12.296
16.7687
7.36756
6.79221
5.96807
5.33751
8.61858
22.029
6.01147
11.2755
12.7027
8.07286
10.5757
6.55353
23.7131
5.92831
8.60347
11.7773
8.2395
7.44255
12.4995
6.07456
7.2222
7.84665
10.887
7.1875
5.44721
5.13401
7.96799
18.0876
5.92401
6.66101
6.95702
8.31239
10.7825
5.75756
7.38241
7.76297
8.25786
5.97861
4.71679
7.19707
7.24796
5.62186
3.62493
3.51011
3.51039
5.44754
7.35314
5.73356
6.54614
5.79065
5.73796
6.25211
6.69019
5.23234
6.16731
11.3819
6.47684
11.488
24.1354
7.23722
5.6173
8.3852
6.70076
7.01838
7.22839
5.22989
5.91153
6.02727
8.79798
5.36918
8.0721
6.15895
5.00387
11.7293
7.12342
7.58678
6.19653
6.36571
29.0331
6.27087
6.7288
6.49082
6.47744
6.81353
10.0475
5.7545
12.9023
9.11331
9.0021
11.0044
7.3486
6.52847
6.66819
6.10884
12.3023
8.91613
9.95613
6.8896
8.6575
8.44924
8.09186
10.9357
25.4187
8.59957
7.48341
7.29556
8.67524
5.69956
5.10872
6.57454
6.98951
4.9496
6.41743
10.3386
8.27705
5.90035
5.57045
22.6252
11.2255
7.17901
5.45976
6.25704
10.2962
8.80794
11.5651
12.2962
6.94186
10.2333
6.13813
29.4537
10.698
5.80474
5.81575
12.5747
5.44681
5.93622
5.61576
7.71629
18.0331
4.93818
4.44048
5.41196
5.97721
20.1838
5.86258
8.76786
8.56959
16.3003
5.97127
5.49118
21.2351
5.83707
10.9566
11.7583
34.2133
6.8076
12.8621
5.41914
11.6485
8.5849
30.9026
6.67405
8.70717
13.3079
26.3943
5.86414
19.5688
8.52949
5.55325
4.79477
8.10806
6.10519
8.29249
7.64266
5.70965
6.5235
6.76604
9.36197
16.1689
5.5457
5.42826
30.0836
6.85963
10.6862
6.52653
6.38615
6.47127
8.26377
6.32322
18.9751
6.01429
7.37634
18.6949
8.24725
6.1402
7.69762
24.0604
5.70292
8.89085
6.56903
6.82082
5.45435
6.12295
36.8959
20.1905
14.0662
8.67797
35.9447
7.39454
7.12841
37.9552
13.6265
12.043
8.22368
4.09877
5.33354
6.83045
11.0092
8.25776
9.8963
8.1047
6.34082
11.256
35.5483
7.10706
9.54057
9.84279
12.0606
10.0674
5.1598
12.1922
11.5809
7.02992
12.1419
11.1175
6.07371
6.14919
10.3526
9.8024
5.87968
18.6888
5.36012
31.5603
29.4914
6.46002
5.62251
6.3548
31.5823
8.77473
5.43018
22.3055
18.482
5.88646
6.2769
32.1916
32.9776
7.71807
44.3188
9.29675
5.98942
6.50333
29.2889
35.7951
19.7452
17.6415
16.2312
16.688
5.76118
8.24388
23.1088
26.773
11.0652
21.9547
18.3725
9.51953
18.822
7.22016
5.20279
4.97558
8.05025
4.81579
8.84655
7.94658
6.14979
5.77347
6.21373
6.66156
17.377
6.52686
7.47872
8.76269
7.68959
6.55158
8.96307
20.0345
11.9901
10.377
20.9708
5.85512
7.69569
14.1793
7.34877
6.15926
12.9848
5.98015
8.39903
27.8567
5.77122
6.03845
5.96557
10.2657
20.1463
6.02871
6.80799
11.6401
19.4719
5.84218
7.74655
24.8349
5.12725
5.3071
10.3478
26.7617
6.10082
7.55458
7.32463
29.3473
6.82901
13.2379
9.28959
21.1956
14.5844
24.0107
16.5713
32.724
15.414
9.43397
22.6542
7.01702
20.5947
6.82618
22.5943
16.9764
21.4702
6.5911
12.4372
7.00515
6.43337
23.1932
5.8165
8.58428
8.0309
19.1557
13.5598
7.20994
9.06571
10.4339
5.98727
6.68527
28.5296
21.8291
5.45323
6.39028
6.20508
7.98946
7.10066
18.146
4.08982
6.08234
15.7691
6.70174
7.85093
11.7571
25.6044
17.2969
7.81865
21.7642
17.6867
19.0801
4.81639
18.5593
16.8125
6.25922
32.7857
7.59576
5.37463
8.42821
11.1043
10.8881
6.58104
7.84293
6.5744
15.4381
25.5536
4.42759
8.29557
4.04465
9.26996
5.83778
7.75469
27.1743
7.1259
12.9134
24.0311
5.52111
7.317
14.1206
21.2716
4.68966
4.44921
23.17
6.44217
11.1083
42.3587
5.93862
30.9526
6.22898
24.6681
6.73363
6.74743
12.6218
10.9706
9.46827
6.49101
8.59882
6.18022
10.281
6.56399
5.06441
35.4252
5.661
9.49853
7.71936
5.16204
12.0576
8.87345
21.5495
9.39303
6.50453
11.434
6.495
11.3148
6.32366
6.63837
8.49727
6.04381
11.8826
6.84597
5.49353
14.8366
8.32484
22.6347
6.5239
9.25918
10.0213
7.43993
12.9179
30.5724
7.39366
12.091
9.9808
8.33014
8.51139
6.5826
9.18638
6.7735
7.91458
8.14602
11.0232
7.52394
7.03372
26.5677
7.52117
11.4794
7.34755
7.42924
7.02184
12.3152
11.0562
9.06871
19.3242
6.57491
5.43706
7.26057
11.6071
6.59931
6.52605
6.16628
12.3168
8.26905
6.0681
13.6932
10.5609
5.55694
11.5477
21.3342
6.05951
6.89099
8.59296
11.3531
5.88032
7.15699
7.36948
6.85248
6.00663
8.6214
6.05309
10.474
5.74402
6.36418
6.532
6.86404
7.74801
23.6786
6.41678
10.4342
11.0673
7.74724
6.43483
6.77799
6.54152
7.01632
9.50856
7.90208
5.63874
8.42808
4.67741
6.92721
9.03064
7.2758
5.14088
6.59169
5.52986
11.9372
6.36195
10.8915
8.51947
7.76148
8.87782
5.8194
9.32301
8.11457
29.8347
5.09463
8.57831
13.2624
7.84572
8.23378
7.1587
7.27798
6.90763
10.8592
8.03745
7.7598
6.80395
6.78538
12.1145
7.51917
9.39812
5.45641
6.17806
8.94017
11.1416
9.24248
9.10583
9.26445
27.4406
5.49418
7.98747
4.73808
5.46066
4.94325
5.16329
13.2342
5.92339
6.47125
8.77043
5.88003
5.51329
6.36289
5.26036
8.16994
6.19604
6.92078
6.77871
5.21491
8.62115
4.87753
6.62161
5.15824
5.38511
6.74024
9.19472
7.1425
8.41787
6.79874
10.8641
11.3375
6.73213
10.5742
23.8326
5.62334
12.7603
7.46778
8.68229
12.0839
7.06306
5.59645
6.64838
25.4324
5.47003
6.4384
6.38338
7.41279
6.31061
6.72027
8.0882
9.49158
7.98938
12.1857
5.83624
25.2274
5.1765
8.49891
8.33632
5.56805
6.06518
6.45556
6.07128
8.94726
30.3884
4.89086
6.30893
5.86492
8.25738
11.8703
6.19527
23.6718
9.47825
12.735
12.4966
29.9696
11.159
9.2881
8.94802
33.1357
12.146
13.8629
21.7275
6.00482
12.8504
7.49835
6.45949
5.95012
8.12599
7.17641
24.4914
6.74931
5.27078
11.801
6.7715
10.6099
6.00869
9.34944
6.12457
6.42191
13.9591
7.96104
5.8119
10.3348
4.34167
6.8227
4.68759
29.2655
15.4642
9.88226
23.1716
24.1098
21.0887
5.65799
13.2507
24.7249
7.72637
6.99255
10.9477
5.41713
8.4871
31.463
6.95242
20.4716
6.6112
23.358
18.0971
6.29784
23.1361
12.927
5.51154
12.5067
8.8913
6.36249
7.68839
7.29231
6.63464
5.84595
5.90375
6.76441
33.7036
10.6795
5.39601
12.2239
8.3677
10.5536
5.54916
5.69799
9.49462
5.02001
25.6996
7.57594
16.9426
17.1086
7.24587
5.77604
27.4322
5.85792
31.3359
5.5916
23.0433
10.765
7.6682
29.0669
5.65039
7.98236
11.8689
5.95369
12.3485
11.4967
6.50302
8.76384
6.43044
7.4153
7.13454
13.8783
5.5914
8.18194
3.94354
3.32333
4.29708
6.00897
6.48281
17.0539
5.42054
4.97106
7.47371
8.43056
7.12283
7.29864
5.01978
22.9865
6.61432
8.63781
7.21391
10.4188
6.66661
5.18821
32.0281
6.47161
13.2321
5.40471
31.9484
9.65221
23.837
7.29579
7.71331
10.2329
18.2106
6.48971
8.99174
6.32816
6.13206
7.52345
36.9414
6.93194
7.80478
9.49896
12.5668
7.66156
6.15699
8.37774
9.95024
7.27881
18.1372
12.5433
11.1896
6.27581
17.2448
18.0727
26.0747
17.7185
6.10907
29.537
12.0401
11.4307
7.21373
10.6708
22.3357
6.30653
18.5802
5.23455
14.1659
7.22826
10.4164
7.48199
8.35913
6.25877
7.50557
16.6439
6.84149
8.20869
6.12538
5.58961
6.38338
31.7208
6.51074
10.8523
6.59849
24.6033
21.0904
13.0252
23.0665
6.64091
19.9469
16.8089
5.66226
6.15779
31.2238
18.8769
19.0366
20.6366
9.62806
32.3173
9.25107
6.19624
11.3474
9.5864
5.17464
7.70404
7.80278
22.5666
5.69555
7.10776
7.34491
9.00521
22.6084
5.75585
7.33933
5.60304
6.31679
6.47533
7.74568
10.6357
6.46773
5.51727
7.057
7.05755
20.1076
7.09089
6.79713
8.44972
32.4154
7.20357
6.46023
5.64805
6.19524
8.55925
4.87362
6.22215
8.18896
17.1819
5.82575
7.72034
8.3302
5.21122
5.64413
9.29603
7.35176
26.7393
10.4287
8.18227
23.035
5.54814
12.4693
11.9496
8.11781
8.61395
8.82157
5.72345
33.2499
7.14074
8.27812
31.7852
6.09791
5.69487
8.3684
5.22258
8.90877
7.9671
6.75433
11.1434
5.09044
12.1608
5.8627
26.7642
6.32075
6.57952
21.9523
9.9059
9.79978
7.19525
12.0239
28.1332
5.8117
38.8051
8.64098
16.9729
7.38144
7.42829
20.1314
5.29603
6.26754
8.71055
6.51942
12.1982
21.6004
6.6425
9.87132
21.5685
5.42782
6.47079
5.65973
6.91878
6.80245
21.1108
5.29352
7.00771
6.04174
8.53435
5.2995
7.62459
7.55763
7.07486
5.45512
5.09718
13.2654
8.20285
18.8814
5.65454
6.02872
6.52392
10.8375
11.9501
7.57912
7.90038
11.4501
24.095
5.5289
7.54871
6.88865
8.9571
6.18118
5.77204
10.4251
7.73595
7.39401
7.39251
6.79546
8.11136
8.79094
11.6441
10.1234
14.5543
8.93336
6.11197
8.45721
19.2616
5.76391
9.33482
5.60478
13.2554
8.20667
9.14202
6.37749
8.82624
6.21473
11.8256
5.06246
11.8972
4.83347
8.50001
6.77696
8.78622
6.42828
5.98886
7.36324
6.75287
10.1554
7.12294
8.99994
6.63145
4.73386
6.74326
5.89758
6.5876
6.25102
8.26723
7.39942
11.579
11.0208
10.3994
5.79453
8.29139
10.9793
5.59411
7.77347
8.78246
11.274
6.20063
10.5384
7.3928
6.87567
5.6031
22.9444
7.08328
8.42102
11.7194
6.85187
9.86743
7.38144
5.58125
11.5614
14.7168
10.0935
6.43256
11.8763
8.79261
7.63982
5.77163
7.75332
8.71725
5.91742
5.83761
5.98588
10.3935
9.64198
6.74279
8.8242
6.19958
5.23188
7.12137
7.31566
6.09327
8.69902
5.14809
8.58328
7.94668
9.95899
21.4483
7.83363
6.10056
7.7002
22.9711
6.06618
6.88974
7.51761
9.16166
6.92057
9.61805
7.1101
7.76583
26.9425
8.17674
10.9194
8.7621
5.7316
9.9364
5.93412
6.31445
23.4098
6.90072
8.21493
9.26983
11.0046
7.31391
8.38249
16.842
6.60462
9.20898
41.6006
13.5639
6.37226
21.6766
24.8482
17.0974
18.316
17.014
18.7316
17.5773
19.953
41.7716
18.028
7.03884
18.6566
21.691
18.3059
37.8569
8.06675
23.4167
21.9828
20.0405
16.8687
36.8452
30.4247
17.5527
34.4013
31.944
17.1381
25.8051
16.9922
18.9892
6.15194
20.0843
30.5848
20.6671
18.1791
7.02501
9.91715
30.0469
6.1828
26.4868
29.6577
19.737
22.5638
17.8297
34.1769
18.1825
7.20826
16.4052
17.2359
8.35951
33.2707
16.3886
30.4306
17.6056
6.92093
32.0831
17.9014
24.1917
18.4618
5.1477
6.78896
18.7105
22.9864
5.54551
26.0629
26.2678
16.3555
8.55338
6.40135
7.45923
8.77068
7.92479
21.9157
16.5006
11.874
10.9355
7.94431
6.69347
5.8035
11.7879
8.35928
7.25376
8.30001
29.3073
7.71319
11.365
10.7057
10.264
5.74297
8.10795
11.9996
9.83561
6.82179
8.55164
8.31066
8.5356
6.87198
21.3489
5.23631
7.98486
10.437
5.79324
6.06803
11.5366
18.8237
6.17326
5.77091
10.2008
6.31376
10.0059
6.02293
8.33226
11.4418
5.73997
6.70872
12.1757
7.28733
8.69888
7.38489
4.9653
6.22564
5.22819
5.94873
5.21027
11.2377
8.8722
5.81022
8.16958
7.33905
7.53351
7.20781
4.68805
11.9524
10.8429
8.11978
9.43106
5.80138
5.41016
11.8504
5.62669
9.54344
10.2958
6.61014
8.85319
7.9933
9.94739
10.3806
5.83811
8.73994
9.46153
8.93993
5.22387
10.4722
24.7406
5.72009
33.2183
12.146
25.6292
6.49157
29.0309