34.0541
17.4709
22.2536
16.9689
23.3243
15.9307
25.996
15.519
15.1889
16.1372
14.7723
15.1356
31.038
14.8476
14.6889
16.7665
16.2407
15.9491
15.3481
14.0207
15.6518
15.4299
17.2862
16.9004
18.8134
20.1815
15.1811
15.0416
22.8964
15.4049
27.9915
20.0249
26.7839
17.2361
14.365
16.4444
14.3838
15.9885
29.6234
15.3753
14.9988
16.9568
16.2728
15.4659
15.3688
17.0048
14.9038
15.7578
15.1323
14.1903
16.9695
15.2745
15.0506
16.8007
14.7561
14.8773
14.1382
16.8794
14.8906
14.67
15.5777
13.756
14.9458
32.0992
15.3993
14.5047
15.5348
14.5301
15.5849
27.4867
16.1869
22.3861
18.3961
15.2925
15.1607
15.7173
16.4795
18.8274
14.5175
15.0124
16.0415
16.333
19.4923
16.3619
15.6056
14.4338
16.3755
15.7352
21.6775
15.8952
15.6219
14.6238
14.8004
14.3541
15.2012
15.2548
37.9561
15.2007
13.7209
13.3511
14.4364
21.3372
19.6067
14.4893
15.265
16.097
14.8695
15.2956
15.0808
20.0699
16.3869
15.109
18.0854
19.5523
16.058
17.4837
15.0014
15.0796
15.2236
14.6787
20.2776
15.1199
14.8094
16.6428
14.9518
17.252
14.6678
14.9186
15.526
19.2784
14.8535
17.356
16.4632
29.0532
16.3775
17.021
15.8652
14.6334
15.1016
14.4757
15.4236
17.588
16.2548
18.7517
14.9978
16.9793
18.0536
15.7738
16.979
16.1577
16.2386
15.8105
20.3743
15.8431
15.69
16.0296
15.1261
39.0151
26.2946
20.4919
16.5051
15.7945
16.7315
15.9045
31.9582
16.3812
15.6809
17.2046
15.9308
15.9911
16.4624
16.6196
29.8617
17.1991
16.36
15.8073
19.8664
13.7202
14.4883
14.1334
16.1733
21.7725
15.1479
15.0801
16.7348
15.3876
17.1074
20.3565
20.8684
27.455
15.487
14.5122
15.9882
20.0759
19.1748
22.9642
22.8591
19.6546
16.5598
15.9016
19.5806
29.7632
16.458
15.6021
15.1589
16.6293
18.6859
16.6134
20.6456
29.4732
27.0902
16.1377
16.932
16.3335
15.69
14.9964
15.6489
15.2534
28.807
18.7152
20.9743
20.0481
20.5967
34.3473
16.6251
15.6628
17.5974
14.3868
23.1636
19.8955
18.1188
14.5698
15.6184
23.4526
22.3648
16.4871
15.4707
23.0983
16.0659
15.8008
17.5384
17.7094
17.6723
22.4248
14.8032
16.6598
17.7104
14.7376
30.7501
16.3564
15.4414
15.1989
15.526
14.2734
15.89
15.0749
14.2275
30.6774
18.3529
16.2053
29.462
16.3705
20.8228
30.7497
17.0724
20.2735
27.9922
26.37
15.1654
15.6269
17.2614
16.2715
15.5368
17.0772
35.083
18.0356
29.5552
15.1777
16.7378
16.4323
16.4115
16.3542
16.3986
34.239
28.3042
23.545
15.618
21.5534
16.0694
18.4219
15.5393
25.2121
16.1711
15.0044
24.9686
16.2145
15.8438
15.0573
15.2264
15.2326
16.7379
16.0164
20.671
16.637
17.4179
17.954
19.7561
15.7684
17.4863
15.3872
15.7445
32.7238
17.8463
17.7984
17.2978
19.3013
16.1235
16.5634
15.4297
15.0298
21.5991
21.0045
15.3897
16.3724
15.609
14.9475
18.8634
14.9696
20.7564
15.3989
15.8618
16.1337
14.6322
15.4712
15.7705
16.9959
15.7215
21.0943
17.9636
17.6905
18.8128
21.5856
18.1411
16.4171
19.4754
17.9105
16.4199
19.3336
17.7706
16.8063
16.5635
28.2944
16.6426
16.0481
15.5835
18.867
16.7085
16.6021
15.0991
15.7329
18.2673
21.7599
15.5434
16.2096
15.6451
16.147
16.3235
23.2889
16.4184
15.8438
16.0442
16.5021
14.8402
15.5702
16.1832
25.4525
15.8977
16.7451
18.6124
15.1684
36.379
18.6652
15.165
17.1914
16.411
15.9069
17.144
15.1857
15.7965
16.1751
15.4408
24.934
17.0376
16.3765
17.535
19.8095
16.8325
15.7559
16.9397
32.2265
27.3166
16.8807
18.4287
18.42
17.927
33.3291
30.3585
18.0984
31.9579
17.4136
28.0929
15.8424
29.688
16.7903
16.3533
16.473
17.5933
24.16
18.6603
18.238
16.9644
15.7682
17.2491
24.4961
32.3399
28.7691
31.8547
18.4033
26.3857
18.9727
20.7267
16.9064
14.4708
14.6962
21.1839
21.0541
16.6732
41.6746
29.5406
27.3473
19.176
17.9083
17.7468
17.3406
25.4989
4.55658
23.8183
5.40123
23.5211
7.49153
8.58134
6.34181
10.11
11.6976
5.97866
41.7476
38.0977
17.5725
17.1371
17.349
27.3968
17.3744
18.5504
16.2678
18.3651
21.4938
16.3891
18.9344
17.5681
15.9676
17.2573
16.1693
16.5157
7.98398
5.0804
5.37297
18.282
5.06243
16.7716
17.0182
22.6566
17.0958
17.7032
4.60792
7.22755
39.5808
10.0189
6.89925
11.0621
20.7858
4.83159
6.32317
18.3618
5.3896
33.2989
5.65247
18.8761
17.2356
30.0728
26.9869
25.0617
19.3892
32.9073
18.2526
17.1623
22.6743
16.3991
14.9959
23.9666
21.97
18.8251
18.0852
17.5365
16.7404
16.535
18.6768
16.3307
17.0312
17.634
17.0155
17.2942
17.9239
32.3828
34.4891
26.9179
15.996
16.9118
28.163
18.6046
20.5705
16.135
16.3747
16.8223
14.4763
17.9753
16.5215
17.6362
15.4851
15.0569
16.1108
14.9983
16.4216
16.7047
15.209
16.2322
17.1142
17.0327
15.1842
15.5835
16.5935
15.3262
15.786
16.2091
16.6721
16.113
15.4446
15.7896
15.8361
18.6548
16.6965
28.6925
20.5878
17.3501
17.0904
15.5307
15.5781
15.1109
16.1821
16.0211
16.3896
16.1162
19.3381
16.12
17.1677
16.0942
15.533
15.1982
14.6101
16.1535
17.0907
19.4685
19.8508
18.3078
15.9062
16.4971
16.0692
24.7889
16.8739
16.2242
35.4841
18.2481
16.6731
16.3589
18.9762
15.3229
14.5418
23.9707
15.2061
15.209
18.6294
15.8215
15.8593
17.2755
20.6898
14.2892
16.2131
15.4558
16.1449
17.4661
22.8865
32.4115
19.2475
15.377
13.9768
15.1884
15.1087
15.2834
14.6119
15.6499
15.2785
14.915
15.1026
16.5068
15.3429
16.2137
15.5896
15.5082
15.8094
16.484
15.7226
15.0672
13.9851
16.5919
16.3684
16.0942
17.9191
23.1552
16.9657
16.0859
16.8561
16.796
17.6227
5.07291
16.1285
5.02794
4.15373
19.8243
17.3623
16.6312
18.008
15.6354
25.0418
26.468
17.1624
15.7375
15.8812
15.3317
14.3892
18.8923
18.3601
33.8229
25.2373
15.2173
15.3213
15.3551
15.8999
38.811
15.7703
4.48113
15.6787
3.92935
14.6743
20.2524
15.639
21.0749
23.865
5.18336
6.73393
5.13493
4.60146
7.70912
4.6914
6.87401
20.3355
14.9233
18.9305
14.7951
16.5303
15.322
14.3785
16.4356
14.5719
15.2031
15.6638
15.4496
15.4353
15.0048
23.5356
28.2617
18.266
14.4359
15.1145
15.4052
15.0047
16.8964
14.9005
14.7733
15.7518
15.1314
14.7307
15.0861
14.7004
14.9712
15.3705
15.2812
14.7547
15.5305
14.7805
16.27
26.148
16.0444
15.006
14.9514
3.80119
15.6431
3.71609
15.3234
15.5056
23.4751
15.0696
16.278
26.0283
24.6851
15.2953
16.4352
17.7567
15.379
15.0156
26.0714
16.2219
14.6545
15.9358
14.7489
15.9556
16.2073
15.9658
16.8582
14.9132
15.0622
15.2469
16.2875
19.6749
14.7048
20.0734
15.9727
19.0172
16.5809
30.2666
17.271
25.5205
15.1096
18.7265
15.8095
15.3405
15.0811
15.5058
17.9208
16.4696
19.8854
16.0236
19.1304
17.7143
19.8934
15.2906
16.7753
14.4685
15.9914
15.7642
5.90332
16.1805
15.2964
28.2328
16.3948
16.2752
15.6068
15.295
24.9969
16.709
15.5838
15.2793
16.3194
15.6768
15.058
30.7609
27.5957
21.6193
24.798
15.9157
15.7581
15.7372
15.2838
29.6412
16.0664
15.5078
21.3313
23.9149
14.8686
16.5097
17.5866
15.5134
14.7755
15.3081
21.8255
15.5857
15.3076
18.078
15.4948
14.6384
16.3398
15.4891
14.5039
14.5564
19.8448
15.336
15.0867
18.381
15.5075
20.8623
15.0952
14.934
17.6448
14.9357
23.0534
27.0589
16.4668
16.4552
30.9559
16.1987
16.1398
15.2248
15.9151
19.7923
21.5363
16.6823
15.7214
15.4196
18.3114
15.3106
22.8703
14.4821
28.259
29.6609
20.3085
15.9119
14.6059
14.3738
14.6464
14.9561
31.8585
16.6293
23.4324
16.2499
25.7233
15.189
15.241
16.8059
14.0471
27.4768
18.4367
14.2526
36.7562
15.6704
27.8993
16.5077
15.1192
15.1878
14.6979
14.4656
14.7984
16.3918
14.9113
27.3764
24.9871
34.7479
14.7464
16.1524
15.965
15.5155
15.5598
14.1813
14.5538
16.3023
15.1063
15.7063
14.6669
24.5691
16.4835
14.9896
15.1714
15.2607
15.9666
20.5629
14.9227
14.7442
18.6174
25.5013
15.7613
20.599
16.3324
20.6095
21.8376
14.5202
16.155
17.0044
16.7206
15.504
15.5239
14.5713
25.4696
16.294
36.2668
19.3048
15.0734
15.7714
31.5917
24.4556
22.6667
15.4469
14.8032
14.2625
17.7351
16.3187
15.3466
16.7486
19.7937
14.2173
17.2934
15.054
14.5471
15.9323
15.9197
21.3176
21.281
17.4508
14.6106
15.3182
15.2035
14.8414
14.9009
14.2648
14.4518
17.4408
31.9878
14.048
15.3707
14.516
14.567
35.6897
20.4917
16.5571
16.4871
14.2187
14.0372
15.3195
14.5066
25.4953
24.8349
15.5272
13.8321
15.6921
15.8241
24.1637
15.027
15.2802
14.5187
15.442
16.4934
16.1494
29.6673
15.3702
14.4313
14.4529
14.4287
15.7478
15.2179
14.0599
19.0519
16.0825
24.9431
30.8202
16.9748
14.9349
24.8253
15.8986
14.8023
14.0286
14.6827
24.9505
35.4385
17.3351
14.9561
16.2315
15.0224
22.4745
18.1596
15.3713
15.6229
16.7499
15.0079
13.8824
13.9879
14.3644
15.1016
14.2602
14.4401
15.0038
14.6212
14.7523
14.9072
23.5199
14.4383
14.5619
13.6167
16.4273
15.0541
25.2336
34.8087
17.1535
17.6915
15.3306
19.6743
24.8946
15.0336
21.2962
15.4932
16.3698
15.6765
23.9766
15.7291
14.2266
16.2041
14.3302
15.1645
13.9757
14.9587
14.7319
15.1084
14.4133
14.5645
15.1994
14.4388
14.4903
25.449
16.2844
15.0899
21.1652
15.6584
15.9287
15.6004
16.0538
32.6966
17.5029
25.1572
15.5709
30.2875
16.9813
20.7352
15.0155
16.3765
15.4087
16.1051
14.6059
17.4742
27.2912
29.6423
15.1419
15.1403
26.4693
15.1685
14.984
18.2468
21.6973
16.0873
18.1965
16.2654
14.9868
21.2427
14.7936
14.3936
15.0592
14.8938
16.1006
13.856
15.0798
17.0692
15.5859
14.1036
15.3707
17.5328
13.1088
14.6825
14.6024
15.0638
15.3331
15.3667
14.8421
16.9632
20.3006
22.1624
15.4547
14.6159
16.8858
14.3482
24.307
21.4789
15.6942
15.3815
15.1944
33.302
24.7512
19.6797
37.0026
19.6127
15.3022
26.8189
22.8921
15.8726
15.4057
15.8759
14.7428
17.2302
18.8366
14.4349
15.343
16.0395
15.2034
16.0761
16.3076
26.9644
16.6265
14.8244
19.1615
14.9816
15.6161
14.9497
17.3214
16.0587
14.549
16.0037
26.3416
15.2222
15.1389
15.1092
15.6889
15.226
15.7594
15.38
16.0333
34.1918
18.0154
16.8023
26.0965
15.7181
16.092
15.9127
15.112
15.8521
15.9446
15.7339
15.6413
20.4075
14.6269
19.3224
19.0099
21.0579
26.4506
15.6668
14.6864
16.3083
16.2119
14.7005
15.4935
16.1622
16.881
15.7378
14.7459
19.8113
15.3907
15.5428
36.3788
19.5407
15.0981
14.7659
15.1851
16.7676
15.6795
17.9697
15.5356
15.2569
15.6919
15.3686
15.4404
15.2049
18.2806
15.6744
15.881
25.9813
15.7522
34.5063
17.5986
15.5789
15.19
15.2261
16.0881
16.4975
15.599
14.7337
15.5321
15.3928
14.9882
15.944
15.195
14.8414
27.8882
25.3925
16.3313
15.6226
31.6952
17.8187
22.8688
15.7563
14.9153
29.1721
15.7296
15.6125
15.784
15.1837
26.0888
16.8943
15.304
14.9321
15.8549
16.2622
15.1881
15.7157
15.5492
15.0579
15.0256
14.6744
16.2286
26.5758
16.4
26.373
16.1859
14.6949
15.217
17.115
25.172
22.8131
14.7244
15.4095
14.6957
17.5439
18.6002
31.0323
15.7844
38.6607
20.0425
23.5464
15.8953
15.8016
16.6167
15.4325
15.2689
16.676
17.362
15.2377
15.0132
15.156
15.0015
15.7818
15.0397
14.7673
16.7576
16.2696
24.0844
30.031
16.4008
15.4779
15.5752
16.9071
27.4206
15.8364
15.0933
17.2708
20.1581
16.2286
24.6559
15.8645
24.641
15.3628
15.4663
15.2215
16.3692
23.8604
15.6918
21.7515
15.2395
15.8942
15.1519
16.5277
15.1301
16.5387
26.1105
15.217
15.693
15.7003
24.8939
15.5966
25.5138
16.9865
17.3927
16.7274
14.1569
15.0678
16.6359
15.4533
16.7432
15.6365
31.4818
19.94
15.8571
17.651
14.9609
27.6036
22.32
15.2096
15.9102
14.9554
15.1585
15.2185
16.3904
15.0891
16.2952
15.0239
15.601
24.2408
18.6393
14.8861
16.5884
16.7512
17.1777
26.118
16.0781
14.6541
16.1882
15.5443
24.162
16.2923
15.0808
14.673
16.3335
15.9314
15.9182
15.8446
16.926
13.9708
24.7218
29.0281
25.7161
31.2636
15.878
14.4017
15.428
16.5615
24.7908
23.4087
15.2597
17.2399
14.9732
17.0441
14.4168
15.7829
15.054
17.8664
20.5757
17.3346
16.8078
15.6496
15.3434
31.1902
17.0572
15.8694
14.9376
16.5845
15.7387
14.4419
15.4947
17.4752
17.9657
15.2986
20.5356
14.6491
15.8946
22.3893
15.6143
27.9865
15.7404
18.1551
16.9004
16.9674
31.1105
26.444
18.2317
14.8583
15.9558
14.9595
17.8423
16.3442
15.6257
14.7388
16.4602
15.8641
19.1275
28.5224
20.4268
15.3251
14.7715
16.2511
16.1831
27.5334
18.0354
25.4671
16.1135
17.4749
16.0127
24.7417
16.0332
16.7521
15.662
15.3108
16.3286
15.0221
14.748
17.8635
19.9561
15.8101
18.7792
14.5329
14.6573
14.2096
14.9075
21.04
5.61507
10.0915
14.4654
14.6988
5.70477
7.39151
5.17507
5.5919
4.91142
4.22081
20.6542
4.66017
7.14604
10.4132
7.29855
7.62136
4.44345
6.79979
4.61997
7.44319
8.09543
6.29855
6.00893
6.48939
4.48597
6.19798
6.34523
6.51513
6.92989
32.855
5.86912
5.61606
8.76585
5.91172
14.5564
5.42843
4.72779
5.25558
17.0997
5.29414
5.6487
6.13513
7.29284
7.0265
21.1009
10.3543
10.7903
5.42832
4.9874
6.16162
9.75899
25.9313
21.2332
6.2064
9.33162
29.6754
4.78029
3.78603
15.5525
15.9076
5.86975
5.08033
4.55689
5.65913
4.26435
7.05906
5.30713
5.23316
6.53574
4.42805
5.90599
4.74143
5.4393
7.79065
4.38989
19.8723
5.16709
16.642
7.24233
5.57927
8.61192
8.58769
25.7018
17.0916
16.0051
4.49057
4.8826
6.19053
5.50766
5.14221
4.48421
4.27478
5.4932
16.2451
5.7118
6.70455
5.94088
7.35218
4.87867
8.96589
5.62838
4.80122
4.55711
6.0953
5.29427
11.4286
6.92742
7.08553
5.46194
5.65505
5.71231
5.3817
4.76192
4.20888
4.70717
4.7262
16.7605
4.24345
5.36999
4.76976
10.2481
5.15333
8.17796
5.64454
9.38049
7.15111
3.7226
3.74097
9.98999
9.26647
4.66153
6.66439
24.3389
15.3697
21.9612
28.1227
31.7793
18.1631
17.7535
19.0928
16.9779
16.1922
17.768
15.7922
15.3
15.3444
16.5218
17.4719
22.0414
15.511
15.5106
16.8321
16.0971
14.4529
15.1513
14.1496
20.1617
18.7418
14.044
20.1231
15.618
21.4724
15.8081
16.6288
15.7749
13.8909
16.878
14.8321
13.8485
23.7191
23.6043
14.2446
16.7846
14.9128
16.1315
14.2487
21.3148
17.4809
14.8063
19.4241
15.0736
6.97918
24.9312
15.4265
7.28671
17.5422
5.59872
17.0648
16.6842
14.5598
20.2595
6.08668
17.3749
16.5881
19.8055
18.345
23.6662
14.7166
14.8791
16.3717
16.6668
14.8076
9.56956
4.89381
10.8633
27.333
26.9564
15.4159
14.8244
5.59409
17.0084
10.1705
18.8471
16.1151
7.2131
7.04222
15.6945
5.49428
16.1028
16.0845
4.99729
18.5962
7.02032
17.65
15.796
6.87803
21.4753
16.2695
6.80291
16.9328
6.68541
15.2473
8.24834
15.403
6.85534
5.28302
27.506
5.32489
5.45907
4.81071
18.346
5.56917
21.6358
4.80428
7.37352
15.7747
6.77179
6.03571
25.741
5.63447
5.39246
22.307
5.75133
5.60296
5.46499
5.02474
4.34225
6.35798
27.6568
5.90801
6.23616
5.91545
9.48055
7.83842
6.45682
11.7898
6.57575
22.3627
7.85687
5.77686
6.37935
5.00122
8.57853
8.80176
4.49764
21.0241
7.94876
4.73245
8.07902
5.14156
14.8173
5.8018
21.5938
7.75266
6.27949
8.62503
4.7854
5.09081
30.777
5.53075
6.33462
6.52061
11.7699
7.30498
20.4716
6.26808
6.15296
6.20237
16.2881
5.35994
5.40642
6.93432
8.31403
11.9096
5.35965
20.1432
7.06194
5.97772
4.48835
12.2745
24.0231
5.12427
6.39902
5.48063
20.4675
5.61818
5.84351
7.01372
4.52837
5.59105
19.772
6.40547
5.74706
4.94705
23.876
6.52064
5.96281
6.07126
8.93401
32.0071
7.19711
5.30182
24.5407
8.3683
8.82093
29.8593
8.63657
7.57106
8.59196
7.54774
8.77102
7.06861
17.826
6.84383
6.0367
15.4712
7.72854
16.9457
5.48322
6.04476
21.7571
6.47881
4.96704
23.0619
23.2589
6.83199
16.9303
7.10891
29.9894
8.23006
6.7649
19.81
5.9784
18.2404
5.82174
6.45578
28.4614
6.85309
18.2158
32.9774
8.3093
16.2879
6.98344
12.1434
6.92845
27.9735
5.70347
30.7714
6.12977
28.5099
7.91771
7.0105
15.8597
10.8426
17.8913
6.20147
26.257
6.58335
24.4764
5.87409
18.3879
5.53506
24.4333
7.32689
21.6269
7.29882
7.10793
8.5484
38.3127
10.0299
7.11939
9.19758
4.7531
18.9959
5.5314
9.53425
8.82499
20.8659
9.22667
27.6192
14.8106
14.7926
7.65198
14.7796
14.3373
15.015
15.7978
15.0646
7.34602
16.7463
15.8548
15.453
16.9454
14.804
16.232
6.08197
16.7996
30.8074
14.9094
18.594
16.667
14.3628
15.06
7.58598
25.2552
15.5406
11.4775
21.7759
15.7415
15.5578
6.37645
13.8871
18.8209
34.7278
28.2652
17.8903
21.3717
13.615
16.8828
14.5253
17.3844
14.4681
13.7484
13.768
13.7127
15.1503
15.0229
17.0965
15.0553
15.0265
23.9949
16.2416
15.6409
17.9531
14.4653
14.4975
16.2396
15.5094
25.0645
15.017
17.3722
24.9409
19.4306
19.9787
16.0963
18.2977
16.3658
17.6994
15.9949
16.7173
16.4725
29.5927
18.3045
18.3561
19.6533
17.3151
22.4134
15.8726
18.1111
25.7725
15.4692
15.0337
15.1595
24.0363
17.4217
18.0763
17.878
16.0125
15.8836
18.057
20.1118
28.7003
21.1301
37.6767
20.7227
25.4656
19.723
20.2036
16.3994
22.1267
16.3927
16.4623
14.7385
16.8134
17.252
16.5086
15.3226
16.5749
15.4907
25.096
15.2898
17.7262
14.863
15.5966
23.4447
15.6281
28.731
24.7845
21.9782
9.20406
15.6854
6.03805
23.4295
6.77709
6.1373
26.0496
28.5865
9.28607
30.4926
19.1924
16.6883
16.7679
16.806
15.6402
17.296
15.6289
32.8099
17.2637
23.6997
16.9488
6.92626
7.68477
27.3425
8.07505
5.30207
15.2678
11.4639
7.60455
18.3216
8.85945
17.9631
5.53332
4.99365
19.2275
12.086
4.71119
5.94217
22.9911
16.3685
15.7408
17.6624
7.52864
8.49134
20.7345
5.70342
17.7661
4.26492
5.39619
5.64006
6.1183
27.1501
10.5517
6.33612
7.0284
19.0996
9.9084
7.25471
16.313
5.96199
6.87251
5.62574
7.17267
6.0277
4.90795
5.98627
3.65581
4.14685
7.48885
3.91249
3.77987
20.6854
7.05886
31.1952
7.41689
9.52043
14.1035
4.02182
20.2862
5.17577
6.15802
8.04265
6.75374
22.0221
6.46719
26.3293
5.60714
27.1228
6.22232
6.61053
36.059
18.1506
16.4156
6.16303
5.23481
6.12054
5.32894
22.7712
5.08617
11.8159
9.10046
9.20302
24.1524
9.41014
11.3096
21.8741
6.11552
14.0872
22.1014
6.65222
5.2706
27.7206
8.04949
30.9473
6.4905
30.1229
11.6929
19.1366
5.18894
19.9005
8.48244
17.7046
5.91987
18.8748
16.896
6.25594
16.3691
5.52703
20.1322
8.18015
16.0287
5.16603
17.0094
6.39946
16.6334
9.51495
35.6041
6.33369
8.63087
27.5489
30.0325
22.8734
18.7621
24.8194
19.4806
18.366
6.81302
25.0482
17.5633
18.4528
17.9421
6.58539
38.1451
11.1932
42.6237
21.5037
28.852
18.7638
5.60612
9.31288
29.2587
5.0942
36.9973
19.9656
24.7412
27.0697
16.9268
17.8148
17.757
5.9159
19.5806
17.1029
21.0114
19.3812
8.26911
19.7376
6.01673
28.1279
19.2921
19.0128
29.6075
17.5613
32.0499
19.3637
27.4124
18.0459
17.9117
18.7556
16.7929
19.0063
17.5035
20.8516
18.8166
28.7776
20.8008
16.9361
19.442
17.2105
17.6357
17.5169
30.9356
18.6804
20.2769
17.9723
18.2231
18.7507
17.6539
19.6402
24.1007
19.9159
18.0833
30.2607
19.4593
18.8046
17.8768
19.2817
33.0939
37.471
31.8505
20.5804
18.3514
21.1323
18.619
26.1523
19.1154
18.1822
20.4746
18.5034
17.0388
16.9481
16.4492
17.3067
17.1443
17.525
16.5517
21.0355
16.7924
15.6145
17.5909
14.658
26.7221
16.3498
20.349
19.9319
16.0899
18.1501
33.1193
35.7035
19.2344
17.0818
16.0447
16.6584
19.3964
21.88
18.2536
15.0214
15.9746
20.6562
15.4758
18.9177
15.889
14.3961
15.144
17.8815
16.0406
18.7597
17.0751
16.0431
21.3646
15.4096
21.8384
15.0788
19.2162
15.5906
15.4079
26.9864
15.9019
15.9893
17.0017
6.17466
5.02212
17.6019
6.10146
18.2389
6.62983
6.02071
19.9876
8.57984
14.2184
4.99883
7.32844
5.21047
27.5682
6.05122
6.15252
11.4673
22.297
6.39292
8.71307
7.86073
14.9578
6.3388
17.5516
11.035
17.1702
15.2941
16.3388
5.89512
25.8327
5.67176
7.86147
24.878
5.79921
8.25677
7.67367
15.4435
7.30735
6.25725
4.74503
5.00923
15.885
8.88985
12.4482
7.10158
18.0677
6.59722
8.13183
11.3044
6.96175
7.15504
5.98377
27.2479
8.78592
6.22022
15.3236
9.8819
18.5347
16.2499
10.9817
5.21813
22.3051
5.1221
6.41725
5.87244
7.97535
6.13797
16.0668
9.43755
8.33247
18.1538
6.65029
15.7652
6.33909
6.5328
6.78969
21.2724
8.69596
6.91329
6.30162
15.974
7.19679
5.68095
6.44713
5.23663
7.09998
4.68088
13.6221
10.7559
22.973
5.76586
7.37067
9.26481
13.5015
8.59186
8.87039
31.4351
17.8465
5.79769
25.4694
7.35098
20.6899
8.27443
6.70322
5.16332
5.67204
5.18343
5.44377
15.7979
7.74114
29.9834
6.83885
6.51145
34.1394
6.2122
22.2879
6.23728
10.4307
16.196
6.67114
7.06395
22.7418
6.78593
7.57521
6.18006
6.59555
8.96216
6.16464
19.3115
6.20591
8.77465
5.98733
10.0794
8.05801
5.77469
14.1068
9.80922
6.08042
25.159
8.96241
8.40036
11.2907
12.4345
6.16507
22.9736
5.29009
23.2685
6.48272
11.6455
11.8112
11.4686
25.3801
16.46
5.48344
23.0381
21.8559
10.6738
9.36579
18.025
5.48844
20.1156
5.68484
22.5895
4.84986
5.30071
4.40883
6.29565
17.6029
6.29681
5.52075
16.2777
6.17225
23.6984
6.77618
32.2759
8.25721
9.40028
16.9919
16.3321
5.90708
30.4512
16.9841
16.9993
5.91418
9.19025
6.64651
20.1678
15.5346
6.14727
4.73352
5.51128
17.4021
4.95383
16.62
14.8559
5.39255
19.5342
19.8632
8.80875
17.366
8.0122
28.1659
10.7044
31.73
6.24023
9.3141
24.7143
6.40865
6.28181
6.60141
4.97547
13.8256
7.88044
24.6308
7.38857
8.71765
23.5608
7.91436
4.62912
17.8057
6.1966
15.9074
14.9863
23.9499
14.3252
6.36669
17.398
14.688
13.1142
15.7951
6.37459
6.31031
15.863
14.2975
14.0061
17.1709
20.8396
6.76982
6.43697
19.8702
8.22836
15.3726
24.529
14.888
28.6908
16.3223
17.6206
17.1764
17.6348
15.9482
15.1247
14.9872
17.6162
15.7826
27.957
13.8018
15.5952
15.4664
15.4972
16.4355
19.8561
15.4951
21.3873
24.3404
14.9257
14.1919
14.4597
13.5237
22.3525
14.9767
27.7196
15.4315
20.2008
14.0033
19.6271
15.6744
16.1949
14.1122
14.8898
14.5064
15.1655
15.3328
15.7865
14.9417
15.6753
18.1532
20.7975
20.0662
16.8062
15.6143
15.8927
16.3022
17.1381
20.9714
23.8983
16.1005
15.9488
18.9883
16.2236
16.6442
16.2155
15.6362
16.7308
16.9166
16.2748
16.4254
15.3975
17.2241
25.6187
18.5228
20.5685
17.0822
17.0871
16.7218
17.352
16.4451
16.3637
18.3919
15.4841
15.5864
18.1891
18.304
16.5398
16.9311
19.1504
25.0942
17.0251
18.0233
16.4729
21.2229
17.8913
18.1646
17.9155
16.7421
16.5493
15.2896
17.1601
5.21445
21.6034
16.2656
16.7914
15.2544
19.6746
20.2572
10.5577
18.1751
27.1774
27.0888
16.1694
5.45732
22.2744
7.2843
5.51036
18.099
9.05611
18.1896
5.62429
15.7331
15.8988
16.3399
16.88
23.0779
15.9305
18.3106
28.5274
17.5815
17.025
16.0335
15.9307
6.25504
23.1594
22.5111
17.7293
17.9124
16.087
4.73986
17.9765
5.06563
8.41409
16.015
5.66715
9.12634
21.1387
6.6699
21.9105
4.94649
19.3167
8.34906
7.92145
17.4473
5.85945
12.7449
16.4417
5.04223
8.91035
6.54067
6.32984
4.94046
6.88562
14.684
5.68552
4.10243
6.16531
5.73735
8.07206
4.68843
5.17632
16.6802
4.35067
16.5078
9.00178
5.52799
18.6665
16.821
19.9509
6.70086
10.721
4.40592
6.75739
5.53782
24.4277
5.4849
5.39024
18.5287
5.78145
7.00735
6.869
5.53852
4.59701
15.3513
3.94865
27.4517
17.9547
4.67557
7.91866
7.34579
32.3055
6.57062
28.0951
8.28089
34.5439
7.11296
29.7028
8.22746
28.1862
7.88942
8.37861
6.17442
7.19049
11.744
22.8479
6.86705
7.70951
36.3648
6.7339
13.2184
11.8895
6.49938
16.4701
6.19072
5.94843
8.03207
6.84982
5.78474
10.2862
6.69484
30.5605
7.84133
6.36818
4.60914
17.6742
7.97856
5.40492
7.29246
16.7324
8.05203
16.4016
9.1525
27.0379
5.31159
7.84664
20.84
6.64605
31.5548
10.0315
5.71076
11.1929
6.11861
16.3251
6.41942
17.9695
10.8581
16.213
9.66143
5.86802
16.8077
6.64176
23.0837
4.78209
19.1319
5.91593
21.1358
4.17044
25.8136
5.52336
5.71144
17.4888
16.7714
25.6723
18.866
17.896
18.6681
21.4242
17.5635
17.1291
5.00851
19.5031
17.1526
16.5165
20.6811
17.4431
17.7859
16.7474
19.6087
26.0046
17.0986
16.4246
35.0508
18.5224
17.0249
16.5777
20.7945
17.6941
19.3389
30.1086
26.7957
17.1086
17.1051
17.0145
16.776
16.5595
28.2578
27.4408
20.8922
23.0252
18.5118
29.2659
16.7685
37.3653
21.1336
26.0174
19.8611
21.7973
16.7577
19.7956
17.2562
19.9063
17.7654
17.962
21.3441
19.7141
17.805
22.0932
17.2878
25.9587
20.8885
18.0741
18.2264
18.1311
17.739
26.8285
17.974
18.0515
22.0239
17.4083
25.4808
23.6384
16.5954
18.1374
18.146
15.4294
16.0478
18.7636
29.88
18.6838
19.8908
19.9482
17.1366
16.4785
17.001
15.2986
17.7427
15.3571
16.676
15.7051
15.8378
23.3429
40.5446
19.6177
15.9355
16.8827
16.431
28.4326
18.7541
16.393
17.1676
17.3202
19.4281
17.228
15.4246
15.2576
21.455
24.9763
28.1321
19.3489
14.6655
17.6108
14.3488
18.3244
17.5309
15.8787
14.9302
14.8328
33.9715
24.2397
15.6139
15.4373
18.6407
17.3221
15.4681
15.4632
13.9839
16.7685
16.2668
16.299
15.5829
17.783
14.8443
16.0687
18.4125
5.02563
19.0823
17.0647
5.74043
14.4877
19.6979
13.5618
23.019
14.9475
6.35254
20.1366
14.9811
19.0593
16.5094
15.4021
6.2089
18.6326
14.6221
16.9782
16.089
18.855
5.02642
18.5562
17.1165
29.0366
18.9191
15.5952
6.29516
20.0433
14.8923
24.3553
18.2118
15.9174
5.42108
32.6291
17.0657
11.5336
31.2513
18.7105
5.76054
17.908
15.5445
5.23731
17.666
7.50028
21.682
16.6635
6.49847
14.0182
15.0828
14.3713
15.5413
19.3968
5.45454
29.8838
7.40262
6.48769
30.6508
16.8435
7.83449
17.6896
5.49381
17.8696
6.38185
15.5447
7.30369
5.19101
5.12069
17.0198
8.16229
6.50936
22.3282
5.02809
30.8818
6.51726
5.83084
20.3254
32.6498
6.00023
8.22858
7.26277
20.9689
5.13491
6.27337
4.35267
6.00525
22.7256
5.30302
9.98314
6.75261
6.99554
8.79754
22.328
7.79193
6.75299
6.11427
7.91564
5.92372
21.542
6.61771
11.8559
7.8978
6.41324
12.1234
7.44386
4.9999
15.137
12.9099
8.27224
21.9786
12.2571
7.47949
11.6746
6.12912
5.76074
18.4343
17.3777
5.29354
18.192
16.8183
6.01986
17.9114
17.2521
8.00786
10.276
22.8545
6.56946
5.80449
23.2133
5.41372
18.6332
6.75754
15.9305
21.9625
17.3107
5.10262
17.7629
17.3678
7.85674
17.0861
17.8881
8.67768
17.6264
6.88752
7.03884
17.1416
18.3503
13.4119
24.1161
29.1898
8.04771
27.7796
9.22189
7.27969
30.2866
5.16088
25.18
6.68365
18.762
6.19416
34.9457
28.1942
7.96224
17.8418
27.614
10.7949
19.7207
30.8607
5.86309
30.2159
19.0867
12.7073
28.2734
18.4413
6.67658
24.6917
6.08863
9.01807
18.4124
25.5869
9.26932
21.6151
18.0142
7.05136
17.9014
18.1577
8.77195
28.1809
9.23406
12.6795
17.9644
22.62
8.68996
22.3337
13.0246
24.0827
8.52596
28.6562
8.58601
23.6834
6.47251
7.29982
19.4872
6.47517
20.7672
16.5208
24.7348
18.1288
8.43783
19.0979
4.51919
28.7086
17.2197
12.5323
21.7274
6.77199
33.3403
8.95579
23.1045
7.61916
15.6989
14.944
17.6834
5.39331
18.9415
13.524
21.3641
16.6622
18.0661
15.8334
15.0659
7.30739
16.1418
14.7495
18.4399
16.185
22.7796
18.0366
19.6977
16.4938
15.5039
17.0593
15.4493
18.4906
15.6009
18.0554
17.5794
16.6149
18.5437
18.3388
15.3976
16.4139
18.5418
17.0016
15.7571
15.5671
17.3082
23.1025
17.1882
19.8291
18.0583
17.1092
18.8452
21.4384
16.1035
16.1722
23.0144
20.2938
25.9878
19.0263
27.8398
16.6196
30.2477
28.7835
27.1691
17.2119
18.8411
17.9831
18.0055
17.7417
17.7844
23.7545
17.4924
19.2887
19.5593
18.7162
28.2421
22.3042
18.0133
20.027
16.8307
18.3764
26.6402
18.3975
18.3702
18.1692
16.4868
21.8325
16.2896
26.291
20.9867
16.7274
18.0915
30.6781
18.7044
17.5872
17.2137
17.2404
20.4962
17.6827
17.5645
17.7643
20.3145
22.1556
32.6299
17.9218
19.8792
20.5424
29.547
19.9612
22.3172
17.17
22.2131
21.49
5.89003
19.702
5.45213
29.0192
20.7184
5.49701
18.3991
20.5032
7.74796
17.7424
14.9464
6.69289
18.4904
8.19121
24.4682
34.1915
19.0616
16.3285
22.2737
19.1867
16.1376
17.2935
18.0896
15.9424
16.0321
16.2479
6.60446
16.3412
17.3174
5.39066
29.5054
7.88719
24.6064
16.5606
16.592
5.59527
6.56344
19.5452
6.23487
10.3607
27.2522
6.20836
5.40486
35.0492
11.6008
4.68076
4.82346
28.1001
5.47961
17.5514
16.3875
7.0342
28.5011
5.83833
18.6047
36.7443
17.7249
5.99861
26.6066
5.84085
5.73533
15.9516
12.617
9.59009
28.0869
22.2646
17.6539
15.8616
5.77808
19.517
5.17004
39.8604
8.87228
8.27214
9.29286
22.5546
15.2932
9.52796
10.8243
8.78558
6.53589
6.65585
8.9775
10.8429
21.7014
15.9382
29.2206
5.69409
7.8576
23.9638
6.10064
7.97799
31.0985
6.92254
7.51485
9.25118
6.536
7.2695
6.96486
6.76912
18.1614
7.33113
5.24786
7.30323
8.44936
12.7826
6.46316
5.90234
4.68366
19.1258
5.09945
19.7089
17.3342
5.76517
18.4828
7.25045
8.8487
28.739
17.6764
32.5941
10.8275
18.2103
5.54102
5.91204
30.9242
6.88759
19.5965
20.9391
10.6131
19.72
5.30259
22.3517
6.9907
21.6573
29.5496
7.39778
8.57565
17.2672
7.6826
24.6307
6.32626
11.8166
7.95497
24.6945
17.5547
29.7809
5.94086
21.3449
34.6433
10.5408
8.04123
21.5858
6.06683
22.7167
6.28887
30.267
18.2532
5.42123
19.6215
7.28743
19.6317
7.16278
7.74928
20.4702
5.59049
5.32982
20.6651
6.6811
28.1619
21.3779
5.49796
20.2939
22.1101
19.4736
5.90999
19.3895
20.2976
19.5595
16.6885
17.6717
17.479
16.7499
25.0203
5.66261
18.1931
17.2112
17.3646
18.5913
19.0819
20.9616
6.29213
24.4417
16.5558
16.983
7.5103
27.4651
32.0359
22.6285
17.9091
28.1723
35.8823
20.21
38.6893
19.1833
35.819
34.6603
28.8172
19.0339
18.1946
17.5485
20.2136
17.952
31.8857
19.4836
19.431
18.7775
18.2632
18.7282
20.6419
26.3361
32.5405
28.6798
19.816
18.5783
32.8023
17.2547
18.8344
20.5347
18.5215
18.5838
18.2311
16.916
31.9755
20.0833
19.4407
31.5994
24.626
19.0432
19.361
17.5341
18.5833
20.9617
32.5495
20.8076
26.6941
18.1155
17.2487
20.7311
16.9937
23.4635
23.0941
17.0242
17.2407
16.5141
16.7695
17.8594
16.8895
18.4261
17.2611
18.1608
17.751
15.6812
18.9274
31.5786
21.3372
16.6259
17.1381
17.6975
18.0258
24.587
16.1151
16.9121
16.2682
16.2599
16.4685
15.8948
16.0499
21.4385
16.3587
16.4593
19.3087
16.0802
16.8194
15.6947
15.1496
16.6541
16.6794
15.8475
26.014
15.3937
18.5435
6.89168
18.0926
17.2184
8.12388
29.9
18.6778
17.8597
16.4354
16.2138
5.06049
16.7902
17.9072
6.43342
16.4403
17.6083
6.63822
16.5226
6.76448
17.8398
5.44578
31.0872
13.4712
6.62761
15.4818
5.78424
17.5159
17.307
10.513
26.2372
16.8764
7.06743
17.2043
27.5054
5.99523
18.0342
16.5691
7.84383
30.4699
19.1784
6.7286
34.744
17.5287
8.28785
18.0831
15.2054
7.22536
16.9783
30.3843
7.28799
22.0177
16.9134
8.13129
19.2452
8.96469
22.4902
18.1253
5.51711
16.0519
8.16601
37.8999
6.00259
17.7665
36.5868
9.23531
27.2898
6.2106
5.69925
21.6931
10.1272
5.97337
23.2863
5.7541
18.5605
7.26832
6.05116
9.32748
7.60736
25.5961
6.92328
8.50811
6.39796
5.72009
29.3739
6.02481
11.5462
6.19472
23.0364
12.0416
34.0107
7.5525
8.95594
8.45655
8.96244
22.8817
6.76579
6.04612
7.50335
5.72748
27.7797
7.18026
10.6946
17.2396
6.04691
5.77764
19.6742
5.86167
11.8196
6.9062
7.29842
25.2939
22.6692
5.98807
23.9066
7.0361
5.91518
31.5313
8.30149
8.90361
13.7615
10.6796
7.03658
18.5844
15.5687
5.33781
6.90364
11.0165
9.3025
16.749
17.8095
8.0142
18.3288
8.31848
7.24564
6.75697
28.6453
8.45721
18.8599
5.88827
8.65566
11.0812
5.57284
27.7405
5.79014
8.74697
4.78925
21.571
17.2028
6.04486
7.77191
30.3548
19.022
18.8376
19.9349
6.39864
31.4192
24.3766
11.4219
26.6921
7.87882
36.9725
28.4838
22.7864
7.34301
20.2532
17.8139
10.2429
19.978
17.4035
8.26003
23.3595
24.6676
7.54942
17.8798
36.2494
26.5519
18.0282
17.5863
5.80689
20.0343
18.0651
6.25934
20.2724
18.0851
5.46806
18.7114
19.8195
8.11154
19.5209
17.8132
18.7083
35.532
25.2814
7.82792
17.9849
16.3251
26.0255
29.1928
26.6577
11.1303
25.6056
17.2588
17.676
31.0936
18.1604
22.2507
21.2805
17.2896
7.92978
18.4504
16.9044
6.16827
17.1065
16.2338
7.34144
16.117
16.4343
19.6148
18.9328
17.7362
5.565
18.9369
18.5984
16.0162
16.6682
19.721
6.12678
16.6116
7.10595
25.4753
29.9254
17.1533
7.14177
16.1047
20.4055
29.1289
17.5074
26.5798
21.0707
6.36017
15.1246
16.9619
23.1664
20.347
17.8394
18.1941
14.9478
18.6217
20.2595
18.7622
19.1864
15.6254
16.1001
17.5854
5.92849
20.1098
19.0341
15.6346
16.2887
21.6337
16.6917
15.6022
16.5666
17.9458
16.9045
15.7649
16.1627
19.7425
14.3867
15.5579
15.2574
15.0066
15.4993
21.8083
31.8153
32.0997
25.7981
18.7494
18.873
19.4878
15.709
16.0566
16.7968
17.3184
16.4625
17.0219
17.7794
15.6339
26.7341
16.099
16.7632
29.3856
16.959
30.4205
17.3637
17.2959
17.1374
18.2684
25.8938
19.0879
29.2697
16.0041
16.8844
16.2133
18.4997
18.8082
16.8168
23.8961
17.2493
17.0364
15.8818
17.3389
23.134
15.6322
17.0848
17.0172
5.13615
16.521
16.8106
15.825
33.1843
25.1902
20.0383
19.25
16.2425
26.2041
17.0916
19.5775
15.5844
29.8813
17.322
15.2322
9.86604
17.4308
5.84493
15.846
6.23229
9.78163
16.0455
4.21438
6.96013
17.5218
5.26197
17.9423
6.9632
18.1207
7.4981
9.61892
29.1505
4.87193
11.5255
7.80948
18.8277
5.07604
18.5006
6.23699
8.17148
25.6088
7.38658
20.2391
7.72484
41.28
11.5365
6.77552
28.5961
18.0434
5.78852
28.7164
6.49671
26.8464
5.25608
29.608
6.55037
6.8631
5.26334
20.0199
5.63928
17.9245
18.1132
7.05669
17.5341
5.73553
5.58761
19.2059
4.82778
16.0208
5.29079
8.88273
18.053
15.7016
15.2827
7.54225
31.0775
17.2508
5.51373
15.2004
16.6351
4.66852
7.71847
24.5636
6.06876
8.78963
30.456
13.933
22.9225
5.89651
13.9148
20.2294
3.9994
14.4843
15.3651
16.2864
6.22064
4.82178
17.5367
5.70394
25.3399
4.90449
20.3609
17.4642
4.93872
16.7865
5.19829
5.70253
9.2527
6.84252
4.46105
5.66646
5.69607
4.24348
20.5882
4.26396
7.97946
4.52356
4.96686
5.90496
9.16854
3.46321
4.52332
7.45487
4.58568
5.10558
4.52475
15.6983
5.91857
6.33762
5.10917
15.6602
5.52595
5.87108
23.026
5.335
21.2524
8.18455
22.781
7.97141
17.0158
10.259
6.10409
17.4771
8.04326
4.72971
26.9076
6.29361
18.976
5.64281
9.22871
19.3632
5.0675
16.3024
16.6266
6.73155
15.9205
22.132
16.8336
5.63415
18.433
16.8171
18.4441
5.75621
23.1346
15.5566
16.9633
16.5659
5.55584
18.1651
18.3239
18.7017
4.77459
15.7708
15.117
16.1728
16.9363
4.18794
18.0254
17.0198
17.56
18.5678
16.3436
7.57533
7.37572
16.0315
6.21838
16.0999
19.4087
17.8337
18.2872
16.9563
25.8684
21.6705
17.4055
17.3786
21.6477
7.37193
19.228
17.1705
17.9178
17.2554
15.9371
16.7224
25.6783
19.6223
21.8623
27.967
22.9883
16.4576
22.3569
17.9561
17.7953
18.7095
17.9477
19.7511
19.0301
27.5883
18.982
18.8285
18.5509
17.8525
19.489
19.4099
22.6482
18.6491
19.2083
18.767
17.1177
28.8695
19.5613
16.7987
26.9968
27.4478
24.6945
18.2822
18.901
17.837
18.3301
21.2861
20.0489
27.6297
22.354
16.8914
31.829
17.398
17.8456
17.5809
18.6211
35.4199
23.3362
18.4755
19.6669
17.9863
32.247
23.1824
18.1845
32.4913
19.3323
33.5198
25.7811
26.3431
17.5933
18.0734
16.7409
17.5546
16.0042
16.9925
16.0323
19.7364
16.9113
18.6397
19.8875
20.0492
19.6562
16.4468
21.9765
20.0258
25.0073
22.1323
16.8177
19.0803
17.3394
16.5688
15.4028
31.8677
19.5456
21.6596
16.3136
15.7775
15.5714
17.5879
16.8283
17.5188
17.8988
16.873
16.3107
17.8907
16.2186
19.438
18.7843
17.2233
16.2904
16.1841
16.8218
15.93
16.3938
18.1002
16.2259
6.15
17.2544
11.0624
17.4805
6.6052
28.4605
16.083
16.278
9.71976
14.9538
10.6789
22.7783
7.17214
15.5628
6.14151
16.7121
8.60882
14.9386
7.39909
21.7136
16.448
6.42075
20.412
11.0356
26.1622
18.4786
6.15779
18.1722
6.15093
18.2977
16.7439
6.19038
33.1295
6.07195
32.6151
20.6923
8.4686
6.44935
23.4445
6.28268
19.4019
6.58839
12.9775
20.219
19.5425
17.6217
5.92345
24.9669
8.98092
20.8201
7.97743
7.24744
11.5072
9.61447
9.26976
7.11887
16.0948
7.79579
4.91009
19.9749
6.33828
6.95072
21.5008
15.6253
6.54039
18.4946
13.2797
19.0648
8.29353
18.0988
7.55034
23.3414
6.68547
8.68324
11.0858
5.97781
24.3081
13.2041
6.65615
8.60894
29.7202
6.6542
5.85218
6.1628
31.9332
6.15109
18.7762
6.92191
22.6886
6.64689
28.3131
6.22888
21.3396
5.73664
7.82522
21.7803
5.5545
33.0276
5.56298
6.05011
5.41935
5.26448
6.54425
31.1821
16.9464
16.2395
7.14
6.47718
8.37365
15.135
11.3613
9.36989
7.85573
15.327
6.69386
12.2966
5.21147
5.67823
6.80052
6.11389
7.39459
4.88541
5.81854
5.18953
18.2183
5.25587
16.6986
4.76326
16.3056
5.39936
4.74765
17.1438
5.27406
16.0728
6.069
5.15666
6.44025
6.97205
5.58636
21.6096
5.25409
8.17696
25.1865
5.83144
9.38789
8.23967
7.80157
29.919
9.13802
5.28156
16.1586
8.41467
7.72302
6.51523
9.74302
8.11985
19.0523
11.9358
7.03413
7.72289
7.54884
26.3965
6.4996
6.20744
20.5551
15.3853
18.0936
7.25915
15.4535
18.2934
16.9286
6.14694
16.3101
16.342
16.5183
17.2264
16.3591
28.4044
7.89122
18.6338
18.4915
6.82566
28.3057
27.2629
20.9795
19.7928
16.6891
17.0438
16.8018
15.9377
17.0507
17.2666
17.4545
19.8842
18.9243
18.4107
5.23102
19.4267
16.4187
5.94752
19.0432
33.2461
11.6412
8.98049
19.1516
5.55403
21.5299
6.00519
38.5053
9.00861
19.6006
12.9696
7.73868
19.8823
10.4291
20.5363
17.945
6.27547
10.7159
19.0403
9.48183
27.1733
17.1752
8.28877
23.7451
16.2476
6.55099
21.2572
16.4749
29.8456
7.02672
29.184
7.53259
24.029
16.4104
7.29326
19.8031
18.762
10.2646
23.3816
26.3494
27.7044
18.2963
17.3595
16.8228
21.9427
15.9396
6.93225
17.0696
23.6208
17.9347
16.8875
25.6292
24.0669
18.2297
26.1526
27.5544
17.491
16.3704
16.9071
20.0986
18.502
16.1942
15.5979
24.8141
17.0166
16.3794
15.0938
33.3136
16.682
29.6016
17.9021
15.5224
25.2866
19.7608
15.9505
16.0535
16.4205
22.6664
15.6736
26.5625
23.8618
32.9198
19.2797
23.7621
23.5629
18.9399
19.7153
20.6424
17.155
18.9492
17.6139
24.3307
17.4509
18.5841
32.7051
32.8452
18.4357
31.4616
19.119
30.8423
25.6595
19.8797
27.9081
38.4495
19.6326
17.015
33.3851
26.4996
23.4509
18.535
36.4993
20.2207
21.1345
21.4104
29.1721
18.4838
34.0915
25.7201
17.7003
20.7579
16.9134
32.5891
31.2475
17.7059
20.4267
36.5863
25.6902
6.51675
38.4256
23.268
33.7823
22.7432
15.231
20.2252
16.8874
31.2353
6.33257
25.8098
7.09055
5.31703
21.1583
6.89621
28.6661
18.7451
31.9283
5.87459
27.4865
17.0923
7.03443
31.5693
17.5333
34.2804
8.92942
12.2551
22.0895
9.98321
22.9144
8.39986
34.521
26.8062
8.576
31.9488
15.9964
6.4623
18.3498
6.39099
18.1595
6.82056
22.3913
5.83982
20.9011
11.2649
18.8377
11.4333
26.6169
8.45954
23.1409
10.8312
23.0013
5.93804
31.6814
7.4199
23.3921
9.76911
8.04171
5.7775
24.6161
8.11785
37.7134
34.496
7.57473
20.1639
9.42343
37.0396
17.7375
8.08401
7.60448
18.8282
24.4584
16.6417
18.2447
6.13505
17.1079
18.4252
18.9553
7.8411
28.7073
17.2176
6.82549
5.23273
32.8944
9.33092
18.195
9.30267
30.7501
25.5737
19.882
6.70709
7.22934
18.5251
4.37029
18.5786
19.0654
5.53182
30.9861
12.9304
15.6233
12.6598
15.9268
5.91684
24.6741
9.83393
32.2248
28.89
17.7541
5.64252
18.4094
15.7798
8.64355
9.16016
20.3038
16.7254
9.1162
21.7003
10.5742
9.11457
16.5731
15.4182
7.05321
7.33576
7.07952
16.5881
33.6438
15.3082
31.6621
16.2585
9.55077
31.814
7.37584
30.3193
10.0918
16.4396
7.44769
16.4806
25.639
6.09438
17.0478
8.89005
15.5171
6.42666
20.4232
6.4089
26.0885
16.13
6.38432
31.4491
17.9426
5.18553
25.2931
6.80463
6.7222
22.1105
18.8313
6.48453
21.6334
6.47902
5.95274
23.8464
12.0951
19.7526
18.0777
25.6331
17.6811
17.6901
16.4492
17.0367
17.4248
17.156
10.0799
21.5571
8.86866
15.5272
29.4991
9.12481
18.1816
26.6407
18.7589
6.95005
20.8198
18.369
5.46166
20.1958
5.44419
5.62468
25.3116
5.47561
14.0251
31.6958
19.4222
17.1557
17.4411
16.3944
4.74725
17.7784
17.1407
17.159
16.26
16.7767
16.5044
17.4331
17.2304
5.62334
12.1561
22.9157
26.5896
6.81974
27.2184
21.2587
18.3588
19.0276
20.6529
17.1241
16.8894
17.9808
26.1595
23.9579
25.0628
17.7945
32.1209
26.4779
18.3993
21.0325
16.6218
36.7356
26.9253
17.8388
18.4719
16.9868
19.0567
19.9618
5.66756
32.418
12.3533
23.7232
6.53587
37.6077
6.28587
7.19298
5.91005
8.25151
31.4328
6.77686
6.24087
4.9107
20.254
5.10849
9.91075
16.3815
5.32118
5.27531
16.2183
4.85673
15.3828
5.7601
7.74933
14.3289
14.788
18.1545
17.3146
15.7285
22.7595
16.7195
24.4074
22.9902
5.25113
16.1669
16.294
4.83046
15.7467
5.03978
8.21871
16.9729
6.66619
22.9899
8.10363
18.4324
5.58829
9.32023
16.1593
22.9985
6.85597
5.16757
9.21728
35.8673
18.4458
5.68073
6.28641
31.5469