17.5456
16.009
28.7469
30.3596
15.4986
14.6243
19.0193
29.0918
19.3071
16.2747
15.8301
15.5603
30.8962
25.531
20.2593
20.0297
27.6151
17.274
15.4867
14.1756
21.1468
19.8072
14.6884
16.9868
15.5557
15.6909
15.2643
15.534
28.3174
20.0048
20.1553
19.4749
14.9121
17.3354
15.6215
15.1535
15.141
16.1953
20.9413
14.4718
15.4167
14.7404
24.0715
15.1309
16.2717
17.0297
14.8034
14.5556
29.6824
15.9259
15.7416
15.3923
15.2767
15.5289
20.5997
14.3387
15.3442
29.2377
21.4642
15.4293
17.7065
14.8437
16.9434
16.1589
19.6711
28.4927
16.048
15.8475
18.3546
14.3619
16.7959
17.1604
22.6759
16.3671
14.8233
15.6602
24.4206
22.0558
24.8365
16.1064
17.7632
26.1811
14.6836
19.8579
14.9878
27.9565
31.4592
16.6623
14.4358
18.8589
14.3487
15.3831
14.1947
23.1099
34.0608
16.5822
14.6701
14.5142
14.3993
19.407
14.8418
15.1008
15.1342
14.1291
16.2128
14.4291
14.0998
14.6389
17.8129
15.1342
14.4081
37.0401
18.5993
15.6546
15.6375
24.862
17.5591
15.4992
15.118
16.6568
17.8647
19.3711
14.9818
17.3084
14.0332
14.7904
15.3446
25.6575
31.0911
14.6519
14.7152
19.8914
15.7318
14.2731
14.8946
14.7414
14.6296
15.7129
15.6145
14.7443
14.6447
14.7931
14.4447
14.7811
15.3411
15.4817
19.3841
30.6167
17.8504
15.0745
15.7733
14.9506
15.2456
15.1797
14.7751
28.3997
15.5023
16.9422
15.4445
15.4003
15.2858
16.7953
13.9334
14.4184
22.9354
16.3533
33.8413
21.2947
15.556
35.443
17.5177
15.0771
14.0944
15.3473
15.9791
14.6605
20.5131
14.8132
14.0487
16.0023
14.4732
15.4921
16.534
16.1561
14.4713
21.2741
23.2625
18.3865
15.5501
18.7393
16.1337
30.4775
16.0526
18.4018
20.6817
14.8274
19.8019
18.6596
27.6613
16.2212
16.8923
15.5638
16.2352
27.7468
30.3781
18.7594
24.9881
24.8169
16.4188
17.8629
16.3694
15.8863
18.3251
15.9139
25.4444
23.9782
19.0904
15.2284
22.6969
30.3128
19.0215
16.43
18.498
17.7601
15.5057
15.3775
15.9231
19.2245
15.3213
17.7766
16.6692
16.0524
25.5567
16.804
16.7171
15.1835
15.8745
16.4093
16.5516
33.0283
24.5725
17.1852
30.6869
22.9854
16.0208
18.0617
16.016
14.9327
17.6785
15.0618
15.5899
18.4414
15.4525
18.6179
16.0176
14.9815
20.5024
17.3286
16.0327
24.3479
15.5751
25.2465
16.1704
17.8787
18.9002
15.4741
19.7554
33.6655
24.6047
15.8402
15.7669
16.2495
18.0783
17.1423
17.027
16.2635
16.9733
17.7719
16.7889
20.1221
16.1532
17.9844
20.1572
18.3432
21.6425
20.8379
16.0229
35.894
23.6521
24.5074
24.3842
23.5707
15.9588
20.0537
16.0216
16.3936
16.0371
16.222
16.464
22.0079
18.0068
19.4021
16.1368
17.0013
13.9451
24.5755
16.4582
18.332
18.3459
16.6091
15.3615
16.5476
16.1329
17.1855
16.1172
16.0024
16.1224
16.7923
17.3126
15.1358
26.9441
16.4183
22.8351
18.6069
15.9871
16.8984
16.0628
20.0995
19.2225
16.0064
16.5913
15.5131
15.8707
26.8658
17.2219
16.282
15.6141
16.4295
15.412
23.728
21.2106
18.6386
15.4824
17.345
19.1183
21.3822
17.6845
34.9556
16.0854
16.6363
16.1985
28.7361
17.8302
31.4657
16.5711
19.7442
24.8135
16.3357
16.5185
20.2926
16.3576
16.6057
16.1231
15.6678
17.099
17.5768
17.9796
17.1779
21.118
17.8302
16.2088
18.4486
16.1741
15.9012
18.1371
16.3555
15.615
16.3071
16.0766
15.6968
15.9363
15.6001
16.9743
16.4777
17.5486
15.4171
17.1448
16.3681
24.2769
15.5419
17.477
30.1132
20.9367
16.5348
31.2338
17.4989
17.5052
15.6414
17.4468
16.6287
15.6393
15.7802
17.2674
14.7436
16.3118
38.523
23.7871
16.2393
17.0832
35.1911
16.0185
16.2031
16.0918
15.4791
30.1066
17.471
16.6906
31.1095
17.1726
16.5569
18.042
17.4098
24.5396
18.65
16.5422
37.7476
16.5339
16.1887
16.4455
17.7588
15.7477
16.809
30.6428
6.05301
21.7299
31.3273
18.3794
16.3649
19.1762
16.7275
17.1266
18.8369
21.3378
15.8222
23.3566
16.216
24.6368
16.8903
17.9636
16.2367
17.6637
16.4028
17.5427
16.6503
17.2957
24.0891
16.7722
16.4203
28.2918
18.1246
19.2925
24.5878
18.4897
17.8203
16.9061
16.1913
15.8937
27.5506
6.09996
5.62461
31.8741
18.3483
17.2893
17.1505
17.358
18.5154
15.7747
15.2749
18.2813
19.7259
15.0851
16.8618
16.2319
16.6725
17.7282
26.4368
16.1462
17.4219
16.5309
28.2162
20.3612
23.8623
17.0959
15.6667
17.1869
24.6294
16.5377
15.0666
16.0925
38.318
21.5337
15.0764
15.3715
26.7739
16.3695
17.7068
21.6315
15.5903
27.9796
19.0073
15.9983
33.3206
21.0358
15.8925
18.9553
16.6118
35.7374
18.1653
19.9653
23.8031
22.224
28.8668
14.3667
15.7073
5.09039
17.9691
17.6391
11.5446
26.1375
18.0459
19.303
16.2998
15.5478
16.3792
30.5915
16.0464
4.59965
7.22817
8.59499
7.58126
17.8912
15.3679
4.88557
7.086
4.68873
8.03142
17.008
15.081
5.4098
7.58927
12.1365
23.7507
7.58581
9.13158
10.6041
5.48361
7.58062
10.228
8.08702
7.55759
9.04551
18.9827
16.0429
16.3855
16.3109
5.23675
7.10288
16.4583
5.33718
30.8933
20.1815
24.7195
28.8078
16.9968
26.9565
20.0177
17.2138
25.8054
19.3061
15.9832
15.887
28.8513
16.8886
15.3331
15.6121
15.1719
34.5322
15.6585
15.789
30.087
15.4957
26.711
33.9196
18.1448
15.9725
14.5408
14.6626
27.8704
15.5428
19.9025
15.5071
21.2675
14.9825
28.8859
21.4196
14.9525
14.8918
14.9172
15.3679
4.49117
17.1191
4.61252
5.16482
4.03143
4.3989
5.32737
4.55728
10.3418
9.25404
7.60732
6.74893
9.47463
17.3006
5.47516
6.80917
25.6899
5.49878
7.1122
5.04623
5.03239
7.09223
5.40439
10.0515
5.31151
7.55152
9.28126
4.84884
7.10381
8.87062
10.086
6.56548
6.15891
10.7122
11.4432
7.67891
10.4656
8.51086
8.58839
6.13386
5.9172
6.52996
23.5252
10.4628
6.14652
14.6953
15.4362
3.2814
15.8736
14.5661
16.2101
27.8645
15.9426
23.96
20.9458
15.8183
14.4278
18.5274
15.3422
32.5301
17.7138
15.6138
16.2279
15.8856
10.2999
19.8604
16.7142
14.6593
14.8977
15.0089
28.4232
5.35842
17.3004
8.67349
18.7538
16.4321
5.01352
4.53841
21.9304
15.9608
14.8146
19.9241
17.4179
14.9541
14.8259
16.4155
15.2726
31.2882
20.8164
4.57063
33.7554
9.34963
7.82719
18.7827
15.0013
25.8974
24.6735
15.6035
15.4242
16.5719
7.44058
5.04476
9.78072
23.3595
6.54717
22.6622
5.49972
7.38382
14.619
16.0778
15.1147
15.8732
4.98096
8.46146
8.36291
8.5884
5.87836
21.1049
8.50216
12.0593
10.9082
21.1457
14.51
17.6744
15.2207
19.1393
14.7104
22.9398
14.8852
28.0843
30.0989
29.6155
17.9383
15.5172
14.8034
15.7668
16.3159
15.1878
16.069
6.56596
17.3438
15.4358
15.9025
14.2731
22.1075
15.0573
5.60506
15.7629
15.5958
15.2329
15.5634
14.5033
15.8635
14.9126
15.8603
15.5688
15.7703
15.1139
14.4707
16.13
30.2301
15.9266
20.223
6.13561
5.62543
14.6458
5.37831
4.11317
17.669
15.592
4.78563
19.529
15.2709
35.4091
18.0258
17.8259
4.73304
28.744
15.1962
15.3858
24.8643
22.864
5.75173
20.9668
6.75583
10.2044
7.0396
9.22506
5.17146
5.83253
6.74213
6.35836
8.78036
5.8457
5.00991
9.05444
5.61321
7.04206
15.5039
16.0172
7.8479
16.5714
4.94789
5.56648
6.13783
5.59284
15.6208
15.5153
17.4833
4.49834
15.7379
17.015
6.39836
19.7976
4.98118
8.86319
7.94601
14.8263
5.19333
6.63002
7.2604
13.1056
13.6772
5.54005
3.23858
3.70426
22.0907
9.69588
24.724
5.58822
32.8678
22.1218
6.16637
7.13152
7.92648
8.25983
5.36587
5.40244
5.39797
5.84163
5.09829
6.05102
14.6954
15.9069
7.47545
4.62878
5.08827
4.93608
4.80668
6.00424
4.84054
6.58993
6.91591
4.98375
4.4802
5.82911
7.37756
7.28919
3.98338
5.56922
4.8092
5.89145
5.43524
7.72906
5.58501
5.30195
5.77226
8.77202
12.3338
10.316
9.33149
5.68272
6.15839
5.14653
9.76479
12.4221
6.87823
7.50965
8.74674
20.7597
15.5944
22.592
16.2142
27.5509
9.31656
9.46904
18.9842
4.59976
15.7909
4.91369
4.2383
19.9403
4.40767
6.61319
5.13746
5.62252
4.60696
4.95049
5.65409
5.02281
4.53414
4.56879
5.34079
4.77583
5.23798
17.3421
29.6365
15.0154
16.8881
19.6082
5.22978
4.18446
15.9698
15.852
17.6289
14.9995
20.168
16.4356
15.3761
5.13982
8.02052
5.2834
4.61732
5.20334
5.30647
5.55139
6.11842
4.77371
5.34746
6.09877
5.30283
6.69565
6.92727
10.6995
5.85513
5.54754
5.92989
6.35698
6.47084
7.13234
7.26575
4.01519
7.67261
7.34617
4.5728
8.17036
5.28377
7.28247
9.08134
5.49141
5.75221
6.99048
5.88055
6.92278
5.49432
4.24444
4.69395
3.86181
4.05339
3.93854
4.25156
4.59197
12.9951
3.83918
6.01299
7.94523
6.86512
8.54881
3.84448
5.69481
5.87998
5.26309
4.89179
5.402
4.98057
6.17547
4.78661
6.03969
9.63938
8.22452
6.00377
5.99466
5.11501
4.32165
5.96919
8.66263
6.37769
6.69256
5.0981
6.9067
4.68851
7.36057
5.17992
6.85995
4.76073
5.82271
4.74011
7.51288
4.30661
5.45151
5.36719
4.3941
5.80208
8.48121
8.45446
6.60104
9.23132
6.94461
16.1617
5.75261
6.31527
8.52082
7.82229
7.14126
5.12416
5.41197
4.57286
5.44035
9.69025
4.19801
5.98796
9.63756
6.25126
10.1898
5.13269
6.3254
5.19481
8.46203
6.50031
6.14936
9.324
4.38783
5.89928
4.91794
4.62513
10.9663
5.3079
15.9818
7.74647
8.02536
6.6177
5.81317
7.20399
5.46846
5.97433
7.27176
6.28988
4.54666
4.79061
7.65229
5.4586
5.6639
4.81025
6.8892
5.11213
6.09465
5.55042
4.47448
4.58872
4.74392
6.5026
5.35668
4.73993
8.59085
9.07584
6.49836
7.9076
7.07149
5.82952
8.50132
4.61824
8.2901
7.33929
6.15333
7.16639
7.17593
4.51994
4.54644
6.5896
4.46589
4.62595
8.45954
8.15376
5.26131
10.5871
5.9673
5.24704
10.8047
6.8419
7.52359
7.11357
4.66774
7.5359
5.26545
5.05999
4.71821
6.78486
3.93469
7.67793
4.7142
5.16114
6.50249
5.82598
6.38256
8.11649
5.11093
8.03467
5.22727
5.17324
4.68157
5.41164
4.66131
4.36601
16.0236
7.45837
8.49835
9.47712
6.18978
5.98207
10.0162
9.27768
4.51713
7.53758
4.83766
6.46283
4.43483
5.28163
4.61066
4.7564
5.71524
3.99818
4.65845
5.11857
12.8746
7.30059
5.48913
3.80747
14.5244
21.5766
3.07913
16.9632
4.44661
15.905
24.0892
6.13248
25.192
22.703
18.1529
16.4738
15.9278
6.3154
4.85462
30.0536
16.1514
5.56879
15.6284
5.42853
7.28052
6.47811
7.39936
7.56459
8.54032
5.55647
7.26781
5.47994
7.38692
4.39832
10.704
16.9801
4.98602
5.01092
4.9223
5.27753
5.67008
4.77768
4.80152
8.93624
6.07156
5.38798
8.38634
8.01084
5.0694
6.08542
8.0752
7.09159
6.52128
5.02098
6.90607
7.63221
8.42692
5.70176
5.7785
6.1561
5.67995
9.64384
6.10932
5.71181
6.86415
4.72206
4.27524
4.61268
4.99471
4.27209
6.80373
5.05887
4.72885
5.26892
6.56973
5.0442
6.40258
5.27149
3.92576
5.19583
7.90415
5.94622
4.94404
5.63943
4.26364
4.76805
16.0022
9.7229
8.87453
9.13286
4.73842
6.91711
9.8875
9.596
5.87087
5.0304
4.27323
4.24311
5.20192
4.13039
15.8255
5.04764
5.73497
5.18536
6.46777
8.49365
5.21085
6.22444
5.02289
9.10898
5.61802
5.9113
4.38945
4.98129
4.32266
5.95783
6.00129
5.09116
8.79792
6.53402
5.346
8.65736
6.65843
5.42715
7.34758
19.4167
5.60362
8.55712
6.95735
11.3003
8.13354
9.51901
7.2314
5.27102
6.6766
6.386
7.36611
4.44731
7.4817
9.90665
5.49229
6.98711
6.32327
8.98622
4.68253
4.49163
4.58339
4.92352
4.43182
4.73514
7.14175
9.51795
11.1802
9.53054
4.85988
11.0171
7.85448
7.92815
9.22573
4.49629
5.03434
11.0625
21.5203
5.49815
4.80078
11.1218
24.1857
18.5907
4.7177
5.84893
5.43254
5.42373
7.20147
7.67439
4.76989
5.06554
6.58325
5.55453
8.69099
5.84311
10.2386
7.11302
8.5147
4.69489
5.22355
3.92086
7.66535
14.5315
4.06946
7.16184
5.68521
6.87094
4.53907
7.97305
5.46279
5.76637
8.11903
7.95067
5.59344
27.7301
5.7321
5.09008
19.6285
18.5135
4.36618
20.678
26.653
16.1341
16.181
5.60459
6.57723
22.2522
14.9611
4.56397
10.3852
7.19159
5.16044
15.5121
15.7931
14.6515
23.2012
28.4595
6.84828
5.78977
4.87852
4.53047
4.47041
5.37729
4.45341
4.77863
10.7886
4.52211
6.43008
10.5029
5.66603
8.96315
5.00681
9.06011
5.42204
6.25138
17.4747
11.007
9.928
7.28871
7.07971
6.92882
4.49584
6.98667
6.26903
5.1069
8.01501
10.9806
6.75579
7.77691
4.79923
4.33994
4.70962
7.81509
11.293
8.08217
4.7324
7.88066
5.13398
5.61974
8.53358
6.69918
5.03974
4.4062
4.07926
4.57188
4.07983
3.96689
3.91665
3.79589
5.6272
3.78458
5.09988
2.91092
7.75162
4.24706
4.3907
5.36115
4.99266
3.78659
4.02475
3.59518
4.49154
4.86807
3.83254
4.27362
4.47349
4.76189
5.01748
3.55995
15.727
4.37255
6.30335
4.61895
8.19379
5.07139
4.64422
4.25574
6.41071
4.73199
16.176
5.69721
5.94136
4.25326
7.18479
9.40476
7.53313
8.23317
5.51772
9.96144
5.97542
17.6724
5.35748
29.0275
29.3622
28.1698
17.1249
17.9908
17.0171
18.219
25.1639
7.07715
6.70291
11.5242
22.7696
17.0915
9.45204
20.0751
6.18226
6.73007
25.4068
11.0083
6.24404
17.1722
5.1855
8.48833
5.97371
16.5685
6.057
5.39854
6.30325
5.64322
7.58439
5.74896
11.3387
6.98415
8.49123
6.69254
8.44575
9.59089
8.81924
7.06092
16.131
7.02955
4.90861
11.3294
5.12608
6.51268
8.37989
6.1118
5.3895
8.42988
6.96762
5.58254
6.71708
4.06831
5.17803
7.30819
5.28277
10.3045
13.2054
8.2279
6.11267
5.47598
7.02833
7.01635
11.7074
10.3488
8.38874
6.44612
6.8305
5.23255
6.48103
6.49093
7.49768
9.21204
8.49626
8.10589
7.20642
5.25885
5.17931
18.0316
7.40987
11.4018
10.0743
23.8846
10.1064
5.07693
5.69974
8.26576
6.66583
9.08011
9.08421
5.4948
6.88517
8.7766
6.28039
7.57053
5.91312
9.59392
8.70586
11.7867
7.41347
6.29054
8.48913
11.5979
10.6956
12.4655
6.98495
8.91455
7.40526
7.79735
4.94722
10.1522
8.36421
11.0259
5.91319
5.32598
5.9725
6.8261
9.1611
6.03504
10.1428
6.96861
11.4531
6.57415
7.99942
10.7712
6.11331
5.37145
5.46163
6.845
9.87257
5.13114
7.24505
18.3589
7.72593
8.3933
10.468
7.48155
8.55309
9.1871
19.5545
6.66128
8.01164
23.7722
6.47721
5.94403
7.68789
8.67679
12.0333
7.51296
12.1972
9.20336
21.3011
7.21396
4.81986
8.67306
23.8472
5.89832
8.32888
6.49117
9.18319
9.71512
6.52861
7.36618
6.49217
6.12323
6.14076
5.28454
6.66521
5.96435
8.94433
8.47817
22.3736
7.32634
22.2526
17.913
17.8269
19.0606
11.433
23.9503
17.074
17.9922
9.10929
28.0297
20.5588
17.4464
24.3124
20.8379
22.1065
18.1895
18.3798
17.3463
17.7887
19.1523
10.5496
17.1344
17.0155
17.9438
19.7477
17.9593
11.4415
18.0288
18.4347
18.8399
17.4432
22.271
17.7881
19.297
17.7216
19.6291
17.976
16.6541
25.3967
26.2227
17.0119
23.9529
18.7436
21.6339
20.2573
17.0222
20.3842
16.8108
18.6466
16.8872
17.8676
17.8516
17.8092
18.3685
22.8434
17.1406
15.531
15.4214
15.2144
20.6428
18.1375
19.8509
20.3586
21.6848
17.7772
29.6876
18.2687
19.1746
17.8239
18.4456
29.7354
21.1147
19.2967
27.8399
19.3153
20.0748
19.0089
18.4609
18.1361
18.5811
10.8476
18.4226
23.9761
18.8783
19.9002
8.00321
22.122
18.8148
17.6975
22.0385
30.2415
24.8197
27.3562
19.7269
36.6576
40.5485
21.7041
16.8767
19.0512
17.7569
28.0862
17.5186
38.0903
19.8729
8.06958
35.8728
23.9498
7.67863
28.5475
7.4626
9.52504
24.4892
6.79378
38.0081
26.69
20.1571
16.5229
16.8306
19.3566
17.7187
16.6665
18.1526
16.877
20.0199
16.9432
21.2553
23.1019
15.4553
20.688
26.2115
19.1795
20.2174
17.1662
32.5653
19.497
18.3372
21.2987
17.9402
15.8006
19.2519
22.2583
17.2467
16.8146
16.3433
17.7041
17.3652
21.1168
18.9439
14.988
16.6545
16.4698
17.4776
17.009
34.9484
15.9755
29.9857
33.092
14.8921
20.5755
30.3875
16.6259
24.6025
15.4502
29.0242
18.0898
16.197
17.1188
16.842
18.3002
17.4562
17.7213
16.393
16.096
17.4101
16.0391
18.145
18.5767
22.9356
17.915
28.4981
18.6281
18.189
31.4725
20.8975
17.1867
24.5879
16.0886
17.9749
18.197
17.8984
15.5012
18.5592
21.1254
17.9211
19.5399
18.8092
19.9182
17.9264
18.7594
16.6877
29.5647
17.2287
17.7685
18.2373
17.0596
18.6723
21.7939
18.5309
23.0643
16.7373
25.2104
32.6616
20.7647
19.7799
28.1403
17.1615
28.0959
21.6325
17.9625
25.0093
16.0395
40.0881
19.8973
19.7602
27.1386
16.419
14.9583
4.88158
18.6362
18.193
7.86758
22.4003
27.4683
18.9087
19.1737
19.3827
26.5055
19.2447
7.41409
18.0031
19.4667
32.8419
26.1025
17.7951
32.6661
28.0404
17.632
21.9249
27.8746
22.3153
21.8832
24.7825
19.713
16.4979
18.3928
32.3192
23.8253
18.3303
18.7507
20.0105
21.5685
19.2056
18.838
19.2958
34.3586
22.2524
18.3563
20.3589
18.8892
19.1565
19.5405
17.7331
17.1853
18.2809
19.1628
19.0931
19.7552
30.4287
18.7378
23.8859
33.3272
26.9849
24.9294
26.3237
28.6893
26.5713
20.6858
18.4672
19.9074
18.3098
19.5957
18.4357
19.0696
18.0574
32.017
27.9188
19.8877
19.4965
35.222
40.2812
24.2661
18.6132
19.0395
22.0615
21.2676
18.6123
25.9744
19.5409
18.3706
18.449
18.3438
18.8205
18.8826
20.3888
18.6861
19.8596
18.0794
18.5515
28.8354
18.2645
6.21971
20.7241
23.7311
29.4082
21.8079
18.7944
22.2813
20.1017
26.4833
18.1443
24.6816
18.687
32.9707
22.0792
19.7394
20.0319
21.4244
26.5503
19.4472
18.6134
16.9531
18.4201
15.6935
32.8534
15.7797
15.7902
17.7781
15.466
17.1088
16.257
19.2482
16.2655
16.5804
16.4171
18.7357
17.9169
17.4414
17.274
40.752
24.0572
30.9137
26.6811
19.1485
16.8234
16.4131
23.3063
20.6265
18.5015
17.1092
23.2639
17.4631
18.3678
17.0399
17.4541
15.8124
16.4881
17.4458
15.3305
25.8158
25.2383
16.5254
20.0555
19.4009
15.4699
15.9489
17.9486
15.8083
17.0713
14.9313
20.5088
16.2334
14.7974
16.4876
15.2115
15.711
17.6951
16.4965
17.7621
19.7046
17.7703
31.587
19.6815
20.1078
19.3326
16.7379
17.5144
15.8591
16.8456
26.3833
18.2151
16.4761
17.9269
19.1979
24.703
18.5907
20.4471
19.1774
17.8588
20.0543
17.8108
25.2056
19.1558
18.2797
18.224
19.1275
17.1769
24.7409
19.8073
16.8917
17.0996
27.3176
17.624
17.0773
17.6095
18.8593
19.7209
17.0483
18.2411
17.4285
18.3743
6.44593
23.7507
17.0407
22.7237
16.1246
17.4005
16.4758
26.4293
16.5766
7.78034
34.2241
32.9643
6.57167
17.9669
16.4507
16.9533
19.4718
19.595
17.5573
18.8918
18.2879
19.3197
17.7169
18.8058
18.1492
18.8054
22.0332
18.0466
18.4273
41.5677
7.10394
23.8388
18.6357
19.3959
17.5966
17.4055
17.0308
17.6399
35.153
28.1894
17.3409
33.9875
18.381
18.6474
18.0361
17.4449
28.7986
19.1956
18.6759
22.1898
40.0855
22.8766
18.1642
24.1126
18.9079
23.2483
17.8687
17.5866
18.1343
18.0231
19.2301
28.388
17.9931
18.7047
20.1025
17.9462
26.1787
19.0145
19.0105
19.5623
18.4258
25.0743
23.0491
21.8311
19.2337
18.5622
27.9033
20.078
19.4322
19.7553
19.5223
18.7893
18.6273
23.3652
20.1433
19.6489
18.6914
25.5054
33.2844
20.1429
6.26497
19.4014
18.5712
17.8305
20.4852
22.7999
18.4641
39.015
18.266
29.4455
17.8954
30.6988
19.3894
21.6254
24.1955
21.2474
17.6818
27.3425
30.4845
26.2636
16.1662
17.5266
22.2167
21.8422
5.72339
21.4803
19.951
9.22283
24.2543
16.5499
38.4291
32.4448
26.72
30.239
33.4606
17.9363
19.8692
17.6659
16.1903
16.8469
26.748
20.9561
14.7942
13.432
17.5866
16.4962
18.2227
16.4305
16.9006
17.8195
16.485
17.13
20.6421
18.8467
26.0248
24.334
18.5688
6.77216
17.4915
16.993
6.60133
25.2018
17.3892
25.9588
17.5335
18.3212
15.885
16.9051
16.5511
15.9542
15.9087
16.4944
16.3377
15.5008
16.3587
21.0092
15.7164
24.3662
16.4179
16.2369
16.4317
16.1874
16.5371
15.728
17.5624
18.3465
16.2128
22.801
16.2234
18.0776
16.7971
17.1173
17.8965
23.6536
22.5547
17.9433
21.1236
26.8946
23.3373
20.7523
18.9824
18.3317
34.5179
20.1131
17.4472
18.3336
19.4649
29.5795
21.5944
18.1794
19.3216
18.3844
18.6249
28.07
19.3826
17.335
32.2357
17.8429
30.6461
21.5865
19.871
19.4522
31.0959
19.3773
18.1451
18.5671
17.7453
18.2641
38.843
21.4731
23.8367
19.1905
17.6599
18.1903
19.3589
18.5223
17.3305
17.6883
15.7427
6.2862
27.7542
9.9896
26.1968
17.2702
18.222
16.7645
18.8045
24.3845
6.10698
19.743
18.0679
20.6363
20.3371
7.8256
22.6045
21.2974
18.2521
19.2412
17.056
17.7414
5.92905
19.241
32.6005
17.9018
8.26016
27.3621
18.9486
24.2049
16.8654
17.5356
17.0083
17.7538
17.3904
18.9725
20.9968
20.9972
17.2739
16.9633
7.91568
16.5608
16.5466
18.158
18.7511
33.1108
26.0078
18.7054
8.41925
22.6106
21.6123
17.5062
17.5074
18.2221
17.0556
17.6989
16.6471
25.8412
20.3508
17.9014
19.2508
24.5471
18.702
18.6319
28.988
19.8146
20.329
18.7871
19.2993
19.2633
17.5845
18.8216
21.2449
22.9153
17.4786
16.326
15.261
17.6948
18.9193
17.83
21.7109
17.7055
18.0982
30.8414
18.5805
24.8136
19.1446
25.4162
17.6602
29.1187
18.3027
22.5097
17.1185
19.5473
19.9384
18.5887
17.7006
21.5903
18.5132
20.2965
17.0091
27.0617
16.9935
18.702
18.3811
17.7278
17.9617
17.3788
22.3866
17.5495
17.7487
18.6386
16.1452
18.5299
18.8295
20.4142
18.5694
18.2307
18.3327
26.4195
16.0479
19.2932
17.9699
19.197
34.8289
18.8016
17.5334
23.045
23.3563
18.2264
17.3485
22.3061
17.3905
17.8388
17.596
20.7757
10.0081
23.8224
17.788
21.1136
21.9401
17.5174
6.24858
35.3388
20.8511
18.732
17.2587
17.6313
16.4436
17.0706
17.5782
15.6402
21.2762
15.2998
17.5972
22.868
15.8851
22.4512
19.0264
17.1891
16.1823
21.7458
17.5438
20.5117
16.977
21.3718
22.2332
18.8499
17.0174
16.0551
26.7174
19.652
16.2332
16.1665
17.4937
31.5494
17.6908
31.0322
28.0814
28.8605
18.9919
23.8836
16.6173
20.045
16.5743
22.5273
18.1178
19.2386
17.8782
18.0204
38.9598
20.1042
28.3926
22.1825
18.9594
18.4846
39.1781
27.0902
20.1748
23.8664
20.9197
18.8145
19.821
18.4081
17.9372
18.3464
18.7526
18.3745
18.3903
17.8216
20.1537
30.7633
17.9742
16.6038
18.3005
15.8352
18.3879
19.0876
7.6683
21.2621
5.96109
20.5227
19.8163
12.7313
26.9704
20.4397
6.91576
19.4084
17.6548
19.6372
20.2545
19.0078
10.453
35.4156
20.8292
28.6735
19.7082
19.7663
19.955
20.3868
19.4004
7.01122
18.7219
19.9308
22.3133
18.8909
15.5801
15.694
19.3841
16.6663
16.2329
27.5327
18.0177
18.1912
18.1872
18.555
18.4368
20.3081
18.9373
17.3195
17.6345
17.2564
20.8495
17.7136
24.3583
27.6074
20.6199
22.8119
17.3128
18.7892
17.4812
28.1777
19.8247
19.7416
17.1221
18.8994
19.4709
16.6251
18.0118
20.4527
19.7619
17.8923
30.2466
16.9935
18.7537
18.4504
17.7093
29.7041
18.1629
21.194
17.9016
33.1629
36.774
21.0212
19.3317
8.29752
18.8352
18.5568
17.7968
20.3293
17.8622
18.0935
26.8507
25.0695
24.7709
23.3868
22.3116
17.2389
26.5253
18.8945
22.6439
19.1021
18.0856
18.0074
21.942
17.204
17.1646
17.9747
27.0779
17.0789
22.4422
21.2295
6.18657
18.006
25.6204
17.1944
32.8497
17.8646
6.62228
17.3553
16.6245
9.10732
16.2645
25.3628
17.3746
16.6284
20.4788
17.9657
17.3564
16.6472
26.8758
17.817
16.2684
17.5925
26.6981
16.9911
15.2941
15.9937
15.5279
23.2841
17.2743
16.0607
16.5688
17.5522
17.9286
27.3725
19.3489
25.7694
7.43878
16.3244
25.8107
10.0014
19.4129
15.755
23.821
18.5572
17.844
33.6783
22.6565
17.6533
18.0045
17.2306
18.0783
16.8668
18.0479
18.0019
18.6269
34.3824
36.9231
32.8312
31.6787
34.9982
19.1854
16.9416
16.9709
17.5412
17.1034
21.3477
16.324
20.6369
15.6555
17.0219
17.0985
17.707
31.5749
17.8357
17.2453
18.1931
17.2862
17.8083
17.58
24.5651
18.9999
17.9784
23.4266
33.5128
18.9517
24.3576
17.1968
18.2421
17.9448
17.533
19.2174
17.2168
18.7213
37.5813
23.2823
19.9387
15.771
27.1441
17.0265
16.8283
19.9384
18.5495
17.6089
17.36
20.2552
20.411
18.1565
19.1688
25.241
18.2079
23.2361
28.1381
18.8273
20.6792
18.3672
17.7477
18.6192
17.4432
29.3441
20.5246
25.6078
17.9247
17.3458
6.55835
19.613
16.9979
11.561
17.7032
18.5345
20.0627
19.0775
25.3294
25.798
24.1513
17.6426
7.78625
19.7627
18.0759
16.2123
18.7155
17.7539
17.0324
17.6775
16.4869
16.7139
20.1263
17.9972
16.9168
18.6744
30.1927
29.4513
18.4894
17.2938
17.9548
21.9402
6.97017
19.7923
18.9389
17.2867
17.5411
26.822
16.3067
17.1313
17.9395
18.1202
18.1529
21.612
16.5004
18.3897
22.6502
17.2187
21.3974
27.4767
20.4416
18.8403
37.8734
18.8009
17.0772
18.4022
18.3475
17.8888
31.0025
20.5425
18.2508
18.6052
19.7626
18.7753
28.6102
18.192
16.4356
17.7826
27.5711
18.0763
30.8623
18.8661
8.43264
19.0995
30.9966
30.6913
18.8092
19.3373
23.8479
19.3955
26.6572
18.1232
18.7401
18.2186
17.6743
31.014
18.2351
16.6121
17.9072
18.0304
27.1514
19.9683
18.4934
20.5035
21.4772
25.8357
8.40294
23.9718
18.2548
16.9991
18.9477
18.0869
6.76554
17.9289
23.797
23.2903
34.8439
17.7302
22.5158
22.5289
17.9067
17.3994
24.463
20.8847
16.3849
18.3171
17.4104
14.7172
16.3713
15.2327
16.2494
15.2453
29.4484
28.5839
15.486
15.9723
17.3142
16.717
19.0095
15.6845
17.381
30.2292
20.1283
18.325
21.6938
32.7276
18.5132
30.8895
19.2241
19.1068
16.9911
17.3748
17.192
17.2318
17.6795
17.3135
15.6528
17.2007
17.479
16.7194
16.9445
16.1938
30.3372
25.1101
21.7155
17.1206
20.2595
17.643
16.9387
28.3469
21.5396
21.7784
15.6699
16.9633
18.327
15.983
15.0655
29.08
16.6996
17.1117
19.006
16.8366
18.0163
18.8832
16.6653
19.8716
18.1994
19.3335
18.9748
17.6257
17.0984
19.5417
17.4508
19.2355
35.6207
22.1019
33.4475
25.5679
22.5484
18.536
34.249
18.1029
18.3169
19.2619
19.89
16.7461
20.3244
18.6786
19.3813
20.3258
18.1791
18.6795
30.1948
19.7812
18.4715
19.5319
20.3168
18.0019
21.6066
16.7966
16.3816
17.5812
16.8168
17.6173
19.4093
17.3431
18.3931
30.8437
17.0338
24.8483
6.37168
20.8119
9.3727
19.6846
18.6408
22.8947
17.8209
31.8113
19.2492
8.98739
31.9556
18.6272
18.812
22.3651
7.29606
22.2152
19.377
19.6796
17.634
32.9486
18.6908
18.786
16.311
16.9303
31.751
19.9564
7.12426
31.8016
17.0202
21.3447
17.3029
17.3408
19.4177
17.446
19.2098
17.1691
8.93508
16.7511
19.3731
17.9312
7.00955
19.1677
17.7103
17.9777
16.9242
18.293
35.0633
18.2202
28.9429
18.0808
23.7621
17.3709
17.343
19.0515
31.1188
16.9851
18.3297
22.5742
19.2474
18.2223
18.6104
24.1801
19.7618
21.413
20.6872
21.8778
19.8952
23.6366
24.3276
30.5232
18.2557
21.311
19.4207
23.3305
22.9409
19.4516
32.0428
17.5717
18.4032
24.1543
19.8957
20.2852
29.9513
19.2843
20.17
19.0592
20.1536
16.9294
17.8644
7.21089
18.7396
21.5531
17.874
19.6855
20.9017
17.8252
24.5849
18.5677
20.8805
19.7916
18.498
26.2732
34.319
18.8644
9.13465
20.1319
27.2351
9.27532
33.9929
21.0154
31.9532
26.5132
19.6405
25.6839
16.5074
16.5974
15.712
19.6213
16.7069
17.4488
16.5702
20.0803
15.8574
30.3515
19.8662
17.2909
16.2764
24.5806
16.3279
16.8572
15.0834
28.8248
16.0006
32.9223
26.1498
17.7651
16.7645
16.3947
18.0254
17.4412
16.2091
15.8945
18.1173
18.5788
15.8243
18.5363
24.2411
16.7292
26.5528
17.0131
28.9545
16.7639
30.1641
26.3679
16.3469
17.8775
16.5099
28.2345
26.8716
16.9898
33.2594
28.4389
28.6565
18.3452
16.6579
15.7992
28.1537
15.934
27.8331
18.8147
16.4091
18.4687
16.802
17.2793
19.6634
16.0494
17.8841
19.4158
26.8439
17.0923
36.5973
23.0497
18.2501
31.6237
32.8943
18.3411
16.7869
16.9808
17.6876
17.2709
17.7184
20.0195
29.3798
17.5092
27.535
19.744
17.8104
17.2382
17.2311
22.9959
17.2716
23.0267
29.3364
27.7969
20.7089
17.2489
33.5494
17.3591
16.3407
25.6662
30.7114
19.5687
16.7575
21.5175
19.9609
29.6669
17.1799
30.3287
21.2746
17.9927
30.0101
21.4533
17.6224
17.6812
6.88486
17.0401
5.69764
9.53051
18.3701
9.49235
10.3056
18.6844
10.3744
9.56134
35.5963
10.2984
10.1018
20.6148
18.7242
22.4149
21.6962
20.0478
18.3639
17.9775
18.6968
20.2718
17.511
19.3257
17.6594
17.1056
18.0531
20.297
17.3371
18.0527
18.2878
17.6303
24.6625
19.6129
18.2121
18.1746
20.6112
17.7527
35.4481
27.4448
22.4188
19.0715
19.0711
20.5882
25.0499
18.0546
18.1236
18.8324
17.0882
19.3331
19.4187
20.3834
29.3156
17.5436
19.4398
25.8973
19.8997
29.1395
20.4825
23.5044
19.2094
18.3865
19.2528
17.9637
21.7208
21.132
19.4682
19.8148
21.3414
20.3918
18.7412
19.7627
20.2001
9.45351
20.4052
19.0318
20.8777
18.8244
18.3794
29.3875
19.4088
18.3496
31.0822
19.6179
19.0034
27.1509
18.5625
33.3727
34.0276
20.4221
6.9576
31.7747
20.2189
23.4958
18.1381
17.7595
16.6569
19.2901
17.843
25.9477
20.4592
18.2334
7.79252
17.0035
8.20005
22.2395
27.1618
19.5305
18.2586
32.6762
18.5915
18.098
20.0932
20.5599
17.6522
23.9696
21.1234
16.5123
25.7576
18.4804
32.76
16.9809
19.6788
17.3586
16.9133
17.3592
16.6447
17.7786
16.9072
36.2263
21.6442
17.11
20.5515
19.1743
21.7746
17.1671
17.7259
17.2866
27.7374
19.736
21.4001
18.7016
15.2627
14.5753
14.1894
16.1533
15.9974
17.9305
19.2707
14.7139
32.2219
18.5791
16.9615
22.8659
30.5741
16.8643
19.4987
16.1732
16.6972
15.991
20.3957
16.2956
14.8428
17.0744
22.8761
15.4964
15.683
15.4042
16.7023
16.5642
19.4326
19.9496
25.2142
31.0682
26.5792
17.1434
26.3116
23.3172
17.0489
18.3008
18.2192
29.8751
31.3113
18.6164
32.4546
17.735
31.8532
19.3488
17.1546
17.2638
17.9694
18.6287
31.092
22.9692
17.5588
17.2592
16.9725
17.7127
16.8547
19.2622
18.6423
19.925
17.3578
24.6366
16.8505
28.5587
18.1596
17.6293
17.8435
18.3491
22.3544
17.7541
15.745
16.5388
18.1557
18.3801
16.4952
27.6574
16.9742
28.3402
17.0228
18.0891
17.7724
6.70969
17.9496
24.3775
19.3562
8.82907
22.8219
9.94034
23.0045
17.4688
9.31264
35.7185
34.2689
20.0607
18.5417
30.8053
18.2095
34.605
17.6684
18.5645
20.8199
17.1127
21.931
20.977
19.5268
17.5425
17.7276
36.5771
18.8853
18.2083
18.8871
17.8964
21.6033
21.2015
18.7777
20.1502
21.0777
9.71036
18.9516
16.8821
21.1248
19.2469
17.5741
19.2102
20.8518
19.1522
18.0614
17.3323
18.0669
17.7813
19.6726
18.0209
17.5564
18.6075
18.1112
18.9738
17.8392
18.2799
17.3289
19.5993
18.2512
21.1191
24.5428
19.1353
18.1024
17.535
19.1881
19.9227
18.6984
19.1842
23.5743
19.3888
39.5644
9.50348
32.4682
24.6974
19.6876
37.198
12.5875
20.1945
17.7328
19.5438
9.71507
18.534
27.7854
8.81508
30.4375
22.4247
10.4412
19.2505
19.391
15.8976
22.3691
18.679
6.60617
18.7029
10.0624
17.8178
18.8394
18.7395
21.8924
7.09312
19.8034
24.5238
16.9532
17.5035
7.13281
19.2214
21.4448
10.2073
33.3917
19.9925
20.6307
24.0443
18.1496
23.9382
17.0046
17.0983
16.6056
15.5956
21.6905
19.1984
17.3582
31.7194
16.9286
16.7533
16.5888
21.1749
17.7965
17.8191
17.3581
20.4678
25.7204
17.9437
17.1535
15.7931
17.8719
20.6891
16.5677
16.2268
18.3948
21.9064
15.5495
18.1231
15.6457
16.6485
15.6018
18.3084
15.2656
15.824
14.9082
20.899
27.5233
19.1755
15.0891
17.4372
14.6259
16.6703
24.4548
17.4987
16.6697
15.6855
16.0435
15.8111
14.8609
15.7792
20.3688
18.9937
20.207
20.2809
29.3258
16.8364
17.7117
14.996
17.7023
16.1933
19.8185
19.3488
16.6094
17.7614
16.8255
18.2484
16.3528
17.2263
20.1238
26.6789
16.7292
18.6764
18.1302
31.2864
19.096
27.412
17.7178
18.4047
17.2303
22.382
16.7286
27.0533
20.5002
17.9714
22.3371
20.4451
16.8328
18.1896
19.2993
5.33974
24.3942
18.526
15.0051
23.4625
19.6023
24.7515
22.387
17.5174
18.9958
17.1355
17.1301
19.3669
35.2571
25.8873
18.0468
19.5463
23.0626
6.50925
31.2467
8.34163
20.1819
27.176
18.8289
18.2621
8.3062
21.745
6.33484
23.0675
6.74608
26.1879
7.53785
25.8673
17.9875
18.8265
17.1829
10.0171
26.3325
6.90172
20.5817
32.969
10.9878
10.1127
24.2333
30.3596
26.3113
18.1483
7.94576
5.90027
20.6194
18.9217
26.5341
16.3037
30.1095
20.3744
31.3201
17.0346
15.8406
16.5573
16.6026
16.9624
17.3736
17.377
19.5485
26.9008
24.7628
19.4226
26.7452
35.8464
19.7248
30.5247
22.6791
18.0307
18.5501
21.4519
21.4447
18.4471
25.9185
19.5033
18.1747
17.5088
18.3628
18.5406
18.0824
19.7013
17.1633
16.1927
16.3451
23.057
21.1368
21.0146
17.2674
15.787
23.7407
16.0384
26.8673
16.7759
29.6006
17.0591
20.6173
28.2613
19.8554
16.7586
16.3918
24.7645
15.7984
19.57
15.6714
15.6879
16.6374
7.64678
10.298
12.0943
29.0868
16.2688
15.5127
17.7561
24.5775
18.6794
15.9698
15.9653
18.2302
15.5713
15.9615
29.7321
24.9973
15.4041
15.4257
19.71
22.3356
16.9098
24.0412
16.5349
15.8206
16.6858
7.60029
18.1624
16.2107
16.2455
16.7572
17.4253
6.29505
16.3711
17.4319
29.4872