33.9196
19.8559
17.008
15.8682
17.0834
17.9947
37.5142
21.9538
16.9918
15.8567
17.9365
38.7144
32.9519
17.1549
31.1569
16.7434
16.3953
16.6313
17.2755
16.7554
17.0523
19.451
16.9029
18.1198
20.9712
19.6485
18.8998
15.8186
15.8289
28.349
19.5541
17.3374
18.6499
16.6732
17.1917
21.4498
20.1793
18.9077
18.562
16.4083
20.8746
16.5831
21.5968
32.3134
31.0399
17.9044
18.6125
21.6515
26.4277
16.8529
19.3529
18.2681
22.9519
17.1226
20.8768
18.3576
18.9251
17.0912
17.403
17.8687
32.3682
21.1837
21.5831
16.7403
18.2552
17.6003
18.17
17.3821
18.8933
32.8807
21.5251
18.0109
17.6112
17.0866
17.2252
16.2506
25.5191
16.8768
16.8703
17.8588
20.2905
18.038
15.3442
16.4233
15.565
15.0069
16.3267
36.6085
16.3351
16.9238
15.9549
16.0846
15.545
16.335
20.3887
15.2203
16.1712
31.698
15.8425
16.4143
17.0814
15.5559
16.024
15.7877
15.3413
25.3503
26.0421
17.1207
16.3675
16.5655
15.2766
15.3415
15.6596
15.7574
15.8883
15.8135
16.8511
16.1223
28.9578
17.6604
15.445
15.437
15.5054
16.113
15.9249
17.484
22.044
15.2852
15.3558
16.1397
19.5794
20.0396
16.7063
15.1873
25.5546
32.0905
24.366
18.8818
15.3957
16.2703
18.176
26.234
16.3751
15.0154
15.5908
15.0882
15.4817
16.1243
16.0319
16.4895
15.6899
15.4591
16.1262
15.8662
14.9651
16.5389
14.969
15.7456
16.3499
15.5684
16.3931
14.9406
16.0641
16.8972
21.0557
37.2001
19.3638
34.906
16.3035
32.2715
16.8263
15.5261
16.0087
16.5944
27.6109
18.994
16.5401
29.2308
19.1935
27.7593
18.536
16.2088
30.756
15.37
16.1698
36.2665
19.7061
24.8621
16.8542
17.3057
16.9564
16.4982
15.6773
27.6451
17.1875
17.5104
16.1823
24.3809
16.5162
13.7279
14.3673
13.7501
15.017
16.7185
15.5321
15.8663
23.767
16.3581
15.8568
19.6506
31.3495
18.1735
15.9594
26.6595
15.2101
29.5884
15.8002
14.4703
28.8157
26.3124
16.6064
17.0309
15.6927
22.4389
15.6359
15.4768
15.3865
16.0266
25.0171
23.4355
17.9257
22.2173
26.4893
15.7658
16.637
15.8723
27.5157
22.1519
17.5157
15.8492
41.7681
19.1681
15.9301
15.3587
19.1357
25.1489
17.0587
15.4468
15.7417
18.5433
30.2576
20.5868
16.1349
15.7498
16.2103
16.4036
16.9036
16.3683
15.4718
19.021
15.3797
15.3437
15.8614
15.3185
15.0154
15.6224
16.5934
19.4367
15.392
16.3394
23.283
15.8376
15.8765
19.4446
25.9637
24.2535
15.9987
15.2131
18.94
18.4323
15.0285
15.7638
17.221
15.1477
16.5252
15.9494
15.7918
15.7313
15.1389
25.4304
35.241
21.2071
16.0032
16.78
19.8893
18.3639
15.0491
15.666
15.374
16.3973
16.2009
15.6756
26.1388
23.5676
28.1123
20.6756
16.0879
37.0309
29.6894
16.2889
22.3469
22.1468
16.5933
26.474
15.3413
16.6395
20.4567
17.3097
18.3539
19.2944
16.5529
20.4236
16.7363
16.3418
22.8809
16.2395
16.5208
16.9572
16.8717
15.7512
19.152
17.7431
15.9144
20.8331
16.4975
22.2827
24.22
21.2221
29.0421
15.9913
15.7859
18.3973
15.8156
16.1852
30.4575
17.8565
15.717
20.3618
16.3059
16.0863
16.8673
19.4107
15.6867
24.9255
16.3665
29.7003
24.7871
16.7883
16.1387
18.0992
15.6088
23.16
17.0753
18.8447
17.8744
17.3079
23.4001
16.9459
18.714
17.1765
26.9341
16.6806
15.4609
19.4395
21.5233
16.4818
16.139
16.3662
30.4548
19.9441
22.1137
23.8396
15.9188
27.167
26.7608
18.9844
16.8103
18.2338
23.1967
16.9797
16.6028
15.5372
16.9553
17.1422
18.511
16.8674
15.7992
17.2223
16.8849
15.4692
18.6265
16.3187
15.2901
15.6155
16.5326
15.934
15.3749
15.8015
16.4505
15.6995
17.2288
27.7575
30.7447
28.0571
26.5932
16.901
17.5866
16.2535
16.6934
16.4365
17.1368
16.0548
23.6244
16.2445
23.1007
25.3816
18.0555
17.6263
16.4775
17.0798
19.6516
18.8026
16.1541
15.3764
16.1402
22.657
22.5341
20.201
16.8759
31.168
16.5321
17.5558
24.4709
16.1734
16.2428
19.203
33.425
17.8137
25.2963
22.1277
32.8587
23.9396
25.3717
17.3369
16.457
19.5718
17.3544
16.658
26.0652
29.9234
19.1944
35.3399
17.6713
15.6484
38.5004
17.6918
19.1941
19.2893
16.4238
16.8965
17.1471
38.2349
18.3029
20.8442
16.4367
29.4047
17.7927
16.4561
19.1178
16.8041
17.4494
15.8106
16.8068
18.3863
21.4276
17.0353
17.4072
22.3177
16.9286
29.1945
15.4994
28.877
18.2994
20.7228
16.9575
17.7094
17.1494
17.2587
19.1428
17.3172
21.2543
24.7868
16.6863
16.35
17.7507
16.2864
20.3291
19.1806
16.341
15.6803
19.9802
28.9288
17.2106
26.7441
16.9717
17.4578
16.1863
18.3544
16.686
21.4868
16.9793
17.8234
18.8358
20.0854
20.2285
18.3685
17.4698
17.6964
16.3325
17.1661
22.0713
16.7098
22.215
16.2408
15.2954
17.6283
16.4437
17.9056
18.5178
16.6403
15.412
15.6331
16.8698
17.0373
18.9654
15.5577
16.8622
15.8621
17.3803
24.8835
16.0682
17.3082
16.3001
15.4862
23.2668
19.8738
17.1841
18.4375
18.2042
17.4029
15.8463
15.5272
17.6111
18.3974
20.1676
17.0681
30.1316
18.3953
30.1621
17.0832
31.9219
16.7616
18.216
16.6436
16.7501
16.1204
27.5965
16.5994
16.3731
15.1635
36.4983
17.5892
20.2353
16.6474
18.2617
17.2829
16.8058
20.6367
15.8336
28.3824
17.0883
17.857
16.3247
16.7217
15.4803
16.868
29.2835
16.4664
15.2094
20.0218
16.9556
16.2298
18.8033
16.2438
18.2526
17.8503
15.4014
16.6679
15.9727
19.7467
17.2041
18.0786
17.4624
17.3099
24.4309
15.5068
14.9482
19.0873
27.5196
16.4754
26.687
16.6742
16.9606
16.9389
17.3777
17.3151
17.3812
15.7648
15.7923
18.24
15.8728
15.3566
17.8862
16.652
19.3985
17.2412
16.7235
17.3476
16.7272
19.3979
17.8463
16.185
18.9255
17.6761
34.1021
16.6332
14.6972
15.5802
16.1176
16.217
18.3485
16.047
17.1251
17.332
15.9517
16.0245
17.7693
16.1936
22.4141
26.4142
16.9001
15.6817
15.8176
17.2705
16.3345
27.8111
22.0769
16.0374
18.0147
26.3614
16.1407
17.3491
17.7541
16.4886
18.5434
17.4809
18.2916
16.2011
18.378
28.2434
16.7103
32.5953
24.0738
16.1939
17.6002
16.7794
18.375
17.3506
15.5966
17.1592
15.3789
17.0224
20.8237
18.2908
14.8254
16.6702
20.6812
22.092
17.44
16.9753
16.1779
18.5374
17.6582
16.6556
16.6335
18.389
17.3556
18.6422
16.6174
15.1755
15.9478
15.8885
17.2647
17.3342
16.624
16.6478
16.2134
22.2317
33.9578
17.9957
19.0062
15.3437
37.66
30.8391
27.5567
17.3347
25.6472
16.5457
21.0211
15.7788
23.3076
18.475
18.7252
17.3702
18.4886
16.209
16.4068
22.3875
16.9681
17.0967
17.0437
17.0283
21.8052
32.5981
29.2568
19.2103
16.6855
15.8895
16.3326
21.3398
32.2799
17.3509
17.7766
22.283
31.8421
32.3831
34.2202
19.076
18.5465
17.4694
16.3519
27.6328
17.3955
34.5716
33.0219
30.4805
18.0641
16.767
16.7888
15.2275
16.3929
16.0459
16.1096
28.8911
20.6676
29.3486
26.4621
21.3968
15.9784
16.2758
16.5696
16.1281
35.909
23.1821
15.207
21.7844
30.9722
15.5043
16.7832
40.1953
21.848
23.6811
20.0922
15.7184
16.5501
15.8516
16.2756
17.1202
16.2227
16.5977
17.1643
17.0147
15.6021
16.9535
16.3626
16.8456
16.5107
16.6102
14.8716
15.7666
16.6111
16.0487
29.4055
18.15
17.4862
17.6883
36.2846
16.1008
16.6561
17.6134
29.7754
25.8997
19.4255
15.8269
16.9505
17.6785
15.1544
33.4785
17.1428
16.4489
16.8576
16.803
15.6505
16.6267
35.2647
17.7218
17.6463
17.2145
24.7697
17.7057
16.3052
25.396
26.8643
29.0968
24.3285
19.4352
15.9796
30.1166
32.4855
31.0276
17.435
18.3874
37.8222
20.2388
16.6593
16.4191
15.9552
15.2786
19.1945
15.5582
16.2147
18.165
17.8181
16.3179
17.1479
18.6323
25.5652
15.5783
14.8036
15.1629
15.5064
31.4615
17.0734
17.2326
20.0219
21.0683
17.4384
16.2309
34.4156
16.1313
25.8651
15.858
15.2803
33.7758
24.9024
33.5683
38.2045
23.6202
16.1796
15.7032
16.195
16.2961
15.4304
31.7396
16.2349
18.5109
30.7758
18.3487
16.6946
16.6663
15.8734
16.6553
15.1607
15.6851
15.9182
15.1561
27.0587
16.4274
15.9591
15.7813
14.914
16.234
16.6969
35.3271
15.6077
16.0911
16.5579
16.0123
30.2769
16.7431
30.6558
16.2898
31.1036
20.3349
17.2939
17.5406
16.5946
33.2876
16.4228
26.033
28.4615
15.621
16.102
31.4695
16.0251
15.538
15.8893
15.7546
15.9355
36.2949
18.9739
16.6394
16.4987
29.7166
18.7083
15.7636
16.2713
16.3057
15.2778
24.5771
16.3069
33.6583
19.651
31.5482
16.6116
15.7409
16.2529
15.8768
15.2614
16.1437
16.8298
15.0557
15.419
15.9079
17.1201
14.9049
16.2125
19.108
15.96
15.3428
16.1599
16.4123
16.3914
16.5158
31.5151
28.5322
16.0111
16.0296
15.7935
32.6621
16.8304
25.7521
16.8127
15.5259
16.5026
15.8957
16.2626
15.9501
15.6338
16.9446
16.9212
14.7729
15.6089
17.1147
32.7827
16.543
20.4831
15.8738
24.6938
31.3218
22.7072
16.1261
35.3291
17.2083
30.8775
32.6256
16.1742
19.8618
16.3443
15.6269
16.482
32.84
17.8002
30.3352
16.5444
14.719
28.6483
23.0413
14.5295
16.043
15.4815
14.5119
16.1817
15.2472
15.9727
31.2625
22.3964
15.5294
15.3821
15.5655
15.0533
31.2689
17.8349
15.6131
14.9326
15.9314
16.2712
15.8274
16.5965
18.79
14.2053
14.8008
20.9593
14.5513
17.1198
16.6265
17.7128
15.5566
15.5239
16.9374
16.0891
14.9761
15.6417
29.8422
16.8195
16.7254
16.4412
16.1787
15.4028
16.9339
31.7184
24.7571
24.4474
24.2465
16.2471
29.7935
15.0997
17.1178
17.0105
15.0718
25.6626
33.0187
17.2779
16.1355
16.1725
16.5246
16.2388
16.1156
15.6103
18.3561
31.6668
16.0639
28.8111
18.8355
21.2628
15.0574
31.4899
15.3134
16.2041
15.8414
16.233
14.9757
16.3177
15.627
23.2189
16.498
16.2954
33.8387
17.218
16.8096
15.9296
16.8865
15.4434
16.0196
15.8878
19.8308
24.7415
18.6485
16.6784
31.6692
17.4614
16.7539
15.6889
17.7375
15.5234
16.7186
27.307
19.6562
17.074
18.7535
27.948
17.5041
34.6152
17.7429
16.3652
29.6966
17.0832
16.1233
16.938
29.3576
17.7868
16.4521
16.5405
16.1565
16.1725
16.4882
16.6219
18.966
16.2175
15.8097
16.859
15.8016
15.0912
24.3152
16.6521
15.7848
16.1327
17.7715
15.5931
16.1124
17.2247
15.417
16.3318
18.1791
16.0635
15.9746
17.3986
16.3008
16.9257
16.2016
16.6866
16.5584
31.2715
18.396
29.7337
17.9496
16.3106
17.8693
16.2992
31.1239
24.9065
24.3637
16.9456
16.8412
15.9081
15.9492
17.7097
16.7889
17.2871
16.9782
15.6076
20.362
40.5659
29.8428
16.1557
15.976
16.521
16.2885
15.7579
31.2675
16.8107
17.3631
16.5425
16.2032
17.3096
16.1269
31.638
17.6449
17.1854
16.221
16.5856
16.5372
16.6624
16.3901
16.4501
15.2449
31.2639
16.9302
29.3085
16.7978
16.2961
16.5968
32.9464
18.3144
14.8111
16.8761
27.9813
16.4608
16.5621
16.0914
15.2952
16.8461
24.4927
15.7717
18.217
15.6657
16.1064
16.937
16.2218
15.8017
16.1105
17.1693
16.7013
15.4772
16.5666
36.0261
20.4024
16.856
15.8645
17.0178
23.2941
15.6878
23.7278
17.2728
32.3269
18.0878
28.7581
29.2419
17.1436
16.068
15.9565
17.4212
32.5665
16.5789
18.0512
16.5951
15.2596
16.1172
26.1139
28.6625
18.9507
15.8327
15.8935
16.4065
30.5991
17.3942
28.4284
16.3919
16.2117
16.3153
16.2077
16.1706
16.6784
17.3064
15.9066
16.44
17.7598
15.6145
16.6116
34.2845
16.3419
16.4284
16.9947
27.7784
30.4235
17.3956
16.7412
17.3156
17.2229
15.5206
17.1277
16.7555
33.7106
33.6999
25.7108
19.0675
16.8216
19.1102
25.26
24.2811
28.9862
16.8161
18.3017
15.2267
15.4296
22.281
19.9832
32.2368
20.2101
16.0012
16.0419
16.2902
15.1427
25.467
16.4858
20.1963
18.5963
17.5507
15.8482
16.2165
17.3263
27.8735
14.6341
16.3198
16.5933
23.1099
15.9966
17.5103
15.1584
16.2187
15.5657
15.1329
15.9752
16.761
26.101
16.4023
15.4041
25.622
15.6908
17.1015
15.9353
27.3847
15.8598
25.3548
15.3461
31.2559
16.8141
18.2353
28.1259
21.0713
21.4644
14.4622
15.6568
19.4191
16.5173
16.6461
16.7031
17.7121
17.8647
17.5015
16.8702
24.2383
33.186
22.3406
16.7509
16.0373
16.2748
15.5828
16.447
16.3283
16.3103
16.5183
29.8542
16.4492
16.933
16.4145
16.302
16.0273
18.5818
15.0431
15.6475
16.7664
16.8871
16.7328
20.0904
19.7453
15.7358
15.7128
26.3791
15.5635
27.5869
17.9356
18.4154
25.9075
16.4505
15.2739
16.3037
16.5352
15.8004
15.4837
16.2871
16.0376
15.7231
16.8946
16.1756
16.8356
16.083
16.6006
16.2251
15.5027
17.118
19.2104
15.7192
15.7509
28.9412
15.9504
16.4831
15.8817
21.4066
17.7625
16.1443
16.017
19.3912
15.6865
15.675
18.3298
20.3781
17.4464
24.152
17.4786
20.0097
16.5058
17.0035
16.1121
15.7405
16.047
16.0529
17.8388
15.4126
21.1404
29.8515
17.9359
15.9409
16.2758
17.1908
16.7566
17.5101
15.9516
16.9467
27.3842
16.002
21.4472
15.9401
17.8657
31.4584
26.7517
15.9474
28.4842
17.1973
17.1854
16.1116
22.954
31.4198
16.996
36.5215
24.9146
16.7874
32.8041
17.428
8.27834
15.9765
16.0041
6.64326
25.2388
17.2884
16.2696
15.9805
16.9299
26.9866
16.1351
16.1338
24.0329
15.2477
31.3735
15.3589
14.919
14.9439
15.4982
16.0052
16.7514
16.5105
16.6243
15.7331
4.77241
18.582
15.9391
5.81325
16.7628
15.6421
15.3953
16.9857
16.5712
22.7038
15.6482
17.1045
16.4273
16.166
15.9671
16.5297
22.6476
26.137
21.307
17.3174
17.266
16.5989
15.7634
22.153
14.7499
16.387
17.9529
15.0933
28.4699
16.6952
4.96298
16.1757
15.7724
29.9709
18.1537
18.8747
15.6871
15.4057
16.3925
17.1841
16.9917
28.0795
19.1897
19.9079
25.2995
17.5147
16.6558
16.1572
5.5699
16.8038
18.3836
15.6475
15.6309
15.5669
4.85965
24.6721
16.1003
24.2046
18.1101
17.2682
15.9267
4.56725
8.02953
8.43457
17.8437
16.1105
6.63089
15.9819
15.5037
31.8529
16.5157
27.2607
6.39349
15.9372
16.2186
5.72625
17.1992
15.4447
28.8647
28.3961
17.4144
23.674
18.8941
6.18744
16.0651
15.9541
21.3473
5.65088
29.221
8.24931
7.89626
20.8641
34.1628
18.5711
33.2805
17.1879
16.8505
5.92602
5.5489
6.02828
6.73779
5.90449
32.7314
8.31128
10.0934
9.71424
5.97256
10.0904
6.98055
5.11285
6.64633
5.68538
8.27047
31.5155
7.97707
17.7947
6.2381
10.0384
7.17991
7.7492
5.58876
8.86057
5.33758
7.91429
5.87418
8.78527
30.2943
26.5316
24.5053
18.3917
16.4125
17.4446
17.4572
19.4619
15.6306
17.0304
16.8609
17.0362
20.8496
34.5521
20.4395
25.0828
15.84
16.8536
33.0871
25.9922
17.675
16.311
6.11322
23.7952
15.4629
29.1552
18.1079
17.4946
15.6707
17.2066
16.4801
19.4663
18.7804
19.4606
16.698
23.5273
21.7374
6.54516
22.1736
7.60659
23.0658
16.0939
13.2294
7.20429
8.42368
11.2416
11.7197
18.15
8.93152
14.3244
5.84156
20.1594
9.3189
6.962
33.0377
6.83062
12.6239
8.83162
16.8265
10.9588
8.11851
6.84236
6.53616
6.85844
6.29643
8.1901
11.0323
9.48092
7.82598
7.53772
6.35598
5.74471
7.14657
18.2478
6.81329
10.5868
8.04251
9.94476
5.09382
7.27692
5.59937
7.21886
7.54647
6.28952
5.93343
5.27642
5.87317
7.25913
11.4803
8.83832
7.39586
24.3159
5.80105
7.3658
8.98873
11.6001
5.54414
8.55634
5.82096
10.1148
16.5224
12.7207
11.0144
6.1135
8.41925
8.93515
5.93655
37.033
7.53423
8.29248
12.4722
11.5549
9.156
7.50662
16.3738
7.25874
5.92725
8.75877
11.6243
7.67834
11.8941
7.22639
17.7849
6.12684
6.90296
7.74038
30.5002
5.70024
9.6396
18.4484
16.6565
16.2633
12.8305
9.63801
16.8598
6.06678
25.5765
5.59197
8.55658
20.9182
8.60609
6.40786
9.05574
28.361
5.69455
8.39269
30.4144
6.98256
21.0556
11.4975
10.6935
6.18816
7.59699
27.2334
29.2658
6.77649
24.6813
6.69203
11.7774
25.8374
7.70337
22.6481
7.22054
21.4359
7.26263
19.9992
8.0873
20.574
10.7722
25.7013
20.4777
5.21261
7.4038
30.4739
5.75063
11.6441
19.4363
17.6279
20.3041
21.8877
17.8569
24.7284
16.6842
35.7288
19.2596
17.1643
17.658
29.8169
28.4001
33.6543
29.557
17.383
16.3418
39.9574
30.2221
18.0526
16.5424
19.3676
5.80801
16.0358
5.5771
8.89255
33.356
5.07658
10.0659
7.28275
6.54036
7.86547
6.27379
6.30813
8.03619
5.95085
8.93709
8.30123
7.13335
6.64524
10.9312
21.1403
4.3479
7.12239
4.16074
4.85763
5.61357
19.4764
7.87446
5.52493
8.14017
7.03676
7.82558
15.2866
11.7633
6.82664
11.8115
9.65916
9.10454
5.70366
8.10227
11.709
5.66538
11.1615
5.16022
6.58458
20.8384
11.4187
9.31913
8.66884
12.5395
7.56038
12.6442
6.07352
8.74603
9.13432
7.055
13.2935
8.05875
5.13428
8.52311
24.2522
5.94595
9.08544
10.7905
7.28403
6.95587
5.25294
6.86579
15.95
6.37241
8.64255
7.46339
8.28591
12.6045
7.08434
13.1193
8.31585
9.45699
5.65638
7.56754
35.825
6.84487
12.1325
11.183
9.04229
7.30584
13.8925
6.94969
9.55301
5.9253
6.06721
6.34958
8.00842
7.77728
5.37856
6.12333
6.35138
7.32271
30.3277
6.81133
5.77664
6.04399
6.53571
6.65721
11.3698
4.87177
5.89343
5.92903
5.77799
5.68038
7.86703
9.38103
5.37557
21.488
9.40483
5.92959
12.0797
10.5683
7.49586
11.4698
5.41326
11.8494
11.1592
7.43252
7.21321
7.45293
5.18835
5.9545
9.00981
17.8276
5.87937
5.04504
4.68866
4.73962
4.87626
7.81777
5.75271
9.46301
7.99346
7.26677
9.3777
6.5178
8.80815
5.18879
8.79343
8.79927
7.1323
6.49864
5.30035
8.64003
8.53428
14.8401
6.33524
8.21873
9.20852
6.87197
6.97613
8.71633
9.13165
4.74456
11.2759
8.00827
17.7957
7.50843
10.9128
6.48375
7.9756
11.056
21.5398
5.57347
7.94767
10.2046
25.1521
16.326
7.49224
7.28395
17.9006
8.21732
8.09497
8.04738
11.1765
7.68591
17.2109
5.36895
6.10384
25.0495
20.4426
16.2525
16.003
19.2742
5.80001
16.7837
15.4313
16.4116
5.98497
31.7949
27.1616
5.68855
18.9552
16.3157
25.4908
10.8596
17.6423
5.72249
19.7217
16.18
9.83178
31.9117
7.6539
17.5064
6.57846
22.5873
8.8857
24.8816
7.80417
9.47762
11.644
11.5446
24.3983
5.53483
22.3491
6.20374
10.1031
6.70316
8.02923
27.5499
6.73226
9.00046
8.03552
8.87132
31.2069
7.21704
11.5994
6.69864
4.46893
8.48475
27.3072
7.1386
27.2334
6.14931
7.33549
8.81677
11.3137
5.8376
6.88852
9.04785
8.24023
12.9034
6.79969
24.5018
5.06346
6.06861
14.1636
11.0756
7.33514
5.61266
7.3887
9.77512
7.34614
6.0253
5.31573
7.46932
7.94938
10.7288
7.34778
8.04595
10.2799
23.9381
7.65631
7.82332
9.55078
21.6712
7.33659
12.1224
6.45323
6.71589
9.63591
21.9578
5.74251
5.8379
24.7319
6.86458
23.2936
13.7624
28.6804
17.0454
6.17214
5.65798
19.7675
6.02629
9.07431
11.6578
8.60295
6.7068
11.0027
11.3315
10.1664
12.5002
10.3507
22.1378
5.99925
5.79285
31.6307
35.1267
6.30719
13.2921
8.10383
18.4545
7.51933
17.0297
16.6477
10.8289
8.0443
30.3748
7.00588
18.2502
8.70529
7.6534
17.2
8.11216
6.34787
5.33168
28.3449
8.22483
12.1241
6.25427
8.30979
7.84748
5.71698
20.2249
7.46629
18.7955
7.13741
9.74634
12.423
11.9399
7.54274
17.8727
6.44257
9.40505
19.538
5.14302
20.9547
18.8674
7.03266
27.3569
22.2528
5.81904
7.71037
9.19507
19.0456
7.05019
7.44115
5.4633
20.2695
5.75357
11.5503
5.52801
5.78236
9.72027
5.92321
7.40726
7.04754
7.24225
5.08491
8.07304
11.1513
7.04685
11.7404
9.44089
28.9235
5.93933
8.62782
6.55541
10.5679
6.11545
10.6268
8.85752
5.2581
6.71806
4.97243
6.64089
5.79318
4.5133
9.94912
5.34257
12.2479
23.8959
6.06178
9.27854
6.34526
25.4544
7.06908
6.36835
8.89792
6.20721
9.38511
5.88869
28.2104
7.31173
6.72338
8.88522
8.96781
6.56328
16.6834
9.51209
6.27619
8.2635
21.1995
7.27445
23.953
16.6719
5.51492
5.20043
6.04932
27.4228
5.405
7.40026
10.9078
9.87938
6.29131
16.6806
7.29728
5.20723
29.1159
27.2067
7.01458
6.68547
17.0065
6.82147
5.89687
17.9783
12.0263
18.3027
6.33537
6.01892
35.7003
14.3438
7.32752
9.50834
32.007
5.5336
25.1826
18.4257
23.9979
16.377
18.2692
6.3552
16.4413
18.8216
6.48808
5.53746
13.4783
22.499
25.893
5.57986
33.3062
19.9228
5.42407
15.7579
22.2126
17.3429
17.0232
9.94899
18.2336
7.244
29.3758
8.61616
5.50754
20.8109
5.0763
20.7272
20.2299
8.3403
36.4131
10.9476
18.4337
9.9653
31.8192
18.2609
22.0135
29.831
15.9615
7.79977
17.2913
15.762
16.2576
26.2972
6.11949
7.12686
5.76924
9.50156
6.73112
10.44
24.592
5.37889
10.9477
4.97157
9.4399
7.97805
10.2158
6.61023
11.0677
9.03211
5.68554
28.3999
16.4854
6.83633
5.08678
7.2682
10.4559
7.23159
25.904
7.38323
5.82348
11.145
8.73149
5.39932
8.80622
25.2717
5.19236
9.4618
13.0877
10.6986
7.18824
8.47102
11.8864
7.92682
6.94366
12.1718
8.1523
17.7786
5.79038
6.12175
8.11466
6.5311
7.71849
10.0237
21.3341
5.3773
6.1136
10.0095
6.63092
9.28501
22.9507
5.78466
6.26903
8.41122
3.99939
18.5057
6.85987
7.1422
11.2299
5.6316
20.0844
12.1214
8.08979
6.72388
15.7427
11.4751
8.86428
9.10272
17.858
5.96439
9.34779
6.72099
7.52749
7.8734
13.0568
14.2479
7.59973
8.68482
7.48907
41.1737
11.2163
7.48342
10.5983
7.37826
9.65424
9.79754
8.49297
10.2882
5.44237
10.729
5.08444
10.357
6.75122
8.45646
10.6466
9.34364
9.35807
6.87562
6.3686
9.2592
7.54513
6.64179
23.635
5.60173
7.14637
7.53595
8.03255
12.262
7.57713
5.28729
8.2307
10.3367
4.98754
6.47836
7.11601
8.60794
5.99004
6.28163
5.84732
9.92761
9.43511
7.52415
8.21633
11.4921
6.75143
10.4905
11.4184
8.07381
6.13677
9.60494
5.63998
6.53761
5.90888
8.08205
10.655
11.0286
8.84978
5.68875
6.0098
9.45046
7.56407
7.91327
6.30159
5.90905
9.2544
5.81349
6.11719
6.12934
5.37329
5.77319
7.21443
18.1577
5.7562
7.15995
10.729
6.87241
6.43152
6.9671
29.9428
5.26175
7.18442
6.66655
8.07424
9.47863
8.15259
6.21273
7.8667
8.47657
8.97075
12.0844
24.46
5.69565
6.06847
30.4617
5.64131
12.4948
8.78478
11.357
7.3056
32.7969
5.82448
18.996
18.8593
6.11009
15.4303
18.2288
6.09204
20.914
7.58777
11.8941
11.1552
19.637
6.45783
5.94871
5.74321
11.6356
7.78219
15.8796
8.16134
25.4491
5.5865
17.9899
5.25277
19.1214
5.50657
6.39353
20.7561
8.4227
17.8698
15.925
16.2189
17.2416
6.64373
6.58684
7.01346
5.85268
10.7912
7.82743
24.9424
10.5781
6.09336
14.9765
8.87878
18.1827
6.47837
6.5646
8.92829
7.07052
3.85958
4.27123
5.8239
5.2021
5.0253
19.5377
4.94783
6.23853
5.03249
5.16023
6.49477
6.07423
7.15678
13.1824
19.1465
5.56439
6.01253
7.95021
5.24734
7.57427
6.41099
7.00948
5.33561
5.10304
19.3617
6.78859
9.20349
6.45579
5.56444
9.62997
4.81787
23.1242
8.59471
6.36003
9.26434
5.62077
10.9591
7.9522
5.03657
6.08948
7.469
6.07031
6.37903
9.5886
8.66141
12.6594
12.318
6.46982
27.2409
5.92315
5.60769
12.173
6.76441
12.1452
9.1317
8.62572
7.85453
11.6603
6.06015
8.7403
27.1007
31.431
7.59401
18.5084
5.26091
26.2987
7.78574
37.2866
7.28802
11.7333
6.82593
6.59743
6.51078
6.26782
17.0877
7.64976
6.09027
8.39498
25.8452
8.85972
8.89542
8.25585
9.23435
13.1004
10.0154
5.12583
7.51812
5.25015
22.2922
16.0861
6.22439
5.78329
12.0506
5.71852
24.9307
6.14884
5.63309
11.233
10.425
16.5419
5.92767
8.61578
6.13109
6.04769
7.96038
5.60185
8.91018
11.5221
8.34074
9.68662
10.0132
19.801
6.38305
7.33707
37.3067
5.71538
11.3422
7.013
11.15
8.88551
7.69143
6.40366
10.7072
16.8333
6.89974
7.99594
5.40666
8.51465
7.48028
9.4583
8.54424
8.44852
13.3616
7.83067
7.39149
6.17184
10.5179
8.08361
7.32002
7.40291
16.2034
9.66598
5.02504
7.09976
11.6775
8.85219
5.65421
5.88
7.31031
8.08813
6.88137
7.85618
20.3636
6.39592
5.46982
6.97328
9.68097
6.81981
5.1169
30.5524
7.82713
9.9992
8.67526
27.457
28.9983
8.88274
16.9922
12.0801
7.85141
8.8701
8.41416
23.748
8.42134
5.68118
6.65647
3.70311
4.40327
3.99875
5.03979
4.99012
20.4503
8.5673
8.42176
8.89081
6.33679
5.61108
11.7158
5.51487
5.01074
5.92786
4.72568
25.5074
7.008
6.40062
6.81016
8.00905
7.19795
28.6915
6.5518
6.38045
7.98588
33.522
7.22596
14.4069
6.57918
6.938
18.983
6.71571
6.54546
10.5592
26.1661
5.34332
25.5157
20.6449
19.4158
6.26276
11.4252
25.0547
5.68245
7.58132
31.5313
10.7749
7.42642
9.07069
21.3712
5.70719
9.52218
18.0726
6.67723
19.902
6.39614
8.88586
9.26631
13.7946
9.86967
5.85233
11.0121
17.5349
8.86715
5.89265
9.66827
5.5458
12.6448
9.23351
8.57102
4.5628
8.44678
10.1985
18.1601
6.70456
7.49883
9.00598
9.60352
4.99971
33.251
8.1873
9.72258
10.9661
6.41447
9.10822
5.33365
14.8845
8.05166
8.81305
7.83597
6.64943
8.27977
7.2058
22.3962
6.47363
8.76917
6.74319
10.6272
10.7165
12.5969
8.12051
8.95774
28.8176
9.30669
7.09947
7.47396
10.264
21.4773
6.07827
13.3222
11.2953
9.95496
10.8353
10.5753
6.01243
7.87561
8.4173
33.3345
10.1415
8.28656
41.2996
5.90951
5.90827
24.3704
6.99954
13.0502
30.3052
6.0685
19.519
5.28603
34.0393
7.63371
6.00206
37.7933
5.99035
33.7592
5.96056
21.2316
5.91189
5.83403
19.9894
5.57603
22.5451
17.5212
5.91226
24.791
7.39628
5.82725
30.3984
7.0899
30.9942
7.28935
33.3499
6.05683
19.3822
5.90481
5.69929
23.7992
6.14315
6.30698
32.0456
18.3137
11.6366
20.6473
16.9659
7.01208
35.5061
7.97827
18.0477
16.9954
7.14146
6.41418
10.2974
25.6687
4.92128
19.6335
16.4614
6.97096
5.09909
20.172
4.66613
17.2345
17.9728
5.30314
25.2262
5.69065
5.60011
32.175
10.0981
18.642
17.4187
17.6848
4.92243
6.72009
5.98468
9.37223
7.76448
10.9583
5.28236
7.59472
4.75335
5.7263
11.6273
6.79643
10.3148
7.23276
6.1241
5.36528
4.88549
5.27632
8.44375
18.1285
5.12896
4.63378
5.57459
6.009
8.4691
7.96202
8.08978
9.64295
6.18172
11.0974
5.53009
5.59527
10.4931
8.99606
6.68529
9.69742
6.64276
8.23792
28.0632
12.4978
10.5042
9.00807
8.08919
11.3052
9.95581
9.29297
21.4579
12.3023
6.74092
30.577
5.80245
9.38417
7.44571
5.55687
10.0457
11.1935
7.10685
5.65368
22.1299
8.04606
5.53506
6.49861
7.17874
7.97993
7.61951
9.35959
15.1187
9.08833
30.0581
12.2853
6.28057
7.23821
9.14197
6.50415
29.8627
7.01309
7.36824
9.05099
11.9535
6.99113
6.63297
6.07573
7.40641
8.45262
11.9985
6.05192
16.5773
14.1651
9.9651
8.07445
6.13101
7.09556
7.23926
6.52819
9.15202
4.96731
7.97299
12.0587
5.76784
6.81797
5.21625
9.60716
6.14272
10.3259
4.94151
6.42347
4.88374
5.61237
7.58789
7.63671
4.74653
17.8472
6.40697
6.14536
4.477
9.30169
7.38949
10.6801
6.7093
5.85043
8.57777
6.72621
8.9048
5.71054
8.24131
30.0801
4.84339
8.68526
5.61075
9.54002
6.03451
8.66917
9.0031
5.96826
8.13958
6.58924
5.18251
11.176
5.53507
11.4247
7.18698
6.4039
5.08611
8.90249
17.9147
6.64704
8.37833
6.28852
7.91452
5.80484
8.74389
10.0895
11.2468
9.20999
6.58827
8.57097
10.4332
6.78819
6.4812
8.72224
8.18567
9.07257
15.3451
11.1232
8.84792
6.51395
24.8747
9.43982
6.68705
6.69655
13.9964
11.5564
21.0113
5.97152
8.23948
7.38856
8.71752
7.21432
7.75136
7.99097
10.6403
11.4264
6.99627
5.62258
5.8114
8.3897
7.19381
7.34615
6.08784
7.04257
16.2316
6.50244
13.3799
5.52079
19.2066
7.16138
10.9948
19.6028
7.46009
7.35921
5.65718
6.72424
18.6744
7.36772
6.322
5.75661
32.6681
6.99208
10.7279
19.2998
6.32923
9.1057
37.8223
8.33769
12.5564
22.9609
6.262
9.73889
5.36176
10.7719
6.34767
22.0364
13.1215
5.87086
6.55363
6.94361
9.02386
24.7892
5.58742
10.2902
9.72234
6.52289
9.22887
6.0412
10.3665
8.26384
5.58882
5.5715
6.79444
6.42231
13.5811
8.67469
39.6662
5.83495
7.93361
12.7729
6.66188
8.54889
16.0403
7.02189
8.67739
9.7643
4.79668
5.43299
8.05983
7.92573
10.2791
9.07864
6.59765
11.0435
5.20392
8.23342
10.5664
7.10529
7.4288
12.4705
10.5116
7.45193
5.2914
7.62192
9.30472
4.56246
9.32536
8.33131
9.08989
12.0326
7.43523
9.02023
8.09323
38.4358
13.0109
7.95571
8.72821
12.2498
7.56852
8.34056
20.7206
5.3824
10.4435
10.8857
10.9374
6.67233
8.79341
20.3236
6.87661
7.93367
4.09357
4.98225
24.3511
6.94567
10.5701
7.56984
16.3439
12.0426
7.15976
8.11303
9.42012
8.94206
31.5886
7.33688
8.71193
13.3678
22.8385
8.90644
9.17744
13.1412
28.5773
8.79484
8.38379
18.11
8.41876
6.0891
18.1465
7.90323
6.43857
7.96806
13.0653
7.80822
8.19683
37.3086
8.62596
13.7594
35.5249
6.97073
6.46442
24.057
5.8492
20.1435
9.1328
6.98632
26.0293
13.876
8.84713
31.8689
7.13035
9.20337
9.56551
8.09841
7.81348
30.7465
7.32387
7.06428
10.6938
13.3909
6.95746
11.6701
25.26
8.0539
12.6139
7.80551
11.6273
11.6486
9.63724
9.23931
7.04887
27.6724
6.38679
6.32496
8.68317
4.93524
11.876
5.80935
6.90561
32.7222
7.81281
5.41915
8.56529
8.26625
7.38799
8.75386
8.41604
8.34792
11.0172
6.39152
8.45723
10.5148
12.1552
7.461
7.10226
7.8702
5.21793
6.34443
5.57021
9.31551
7.77675
28.4731
6.63012
9.06947
7.19381
8.89076
8.88506
9.27943
9.44698
34.0745
6.62569
12.8762
29.7251
7.30703
6.64391
7.17721
10.686
6.53738
12.0303
7.64558
6.40471
22.5196
6.72748
18.634
5.5357
22.6129
7.41517
8.13865
38.6232
6.20232
6.54193
34.9509
11.7431
8.68209
29.7213
8.61333
5.43498
7.59647
21.3715
7.07039
5.54174
29.7498
5.89576
5.50789
19.7913
8.19227
19.8652
4.84846
22.6327
7.98329
8.86726
23.4141
17.2422
8.67357
17.7015
6.41622
35.4257
19.7199
5.31787
8.84028
23.4202
19.4413
16.875
34.1087
7.36917
24.7692
18.3824
6.81629
32.8736
6.7324
8.44628
5.40756
24.5496
12.3261
13.9912
8.0091
10.7456
8.16298
27.6914
6.10944
4.36097
3.96476
18.3938
4.50306
6.56329
7.2045
6.08675
26.4031
5.59019
9.20775
5.28761
11.2562
7.14768
10.2893
5.99555
31.8012
8.64869
9.19567
10.9214
10.7359
5.41837
8.04792
8.42399
11.3379
9.9752
6.89903
7.92271
11.3842
17.7326
6.5553
6.84801
8.56448
11.9697
6.98036
8.46708
6.00942
6.15473
7.3429
6.48614
7.32866
8.38491
10.0613
14.6603
5.83727
6.46705
9.45611
6.57112
12.3496
7.08103
7.30228
11.6347
33.0543
7.37708
6.44885
5.29174
6.17642
11.1004
7.00181
8.71881
25.5158
7.95502
9.9604
26.1681
6.79032
18.8984
6.8007
6.13493
9.07897
12.8051
16.8019
9.08519
12.5137
6.28051
8.07046
7.88333
5.90538
23.7645
5.12305
7.3826
24.9792
17.2296
6.44658
8.19526
5.73857
8.16921
7.24764
21.458
5.61353
7.10333
6.58031
8.36565
10.8083
8.04672
10.3623
7.74718
8.09472
22.7369
7.12144
6.92702
7.56918
7.89703
11.254
8.92209
10.7567
6.76625
9.07536
7.43347
7.25175
7.0111
25.2414
6.12138
8.86677
8.42953
6.66018
6.41151
7.49967
7.49375
10.4932
8.42033
8.57888
8.08763
10.6727
18.5853
6.26944
7.70172
6.78126
6.7027
6.34805
5.18191
10.0342
8.33296
8.15307
8.37625
6.02043
7.6352
7.00399
6.17438
5.12001
6.77019
7.32232
4.66871
4.6288
5.22923
6.60558
7.37216
7.00534
7.85597
9.87167
6.17912
9.37471
5.42959
9.6712
5.17017
5.5456
8.43129
32.6241
8.73906
9.41411
12.5412
6.41164
9.32079
6.68805
6.31922
7.43641
7.51398
7.00824
6.71234
6.31201
4.97555
9.87752
7.77819
41.9522
11.658
6.66136
11.5005
6.34541
8.72765
11.5009
7.64866
6.76222
6.63801
5.67707
3.90176
5.59812
5.80182
32.9871
9.45402
6.28601
10.0814
9.26038
5.54983
8.01126
12.6569
6.55231
6.206
16.957
5.1129
6.23227
5.25916
34.8686
7.37219
12.341
11.2976
7.15861
28.482
9.84053
6.32111
5.80689
10.1922
28.6428
7.03955
8.34558
7.20033
10.197
6.97644
6.50741
8.16084
13.6511
27.1528
10.0123
7.78309
25.354
5.0468
10.4401
7.167
6.28541
5.70662
9.16128
10.7937
5.89281
24.2285
7.83013
17.027
4.95745
6.52755
19.1201
10.1671
8.12331
5.79476
8.94557
9.88867
5.49448
28.1515
5.37872
8.96444
18.8838
7.64579
8.48209
31.7761
10.9716
10.3343
6.29086
7.84364
6.18618
6.52521
12.5155
11.7158
9.46103
5.2595
6.05142
5.76872
33.194
5.56205
6.11945
9.83649
8.08376
5.67015
6.21082
8.54343
14.6743
12.5197
9.27653
6.07341
8.37616
5.69862
6.08561
5.06603
5.94462
7.23027
5.63139
5.77037
4.96518
6.15358
5.10287
5.44312
5.84031
6.92955
4.82023
5.63219
6.184
5.88639
7.80605
7.11225
8.83868
9.54034
7.47294
8.68359
5.66955
4.5943
7.52097
11.1502
10.4399
8.75937
6.32285
8.77007
7.7306
7.45295
8.25894
10.3985
11.2419
6.78233
9.55725
9.32325
4.72376
9.05892
19.0375
7.16013
7.85831
16.1781
11.2842
6.99386
12.6089
8.31282
11.5481
9.15974
10.3345
6.80568
9.55825
9.20545
7.68221
6.41197
6.80653
5.65459
8.33885
6.46826
6.11151
8.87627
8.42705
7.05255
5.77426
6.02268
6.02973
6.54854
8.42969
9.57976
6.3644
8.28378
6.78906
11.173
9.36131
6.67705
10.72
7.7903
7.36049
13.1877
11.2832
9.59512
8.23572
11.1
6.35347
8.11902
9.03892
6.77872
6.92938
6.99018
9.64549
5.08404
7.40607
5.64962
6.48198
9.04679
8.89437
22.0711
5.20149
6.83219
6.62798
6.94667
5.88543
21.138
5.46346
10.7057
8.69954
6.77995
9.79589
6.03835
7.59565
9.05393
18.7786
6.63615
11.278
5.30765
19.3395
8.50633
19.0127
5.25444
6.28753
6.51642
6.39264
7.99118
9.9905
8.13748
12.3592
6.41734
8.60726
18.6312
5.54153
8.10229
7.67383
38.0928
5.48182
12.7686
37.0267
6.43044
13.3573
5.56471
5.2271
7.82658
18.2999
6.90138
24.3704
9.46142
11.9699
9.93136
8.06026
7.27932
7.26512
8.01204
12.8347
9.46668
6.95588
8.22134
4.89425
22.5605
5.48617
14.0574
12.1142
12.21
8.19449
34.7222
5.90576
9.59034
25.0983
11.9168
11.0401
6.38444
28.2928
7.78139
8.87953
7.50889
8.74772
7.1628
19.0151
5.48326
5.8972
15.6667
8.747
12.3006
21.0731
8.55196
9.99656
7.13681
6.16691
20.9874
7.27872
11.5
5.90415
7.67464
7.5639
24.4422
7.69796
19.8366
5.73707
8.31998
9.16788
8.18651
7.94886
7.15351
25.8996
5.82935
6.36285
21.838
6.40382
6.89215
8.63472
6.8301
21.0984
6.62956
7.2939
11.4155
17.4309
7.04276
5.75591
7.65135
33.1537
5.61798
9.4299
11.5815
7.59637
6.2573
8.76108
5.37705
8.53696
25.7412
8.89399
9.42299
8.43358
7.60153
24.643
7.62774
5.06096
13.7685
9.58565
6.29177
8.36504
6.50649
5.68438
5.57788
6.96326
8.79182
6.24425
8.70661
8.05245
7.00477
9.33296
26.8591
5.55093
7.54833
7.70743
5.40697
7.79091
14.643
26.9644
7.00317
6.37322
34.3381
6.43882
12.0837
8.08508
21.0674
7.34023
7.58943
9.10069
8.42856
9.2194
6.23614
22.537
9.87525
6.99677
6.87262
16.5521
4.51319
5.52094
4.60794
6.29838
30.3848
6.41669
9.39821
7.56953
20.1389
7.8289
11.6127
9.28728
6.26676
5.58155
24.7183
7.90479
9.53062
17.06
8.01548
8.45232
7.33588
8.23567
5.45527
22.2936
5.22061
28.9
7.63023
29.6635
5.5578
17.6264
5.92981
17.4392
23.0241
7.09326
23.7408
17.0023
6.37736
8.42578
31.2911
7.25742
7.17751
6.19021
20.3646
21.5491
7.33366
8.41444
26.8478
27.7147
6.96063
20.8035
8.25943
8.96799
20.7585
23.8772
8.70836
6.3777
28.4331
10.6614
12.1732
34.3087
10.8237
26.0282
6.47854
18.4474
7.44926
9.55858
7.00914
8.61852
8.27306
16.4006
11.5585
11.2309
8.40209
8.4435
8.73559
10.4909
6.24717
6.47883
6.52864
12.3445
12.0598
6.49721
23.8388
9.41835
4.69814
10.513
8.33141
5.99241
6.64472
6.52353
5.95489
5.85349
19.5425
5.57493
6.11719
11.9555
5.69829
12.6977
7.78662
8.8084
31.6078
7.34185
6.5658
11.6972
15.9735
15.0582
5.96349
6.81324
8.87461
23.7968
8.41229
7.88638
11.2057
5.32362
30.7387
5.90586
17.3179
7.20229
6.13386
6.86038
4.83322
5.77377
5.80538
4.44614
4.81373
34.4602
9.40319
7.98614
6.62293
8.70893
5.99968
8.50777
6.33678
29.1141
6.40982
13.4123
27.9102
6.8405
19.1287
19.2086
18.9176
6.27301
26.5609
6.81254
6.06584
23.0581
5.88515
8.80218
10.3878
8.19263
19.1837
6.50653
6.54349
10.0141
8.59178
8.90465
11.2557
12.1833
6.90396
8.00966
20.3979
7.62258
5.23977
23.4988
5.38592
8.75855
9.92863
7.01062
11.7453
8.96501
10.5779
7.57662
9.25801
9.14802
19.3226
5.05266
4.52557
6.85347
5.80689
10.8089
6.73254
9.81431
19.1978
6.14423
11.119
5.44281
6.87523
7.85324
7.7844
22.7168
5.43935
11.9848
11.6003
10.8173
5.2865
8.436
8.05485
30.4156
7.23871
6.58875
7.60404
7.58459
8.62012
5.78962
6.44605
9.6888
6.76464
9.26945
8.02727
11.2673
29.5937
8.8363
6.12673
8.11892
5.50682
6.63216
10.8532
5.42905
29.2621
10.6233
7.32532
12.4281
10.2312
10.7045
19.7547
6.31152
7.6209
7.51454
8.86296
8.44555
7.93988
6.22397
10.0818
20.7217
6.1528
7.05535
7.95608
8.04686
9.29724
12.2915
27.5544
9.68603
7.94671
5.02233
7.94345
11.7811
19.763
5.83964
10.3467
11.6772
17.6005
5.64723
8.86911
9.21949
7.93701
12.5633
22.0508
7.38503
18.9912
6.28916
9.15798
18.153
7.15053
12.3052
9.07477
32.4157
6.84923
9.69949
5.76791
18.8435
6.16214
10.4081
5.62506
19.3641
13.6265
7.74243
22.9553
6.65355
19.1065
7.10879
20.6932
6.57834
10.6153
9.03819
18.6215
5.52846
8.28477
19.4221
11.7093
18.4129
5.90445
6.32347
6.26688
21.5345
7.29792
6.738
11.1835
7.63116
11.0801
22.7702
7.99479
14.4581
6.85451
6.38877
12.2221
8.21088
12.1641
17.1991
13.7148
8.84617
7.50119
11.0408
6.09037
5.99027
9.13425
8.05472
9.14538
6.42405
8.48879
12.7327
27.6924
8.82019
9.53863
7.48541
8.30952
9.04338
5.14531
7.82659
6.56385
30.5383
6.73217
24.369
6.24454
10.0802
8.44245
8.96914
13.3145
11.7564
31.7494
20.4495
6.94032
8.98068
8.82654
16.9416
11.7682
29.0747
6.67324
6.43856
28.5608
17.538
18.3489
5.81782
33.3246
7.87898
8.93728
12.2062
8.87643
32.1222
8.8858
18.3646
17.4222
30.8662
8.09227
5.7591
9.77414
23.5446
6.03047
32.1919
7.9279
7.79487
6.45984
26.9353
10.678
9.09549
7.30022
9.1022
12.2658
34.9218
9.98673
34.1936
20.1809
6.86846
9.51404
8.16234
30.4409
6.96079
37.7293
23.7791
39.994
8.01497
24.0166
7.32041
9.1452
30.3805
11.588
11.016
6.19431
11.295
18.5802
6.74711
6.43332
10.1322
8.70785
9.93714
18.645
16.481
8.19401
7.04656
9.25831
9.38524
10.854
19.7851
10.3105
8.17468
25.0468
8.14193
7.23409
14.5484
6.82658
9.17928
18.4474
7.46752
6.87301
5.87847
6.38053
6.71192
31.9716
7.71848
9.33377
13.469
7.24227
21.5632
7.63087
7.83706
6.28587
7.29143
6.37831
7.93696
8.60429
27.0697
12.1628
6.87786
11.4892
7.44567
6.65052
5.96426
36.0956
8.79868
10.5444
7.46178
6.77228
10.7005
19.3351
5.79055
5.96151
9
10.0937
6.5144
8.30823
6.99007
10.49
6.74943
7.18393
12.6952
11.6941
6.92847
9.67361
7.18202
7.77934
10.7674
7.4611
29.774
6.77782
8.62351
20.72
9.71874
9.32924
10.8457
11.1292
18.4507
12.2037
6.41544
10.2893
35.1005
10.5789
9.66115
12.0308
22.8982
6.24701
7.30186
10.6465
9.31785
20.3235
6.21444
8.32026
10.1388
6.51642
23.6144
7.20781
13.0747
28.3528
5.48232
6.62229
22.1353
8.14841
6.43919
18.7791
11.8626
7.90616
6.96054
7.11899
29.4798
13.5783
38.6992
7.28694
8.36307
29.4295
6.8748
25.6868
5.69369
21.0175
16.3568
5.7207
23.5039
18.2573
17.3762
18.5219
17.2729
18.8729
17.9166
18.8718
26.5135
24.5702
7.02798
24.8029
19.1724
9.17189
7.53637
31.6265
24.5788
9.44629
20.4908
6.02897
11.6467
37.159
9.68653
27.1403
10.8694
13.0195
30.6108
6.28271
10.5957
10.0107
7.11566
24.2476
6.57467
7.91491
20.6178
7.16901
6.33786
8.8845
22.9912
5.87136
9.04548
16.4524
8.32586
5.75196
11.8416
8.83885
20.823
6.67636
17.3381
5.77804
7.95776
10.3557
9.27815
16.067
8.38379
5.93235
7.95542
6.54701
6.28918
7.47169
23.4582
5.45767
5.94101
7.31733
6.00457
6.94249
16.7952
7.37934
6.49978
24.5514
6.5522
10.8715
8.44362
5.96009
12.7206
7.80625
6.89749
7.7933
8.27766
8.03136
7.372
31.5664
6.45295
14.5102
8.09716
9.73731
11.7295
7.4863
8.56184
12.2104
12.0555
7.50987
8.86594
7.71791
6.76708
6.94171
6.88244
20.6716
6.21138
6.03299
9.59417
14.3546
9.16222
5.73048
8.0367
6.03602
6.20867
7.76549
7.31509
7.09755
5.89657
8.51116
23.5937
6.4486
11.4084
10.188
11.5937
22.7083
9.15371
5.74367
8.25668
11.7595
7.55588
7.29727
8.50859
12.5254
9.76669
5.48563
21.7604
6.20189
6.63767
5.99414
11.9325
9.22763
11.1946
11.4022
8.51275
6.3777
10.0909
5.46776
10.0426
9.10088
8.30611
7.87808
30.8684
7.37263
7.56548
6.55176
12.174
7.32753
9.11403
6.09913
11.9515
9.96992
7.06207
7.93737
7.51984
9.3523
5.59792
8.99891
5.3698
6.07639
8.99219
8.98103
6.40847
9.11871
6.78586
5.83683
6.01409
6.36349
6.89464
10.0147
8.10612
4.13789
4.04161
5.1114
8.10195
4.3852
4.41283
10.7858
3.87524
35.1485
5.23231
9.02811
8.56734
6.99015
7.04009
7.79556
11.4634
10.09
12.779
7.19807
7.52085
26.1474
5.43027
8.47572
8.17079
11.7882
7.29685
6.78465
11.7731
11.1295
6.13016
25.0101
7.48571
11.3549
11.2849
7.57293
7.16301
5.4071
10.3409
8.419
7.89967
7.29408
21.8256
7.97453
5.05699
7.47145
7.92413
11.6387
21.713
5.02213
9.49282
9.76046
6.1803
7.89358
39.9202
6.83412
9.11365
18.0383
6.78156
6.59844
28.7381
8.38239
8.67283
6.69601
31.2936
6.76363
12.4126
9.28939
8.41729
23.4809
6.77431
28.0711
8.32144
11.5023
5.60879
6.31383
26.0163
6.93699
21.4191
6.31578
8.6522
8.67077
8.50298
6.40369
10.6011
7.13389
6.97164
8.00006
27.9808
14.8944
6.57881
9.88491
18.8567
10.5213
16.9653
11.109
29.979
7.15416
5.95787
9.83802
19.96
7.5584
8.44132
6.98681
7.00889
17.86
6.52001
30.7671
9.93219
34.1415
8.96945
13.223
5.85373
27.2443
5.85539
32.9385
7.95383
19.8947
12.096
8.28465
19.9463
18.3155
18.1407
5.93351
27.0677
6.25092
12.0095
21.3317
8.11904
12.0068
22.2929
9.39209
27.5349
17.3191
6.60477
20.7963
7.91086
9.02039
28.7143
16.9524
6.24182
21.6524
11.2084
26.0081
31.2554
16.9056
17.8934
21.8611
17.6029
17.6704
18.4587
16.7043
18.438
16.4546
22.8409
17.2003
16.1084
5.9874
13.8199
8.66794
19.4025
4.97213
17.934
17.4344
28.5433
16.5069
34.4999
29.7925
16.9933
39.2719
26.0844
21.2084
16.6266
26.0744
20.0206
18.2922
17.797
17.1344
18.9811
18.5404
16.5945
18.511
15.5911
17.4437
37.3832
30.4874
17.0082
32.373
17.1447
18.4017
15.8708
32.8528
19.2581
16.7391
32.598
29.2373
19.2226