34.5773
23.1585
15.7252
17.1357
15.1512
16.8096
19.9827
21.0457
16.2889
23.5393
22.2674
16.5742
29.6467
17.2045
23.1098
28.8691
16.3905
37.3595
17.9023
17.5269
27.3555
18.9278
16.7284
31.4927
17.344
16.9753
17.4106
15.7334
15.38
29.7897
29.9306
20.7585
15.9444
16.2354
16.0028
16.5369
17.8808
16.4117
15.2133
28.7306
17.7743
19.7527
21.8176
20.1921
23.6576
16.3589
17.3614
16.488
25.1947
15.6944
24.843
14.8007
15.9686
19.3457
15.2817
16.3291
22.0486
16.6883
25.6261
19.3627
15.4304
21.5286
17.9272
29.1363
33.4603
17.8861
30.2159
17.4253
30.6001
18.6192
16.2476
16.3749
18.0997
16.9434
16.9226
20.8842
17.0432
26.1645
21.953
19.0593
16.424
15.5948
21.2148
34.1205
17.536
16.9153
23.4192
5.314
5.59115
5.2498
6.28954
18.4451
5.64726
18.3089
4.75916
7.45236
4.67957
9.85602
6.54704
6.39021
5.93484
27.5247
17.4257
16.3484
25.1773
17.008
16.8729
20.9836
18.0049
22.7959
15.7109
17.8114
16.3172
16.9961
17.5785
15.8548
21.0005
16.6073
16.2095
17.2312
18.5562
16.2921
16.8577
16.7833
16.7596
27.347
15.8066
15.9155
16.2007
31.916
23.6655
16.7659
31.8884
17.0742
16.5798
18.1639
17.3147
16.4855
25.8767
15.4063
15.6269
16.3798
15.3722
16.1978
16.4264
22.7241
16.7955
16.772
16.9785
16.8077
15.0089
17.4882
22.7031
15.4124
34.4636
17.6621
16.422
14.6759
16.0422
15.4101
16.9684
15.618
16.391
15.913
15.1025
34.0229
19.9322
15.5487
19.4056
15.5254
17.3343
15.9465
15.9805
15.9392
16.3903
31.9233
20.652
15.5744
31.5742
24.9814
18.3968
16.6604
20.3279
17.4064
15.7514
24.0787
16.1883
18.5479
15.3905
25.0324
15.339
16.1
15.1587
39.7217
18.244
25.3883
30.9711
31.3449
21.438
16.8562
15.1676
16.4546
15.9984
15.6892
18.2287
29.7761
17.5199
15.6797
16.0333
15.3313
16.4781
23.0412
14.5652
16.4983
15.8378
16.9444
15.9679
15.0843
15.3619
14.7256
30.3368
16.3435
31.771
16.6985
19.2896
17.2719
16.0374
22.5561
19.7937
35.0262
17.3279
15.9163
15.9318
15.9589
15.5244
15.865
16.3319
15.3755
16.3696
15.2158
16.2753
15.3101
17.8165
14.8849
16.3673
16.2352
15.9585
16.6049
14.6194
15.9676
16.0073
37.5444
17.2689
15.8572
18.2221
19.1629
29.9494
18.8433
15.6977
16.3633
15.4656
15.3332
15.4494
29.4713
17.7311
17.0664
15.8011
15.5533
15.5897
25.1073
19.1215
15.6908
15.2298
32.1993
18.0277
16.0415
18.0721
16.3603
24.474
15.5097
26.8639
29.5351
21.0863
15.8401
17.0851
26.3696
28.6424
16.5253
16.9427
18.1657
15.8001
15.4596
18.4286
16.9756
16.2297
21.9928
16.517
18.9865
15.7945
18.63
15.9743
16.9338
24.3409
21.5029
16.9889
16.7548
18.8304
16.1674
16.9575
16.5067
15.7061
17.0977
18.1623
30.8524
17.7343
36.3543
19.5781
32.2816
30.4885
21.523
28.9499
19.1974
16.1091
35.1816
23.1362
18.0971
17.3554
27.5088
15.8156
32.2946
19.9848
16.2818
19.2741
18.5636
16.992
16.9011
16.4027
20.661
18.0845
24.2341
17.3411
16.8372
16.8941
16.4673
17.9379
17.0942
16.2237
17.0488
16.4157
23.0122
23.5397
18.0134
17.5546
17.0415
17.6731
18.0847
17.2793
16.5017
16.6742
18.613
19.8266
15.6712
16.5428
15.9463
17.5716
26.632
17.0889
19.1869
27.5324
16.6891
27.4886
17.8378
22.6985
16.8864
34.0498
21.4424
16.6312
18.0513
17.1717
23.6332
17.4866
16.8796
16.8708
18.0305
17.7809
16.7696
17.4387
16.4288
16.1049
18.1131
19.1813
17.8735
17.2868
32.0484
16.9465
16.764
28.7297
17.5368
20.2532
17.0413
16.443
16.9371
15.3975
16.6769
16.7162
17.5187
18.6046
17.3879
17.7857
16.756
20.0272
17.7765
17.0796
17.2323
17.4967
21.6631
16.9365
25.2284
25.4113
25.2618
18.8396
16.8567
17.4428
16.9517
16.2946
17.8763
26.3673
16.2063
19.5861
18.5702
16.5439
16.0245
18.223
19.8003
18.2546
17.0972
17.1513
21.6301
37.827
37.9421
30.0025
18.6362
16.9422
16.5996
17.2608
16.0101
17.7999
18.5721
16.0878
18.3562
16.3957
17.1751
16.0008
15.3473
16.7991
18.5732
15.4788
21.9705
20.5146
25.0739
17.1885
28.6728
26.332
18.9127
17.5261
23.0117
24.1777
16.9523
16.9719
17.2864
16.2559
16.8776
17.145
17.3581
23.9115
16.9091
17.3614
18.4013
17.117
18.1085
21.1951
18.5101
21.2752
16.6837
21.7931
20.4366
16.4808
30.1968
25.617
21.2167
18.317
17.3358
17.0335
18.2692
21.6698
16.6476
19.9253
21.0828
28.5825
16.9748
17.4321
18.9579
33.2958
17.7314
33.8046
18.8807
27.6404
16.9107
17.2428
28.8254
16.8877
17.8947
36.685
19.5114
17.9761
38.8544
27.2519
19.2624
17.25
16.7751
16.9313
25.0926
38.9573
20.2235
19.4889
16.966
18.6781
17.8842
16.7399
22.8808
34.5351
20.5143
17.2158
16.6736
17.6442
16.5127
16.9462
25.1028
16.6562
24.1631
30.1689
15.9755
19.5931
17.4555
29.7255
20.7703
16.9842
38.0748
20.6084
25.4298
17.7071
16.3178
16.9634
15.713
16.5075
17.2383
16.7422
16.552
16.2057
16.3394
26.1628
19.0435
21.428
16.8229
30.2326
21.9768
28.9063
16.1575
16.1028
30.8178
16.8112
19.3856
15.2885
16.0586
16.1657
15.6514
21.3625
19.4749
16.2008
33.3986
20.3775
29.7092
16.3835
16.0677
16.5757
16.177
30.8479
16.8713
17.872
16.4218
23.5165
15.8181
17.8745
20.8914
15.9179
18.9456
24.195
16.2798
16.6853
17.805
15.4247
33.1697
18.7126
17.6398
17.9761
18.4292
17.2293
15.4663
20.8899
22.5583
21.3968
18.0968
24.6141
16.109
16.8277
16.4391
18.6494
18.5497
16.2903
16.3014
25.1681
16.5843
15.62
29.537
17.8299
15.0497
23.3968
25.1402
16.8292
21.4204
16.8111
20.3049
16.3045
17.7252
17.146
15.8037
23.3941
16.8482
16.3141
15.6737
16.5215
23.3735
17.3239
16.5365
16.1264
17.049
16.4235
17.1207
16.513
19.1524
15.9497
18.2301
20.7844
17.1142
15.5022
13.6289
17.3149
14.7077
26.1289
25.1313
15.7408
30.1411
16.198
18.1502
15.4179
18.6862
25.9373
16.5774
37.6733
18.9901
28.6395
19.1218
16.3904
16.5656
18.5508
16.0069
16.9869
16.6735
21.3286
16.4364
16.69
16.6882
15.9833
19.1066
15.5531
16.4708
16.8192
16.771
36.0147
20.8418
17.0884
32.737
17.0632
17.7815
23.254
16.6216
27.4082
16.9088
17.9654
16.4948
16.4577
16.7333
19.7899
15.888
17.7863
18.8598
6.61079
24.7073
16.6615
22.7383
17.7219
31.6014
12.7486
24.0354
16.8068
16.5897
5.03793
26.0502
25.9716
16.9419
17.2985
19.0937
18.7832
22.7718
23.1848
15.9691
27.1605
17.1938
22.7405
27.3467
16.906
16.0487
33.378
27.4671
25.4968
15.1299
23.1807
17.8268
17.7777
20.2183
7.69366
28.6736
27.0047
18.2468
16.5305
16.3456
17.7943
17.1074
15.6627
16.3033
14.9451
15.6529
17.0354
16.9478
16.0329
16.5229
5.80197
6.15422
24.8185
16.5221
16.0624
16.3241
15.2899
4.24512
4.53021
5.83991
7.09664
15.7021
15.3858
21.7631
16.4
17.2229
24.9471
15.224
12.6704
5.86835
5.69099
6.62258
6.39789
5.88229
10.5958
9.0852
7.12711
5.23738
5.08507
22.4587
8.09927
7.38209
9.46979
8.36544
5.71404
5.90012
10.4827
8.14323
22.5664
18.1691
15.2634
15.9787
16.5219
14.8799
17.1969
16.9483
7.06332
32.91
16.8075
17.0026
5.84421
29.6902
15.0925
17.7829
16.6788
16.072
15.1926
25.2572
16.9714
24.546
24.257
28.7366
18.4166
15.5572
16.5755
19.9736
22.164
16.5771
14.8668
15.6469
25.762
16.9809
17.4922
14.622
16.7821
16.1093
15.165
19.5249
15.6285
24.171
29.3325
30.0165
15.8377
18.3698
17.6203
15.4191
21.651
19.2513
19.1255
16.4073
17.1439
15.2959
18.265
17.0187
16.4032
14.996
17.6573
15.4601
24.6115
16.5775
15.456
16.675
17.4725
15.5744
28.8278
29.2296
15.9745
15.6663
16.003
16.352
16.0862
23.5458
14.7989
16.1485
15.7192
26.7146
15.8322
26.1925
19.1049
29.2144
16.7414
26.8747
15.9515
17.6701
14.9705
15.6313
31.8472
16.4434
17.8332
28.8004
15.6642
23.005
21.6896
15.2526
28.9679
33.2708
27.4213
18.0234
17.1629
14.8394
17.6652
15.5589
17.5389
36.78
23.0688
15.504
15.9683
15.1174
20.215
16.4904
16.3023
15.7651
25.5486
32.5941
17.9869
16.3556
28.8293
16.5434
25.313
16.4787
15.2232
18.2161
25.9433
15.8673
16.1048
31.2893
15.298
20.666
15.9957
15.3938
23.991
18.9168
17.3425
16.172
25.8015
16.9625
16.4876
22.5713
36.5883
21.983
17.0791
34.5044
18.6006
16.6672
15.3029
16.6971
18.5106
19.0084
29.221
23.6195
15.6231
22.2981
18.6557
16.2389
16.7357
16.9781
15.9606
33.9896
24.6619
15.6362
17.5608
19.3198
14.9394
16.0963
16.157
15.44
16.5854
18.3439
16.2096
5.30675
8.52181
32.8418
17.9314
5.06087
5.72309
7.46016
12.0791
9.65418
6.58718
8.44705
5.11493
5.95606
5.98696
7.32885
20.25
10.4946
6.36742
6.8946
6.20625
4.80312
17.9303
17.0168
16.8998
16.5994
5.11856
17.2803
5.84224
5.16771
6.92007
8.77525
7.03121
4.62373
5.42953
5.74975
3.78231
5.71048
7.32779
4.82362
5.01034
6.18966
5.15475
8.50716
7.81697
30.0604
6.55513
6.71586
8.35326
16.6606
5.53049
5.41398
9.42613
7.31342
7.4567
7.98626
7.01547
5.84194
4.71389
6.15193
5.61379
4.54744
6.10823
7.20712
5.40814
8.01062
5.47637
5.69017
5.96291
9.90058
22.4864
7.86212
5.19945
5.2053
6.8249
21.5821
15.3568
17.5551
17.0848
7.46275
7.32674
5.29719
16.429
15.7027
8.76928
8.27078
19.4454
5.13368
15.7572
16.2481
16.873
15.7524
15.58
4.84326
6.30675
8.78655
4.37651
23.6109
16.2448
5.76796
9.18136
10.6613
5.96776
20.6545
29.3142
35.9324
5.10535
19.0998
5.70217
4.25997
5.68641
4.21417
4.00467
4.71205
8.84367
5.7637
7.34868
6.66215
4.3254
7.86823
5.63357
7.04425
7.44818
6.01134
4.71072
5.4847
7.99341
8.05626
5.48495
10.7901
6.49542
8.94319
6.19923
10.1541
6.02567
5.41375
9.78489
5.85985
5.82038
6.08446
5.71602
4.88184
6.70209
7.18576
7.73384
8.81913
7.60191
7.45493
5.28807
4.30701
4.79823
4.02097
5.59551
5.00414
4.61908
5.38468
8.15958
6.42986
7.46254
6.25835
5.45643
5.93501
7.45335
8.22794
5.70779
6.09775
8.57775
7.8097
10.389
23.5944
9.36172
22.2055
7.66778
8.28632
5.07894
6.36713
4.54109
5.90088
9.65681
5.55423
23.1651
7.90075
4.66825
27.8542
5.18247
6.37764
5.32121
8.69645
5.40261
6.42003
6.49803
6.80085
6.21469
4.68589
10.0034
5.2995
4.56111
4.51323
5.05605
4.56523
4.76607
4.8742
6.62354
5.90902
5.35321
9.13142
7.33765
6.77694
7.99713
7.48204
7.27074
3.97942
4.43997
4.82651
6.21973
5.86827
5.75278
6.09659
5.15984
5.43479
3.44741
4.45817
4.21649
3.70483
7.60764
4.23899
3.80543
3.70126
5.80696
5.21106
4.00481
4.42283
5.10841
4.61538
5.07062
4.68798
5.95295
4.80034
7.10699
6.56995
4.44222
4.68452
4.32
4.28318
5.57293
5.97336
3.39261
10.394
8.09138
5.68799
5.19727
5.08929
5.16103
7.13248
6.36026
4.70192
4.22047
6.0583
4.65434
5.54045
6.15787
4.91544
5.05475
5.08213
4.79425
4.6959
5.55287
7.21698
7.89589
12.2951
8.67908
6.73422
5.60232
6.04763
6.96827
8.99832
7.27028
7.00898
12.2317
8.24107
12.1081
10.5794
5.29868
6.20939
5.88046
6.80331
5.87923
12.117
7.37814
7.62458
6.23498
6.17271
6.62384
5.11355
4.97074
9.85858
10.9404
5.89618
6.28502
5.48901
5.17083
6.52447
4.35884
4.92501
4.81563
4.55806
4.77982
7.33483
8.1888
9.02326
7.42881
6.97751
5.99934
5.18755
11.3504
6.65336
11.5474
5.01591
8.89679
6.3301
6.06731
5.33204
6.50916
7.0131
5.30724
6.29913
24.1474
21.2037
19.5972
28.3081
16.5476
17.0774
7.29719
5.17005
7.49715
12.004
6.61873
6.15899
10.9347
8.24908
8.69251
6.04401
4.73045
7.06207
6.0916
23.0857
17.4864
17.8635
16.1723
17.3397
15.9996
11.0106
6.00956
12.2485
5.93376
10.3891
24.0762
13.562
4.50778
6.79117
3.71112
15.1721
5.28958
6.262
22.2331
6.55193
9.06006
5.42551
40.9853
22.4678
16.0201
18.731
27.914
16.528
5.81332
12.2555
6.34684
7.30679
6.87776
5.56873
7.10435
7.93357
4.20296
4.90365
5.41311
6.76533
6.60907
17.7874
17.6266
24.033
5.51396
5.6691
17.9356
5.73996
22.8319
20.3988
18.4084
37.7764
26.9503
18.038
19.0856
18.8162
16.3449
17.8333
19.1642
18.3686
24.8498
16.4176
17.6019
18.8697
17.0171
25.3598
17.3947
15.7927
15.4143
16.5108
16.0306
16.4075
30.0415
31.8237
18.1264
27.858
19.22
15.1673
34.882
30.6453
16.9072
31.7082
15.1842
23.3612
16.4652
22.3113
15.3944
17.058
14.7345
25.674
15.5351
15.3666
14.8384
19.5895
15.6126
14.6862
16.4502
7.7002
7.33591
12.433
8.74932
15.8494
14.6142
18.8197
16.5883
15.1781
17.8516
14.7017
15.0264
16.5443
29.4576
15.9174
27.9231
15.1845
36.1521
18.1839
10.4943
8.50695
9.30358
6.02719
5.18154
5.31731
6.37452
7.24995
6.56344
11.7767
8.00734
12.0239
9.57705
7.90526
8.03394
8.34854
28.5544
15.7816
11.315
23.626
14.9454
10.0816
6.15217
10.8966
19.9488
20.8002
8.99175
17.3058
5.33279
6.50455
27.2804
6.82891
9.33562
5.45586
5.4886
33.7099
6.16419
16.7515
15.1074
7.1221
21.311
14.2697
14.9807
16.0814
14.9748
15.917
17.7636
18.6831
14.4964
15.7063
14.9335
15.9228
16.9652
28.7255
24.8358
5.57163
26.5595
5.87956
19.3059
18.0611
15.3072
16.1536
31.2826
16.3526
16.8434
3.27002
15.4593
18.8999
25.4678
16.6011
34.925
20.4627
15.9311
31.7158
18.3791
15.7952
17.2987
5.78913
9.25346
5.49726
7.53434
6.62813
8.82854
16.1641
6.21752
6.27016
5.55152
8.45826
6.76882
9.40126
5.62125
6.11666
8.30778
9.67691
5.50104
11.2613
5.48467
9.73133
10.5783
8.49957
6.19605
5.8166
11.479
5.6932
20.8386
32.9374
6.77412
7.58178
7.89945
5.83493
5.48205
6.75888
9.92108
5.96455
6.0641
5.28357
4.78973
5.55469
5.14365
7.46039
9.6145
5.04988
6.58022
17.8303
4.73218
10.4846
6.96971
11.4052
30.0949
6.0134
7.2045
5.42158
21.155
6.65158
11.7339
7.50989
4.5904
5.34646
5.70643
23.1126
15.9082
16.8271
16.8207
16.7456
4.32034
21.5067
29.5785
17.9494
16.2908
6.40821
11.4452
24.5492
5.08441
8.79647
18.7842
24.5869
5.26276
12.1494
35.6417
6.24928
29.024
17.615
15.8919
18.0638
17.2272
15.6621
19.0738
16.4468
20.8851
19.498
15.0152
22.1968
24.7884
17.4182
25.609
25.5746
16.284
18.7552
17.0484
17.8866
24.5047
28.5916
25.0364
34.7028
30.2552
17.1329
16.5957
18.393
16.9174
19.6876
17.6706
18.3819
16.6242
18.098
17.4515
15.3019
15.6168
16.0062
18.187
16.3508
31.6771
16.2627
17.9548
16.437
16.8666
31.066
30.1013
24.5393
16.4722
20.3746
15.4676
15.6191
15.6358
17.1398
16.8922
15.1506
33.3304
16.3052
18.3599
25.7594
15.0209
16.8645
27.2791
23.1092
15.4205
14.8761
22.7993
24.4296
17.4822
16.11
16.2709
15.1021
18.659
14.5609
16.3918
15.6092
14.1642
31.5755
21.5279
19.6957
19.6802
17.3818
15.7022
26.4824
16.2717
14.3871
27.1428
17.1636
17.5501
14.2924
14.2595
17.4808
14.8661
17.0187
24.345
24.0069
25.9158
28.474
15.6172
17.8517
15.0601
23.1948
18.8314
32.78
18.1817
21.0489
28.6595
17.9996
29.8723
15.7963
15.5412
14.9993
35.1434
20.3409
16.2327
17.842
14.8628
23.7219
15.1642
15.5036
15.6379
19.6095
14.9343
15.6206
16.6275
14.6853
16.6053
16.3712
15.6895
27.3897
17.1663
15.0367
21.1592
16.1233
15.9569
15.2216
16.3225
28.4774
16.0634
15.5731
17.9933
15.3529
15.7539
14.3552
17.1538
22.4441
16.8767
16.6427
15.9426
28.6163
17.9779
36.459
20.3065
14.4111
15.3107
14.7751
19.1987
15.5748
18.6175
16.7209
16.1919
17.135
15.7603
17.1363
24.6099
19.4115
17.3296
19.9593
15.2362
16.8686
21.4374
16.6982
18.0966
15.5516
17.3893
21.9513
14.9595
15.5153
16.5466
33.3183
17.6176
18.2241
14.42
15.8325
28.8623
9.98015
28.3329
25.5952
7.8649
24.9589
15.9631
14.8599
16.3904
15.4289
21.8362
17.6972
15.3428
10.0783
19.3213
6.33734
7.53589
20.7506
15.3316
5.76031
19.2228
10.6913
7.19458
7.49218
7.5318
9.05392
16.0117
7.20905
6.51201
8.30724
7.46385
11.7721
5.95581
9.43999
6.36418
7.70757
6.1039
6.4164
12.2101
10.5047
6.37538
8.49071
12.4475
4.92686
9.50167
11.0982
8.16119
12.1506
5.32846
5.39247
8.01429
5.88933
4.89775
5.17734
5.74238
8.16728
6.57897
14.776
9.06774
5.93708
5.36207
6.92105
5.34337
9.98932
6.11003
5.90522
7.8685
4.86103
3.9455
3.81749
5.13845
15.9609
15.6769
6.00951
16.1549
14.6313
10.3631
12.1521
5.82344
5.44619
10.5716
6.14151
12.0166
9.48767
6.75987
10.1452
8.34025
10.2924
7.12557
7.52204
8.83783
7.26241
7.42204
5.75473
17.0489
8.82111
13.2882
7.94819
6.74455
5.92736
6.58955
20.8301
7.66343
6.62986
11.3711
8.55733
5.2306
6.56256
7.59499
7.89208
5.0327
7.5851
10.4812
24.6322
6.10301
9.65915
11.2926
7.38338
7.06189
9.80912
6.23279
6.95598
6.8915
7.44221
5.48918
8.04402
7.77337
7.10416
5.66905
6.65747
6.41837
5.21705
24.8064
6.75746
7.53264
7.70971
16.0015
8.29156
7.34204
10.1056
9.25221
18.8857
22.761
18.8989
7.35685
21.7407
15.3109
18.1839
13.7536
15.5862
14.0844
15.5119
16.3278
15.1754
21.3117
16.3027
17.2888
14.6053
14.8671
33.578
15.2112
20.6023
14.5029
25.8801
15.6248
14.1387
15.1674
14.6588
33.2135
16.1
27.0772
22.9475
14.4956
15.1622
14.8491
13.8409
15.1476
15.3771
23.9343
14.8753
20.0714
14.9972
18.3862
17.7367
6.54718
7.88393
11.6405
17.3361
8.26415
7.86363
23.8698
6.22448
8.94503
10.0661
15.3172
11.1786
8.42621
8.73673
26.1546
6.97387
8.2004
7.91654
27.3497
8.11782
18.8567
7.32605
9.0031
5.75423
21.3393
9.43202
15.0722
6.71678
24.1454
30.8374
14.0048
19.5455
10.8029
27.6137
17.7819
20.1806
20.405
32.9634
30.3867
27.0206
19.5061
39.2288
20.1972
19.4604
19.8651
21.2471
17.1029
19.8642
17.9932
20.7832
17.0937
15.7438
19.6173
17.9259
17.5872
19.2797
16.9311
21.6392
29.7314
17.2457
16.309
18.5852
31.455
25.2855
18.5913
18.4791
18.0779
19.3993
6.67215
18.9613
5.90973
7.10372
18.9659
6.69528
13.5958
6.9793
8.1234
6.41937
5.85036
8.41743
7.53563
6.03931
7.9953
5.61492
7.1438
7.81514
14.7261
7.22219
5.13896
8.02482
24.0937
6.30841
6.70573
5.47589
8.19583
7.96671
8.05433
6.1404
30.19
8.01754
5.60248
6.0746
8.15146
5.89193
5.8504
6.71572
10.2764
7.33265
6.15073
18.5077
5.66591
12.5287
13.8346
7.81885
6.94464
7.58193
5.39525
5.62766
6.77426
6.45099
8.66427
5.8785
6.31423
8.50644
9.49877
12.6934
12.361
7.61026
6.01393
5.77212
8.12563
7.02176
7.13688
8.09944
10.1694
6.49261
8.4913
8.38458
6.51722
8.40385
7.31645
5.7412
5.30263
10.4304
7.91252
6.75872
6.64915
6.06809
7.82956
5.65364
6.17871
8.35043
10.3657
5.9482
6.54612
8.60022
11.2857
5.74161
7.2978
5.90921
9.84991
8.35496
8.05158
6.68147
30.6414
6.69911
6.4091
5.78198
5.36056
9.03338
5.84197
6.16872
6.88453
10.3837
7.13821
10.5915
6.07519
5.98551
7.5236
6.4145
7.57346
6.48066
10.9433
8.06616
6.85139
10.4597
7.65003
6.42506
6.30695
4.78405
7.57557
5.81354
8.0555
8.63446
7.10727
10.31
6.84239
11.6095
7.5063
8.19695
12.5496
10.1646
9.46811
12.3516
7.49005
8.84066
8.0184
12.6462
7.59925
5.18196
8.27208
6.41371
8.40933
5.55243
7.36243
22.5524
6.22319
6.94876
11.8521
10.4679
12.3684
10.7533
5.44736
6.99533
8.63502
7.68049
12.4812
6.9275
8.01823
5.9006
10.5927
5.13727
4.02691
6.45245
6.56174
3.4742
6.47274
5.99966
11.875
10.7856
7.37949
7.86849
11.2837
7.35198
6.76514
9.06598
8.24583
13.7269
24.9261
6.33733
8.58229
26.102
6.28315
22.6271
7.71045
7.09089
7.29922
8.07693
20.8416
6.74591
5.87134
6.44941
5.55586
16.1805
5.74971
18.4535
6.77459
6.32406
6.67672
6.99341
5.26643
6.42263
7.71117
5.54673
10.0692
20.2101
7.29063
7.04125
4.47306
5.26632
7.47742
24.2137
9.17027
12.1095
8.33109
10.3892
10.3783
7.68963
11.2976
10.022
9.26856
29.1627
8.01058
7.32488
7.02995
17.5674
6.70002
9.6127
7.17152
6.33529
9.06252
6.55181
19.9399
6.53242
12.3682
7.47776
11.5736
20.1709
7.25719
11.2005
17.7414
11.2883
19.5185
9.02277
23.1805
18.4186
15.6519
19.4064
23.0367
23.7282
19.321
20.822
31.1142
17.5774
18.9704
18.4975
21.1342
17.1331
17.9825
19.0972
16.0036
18.8192
22.0543
16.9694
29.8526
29.213
16.8119
19.6719
26.56
21.2001
22.1366
17.2458
33.3365
21.9999
17.0139
18.3342
17.3932
19.1717
17.5095
18.1849
16.7671
18.6233
18.3425
18.639
19.9537
32.4339
15.6688
22.9955
16.3121
16.2147
16.9505
16.836
14.7948
16.4513
7.67652
5.71778
24.9495
14.884
17.9554
31.5622
18.6496
15.9559
18.3741
15.7313
21.1249
19.7883
16.2762
14.9685
6.94916
7.69342
4.71243
7.2585
8.57587
7.44106
8.89272
4.94175
24.7493
5.39225
5.18773
7.96644
7.5768
7.75189
7.29673
4.81556
20.2827
4.76518
5.14881
15.4525
16.3029
5.4247
15.6402
16.6668
5.74157
7.04771
34.3402
4.76796
29.6252
19.4776
3.15426
18.2927
5.50561
8.14504
11.1294
9.88867
6.34918
5.37376
6.69561
9.03048
5.57364
6.27
11.3591
8.63419
7.42932
5.97051
8.02829
6.41501
4.63816
8.0485
9.12457
11.8134
7.30279
7.83666
9.7472
5.92412
10.0984
4.95474
14.619
20.6029
5.05302
7.59238
6.54667
8.3633
6.73574
7.52806
5.78696
5.30608
4.45519
5.80834
5.06449
21.4076
4.79305
28.9206
6.37914
11.3218
4.99266
11.9171
6.81179
9.75726
6.13013
6.16517
9.65492
5.08114
7.82639
11.6299
5.01629
6.21365
6.84805
7.22798
4.44778
10.0528
9.43413
8.32702
11.8366
6.27943
10.835
26.5455
6.30071
6.41712
11.3341
6.92487
23.8817
5.32416
6.82115
7.28541
10.5854
10.8797
7.20033
11.2751
9.51204
6.18629
6.1737
7.21039
7.94334
7.3809
12.0324
6.46428
6.54295
7.50307
6.81662
6.46818
5.6391
6.86749
6.06504
7.02895
6.15276
9.30147
18.3289
4.90091
12.3144
6.55136
5.86858
7.05077
8.68774
5.05274
8.13019
7.51401
5.84875
4.94815
14.5645
14.8903
5.45672
9.05831
5.69846
7.98237
6.13137
8.60527
6.18147
6.12799
5.41916
5.4931
5.8874
24.0699
5.35733
8.25399
21.2364
18.3744
5.11599
7.9677
37.8327
36.2211
19.8678
15.2019
24.0159
20.1766
19.2377
16.5901
6.08753
18.4188
5.92802
9.04339
32.0553
9.42875
24.9298
18.1795
16.9386
6.51852
17.7215
16.3429
5.24028
27.4164
21.793
6.9567
8.62441
29.0001
7.02731
16.728
19.1429
15.7468
28.0125
28.6209
6.98116
28.4629
24.1103
16.5077
16.1385
17.4026
18.8108
16.4298
15.3651
24.6888
15.8189
22.414
17.7388
17.2378
22.0649
19.3912
15.7367
15.4852
16.2757
17.7383
22.8733
16.9441
20.2928
17.2239
20.351
18.0275
24.2582
16.9003
17.129
17.9394
16.8272
17.623
19.6073
16.5204
17.8261
16.6064
17.032
16.7382
16.6742
15.7123
16.5026
16.0738
18.2816
16.854
16.1117
15.1147
19.0718
14.5458
23.3474
16.8569
18.16
18.415
17.2581
16.2591
14.5023
23.4886
14.7838
15.3489
15.6928
15.6639
22.6184
23.6621
17.2208
17.4033
24.8168
14.3098
16.6488
25.8135
20.7784
14.6354
14.7564
14.7883
14.2063
22.984
14.1454
23.0586
19.3678
14.4214
21.4109
14.2489
16.8236
14.1186
16.6298
17.021
24.2429
16.2607
23.6626
14.5216
19.9338
14.1057
18.6182
19.6608
14.3003
31.8013
31.1395
28.5203
25.659
20.5862
15.4735
15.2633
15.1936
16.9657
13.5663
14.4524
15.4126
14.9643
14.0057
14.311
23.0783
15.4143
14.8152
14.8347
19.01
15.1674
28.1478
21.3995
15.0747
15.4007
20.5512
14.8239
20.6001
23.616
15.4421
14.8187
18.1098
17.0003
13.917
14.5491
16.103
14.9572
14.9842
15.3489
16.0883
16.3752
15.072
16.4803
16.6145
15.001
34.2467
17.5892
17.6305
15.106
16.7095
19.3424
18.4277
17.2242
15.4129
15.1341
17.2874
14.5746
14.9406
26.876
16.637
29.8279
21.3832
20.1982
26.0825
15.7073
16.2459
16.0401
17.5945
15.7964
31.042
16.1552
18.8359
16.4621
15.2058
30.5182
17.5574
17.0344
21.2069
17.1134
17.4081
16.8575
16.0395
14.7403
22.6918
16.154
16.6459
18.4679
14.7154
15.189
16.5304
6.7303
22.4716
19.4108
4.63478
16.6259
17.4473
4.85928
24.7184
15.9673
6.33848
21.4729
14.7853
5.64141
16.2991
5.53195
13.1761
10.2008
8.52127
9.41375
27.8631
6.29093
16.4129
10.7214
11.5612
7.9533
9.65732
21.7324
8.26282
17.5543
13.9082
11.2177
14.4065
6.34865
5.77445
18.6831
24.3979
6.52044
19.6648
15.9729
7.6504
27.8795
6.7308
6.39669
26.413
5.24473
6.67703
8.67323
6.30801
12.3985
6.59032
18.1362
8.50453
6.76798
7.11959
9.99038
11.8221
7.40786
8.66395
8.05139
11.507
6.41163
7.53018
8.51231
12.0177
13.8654
7.89163
6.18306
8.07834
29.387
7.49502
6.89798
8.12327
10.0492
9.7758
8.67114
11.3419
9.48687
6.23286
6.48476
6.89339
5.98635
8.11821
5.26682
6.58399
7.27353
7.3697
9.11742
6.79967
8.38972
7.21072
6.31839
5.93149
30.1245
7.95016
6.59573
5.80477
5.71296
8.98461
6.20401
8.87378
7.83702
8.65265
6.21206
9.54116
5.26007
8.81927
26.6793
7.20212
5.72527
6.50664
7.59142
9.50801
9.84407
5.30889
7.44055
5.13024
6.42891
4.71698
4.9538
28.5197
7.44992
6.18556
5.00835
7.73086
6.16955
7.35811
5.14027
10.2243
14.0348
6.66138
6.85582
13.2581
22.7687
6.808
8.26809
8.12284
7.59945
10.8081
7.27083
8.54557
16.2866
15.7035
26.863
16.0884
14.1045
15.8423
15.4783
14.0966
14.8581
15.9226
24.0911
16.9202
23.5502
18.3588
14.3524
13.8392
14.3453
14.345
14.9483
14.6615
14.7272
13.8862
17.5681
13.8387
14.6846
16.5154
19.7493
14.6927
15.5105
24.8704
17.9057
15.0451
19.4385
29.0181
16.8862
16.7089
15.4892
27.3472
20.5812
18.0406
15.1377
13.7585
13.6029
15.703
22.1397
5.23324
18.2004
18.9614
6.8328
6.77018
5.4598
7.12994
14.783
7.12963
5.921
11.355
6.26148
8.2064
16.2784
5.99767
8.95933
7.34822
20.2524
7.0109
9.50557
7.12396
17.7939
32.0401
18.3937
7.46403
19.5881
21.0749
22.6393
27.0812
18.3754
17.9542
17.9927
15.2316
18.5464
19.8878
17.1963
31.4697
19.431
18.5044
16.9902
16.9462
18.8299
23.5477
8.30005
30.7157
17.8356
23.7009
20.1899
16.6178
18.8742
19.1156
16.0285
16.9675
17.8717
18.7989
20.3847
17.8348
11.8354
29.2334
17.15
7.51554
18.7366
16.4486
20.7186
7.55112
12.0834
11.8003
5.44458
8.79142
17.1581
7.51916
7.1167
8.56446
7.07954
9.52084
6.55343
7.06971
6.97262
6.30885
5.04798
11.2101
6.43921
5.67921
10.0794
7.1177
5.87409
16.7418
6.218
8.50824
5.38627
5.28384
6.75445
5.60304
4.80112
8.51637
11.4925
5.26107
8.2878
10.5186
15.9284
6.88807
5.08538
9.22956
7.11142
12.5208
8.18736
9.1104
7.72072
5.19153
7.65194
9.56934
6.19725
6.99716
5.86754
9.12627
6.97541
8.27482
12.6166
5.39503
7.15329
6.33517
7.27035
7.51686
19.1615
7.51028
6.60289
7.4277
11.5339
6.0791
5.74465
12.8736
9.77974
8.673
7.94597
5.85899
7.31432
5.72219
8.66475
8.15246
12.3111
6.75192
7.47749
5.44883
5.95041
8.18764
6.22067
7.44792
5.54388
7.12397
8.92303
6.35478
7.22922
6.51623
6.84547
8.59342
8.76896
10.3817
12.0184
6.85419
5.80428
6.10908
11.7861
6.17215
8.95706
5.95197
7.23482
5.98663
5.81993
4.21109
5.95932
5.28102
18.1352
6.12848
6.87929
7.30627
11.4103
10.7155
10.8117
11.7354
12.5168
6.2693
15.9432
16.6032
7.91017
6.02817
11.9319
4.51757
8.96204
7.20174
5.65969
7.05329
7.61809
9.74411
19.6885
5.77019
4.68219
6.23989
11.8837
7.39704
6.87787
6.65727
18.4236
15.7984
6.05187
9.69394
8.28291
6.84739
11.6904
6.23275
8.29804
10.3626
7.68021
8.36201
7.61525
9.05864
18.3312
7.24283
6.24029
8.74327
5.66433
8.81654
7.41389
5.41361
12.9868
11.7274
7.27332
16.9617
9.98991
8.34401
11.3006
7.62843
7.00423
17.1122
5.77738
9.52653
5.17438
7.69117
30.0252
7.2146
5.91923
10.6968
9.73456
8.64916
8.18497
9.06431
5.92846
6.18213
22.6743
5.78348
28.0005
7.1587
11.3083
5.98985
16.9504
6.02799
6.4653
5.92774
6.50149
8.98679
9.73417
11.4562
6.05176
22.8734
5.75592
5.66199
10.1581
20.0933
13.9546
7.13341
6.57522
8.30745
4.17418
5.22011
5.91422
7.2046
7.24629
9.09206
28.5588
11.4249
20.7258
8.95224
7.10968
6.61733
19.6078
28.7344
19.1837
23.3536
6.96794
9.85434
24.9058
17.8791
24.4378
18.4271
21.1519
16.0796
16.5223
20.4916
17.2046
22.1977
19.8582
23.079
18.2944
17.5227
21.1362
18.3545
26.4953
27.3877
17.4188
19.8105
16.9483
15.8858
26.4163
16.8257
26.8292
17.7586
16.9386
32.5949
18.6367
17.1497
26.3614
17.6254
17.8877
28.8604
18.9348
16.7528
17.7755
17.4671
18.0815
20.0318
17.1968
17.245
17.3207
18.1998
16.8903
16.5226
17.1933
17.1325
18.2986
15.7549
17.1591
16.6151
18.0735
25.9336
30.9765
16.5193
17.6819
16.7972
16.2176
17.7256
16.1627
5.89525
5.44714
6.64996
16.6067
21.8435
5.1251
15.6832
16.6224
5.44046
6.7225
5.96959
8.13207
4.76584
23.5376
5.42939
6.39135
7.80708
6.62949
7.32434
7.35821
6.24081
7.88436
6.07
4.80746
6.97449
5.36981
8.22573
6.59009
6.09089
6.47762
6.16175
5.35478
7.68552
6.86307
7.10216
5.16242
5.4226
7.80246
13.985
6.70358
6.98659
8.78372
5.44659
5.30753
22.9109
5.26237
17.286
6.37773
9.3067
4.99217
6.72971
8.36094
10.664
18.3249
5.44928
5.76948
6.16608
23.5471
5.82688
7.26256
19.2523
5.04465
9.56332
6.55632
5.43229
5.83055
11.7211
10.9683
7.10244
7.78762
6.31209
17.4327
30.8483
17.245
16.253
15.8347
20.2532
15.1457
16.2374
15.899
21.9392
16.0698
16.3211
28.6658
20.3185
15.9534
15.3989
24.4033
18.2495
29.7898
27.8919
4.89259
6.21098
15.003
15.4287
6.21398
29.4977
16.3598
29.3985
23.904
23.7498
18.8733
17.3648
15.4167
13.8369
14.0656
20.7697
15.8953
15.4511
18.0546
14.7113
15.5982
18.0044
5.98631
6.85391
5.18557
10.9577
8.04448
10.8033
10.4994
7.17537
7.87649
11.5847
7.65431
5.28395
5.8565
5.94217
24.6987
15.4343
14.9005
5.74179
18.3025
5.12269
7.62077
5.02364
11.2613
8.18603
7.72659
5.4276
4.52534
6.35814
5.42197
6.96541
5.27211
5.45799
4.85356
4.61882
4.83511
5.01505
6.39036
5.71998
4.83755
10.2614
6.10875
7.90745
8.13323
6.2406
5.68201
4.86468
5.27969
7.06793
5.90143
17.4507
6.66892
4.99384
7.96937
5.89206
9.17479
6.15544
6.57487
4.90176
8.77885
5.28579
6.5336
4.77369
7.35446
21.9394
5.81857
29.9858
7.3334
10.8351
6.38402
12.1501
6.88414
6.89091
6.10322
6.39276
5.95707
5.53122
10.0882
5.72865
9.7578
6.35525
20.4664
5.28094
6.41743
7.91729
9.02608
5.74043
4.87808
10.8516
5.15739
7.47908
10.4878
10.5492
7.50025
15.3231
5.96951
10.6793
25.8779
4.98015
11.5527
11.4405
5.792
6.76576
7.06642
6.99055
7.51498
8.21557
9.78983
7.17243
8.91906
8.99562
9.79926
5.6633
5.60961
5.66789
6.80736
5.71091
10.7894
6.12049
5.74206
5.90963
7.46851
6.28031
8.19718
24.3003
5.54591
5.47134
8.16744
6.08334
16.3083
25.7178
6.24585
7.07051
6.15374
8.72781
7.86055
18.4041
8.7371
6.7015
17.9694
16.1718
5.42162
32.1616
6.11864
25.2039
18.1035
6.17292
19.5086
7.091
5.82018
9.66532
17.9907
6.22508
12.2368
8.60009
21.2847
7.72985
19.2723
6.55183
9.55912
24.6973
5.78534
9.8795
8.6475
10.1887
26.149
17.2243
17.2166
3.62155
15.8206
5.90803
21.5956
6.34429
7.65779
17.9207
10.9276
8.54418
8.62958
6.32622
9.44846
7.34049
24.3221
5.11272
11.9559
27.0771
6.7327
9.44072
28.7984
18.7309
7.68313
7.0888
6.73615
9.80083
8.33468
8.26802
26.7118
10.1968
5.49962
7.32999
28.7486
7.7479
18.7587
33.5899
7.03057
7.41859
9.79326
27.0511
6.91883
8.32503
6.71294
20.0793
18.7203
18.8459
16.9147
19.2104
20.8196
16.4174
19.1282
28.2807
17.9857
17.1059
17.1158
8.57011
26.2678
16.5387
17.3362
23.168
19.1323
31.9092
17.0958
33.5102
17.9932
19.38
17.3949
21.566
34.4222
32.1564
19.8914
18.6902
18.491
16.669
16.9639
18.7147
17.2753
19.6353
16.6922
22.2261
16.3353
17.2932
18.5117
16.8278
27.4324
18.3054
25.2328
18.0959
17.0929
17.128
16.0837
17.1361
15.6217
17.7966
16.3112
16.9069
18.1783
17.3689
15.8743
15.8948
15.4741
16.5926
14.6106
22.7145
15.9649
15.2282
18.7992
16.2965
15.3433
15.0155
15.6754
26.1479
16.0633
15.7909
14.9155
20.0953
16.2135
14.7382
16.7756
18.441
15.4249
17.1674
15.9414
14.6029
18.3732
16.073
13.7947
17.3464
14.4151
15.3193
14.4848
22.9878
15.0548
16.2808
16.6597
13.9233
16.0079
15.4038
17.1995
15.0543
16.4526
16.2565
16.4806
23.6806
22.0516
27.7522
17.61
14.8076
14.9872
15.1011
15.0455
15.4406
15.9144
15.3788
15.5775
37.4478
22.616
16.9937
23.4324
30.5869
16.4709
16.3977
15.0163
15.6948
28.9597
28.2288
38.7066
17.153
23.4653
15.392
18.0261
17.0394
16.1232
14.5782
14.5047
16.5445
19.3056
17.1999
15.5925
16.6667
13.8722
14.1582
14.6875
18.0806
16.1755
15.2564
19.5865
16.7056
16.7889
16.8578
20.145
16.5261
15.4061
25.7102
28.9446
20.8727
16.2586
16.2726
20.3293
15.7904
19.6669
14.7383
15.9409
15.8947
14.4192
18.7839
30.0141
25.4939
17.2098
16.3672
29.4519
16.8198
16.2794
16.2273
16.469
18.7518
14.8529
15.4135
16.1332
16.1758
28.6842
17.1147
20.8075
21.3675
28.1419
20.6134
21.3338
15.8609
21.8397
17.9372
19.072
14.7423
15.1937
15.2474
16.0564
16.2859
15.2655
21.1782
15.5839
15.4773
19.1101
15.629
15.3078
15.4118
14.5685
24.9632
15.3047
20.1081
14.4305
15.3756
16.9432
14.7716
15.253
15.8089
17.0894
15.3515
15.9681
15.2977
15.5376
15.0369
15.8982
15.6485
25.6611
16.0131
14.9099
15.2047
16.1625
16.2853
17.4304
21.8478
19.751
30.578
34.9203
18.3759
17.6009
16.9415
15.5702
21.8771
15.7766
16.8372
16.1659
15.7956
16.0517
19.3093
17.7712
15.7718
15.4246
17.1622
17.0035
16.721
21.6739
16.8686
22.1075
15.9742
16.6421
16.6004
15.4211
16.2789
16.7576
20.6871
18.4268
28.9463
27.7438
16.8051
17.655
15.9227
18.0845
15.7085
22.8028
16.6677
27.2029
32.6286
18.2024
23.8442
24.3127
15.7314
30.7997
17.2987
7.51445
24.656
6.34966
23.7636
16.8732
16.1204
22.994
23.1167
17.7098
8.78647
5.72267
19.9131
5.96137
19.6182
9.49229
5.81576
9.55393
8.29225
11.3473
11.3816
11.1316
4.93715
12.2779
11.8057
6.0971
6.22105
20.2838
4.82299
7.45322
7.73707
6.62259
8.41041
5.80443
13.184
5.02245
4.68934
6.57922
4.73272
3.19281
7.76681
4.68768
4.17012
4.29024
8.52709
5.262
7.61914
9.73778
20.0094
6.60919
8.09494
9.12746
7.13019
7.99211
8.44872
13.4409
8.14523
7.20881
6.27594
7.04703
8.60933
10.0154
5.75316
6.94381
16.8637
7.15623
6.19465
6.15042
4.92254
5.13093
16.8171
5.90901
5.90228
5.63147
7.99026
24.7823
7.9235
6.0062
6.1559
5.6423
7.10165
6.1316
16.4233
4.71999
7.93548
8.0374
7.14635
7.70318
5.5075
16.5649
5.20057
7.97969
6.48036
10.6267
19.6039
5.07128
8.69133
6.84681
8.2972
6.25837
5.17469
8.15282
7.73589
6.25142
7.61046
5.65241
8.20416
8.0967
9.17394
16.1641
5.49138
8.5903
8.07728
10.18
5.37903
11.7291
6.87196
8.78453
5.75792
7.91176
8.11101
37.809
6.29688
8.47404
11.411
7.77964
6.34964
5.61158
13.1865
7.10064
10.3395
7.22657
5.13232
7.79982
5.96063
4.96971
5.55248
6.62635
8.29508
7.45142
9.63741
5.77758
11.3408
6.11867
6.11591
6.22961
4.99351
5.43307
5.27743
5.67362
7.38401
9.61911
6.02478
27.0019
7.20057
6.76942
7.16026
5.40873
6.02315
8.39963
6.76126
8.07605
5.93421
11.9726
10.1665
20.995
8.21193
7.85879
8.49742
13.2743
10.2538
10.8646
9.37298
5.80445
5.52704
6.86982
7.82938
28.6558
7.75754
6.04664
11.1369
8.24595
6.56493
11.6138
5.88291
24.2525
13.0092
8.01651
10.1039
7.46626
18.3
6.31548
9.07483
5.91387
5.43349
7.05265
7.82178
5.7675
8.08665
6.41274
8.8638
8.36353
17.9359
5.57393
12.0355
6.70477
7.22865
6.2104
12.1176
19.46
5.70658
5.89389
9.40574
9.05841
16.6167
5.58329
6.01518
19.0924
6.01894
11.4304
6.80813
6.24856
7.30584
10.8096
10.9549
18.3661
8.43888
16.1713
7.82131
5.88453
7.11109
5.89349
6.7371
18.8008
7.14127
6.97459
8.25777
15.0096
15.2281
7.55378
6.90686
21.083
16.5542
18.4586
17.1704
6.62836
25.9534
17.0428
25.7855
16.7033
18.1708
16.55
22.3612
17.6027
16.5757
18.5066
26.2066
17.3105
29.3523
17.5067
17.5221
21.6476
23.8237
17.4513
17.6817
18.5772
18.9082
18.834
19.1329
17.7318
16.8863
23.8038
20.4135
17.1825
18.611
17.8027
17.9639
27.5418
21.4849
18.3847
20.633
17.7212
20.1074
18.6845
20.3696
17.887
18.664
19.1377
18.9769
18.7069
9.51782
17.4738
6.61723
7.54372
6.20963
20.8195
10.4021
7.913
12.8039
8.40376
10.4446
6.80345
5.55825
5.47379
6.11575
5.14527
7.31171
4.8788
6.28615
18.0686
6.08874
6.56702
10.4672
8.50186
9.007
6.73675
8.23303
8.34486
5.8092
9.77849
6.60599
8.44702
9.30659
5.4379
6.62045
5.41275
6.10284
6.39643
6.23587
4.43075
7.54087
7.72542
6.98041
11.0693
7.71853
8.06828
6.99357
8.15519
7.09975
6.75014
4.61063
7.47157
7.58236
26.2133
5.29559
6.62545
7.58198
8.15166
9.54203
20.6079
7.06188
7.45635
5.36723
5.63677
6.35344
6.20686
4.86496
9.59363
7.8164
5.8334
5.23087
6.05607
6.45089
9.82272
10.9011
6.3065
5.11711
6.54521
6.18273
7.03672
5.51963
5.1832
30.238
8.26474
9.25426
7.9632
6.34389
20.2646
5.11913
12.3696
6.83796
8.51412
27.0523
7.48702
7.87954
23.6412
6.44819
7.1148
5.82205
5.2719
6.87781
29.6665
7.38591
8.72524
8.6359
10.9527
9.81629
11.8157
7.05656
6.90728
6.47466
9.7747
7.71843
6.47124
4.41074
8.12664
5.51736
4.86894
5.35909
6.28208
8.07171
6.91438
21.7826
8.08523
12.6528
8.79467
7.51738
5.81524
22.3907
7.06368
9.11502
8.01614
8.1743
8.50374
6.89469
9.73296
7.21159
6.95064
8.32846
7.08777
7.03802
10.2214
19.3287
7.63865
7.06728
7.92749
14.2786
6.70872
7.68817
9.86341
10.5026
6.0381
17.2636
5.57339
10.5518
21.03
6.13685
10.5168
6.27133
9.93472
5.15456
18.6427
7.30015
8.49883
6.74538
5.94719
5.15177
19.0402
5.97951
9.13672
8.52638
6.10518
6.29557
7.3391
18.3617
5.72931
6.10802
8.9819
5.66897
28.0343
7.55472
9.85491
11.3558
19.0194
5.63913
8.97747
8.6768
16.586
7.31199
10.3413
10.4671
16.4311
18.0694
12.311
21.955
22.6013
18.1658
19.2062
18.6354
18.8227
22.9517
20.632
19.6177
21.2514
27.351
24.7975
21.9991
20.7434
20.4248
24.0136
19.6297
28.1857
20.0321
26.183
19.7341
37.175
30.9574
20.3487
21.4253
25.7301
19.1491
23.6297
20.7399
20.1144
22.3907
18.0921
21.444
18.5733
18.7756
19.0704
19.5587
22.391
19.1017
25.5998
17.7716
17.5706
32.9843
26.8783
32.0955
18.3542
20.6787
16.8677
17.4888
24.8087
17.6592
20.4759
17.4748
18.2692
22.507
23.1868
16.8805
18.0345
27.3938
6.721
9.28679
6.40027
7.94161
17.0149
5.16725
17.2633
26.0336
5.25391
33.9909
5.65142
17.1922
19.8559
5.39153
7.26078
9.97627
9.12906
4.57307
5.7537
6.95845
7.41362
10.4603
5.82897
6.36556
6.70926
11.2418
7.95236
17.6997
18.52
5.47004
19.2425
6.07696
8.30919
6.91498
7.32982
15.9572
10.1786
10.1286
3.47852
7.69897
19.4261
5.06851
7.21446
5.84661
5.49313
5.57548
7.45083
6.39439
5.1957
21.1222
9.88976
16.5394
5.54336
6.46683
6.0972
5.35613
8.32596
6.05531
21.6954
5.58409
19.1387
5.68758
7.96334
5.6499
5.95893
6.59661
5.71487
8.4894
6.5575
10.8209
30.4493
7.041
9.10162
32.9215
6.07627
22.1851
17.8222
5.56434
6.27188
8.56103
9.34751
6.14346
8.15051
7.97706
7.95716
5.38135
7.7477
11.3069
6.33455
8.31499
7.04997
10.2018
6.32378
19.1148
5.87223
6.89045
6.27664
8.1053
10.7073
7.91806
7.81443
5.56603
6.16581
5.93445
5.17938
7.82608
4.46479
5.58046
7.84368
10.9801
8.09228
7.41713
5.97437
6.31664
5.37273
5.0306
4.70169
5.70582
8.10123
5.90806
8.27666
8.35233
4.19339
10.598
5.74655
6.52403
7.87741
6.55725
5.83325
6.00982
7.74892
5.37924
5.25418
5.81027
7.44198
6.02921
6.84488
5.19785
6.46192
7.62891
6.53505
7.0844
5.95864
19.1762
8.0582
7.81724
5.11386
20.6067
5.47366
6.15825
7.88112
9.11692
5.33136
7.61886
7.25132
7.19726
6.56611
4.95413
10.2471
6.79092
7.02347
7.0263
7.6709
7.64447
6.76566
5.10702
8.08277
12.1213
7.27631
6.05687
7.39683
10.581
6.00233
24.6273
5.64191
5.16977
7.68068
8.05885
7.73116
7.72393
8.13316
10.1588
7.69078
6.91658
7.81167
6.70106
5.2505
6.46474
29.0469
6.61107
5.78179
5.43792
6.11562
5.54454
7.4612
10.1953
24.6958
6.0108
7.52794
5.9856
6.77372
5.95112
6.36096
12.7684
5.38019
5.35008
5.06138
7.4313
8.48345
17.8817
4.99649
7.49361
8.59585
6.36729
11.8067
10.5112
7.39875
19.4119
6.23312
7.75221
26.195
3.79218
4.57586
5.26562
23.9807
9.76403
8.87743
19.8075
17.3008
16.6011
18.0105
20.8523
16.832
16.7081
21.7692
18.3048
41.137
27.9
17.3858
18.901
20.046
16.2044
17.3888
17.9012
21.8741
16.9937
26.1868
18.9129
16.9247
18.1202
17.4767
17.7497
19.6523
18.5975
17.7659
30.6769
18.49
18.412
16.6421
16.7823
16.8391
17.2497
31.7607
21.2311
20.0748
17.8361
31.1297
17.1398
17.7411
17.4346
17.7694
19.3834
16.3037
22.4454
17.4567
15.0081
15.9605
14.9778
15.3641
15.1364
20.0395
14.9321
15.6149
15.3047
15.8914
18.6396
15.5923
15.9172
15.4806
15.5994
15.8182
15.8403
20.3626
16.5406
15.0898
26.848
15.9022
15.4471
14.0227
16.9386
15.5349
24.2469
27.0841
17.7872
15.3753
22.0304
16.2698
17.0808
28.4665
15.6329
18.6857
15.6462
15.7274
17.624
16.1302
15.1356
29.5851
24.3585
21.7837
15.9488
15.6931
18.3973
19.4153
15.3643
14.5032
13.9236
14.8868
15.2056
14.1458
15.6587
15.1847
14.5367
14.5908
14.2065
14.9245
15.7941
13.9046
14.5459
13.8069
14.2575
14.912
14.379
14.8052
15.7398
14.1406
17.0323
15.2392
15.7502
15.7753
19.7996
19.0079
18.8389
18.6026
31.4786
18.1483
20.6351
19.5916
15.5698
13.9851
16.642
16.5493
14.125
15.9909
15.1287
19.4454
27.2956
15.939
15.4086
27.7714
16.9488
15.7195
27.5684
20.8056
15.3461
16.411
17.878
15.7906
14.603
22.7955
14.4374
15.5251
14.9138
15.9607
14.5135
14.6531
14.7659
14.6472
36.1407
29.503
21.475
14.6254
15.7512
14.9534
14.5246
17.0073
15.2794
23.3586
14.6024
15.1613
21.7738
14.5395
28.7684
16.6088
18.62
17.8414
27.8218
17.054
15.4194
16.8346
13.9344
16.8925
18.8784
14.5366
29.448
21.0129
21.4105
16.086
16.0741
15.1234
17.7534
14.2676
14.7215
15.1639
14.0612
17.4862
17.8389
21.0436
18.8007
14.4404
14.9706
14.4071
17.0961
15.7904
15.1918
15.5502
29.7717
21.309
14.8502
32.2259
19.2446
14.7967
14.8978
16.861
15.7495
15.9587
15.2285
22.3111
16.0068
15.3821
15.6432
15.0807
15.615
15.4069
21.5724
17.4436
16.885
15.4079
22.5261
16.525
15.4743
16.7909
27.9211
15.7009
31.1799
17.6586
16.4337
15.6884
18.9148
16.6651
28.1899
19.1107
15.8872
23.307
17.3394
16.1429
21.8148
15.9759
26.3371
16.5072
17.8458
18.4042
16.1784
27.0255
19.6529
15.9727
19.7844
16.3327
15.9284
17.0899
16.718
16.6171
17.7532
28.4787
17.376
19.372
17.0068
16.9325
27.1128
17.8397
16.4259
15.9501
25.9283
16.0918
15.0886
17.27
15.8209
17.9166
15.5513
15.7003
17.009
16.1393
30.8773
25.789
21.1603
25.8455
30.6203
17.2302
19.7207
21.3058
28.5667
24.4367
16.7844
5.32017
16.6155
16.3453
5.9101
21.8316
15.8939
7.34671
33.1957
19.0155
5.83683
6.48803
18.4698
30.5038
17.6742
5.71603
19.3987
6.18723
6.06021
7.09757
6.11976
20.9507
5.3701
7.15863
5.89317
6.95228
5.94504
9.64129
12.3014
12.5175
10.4258
11.101
9.45591
7.7496
6.75983
6.92563
5.13967
9.36119
4.8377
4.6322
7.89991
6.88905
18.2354
6.10523
7.58456
6.3789
6.6919
6.69874
20.0066
6.25582
6.28843
9.60434
7.34182
5.92339
8.33405
5.1536
9.9992
16.5199
6.24545
8.10806
12.7895
4.97871
19.1627
5.05075
7.43656
20.3251
11.7684
9.00313
6.58391
21.1399
6.78159
6.02789
8.44858
16.5085
15.6122
19.5383
7.53516
7.30371
6.95668
8.54281
15.1891
34.1116
9.68406
9.77546
15.9724
8.32653
24.2643
14.7744
6.94504
16.0393
17.0206
6.5631
19.1412
22.2782
20.3553
15.0954
20.5089
16.0914
16.1904
27.0665
18.1455
17.3272
24.492
18.1547
17.8565
20.6903
18.3306
17.4906
17.8331
19.3102
27.5
20.6956
19.5457
20.1287
18.8571
19.5987
17.9984
20.4212
16.3923
32.5306
17.6926
7.55342
18.5808
18.0324
16.1171
17.0887
19.4097
17.2698
15.736
23.8195
17.3447
17.748
21.5009
17.7345
17.6277
6.66229
20.9372
16.5715
11.4832
6.55928
32.4844
6.58947
8.11902
18.1543
7.22399
6.54879
9.97541
6.3429
8.26578
20.4017
6.15326
18.7402
6.97274
6.22673
6.23071
6.52046
8.27847
11.2563
9.98473
5.88746
8.26558
5.58928
11.0983
6.81138
7.85689
7.00153
4.94541
4.74128
8.16218
11.731
6.78208
5.71847
5.84671
4.88967
13.9896
10.063
6.27637
7.4807
5.97173
8.14684
7.18782
4.98675
5.04598
7.46363
5.46147
4.90423
6.74576
8.36944
5.05838
9.04003
6.33266
10.656
5.16061
8.47485
5.02876
6.54865
5.8866
6.27659
9.35019
22.5975
7.33687
7.01016
7.15679
7.84608
6.53344
9.74919
9.1379
11.3117
6.00452
12.4532
7.19519
18.944
9.86402
7.94068
12.0885
27.4658
17.9784
5.52154
7.56425
9.6368
5.99815
5.38599
6.83289
23.0575
6.96951
5.72319
5.90486
21.852
16.5716
6.10781
32.4285
6.62864
6.67837
9.13843
25.4399
5.32612
6.2918
5.33265
3.28133
5.08109
5.72017
6.95566
8.04974
10.2765
21.9409
6.93108
10.7413
5.64727
19.9836
20.3525
6.34434
24.528
22.0359
5.56109
6.02467
6.91635
7.21818
11.6995
5.96504
5.57193
9.21108
6.66318
7.30389
6.52153
9.59895
21.8041
6.8597
30.0625
6.87691
6.72187
6.48174
22.1748
30.6518
7.08441
9.01501
9.69339
7.45253
18.8403
17.9132
27.0245
8.72372
25.2535
7.30516
5.84334
6.69444
6.15306
12.0028
5.69159
12.6136
5.32792
11.3185
4.84251
20.5215
10.1028
8.61885
4.88659
6.30366
6.75176
6.36617
6.90068
7.38744
7.08886
7.243
8.56303
4.93809
11.2779
9.6817
15.2973
6.35753
19.1586
6.55912
7.73039
7.85417
6.38509
9.91577
8.35606
6.37228
5.10188
6.07788
12.7907
5.41469
5.01204
6.906
17.967
6.08374
5.81502
8.02333
7.82738
6.24736
7.15337
16.8874
8.86041
6.83168
18.9952
5.55045
21.2691
6.52128
8.62785
8.26391
17.5101
6.53813
6.9503
6.20248
9.96172
6.27888
11.234
20.5493
6.15791
7.79545
30.1777
22.9378
18.75
19.513
17.2359
20.105
19.8553
19.8274
21.7763
18.7714
30.8349
19.058
17.2939
20.731
19.2969
23.3666
18.8978
19.6619
25.1323
20.4756
19.1783
19.3712
21.6366
36.334
20.8576
31.0402
20.7927
32.7027
30.0307
23.158
21.3717
20.214
17.9878
18.4433
19.3607
21.1786
22.4711
16.7992
29.7169
17.6427
18.7031
17.6496
17.6319
16.4171
15.83
22.8985
18.0266
16.2703
16.1205
17.0251
16.3049
16.8433
18.6388
15.7644
17.1633
24.1512
16.1598
17.0183
19.1067
29.7566
14.9788
20.7232
15.9994
17.3919
16.041
17.1895
15.8122
32.0854
16.4867
31.5359
16.7465
17.3905
17.15
18.0952
16.5168
18.2473
17.3322
18.3905
32.0488
20.524
16.6291
16.5734
18.156
17.2203
15.9467
34.0942
19.592
29.2676
17.1294
16.9942
17.3157
17.839
21.3107
16.7794
16.8207
16.1262
28.5778
17.7083
16.7344
22.0041
20.6298
22.5996
19.3683
34.1976
17.3639
16.3652
32.0152
6.95276
8.10056
23.1526
18.4837
7.28668
17.7017
7.54437
11.9988
5.16643
17.9742
16.8141
6.50002
7.16134
6.86898
6.09421
18.5957
17.4468
5.95374
8.36081
10.6632
8.17501
5.22363
5.77574
6.47617
7.84777
7.19814
16.5802
5.01231
29.1981
5.44294
10.9917
10.6996
6.31945
11.2724
6.41806
20.7636
24.9779
5.13949
36.9102
26.2002
6.36799
8.60472
24.7656
8.64191
12.2324
5.51964
8.53696
24.6092
18.3402
5.82905
9.27995
9.39397
5.33833
5.69676
5.40856
5.70745
8.86708
10.709
11.5463
8.03818
8.35913
9.27727
9.74193
11.2695
5.36593
9.2976
5.56872
8.08261
12.1947
8.96806
11.092
6.59312
11.1339
7.56075
6.07174
24.9074
7.46586
8.01115
32.0139
16.1539
6.21081
6.41116
6.28322
6.3764
10.2078
8.85788
11.7362
8.17309
11.7916
12.1856
8.66026
12.3137
8.23417
8.9199
7.5666
7.09293
5.42213
8.21728
11.1074
6.28364
8.71557
8.04932
9.73854
22.149
6.30299
18.1296
13.4057
11.6135
11.5577
7.48129
8.57628
8.00656
6.0403
6.78886
7.21623
6.62096
28.9382
11.0778
5.58023
5.93805
32.8309
5.29995
7.91976
17.2663
5.78181
39.6774
7.50934
5.13104
11.2117
9.54375
6.67428
8.30025
6.47835
9.76182
5.41789
7.72726
8.33594
9.59854
5.96619
10.0015
5.94093
5.08718
4.15388
5.22914
4.6996
6.92615
7.9866
6.58664
10.8179
5.65743
6.15304
7.36309
10.2407
23.4449
6.636
5.70699
6.56497
7.75615
18.3824
5.91299
16.0815
31.0674
10.8131
7.10556
6.20567
10.4159
7.26138
8.51678
7.53983
8.75535
17.6906
5.38351
5.69447
5.86816
6.39693
8.49658
7.83963
8.5701
6.61912
8.67496
5.40368
4.96283
8.44467
16.5964
5.81598
5.79849
11.7783
11.1641
6.46296
7.21692
6.46633
6.11825
19.5623
6.52288
11.9138
24.6836
6.08637
6.7321
12.5373
7.9848
9.96202
6.48785
6.23639
6.87057
5.31621
8.17211
8.84199
10.7386
5.86306
5.13202
24.5642
6.06967
7.57859
36.8051
6.69153
10.8473
5.75351
11.8719
6.86032
12.0472
5.95417
7.31218
7.45513
5.10386
5.47472
6.7587
6.23581
4.95737
4.82459
4.59214
6.19334
5.4186
17.9033
17.7735
7.05362
4.96987
5.54735
5.8666
5.30759
8.33128
8.44497
12.1014
6.61024
7.2883
7.16028
8.42885
7.34906
6.98193
17.1461
6.33382
18.2596
17.2823
19.1195
16.2748
5.06647
22.6697
5.78081
23.1505
12.3888
9.73002
9.33181
12.5306
8.63028
12.5472
26.7314
9.44935
31.3048
7.40294
13.6437
9.04552
8.73989
9.05274
12.5464
22.4764
5.07015
10.7833
10.435
7.5963
8.7639
9.75206
11.1371
6.96825
30.4596
7.75193
11.785
10.8696
7.21044
23.2372
5.0031
7.79808
20.6554
27.53
18.9008
20.4197
10.3572
23.8759
17.0832
19.0154
17.7759
17.2706
8.01828
21.1339
18.1246
18.0896
17.6145
21.9976
18.0637
17.1347
17.4731
23.5457
17.4169
20.8725
18.4984
21.0118
18.879
20.5346
19.9128
17.8069
18.1555
19.132
19.2305
18.6411
18.1168
20.0411
17.7768
28.6599
17.4941
19.7321
17.6807
17.9297
17.9275
16.7552
32.1987
17.863
18.3774
18.3833
24.8893
18.2712
16.1603
15.5078
15.8905
16.499
15.511
29.1183
17.1658
15.821
31.7035
18.827
21.7771
16.0485
15.7501
16.3655
17.2969
19.8947
18.4974
15.1672
17.8606
15.0382
14.9769
15.7688
15.3895
16.5337
15.1471
16.8438
18.7189
14.5643
18.1961
16.2221
15.3911
16.2265
15.4639
18.0949
15.4727
16.8416
15.6009
15.9359
16.262
30.7104
22.9889
15.3183
15.4727
9.92802
29.5647
16.2067
6.09883
16.3264
6.61625
27.2576
5.98019
7.38143
18.998
16.5349
32.3574
16.9137
5.11523
25.013
4.72027
18.0985
14.8991
28.2443
16.0543
21.7536
16.0337
16.5059
14.6147
29.7525
24.0883
16.315
16.7327
15.1446
30.5047
16.6387
14.8252
15.1847
25.708
25.2199
14.1282
15.4048
24.8353
15.3659
15.5877
17.3092
4.74086
15.4181
15.1533
14.5595
18.0381
15.7905
15.2353
15.3785
15.8168
16.337
15.5229
15.5615
20.0113
21.8901
15.8651
15.2417
16.9154
15.2728
15.7129
15.4466
16.3229
14.9039
15.1458
26.639
21.779
5.45168
8.05392
22.2045
16.7682
14.7897
15.9176
16.1179
16.159
14.5738
15.2552
25.7988
27.7858
18.7753
15.6395
15.9736
25.5491
16.4781
15.638
17.3634
17.6408
37.6479
16.0674
15.428
13.5673
15.4619
15.7074
14.7959
15.7574
15.5704
25.9518
17.6132
23.5821
14.7333
15.5542
16.0353
26.2399
15.6324
24.5688
15.8148
15.0209
15.2376
16.1403
17.2029
24.144
17.7141
18.5183
23.5638
15.3959
20.0289
32.4567
27.3858
17.9052
16.4721
26.4297
21.1836
17.4089
15.3376
15.956
17.5686
17.1
17.9317
16.9139
17.9571
32.2643
26.8819
17.7022
22.1987
16.885
16.8804
17.436
16.3957
16.6653
17.143
17.2389
23.2536
17.0829
25.2765
17.4012
33.3036
18.4611
17.1758
17.6833
27.5694
17.6282
17.596
16.4083
16.1091
19.0956
32.6787
20.3093
17.3825
26.9765
19.5894
19.7381
16.2337
36.0656
19.6667
17.5878
16.9679
17.5429
23.1339
16.4537
31.1939
38.198
24.4296
19.4826
17.2304
32.1813
16.9998
20.0206
17.1981
24.9644
23.6881
22.2178
20.5098
17.6921
18.4037
18.2
18.7608
20.5945
16.2253
19.7268
20.036
18.8913
16.4946
18.8961
20.1935
16.4795
17.076
17.6388
16.9411
18.5764
17.2614
17.6475
17.6611
17.2488
16.3454
28.2951
17.3744
16.6446
16.9089
16.5849
15.405
15.7014
15.7034
26.8327
24.4008
15.6685
7.57893
15.1175
6.08952
15.6891
8.29952
6.12339
16.4208
8.48996
6.01786
6.25613
8.15658
16.5557
6.23377
10.5645
8.21126
8.65864
9.61415
6.36686
5.23942
6.72478
6.29539
5.5756
8.03113
7.71254
6.96017
10.7087
18.3768
6.64441
6.43433
8.73694
23.2607
5.557
13.2707
15.8513
8.83726
19.936
7.0937
9.78377
19.1342
6.49701
6.04219
17.5141
6.84545
8.08773
17.7119
8.27534
7.59594
7.49324
6.96002
16.8238
5.16523
4.18023
9.34202
6.05238
7.74278
7.28602
18.4659
17.7509
5.7504
31.2443
17.0002
16.0572
18.8234
31.0178
8.67572
20.6374
6.73606
6.86322
23.3471
6.93859
8.61079
37.112
30.37
13.5385
19.5732
17.0505
6.74252
16.8752
23.1979
19.9337
18.8046
17.9979
17.6636
18.1426
18.4084
22.4371
33.2726
21.3882
17.2999
20.7551
18.0081
21.3954
20.7176
18.6927
19.762
22.5474
17.8157
26.3624
18.6047
23.3755
17.324
20.176
17.7753
25.9831
17.2007
17.5979
18.8704
18.3915
6.95718
20.3329
17.8646
19.3399
19.6923
16.9084
25.247
25.1945
18.9599
20.4592
25.2738
17.8265
19.1165
21.1165
19.2884
18.1466
8.82081
17.9781
24.2321
31.4256
6.646
31.5186
8.45634
11.6105
17.298
9.24548
9.20688
12.5018
8.49602
27.127
17.3013
35.2074
20.2538
23.8244
7.91484
8.94382
19.981
7.04258
9.43212
8.5343
6.416
7.08406
8.57016
19.7155
8.28097
10.4998
6.99745
7.05393
27.9672
17.8226
7.58237
8.33783
20.9226
12.0659
6.24994
13.8981
18.5146
30.4806
6.14723
8.44584
6.75497
9.20573
6.63796
6.31577
6.44404
30.6109
5.75128
7.84711
5.46041
8.44853
22.2281
9.10417
9.62911
5.60957
38.7241
6.04116
6.58016
6.62484
5.49882
18.5306
10.4711
9.95348
6.10742
11.8991
5.16121
7.70976
21.2032
5.69751
7.21943
6.66679
10.6431
7.49037
32.628
7.51961
7.82677
6.47546
19.1391
8.92932
7.19242
7.06123
7.71347
8.6816
22.9785
6.02043
9.09517
8.54416
8.12595
6.48499
5.4437
18.9663
9.75936
5.10535
6.26391
8.08794
18.6571
5.94165
25.9964
19.8387
5.48102
17.176
15.4824
7.7116
23.7724
6.57405
9.7771
8.01988
21.032
17.5748
6.79002
8.36762
18.1962
12.6806
18.6695
7.02244
23.3888
8.62174
6.49759
6.52645
10.9271
5.71882
34.831
7.80197
8.54643
10.1276
24.0145
7.47841
6.95509
7.14352
7.95505
7.82367
19.9297
5.83442
6.72128
8.50416
10.5844
22.3529
7.36824
6.40193
12.4969
9.34165
6.09757
11.3912
7.46896
9.10031
6.53919
9.78571
9.15571
9.93305
7.92516
9.83634
22.8524
7.35909
9.88647
28.3436
5.92194
9.0909
25.2054
7.51742
9.15867
30.0465
8.34616
11.4501
18.9059
18.2773
7.30686
8.44886
8.44124
6.74426
17.0291
7.10644
11.2097
10.2605
7.30289
6.0823
7.93446
8.755
6.22047
6.78191
7.73656
6.35841
5.07682
6.91315
6.35215
9.46707
6.54588
6.52262
20.1241
18.2259
5.7605
7.46386
31.043
5.94845
30.2722
30.0714
6.6874
17.2269
12.986
22.3502
6.99498
18.1312
12.4297
24.2305
17.8162
7.25749
12.5769
6.5934
24.4119
11.4655
12.892
6.62931
7.08357
7.51412
10.5425
8.0977
9.0012
7.22652
22.4392
7.40678
7.34102
5.42177
13.8341
23.2173
7.89452
31.2148
8.40349
23.5186
7.34381
11.8223
12.4285
26.686
7.28721
17.6841
7.80431
11.5624
13.0379
7.00708
18.6983
28.6832
22.9616
5.82614
21.0077
32.3539
17.3652
8.15632
23.4781
6.53364
13.257
7.73609
7.33163
8.23696
6.51999
17.8814
15.5676
7.09982
23.3604
7.36923
7.24713
9.31601
21.1753
17.8174
6.63706
8.09228
16.5723
5.95072
6.94451
20.2794
7.39048
7.39064
22.6473
10.2889
11.1213
10.2522
7.28143
19.0401
18.1314
6.3037
9.59224
5.63055
14.3455
22.8215
26.0386
8.08534
6.38118
26.7096
6.85698
8.67213
11.28
18.2072
6.45254
8.64317
6.88408
9.32997
30.5936
19.6583
10.02
26.4402
7.10551
21.1077
26.0011
7.00901
17.9603
30.7885
25.7654
18.0706
19.0528
21.9278
18.8577
24.8954
20.6029
25.4002
22.402
20.261
20.6227
20.7391
19.4463
19.2453
17.3983
18.9836
18.0143
19.2904
19.7703
20.4236
20.7978
18.4165
21.3082
28.8302
20.0122
27.1369
19.8984
18.1763
19.6841
19.0448
19.2692
17.6506
19.6232
18.7702
18.4856
21.6235
17.9435
19.2172
16.7236
25.1958
35.1836
18.6548
17.049
20.5434
27.8423
33.1865
7.04501
24.4453
6.22528
8.95752
6.4817
18.6362
5.70939
6.79386
8.16636
6.80346
7.50897
23.3916
9.07571
9.77248
5.5466
13.8165
6.53812
6.57261
12.3986
8.6413
11.7037
7.03823
4.74679
6.46671
6.48913
5.54604
4.56982
7.81546
6.22126
6.59976
5.32873
11.5646
5.96342
8.22064
5.32197
7.43122
8.85008
4.96894
10.2154
6.27077
4.75478
6.59706
8.58885
6.20952
9.20648
7.84804
7.4405
7.02507
10.9098
7.78713
5.5717
6.05642
5.71793
6.01305
4.76538
8.52096
24.6129
5.50284
5.00044
11.6509
5.82966
8.1466
6.50656
6.75547
6.16717
5.53192
8.91074
4.8454
5.75214
9.17049
5.11524
11.5325
5.01582
9.31925
5.80596
5.5562
10.9093
11.7813
8.18839
7.1801
7.03658
8.96469
5.52762
6.41341
9.69008
11.3171
6.53402
5.89165
6.85428
6.31883
8.2729
4.7642
5.26565
7.27431
7.17166
5.2063
18.481
5.22291
11.894
10.0073
6.80901
5.3987
5.60684
6.64554
8.20547
5.3452
9.24605
7.11945
5.82245
6.93778
3.78936
5.27562
7.53625
5.34541
4.5381
6.82049
6.19853
31.1858
11.2157
6.54125
8.88712
8.2651
17.3588
5.79171
7.75252
8.06098
7.11952
4.32578
5.82956
5.87356
7.05291
6.25958
7.46863
8.03211
5.49437
5.70996
5.5947
6.92664
8.33785
26.4891
5.58862
23.1544
8.10238
9.34472
6.48836
5.61704
6.4174
6.48613
7.30342
7.18556
7.3922
12.0987
23.1427
5.83883
7.43646
7.05412
5.57727
8.87859
7.86166
8.4279
8.15299
10.9011
7.26882
6.49826
6.65485
10.3599
7.09672
7.85167
20.7443
6.97644
5.77341
6.1666
9.27908
5.8778
18.5621
5.83871
11.0543
10.5212
20.9392
5.6906
14.554
7.0734
17.9721
18.9694
19.2298
5.92327
36.8552
18.5748
5.73724
25.0315
7.49933
10.6911
8.54886
4.68242
6.48289
6.60215
21.851
16.8875
19.0094
5.56372
7.00719
5.68206
7.0979
7.69302
33.6203
17.9754
29.87
17.8513
17.7178
26.8571
17.8488
36.6614
7.01532
26.221
23.4355
21.96
19.5532
18.1796
16.2551
18.0743
32.2507
20.2363
36.5943
29.9236
26.8241
31.9143
18.4849
28.2601
21.1401
16.6778
22.3688
33.9099
33.7851
25.4694
17.8184
21.582
18.9408
18.7474
25.3997
19.6947
17.5658
23.5865
27.4238
17.6173
17.0547
17.0998
36.4509
26.1273
18.2458
29.7173
27.9707
17.3928
19.1209
18.565
18.2486
16.0194
29.9083
30.071
22.234
16.224
19.006
16.9082
15.3356
19.3819
16.7094
15.7888
15.1625
26.4849
15.5755
32.444
16.1642
15.7044
25.6171
20.1657
22.5186
16.4852
16.8139
19.8515
15.9137
26.4869
17.7727
19.4684
18.1303
17.2033
21.9842
16.306
16.2359
15.7294
18.731
5.5418
17.4898
16.1924
26.9004
15.7789
16.2897
16.5696
16.7099
16.4226
16.4573
16.469
17.5164
16.558
15.4628
15.3742
15.0786
17.412
17.5293
5.4718
20.2477
15.7905
17.747
17.7858
7.39778
20.8064
16.0659
15.7287
15.351
15.1381
24.5582
14.9227
15.7533
15.5718
29.2232
23.3032
17.9395
16.0885
6.30056
6.28393
8.08
11.1626
6.05801
7.98909
6.84068
5.83561
9.66923
6.39935
7.8302
5.46021
18.489
21.7821
24.8133
16.4052
17.4401
16.299
15.5392
16.4338
16.8519
19.5232
19.8078
19.3685
16.7113
15.2428
28.5068
16.6832
15.7215
16.98
22.0534
22.4928
27.9664
16.6572
15.6954
15.3369
20.3066
17.2545
15.9589
15.2881
38.6826
26.4873
16.5313
18.7457
15.0152
28.6393
18.0958
21.4329
19.5031
16.8218
27.6365
24.2689
16.2629
16.7495
19.0721
15.9024
15.8138
15.8637
16.6596
14.9929
16.7494
17.1476
17.0847
16.4814
31.3498
16.3822
16.6665
20.2632
16.2552
30.8225
16.8633
14.958
36.5534
19.5027
17.3656
16.9519
22.7816
39.3898
19.4241
17.3531
20.6993
15.8184
18.1685
16.0404
16.2466
29.7927
19.5018
17.7577
22.6279
14.9936
15.8346
15.4463
15.5709
20.5422
15.1426
16.1983
16.6858
29.5313
16.3868
26.6434
31.5486
18.8042
16.1593
20.0621
18.4007
17.2801
36.0839
16.9956
17.9784
30.3242
17.3709
18.5709
17.7385
15.6337
24.2306
18.1248
17.5926
17.3716
20.4121
17.7935
17.8248
26.9367
16.6802
17.4092
17.164
16.9281
22.2906
18.1816
18.7271
23.7548
20.3838
17.2542
20.738
31.9186
18.0051
20.6037
26.9765
32.5599
17.8345
17.8526
22.4829
18.0861
17.1013
16.6541
18.8377
16.8657
19.0188
17.674
20.0277
16.6075
17.2215
17.6393
23.6741
16.7873
20.1014
20.4467
30.1659
36.5939
24.8687
19.5594
20.0859
16.8633
20.1205
20.2624
18.5517
32.3896
17.5692
29.9607
21.0835
19.8184
30.9743
32.2485
21.449
18.3154
17.5273
17.1077
18.813
25.2796
16.7275
22.1799
17.439
17.9278
30.4425
17.8291
30.9924
17.7898
25.5348
19.565
17.7786
17.4722
17.9921
16.9939
16.3481
17.7991
15.7484
26.5148
17.2031
17.3456
17.4421
16.5267
7.05301
17.8138
19.0217
6.44021
18.3411
19.4171
10.9472
18.5278
19.9447
6.63546
16.743
20.8642
5.77368
10.1454
6.1892
6.40203
9.02248
6.56007
6.30805
6.72925
7.01949
5.31644
17.7507
10.7961
10.0034
6.64159
11.1135
6.32994
9.11154
21.3632
5.92485
12.5142
20.265
6.80653
6.90483
8.50968
6.80353
5.69473
12.8801
6.98063
9.3392
7.83207
6.13166
6.88449
6.94532
6.54169
6.0221
5.39728
11.6648
7.29004
19.2407
6.0424
24.268
8.47974
7.49903
9.22983
16.096
5.21793
26.8854
18.641
7.66666
18.7466
16.5019
6.82754
18.8708
17.5378
6.17143
31.4361
22.7569
5.18824
15.6102
7.75777
15.752
7.56687
5.93624
8.2141
6.30167
8.72428
7.67335
6.08987
5.06856
5.71376
6.20105
6.1666
6.40259
8.09179
5.19857
5.78873
5.76256
21.7446
5.3363
6.7978
7.76284
11.3319
8.13079
8.25437
8.24156
8.27307
9.9331
23.0129
8.14262
14.7756
8.48479
8.89247
4.31787
17.9798
5.44539
18.0415
5.7283
9.97047
22.8689
5.52812
6.52076
6.26293
4.83028
7.7941
7.26268
8.22733
16.0419
7.00276
8.13234
6.76535
16.4611
6.37329
16.0225
20.7897
10.9972
21.9731
6.85152
9.73761
7.35364
5.22888
7.35221
11.1597
7.73288
7.46289
9.97606
6.39318
6.34272
5.07193
7.90251
19.9906
16.2694
9.81725
10.3008
5.16462
29.5451
10.5907
12.7682
7.97104
16.6838
31.8844
13.0169
9.4104
12.4809
6.23791
6.52548
6.03455
12.0086
11.4491
7.30765
8.17454
7.96458
23.7746
10.072
7.86965
18.3033
16.2711
5.75087
18.7369
15.8134
5.62647
27.2456
19.2621
7.39965
30.0191
8.18311
22.8774
6.6176
7.65548
6.09895
28.7981
8.70936
31.7912
12.0507
28.7458
6.35571
16.6759
8.44871
8.97069
18.234
7.72894
8.71532
12.6727
9.07163
18.4771
5.85184
9.06423
16.3144
6.99017
14.0897
5.48507
29.3583
17.3706
6.35161
28.0126
18.4893
8.38896
16.4117
15.9873
9.06058
18.8551
16.8544
11.8162
9.26163
17.6785
6.24532
6.10928
18.4641
9.6489
17.7171
6.83118
18.7888
9.45627
17.0932
5.53941
6.41103
29.8724
10.6523
20.9361
22.4817
7.67424
10.1902
31.8794
8.19542
24.6894
26.6219
20.3189
18.6452
18.513
18.2515
42.0372
26.8539
22.6833
20.0059
20.9175
18.9919
30.1996
31.251
20.8155
20.3814
27.1499
20.6218
19.3668
24.4911
19.7877
21.7566
19.5711
20.6401
21.8916
17.7435
21.677
18.7221
18.6761
18.9361
17.531
18.0728
16.9485
35.1473
21.0551
18.9285
18.3778
18.2321
34.2301
19.2944
21.5889
20.4193
18.5572
19.1485
22.3974
23.7145
5.89192
18.8239
18.9814
17.0159
20.1173
8.82772
18.4505
20.0265
6.49376
8.47959
7.29291
6.09998
31.1141
7.85111
6.15291
8.97114
11.8773
24.5193
36.4138
8.77233
23.7843
8.82466
32.1256
7.47878
7.98548
7.97537
6.51134
19.3136
7.26031
7.74339
7.37963
10.1471
32.4704
6.9315
30.1041
12.4028
25.3805
6.39794
8.20084
6.94733
8.10954
7.53869
12.6368
9.57217
6.78263
6.57192
9.40855
6.7461
10.2875
9.51053
11.1322
10.5911
17.2982
9.80599
29.1604
6.13285
9.55051
6.93135
5.36425
6.43992
21.4746
9.76709
7.38949
8.02958
7.5985
6.24632
8.61126
15.0286
7.90619
8.22172
30.5116
19.4505
13.3051
24.8694
7.48525
7.5535
5.97601
6.6808
21.8769
12.2685
6.48131
5.90321
6.2376
8.1774
6.58506
7.13255
10.9164
5.99684
8.82992
7.0466
7.56903
5.61179
5.92607
10.2328
6.92274
8.56355
5.78142
8.19039
8.38807
12.3898
10.372
8.21761
6.20025
6.84367
5.54843
5.38193
6.18323
13.4265
17.3719
5.85358
8.51757
10.5564
7.47579
9.12053
6.54766
5.99914
8.4839
6.95812
6.50401
6.66916
5.76121
5.76151
7.68059
6.43997
6.54856
7.20148
6.15719
7.17804
19.0636
6.99453
7.44279
5.07664
6.01313
20.4375
5.72464
6.1273
6.05579
5.38398
5.02438
9.70916
6.8974
20.2686
6.65801
5.76322
9.30643
18.8803
10.9529
5.82539
19.4977
9.62727
5.78326
9.73632
25.2184
5.89018
5.97139
9.33113
5.72639
9.2275
16.4057
8.09666
5.95621
7.78036
14.1601
6.96253
7.93914
7.38382
18.8669
7.16927
6.45322
7.16879
18.2109
17.5696
18.3828
6.70964
9.06879
12.9807
8.3919
9.37983
4.42643
6.97689
17.8866
5.83178
7.15377
12.954
31.3549
18.3193
17.3699
7.6458
7.96618
8.05561
10.1887
6.23557
8.12567
25.7725
7.60172
40.1599
19.0612
12.9412
16.9056
18.088
7.13547
31.4534
40.2653
10.4533
11.9274
9.68088
11.7105
9.60376
19.8171
7.45171
9.41677
30.9906
7.35989
18.5433
19.1804
19.8744
17.7077
18.4908
18.2977
18.9819
18.5126
20.1455
19.6328
32.8513
21.1089
19.8829
20.6122
19.7575
20.6845
20.456
28.2498
18.4557
20.6117
18.7891
29.616
20.1618
18.0746
18.564
19.0277
18.3138
21.5723
18.4188
20.7034
21.8319
19.4518
25.5485
21.1005
20.9692
29.6092
27.1738
28.3424
29.6989
30.5723
18.1933
32.4473
19.257
32.9878
20.2512
18.4296
7.67666
22.5808
19.7976
17.1838
35.9802
22.3394
28.3345
18.8572
7.53466
28.8027
13.5184
19.6404
8.13225
11.3688
22.3509
7.8836
7.26126
7.02442
32.6229
6.81018
7.66054
9.28261
6.43894
22.17
5.73004
8.78834
28.4532
6.15398
5.99558
29.6263
6.81266
8.5363
33.8676
6.27625
11.1097
6.84342
10.8977
5.64912
6.68597
8.23195
7.54883
7.51208
25.8088
5.78476
18.1509
16.8583
6.39713
5.81337
36.941
6.26418
28.9172
8.36052
6.42517
13.9286
7.63033
9.52707
4.78823
16.2095
4.45107
29.1299
19.8945
8.60637
41.3866
6.91516
8.91393
6.64469
6.10936
8.4954
8.2156
9.20467
8.98315
9.03852
7.47125
11.656
14.5806
11.3279
6.40583
5.48828
6.69382
11.466
21.3501
5.78777
7.93355
28.0373
7.49318
6.47908
5.55821
7.23515
7.1694
6.19371
9.88354
8.50599
11.0205
7.19178
7.70226
9.05516
7.83683
6.17596
7.36929
6.70617
7.64913
6.83506
6.23885
7.22408
7.27975
8.82842
6.39372
11.7259
7.70421
7.94687
7.44876
6.15912
11.6928
6.98667
7.21462
7.94515
8.8857
6.99553
11.1485
10.2852
9.59973
6.42145
8.3331
6.01257
8.05196
6.53691
11.785
12.2984
5.5016
9.20006
31.4574
8.24512
12.3515
8.37479
9.52702
6.7483
6.19049
29.8179
6.93903
8.64302
8.83212
8.99209
11.9344
9.05778
10.9095
6.7747
11.5586
6.78003
4.81005
5.72457
5.56413
6.36437
5.94703
6.13788
8.15178
7.95682
12.3053
7.36674
6.26211
12.0891
6.16659
7.50038
10.3577
7.58907
8.55478
10.8095
7.18229
6.60056
6.21733
7.90268
12.0448
5.2208
6.55105
10.3704
9.61817
10.7492
8.31795
8.87063
6.50742
5.84623
7.79516
8.62936
7.10956
10.1189
8.45576
11.244
28.8952
7.60232
22.6487
19.3924
8.83817
29.6581
17.7089
7.22431
20.3899
17.1035
7.66748
22.9302
16.1531
29.249
16.3301
18.2795
7.13044
19.0589
17.2747
28.6174
17.3163
17.6123
16.7062
16.6514
16.2385
16.148
16.4331
23.841
6.77526
23.3648
25.8412
30.8617
17.0802
17.9797
22.3125
17.38
17.4629
28.971
16.3379
30.4265
35.6083
23.6442
15.5897
16.0122
16.7048
15.6926
15.8985
22.4782
16.9645
18.8078
14.0614
13.8902
13.9724
27.5498
20.5878
30.0795
15.2422
25.6199
20.3404
15.8597
14.9951
16.7047
16.4549
16.4715
24.0494
24.7559
15.0223
31.4697
20.9813
15.7745
14.8669
18.2511
16.2645
20.3335
16.5276
31.28
18.5148
23.4256
16.5326
8.48645
8.40968
8.42391
11.9616
6.67298
19.0781
20.5432
17.5629
24.5355
7.00091
23.4647
7.26397
24.0141
6.06151
19.4225
18.3411
18.0672
17.2531
30.9359
31.0786
17.1784
16.8553
16.2933
16.8568
15.6648
24.6704
17.0874
29.2825
16.659
17.7953
17.4673
17.618
17.4077
29.7379
19.6721
24.4831
19.6834
41.8173
19.4745
29.894
18.2612
30.2405
32.5372
17.9737
18.3621
16.3481
33.0971
19.3933
15.6539
17.3077
18.7317
19.3142
21.917
16.5367
17.4877
17.4709
27.5244
17.5536
16.6215
17.0492
15.4797
16.8237
17.3967
34.0055
20.7839
18.09
16.8872
18.8017
17.034
15.9162
17.713
17.5192
16.9512
18.3977
16.8073
15.8714
18.0438
16.8222
16.6638
17.8285
17.1655
26.1491
21.0197
17.0725
16.3002
17.5389
21.0237
17.4492
17.197
16.9019
16.5794
30.0989
17.2966
25.9379
17.1645
31.5174
16.6313
24.7189
38.5694
31.8012
26.8938
17.5138
16.1278
18.1613
17.387
16.3226
18.4927
18.2737
15.8864
36.0964
19.1657
31.6678
17.1379
17.0701
18.0826
16.8814
24.4788
16.3849
17.7196
17.4331
17.2286
27.6877
30.8469
30.1506
20.9032
34.065
25.7557
18.561
16.7904
22.1191
24.6639
18.5928
16.6115
17.9145
18.4282
17.8686
17.8977
17.4195
16.7947
22.6429
17.0909
31.0854
23.6741
17.6252
18.403
21.1438
16.9568
16.5942
17.6238
17.2282
30.946
29.226
17.8957
38.5577
17.8504
17.6181
15.0678
16.821
16.8132
17.7134
17.7389
17.4062
17.1661
17.5036
16.5127
17.5224
18.1867
19.0702
34.8497
18.0839
17.2105
32.3095
17.3467
16.2322
17.0717
18.2166
17.1227
30.028
18.1186
17.6089
18.9993
17.5906
25.8549
16.6518
19.3558
17.3163
16.5331
18.798
17.4356
16.615
16.9409
17.0616
16.5117
17.1299
16.0583
17.1045
17.5387
16.884
16.6447
17.9443
18.9683
15.8776
19.839
17.4311
31.9344
33.3538
18.6374
19.1775
17.0973
31.6024
17.0325
18.1585
32.8375
39.9277
29.5651
31.1041
18.2178
31.8143
18.4453
16.6184
19.0089
35.5232
27.2357
23.8396
17.7252
36.5853
20.8141
16.6283
20.1854
23.4564
19.6512
17.1382
17.5653
17.3255
18.3266
18.456
16.5873
15.5108
18.7873
19.558
17.9336
19.3614
17.1751
17.0646
34.1795
19.5322
25.9591
17.5407
22.3577
21.361
16.7351
21.5806
16.8641
17.9146
33.6181
16.9009
31.4318
19.0384
16.3957
28.1163
18.157
26.3364
18.0475
19.6144
15.8058
22.0578
16.532
33.245
18.2776
16.5322
18.0854
17.7717
16.1013
16.7287
17.3637
19.051
15.9568
17.7369
36.0815
25.6987
17.0365
17.7724
15.8181
17.7863
16.173
30.8198
29.8292
22.6944
16.659
17.3306
17.4053
22.9108
16.4737
16.1652
22.0179
16.9034
15.7263
21.3317
17.6953
24.6129
15.9425
17.3297
16.3098
17.2749
20.2288
16.8885
14.7257
18.1505
15.5482
16.712
17.2939
16.0385
18.8481
18.0903
16.5606
17.6686
18.6116
22.5359
15.7283
19.8193
36.9897
38.3464
21.7023
31.9648
25.7216
21.6111
16.588
19.5895
32.3364
18.9656
17.0257
15.3077
17.2846
17.7997
17.1577
18.6523
16.2175
29.8227
17.9934
17.3497
22.0155
16.9464
17.6966
17.7671
17.1654
17.6221
34.1721
29.1905
34.0943
18.5901
6.08146
20.5831
5.85658
31.2336
7.73253
7.77355
36.3002
11.6154
31.7472
16.5632
5.93359
26.0555
6.04123
23.5939
32.4322
5.75521
6.88383
22.9987
16.9815
6.1047
17.4202
18.2302
5.24127
24.7099
17.0726
5.87326
8.68938
21.1958
10.2762
10.6682
6.76413
12.243
8.01065
6.51803
30.3854
29.3477
17.4277
27.4743
19.2649
18.0528
16.7734
21.5247
18.1642
16.2326
18.6401
16.4595
17.0963
26.0301
29.3458
18.6195
18.7792
21.9248
34.1559
31.8417
18.1063
7.16215
18.002
19.3725
15.7476
31.1994
16.9462
6.84872
29.84
32.3575
16.7807
17.4798
36.3521
20.2534
18.9223
17.7227
16.4197
19.9622
16.2254
16.3006
19.9551
16.3118
15.6565
19.977
18.0203
17.7469
32.1911
30.6211
18.2457
26.0958
16.8595
16.0495
17.8109
16.6534
15.9319
20.7875
22.5875
16.9636
19.3839
17.4117
15.7218
17.0609
17.2313
16.0068
17.4963
17.5617
17.7661
18.4061
17.993
17.3988
36.7105
25.5821
17.6552
16.8974
18.8401
16.9574
36.6586
17.6119
19.0642
37.4768
21.3231
6.95135
17.1664
13.3
7.57755
7.08198
5.78669
19.4134
16.4792
6.8045
6.87601
5.45131
5.85209
5.50665
6.32556
7.77181
7.67249
30.2102
8.81476
7.44282
9.34684
11.2207
10.5148
9.26451
6.75858
4.83864
6.54865
5.2801
6.31702
7.12186
6.14971
8.60126
7.36769
8.83609
6.99307
7.06209
13.0022
6.80934
5.73543
10.0568
5.21912
7.67611
11.2909
5.84153
6.57419
16.5986
7.34897
6.78192
6.31681
4.40059
7.30328
7.28513
10.0208
27.1155
17.2021
3.80951
19.4553
18.6195
7.18241
28.468
20.5643
5.50772
19.4094
31.5751
4.63167
18.9728
19.1575
22.086
18.7528
26.515
15.4621
17.5382
17.8123
4.84429
5.14658
7.45399
10.9999
10.3904
6.61861
5.95802
4.94249
4.95369
5.26349
5.52594
8.72905
5.79793
6.85137
4.8501
10.8853
6.27846
5.72661
9.32866
7.14081
9.81926
6.59873
6.38663
5.6301
11.2875
6.50554
6.14377
8.35249
4.70081
9.4946
9.06978
8.23018
7.15133
8.14653
8.93712
4.93636
9.32236
9.10312
6.19
5.3524
8.42239
7.7392
8.54669
9.01224
6.10384
5.17307
5.90466
5.56341
5.30527
7.08864
7.16407
6.46555
10.3168
5.9109
7.4349
5.90646
8.70301
4.67967
7.21002
7.29118
5.17355
6.55453
6.069
5.91209
7.30515
6.62999
4.65833
11.6722
9.00315
11.7426
7.33532
5.08477
11.3178
8.00598
5.679
7.55122
7.61304
5.36746
5.11227
6.4341
5.73685
5.11911
9.75012