16.201
25.7841
20.2213
18.6159
18.8296
18.8016
20.5433
27.0022
18.2462
24.952
19.2377
20.4217
17.7445
29.8257
20.976
17.786
17.2769
26.6334
18.8595
21.4647
28.0738
18.4964
21.115
16.0707
26.5457
15.717
27.0409
16.1844
22.0335
17.2146
18.2176
25.4635
17.7606
18.1754
19.4088
17.2186
24.2313
28.7424
15.0541
17.1453
27.6968
15.9341
16.9221
29.8496
24.1644
19.3175
24.3813
18.4515
16.7444
17.6541
30.5604
17.882
19.6402
19.236
18.1628
29.1808
17.7074
28.7091
18.7357
29.0718
16.4451
24.6118
29.9727
14.3439
17.2135
27.5805
23.9924
24.3017
26.518
31.3558
17.7674
17.6991
33.3901
22.2787
22.0981
29.4415
27.5405
18.4234
23.573
29.0957
17.9486
28.7376
17.6213
25.265
17.8804
20.5321
19.3772
21.0656
18.1577
26.2752
22.4596
15.0603
19.6863
18.6249
23.3865
16.7766
18.5112
17.7625
19.8378
28.4247
19.4191
24.0168
17.8914
28.9154
17.7496
27.5788
18.8363
30.667
22.7464
21.7645
17.6498
26.1232
18.2215
27.4525
20.445
25.9198
29.9219
17.5107
19.4968
18.1453
25.8967
27.109
18.2343
18.6652
20.4543
13.0846
20.1917
19.0052
15.7911
18.5761
16.6836
22.258
15.7002
15.9089
21.2674
14.4994
19.0668
16.7891
21.5276
26.5804
14.7468
18.2921
15.7537
17.4589
17.5615
28.4183
17.9484
19.2542
23.9071
23.2183
22.0564
23.283
18.5739
24.4779
16.3644
25.161
17.8178
31.5723
26.6971
17.7585
13.6678
28.4635
19.2375
26.5553
21.5253
21.8843
19.2367
22.0276
18.8929
19.7814
19.347
17.8729
33.3167
21.1725
18.0982
33.4362
29.5931
29.6083
19.8598
21.7912
21.6944
30.3413
21.937
21.6582
20.8761
20.4152
23.3921
21.7541
19.7266
19.3039
23.4017
15.8859
16.856
20.5359
18.4248
17.1329
15.7094
30.9088
29.5026
20.7877
14.9872
26.5223
23.3798
28.8764
26.3863
20.3808
19.3209
23.0492
24.1977
24.3925
31.7765
27.4308
21.7602
21.6122
22.9754
21.1438
22.356
24.1335
20.5263
30.2668
21.1733
23.2614
24.9822
21.1421
20.2286
19.4583
22.5432
19.1763
23.3833
20.1603
19.725
28.9066
18.4661
19.9143
18.5854
29.3143
17.2469
29.1877
17.5153
19.4347
35.4605
22.4162
20.2109
22.4189
20.3133
22.7826
23.1312
21.6067
24.2343
20.5318
29.067
28.4387
26.6699
19.3775
21.4879
26.1953
15.4448
16.8961
23.9255
15.953
19.6534
17.387
19.7742
18.8592
24.1644
16.9099
18.4675
25.5893
15.3734
19.8515
20.0171
23.0893
28.5029
19.1517
19.8731
21.0804
19.8615
32.1907
22.6664
26.391
17.4438
16.9902
17.3395
26.5217
18.8211
22.6201
20.8446
19.3335
18.053
28.7269
28.4566
19.3495
30.5185
18.9743
18.7688
18.5534
16.9417
22.0224
18.3387
17.4573
21.3069
18.5515
22.258
17.362
21.1966
23.0469
19.5701
35.7031
19.1711
20.388
28.6366
37.9458
21.9627
24.4227
31.3334
22.5099
33.4883
21.1177
24.398
30.9578
19.3309
23.4464
17.5672
31.2353
20.1126
20.3289
26.4184
18.0294
27.6755
18.019
22.5399
24.2957
21.5293
19.5703
29.2771
20.9577
22.8123
21.3856
24.3023
20.2184
23.7813
16.4442
18.7753
13.8655
26.3908
21.9115
25.5
19.0647
33.2859
17.9446
22.995
27.9935
25.4153
37.2793
21.188
19.1532
18.9618
29.5647
18.3391
29.9989
19.6403
19.6168
19.7661
25.7822
20.6513
17.3593
18.452
19.9924
22.9498
17.9205
27.1373
20.5342
28.2717
18.9345
30.6541
26.6199
22.3635
19.5604
23.9725
16.3165
19.6679
25.2322
19.4764
22.8055
18.8428
17.28
30.1298
20.6206
17.5787
26.4564
17.4491
19.9354
16.8956
16.84
18.6088
16.6176
13.1491
17.2372
17.0034
24.5598
15.3013
16.325
30.5579
17.4846
29.6284
18.5063
25.1531
18.9947
26.6636
21.6403
21.1033
20.5985
22.4699
18.8785
24.0371
22.5446
22.9248
22.0167
27.2934
18.3431
23.6339
28.6793
16.1859
26.5444
18.6169
19.423
19.6647
22.7414
20.0929
17.5947
20.7803
23.898
21.3155
23.7234
20.4046
21.9174
25.6048
25.3475
23.3189
32.1666
26.0453
20.6422
22.6286
31.7343
18.4605
27.8674
18.9244
17.8696
18.5976
21.7482
30.3229
18.4604
27.2003
32.8251
19.7391
23.2193
19.7476
20.0357
19.0583
30.1193
24.3706
25.3288
27.9637
20.3837
33.7291
25.3259
21.1927
22.5976
18.6933
17.3911
19.4212
19.8361
14.349
18.9076
19.6402
17.0085
22.7351
20.0639
19.5919
30.1952
25.0942
32.3254
23.8134
24.6994
24.4399
17.5666
29.7668
25.9779
27.4328
19.5313
23.6552
21.1189
19.1045
28.0402
20.3113
17.7256
29.2395
17.1858
17.8935
22.6286
24.5806
19.332
20.9537
16.4588
16.4712
20.3416
17.4176
20.3341
17.0623
25.6258
19.5247
28.0633
18.0521
18.8351
19.0954
12.7746
17.8452
14.0218
24.0042
25.6659
18.267
26.2322
18.8509
19.7867
17.4599
17.8459
17.9848
29.1907
18.0899
26.703
19.055
19.3927
29.2996
20.0184
27.2082
20.7126
29.7395
19.6607
25.7415
17.9117
24.6915
22.9225
22.1773
31.0157
24.024
18.6897
33.2855
29.412
20.5527
31.8835
23.0717
37.25
23.1938
35.0622
26.0032
19.4962
28.1129
18.1166
26.0976
19.261
22.8617
28.4735
19.5718
24.9479
19.3659
27.0621
26.1376
19.0071
16.638
18.5044
16.233
25.3864
17.6149
23.1188
24.1994
28.2671
18.222
16.083
17.1297
18.2549
15.415
15.6893
29.0395
19.3219
17.9592
28.5493
25.1019
16.9741
17.5295
16.3088
18.9038
14.8438
19.5029
14.3938
22.901
14.9436
14.9096
14.7903
14.3568
20.4287
17.1024
15.4172
16.1019
25.6546
19.1528
27.2958
20.9916
17.7046
17.2053
16.2556
25.6878
18.4531
28.1508
19.0848
17.5975
31.5262
19.0701
24.1355
19.7392
20.7662
25.0894
18.1202
27.8068
28.3143
19.767
32.4244
22.2538
18.7917
20.0865
19.5609
30.2809
21.9353
28.1868
18.6187
28.7945
17.331
32.2656
18.296
27.4572
27.3236
19.5691
18.1984
29.3503
21.4543
18.4814
19.931
22.2496
19.1677
17.3995
20.7331
20.0611
21.9145
23.8908
21.178
23.6751
29.0963
23.3127
20.3423
28.6473
29.5498
16.3824
22.7804
20.7937
32.5163
20.2708
23.0374
21.6468
30.1245
21.104
23.7511
31.6879
31.0735
22.5467
35.1989
23.0993
26.5583
20.2791
23.5823
21.862
33.6359
18.7806
29.3937
20.0719
18.1947
27.7286
24.2787
22.4002
23.3562
30.4208
21.8187
30.032
19.4752
15.6608
25.0562
20.2975
20.4892
18.5634
17.9849
21.0141
16.5423
19.0605
22.9727
19.8441
31.6965
31.0712
19.6141
18.2369
25.8157
18.7173
21.5439
19.878
18.5501
19.2266
19.7785
19.2724
23.6344
23.1407
46.2789
27.877
21.0336
17.2212
21.3051
20.0809
22.1454
26.2615
23.433
26.0703
21.7785
24.8691
23.656
20.3036
33.1669
25.9844
33.2258
29.7955
32.3677
27.661
23.2934
23.1673
30.1275
22.8627
32.0283
22.9924
24.9928
20.7835
20.9988
22.3553
22.7656
22.209
21.917
20.0709
16.4139
31.3946
19.0881
20.8744
19.7919
17.2278
25.3568
17.212
22.2166
17.2932
30.5711
18.6827
20.6718
30.7091
18.4381
19.3646
17.0762
16.7595
22.5819
22.2942
23.7613
21.4011
31.544
20.7645
27.7325
19.0934
22.1751
27.3816
22.9637
31.4298
21.6691
35.7461
30.2432
28.7239
21.5532
21.5352
18.3212
18.1987
18.2873
18.9177
22.1261
22.3093
20.3791
21.2545
19.27
26.1931
18.9168
27.0006
18.1964
26.4082
17.1329
29.8039
19.4809
26.2619
30.5635
20.9704
21.6057
20.8614
24.3797
20.153
19.1349
21.0203
17.4607
17.3864
34.866
20.9083
32.0893
19.3542
22.1104
21.4668
34.2642
24.1325
23.9428
21.044
25.6492
19.689
28.7279
18.0265
17.7577
26.3017
24.0072
30.9375
27.0789
21.4079
31.8131
26.4122
20.3157
27.3898
19.2401
22.3654
21.5312
17.9461
19.9199
20.5832
29.8098
23.1564
21.7142
28.5495
19.8744
20.6237
20.1064
18.7572
18.4505
27.8841
17.5866
25.4456
17.6345
22.5455
18.8214
30.5504
27.9203
18.5019
20.8809
19.6239
30.9392
21.724
22.0926
22.8401
35.9767
23.3765
29.2542
22.6902
26.2318
23.0947
20.423
32.3251
27.5216
25.854
22.917
24.138
19.6005
27.651
24.2226
24.9033
21.7231
24.8351
21.1688
15.9255
15.0134
27.1697
21.4703
29.9673
17.48
29.203
18.8178
19.1899
17.3874
30.6884
25.1974
17.0652
28.573
25.1125
20.6746
20.33
21.2317
25.6452
37.7566
26.9466
19.1879
30.5316
20.7739
31.8314
20.7503
22.2988
27.0838
19.6903
31.1977
24.3613
31.4266
20.7267
29.8209
21.8824
21.7509
31.4237
22.3124
21.8819
22.3094
20.9514
20.5399
19.4856
40.4871
19.9399
22.161
30.3297
22.8328
25.4212
20.8063
27.0782
19.5861
25.6305
30.98
28.3977
25.3506
18.0556
28.865
17.6481
16.3977
23.6176
16.5683
21.7026
14.095
29.2572
17.4016
21.7903
14.1561
19.3419
29.7907
18.2061
19.1212
18.6776
18.3152
25.3903
21.6137
18.899
20.6712
19.1029
17.0069
24.777
18.8346
18.9869
23.4678
16.3719
24.0841
17.8245
30.9716
27.1828
19.1433
20.2554
28.4666
18.7572
31.6203
22.3618
29.7562
23.2179
25.2463
23.217
24.2526
21.812
23.2187
22.0259
30.5615
24.0522
30.0843
29.9409
20.6031
26.8074
31.8571
20.4924
23.4349
23.7388
30.1688
24.7897
28.7098
30.534
24.3674
22.2418
25.9119
34.8496
22.8825
26.0245
22.8371
30.1498
20.5383
24.247
17.7131
20.1287
18.1169
21.9625
16.8486
16.7206
24.0773
21.519
23.3679
15.7868
18.4744
16.3936
22.8976
36.7525
22.3911
19.3808
17.3032
18.6562
17.0281
31.5361
19.8429
22.6284
30.8854
20.0931
22.9859
22.2568
27.6192
21.5527
20.4392
27.4393
20.9041
19.2919
21.2901
21.5287
19.8147
28.4184
20.5674
21.9007
27.5553
22.9808
20.3544
21.9586
38.6941
24.5202
28.092
25.4115
22.655
24.1189
22.3096
34.0231
21.8631
22.464
35.119
27.1991
24.0131
24.3031
23.9052
25.7661
24.0751
21.5094
29.1127
19.796
17.9295
22.678
17.3301
20.677
26.0853
20.4127
28.7766
24.9979
19.1519
20.9508
33.2505
26.8827
30.1197
20.9218
20.564
21.923
27.0891
21.0619
19.349
29.4606
24.5494
26.2954
19.1531
26.8608
34.0083
27.0064
23.0034
33.8418
23.4205
34.2189
20.7133
28.7848
21.3957
19.5561
17.9851
18.2321
24.9178
19.0132
28.3609
19.1943
18.6284
17.8542
28.073
24.3544
18.4553
27.2963
23.5381
19.6538
24.506
28.2396
17.3999
27.7206
21.5488
24.8158
20.6028
27.4666
19.7969
33.6982
20.1713
21.4297
20.0219
31.8002
22.9104
27.2333
31.2525
23.5039
33.4174
20.3838
21.6796
27.9923
20.2575
26.9977
26.1596
20.0797
41.5065
23.9223
30.0353
20.2535
22.1494
21.3012
21.5441
24.4776
15.5551
24.3116
23.139
25.7241
15.2485
19.3839
17.5109
15.5662
16.5734
16.7746
18.2813
17.631
29.2521
18.9945
19.6207
17.4927
29.0841
17.3197
20.816
18.2499
19.8674
32.8372
22.8265
18.366
18.8149
29.4032
19.5746
18.5102
19.2289
19.9917
27.1407
20.7923
20.6572
25.2367
17.2128
24.7236
18.7011
26.0024
23.5086
21.7096
19.2042
17.7141
28.0346
21.8091
18.7214
17.6253
22.672
22.8349
23.0062
20.893
21.814
20.8775
31.5242
26.4183
26.7442
26.9924
34.29
24.0452
22.3334
23.5867
32.4566
21.5272
19.0374
17.655
26.8196
16.8664
26.4025
17.189
20.2352
18.292
20.1374
22.2541
21.7119
26.1817
30.7721
20.9944
26.343
20.4163
22.7065
22.2113
30.0945
21.3241
21.9184
37.6463
25.2501
26.3502
32.6836
20.5354
34.5961
25.4505
20.0633
32.4396
25.9995
32.3833
31.9291
19.7152
18.3855
25.3259
22.1371
19.4519
19.8475
25.9037
21.9512
20.3275
14.3621
13.8679
23.0758
19.2317
18.5107
23.2412
18.9575
33.442
18.4554
19.6191
18.6751
18.335
19.3209
27.1023
19.0527
27.9471
20.4534
23.8449
20.4656
22.6831
27.0752
24.8816
31.0149
22.642
32.5026
32.1807
22.566
26.1582
22.7433
32.3193
23.0515
20.9027
19.7265
22.5399
19.9279
21.5427
18.9048
20.0441
26.5058
20.434
20.5842
23.0929
28.892
33.4695
28.1587
18.5757
24.8264
17.2308
24.1606
17.6101
20.7632
17.7297
18.9979
21.444
18.8947
22.4898
17.9005
32.5575
19.7395
22.9744
21.3565
22.7031
29.4456
20.1667
25.2832
32.2366
22.5754
23.096
20.6792
28.7635
22.5156
21.1316
24.9781
20.7873
22.5519
20.3104
22.8804
22.7913
32.5074
21.2134
20.9464
31.6033
22.4679
25.1895
23.5217
25.4251
32.3207
27.2585
21.9194
21.3561
25.7522
29.0194
21.2194
35.4808
25.3955
21.5257
24.5192
22.4195
25.1557
23.1241
19.8898
22.6749
20.0176
19.5696
24.2542
33.2695
31.1385
22.1151
21.361
21.6666
31.1325
21.7372
22.834
23.9241
35.3372
24.4352
22.5204
23.2531
29.598
23.412
34.6256
25.3508
22.6217
31.393
22.4005
25.7836
18.9845
21.1338
21.6149
30.0882
19.718
19.8882
21.8687
18.9988
26.1983
25.029
21.0015
22.4995
25.8555
20.1771
20.3816
20.6059
18.8733
31.0453
20.8304
30.8683
18.4663
22.5531
28.442
22.375
18.2047
28.5314
21.7031
27.5059
20.9478
33.217
23.6016
21.2165
20.7018
20.4006
20.4576
21.4611
20.9771
20.1618
31.2737
21.276
21.1858
19.0417
18.3556
25.5713
19.0633
24.6506
26.4079
21.1251
20.2445
22.1175
19.4312
29.0093
19.5343
26.1742
18.7861
35.4458
23.8374
16.9979
14.0641
17.305
16.1605
27.3978
20.6074
32.4998
22.9282
31.3149
23.9266
21.7117
18.7015
24.3501
20.4227
25.0198
21.423
22.6401
27.2049
23.0968
20.4195
29.1186
19.5366
29.7618
21.9106
23.458
19.3756
20.814
21.1064
25.4417
27.2939
29.4666
18.9651
25.6844
19.6448
19.8838
27.7359
17.7882
17.3804
31.9524
25.0431
17.6964
28.8868
23.2449
24.9821
22.3095
22.1228
31.0065
33.0483
21.215
32.5901
21.8369
19.8435
20.3525
18.1468
23.9773
19.803
22.2458
24.6751
30.7858
26.8177
21.4647
19.8212
35.3577
19.8562
27.5655
19.2106
21.3831
21.91
18.696
27.4074
19.564
19.913
20.7154
23.1435
19.4959
31.4065
18.8667
32.462
19.224
21.4581
20.5431
18.6408
22.249
22.9778
18.39
23.3894
24.6889
19.3839
24.1473
20.5614
30.5792
20.4161
20.7975
19.4228
18.7703
30.4799
19.2051
18.8275
30.5065
29.3869
20.305
22.1326
20.6442
32.4205
19.0835
19.7824
25.678
19.2036
20.4651
19.918
18.2193
22.0224
18.5931
18.2156
19.7371
18.3597
25.5387
21.9539
30.7515
20.0328
22.2983
18.2785
30.3887
19.6376
20.1077
19.2866
20.7875
17.7509
21.2188
17.5177
32.0152
18.3067
35.1692
20.2106
28.9824
22.2557
21.8818
21.4237
27.4573
18.9159
21.4799
29.4294
21.7621
26.5296
23.2327
24.4194
29.6642
28.4725
20.37
22.3904
21.1073
17.953
25.9485
22.545
22.0765
18.2608
29.4983
19.6768
25.2887
22.1147
20.5838
39.9515
20.1419
32.2565
22.2008
24.9988
19.4723
19.6133
28.5316
21.0039
34.0288
21.6037
20.7283
23.8184
22.7118
15.3282
16.9302
19.8871
17.9217
18.2328
17.7269
24.0001
18.0848
24.6151
20.9047
19.2857
23.5809
18.3397
26.5448
20.8927
23.1456
26.144
21.555
29.8751
29.3593
24.0564
20.1204
21.2962
20.0567
33.9298
32.0197
27.169
25.1812
22.5472
21.1977
21.3508
21.6276
22.101
20.5642
28.9641
19.9439
25.6272
19.1103
29.7024
23.6574
30.0742
27.0109
19.42
28.3047
25.0376
23.4804
28.2973
31.1775
20.0543
32.3284
22.8601
29.2923
18.125
23.8197
18.9261
29.3354
18.6817
26.8639
18.7812
19.1847
30.3515
19.3458
24.682
20.7858
20.8973
30.0375
22.3331
19.6976
20.9539
21.5633
18.1321
22.6148
19.4519
35.6956
24.1315
25.0819
28.1175
30.7009
22.3233
35.0913
21.5094
27.7446
34.2521
22.9445
20.3666
26.2092
20.7349
20.1123
17.35
29.5852
17.8949
19.4613
22.3727
22.7697
19.0114
27.7356
19.8945
17.112
18.2734
21.0918
29.037
19.2203
27.2018
18.3428
20.844
28.0926
19.8321
29.4098
24.0007
28.8263
17.6835
21.2776
18.5908
19.9572
27.0336
19.2347
20.3764
22.1015
24.2355
20.4813
27.7767
30.1231
26.5539
20.948
20.3435
22.4547
20.2264
23.1488
19.3097
30.3278
19.2691
32.3926
19.3072
36.5087
33.7923
18.8404
30.6178
23.2983
28.1146
22.5694
32.3713
22.9324
33.495
20.2567
32.5069
21.1335
28.8281
19.1637
24.2476
26.4865
19.0962
31.5659
19.6231
17.9139
19.9711
19.557
17.7382
23.5013
20.5441
29.8472
22.3127
30.1638
20.7281
29.6564
20.8804
17.1829
18.4203
28.6243
27.1985
17.4756
25.8172
32.1776
24.8283
27.995
15.0677
15.4115
12.4001
33.308
20.7444
26.2028
19.4767
18.1791
20.9044
33.7901
34.7743
20.2764
19.8101
19.8577
33.7146
25.0691
19.5961
21.1969
24.1493
21.4185
19.4452
32.921
20.1534
20.9548
26.6565
19.562
27.5218
21.2564
21.4684
21.0046
28.5699
18.4165
22.8599
16.9861
20.0034
27.7236
20.6265
21.496
20.792
34.1484
21.2364
23.2155
32.8896
19.9981
25.1099
20.0311
22.2837
22.7896
28.3333
22.1433
19.8232
23.975
21.9646
18.9492
27.9843
26.3551
29.7592
23.8852
20.6117
29.2309
27.2225
28.8395
21.657
33.9681
20.159
20.7949
18.7664
30.0411
20.6567
19.443
31.2725
27.7497
29.7358
19.9907
25.6334
23.8528
18.6063
19.7481
18.9684
29.4274
19.0435
19.6017
21.9506
21.6938
30.4825
28.6145
18.8131
31.3211
19.3917
23.3174
17.8265
19.121
28.5453
18.5543
21.3554
24.1616
24.5192
18.8741
24.6266
21.7129
17.6261
25.3197
19.5987
30.8531
29.355
19.123
31.1591
21.6536
32.688
18.9323
23.7375
26.9663
20.3681
31.8777
27.5015
31.4017
18.7454
19.7103
19.2407
30.8275
31.2375
22.2198
18.8773
21.1089
27.5737
17.5817
30.1961
25.0773
31.0562
25.5439
17.289
24.848