16.7489
19.1283
17.2793
28.123
18.2826
27.633
28.0172
23.12
22.7254
22.3351
18.2258
20.43
22.9817
17.9032
26.826
19.9942
19.2399
31.1962
17.1202
30.4424
17.535
17.6546
25.3928
23.4488
19.5325
19.814
28.5084
19.1438
22.649
28.4375
21.934
22.8039
25.7891
16.967
20.7867
22.964
17.1261
18.8681
18.7348
33.7636
16.8517
34.5667
17.1857
33.5322
16.3914
18.7998
22.9126
19.4742
28.0927
17.4907
29.7436
20.0553
27.8387
28.9216
16.6098
18.5457
18.2159
21.0602
19.2055
19.5751
26.5841
28.9851
17.0519
18.7442
21.1778
27.0147
19.3497
17.8317
18.0302
17.0808
19.4981
20.2354
20.6649
21.0841
27.7597
20.188
22.5674
23.7202
19.2857
22.5938
25.2587
18.865
26.0021
29.7139
19.4677
21.2512
29.6301
18.2203
18.5726
18.3509
18.4869
21.12
17.9228
27.5496
17.6455
17.3895
18.0476
17.6138
33.0769
16.8942
15.4736
18.1517
17.7277
18.4538
24.4985
22.3054
18.3916
30.1011
18.1009
21.1106
18.7322
18.916
18.4178
20.2116
16.4623
28.6206
19.8349
19.3608
20.2759
25.7395
16.8566
33.6316
19.8828
21.5585
19.4888
18.7941
30.2774
17.8815
18.54
30.4354
17.9465
25.8372
16.5525
23.4469
18.9554
24.1713
20.3824
35.016
19.3762
18.7644
16.3184
19.9857
21.6506
28.1462
18.7844
18.1687
19.6908
22.8941
18.1638
27.9329
17.6539
20.2366
23.2418
19.1664
27.6667
17.4782
22.1275
20.05
18.5309
18.1618
25.1517
16.9746
28.2052
27.8805
22.1115
25.224
18.5503
34.5712
17.3309
19.7923
30.9389
22.0458
18.8544
20.8604
29.9184
30.5276
34.3719
22.55
23.2756
33.6616
20.3966
30.7908
21.434
20.0344
31.5166
20.0643
33.816
19.7993
30.4378
27.7564
22.081
22.2919
21.3847
20.1818
19.8228
26.5107
18.9095
33.9413
19.3447
19.4068
17.6919
29.3936
19.8405
18.097
18.4229
18.3159
18.703
17.3682
19.303
17.1315
18.0515
32.0148
20.9665
36.9958
23.0372
31.9823
21.7321
25.3492
30.0981
30.44
19.2129
33.8739
19.6482
18.8363
18.2546
21.5892
23.2987
17.753
21.3523
28.3767
18.7801
17.1414
29.5443
18.7334
26.1028
21.3128
17.5827
18.3027
28.5715
18.0799
20.7415
21.7834
22.8655
20.458
30.2962
21.4403
33.2457
18.7308
23.3958
22.4945
18.533
22.6009
21.2912
19.573
19.9702
20.2788
20.5345
29.5532
18.5463
18.8032
17.4171
28.3591
28.1495
18.854
29.7817
21.5673
24.0012
20.1141
22.2972
27.5273
24.1063
22.5423
19.3737
37.5701
30.2848
36.14
17.9332
20.3978
29.717
34.3114
31.9922
24.2997
24.373
22.5741
23.6699
22.9844
27.0354
23.2521
25.5425
22.4454
22.1548
18.2896
19.3298
28.4376
21.195
20.355
17.5203
17.3664
27.8234
18.2612
20.9841
29.096
32.7498
26.9845
21.7262
19.6058
20.9433
26.3286
20.7257
22.7154
24.2513
26.305
20.664
19.5943
23.456
28.687
31.8408
29.1046
20.9133
24.6078
28.8417
19.2981
27.6783
20.2702
17.4198
20.3955
18.2783
31.5574
17.0941
19.0432
18.0583
19.8899
21.4329
21.8021
20.3671
34.7247
21.4805
25.3253
20.9169
18.7932
19.9825
18.4343
18.1436
19.538
22.6943
22.0623
17.7423
23.2323
26.8313
21.9173
18.6413
21.8309
20.8445
17.4223
21.0848
31.1706
35.0281
31.9275
28.5066
42.1438
27.182
32.7561
24.3045
30.729
21.7525
21.3499
28.1609
23.3308
23.9359
21.2839
36.2574
29.7719
19.9945
24.9963
19.2377
19.5973
18.9365
21.3152
19.4712
20.3314
23.9279
27.5247
45.107
24.134
33.8846
27.3656
25.8381
21.4862
23.5629
24.5381
21.8628
27.3123
23.5808
28.4729
19.1822
20.2893
19.4016
22.3633
22.5621
18.465
18.6996
21.3864
18.6365
17.8317
19.7584
21.9684
27.4373
19.2082
26.6424
18.9942
29.2707
23.0748
18.7106
20.2889
30.2504
17.7599
20.7079
19.0965
33.3132
22.946
19.4858
23.8571
19.7616
23.575
19.6194
22.3847
19.674
27.236
20.9593
24.5889
20.2293
19.7039
20.6671
21.3286
35.7734
28.1654
20.9177
22.9992
19.9242
36.4845
27.1008
39.7324
25.3104
33.4298
25.2491
33.226
29.6825
19.3268
23.1366
29.4675
20.4418
36.2267
19.7543
18.5195
22.1524
30.3723
18.7861
17.1135
16.6389
18.3992
31.4801
29.7995
19.5864
22.1952
22.1195
31.8813
28.2357
25.3706
22.6864
27.1812
20.9514
18.8274
18.855
29.973
20.7987
23.0331
19.5253
29.0257
20.6024
30.0629
18.593
23.5281
20.2786
33.2911
22.0867
36.0424
25.2473
30.2811
19.1654
22.0607
19.7689
40.8757
22.71
25.8893
22.2303
19.5331
21.7914
20.1096
23.0295
19.5412
30.4093
29.9976
32.2718
18.8556
21.387
20.0373
19.3451
31.9456
18.3391
26.2762
27.5067
19.9696
23.3978
25.4649
23.4462
20.1794
27.4101
21.2866
24.0951
22.6298
23.7186
30.2163
19.5267
20.6225
33.5495
20.6349
33.0506
40.9236
19.9194
22.8714
21.4562
18.4408
23.8012
26.3692
22.7643
27.8549
24.4939
22.7652
23.4786
21.1158
19.6078
23.8405
24.791
21.6635
25.3773
29.3466
15.9943
27.4172
18.3227
25.1496
19.1585
19.3303
17.7259
20.5527
17.36
19.3829
16.0155
17.5987
26.6558
16.0499
28.8361
17.9637
19.7021
20.3883
17.3078
27.9156
20.3615
25.2003
16.7079
24.6205
18.9199
17.0937
19.0775
21.9435
20.8255
16.847
22.2572
17.7772
23.7945
18.5038
30.1739
28.05
28.6163
21.3565
27.4866
24.7228
19.3622
19.274
17.2669
19.158
22.6178
31.069
24.788
18.5462
23.0294
29.7913
19.6955
21.6628
22.1453
19.9338
30.5609
20.7112
20.8361
32.8138
18.7344
25.9618
30.2139
21.9753
29.5798
17.9754
17.9933
17.7432
20.3492
28.785
17.7627
22.4089
23.9766
19.1872
18.2946
18.1399
24.3506
16.9693
22.9582
17.7235
21.9855
19.0549
20.2338
15.8475
24.3057
28.3987
16.3265
20.4121
18.3119
20.2161
19.7975
17.1132
20.0398
19.3509
25.1864
17.6883
19.3218
20.4483
22.5879
18.4629
31.1027
18.8211
30.1612
28.5609
20.5517
28.7119
34.6922
32.3868
22.8168
21.7392
22.6246
34.9136
24.942
20.8109
36.7478
23.0653
24.1898
22.6079
18.9406
21.0525
32.6326
21.5129
29.6101
25.0851
31.0824
26.388
34.1486
21.8741
38.3547
24.4472
25.0887
32.7459
22.0447
22.3048
22.3003
22.6847
27.5168
22.8197
22.1149
20.1352
19.2172
23.3777
19.2066
21.866
21.6641
20.1704
22.7649
19.6251
24.8485
19.3618
18.122
17.0266
28.8391
29.6968
16.4055
16.8064
19.5314
21.4926
17.6952
26.9167
16.635
26.7125
16.0828
29.5515
26.5895
18.0883
24.0316
16.6337
26.0543
29.2252
20.3971
22.6266
17.0316
29.0533
17.7714
20.2548
16.8255
28.0071
17.5627
24.3181
28.3364
18.7086
20.2985
18.9376
18.1796
17.6041
18.9861
18.8042
33.2901
18.7073
20.3415
18.9376
31.9185
32.0111
18.8749
22.5391
18.8868
29.2348
24.103
29.6045
18.9938
22.4034
20.322
19.6916
21.7616
19.4457
17.7944
27.3961
18.501
22.9435
22.555
24.296
22.1125
19.4351
27.9575
22.2975
19.5223
17.9156
17.8002
26.5313
17.6863
28.9285
17.9842
16.4886
19.1364
20.1125
15.1623
27.4529
21.477
16.437
15.7912
22.7077
18.2041
28.2178
15.2247
24.8252
21.7731
27.2276
32.3502
21.1115
26.752
17.9703
28.8456
26.4938
24.1198
20.163
23.8171
18.8829
16.237
17.3058
15.3144
15.7153
28.6683
18.2706
17.3271
18.086
18.2498
22.9591
17.5479
36.5422
16.884
22.4884
18.8192
28.2241
18.9531
18.1077
17.6836
30.6818
22.7383
19.4065
19.609
23.9471
21.9319
19.0647
27.4842
20.0003
24.2809
19.5862
29.6851
18.2587
17.9561
27.5821
28.7862
17.9461
20.302
17.3998
18.8206
20.447
20.2213
20.9074
16.7108
16.8414
18.4421
23.029
24.0025
19.8959
25.9905
18.7662
21.0878
18.3575
28.0274
29.2133
20.9275
28.9514
19.0514
19.9176
21.5204
21.2628
22.6506
19.4664
24.4793
22.9094
27.3221
19.8774
25.4128
20.4246
16.9101
18.8195
23.7157
16.6933
19.5093
26.2372
20.9518
25.8163
20.3641
25.2227
19.9281
15.2511
16.1153
22.8814
16.9786
16.5992
14.818
25.5382
17.1014
17.9297
19.4598
22.5999
29.8863
21.573
19.4857
20.427
19.4293
19.9421
30.5775
20.1227
28.8312
22.898
25.9289
23.1988
26.5326
28.3407
22.0757
23.2615
22.1073
38.0125
24.9869
25.2081
25.235
25.6269
21.138
27.4912
29.9852
28.7989
31.5955
20.3511
26.2441
20.5149
22.7738
34.2859
25.2937
31.9379
20.8927
30.0234
23.7991
25.1041
21.3601
21.1562
33.2546
21.4672
32.0482
27.6953
33.9421
19.5938
21.2922
22.3378
17.9333
30.3734
18.9727
33.24
19.0691
26.3758
17.3991
21.6325
24.0946
19.4124
20.1783
24.538
34.1708
18.3207
14.6872
23.1038
22.2261
22.1285
21.2207
29.9595
22.3821
23.6622
21.716
24.4578
27.2989
34.9928
31.1979
19.3169
23.3043
24.1609
17.6869
28.3948
28.6228
23.4106
20.1993
30.3066
20.6599
20.6481
18.9758
28.4834
18.1066
31.4805
20.9427
18.3136
29.6627
19.0105
24.5596
27.1639
18.9301
28.2989
30.7908
17.6659
32.2208
25.6483
20.684
19.4763
22.7023
18.7104
31.9336
18.4049
22.8792
19.2491
20.5733
33.8012
23.6072
19.8512
24.5911
25.392
21.9765
33.0457
24.9771
24.2091
24.805
31.7955
24.0308
26.6517
33.4303
22.8079
23.5874
22.5398
26.8278
28.2336
24.514
25.4445
24.6422
22.9737
22.7009
22.252
31.4168
26.8545
20.8362
32.1121
23.4786
18.1222
24.5583
19.3613
18.2916
17.5615
15.5563
18.6862
24.0551
27.2298
18.2952
25.6908
18.1517
19.0606
16.2599
29.582
18.8565
21.5563
20.195
17.4453
26.2938
20.8499
20.6139
17.1051
27.7432
17.5231
23.787
19.2981
29.904
20.2277
23.8272
26.2458
19.1731
28.0866
22.8891
19.913
22.5259
39.5727
21.6188
22.0375
35.9002
26.4981
17.8031
18.6256
23.3512
20.0387
29.1
20.1516
28.4325
29.7341
19.7219
32.4308
20.9974
22.8673
21.8099
21.8891
29.0372
20.6755
27.8991
25.5692
19.1451
22.0546
36.0321
23.8528
21.5798
30.2167
28.7778
22.0993
21.319
31.8468
23.7957
26.8958
33.1985
22.0512
21.0357
23.8083
25.0113
20.6136
32.7379
22.8337
22.9527
24.8133
21.5206
27.0119
22.3892
20.3084
28.3483
19.0519
26.7616
20.458
29.7925
20.0406
26.7689
19.7687
42.4409
22.1001
23.1052
24.7387
23.2122
24.148
25.905
37.8373
26.6265
23.6473
17.1348
15.9989
20.8632
19.8421
30.5513
24.865
21.6436
18.4122
31.7207
27.7428
34.6996
20.9064
34.7937
21.3755
31.0842
19.3244
30.8924
32.1545
21.4968
23.1541
20.1168
18.8656
23.9173
18.8732
22.8808
20.2278
21.4099
21.511
19.1886
19.7868
20.4546
29.9911
27.4644
19.3806
20.5478
23.3465
19.2642
21.677
23.4579
21.4984
38.4011
25.6881
30.5307
19.4147
35.5851
26.9876
23.7737
23.7679
19.6688
31.9407
23.3266
19.8241
20.9706
21.1706
19.6572
20.3116
19.4238
16.7602
26.126
19.007
32.9788
32.7503
19.5289
27.0768
29.6609
18.0205
18.59
23.5476
27.9944
19.9667
26.3812
21.9032
18.9142
21.0614
25.6862
24.8767
22.624
22.6429
22.962
29.5943
29.0146
26.0889
22.3005
22.8902
22.2084
22.3437
25.2234
20.8623
22.9301
34.4933
20.6491
18.8698
27.7739
18.816
20.6453
19.8688
21.1092
19.2654
23.2322
21.145
20.7916
20.2814
18.7488
20.6799
20.3595
18.85
31.4304
21.0524
20.4519
26.0656
18.638
30.6833
20.5937
20.6616
23.1987
19.9326
31.2902
28.3041
19.8234
20.5675
31.3682
21.8246
26.3731
20.8114
21.9099
24.799
20.1305
28.2618
22.5031
30.9841
33.8327
23.0524
26.511
21.488
34.3595
25.2627
20.7484
23.1153
18.8987
19.255
20.6965
21.6121
21.4814
22.9264
19.382
35.0797
25.116
20.1607
21.1655
20.805
21.1731
18.7465
21.3342
32.5817
26.5811
20.8756
21.3264
28.8006
22.7765
23.6793
22.8922
24.869
20.0747
26.4437
23.4165
17.706
17.607
37.5144
20.0693
29.6644
22.3312
15.7069
19.8347
17.6773
30.1247
27.8151
30.9126
19.6334
21.1712
26.8905
31.7387
17.9933
19.2661
30.102
18.2491
21.8611
29.0126
17.7182
21.1796
19.3157
18.8766
13.0794
17.4587
19.4746
22.8376
22.1253
24.0622
25.1178
28.2864
22.7811
23.4243
21.6501
18.8677
32.5268
23.0594
37.9213
36.9129
20.7295
34.8043
24.7665
23.7027
30.6806
24.4315
31.4832
23.2788
20.3507
20.0376
24.8631
22.2984
30.8842
24.5183
19.9289
25.8788
18.7666
19.0851
22.6864
18.5369
19.2021
22.6937
16.6667
19.5731
17.8013
19.3506
16.9122
28.2244
24.2461
15.7951
24.2414
18.1063
25.7232
19.8263
18.2033
22.1286
23.41
22.8968
25.047
23.3398
21.3169
20.2126
22.6302
30.6908
19.664
17.7143
25.5323
17.9398
24.3053
18.2789
22.538
20.5436
20.3921
18.1263
29.8513
28.4013
28.4769
16.3831
20.5799
18.1064
19.9232
29.5166
18.8921
17.6899
22.0211
30.0754
19.7742
42.8919
21.5705
35.2359
29.9432
34.3091
35.388
28.0045
23.2473
24.4386
24.9628
25.1301
25.0082
20.5568
31.2415
21.4343
32.2558
20.2136
20.9044
18.6789
19.5509
17.2148
20.9397
19.7018
17.6908
17.9482
20.44
19.2817
30.9894
19.6882
19.169
22.4139
21.6114
20.8269
17.9004
24.0514
29.6884
20.6116
22.3842
20.7312
21.6247
17.3644
16.6659
18.1977
24.0009
23.6112
17.1957
23.2686
16.7423
21.6208
28.7748
31.7421
20.7601
17.4927
19.9592
29.3851
18.1201
22.652
22.8559
30.2425
17.8934
17.9814
27.6298
17.4286
15.8918
21.2063
16.8865
17.8749
18.5002
27.1982
18.9328
18.1673
28.6335
19.7622
22.0245
29.6559
19.7151
27.8585
21.1471
31.3291
18.6381
20.0755
16.6451
17.788
19.1134
25.6893
19.8773
18.6718
18.2671
28.5115
23.2656
18.1399
25.5578
23.9052
21.4456
24.3665
29.785
22.8871
31.5241
36.7448
23.3518
23.552
23.3536
33.7434
40.2301
16.9737
19.5852
19.8954
26.0046
23.1755
23.6834
28.5509
28.2336
35.3422
30.4246
21.0461
26.4656
20.0807
19.1475
22.1191
34.9225
17.9428
17.2136
18.4435
17.4923
17.8252
23.6674
18.6953
17.0618
18.7065
18.1675
24.5039
20.3627
19.9002
20.7568
21.7262
28.0163
19.6254
30.5423
29.2378
35.4001
18.5327
30.9639
21.4302
29.4372
17.3336
20.8471
24.1494
29.9686
19.7756
20.4656
35.5139
21.4194
33.571
18.9664
21.1486
24.3672
18.7613
31.4056
19.541
21.9189
29.2655
36.6254
22.2144
20.2399
27.1872
20.9132
19.5858
19.9114
29.8091
20.3975
19.6545
26.688
18.9541
20.8849
31.8777
24.3133
19.6569
30.318
19.3564
18.6332
22.1204
20.6024
19.7418
19.2283
20.2002
28.2033
20.4001
18.7108
27.9839
19.1217
32.5362
19.915
21.0746
22.2928
24.1706
22.8524
21.588
23.1581
23.6786
33.0069
32.2054
28.7882
34.8926
24.1733
37.1402
23.4762
32.779
25.4931
26.8785
23.3715
30.6185
31.3072
22.6443
20.7213
18.6803
22.9408
22.1695
20.3524
23.2624
18.8298
21.8082
21.3538
20.4269
20.2082
24.4119
20.4376
20.016
23.8998
18.9019
24.9474
21.6791
20.2748
19.6491
26.3044
21.1552
22.0289
22.2108
30.4348
31.4234
22.6146
21.0174
20.4897
21.0254
27.0247
20.5584
25.0774
26.0758
34.6118
28.5844
23.9125
32.8096
23.5367
21.2125
30.1279
21.7927
23.2891
26.1512
23.6994
18.8003
26.5028
31.0669
26.208
18.4945
27.6229
19.8827
19.9375
29.9828
24.5566
25.771
16.5434
25.856
17.0314
33.3863
21.0109
19.8812
32.1882
20.5645
19.4909
31.2206
22.2394
29.2164
21.7838
21.1265
23.1953
22.171
17.5999
31.2337
15.7464
16.1157
16.5165
27.2473
22.7164
22.4842
21.4828
20.649
31.8971
20.3755
19.7898
20.0226
18.3423
30.8395
17.9891
26.1337
23.1817
25.4095
18.6279
21.4375
30.4346
21.8557
23.9265
28.6517
32.1834
21.4681
30.8735
21.3944
35.0366
38.2709
39.5032
21.5138
35.9326
20.668
27.1987
21.1782
18.3097
19.0783
30.8509
22.6022
22.2864
17.5039
37.9072
22.9571
27.1137
17.6083
29.3238
19.6167
20.723
22.5598
27.3174
18.4634
29.1129
17.7157
30.7227
19.4896
20.4662
19.362
20.1387
18.7797
24.6101
21.9459
21.112
23.2882
32.1089
22.377
24.7955
22.5759
28.2639
24.0338
20.5811
25.6657
33.5812
22.8646
33.0646
26.3452
33.2387
19.7738
36.0844
22.2582
18.6913
18.53
19.2469
32.4915
19.4374
28.783
19.8945
22.0114
20.7291
21.3702
19.6627
18.3606
16.1151
20.3324
27.0777
15.9569
27.5578
16.5347
26.0841
19.1884
16.9161
19.4783
17.1941
15.3478
18.6985
23.6886
18.2897
20.018
19.301
19.4982
17.9574
20.7512
31.1871
20.8764
22.2444
23.7206
22.1565
20.4761
28.16
20.7832
27.0863
21.4782
16.7494
28.3023
20.7049
29.8804
20.5292
20.4388
27.7144
20.8956
20.827
25.4954
21.4255
19.7801
22.8129
32.0969
31.9137
20.3247
38.4427
31.8376
39.9486
31.9903
37.0013
28.088
25.4236
23.1435
34.665
23.4596
37.3199
30.1623
29.7231
21.5298
25.1299
23.6277
32.5152
29.1989
20.7147
24.3197
21.5476
24.6634
23.0823
29.833
21.4725
22.9893
22.9924
22.5505
26.1826
23.5762
23.7983
30.3823
20.3151
26.3934
23.4957
25.3688
21.1897
26.7087
24.6896
15.2641
14.8472
18.4055
18.5081
20.5506
27.417
29.9882
19.2228
20.5807
24.3018
17.103
19.2676
19.5666
22.3785
21.9478
21.8711
20.8057
24.4595
27.2862
22.9166
29.6678
24.1529
24.6069
40.9473
26.8272
30.9505
25.5323
28.0903
24.8058
23.6202
22.0809
33.9209
21.043
21.7341
20.3736
23.2703
21.1623
31.8017
24.9096
17.0198
20.3815
18.4893
18.272
20.047
18.1152
21.2834
16.8127
18.6358
17.7138
32.5561
20.5503
25.9748
19.3896
19.8348
18.9651
22.0894
18.0675
23.4383
26.1288
21.7072
16.6117
26.361
31.7651
21.6803
17.7671
27.6949
24.8235
24.7061
19.6069
15.4736
16.6563
15.4628
22.9493
16.2224
26.2665
21.4159
16.9649
17.1062
16.2094
16.1421
16.4558
25.261
17.4861
23.5066
16.6468
18.7975
18.0107
20.1472
27.6863
28.8671
20.4816
26.7593
21.4256
22.2893
20.1837
20.587
20.2787
26.0542
22.7569
26.7707
25.4691
21.8749
22.7629
21.8174
22.5338
23.7637
24.4459
36.6447
19.1048
31.84
25.8823
28.9854
22.2595
22.0473
24.3354
22.0432
32.2239
22.4318
21.155
16.3399
18.9898
23.2229
17.6181
26.0638
16.9409
21.5049
21.1042
18.3276
18.7408
18.5867
28.2254
20.6881
27.5902
23.037
22.8484
20.9308
26.8286
23.1736
18.6926
32.0361
21.3794
27.9503
27.3124
28.7934
33.9369
19.7935
30.6816
26.8042
19.8022
19.2479
21.3171
25.1316
20.2982
23.1275
18.454
21.6787
24.2086
19.184
33.8371
21.4334
22.711
21.1234
28.353
30.9021
28.1171
26.2217
29.4236
23.5611
23.5629
17.6911
27.0059
20.5642
25.2667
20.5847
17.5722
16.2929
21.2522
16.8899
18.4711
21.6777
17.2116
24.099
28.5549
20.8732
27.919
24.6028
17.9599
28.6433
28.6204
32.2442
20.3804
16.2901
18.094
32.6864
37.0718
24.5238
22.1535
38.2759
31.1919
23.9471
23.71
24.4384
20.2263
27.85
22.0966
22.1906
39.7216
24.9527
23.3343
21.086
24.2145
22.2108
22.5648
33.1509
26.4588
40.6614
29.3943
23.38
27.7159
23.4154
25.8758
36.013
33.2426
27.5564
25.7377
35.7551
22.8995
29.6291
19.2923
27.1668
21.1844
25.1379
30.0908
20.3255
33.0003
28.3995
18.9769
27.8831
19.2451
20.4077
32.7362
23.0286
17.6834
22.5991
19.3697
18.5548
18.4347
21.0391
20.6721
26.444
23.1616
23.1803
21.8505
29.3818
21.4748
20.8999
22.4214
26.5334
21.2156
22.1297
22.4269
23.9859
20.9404
22.6856
24.6949
33.1214
24.6982
24.1136
19.6993
28.222
23.6643
21.5375
32.4542
21.1312
26.5425
22.6824
32.7148
26.9006
23.9062
28.4328
27.5756
31.5002
26.454
46.5157
28.1406
27.3805
23.5231
37.1076
23.8946
32.0714
17.5842
27.072
19.1967
28.2628
29.7555
25.9789
24.1928
20.4224
20.0645
17.7922
19.032
19.3838
27.3587
17.9103
26.8218
16.3381
28.9476
21.7919
17.3327
20.3641
16.9897
19.9876
18.3477
21.0179
24.1067
19.0229
20.4597
30.2309
23.6356
22.9868
23.2559
28.609
21.527
23.764
22.0314
22.7399
23.5104
29.2865
21.2971
19.1482
32.6218
19.5862
23.943
21.6602
21.5458
22.1047
23.2789
31.2922
22.9389
21.3148
19.8941
32.2751
22.7531
19.8066
19.1158
31.6955
21.404
30.2087
25.2709
27.903
22.9453
21.2018
20.8157
20.3534
20.2049
20.3553
19.6187
20.4085
20.2806
19.4551
22.3885
20.9976
30.8869
20.4012
26.8759
23.7701
31.4116
20.935
19.9616
16.5269
18.5437
26.4191
18.5748
20.7069
17.2375
21.1383
17.8683
20.6745
28.498
20.0283
19.4688
26.2766
20.66
27.191
21.0606
32.332
32.1644
19.8767
20.4845
19.3507
31.6065
20.4399
19.3046
33.5809
23.6418
24.2515
27.6877
22.2263
21.0667
19.2254
22.3404
26.1106
18.704
20.8205
18.0024
25.5583
28.8826
25.4596
19.8305
22.4981
18.1123
31.9869
26.5107
25.126
27.0597
24.2482
27.2146
31.9087
28.4049
28.3468
27.547
35.6383
29.11
36.6124
25.5
24.3035
24.8293
21.2543
27.4057
20.1095
21.996
19.2695
21.734
28.0019
17.1273
26.8832
18.1795
20.5089
20.1367
21.7425
16.9563
28.5044
18.7633
20.6203
32.6174
22.2057
22.3201
20.9577
18.9742
30.9848
20.259
24.8545
20.0937
21.8434
18.9889
18.7335
20.6085
18.4773
27.7046
19.3781
22.696
19.4126
24.1014
25.6771
21.6288
20.1691
21.3092
20.8503
19.8574
18.1352
18.1249
15.6973
21.4151
17.4449
19.9424
17.1181
30.2216
19.5894
25.3638
20.5383
20.9396
16.8532
20.7857
19.1213
13.6868
18.6168
20.6095
27.2232
28.4985
17.0172
28.7238
23.2541
16.7653
31.4836
21.6286
19.9417
20.671
15.8786
16.3197
23.4078
16.5017
27.2607
16.8284
24.6274
16.2165
31.1606
18.8914
21.1836
16.559
20.3404
16.0258
17.3215
17.1016
25.2917
29.0098
24.7613
21.9525
29.3377
20.097
28.7161
23.592
20.9072
20.3917
22.3595
41.5188
19.8227
29.5495
18.6422
28.0041
29.9317
18.6563
21.7072
19.4762
17.6008
29.5221
21.4565
19.4034
19.2663
19.4667
19.9697
15.7243
17.4971
20.2382
22.197
22.381
19.2249
18.4231
18.8909
21.9183
19.1819
18.3524
22.8527
21.0041
19.1744
20.842
23.7654
28.8034
22.3064
30.3914
20.9936
19.7134
21.8807
20.9159
22.399
17.8746
29.3182
20.4421
22.639
18.2357
19.1151
22.2225
24.3955
18.0121
32.2362
16.1943
24.8883
25.7859
30.6167
18.8019
23.373
21.1418
27.7552
17.7894
19.6682
30.5217
28.3263
20.7363
24.8535
24.3791
17.9387
16.5715
30.3737
19.6122
24.4566
37.4708
19.6215
28.0954
21.4229
28.5771
20.4822
30.7897
18.989
19.5334
25.9048
26.9236
19.5708
27.5471
22.3175
29.6166
21.259
28.4243
20.0678
23.2004
20.0199
25.8644
23.0423
21.97
23.7735
17.0646
29.9036
28.3581
19.8109
16.9183
29.222
27.9673
18.1006
29.8961
27.2875
21.4924
28.1207
18.5012
17.9363
24.7884
18.3786
20.734
16.4255
17.4306
15.883
22.3107
23.3857
16.3343
27.9905
18.5115
16.4131
20.5339
15.9966
14.7665
17.1227
22.1164
19.7292
17.3798
21.7957
19.2955
31.3089
20.2286
21.5967
18.952
31.1502
19.3671
18.5282
19.1479
17.6307
25.4256
30.2965
20.0764
19.9742
26.6608
19.2338
18.4866
17.8992
19.4036
35.3379
22.9166
35.4024
19.1794
28.2832
19.363
18.0702
15.3736
18.2603
33.5496
20.3947
23.8651
20.2118
20.4481
19.6071
26.0051
22.0869
22.1104
20.1032
19.6347
16.4052
19.8164
24.601
21.4037
23.1602
20.2084
30.1247
20.5075
25.7527
22.0196
18.3625
19.3586
29.6398
23.2393
19.0305
21.4793
20.5425
20.2773
27.0813
23.9929
22.8538
23.4379
23.5902
26.0686
25.6684
30.1747
32.7995
22.6035
22.5888
29.4609
26.9121
22.8853
26.7294
20.5463
20.9251
21.4604
30.2273
21.6224
20.3008
20.8161
18.542
26.8729
18.035
21.7531
17.0546
15.3939
25.344
17.467
36.9212
19.5671
21.2888
17.2637
18.6376
25.1874
16.9848
24.6511
20.4127
18.598
39.5444
32.9034
22.4864
24.3036
17.1838
17.8308
30.7191
19.958
19.4333
15.8189
17.8317
15.8525
25.2989
17.3861
17.8724
17.6485
26.5041
35.6864
27.4755
24.8802
20.9769
27.8521
19.213
19.8681
26.7213
22.5141
23.9171
22.1727
34.2374
24.925
23.7684
31.8744
26.0275
21.8409
28.6963
20.3293
21.9501
31.6568
22.9057
21.604
30.2976
23.2
25.0119
20.4191
18.5979
27.9781
21.8847
30.5073
25.1722
27.5117
30.8106
25
29.2197
25.0182
36.3314
25.812
34.4573
27.9858
24.6456
28.0275
29.2509
27.1008
32.1178
26.0461
24.871
30.1362
28.1678
30.2647
27.7624
47.0659
35.9848
29.0526
28.6937
27.6267
26.6382
34.7358
32.8245
36.4567
21.2555
29.7405
16.5881
25.4627
21.0338
17.9576
25.6121
22.2381
19.4138
19.1827
34.839
23.2922
19.7356
21.0861
23.065
37.0582
22.9729
19.8387
20.6331
18.4738
22.9818
19.2378
21.7069
20.7176
26.7549
23.5226
26.8227
17.0973
16.1856
26.1031
16.7185
21.0563
17.915
17.6431
22.8597
30.2842
17.7485
24.7913
36.2812
20.0519
33.3271
21.5588
24.0819
20.4298
36.4018
19.7007
25.2556
20.0065
28.2169
17.9322
19.3267
20.0793
20.613
18.0468
32.0257
31.0558
20.5006
23.4849
27.1218
29.149
20.5202
27.6776
18.8791
28.337
19.9462
26.5383
28.179
19.0763
23.6165
17.1331
19.5141
34.4199
21.4355
21.1366
21.1123
25.7364
21.9391
20.4572
18.054
18.5065
33.2784
20.4829
23.2507
31.2299
20.7263
19.1754
17.0157
26.539
31.3067
15.6729
22.0285
17.1125
26.917
20.62
21.4061
29.326
19.3442
23.4808
19.7423
27.7186
17.596
19.4566
27.0004
18.9281
31.344
21.2161
26.5429
19.6694
23.3887
18.3749
18.838
33.2558
19.8736
34.809
22.9531
21.6234
21.6591
20.6499
20.8945
31.1116
30.6319
23.6117
18.9889
21.5173
24.9101
27.3386
31.5046
21.8
20.1698
31.3034
21.6863
31.2902
21.9616
21.2354
22.4221
28.7383
20.6346
20.4523
37.1365
21.0169
26.8847
21.9709
30.7876
26.1456
19.204
31.9941
25.4299
30.6174
33.7273
22.5002
19.9358
20.4199
21.3813
20.6884
26.4022
33.0508
28.334
21.1415
27.3007
21.8971
22.5857
21.4904
31.8813
21.1987
30.919
20.7077
22.2541
18.3441
26.6986
20.3977
30.835
38.3868
20.3786
30.0466
21.1007
19.3607
20.2457
33.6274
19.0729
28.0325
27.6253
26.841
24.0459
20.75
23.4886
19.0356
25.704
19.4305
19.7758
18.3826
27.9887
22.7534
18.4842
28.2809
21.7398
30.8233
20.7169
20.7281
27.1731
19.6316
20.1798
28.1456
28.6066
20.7069
21.9235
21.0039
17.0541
14.5097
16.9476
15.9068
19.122
19.1149
31.1165
19.3194
19.1774
20.8849
22.5584
19.9814
22.1121
23.274
23.9664
15.9909
17.1597
23.1037
18.8568
18.4421
23.723
30.3524
20.774
16.261
31.6417
20.0829
16.7865
27.1634
29.5045
25.271
19.7597
28.9869
31.4298
27.6603
16.9411
26.0867
19.5324
23.7443
17.1146
20.9484
17.5796
19.3108
25.8918
30.2548
19.8316
29.0807
19.515
20.6274
34.4148
26.7679
18.8774
31.6318
27.9402
22.528
21.7519
20.6538
20.6372
18.4425
16.7773
25.2763
17.2239
26.1243
17.1761
19.6415
18.7965
16.824
15.024
15.4156
16.4827
26.2636
14.9612
19.8942
20.9621
23.8556
16.0622
13.5692
17.2243
15.6831
15.7295
19.7542
18.5172
27.5443
21.1051
28.2284
21.3778
21.1343
28.1837
22.9473
18.9878
16.8824
22.7383
17.3503
18.422
17.3426
16.7139
23.6025
16.5261
14.793
18.2101
23.5925
15.5201
26.1673
18.7162
16.5122
18.5722
15.8755
32.2665
21.2392
19.1464
17.9934
17.7462
14.5933
26.8135
17.0229
27.7153
24.9555
18.8401
16.7739
15.8621
23.7389
16.6878
16.4109
20.6748
14.1219
15.8511
20.6883
16.002
25.6974
14.6446
17.7059
15.251
27.9499
16.7987
18.0862
19.2004
18.4397
18.5846
18.4962
21.1965
18.1644
29.5168
18.8841
18.8481
19.2111
18.5025
23.6851
15.8458
21.6772
14.2823
26.8538
24.1523
15.3929
15.6614
15.4059
20.4092
13.7388
13.6045
16.2812
17.6444
15.8862
17.7813
14.8452
18.4236
17.0777
14.8396
18.7531
16.3549
15.6574
18.2704
21.4121
18.258
16.0273
24.344
17.5522
22.1293
17.1098
17.637
15.0903
28.8545
20.3139
26.7888
23.9405
19.5571
26.5947
22.0915
25.7049
21.7828
20.643
20.214
23.9999
20.5291
21.6458
26.8596
23.6807
24.6699
15.5219
24.1437
25.0528
21.0724
21.6807
21.019
22.3935
21.6036
21.9334
20.3972
26.6034
21.2641
27.9756
32.2634
23.2386
24.7423
18.8601
20.1639
21.2348
23.9371
22.1703
20.532
35.4139
20.8851
18.1056
23.8886
19.5819
16.4894
17.6663
21.0674
17.2633
21.8838
20.5624
26.2772
16.2374
22.3602
24.5065
18.6066
22.439
17.7748
22.7484
21.6895
15.1734
24.0855
14.4137
23.6689
16.1836
17.0699
21.9587
15.7693
19.6528
22.7112
20.0738
18.0184
20.2485
26.1436
18.3342
22.9385
18.2808
20.9364
30.315
18.4494
32.5945
19.9704
26.9688
16.611
28.746
24.4776
20.1151
27.0907
19.2088
30.8446
22.8736
21.313
21.7426
18.2446
17.7489
27.2581
16.1056
18.4222
23.3633
20.7623
36.312
23.2584
31.3371
29.5877
26.6175
20.8382
18.4751
30.8284
20.3236
18.6018
21.8761
19.1253
37.1627
21.8763
20.4638
18.9525
17.7097
28.6215
24.5801
25.0918
29.5587
22.7925
19.3203
28.5374
18.751
25.7531
16.5382
19.1811
25.8459
19.8569
21.9669
30.9125
23.5482
19.3625
18.684
25.0752
23.8417
16.1396
25.766
16.9801
23.3646
19.5699
20.339
19.2271
26.3525
20.5637
21.4507
24.1073
20.9489
19.7622
19.4725
26.1888
19.0598
23.6432
31.9053
22.2504
18.4771
18.9929
20.5971
25.5351
19.5026
28.9692
21.2073
20.567
18.6412
18.3898
20.5351
20.5521
17.6721
16.3431
16.4578
19.3958
15.827
19.726
15.3123
27.8921
19.0382
28.9152
16.9151
36.038
18.5308
30.1417
27.7832
20.2125
19.9925
22.0014
19.1073
25.8572
17.531
16.1793
18.5429
18.0062
15.4631
28.0043
19.9546
15.138
18.8032
20.1163
20.677
17.091
29.2729
20.9266
15.9369
17.7159
18.9796
17.0209
15.8107
17.8141
17.8144
21.0465
15.1119
14.4378
13.7205
21.7584
11.061
14.5638
18.4099
17.1554
16.2297
22.1595
16.1391
19.8627
19.0828
19.2934
24.8888
21.548
34.2035
28.2963
27.5949
34.9734
21.7087
18.7819
35.2302
21.1111
32.7146
20.1787
29.4245
20.847
28.5251
23.0368
20.6984
17.832
21.9396
21.8696
22.41
20.4643
18.8707
17.1544
29.175
19.8264
30.896
24.0806
29.1237
20.6092
23.1171
21.8837
25.1614
19.4903
24.1023
19.8715
21.4374
25.606
19.7871
22.1036
21.6832
21.5007
24.1863
20.4767
29.4324
22.2286
23.7708
30.2547
29.5618
27.0292
27.8296
17.6991
27.1044
21.5012
17.8578
22.3815
18.5154
19.6905
19.9656
16.2894
23.0009
20.8708
17.3151
18.3716
18.1492
21.5254
16.2956
18.039
18.6154
16.9434
25.6491
23.1359
28.7809
18.9211
17.9078
18.1439
16.9729
19.1209
19.9715
25.7255
21.1671
18.5513
20.1858
30.7521
27.4363
17.6188
18.2975
19.5594
20.1994
18.3329
18.6405
33.7298
18.5568
17.6811
22.5403
18.3556
27.9994
16.5891
25.7721
23.1961
16.4799
19.7722
18.5067
19.4848
18.6869
16.9448
23.4727
25.008
21.9982
25.5834
18.5632
29.4716
20.1226
21.6935
22.4774
18.9544
20.6122
18.811
22.9769
18.8654
22.7952
19.8858
18.4257
21.5073
20.6862
21.8836
19.3733
27.9879
17.6378
17.6682
16.4275
19.5374
27.9327
18.5877
26.0327
30.8935
21.2413
22.9557
22.4108
20.4396
24.0881
19.0587
28.9504
23.5678
27.655
19.7857
20.8501
21.989
19.4043
34.8226
20.6288
31.8112
24.3771
29.276
22.4561
24.1791
24.9793
34.8438
31.9522
26.8902
32.5065
23.2826
33.7808
25.5953
24.0718
24.0372
28.9885
31.6544
39.8916
24.5134
39.599
42.3813
20.7941
20.7112
20.1151
20.7026
17.6777
30.136
24.7901
19.066
22.9121
22.0437
17.7488
15.4476
19.893
25.2228
26.5274
23.3563
33.9315
25.3771
25.5208
29.0301
18.9306
32.7174
24.2396
25.838
20.8816
21.5284
21.0453
19.6734
27.9429
32.3429
22.1639
29.9357
19.8051
23.3407
19.7409
25.9799
18.6332
19.3598
19.7809
30.6299
30.8874
23.0399
18.3622
22.1213
18.3335
20.3812
18.7402
34.59
18.8828
25.3868
29.2042
25.1218
20.7172
30.1504
19.8575
32.8262
19.3638
16.1857
17.7741
35.2222
27.1772
31.0347
20.0315
31.4216
19.1324
26.7793
16.9884
17.9688
18.9775
15.8036
21.3824
20.886
17.5139
19.2286
20.6415
26.1854
18.5117
19.3464
17.4998
18.0186
27.1615
18.5822
19.243
19.4307
30.7074
18.4057
19.0364
18.6621
29.4188
24.4604
16.7588
17.7896
17.5053
18.9652
17.2562
25.145
21.928
28.5146
23.0007
19.3414
21.8199
19.3201
19.4656
19.7755
17.1077
21.5978
18.1861
18.3939
30.2685
33.6306
18.2164
29.4777
18.6494
24.4228
20.1319
17.031
18.445
26.6868
19.6228
24.2133
21.4784
16.8285
25.2109
16.8628
17.6803
15.6436
22.0019
21.8186
19.2676
26.0485
18.5241
21.0438
23.0881
20.0234
18.6791
18.053
25.3803
21.0918
20.7743
29.9096
18.3728
28.1268
18.5877
23.0192
35.2925
34.1261
20.3758
21.9897
19.9459
20.6912
19.2899
18.4911
18.5478
18.1938
22.1434
18.0552
18.037
26.5759
23.0072
25.0056
33.178
20.6104
18.6948
26.2091
21.9471
18.7876
19.943
17.8253
18.4217
20.8938
27.9659
27.1402
16.5027
17.8806
24.2918
18.4592
16.2891
22.8217
21.3066
32.0286
27.5644
19.1182
29.6603
28.1078
20.7386
21.166
29.1592
21.79
31.3564
21.1155
24.8892
24.241
17.2673
19.4451
19.4126
18.1734
18.6321
17.4269
16.193
15.3585
23.4225
12.1257
14.9379
15.2347
16.5636
18.933
25.2182
18.4033
28.7948
18.5429
19.0635
22.747
24.8692
20.5408
24.2097
22.2539
20.659
20.9203
22.4585
23.6429
21.0439
29.571
20.7166
26.1951
35.6625
24.6641
33.7075
21.4825
24.5021
16.5138
29.0114
21.3715
20.9179
19.5964
20.7382
34.2811
21.7559
35.4432
23.6601
30.0578
20.4363
31.5091
22.5038
22.6352
22.4006
22.1849
20.7351
29.3205
19.6027
23.7789
21.1133
19.725
27.9015
27.0487
20.6194
20.0861
24.0299
22.5739
18.8721
26.3162
19.7548
20.2807
18.9843
28.7865
24.676
21.322
19.5797
37.6558
22.3497
21.8394
18.835
27.8375
16.4541
24.5717
16.7249
20.7154
29.3883
18.69
26.8917
19.297
29.9425
33.0131
20.3285
29.5258
17.9258
19.0645
19.4296
28.6476
23.155
21.9179
20.9894
30.7127
32.9198
18.2439
32.3031
19.5042
17.5671
17.4059
17.3111
26.5527
19.7612
15.4452
28.7713
18.9574
19.179
27.614
17.7228
28.6943
20.4222
20.6403
19.126
23.5123
25.8688
19.5997
19.5107
32.816
20.4981
30.9986
21.9189
26.362
19.9001
23.7436
19.8478
33.8763
19.9329
35.1929
31.8051
19.3936
23.5823
19.0193
30.1591
26.5585
18.1627
26.2432
19.4239
24.4165
19.851
20.107
20.0143
21.6079
19.9409
19.2934
20.0379
26.5596
19.3558
20.7759
19.9755
17.6305
18.5308
22.9916
19.403
28.468
22.1748
27.5417
29.9162
17.843
18.7537
32.4484
19.9742
21.0968
25.5518
18.2333
19.3681
17.6327
19.3069
19.4021
20.5477
19.5151
20.3148
20.3701
27.0645
22.1923
19.9005
24.2118
28.9542
19.8514
21.1806
26.57
17.5003
18.2682
23.0474
16.8819
19.1658
17.1762
19.4064
29.2654
19.4655
17.1877
17.4715
22.6288
19.1073
13.4737
14.7577
17.1906
24.6867
18.769
24.9066
19.523
21.1538
29.7412
24.8893
18.1361
19.479
28.2751
29.058
19.4436
20.7745
32.1091
18.2327
19.7263
21.1992
20.073
28.3303
18.9302
19.533
19.1119
21.2798
19.705
27.8653
18.7754
20.6475
19.6709
18.4829
28.8247
22.3772
32.46
22.2342
23.732
29.4555
23.1431
30.4452
20.4189
20.9652
22.9661
18.9403
19.9808
29.9008
20.01
24.8745
17.5461
19.7264
23.295
19.4769
17.2272
17.7671
19.4098
18.2378
18.6724
32.1738
19.6029
17.4116
27.756
19.1728
21.4989
32.5753
22.2424
22.1615
24.1849
22.3692
20.5689
19.22
26.7608
21.5244
24.7719
22.8702
17.605
19.4999
22.3517
14.9274
24.9562
18.1078
14.3089
18.4508
19.2635
17.0503
19.1626
18.8053
19.6305
19.869
17.5807
17.3505
15.8241
20.3955
16.4881
19.1356
24.3123
28.3844
19.2407
15.003
17.5546
21.0967
16.8208
16.7153
14.1498
27.0072
19.9772
17.4819
26.4235
20.3497
19.8477
16.7086
19.1889
28.4738
24.1814
17.6366
19.5172
18.5407
27.972
18.6418
24.323
17.9903
30.7534
18.6002
26.2474
18.8275
30.7098
18.8787
21.3657
16.6168
18.351
15.6764
23.6158
19.0844
26.7332
19.0281
16.665
21.649
18.832
21.2814
23.1936
19.2255
18.4804
28.6935
18.848
31.768
27.2733
28.0581
18.2397
21.2056
32.727
23.6379
29.8655
19.3075
28.3062
22.0111
20.4399
22.7449
25.3597
18.5112
21.8265
21.6395
33.3941
25.3429
32.3515
20.8711
23.353
22.9177
25.896
27.213
23.1059
22.2078
21.9489
31.3682
22.9457
21.5289
36.867
27.7001
21.5134
18.1428
17.7604
20.1482
19.0477
21.9768
21.8025
18.7953
20.8098
20.1094
28.2491
18.5269
25.5232
22.8853
16.2291
17.3944
32.5241
17.6773
15.3544
14.1535
21.9536
17.859
19.8957
22.4687
17.2284
23.883
22.5859
16.1043
23.8945
15.5538
21.6419
15.4479
25.0985
15.9462
16.2012
29.6961
17.4619
26.8306
22.8085
27.9282
18.8403
24.8324
22.3037
22.9349
29.6014
20.1392
25.9498
21.4532
28.3527
21.0409
25.2734
19.2072
23.3007
23.6731
29.8361
20.5274
22.6495
26.5462
21.8907
24.8754
20.0326
24.1662
19.8524
27.2558
20.4995
19.0657
20.3184
25.7713
20.7906
18.8139
16.2562
23.6579
20.0196
21.968
17.3513
19.4325
30.4018
20.0959
19.4822
20.2965
19.2238
32.3319
19.1048
18.258
33.8014
29.514
21.4582
21.2754
23.4378
20.5431
34.6206
19.1936
23.5273
23.3551
41.7091
31.8808
25.8303
24.4043
33.8168
29.5785
23.499
23.7471
26.1769
21.0609
26.0501
21.0456
22.3541
35.6628
33.1063
25.617
25.381
21.744
23.0433
46.3995
27.0236
22.6082
21.0004
32.7793
20.6159
32.6393
21.544
21.52
28.9987
21.5895
34.2081
24.8246
31.596
23.6736
22.3416
21.2551
23.0026
22.3173
32.886
23.9308
24.7732
20.2104
27.9886
17.8343
22.3492
32.1714
19.9589
24.9805
24.3948
27.1593
17.9554
34.9799
26.8644
26.1351
26.3012
22.6396
16.9821
30.7451
25.0454
19.9302
24.8951
30.7521
28.595
20.1405
38.7558
27.667
20.141
33.495
20.3422
26.3792
19.6272
23.7251
33.4045
21.3559
21.6075
27.7231
27.2551
19.2347
33.2267
20.4711
20.33
22.5944
21.1289
25.5928
20.7082
20.6521
32.1391
18.7392
25.6585
19.0832
24.7536
19.0471
25.9809
16.554
13.2223
10.8771
10.8636
8.31093
14.7245
18.5508
16.0891
19.5016
21.7702
18.3894
24.8317
17.0733
24.0909
15.4536
23.9034
18.5432
26.1019
22.1282
14.9753
17.3111
15.7465
23.9279
21.6993
22.2378
30.8813
17.8453
24.0814
31.2216
23.5373
28.7012
18.5849
35.1543
22.4029
25.0012
21.6708
23.5335
31.838
22.2172
21.696
30.4745
20.7905
28.2837
18.4224
20.972
24.6982
17.6179
35.9852
22.3338
33.7246
31.745
24.3251
20.3379
22.51
21.3267
22.6647
21.7504
27.9348
20.3568
30.9159
24.4232
32.2386
19.2694
25.9032
19.5294
21.735
18.1022
18.8468
18.7287
18.9532
22.4418
27.1941
27.0307
16.6203
21.9494
20.0713
26.9243
20.6418
19.871
18.2591
20.9657
22.0379
19.2901
21.0725
17.4893
17.4198
19.2136
16.9341
15.7142
17.9779
15.4861
14.9466
13.9894
21.8742
12.1769
13.9623
20.988
19.9931
16.8441
16.7287
23.925
25.9813
16.9274
18.0248
25.9796
20.2058
20.1655
20.1394
27.7436
19.5025
33.3129
21.3599
28.5496
21.1307
22.736
22.0891
24.281
21.9217
21.5713
32.8278
20.8876
31.596
24.1998
23.6896
23.2279
34.7608
22.5809
36.7382
22.5305
25.594
23.8736
34.4579
25.2832
36.0798
23.7771
31.4845
22.4889
39.5995
29.2829
20.867
19.5689
21.6377
28.3851
29.8244
22.4885
23.9945
20.4711
21.2722
15.5936
29.3287
28.2431
21.2739
18.1386
17.183
17.6154
22.65
27.9805
19.278
25.8486
18.726
19.1614
21.643
18.0191
28.3406
34.1131
22.5546
19.169
24.4212
24.3387
25.558
22.7381
16.2725
17.8321
16.0063
19.9677
20.1979
16.8577
17.8893
27.6697
21.7735
25.7829
24.3035
16.4983
28.179
19.4415
16.873
17.7289
26.6909
19.188
21.3874
26.2362
18.1659
22.8782
21.9221
16.208
18.0757
16.8735
14.0006
16.6506
22.5159
12.9134
19.5715
15.8333
13.8407
14.1588
15.6225
15.4048
21.9444
13.504
14.4607
14.9273
23.6943
22.8182
18.0754
13.737
20.6594
36.8089
24.3659
35.0686
31.629
24.8528
36.1871
24.9726
27.1531
25.9007
19.7218
18.9102
21.4374
17.683
22.6901
16.6874
22.5102
16.4747
31.1639
23.8971
28.2651
19.4333
24.3941
17.9882
27.5114
19.4967
22.2682
18.762
29.4332
17.8968
30.2953
20.1799
21.7491
29.4348
20.9377
26.8218
21.1158
26.151
31.3705
21.7737
30.8401
20.588
21.3787
19.8686
32.9784
18.8928
24.8573
25.0899
26.5756
24.2897
25.8675
26.6255
23.9497
28.7935
26.5131
28.1844
24.6271
35.0496
20.7439
24.2582
21.0197
19.3656
24.3437
18.4294
17.5784
26.6495
19.6872
34.2493
22.8581
30.645
32.2502
21.0427
33.1599
20.3626
20.2285
20.1702
18.1448
27.6343
18.8032
20.0273
26.7046
20.4153
21.4271
23.7393
18.0752
22.6553
20.8091
25.6322
17.6055
24.3571
22.339
24.1138
22.8851
21.1081
34.1372
29.3483
18.4481
17.9718
29.7018
20.1348
19.5286
21.2185
20.1094
17.2503
16.1832
18.8706
18.6169
17.9033
28.9032
22.2452
19.8367
16.9444
18.4159
22.3052
17.6067
29.0418
28.2438
19.7169
34.1117
31.2311
26.1459
23.6108
25.8569
29.7595
34.8566
27.2237
23.2496
25.034
21.6206
24.6611
31.174
21.205
21.4831
20.2492
24.5332
29.2152
17.7648
23.8779
15.7672
28.2082
16.3207
19.7539
21.0156
20.9238
28.026
20.2832
29.0137
20.6544
20.8762
15.876
16.2039
16.7831
21.4809
18.59
28.006
31.2782
20.5024
19.2266
17.8467
25.6844
19.4543
18.8756
20.7304
17.0688
25.9588
17.7147
17.3642
20.3784
27.9554
18.4894
26.9795
15.7728
30.2458
18.4015
27.5403
17.6072
33.3687
21.215
21.9126
22.2646
23.466
19.7253
23.2363
18.6356
26.469
20.6205
23.6077
20.5659
15.7546
16.4944
16.6566
19.1738
31.5303
20.3145
32.3266
21.111
24.8362
21.4829
34.3553
27.8541
35.2423
22.5104
22.9618
21.7197
22.7015
21.6641
21.4523
24.1689
22.5505
23.3718
18.9757
21.4519
21.1478
28.2876
17.7853
26.0778
18.6008
18.4213
18.2851
19.7437
20.4964
25.8337
23.7387
24.1854
24.2626
25.9708
23.7002
30.9217
29.9155
23.8631
31.0175
19.5312
31.4812
19.4262
32.2502
20.1604
23.5356
30.6701
31.907
20.4174
29.5465
19.0078
27.7036
18.7884
18.7341
20.8068
17.2428
27.2967
24.773
24.474
18.7151
20.6736
18.7195
20.7746
22.6031
14.8456
26.7054
21.4334
23.2555
24.9727
18.5728
18.689
26.673
15.9428
18.4384
16.4306
28.5924
19.0688
16.338
25.8197
15.845
24.0208
18.0596
31.9887
21.0852
25.0731
19.494
32.8268
30.1114
20.1698
26.2182
19.9577
23.9225
20.3025
22.8739
20.8125
17.8579
35.5301
20.079
29.2697
27.4741
21.8057
16.8134
28.5358
19.4595
23.222
21.3269
19.5783
33.3762
19.672
27.6858
22.7759
23.7647
20.4696
22.728
18.8096
28.5754
22.1551
24.0519
28.2887
24.827
22.3363
19.6123
15.9862
15.2137
17.1898
26.8592
18.9059
13.3562
26.1378
16.9195
17.0681
23.6612
17.2859
28.0277
16.7629
16.6434
25.2443
15.4113
17.4071
19.5168
23.1653
17.5422
22.2518
20.1726
18.5827
19.7811
27.7018
22.8727
29.3557
23.1302
29.1183
23.8736
25.7569
18.8744
28.2776
21.5133
22.969
23.1963
26.1792
21.0786
17.3983
21.5389
21.8361
17.8268
20.3
19.4374
18.7528
28.8559
18.9476
22.1204
21.4008
22.667
20.914
21.8746
19.8511
23.712
18.5914
34.8091
26.2672
20.5417
27.1173
21.3611
16.7514
16.5
20.4555
17.2829
33.0181
20.7298
30.4214
14.2488
20.4032
14.8863
22.9552
18.3469
25.647
18.8123
28.7097
27.0253
22.7146
19.5381
26.1158
19.0325
25.5401
16.8015
14.4856
15.3708
16.2006
24.2764
15.5984
23.9235
24.9338
15.7484
13.5102
17.6688
19.1615
26.532
14.8917
30.4571
28.5454
19.0564
21.3288
15.117
31.3426
21.5284
26.5312
28.9983
26.9644
26.4444
19.5414
20.2826
24.8299
22.1254
23.7634
18.2224
21.8864
21.9639
16.008
16.0382
21.1488
16.1531
23.5979
18.9767
33.4648
21.0755
25.9464
21.7267
20.2251
21.4429
24.9919
34.2724
34.8201
19.3439
27.4128
17.5616
18.6049
18.5595
18.0057
19.1097
16.0842
18.3492
17.0086
17.0867
18.2893
27.1282
21.1979
20.9574
21.428
21.4481
18.4117
20.6379
20.8327
28.7325
21.0815
19.2702
17.9271
22.1459
19.1318
30.5612
30.5948
23.6434
23.4964
19.6518
30.3476
20.9049
30.3198
21.085
17.4594
23.3865
22.9984
25.2722
17.548
18.7373
30.4379
18.7847
29.5987
18.5606
31.6137
22.92
14.9323
18.4355
14.5576
17.3701
25.7719
26.0064
24.7133
14.716
23.8282
16.5624
19.9705
17.1393
25.7154
15.7741
20.0055
16.6561
17.7921
18.2401
23.3599
17.8008
15.8987
20.4649
16.6671
24.7593
14.8367
15.7135
28.4643
16.6821
17.2893
23.1112
16.9668
30.7246
24.5243
18.8532
23.179
16.2882
19.8341
24.1456
20.0603
21.6704
18.6819
32.2711
25.6078
27.7826
18.4589
20.0076
25.564
16.2764
18.8829
27.8252
18.5391
24.5401
21.8032
25.862
22.0206
26.3948
17.8915
17.0524
19.9251
27.7025
17.1573
16.2917
30.6764
17.6275
25.348
17.848
23.589
19.3643
20.1662
24.684
21.8186
18.6346
25.2859
17.7872
25.5238
20.6981
21.0324
15.6775
23.8694
28.9788
22.9804
25.2419
27.2531
21.8446
33.1592
29.6157
29.736
40.325
23.8838
21.4578
21.0946
21.9557
20.3136
26.1124
27.0304
21.3143
20.1927
20.2274
17.4794
15.8358
16.2697
26.5831
17.5535
20.3387
18.4244
16.9217
19.2392
28.9994
21.668
24.8096
19.0607
24.5646
18.8517
17.8105
18.003
19.968
21.8339
17.1221
21.0451
20.1741
18.7841
17.1495
26.5966
16.5238
32.0334
27.9665
22.3969
17.7383
17.6709
16.6671
18.4727
34.4885
22.27
25.9642
25.1252
22.1058
30.1802
19.3266
40.747
21.5511
31.2949
18.9977
33.4953
20.6909
17.7585
21.4014
26.7062
16.7023
22.0109
16.4726
27.2457
15.7115
22.5641
21.0068
16.347
18.134
27.0116
21.9167
25.4421
19.8255
22.3228
16.2858
20.3411
18.678
17.7134
18.4766
16.692
16.8481
20.601
14.3607
27.5503
19.0328
30.5203
19.2946
23.2421
20.9585
17.5901
17.4001
20.4477
19.1928
31.56
19.7807
28.3973
19.6503
32.9572
20.6722
30.6263
21.6044
21.1587
23.6994
19.267
23.6025
24.6702
23.1621
36.4514
36.1002
21.6881
31.346
24.1485
23.5651
23.399
32.9995
23.4625
24.7823
36.3596
24.7336
32.4683
37.7535
24.4856
37.1937
23.3712
20.972
18.2757
25.7257
23.7154
21.5132
22.3158
20.0668
33.9271
20.7849
27.8286
19.6543
30.1955
22.7978
20.6191
21.8185
22.1626
25.0866
20.0166
22.5682
20.5038
30.4171
18.7434
30.4909
18.5491
27.8987
26.3677
21.1632
17.4336
29.1943
24.0872
20.6766
21.6104
25.5203
19.7892
22.3413
21.4294
27.0373
23.4138
22.7877
21.3213
24.3466
21.2647
32.7977
28.3235
20.5463
32.536
22.4916
20.5507
20.5434
30.0695
20.0129
29.3903
17.2204
32.9975
12.6627
14.6063
18.7779
15.9336
31.9115
25.089
22.3709
21.2022
19.7696
20.3076
26.0449
22.7362
30.903
22.6546
34.0725
22.6828
24.815
25.5978
18.535
27.2096
22.0179
23.2665
33.7284
21.3175
33.9477
23.2449
24.8303
22.937
25.8981
23.5306
36.0125
41.3978
23.2629
22.9933
29.1036
20.5136
25.4676
21.581
20.548
27.0058
22.7762
23.0123
21.2533
22.2884
29.1308
19.0038
29.2218
20.1151
22.4637
20.8125
21.451
20.937
26.4049
22.9317
29.8269
33.6218
20.5191
31.7874
32.4418
23.6202
23.6936
24.3667
23.9012
25.345
20.2818
27.5567
20.0045
23.6062
22.1001
28.4317
21.0258
32.8855
30.4792
20.6718
23.85
19.8523
20.3986
21.5377
20.4565
32.4169
21.2304
21.285
19.3924
21.5938
22.4475
25.6967
23.0641
31.5854
20.4882
25.9292
18.8202
21.5822
23.5704
21.5297
30.0113
28.1427
21.1462
26.6402
24.5657
26.2303
24.2415
28.7756
25.3552
37.0424
33.1643
29.9098
24.6825
22.4165
28.3762
22.9496
21.3832
25.6674
23.548
31.8755
20.662
32.6678
20.1961
19.723
20.8971
22.1966
18.6797
32.8673
19.7748
21.8056
19.4238
30.48
29.5056
22.08
19.6206
20.0681
19.176
19.956
20.3305
25.4843
20.1354
20.9692
23.4303
22.0619
27.733
22.0971
30.0997
31.7998
20.5894
28.1139
19.0748
21.075
20.9509
17.1854
18.8477
26.0191
19.8257
20.7463
34.1803
23.4699
21.8218
24.6389
18.3519
17.7556
26.0223
22.1967
19.0602
23.7957
22.1714
28.2559
31.0474
20.9837
19.2063
20.7627
17.5849
15.7726
19.0691
19.7859
23.505
16.7473
22.6227
18.9652
26.0409
27.7472
24.2024
15.599
17.4706
26.7926
25.4069
33.7652
21.8157
27.0074
24.6058
21.0415
21.0342
18.7652
25.7084
30.2701
20.4338
31.6408
27.8727
24.6472
16.3002
19.1041
17.5041
25.1969
17.8027
18.3519
17.0988
24.8781
28.9665
19.7211
24.1044
15.8815
24.4938
18.4198
24.5498
16.3745
19.186
18.0491
21.5541
17.9589
17.3869
20.7193
14.3768
21.8116
17.6484
16.8377
15.9006
16.606
23.2224
19.5125
26.068
20.1844
19.9613
24.1936
35.7071
21.6656
26.5132
20.8013
19.8272
25.6875
22.5371
21.7302
24.0341
20.2471
23.7688
32.8963
30.7544
22.2471
25.0176
22.5622
18.0884
30.773
23.2315
18.1854
19.1813
20.2035
29.4234
20.8657
19.1649
16.7324
18.9368
19.4048
17.6901
24.4575
18.0364
19.665
21.2142
17.6141
22.1495
18.6848
21.5647
20.5244
30.6493
23.282
39.3051
33.1923
26.2915
30.8942
33.42
25.8204
27.2994
31.2984
23.4828
21.9323
28.8985
19.2348
31.3449
17.8943
26.3525
20.0905
19.4252
34.0577
22.9904
38.4351
24.3879
28.1794
19.0865
24.9764
18.3753
21.3644
20.3487
30.1379
20.457
31.6579
21.5238
24.4229
18.7739
21.6926
27.9491
18.3764
27.1588
22.4756
22.0095
37.0014
23.531
31.0816
25.0035
21.8929
26.1547
29.0279
19.2715
21.5423
21.934
30.4902
27.831
21.2441
20.9093
25.8703
19.5808
36.7496
19.8509
21.5122
22.8754
21.0401
19.7664
18.4698
31.4203
27.4667
21.7523
30.0173
19.7862
19.5608
23.6706
19.1975
19.2162
18.7849
18.0701
28.4406
18.069
21.9112
16.3084
26.2511
17.189
23.2006
18.3437
18.3662
27.7414
20.7629
19.5077
20.9966
25.2594
27.4429
21.9714
34.6836
21.5733
23.9112
35.7788
19.127
18.9171
17.3047
23.1339
19.854
20.3511
15.5213
19.8512
21.0402
20.868
18.0271
19.4618
20.1533
20.6321
23.8449
21.4224
23.2596
18.83
24.7652
17.5703
24.4731
17.1273
17.2413
17.082
20.6123
17.8375
16.7542
25.7606
15.3241
25.5983
27.6177
36.6456
22.4174
31.8835
30.9452
35.1508
21.1938
23.1661
30.8937
29.7065
23.2268
18.0498
18.053
28.9647
17.5239
28.7616
17.8055
27.5412
30.997
20.2782
24.473
18.4618
22.6827
14.9444
17.1654
16.4801
24.3499
17.7841
16.9205
29.5051
21.8588
20.7423
19.8086
23.6493
31.5906
31.9757
20.882
24.9918
20.4783
31.5492
24.2713
24.6802
20.8388
28.1756
17.8117
30.7864
22.9538
26.1559
17.785
16.6643
19.1611
27.355
22.3442
22.09
21.9585
31.1551
19.8217
31.6549
20.96
24.2912
18.8456
17.4968
24.9116
20.8563
27.9264
22.9024
22.5174
21.4582
20.3379
21.0825
20.2403
21.6009
19.8981
20.4315
22.8278
18.6112
20.305
21.2095
26.6084
25.3688
35.5741
28.5202
19.3205
20.4615
29.7101
19.2039
21.5375
21.272
19.9369
19.3408
21.987
18.6513
28.3461
21.707
30.3297
19.4509
22.6035
30.7965
23.7308
31.8413
18.5759
26.6047
18.7075
29.0729
18.9017
25.7355
19.9267
28.432
31.2094
26.7039
22.6949
19.5566
34.0295
28.3818
33.7982
29.6377
21.7913
21.069
23.0359
36.7183
29.3629
22.005
42.4414
23.2707
32.0592
19.8732
28.9111
32.59
20.9325
26.5491
34.7437
23.5652
20.1302
22.6653
22.0208
23.9731
31.1444
20.3284
29.1118
20.4149
23.8314
20.1478
20.7188
31.3905
20.8006
20.7262
19.022
18.1693
31.7654
20.6425
29.1014
28.4361
19.2366
18.6
14.567
28.5505
21.7168
22.774
16.6408
24.5149
20.4972
26.3823
17.6799
18.1469
17.9542
25.3538
38.1584
23.5321
27.9546
22.0597
33.8718
20.8501
28.404
20.8325
37.0347
24.1229
29.7112
36.3675
24.3334
40.4903
30.6723
32.2634
27.2831
26.2235
22.534
19.5938
21.5158
23.8119
20.5967
20.6957
32.2563
28.007
20.619
26.4718
27.8155
27.7001
23.1888
25.7199
41.7622
31.322
28.6389
27.2048
23.2909
23.9689
18.7256
30.1957
35.0875
19.2397
27.7334
18.6843
20.1865
30.9793
17.62
19.8595
33.1817
22.5684
21.7542
35.5239
23.8638
35.8941
32.0317
20.3471
40.0159
22.3118
22.0112
26.4984
21.6556
31.201
20.0768
25.1705
29.1263
17.0072
28.641
17.9282
27.7129
20.6962
29.8641
17.9647
19.336
18.3898
22.3987
26.6833
22.7212
31.1911
23.0555
19.6358
30.7518
24.8187
26.9139
19.8634
21.8025
30.0061
21.5893
30.7647
20.6739
18.5821
21.9701
25.8163
29.0523
19.8507
19.9536
18.7393
19.2244
26.2766
20.5766
21.7057
30.0762
21.619
19.5015
33.5401
21.1471
35.187
29.3663
22.1062
31.5991
21.5719
36.1799
21.2612
28.1793
21.4203
23.7759
20.116
20.8344
17.536
17.4378
28.9091
17.7849
24.0004
23.8736
20.5736
22.7584
22.1267
21.3889
20.5319
31.3106
21.7767
25.2467
19.9183
25.2597
19.2972
22.3579
21.9203
26.6308
32.5334
27.0405
21.4751
21.005
35.2652
17.8339
30.4058
20.9418
25.6685
34.4271
21.7184
23.2067
20.893
23.385
26.3945
25.9232
23.4471
31.7062
21.9758
31.9284
26.817
22.0166
22.5131
29.7803
21.0675
29.1058
19.7873
30.704
16.8254
16.8183
22.5468
20.8305
22.4065
20.4379
30.7443
29.2375
19.4434
27.3866
25.543
20.7331
27.1825
18.5515
22.0455
16.9078
19.4723
25.0809
31.1002
21.8849
18.988
24.3616
22.0939
24.4882
26.723
29.6105
28.0625
23.8338
30.1463
20.0812
19.6053
19.1836
28.6266
18.0312
23.1732
18.8809
19.3482
28.9273
16.6669
27.2816
19.0652
17.4934
18.0973
26.7456
29.4356
17.8945
26.6483
21.4474
18.1106
25.3373
18.9193
25.9958
17.6351
25.6359
29.6934
19.7765
17.7552
18.5802
18.1593
28.7498
18.5995
32.2818
20.4607
25.5628
26.8636
15.8097
28.3506
17.0997
17.3592
26.4029
19.105
25.5033
20.2088