27.8905
20.8692
17.7691
19.1334
25.3676
26.6254
18.4318
28.9895
18.6588
27.2943
30.2595
18.7437
19.1436
32.365
18.9131
32.5639
20.8971
30.083
17.9297
27.6324
22.0536
27.5304
19.6795
30.2703
17.9263
18.4449
20.4844
18.4046
22.3129
17.5454
28.9071
17.9808
17.4882
23.3706
16.9793
18.8086
20.1339
16.4489
38.4529
18.2079
29.8661
17.9992
22.9541
17.2801
22.5382
17.9582
25.5955
17.7251
31.2314
18.2588
16.9833
18.4202
22.7013
21.7803
18.0303
21.0489
22.5172
30.5541
21.4829
24.2431
20.2291
32.4952
20.8546
26.7028
16.6948
18.5061
26.3189
18.2342
22.0487
27.143
19.3517
24.5585
25.4188
30.6898
21.9961
17.698
29.2428
18.5448
36.7848
13.7655
20.5362
23.4526
19.4968
17.8901
29.1894
19.9273
19.6019
28.7236
18.8034
32.1783
19.0125
31.3417
18.3427
21.0068
25.5929
17.8013
25.5342
17.5786
21.8572
31.9787
19.86
20.6423
20.3169
17.9905
32.932
22.0736
19.7474
20.4554
29.4653
28.0382
19.482
25.786
19.3435
24.5357
17.7867
32.0412
18.7403
26.0988
29.9366
21.6558
20.9294
20.9354
17.3925
32.6272
20.5692
36.6903
20.8458
21.5299
30.8088
18.0018
23.1135
18.6088
22.4969
26.5138
18.6883
22.8922
21.2514
23.526
18.822
22.5232
30.7376
34.6763
23.2831
26.2041
22.7531
18.8698
22.3893
22.9851
21.27
22.4014
29.0562
21.8586
18.1979
26.8419
29.6407
20.9277
37.7865
21.3074
33.7081
24.2173
18.9576
22.5785
20.0914
23.6
20.7085
18.3201
20.1697
29.0905
36.4587
23.8921
27.5804
20.1573
22.5517
20.8725
22.9444
22.5559
23.3883
22.9079
22.3908
39.3844
21.0333
20.7552
29.0599
19.0074
33.5659
18.0843
19.7366
28.7359
22.0912
36.3324
20.16
37.7395
24.1005
25.5657
23.6032
23.1935
22.749
35.1571
22.9687
21.1343
24.2551
20.0076
37.6748
24.6781
33.3831
21.0775
22.0137
35.6387
22.9109
20.8401
24.9671
21.2126
24.1015
16.3165
17.6236
22.6289
18.2432
18.353
19.8752
24.5204
23.4138
19.2248
23.9
19.2934
21.8636
20.7774
23.3151
19.1466
25.3811
27.0969
21.6035
23.1079
19.1651
28.0559
17.7398
18.6124
31.9938
28.0723
18.5146
26.4665
19.6397
21.5261
21.7
31.8551
24.5167
22.3088
20.7205
30.7305
29.182
34.844
31.2574
21.3138
23.7089
18.2641
18.5707
23.0329
16.0881
18.7458
24.1994
17.429
27.417
22.7762
18.994
24.0812
17.2868
18.2267
19.7068
18.8904
25.3225
23.1285
24.1402
21.1183
20.2795
22.1804
19.0974
28.0319
16.3001
21.1769
17.4527
27.7765
34.0497
27.6789
26.4945
18.7559
35.2365
18.9937
32.2088
24.9837
32.4482
26.737
31.5973
18.7481
32.016
23.2668
21.5718
29.0891
26.6775
23.931
25.4279
18.5271
25.1865
26.3581
22.7417
19.2661
20.0571
20.3054
19.1947
19.4647
25.4922
22.2368
18.7335
32.853
17.9036
21.3531
17.1713
21.189
16.7149
24.0696
16.3007
17.7789
23.5145
20.4269
18.511
27.2442
20.6178
25.3867
27.4425
19.3909
18.5577
22.683
19.7095
21.5714
33.0351
26.4464
30.9622
24.2875
26.7207
22.4953
21.6025
28.4705
24.3297
33.6213
22.6169
24.4021
37.4527
23.1179
22.6173
31.1282
21.2492
38.4096
25.5567
23.3954
19.4012
19.724
28.4157
20.1777
20.787
19.749
17.7509
21.07
18.9413
19.1199
40.2266
22.7426
28.5116
20.173
28.1183
20.0159
32.959
21.369
22.3114
24.3762
20.3369
22.051
19.7723
36.3719
25.0241
34.6174
21.6438
35.6711
21.3905
28.3266
22.4443
23.0343
19.9616
17.2495
24.0189
21.3939
19.9617
25.7509
20.7883
47.0169
22.5264
22.4275
28.6463
20.2811
28.8333
17.3217
20.8898
20.283
17.3923
29.9533
17.0951
16.2622
23.8386
17.6732
19.8281
24.3918
17.891
23.2427
20.7389
15.5451
24.25
33.5575
18.9062
18.4916
19.6611
29.7117
35.8881
35.9539
20.9097
20.5371
21.5905
19.1301
22.4072
20.7672
19.095
34.0046
23.094
18.9975
39.7686
22.4762
30.8157
19.1515
20.8023
18.4377
37.3377
26.0556
29.7193
21.9192
26.3676
19.4994
18.4969
21.8685
17.6551
22.1445
16.7326
20.939
18.5326
19.0473
23.7232
18.9174
29.357
20.3028
27.3022
20.7648
19.2411
23.8772
25.8965
17.348
25.7067
19.5564
29.6344
24.9644
19.2312
18.5638
28.4381
17.8783
35.5049
30.9232
34.7133
22.7416
20.2707
29.0779
31.3136
18.8061
20.205
20.0862
33.7802
17.821
30.5129
22.3521
20.5091
27.3771
31.3561
19.7183
33.9349
20.4483
27.0482
23.412
31.251
20.6463
31.6024
18.9609
22.6629
31.3974
25.1922
22.0362
20.1205
23.1863
20.858
34.833
21.0644
20.6253
17.0788
30.0864
19.3576
19.5928
18.8576
19.1191
20.7004
19.4422
28.769
16.84
25.6634
19.1433
20.5155
23.5262
25.5868
21.5784
24.3861
31.6597
26.425
20.9637
20.763
30.0592
22.2414
20.8998
34.0787
24.5522
28.6631
20.8385
22.4371
21.7504
26.3119
34.6044
23.8844
23.3465
26.9285
21.0811
14.8619
23.4666
20.6716
25.8516
19.8265
21.7818
25.3373
21.2093
29.398
22.1202
17.3244
22.8395
26.7738
16.8971
27.4854
16.1665
28.4334
17.4115
24.1916
17.0147
25.7754
18.2432
17.5818
15.7016
21.2169
17.3547
23.5567
19.6012
27.4348
24.6281
37.1228
23.9307
23.1632
19.1166
18.9173
24.7996
27.6861
20.6745
22.2147
23.6449
26.3541
23.7384
23.9668
20.0791
30.4612
20.0308
26.0424
21.6241
30.5274
18.1964
28.0852
18.2793
19.6691
28.0704
17.188
27.0001
18.4414
25.8411
21.1913
23.1974
20.4253
19.6729
17.2329
31.6846
21.1218
32.6472
25.9665
18.2007
21.8359
25.314
28.5817
33.6761
28.0381
18.2918
19.488
28.9777
21.4944
28.2137
22.2533
23.962
30.4865
23.3323
24.2381
18.5249
27.2686
26.273
34.8897
18.2072
24.9372
20.6522
17.2945
19.2036
18.5329
16.9174
19.8212
15.3408
33.9349
19.0357
19.3857
27.2421
18.8252
21.8862
15.2956
15.0897
21.2697
16.9201
22.6566
17.3404
22.3136
22.2027
24.7685
23.6993
29.416
25.7933
20.2036
23.1853
21.2402
21.6974
23.3281
21.8839
25.9599
35.168
21.3479
32.3555
24.0868
36.6814
20.221
21.8107
22.9534
25.1781
29.2967
23.8081
37.3639
21.9031
30.0244
22.5497
21.9618
32.6644
20.6764
23.0986
21.495
17.8814
17.3513
28.6761
20.1395
30.264
22.8464
17.3876
26.3235
16.7505
16.9675
30.8446
15.6753
24.292
19.9903
20.0068
16.9716
18.3561
19.0502
19.7051
21.1927
17.8031
18.384
17.2614
17.9529
24.1337
24.9859
18.896
18.2589
24.228
18.2548
33.0259
19.2435
19.7864
28.2497
18.211
26.2204
18.1473
33.2571
21.6045
21.1439
18.7593
30.6041
19.0046
33.24
20.3397
25.8306
18.8358
20.3531
22.9197
20.4367
17.8024
23.0179
16.7014
16.6874
17.1809
23.9642
20.4445
26.4862
16.2664
26.4802
17.4322
23.7417
17.9529
28.2171
18.9839
32.6998
23.1406
25.9094
20.6848
22.6488
29.701
22.8166
24.1246
19.8278
26.7037
38.8882
30.5183
33.847
23.7394
21.6144
30.2207
34.1156
19.4602
22.9159
32.3367
23.3034
20.3223
20.2661
18.2023
30.6344
23.9512
17.4562
17.1634
17.2193
28.3708
16.7434
29.5014
20.2983
25.707
22.2615
18.2872
18.3224
31.633
19.1518
26.9595
22.2515
23.3229
30.306
21.0445
26.6893
32.4641
19.8562
41.6537
35.7336
22.8608
35.5263
37.7963
22.2307
33.3096
27.4268
22.1055
35.812
20.9232
33.8794
25.1673
31.2318
20.1138
21.7946
33.9744
34.2987
22.8112
28.8107
20.3489
30.5441
36.944
21.5482
24.8493
25.0253
21.7806
19.8908
28.8896
17.8589
35.7318
22.0207
28.9079
22.066
35.7528
29.4126
19.5526
31.5828
21.3373
29.5046
25.5076
23.2713
20.8394
20.5567
19.2736
20.6314
30.1828
19.1372
38.3647
26.3458
19.9072
16.9186
34.7859
27.3316
25.7777
21.1329
25.2829
21.4908
20.0912
24.5978
26.7695
30.0956
20.8281
26.2087
35.2444
28.5156
22.4667
34.1242
24.7735
24.4327
17.8976
21.6968
18.4753
19.1233
21.4271
20.6087
31.9775
26.8281
29.5974
22.4838
20.0941
21.2709
32.5163
19.6573
23.2924
28.0831
19.5683
26.5089
19.7619
31.9663
22.5124
16.6733
25.2118
26.0298
16.3756
29.86
22.6907
22.2301
33.0216
32.0548
24.4999
24.3341
18.9601
22.3073
20.998
25.6262
25.5875
17.4095
20.1684
24.7971
20.0527
31.3788
20.7862
22.4543
22.2244
21.9645
20.2734
21.2412
17.7123
25.3873
16.9786
20.1906
29.1752
26.8684
27.6128
20.7375
16.937
28.325
17.0281
19.4137
18.1544
18.2
18.9262
17.6797
21.0644
17.9058
20.2808
29.9049
21.6494
19.4657
23.1154
16.9524
29.4259
17.0731
18.3045
25.7751
24.335
20.1315
21.0405
19.0056
22.6845
30.4299
29.4778
26.8689
22.488
19.2837
24.155
22.1088
18.7657
27.3758
19.9319
19.166
26.3192
19.8216
21.3414
23.512
27.1907
27.9421
24.3558
24.7007
21.9312
18.607
27.3347
20.1999
25.221
17.5945
21.1232
28.004
22.8574
18.4678
31.8773
23.5279
26.0968
21.628
22.7412
18.8787
23.7818
26.9543
33.7227
17.2203
24.531
19.0013
18.0609
26.8118
17.0075
23.4524
20.1702
33.2252
19.422
28.4297
18.7933
18.7441
18.876
23.0441
15.8262
17.7496
19.454
20.5279
22.0732
23.682
27.6677
30.3083
21.1373
34.0342
34.2058
18.2236
24.2753
21.1968
33.2445
19.9528
22.174
21.705
24.2714
33.6881
21.1137
21.9062
28.6313
22.5388
19.2969
24.5382
21.1644
22.1909
20.0939
20.8664
21.803
17.064
27.4302
19.0475
19.2469
26.9854
24.4546
20.3766
19.045
18.9341
20.9171
18.5526
18.4208
26.1048
16.1475
14.4878
23.8046
16.2234
15.3455
19.8391
13.7951
16.6152
17.535
15.6799
16.494
19.3831
13.5286
27.9879
19.8821
27.2382
18.8624
17.0193
19.628
20.7552
16.2657
17.2547
20.3107
15.2422
18.3326
24.3053
16.2329
20.92
15.7089
19.6266
15.7117
20.3562
17.1414
22.0153
20.1117
30.1963
18.1552
26.515
27.7978
20.4438
17.5955
16.1618
18.2103
17.6434
19.9255
17.6526
18.5297
28.2325
17.5191
17.8111
27.128
26.3081
24.3599
26.2281
16.554
31.7095
29.8435
18.6347
29.5917
25.9706
23.7439
27.58
19.8479
27.6646
20.0174
27.389
29.5688
21.1669
19.2538
16.4094
26.4123
17.4682
27.9687
16.1116
21.5623
31.7332
17.3503
22.5104
18.4403
17.2474
27.2839
18.2022
25.826
20.0931
28.3595
20.3269
30.4739
21.8811
18.4257
18.0189
27.996
18.8071
18.9839
21.4728
25.6518
18.2258
21.9524
18.1648
18.5326
20.196
20.1939
20.9915
20.5155
18.2009
19.6518
16.6186
19.7375
19.6512
19.4919
30.9466
13.7473
18.1682
34.0097
22.8212
28.4479
23.0469
18.1538
30.848
20.8564
19.6977
20.6387
18.3753
17.3359
17.8572
26.4435
18.927
20.7656
27.778
17.1456
30.4629
22.7957
28.2184
24.6773
17.1722
25.9275
16.6384
29.4044
22.0538
28.0055
18.3405
29.7351
23.6222
29.6468
20.7898
36.2141
25.4354
28.6013
21.7372
24.1606
23.1747
24.5885
34.0819
30.6729
23.1154
29.9849
25.6591
21.1243
25.071
21.3859
22.2609
22.4038
32.2954
23.2155
20.754
19.668
19.3318
26.088
19.9436
17.3836
27.639
23.7803
20.9533
28.1587
28.2679
36.896
28.8316
18.2444
25.1551
35.1743
18.5974
26.5153
15.519
26.2173
18.3669
20.9028
21.1805
17.2895
25.2907
24.0748
26.2858
19.9094
18.5841
27.1982
23.0101
19.7227
28.3948
17.5072
21.6503
24.0492
16.4865
17.4634
19.3218
23.5876
20.4408
19.8639
28.8653
20.6664
23.3927
18.045
20.6373
17.7564
18.6291
19.4747
23.5212
18.4833
28.4615
19.4258
27.8594
18.8041
19.8135
19.3542
20.307
19.2627
19.4614
19.5036
23.1289
22.3441
20.7969
21.4113
20.6608
28.5432
19.4059
25.6091
23.105
20.307
20.7436
24.7544
22.6553
22.3616
22.27
19.7534
24.0546
20.1613
21.1806
20.4455
20.282
18.7973
16.8393
19.1885
16.8955
29.2278
26.1903
22.5981
24.2692
17.763
16.7311
25.2997
18.0936
18.3892
31.7114
20.962
23.7522
28.7291
16.5587
14.2625
19.9217
20.5402
22.2361
19.8667
26.7932
25.6022
21.7621
19.8072
28.3412
22.8244
24.1299
21.9171
32.8791
32.8162
21.8215
23.6251
21.0634
22.7579
21.3022
36.2484
23.7602
23.8266
34.8966
26.3519
30.5803
26.942
31.4281
25.3019
33.1579
24.1
23.988
40.8372
27.6959
23.6055
32.3758
24.1695
27.6521
23.7226
39.9729
24.3673
30.1828
25.21
25.5073
23.0085
25.2736
41.6922
23.7551
30.9135
25.3743
22.6192
21.668
31.6361
21.4767
29.7054
19.6852
24.7618
26.0351
19.6833
26.3618
19.6399
22.5074
35.7994
22.5413
22.5513
23.2841
24.623
24.1147
30.3412
22.3989
21.5044
21.9224
22.6401
25.0046
21.0998
26.0919
19.7353
27.8645
19.9175
26.5178
32.7615
33.8942
21.6639
33.1087
24.0427
33.1397
22.2874
26.4879
22.9167
30.8516
22.0113
21.7703
23.2478
21.5719
24.4367
21.182
19.2873
28.9739
19.4496
20.3823
31.114
29.6777
20.1474
30.2266
28.8295
31.1363
28.9517
26.3556
30.0759
28.4067
39.7443
32.2688
39.8503
45.5637
36.1718
30.6487
46.5403
28.3091
29.785
36.049
41.8831
28.1256
30.1054
30.6739
37.3026
30.1601
37.1582
29.6428
37.1265
26.1099
28.5168
27.8311
28.0607
36.0334
37.2363
35.5062
28.1185
37.5722
34.9346
28.24
32.8516
39.3319
27.1864
25.2021
30.1847
56.477
37.2384
25.0534
34.3953
34.2948
30.7353
26.2155
30.6354
27.5317
32.179
29.3355
44.9442
27.5493
36.6678
40.3092
25.4093
37.1802
36.8207
26.4544
48.1752
29.4842
41.56
28.7329
40.6977
39.5867
42.5308
31.0816
27.9847
41.7939
45.0762
29.9287
31.4349
27.3615
27.4662
52.6237
26.9508
40.8688
27.8442
27.6144
27.7581
27.0946
31.4904
26.1173
37.5341
34.2022
41.094
25.2096
27.6177
37.1555
25.882
26.9227
26.108
25.3642
27.8958
25.8849
26.5588
34.7019
41.3849
27.0645
27.7777
27.4043
33.3502
28.4773
30.883
26.7944
29.1641
29.6657
27.1836
43.3292
32.6273
38.0678
42.9066
25.5076
35.4828
28.0989
30.2615
32.4957
24.3603
27.7701
27.4281
32.8535
25.1859
30.0832
29.2084
34.9694
30.2533
28.6602
36.0599
24.3159
39.9391
24.3224
27.669
25.6224
27.2215
30.3595
25.5333
24.8661
38.3251
26.2443
45.3159
28.5546
33.5521
26.7861
40.2986
27.3019
45.7203
27.8995
30.1186
33.4427
24.4564
25.2536
26.406
30.2031
26.2785
23.1433
31.8858
30.0928
28.4216
30.5795
28.2575
27.7976
34.6839
40.6779
27.0521
30.0006
26.9658
31.2914
32.1633
27.5762
40.2621
37.3052
38.8875
28.9539
37.5503
27.4747
42.6722
37.47
25.7418
27.3885
37.9409
27.347
26.8349
31.2884
26.7591
24.1249
26.4862
28.1688
27.4742
29.0476
27.0777
30.3457
29.6765
26.2093
41.2213
39.8486
29.929
31.1691
26.4926
33.6707
29.2686
28.4262
26.4457
39.7035
26.974
30.789
26.8991
27.0969
39.9962
26.8633
40.2071
27.59
23.6964
25.9703
34.7771
26.4573
39.0359
27.5964
30.3412
24.5943
26.2947
25.459
26.813
29.2147
25.7653
40.4764
30.0134
36.3241
34.6585
23.8385
24.3258
23.2167
24.504
23.6531
35.8242
25.5547
24.2125
37.3006
41.333
24.9929
30.4847
37.1012
24.25
37.0333
25.2139
24.1236
28.1791
23.0308
25.7904
29.2278
23.7918
26.6156
36.1532
24.9515
27.3707
37.9531
25.1378
28.9443
30.4832
26.7286
29.324
40.5384
27.3781
39.885
28.1937
41.0835
28.6741
27.2409
48.2312
29.9253
27.7931
41.4082
27.2013
30.2278
24.9753
26.5005
29.3826
23.4734
48.1898
35.3504
28.4575
25.222
28.5634
26.8485
29.3775
27.4299
38.4979
29.9428
32.2753
44.0136
28.5203
31.2745
28.4088
27.1343
39.7822
27.9375
47.7695
34.3121
26.2231
47.2714
31.7749
25.964
38.4316
31.0584
36.1646
26.1718
29.109
22.6884
37.634
25.2389
26.5041
25.9004
25.997
40.2354
32.2184
26.9496
28.7068
26.6814
39.7332
29.5472
39.8839
30.0147
26.6094
29.5696
24.3176
26.4944
36.0449
40.5837
27.6259
42.2815
39.8033
29.7644
27.4912
31.7738
42.8796
32.4323
26.9079
27.7374
34.7275
27.5106
34.8395
26.6803
35.0658
25.2673
31.1022
30.037
24.9342
43.4056
27.4842
30.9179
25.9891
35.8019
29.83
35.9914
28.4964
38.4294
29.4891
26.7526
24.0101
34.8943
44.8727
28.7515
26.0082
25.1242
45.1952
26.3396
28.1097
29.0923
29.5855
26.2369
26.395
26.2001
27.752
25.1522
27.5388
26.1996
25.9842
28.4634
27.7827
24.9217
33.6235
27.4871
34.1006
28.5901
26.3613
25.7245
29.993
26.18
49.7749
20.1561
28.0209
35.1905
28.6931
27.7154
34.8364
32.3077
36.3673
27.6922
27.2973
34.1824
24.6995
23.5896
28.024
24.8916
28.2249
26.5022
27.6836
34.971
24.7723
33.6781
26.6927
25.4567
27.1741
30.4266
26.1684
34.0633
24.9065
35.6087
28.112
29.2885
25.8006
30.6671
35.0635
32.2839
25.5189
26.0575
39.0966
34.9987
40.4129
25.4143
25.5873
26.2574
25.0601
27.0679
24.386
24.8922
28.9925
42.8737
41.9961
36.4719
26.8957
24.9317
33.0448
35.9619
31.1222
29.4931
27.9817
25.6403
39.0243
26.3402
29.1403
24.7701
34.2085
30.3622
29.3289
36.1608
35.2304
21.1665
27.9518
33.5797
34.5323
24.0601
31.8429
24.659
24.0246
30.3437
38.2765
24.4244
33.6665
26.1507
28.8374
22.4293
30.994
39.645
29.5734
23.3269
24.5728
22.4787
37.2928
31.3217
41.7029
30.0209
27.5316
38.5577
26.278
39.4814
40.9875
29.2269
22.4531
23.6055
34.7765
36.0409
32.8326
23.9659
28.8839
22.0691
29.874
28.0281
23.9264
31.528
22.7894
26.2848
24.8119
21.6595
34.9267
33.7694
39.625
22.817
24.9377
23.1944
21.9623
27.1216
35.2591
28.2102
27.0566
29.6358
25.0223
23.0516
22.9913
21.8413
26.8238
20.7336
21.544
21.5547
21.3282
20.8839
20.9859
22.9992
22.2008
19.6679
38.5286
22.867
21.6876
21.5951
21.6982
18.4729
25.7891
19.0464
28.2787
26.0119
20.4523
17.7944
20.6235
24.5354
16.3116
20.3996
20.8306
24.686
20.4436
21.1568
18.3391
26.3759
18.6963
19.4679
30.249
19.4009
27.9973
18.7486
32.3522
22.2479
20.0929
20.9279
31.7724
20.6994
32.5975
22.4286
37.5842
22.4621
36.085
21.8013
36.0425
24.0222
24.0565
22.6985
22.2299
19.8245
25.2266
29.1328
30.7325
22.6287
18.5043
28.7259
19.579
22.3021
21.2341
26.3064
21.317
19.9541
20.5957
23.6044
32.4611
32.3434
29.0824
19.7437
33.4021
20.3749
26.0967
35.0406
21.4174
31.1853
34.2417
24.703
20.1268
19.1019
25.7676
21.3655
27.7365
25.534
22.2329
17.8291
15.3886
23.528
23.1459
32.2206
19.1856
22.5011
20.0283
20.7041
18.6365
35.4448
22.8612
37.6039
24.6793
29.9818
35.7962
22.4033
27.7163
28.6748
31.8132
20.5405
35.5449
22.7476
27.2852
27.5699
21.4022
27.1186
30.0793
23.0563
22.2939
22.8448
21.8803
23.2833
23.8932
20.887
28.6509
21.8918
21.1525
19.4547
21.5662
20.7295
34.1355
23.9806
31.433
26.181
20.3942
35.8557
20.7694
23.5928
24.9508
28.1035
21.1173
30.2581
30.6155
28.5218
23.62
27.2398
23.5836
20.7303
21.9208
30.0495
22.1157
20.8159
33.7303
21.5998
28.5343
21.8029
22.0238
23.3464
39.6575
22.9037
21.4801
25.807
24.4238
22.7028
29.0898
21.3711
27.8912
21.5364
23.5235
29.1916
20.5581
27.4577
21.7531
26.7295
23.2035
29.5794
35.5207
26.2885
24.0498
40.8563
20.5807
32.8989
22.8099
23.5407
30.8847
22.084
22.4512
33.424
21.387
25.4912
25.6768
29.7193
21.3197
23.6393
21.1404
36.5119
30.2259
21.3962
22.0091
21.2093
34.1667
21.2464
20.4207
22.593
19.3818
20.3978
19.5224
27.364
21.7726
20.2285
20.4609
34.7896
23.0684
23.1272
23.4061
22.2075
24.0185
22.1728
30.7534
21.8497
24.3275
22.403
24.8372
22.4112
21.2865
33.0726
20.0618
22.8907
22.0417
21.2312
25.3662
20.3595
23.5356
23.5174
20.4406
22.1658
21.3778
30.6905
21.9032
21.6645
30.2074
19.0687
15.5385
15.1154
19.4209
18.5186
20.1012
18.4301
23.4376
22.6312
20.3488
22.4775
21.0887
24.2221
22.4812
21.7854
22.5643
29.0404
20.7829
31.4351
21.1102
26.94
20.4086
21.6375
20.7586
21.0406
32.1002
21.97
19.7262
29.7382
21.0414
31.4268
29.9481
23.4038
29.4871
22.1433
29.1759
24.435
26.0137
23.6807
21.3338
21.5085
23.8478
24.8984
25.1714
17.8384
21.0451
19.1722
25.6841
22.4744
31.135
26.3411
25.246
23.6609
21.3652
33.3888
33.9115
25.8987
24.3675
32.8535
23.7368
22.1801
21.5333
21.7177
22.9825
20.0969
21.0363
27.1715
24.5854
24.4805
22.3424
21.1969
23.0903
25.2964
22.8796
29.6378
22.7919
24.0892
24.2112
28.8547
32.5269
20.3427
22.0535
21.5283
20.6142
24.9055
32.3201
27.7456
29.1849
23.0075
39.4306
22.11
33.176
25.0015
24.0575
20.9353
21.9226
22.2658
25.768
35.2886
26.9173
39.3084
28.14
33.3423
21.6906
24.481
24.2948
23.951
20.3466
25.6001
35.584
23.5096
31.5284
25.1446
22.4372
21.9746
31.411
20.5362
24.2718
23.132
22.9664
20.2381
23.0689
18.895
23.2825
20.5003
21.254
26.6846
35.5158
22.0434
22.5261
25.1888
21.9321
19.7958
28.6224
31.3695
20.4252
26.5663
23.8308
26.997
23.9992
34.2647
25.9536
24.1096
49.1918
22.7242
41.4004
33.8302
39.0348
22.8856
26.206
35.5149
27.4222
24.5685
20.2222
16.9929
20.9249
38.9538
21.2957
22.7739
22.1741
20.5152
21.1712
26.3024
19.7991
23.2796
21.2976
20.4028
26.0043
18.2777
23.5892
30.9536
21.9172
29.9672
20.9947
20.3914
21.0455
33.6431
25.0146
26.7495
21.377
38.6905
31.0542
19.0302
31.8632
30.7306
30.2694
20.5492
25.9529
20.2912
20.6064
18.7798
18.9326
19.769
26.0442
20.9238
23.6685
25.2383
24.0839
30.1916
21.8346
32.498
22.7027
29.5617
23.5624
20.7722
32.0038
20.8365
28.5869
24.3414
29.886
32.4877
23.4793
31.9938
20.4191
31.9854
19.7048
35.4202
21.6612
36.5216
22.1261
22.1711
25.3036
21.2903
34.857
23.409
36.9288
22.4525
27.992
21.3064
20.1884
29.8592
20.6541
29.6077
20.135
26.6222
22.7244
19.0509
23.533
23.6195
20.9392
24.5309
33.1441
21.097
34.2722
20.3738
26.213
20.5477
25.8644
31.4893
27.5701
29.8137
19.6857
23.8727
20.8858
21.4933
20.1987
20.734
19.5933
22.1548
19.8455
27.2325
23.7998
37.4835
22.0906
20.05
20.3148
21.4665
22.3912
18.9471
23.0097
20.2804
31.7762
19.8604
19.9018
28.709
22.9106
18.934
25.4821
20.0299
21.0495
31.1951
24.7167
37.3178
21.4738
27.6938
21.9885
24.6507
19.8469
27.5417
21.6905
22.901
19.7878
34.3166
23.1851
20.3726
19.3782
25.4335
20.9451
19.2353
28.061
15.4514
14.3903
14.9046
19.2057
36.0277
20.6675
20.9568
27.2726
21.6794
19.7261
20.2633
22.9069
22.7167
30.9682
20.7322
24.6198
19.2193
31.6062
20.9951
23.5865
24.5148
18.539
30.2198
21.8802
27.6031
21.2754
20.4721
24.6091
22.6244
21.6581
21.0748
31.1635
20.5528
28.1376
21.4539
30.6902
23.1002
24.6906
28.1845
23.8966
27.8009
34.5598
32.7289
23.5661
35.004
25.46
36.8072
22.9714
23.319
26.6042
25.1183
28.8705
21.1981
23.3675
35.4872
23.6556
21.7801
25.8151
22.5555
36.5366
20.6982
32.4313
32.4709
21.7021
37.0237
24.0141
30.2376
26.2285
20.1046
20.2931
30.7367
20.7126
25.8021
18.8896
21.3257
28.633
20.9604
19.5194
21.9511
22.8258
25.9137
23.8878
17.8283
31.8394
17.1968
29.8057
19.4107
16.6376
16.9223
16.6057
19.6906
18.0078
18.6124
33.1309
20.3857
18.2259
17.2288
22.5066
26.6612
19.0042
20.0877
19.5667
17.989
19.9883
31.3672
18.7568
21.5744
23.446
20.9241
26.7426
28.1303
23.7013
23.067
31.133
18.8276
21.2473
20.0209
26.9734
20.9829
22.426
23.8027
20.2499
21.0282
23.6573
18.841
19.5206
24.2011
19.2025
19.7271
19.714
17.759
20.4626
23.98
21.991
20.6816
25.7124
27.5816
29.9168
33.1476
21.4245
27.1977
21.1561
21.1974
18.959
25.9527
26.5799
23.4835
35.6854
23.6919
22.4162
23.8734
23.2753
35.0929
17.1104
16.2664
19.7308
23.8775
21.2957
21.6682
29.21
21.5826
24.2297
33.0515
23.3872
39.4092
35.5584
21.4465
24.6378
42.6675
35.2897
25.4299
33.8858
27.903
25.2411
25.5515
26.1885
29.2335
47.976
36.796
26.526
28.7098
26.5556
30.9615
30.3051
44.0909
27.405
25.6688
27.9529
25.9817
37.3335
29.9188
43.6464
25.1689
34.8642
40.5368
26.5177
28.9868
28.8705
33.6195
24.0946
26.6441
28.8
27.9476
27.3464
36.1487
45.8494
30.98
26.6052
43.9875
42.3411
45.3043
25.6406
38.3786
30.2378
42.7353
28.9731
26.0459
42.6391
25.2588
39.662
28.2924
37.3703
25.0646
29.922
24.8885
39.4443
25.9746
40.0047
28.2838
27.0542
30.7181
32.34
26.0348
26.0474
24.0474
30.9986
24.6695
28.8681
25.8167
39.3867
25.4424
30.7345
27.695
37.5683
33.7321
27.6022
25.0825
38.8449
29.2185
27.3991
26.7753
33.8837
24.7026
28.8977
38.1357
33.6671
31.6418
35.0807
30.3672
30.7981
24.3687
25.1503
28.6165
27.6019
24.8901
22.6274
33.2188
25.99
37.8262
28.731
43.7973
31.2015
25.8642
26.0065
53.0097
29.204
29.481
27.5077
40.1868
28.4384
22.8385
26.3756
24.7945
22.4444
31.7791
32.1259
34.6361
31.029
42.9759
20.6891
23.423
24.5879
21.314
37.8864
25.8308
29.6601
49.2707
25.6834
38.1405
27.768
30.0137
29.4278
31.8504
24.7241
42.2332
28.1686
27.3817
31.8814
43.0047
24.7154
31.9225
25.4055
31.2218
22.0024
35.9189
35.4136
25.5741
28.5134
27.2954
27.6285
23.7974
28.8087
23.5807
30.2808
23.9934
35.397
23.7119
31.2117
54.9268
33.7747
38.1522
24.4913
36.0097
25.9882
34.5115
27.2158
31.1592
23.6083
27.2125
25.7446
36.5076
26.3943
27.629
26.8343
33.3744
28.8273
35.6072
28.8283
24.7009
29.4628
51.12
44.9362
36.8344
23.7992
28.6438
33.5214
25.2236
26.8003
33.6256
24.8484
37.1943
24.9813
37.6401
46.7063
28.3348
34.7045
26.4018
31.4779
37.5424
28.3824
28.4567
34.0894
24.0108
36.1484
28.0993
25.632
41.113
34.0114
31.1228
28.135
24.4924
31.0026
27.5064
32.2263
26.3605
29.034
27.3164
37.9569
20.9437
39.1247
24.9078
32.1455
24.081
39.71
25.493
26.2691
34.6686
26.0555
39.312
25.484
35.2333
30.6873
29.9462
34.875
26.4234
39.6495
37.1316
28.2215
28.5326
26.6661
29.2523
32.57
31.4821
27.355
44.4084
25.916
34.9021
34.4257
24.1195
26.2648
36.2169
25.2823
44.1932
26.0016
26.3665
37.7283
26.4534
27.6841
34.1155
25.6389
26.1746
26.415
24.4114
29.421
23.7255
27.1985
30.1384
26.6663
24.0802
36.078
25.7459
31.5564
35.919
25.3978
23.6058
25.2161
32.4666
25.575
22.12
39.8493
23.3653
28.4138
22.0291
25.3483
32.2848
24.6204
30.4151
23.677
26.2607
24.0971
37.6984
24.7188
26.0997
33.457
37.0322
24.9576
38.6738
25.2638
29.1693
25.0646
34.1164
30.1084
28.0331
26.0417
23.9426
27.1732
25.2139
24.8249
23.3571
41.7799
37.4804
23.4462
21.9338
28.8484
21.2184
39.9897
31.6223
26.568
26.957
23.8645
45.1004
32.8878
27.0144
21.2479
26.4131
26.036
23.9173
24.4266
32.2438
34.2389
30.3713
24.3702
26.7447
24.7165
27.1496
40.9594
45.0263
26.7632
38.203
33.0774
34.0396
23.8611
49.9672
35.0416
36.3513
23.8937
28.2351
35.1504
23.1976
37.9124
25.3441
38.6283
41.0542
26.6552
29.5963
19.3542
22.9063
38.9508
39.1032
27.1864
44.5872
27.1918
25.9175
28.1195
28.0291
24.7807
30.5762
26.0561
31.9974
26.9066
24.7813
30.9671
25.1638
37.7083
25.6802
49.9963
38.0225
25.0123
25.705
23.9185
35.2028
29.3085
24.6813
44.369
38.3602
25.0839
44.1276
24.0519
37.6898
41.5236
22.7094
42.9318
25.8509
45.7114
25.8634
26.7675
38.4905
23.1267
24.1284
35.8535
24.2804
28.1647
38.0389
25.639
39.3025
24.3957
26.6921
23.4989
23.074
28.6569
22.2188
32.0682
22.3964
27.5371
24.1016
31.3029
25.1065
26.2146
35.5672
36.5902
30.5295
25.0349
39.2234
25.7686
37.7645
40.0088
23.7906
43.3122
25.7575
39.5786
37.0212
32.6655
25.8956
33.9517
46.397
25.9302
45.8
24.5863
46.6818
24.4402
43.2183
23.3085
27.288
42.9918
26.9741
24.1537
23.4518
35.4517
24.2735
27.5635
25.4953
23.762
28.7631
23.5588
30.4425
24.185
23.1111
37.0619
41.8205
27.6465
22.5854
38.5575
24.7529
25.0054
38.8352
34.1812
28.8356
26.3703
24.9558
21.4594
23.0992
28.2319
30.9288
32.4215
23.4601
32.7429
22.4057
24.5148
21.9092
26.8139
37.7335
23.1391
29.143
25.4371
27.6157
27.2773
22.8588
25.5452
23.3793
38.0923
23.7961
27.8705
22.9824
37.4141
38.5779
35.4901
26.4751
36.2161
25.0734
33.3257
23.4145
25.4829
22.4441
22.959
41.233
23.4159
35.8623
22.1667
28.9663
29.2078
34.1421
24.6246
37.2476
33.4155
31.9812
23.0779
32.713
25.617
26.6073
27.6687
37.2706
24.1097
40.7417
24.1622
26.0551
24.6484
33.2438
26.8906
24.3275
29.439
23.301
44.8094
24.4784
37.6794
25.3884
25.7913
30.769
23.2645
35.3587
40.5793
23.866
24.6701
23.8557
26.1032
23.3804
24.2612
29.64
23.3794
24.1972
26.413
36.4805
25.9818
25.6287
23.5487
25.3752
30.5363
22.1243
29.8265
27.9006
23.9251
32.4855
24.6338
28.625
27.7503
24.9425
23.5006
33.8923
38.3662
22.984
22.1243
25.3409
26.5835
22.6563
25.4686
22.1052
24.6483
29.7258
24.1882
22.8008
26.4538
22.9335
26.2971
42.512
25.0861
37.2406
21.9809
30.6279
21.7805
23.767
25.5528
31.9989
23.6252
26.4955
22.0918
25.0719
25.3053
44.2327
23.5017
26.0091
21.5399
30.1314
22.0778
23.1008
33.4001
21.4086
32.2795
31.2561
28.8047
27.7215
21.4212
28.3557
28.9725
21.6444
42.1267
37.2407
23.9584
21.2556
30.0832
29.8146
26.2653
24.606
23.7016
23.637
24.4427
21.7762
38.7125
22.6676
25.5542
24.9245
34.6502
20.9849
34.7528
21.3522
28.6729
35.1955
25.9527
21.9058
35.248
27.3441
25.448
25.5156
36.136
24.4294
36.1146
22.1485
26.8702
29.285
31.4547
23.9957
37.879
32.1692
24.0987
36.3949
23.4534
23.3073
37.8745
21.0578
39.9785
28.2657
27.8349
25.175
29.369
23.5377
27.361
27.4965
26.2583
44.4811
24.6566
42.4904
27.9242
31.4474
28.9268
23.9496
27.0267
34.0718
27.4228
27.0155
25.7211
28.4058
33.7122
27.1582
39.9937
38.8847
30.2688
36.0025
38.6367
21.8168
35.5405
25.7397
28.8852
24.0814
23.2098
34.0356
26.3816
23.4554
25.223
26.2511
34.3128
26.2828
27.146
35.8695
39.8568
24.5836
28.4884
36.7049
25.6134
23.7891
42.876
36.2612
24.0715
23.302
22.8939
31.9164
23.7255
32.7095
23.6948
27.5449
22.9664
31.1968
25.0017
28.3722
24.756
39.5409
38.0016
24.6928
39.2792
25.7082
29.8508
25.2225
40.551
28.8425
29.6173
26.6983
23.7681
23.6885
36.8731
25.1146
34.4452
25.6076
44.9158
27.5732
26.9886
27.1618
24.8425
27.5942
21.9076
34.0193
26.4258
26.2748
23.7916
26.2756
31.5652
27.7339
25.5262
47.9337
28.6105
37.6802
25.0362
43.2122
40.0419
26.9764
40.3934
28.3777
25.9921
27.9381
37.3353
22.0899
22.6054
27.2694
23.7192
30.054
34.6999
40.4815
27.7993
29.4887
26.169
25.1684
38.4018
41.0723
25.5947
29.9984
25.9317
28.3606
30.7041
25.32
28.194
26.6052
27.817
26.8528
32.8153
22.9729
26.7807
36.6677
23.9996
30.6227
24.5034
32.7001
27.6697
35.7097
36.6666
29.5757
26.0299
26.8096
42.1243
27.7048
28.8514
37.4236
26.2135
29.0256
24.8956
33.0154
37.9523
26.6504
29.0576
24.1363
43.3274
40.8632
30.9886
26.3159
30.2793
26.4342
31.6033
29.9825
39.9455
26.9455
42.7909
30.8412
25.4666
30.9488
24.9615
27.4646
33.7043
24.7755
26.7456
25.3879
26.139
28.5578
23.196
28.1758
27.2867
25.2037
28.8059
31.1844
25.4193
39.0286
26.6041
35.2406
26.7274
30.6062
31.6961
40.8755
26.9988
43.6672
23.1482
33.7839
31.7829
24.2824
37.6582
44.6668
24.2518
35.4739
24.9391
29.712
33.7367
28.2078
26.9692
35.6166
24.8919
33.1899
28.6412
49.3857
38.8287
26.4041
32.6429
26.0234
41.6678
30.3032
28.0659
30.5147
26.1308
26.2122
27.9742
36.3556
39.1581
26.4772
43.5919
26.6949
37.0923
33.5981
24.4976
34.393
26.3297
27.0227
31.5344
28.0224
31.1705
33.7521
31.3431
25.7971
26.4027
39.5057
34.5851
22.8276
22.6067
27.1267
29.082
49.7692
25.6629
36.9826
36.5657
27.7783
27.3566
46.0501
43.9653
37.2868
25.5476
28.9545
28.712
33.5153
27.7459
30.1051
27.143
23.0664
26.791
23.689
24.6123
26.1632
40.6597
27.7564
25.4191
39.775
40.7327
28.993
38.4706
26.5291
26.1632
27.999
23.5105
26.2856
36.7004
24.3168
26.5123
29.6479
28.0712
23.7577
29.3514
21.0913
38.9654
27.12
33.1595
26.8849
19.5206
23.5271
22.965
29.9328
19.9441
19.6083
22.0857
21.2459
19.5705
26.9122
19.02
24.471
25.2281
30.56
24.0704
17.0061
19.536
23.3352
29.0096
25.9399
31.7609
17.979
21.8332
18.618
18.1952
27.1115
27.0708
22.0252
22.1348
19.3607
20.9754
20.5794
20.4828
18.0484
23.4087
19.8738
22.4811
24.5048
20.097
19.6827
17.2601
22.6054
29.1596
28.0256
21.7433
21.7774
21.2944
22.5931
20.3228
28.3295
22.3841
29.2504
26.9063
25.2404
37.3829
21.515
25.138
25.157
21.4945
27.7047
20.7102
22.9266
23.3599
21.4231
21.8294
20.5163
28.9803
22.9414
20.9672
29.2806
20.5323
28.8323
23.225
23.3204
28.962
21.1895
32.6385
25.5065
27.3699
29.104
31.6551
22.5527
22.0882
31.6178
21.122
24.2455
19.8617
30.786
19.6996
21.9561
21.4082
27.7193
25.9791
20.1298
28.9636
21.9448
30.0228
21.8976
25.0832
28.3254
21.2004
23.0043
25.8364
22.9333
26.3558
18.2455
16.3786
22.8769
20.3381
26.1688
24.0834
33.6087
23.3224
22.0051
25.2917
22.0638
31.9493
22.5707
37.3987
22.4961
25.9438
25.9184
23.6495
25.0034
22.3281
22.2401
21.5408
24.4718
20.1609
24.2613
21.4242
18.7979
20.8277
22.4844
32.7709
21.1812
21.1959
36.8825
34.0458
20.9457
28.899
23.7355
24.7421
29.6819
24.1212
34.4788
23.4892
38.0969
21.767
38.5623
25.5283
30.5806
23.8223
26.0028
21.5657
31.6193
21.117
22.4049
19.925
22.2456
20.2133
19.435
24.1549
18.7737
20.2181
30.7914
33.1343
32.3173
21.6171
20.8543
27.3056
24.0549
24.1264
23.7587
32.0468
23.1952
39.6708
35.4247
24.1109
30.7309
22.7741
34.5057
21.8415
27.0667
21.2634
26.9532
39.8483
22.953
29.3697
36.096
21.5464
32.1879
31.932
22.0252
27.1386
22.9068
32.5169
21.4527
21.0465
23.995
22.8498
20.838
19.5605
25.6897
31.2592
22.7639
22.5785
24.5398
20.0974
28.7716
30.5462
23.6173
31.0306
22.2045
21.0475
28.7397
22.3333
40.7776
21.9018
30.8333
21.1741
24.9666
21.5699
37.3953
21.7095
32.4892
22.7321
26.6212
26.7853
27.4439
23.1046
22.4388
20.8299
38.7945
19.8824
36.8105
22.9462
19.3047
21.0018
19.9701
23.2374
22.3054
24.0239
19.0199
21.7263
21.9624
19.119
21.7204
18.895
22.7675
27.2206
19.9325
20.7513
18.9523
33.8059
24.4017
27.7109
36.2119
15.5626
22.2269
20.9875
36.3481
20.7656
32.71
22.8194
20.3011
26.6934
37.0573
22.2409
33.3203
23.3485
22.1893
22.575
24.1162
24.0181
35.8913
22.6928
27.3991
24.4497
21.8211
25.5923
20.2888
25.2907
21.3055
21.355
17.7227
21.0043
19.6648
23.2021
19.1273
20.7814
21.7887
24.3922
27.2448
24.0965
20.549
21.8338
21.5531
20.9474
18.926
23.584
20.6693
20.3924
26.0669
21.3386
32.2927
23.855
25.9214
24.7482
30.0055
32.5903
24.0426
33.0315
25.4341
25.9718
20.1798
35.3984
23.6808
22.2729
40.149
22.2448
18.7548
29.6252
22.1333
27.808
18.2653
21.1782
21.7464
26.7524
19.9711
24.3581
30.7341
20.1158
39.3805
22.5084
20.102
20.3706
23.1141
28.1737
27.5562
23.061
26.2729
20.4596
22.5458
20.0858
30.2591
39.9489
25.5256
32.3924
21.3213
22.8042
31.5294
22.6384
25.8112
23.843
32.9088
22.9075
20.1294
19.0198
20.1168
19.6604
18.6194
21.09
35.4366
25.2939
21.1091
28.3678
23.0069
21.5111
29.0128
20.5148
28.7824
21.1427
23.7659
21.0092
20.3898
26.6569
19.7018
36.4379
19.3955
22.0757
25.8657
25.5661
25.6196
21.4174
20.5306
19.3363
19.5521
18.506
20.1679
19.0484
19.2426
25.6922
18.3004
35.6503
33.541
24.3322
25.4966
18.1957
19.695
20.4827
19.6986
19.7564
20.1143
25.1965
20.7956
35.8105
22.3909
19.0574
19.7234
17.0313
21.0399
20.8472
16.4671
18.2002
18.6123
23.3274
25.5772
28.4496
23.667
21.4329
19.4692
22.2552
28.7409
24.2707
29.701
31.1551
25.1253
23.3709
26.5497
20.6872
21.0608
21.9833
24.1272
24.3068
21.1837
24.4105
41.1078
23.9922
24.4605
24.2517
33.5525
21.7173
20.1553
21.8846
19.6011
23.7308
19.8986
24.1054
22.3816
21.7064
27.2121
22.3688
32.047
31.7594
22.4228
21.5439
21.8177
27.298
20.5741
23.6025
27.0916
21.791
38.7365
24.4477
23.174
21.9751
22.1769
32.1159
23.2925
29.3637
20.5029
21.2547
30.795
19.4233
33.2677
18.7414
17.4212
25.1652
19.3551
24.5384
17.5522
18.6841
17.5191
20.3857
27.7912
21.3666
31.9679
19.7135
28.4435
22.173
20.2809
25.0989
19.9707
24.6771
23.1326
19.502
20.5716
21.7048
20.4387
22.0054
22.1193
24.0827
22.2313
24.629
26.0086
21.437
20.1051
24.0553
22.1035
21.2924
35.1218
29.7615
26.6502
22.0197
20.9306
21.4035
27.1447
19.017
23.8084
19.342
22.9075
18.8335
34.3293
21.9196
21.8244
28.5437
22.5277
19.6688
21.5387
27.3747
21.7256
22.5483
24.5532
21.4475
23.8768
23.9338
25.7557
25.9945
20.607
26.0495
19.4584
20.9123
21.2235
20.3736
20.2607
21.2194
19.6953
21.1748
20.6563
35.2485
30.361
27.9399
31.5115
21.0558
23.8166
22.7995
31.3564
18.7214
21.1764
23.2389
19.2097
31.8815
27.9741
23.7497
18.9458
32.2631
17.3115
19.9709
20.0486
21.4248
22.0916
22.4515
18.582
22.5046
23.8549
20.6559
28.7465
21.0544
20.3546
25.6125
26.9234
20.2502
21.8784
19.9278
24.5103
20.9734
20.753
20.6877
20.3829
18.8373
37.3481
20.7486
23.7705
20.5351
32.6461
30.3115
20.9317
31.0873
20.1206
29.9422
20.0859
22.6865
20.4555
20.3217
19.7456
25.77
20.2976
27.3913
26.4689
19.1176
32.4254
20.1839
33.4061
34.6426
24.3125
21.9231
21.2253
26.7799
21.2353
20.6076
25.2327
21.3115
24.6994
22.2155
22.47
30.7946
40.4462
22.9091
29.7016
24.9167
28.9269
21.0096
27.299
21.0535
34.2346
30.6286
20.4936
23.8874
21.1054
26.5156
23.5295
21.5155
21.2941
23.6286
20.1248
18.9707
26.6259
22.1541
30.6003
24.3963
21.1443
20.5166
23.2643
21.6446
19.7658
22.2643
26.7999
29.6785
24.0937
32.8579
24.1977
22.7315
30.6536
21.5939
24.6388
22.0276
21.66
20.6086
27.0487
21.5496
34.145
21.7735
34.5441
21.2617
33.3379
21.112
20.4028
24.926
19.9392
25.816
22.2887
27.6724
22.2689
21.0093
21.4107
22.6204
21.2401
24.0781
19.9215
22.5054
19.0318
18.4505
32.3521
34.4253
23.3479
29.6163
19.7352
33.049
22.856
26.6676
29.0739
21.461
27.3258
21.758
19.9838
25.7352
23.0256
29.8808
19.3022
39.1201
26.131
24.7477
18.5613
22.1506
18.138
28.663
19.53
14.167
21.8948
17.0938
21.6959
26.8581
18.0748
31.995
22.3079
27.3698
19.8163
20.9532
23.0702
20.9686
23.569
32.1152
22.3936
32.6626
23.7665
25.5023
19.0937
20.1689
17.755
25.7403
19.0607
31.1221
24.5016
21.6347
28.589
24.472
20.5349
26.4859
20.2203
18.9876
25.7339
20.9361
35.3781
31.8344
21.5035
25.6613
22.4161
21.9744
19.7176
18.6548
29.7663
17.4147
32.058
21.9501
16.6218
20.5741
16.5678
28.8464
16.8995
35.2289
26.9356
18.8327
31.2087
25.6765
19.7354
21.8657
29.7076
22.7469
21.4071
19.1336
19.4025
19.0159
18.4684
31.6791
26.7361
26.118
20.9802
21.52
19.5641
23.6474
21.9713
24.6471
21.8347
20.6363
21.2984
22.3795
20.1343
33.7753
20.0272
18.7851
27.9399
18.3897
21.2633
18.3912
20.3922
18.4157
19.0199
25.0159
19.6003
19.9131
21.6721
25.3955
18.6287
22.0558
32.8193
20.2066
23.0171
20.3707
22.7571
19.7673
24.0128
21.3112
19.8664
25.2805
19.5514
22.6188
23.7677
17.6826
22.9407
20.4951
20.0203
20.6191
23.4596
21.8413
22.0902
20.8392
24.6424
20.8409
20.4941
25.119
21.462
27.3164
20.1475
22.7345
21.2971
21.2544
25.7147
20.2267
25.8335
29.9839
21.9639
25.6602
19.3506
36.1884
22.4756
28.9175
21.0638
27.6488
20.8268
29.949
22.1313
20.367
20.7978
26.421
20.4505
20.922
21.586
25.1458
36.7124
26.4766
18.8945
19.0318
19.0409
29.2123
22.6581
31.2987
26.5312
23.1065
28.4585
22.839
30.3597
30.2534
28.5416
19.2566
28.5045
21.5192
20.8941
29.3164
20.2602
31.7605
21.8087
20.3126
25.4033
27.1061
27.3203
20.7233
32.2152
29.4205
22.456
21.6959
26.9335
20.1546
21.8216
23.2325
20.9661
21.079
21.4208
22.5783
27.8833
34.7387
21.3411
34.519
19.1104
30.1361
24.6704
18.6229
23.5705
19.4294
27.6014
17.8779
23.8826
17.2412
30.424
20.232
29.7114
27.6849
23.1821
18.7426
31.0948
26.5481
32.2602
20.5698
21.8209
21.5431
21.0857
33.349
21.0604
34.5596
21.1894
31.6897
20.8707
34.1446
29.0155
21.3779
32.9739
22.4334
39.3196
22.1922
25.3674
19.7851
27.9879
33.6401
21.3416
28.8607
18.9909
19.4247
32.1846
18.1278
25.3533
19.0771
19.6126
22.4127
16.3992
35.4424
24.6472
20.5023
21.6527
21.1984
18.7178
27.7508
21.0358
22.4295
23.1722
20.4476
20.5793
20.9121
19.4574
21.0851
29.992
20.1256
32.5045
30.0381
20.6382
20.566
23.8848
22.2027
21.7176
20.7746
21.624
24.162
33.1592
26.8787
22.949
39.3286
20.9686
32.079
29.6923
23.0385
20.1246
20.7909
21.7021
32.3524
22.1574
20.7388
21.1034
28.7636
27.4392
19.8707
22.05
23.1176
36.1519
21.42
29.1085
18.5436
33.0776
20.1552
22.6655
21.1353
21.0415
24.7289
19.6384
28.52
24.7777
13.7794
21.0458
22.1236
19.3048
34.5526
19.7146
27.6914
20.357
21.811
25.2157
23.749
18.8663
18.2585
19.6063
29.5266
18.7986
21.5385
33.7216
18.8562
18.9875
16.6651
23.3723
20.3292
16.6627
20.4736
18.2013
25.758
23.4785
28.846
20.3016
25.3543
20.871
25.0624
20.4496
17.7251
20.0231
28.7381
19.7476
20.8856
23.2463
36.8612
22.4712
23.3091
31.8087
17.7952
21.5653
23.411
20.5953
20.0371
21.3136
20.542
19.0363
30.9766
21.2483
20.2978
16.8628
27.7787
18.2122
19.8257
20.6502
15.9667
25.0146
18.1179
28.6466
16.7833
26.791
25.6299
25.1572
17.6058
27.979
23.402
18.6798
17.1282
22.2075
30.815
21.9732
17.9659
19.1015
21.3226
24.8419
18.3952
21.7359
23.5204
20.9532
23.3407
32.0307
20.1677
26.5429
18.4187
34.6996
22.1946
20.6601
19.4527
29.2162
19.3714
22.2065
21.8272
17.7048
20.3191
19.6448
17.4226
23.7739
16.5542
23.7322
16.998
17.0392
20.575
18.6935
18.9179
23.217
24.4717
23.1565
17.451
21.4496
19.5616
17.3421
20.9236
32.8868
21.8432
21.7718
17.671
20.1356
20.7591
18.4852
18.9142
18.6058
24.8742
16.7725
21.762
18.2089
20.894
22.0584
17.8928
27.4471
22.6238
23.1716
33.4462
18.9608
19.0962
18.251
19.5448
18.7862
23.7183
18.5486
20.0783
22.9483
29.3122
21.1172
18.1774
20.2411
24.1696
18.7702
17.0639
26.6725
20.6589
19.8802
17.5467
40.3459
18.8072
31.908
21.0652
25.7521
19.5269
27.2622
21.04
26.1253
25.7568
17.0413
20.9438
17.2932
37.9563
22.1834
20.7374
21.5675
19.2737
30.5044
25.844
18.468
19.9548
19.9057
22.0698
18.9713
21.2992
21.251
19.4167
20.2023
22.9089
20.8851
16.5166
32.1456
18.9233
19.524
20.2276
29.4238
17.1968
18.8406
27.6379
26.109
23.332
19.3701
28.7009
20.9211
23.8322
27.5747
21.5768
24.3603
18.987
18.6835
18.2113
24.217
19.502
19.7266
27.0589
19.2947
21.8125
18.2855
20.912
19.0774
25.7952
22.6415
20.6264
16.9376
21.0479
18.8953
19.6758
32.3786
20.9501
21.6051
20.6515
19.3339
24.8696
24.9492
19.2445
18.2868
19.6621
21.7869
23.0765
18.149
20.588
21.2002
19.1486
26.4401
21.4068
22.0731
19.1099
21.0359
22.373
19.66
21.9143
20.5861
26.6409
20.8341
21.6504
22.2369
20.3736
32.1941
19.091
20.9977
23.0093
20.5165
19.6526
24.0549
21.4826
19.2437
19.7782
30.4148
26.0895
20.0008
23.2398
21.9154
18.902
29.7736
20.1684
24.1432
21.8914
22.7745
19.0958
18.3338
20.6787
19.2512
20.0927
22.1782
19.2064
18.1032
20.9194
17.1798
19.0143
19.047
23.6036
22.0614
20.1731
27.1113
22.0485
20.6578
22.6105
19.8137
39.7716
33.4027
20.2671
35.4758
23.348
23.2212
20.6717
18.6801
28.8626
21.8035
21.3708
25.6033
21.469
22.1528
31.4897
22.4627
28.7861
21.5255
22.6383
19.1623
19.471
19.5851
19.193
22.4946
28.5736
18.9984
13.9835
23.0664
17.4307
36.3808
29.7235
19.0209
32.7575
21.6416
22.4132
21.3401
39.1607
35.2431
21.9556
24.4725
44.3428
32.4478
23.0569
26.0002
24.4795
23.7102
22.7303
21.8087
21.5974
24.5548
40.3567
26.2082
24.0154
24.2894
29.1713
26.4338
27.9156
31.9851
23.467
27.9228
24.492
32.1508
31.9864
37.4803
28.5805
36.3346
42.5172
37.2348
31.6865
26.9533
26.3623
28.8521
24.6526
33.5231
30.1758
43.5381
26.1561
32.5545
29.874
29.6696
29.7929
25.5153
27.0817
25.8958
30.5636
28.9832
36.4697
32.2323
27.9989
34.608
30.5613
27.074
41.8592
31.5049
27.6842
31.6174
29.0101
26.1039
29.0396
33.7532
35.8687
46.4479
28.1417
32.9414
32.5031
29.7394
48.3569
28.686
44.0283
27.4656
32.2173
33.749
30.2879
33.0204
27.7905
28.8385
27.1886
50.7062
29.7306
30.6656
28.062
24.9047
27.256
28.2929
31.3602
30.7159
27.3343
28.1569
53.3104
26.2268
40.515
50.7785
32.6771
42.2319
26.5411
38.8371
26.934
33.4261
24.5506
42.8254
26.4632
26.3371
36.9095
36.6963
30.3878
35.2896
30.1117
27.9937
27.6929
36.7844
33.1586
33.3415
29.9879
26.9625
38.5438
25.4965
38.2307
26.2414
37.2286
26.8338
29.9339
25.3728
38.1297
27.9878
33.2208
21.4581
24.6437
28.4526
28.6321
26.9952
31.9666
29.5988
27.619
30.4301
40.0532
28.8412
39.16
36.2234
27.6886
28.9197
37.0237
25.7516
27.743
41.7252
26.4244
29.5091
29.0992
31.0551
35.5378
25.9803
42.1483
29.4031
31.4708
31.0772
38.709
32.0517
29.7534
27.8421
34.2017
41.7281
40.6617
29.55
49.3017
28.1313
29.2281
34.3915
27.3552
28.2688
35.9122
28.7019
39.6703
33.8723
31.7357
33.8201
26.5017
38.3903
27.0233
28.6621
36.7732
29.3561
42.9191
32.5853
33.6058
37.2056
27.6151
40.6379
36.0192
34.9409
50.1508
28.9245
43.9826
27.8749
28.6508
37.8291
32.5331
26.0965
38.5643
27.2176
26.5401
26.4458
43.6173
26.1534
24.8572
25.6493
27.5863
33.9071
29.6031
29.1861
26.5851
40.2736
31.2335
37.6761
27.6983
30.5033
27.9056
30.9574
26.4824
31.9661
27.3963
26.5736
28.1727
39.2897
33.7823
30.6206
24.9681
40.2212
42.7908
30.0561
30.5275
27.8363
32.8543
28.3644
40.0596
27.8503
37.1218
27.5266
32.4582
36.5078
25.4363
32.0862
26.9066
24.7537
26.3232
25.1337
29.1625
25.3223
22.9856
37.9542
29.5078
28.7969
25.4506
35.8277
39.4816
27.8853
30.1527
26.0714
41.6226
25.6346
31.3422
30.225
23.4816
23.0066
27.9931
27.9535
44.9213
27.2954
29.8068
25.2678
25.2273
31.0147
32.9213
28.7763
27.0518
31.8754
28.6674
39.1143
36.5327
25.2895
34.2683
39.1306
30.5154
29.0513
31.4036
29.6609
40.2098
29.7496
42.9371
26.1025
31.3163
35.8794
28.6222
40.8324
26.4089
25.7556
39.1234
25.9689
27.4646
30.2713
28.1011
27.154
26.8769
28.835
23.8866
23.4774
23.7001
43.799
21.964
38.2847
25.8774
29.0599
25.6298
24.2409
34.9227
23.5516
27.4517
26.9866
25.931
32.4576
26.6618
44.1651
28.6649
34.6393
25.9098
29.0779
26.2614
32.6718
36.8739
28.6926
24.0869
33.5044
27.4215
30.9737
27.8549
23.5482
25.1941
26.1092
22.3578
37.8991
28.7029
33.3166
23.8476
37.0306
43.8396
26.1112
39.7149
25.9148
25.2105
26.4364
28.4682
25.437
28.6598
24.9219
34.9534
25.357
39.2763
26.8661
25.5399
42.9027
28.6514
30.4415
31.5389
24.9982
25.9611
23.7949
35.0427
25.3165
24.2854
21.6787
24.8497
21.5379
22.593
21.0449
22.386
28.0287
28.7584
24.1619
30.6722
28.7509
25.3455
24.8686
25.6888
22.913
22.4765
21.8695
21.5079
28.5451
28.3147
21.975
23.7931
31.1858
19.2057
25.0801
22.0458
33.4699
21.116
23.4243
34.9883
27.8302
23.0453
25.1381
20.6519
16.4329
20.5167
29.5519
24.1467
28.6636
18.5655
34.1962
18.6463
27.5683
20.75
29.0886
26.6515
19.8168
20.1302
34.0391
25.1439
36.4343
20.7771
21.3825
26.2862
19.526
27.9207
21.8004
28.836
20.0565
17.2447
22.8995
22.8577
18.8079
18.7223
33.556
19.4358
21.2268
26.5434
28.9488
28.4618
19.4898
27.1069
19.8787
23.7008
21.5831
20.6608
23.3075
19.4274
22.7553
19.8303
21.6024
19.751
23.4147
25.1169
19.5695
18.7245
19.1309
19.4968
19.5419
18.3873
19.9702
22.1035
20.3168
21.4585
22.5952
17.8984
22.4324
28.2119
23.0784
34.5294
29.6988
22.1929
31.7234
21.1571
24.7681
20.6667
32.8029
34.1197
21.0413
22.0504
30.0234
22.4374
24.4296
22.2629
24.0028
20.3598
28.992
20.2978
21.5727
22.3603
22.9532
31.4143
27.3451
24.0735
31.6203
21.0816
33.0824
31.057
23.2892
21.5186
28.7563
20.0404
23.1609
23.6195
30.3036
25.7908
39.3829
24.5224
30.1948
20.8154
30.1351
21.3656
24.8754
21.6123
23.0285
19.8661
24.5381
20.6101
28.0336
30.8539
20.7214
23.4108
20.5063
20.9682
20.5017
37.508
21.5194
28.0458
29.4002
31.3339
19.5718
22.126
23.0087
21.4259
20.2577
17.1697
31.1756
20.2327
27.7779
23.2683
28.1791
17.6665
18.9315
28.861
21.3011
17.5378
21.017
17.8477
18.9353
17.5493
18.4233
17.9987
26.1768
21.2222
20.9492
21.4115
21.4091
18.7798
35.1518
16.9882
18.2145
17.4887
29.9998
19.8051
25.4718
29.1872
32.39
21.0319
20.4068
32.4994
29.9276
19.7658
19.4166
24.9888
22.445
16.6032
32.2347
25.964
23.7951
19.5742
19.4924
21.2162
19.3455
22.508
19.5799
18.8833
40.555
30.2612
31.956
20.86
30.192
22.708
30.6586
21.2524
17.8518
21.9502
20.8031
18.3551
26.8842
19.1058
26.0501
18.6733
27.2531
25.6818
20.2041
25.5988
20.0725
31.7435
20.7119
34.1291
24.1407
28.4155
20.7719
35.0591
21.6318
19.5951
33.5525
24.4581
21.1722
32.1277
28.6963
21.3522
33.3721
24.0178
21.5594
19.3647
21.25
32.5411
23.2446
20.7546
21.1978
21.0764
18.5949
17.8218
30.9087
18.8429
23.3128
17.4347
19.1632
18.6954
20.6236
21.1017
18.1118
35.1662
20.5014
19.2696
22.592
19.8813
22.1269
20.8918
23.6785
18.6577
18.2487
26.4247
17.2011
23.3035
16.6942
24.7871
15.9793
21.4278
17.5524
20.1521
20.5016
28.3914
19.3592
20.017
18.7083
33.016
36.1703
23.7128
22.3511
20.8883
26.4755
20.4767
29.473
23.5757
22.5763
22.8545
30.2346
25.6894
22.0553
20.6315
28.1846
20.7792
25.3927
24.8383
19.309
31.4223
18.7822
23.5432
29.7631
21.5597
27.1766
29.4264
23.203
19.7109
22.9918
18.2533
18.022
21.2923
17.9938
27.5033
20.8675
22.4666
22.3821
23.0543
20.7159
30.6808
23.6144
20.9787
30.6582
23.7643
14.7647
18.9158
19.3749
21.5493
18.904
40.1207
26.4021
20.9531
27.1129
23.9271
18.0896
35.0936
26.4647
32.6035
25.5381
38.4087
22.6096
23.8243
21.1711
21.7919
40.7431
29.4122
22.137
22.1057
26.2572
19.7554
22.512
20.536
29.436
18.9375
21.0406
21.4526
28.4448
25.4745
22.9426
32.1963
21.7103
28.4281
21.6326
30.6485
21.6248
20.8007
35.9107
19.3063
34.0377
22.2931
20.1312
23.4761
21.5833
20.6392
19.0177
23.4616
22.0445
21.5283
28.1055
22.9855
20.1186
21.1927
20.7867
33.9646
20.9384
21.7844
20.4968
21.8337
21.733
20.1681
23.7188
21.7758
26.7086
23.1185
18.2732
29.098
21.1554
22.3699
29.3634
21.9403
26.4521
20.7069
22.0332
21.2097
40.3947
26.6214
19.9623
31.1579
20.8185
28.5096
20.2383
21.2769
20.2024
21.7114
21.0826
17.4744
20.0531
21.2559
24.1832
19.1303
26.2988
20.3072
24.3934
21.5454
32.1802
28.5137
31.3719
20.8491
23.2245
19.7703
22.5072
18.5455
30.5679
19.0221
17.8292
18.1021
19.3104
18.3732
19.7918
25.9672
16.8315
18.6908
20.6824
18.85
19.6418
21.6069
19.5052
31.7628
19.6956
22.3855
26.534
20.6493
36.2098
25.0979
18.687
21.697
19.7871
28.1171
19.3137
37.7081
21.7959
21.6831
20.8309
23.9137
24.3748
28.4828
28.7393
22.1839
22.7193
21.7934
25.9007
20.4311
31.8233
23.9649
21.0022
28.8122
21.2565
36.2893
25.1031
14.8636
20.5398
28.4716
21.1571
28.2576
20.176
32.1307
23.4493
32.5636
25.2562
24.1656
22.1757
22.5509
39.0341
23.2436
33.7601
23.4927
18.6138
30.897
23.0835
23.9765
26.6695
22.4625
30.4342
26.9607
20.6058
21.1214
24.8095
22.8112
20.7289
38.8606
22.3438
24.9506
19.0461
18.9159
27.2368
17.654
25.7564
33.4167
28.6593
29.9055
21.1617
31.53
21.8904
22.1252
19.9774
32.9381
22.3059
26.4534
36.6992
23.3031
38.052
26.8653
24.2141
28.2363
19.4661
34.1298
21.2304
35.8561
23.2599
27.1452
20.6621
32.1697
33.6204
20.7736
22.5691
21.2701
19.8038
25.1901
27.0184
18.9068
22.9741
19.2273
27.5032
22.6653
28.7888
35.5303
21.7282
19.9853
33.4689
18.8803
24.6744
24.4504
21.4347
22.2156
29.2848
20.8399
21.7682
21.8153
25.6648
24.1465
26.1389
32.5767
22.7481
32.4364
31.0292
23.3364
23.9835
28.2983
21.5927
21.4005
21.2786
20.9746
22.4472
19.6181
37.8723
35.3496
23.7687
31.6508
21.4402
22.7308
37.3011
40.3657
33.1666
20.0211
21.9932
21.8018
32.9874
20.4419
29.4367
18.6022
32.0961
21.3876
24.0532
21.0481
19.117
29.1902
30.2595
25.1352
35.9534
19.3928
29.2161
21.195
22.3084
23.7433
20.4108
34.1911
24.9883
33.3836
20.5484
24.3097
19.4845
20.2874
19.9283
21.1651
21.5824
20.6705
24.8835
19.7751
19.5414
22.0858
20.0016
33.8157
17.6518
21.6639
28.4562
25.2051
25.5894
37.9785
19.7914
20.4476
23.079
21.4016
32.588
25.8437
20.703
33.3519
30.2272
34.3185
20.8932
29.7544
22.1015
41.1866
21.3259
21.1794
26.2836
21.7225
20.1725
38.4364
26.6971
19.6206
18.7452
20.7147
18.7024
29.7721
20.0748
30.9689
23.2974
28.4474
19.083
21.5996
21.4287
37.013
20.5416
25.6524
19.7678
30.8293
21.7306
23.8498
19.2069
24.393
20.4735
31.3254
21.2986
34.9546
20.1527
35.7094
21.4222
37.5036
24.6122
23.8903
35.077
21.301
34.1908
22.6798
29.5105
21.902
19.2334
21.3108
26.1032
26.1674
24.9083
20.4332
21.7148
32.921
32.9588
25.9449
22.6474
20.861
22.8035
22.1867
35.3336
22.8609
23.6344
21.1292
30.2852
24.146
25.6921
24.8441
28.1509
20.2718
21.3269
19.9486
20.5719
24.9063
22.0877
22.3681
21.1357
38.3822
20.4554
40.481
27.5374
20.1645
30.2143
20.8995
37.7679
22.5545
30.77
20.6564
26.9602
21.2292
18.8113
34.4028
25.3439
22.9306
21.4418
25.9913
30.8721
23.6074
31.7459
21.3373
22.8128
22.3244
22.6616
20.7322
19.2744
31.4158
18.8723
32.8604
21.1284
31.1364
20.759
21.4658
27.3785
19.5711
20.0104
18.8761
24.4931
19.3255
19.88
18.8053
32.3452
24.8481
17.8817
20.7814
19.2275
23.7258
31.4751
19.7411
19.9597
17.3198
20.1013
17.9479
20.1281
16.8139
17.7955
20.9109
30.4472
28.3842
18.1143
23.3865
27.124
29.1706
17.8791
17.7575
19.2087
17.8247
22.6478
16.3303
17.8895
20.6968
18.9105
17.0942
26.3208
22.8846
19.3982
18.9093
18.165
18.1458
30.0005
35.6213
25.0749
26.6607
23.6533
29.1871
23.9102
27.9448
19.501
21.7533
19.2282
18.7743
25.4566
24.0869
22.0286
17.7461
22.1785
19.0139
19.5936
21.1877
19.7017
19.3739
21.0346
22.5634
21.4555
37.672
21.0328
23.1793
20.9563
20.9633
21.1223
21.1938
20.1203
30.8886
27.3612
32.703
22.0472
37.312
33.4271
23.8619
35.5569
25.5155
36.8351
22.8538
24.9885
18.5316
29.6391
25.6305
18.9163
30.8139
19.8837
24.5129
23.5775
19.5153
20.9183
19.5249
21.0941
20.7552
21.048
17.7159
21.4281
30.2562
22.8406
30.4447
28.539
26.4758
22.3856
21.5086
32.8529
22.3137
24.4166
22.4007
20.6149
21.032
32.065
23.1946
20.0749
20.1546
20.9782
38.2163
22.7788
21.8363
29.9594
31.4859
18.7284
29.4444
20.4104
20.0542
19.0463
34.7704
28.3521
33.7595
21.0465
20.987
18.9979
20.8155
28.0922
21.6409
37.6765
22.4509
25.2904
31.1422
21.4381
26.982
32.4931
20.7635
16.8561
29.6585
17.8676
19.9457
19.4953
19.4007
23.9286
19.9746
22.1299
19.7267
23.0476
29.4753
24.6963
22.5072
33.1471
20.1385
24.6262
18.9519
24.1782
21.8054
15.2529
17.3737
22.6308
20.1179
24.7601
21.1663
24.2372
29.5339
23.4891
23.7805
32.788
35.5196
22.3263
38.2743
26.3591
20.6685
23.0766
21.8506
19.353
22.8139
31.2003
21.0499
18.4521
19.6072
21.7684
18.7449
30.2497
20.4317
21.8216
16.4299
29.2605
17.2917
18.6359
20.4985
21.832
15.7727
20.7029
17.2703
23.8527
20.6248
19.2501
27.5004
20.815
17.0167
16.6569
16.635
16.7826
18.1585
20.7734
22.2175
27.5273
16.7482
28.8147
17.3737
24.1104
29.4041
20.0145
19.4583
18.3956
15.7088
21.8591
16.3935
25.8143
30.7373
21.1881
27.3928
23.2098
17.2935
19.8724
19.6626
16.8413
33.7189
22.0128
19.1098
20.6647
17.8657
28.4889
25.6064
26.0938
19.4795
26.4765
21.5888
29.9849
26.7522
30.5666
19.6964
22.3249
20.0453
21.6365
18.8291
20.1959
21.3755
19.5642
20.377
22.1231
22.6455
23.9001
20.1394
17.0441
23.693
16.1824
20.2769
17.161
24.1302
17.82
20.5342
19.7627
19.6022
22.4842
21.2247
32.0291
26.8638
22.2071
30.6042
23.6893
19.0745
23.8483
34.4738
30.8993
20.0764
24.002
32.04
20.7897
21.163
23.1262
19.3127
31.3647
20.3516
30.7714
18.5575
29.5868
25.7835
22.2905
26.3407
27.9768
23.9312
23.275
47.6449
30.9499
28.3444
28.8129
25.481
23.4538
31.0007
24.0895
28.8463
31.9025
19.8746
23.3591
41.9195
27.0195
20.5096
25.2563
24.4842
14.0441
14.3209
28.7122
19.8973
19.2964
21.0054
20.2704
20.5695
22.6989
18.3181
27.4907
19.7337
27.3137
22.9075
21.3349
17.1937
19.3869
17.8105
19.4744
18.6184
17.3613
14.8975
29.6878
17.5473
19.223
18.5425
21.828
19.5466
18.7139
18.2084
20.0422
21.3097
17.9297
29.4947
18.906
34.5387
20.3531
19.0182
17.4622
30.3623
17.44
21.851
18.3459
30.1608
19.1166
22.0501
34.3166
30.6222
20.6563
34.5946
20.3262
24.0916
20.1903
29.1852
19.1687
31.4432
36.9676
20.8898
28.6883
21.0537
29.9387
19.5387
32.7153
29.5509
21.2386
36.7203
18.8043
33.0002
21.9972
20.2077
24.8691
23.4964
20.58
23.893
31.2003
34.6675
19.9971
32.3065
30.167
24.7461
29.695
20.6589
28.0626
32.4033
23.3451
21.0952
26.684
24.896
18.6232
38.7401
20.5303
32.198
19.5702
33.6328
19.0322
17.3189
18.442
21.8967
18.129
17.8793
27.4131
20.2247
18.2686
23.0063
19.7876
21.8499
25.1598
22.1067
21.1518
24.3345
23.8839
27.4353
31.2309
19.8042
20.8792
19.6268
27.9978
19.0982
23.2015
21.8136
18.8819
22.7075
19.1761
19.3605
30.7675
21.9765
29.6369
22.3785
25.6317
21.2637
31.5495
21.7945
26.089
21.7463
20.4013
20.6
19.4761
21.0113
21.5778
17.9945
18.5623
25.4541
17.9759
19.6354
23.2658
19.4983
20.5751
22.9826
30.3183
24.1419
19.3197
25.2643
19.5
27.5272
20.7023
14.856
20.071
21.6265
20.4713
18.5409
23.2586
21.5553
19.6022
17.6958
27.8792
28.1705
18.4664
19.7697
18.7868
22.6741
30.402
21.7969
26.5053
29.4511
20.0665
26.0757
22.2098
23.9796
45.2233
26.8246
19.8707
25.1761
21.0565
21.4971
20.6742
27.9317
20.8392
19.6249
20.482
27.2645
20.996
22.2467
25.708
22.8319
26.8191
21.7062
31.3607
21.2129
37.5146
23.3715
31.9474
22.7184
24.8464
20.0821
22.398
21.2422
23.191
21.0347
25.5734
22.0114
23.5504
21.06
24.8032
30.3417
24.8467
21.6578
32.5143
22.4348
25.4681
24.4644
20.8946
33.1995
35.6178
21.2227
20.9015
27.3643
21.8329
27.5566
25.8966
24.4785
27.9225
26.0244
30.7394
21.3375
36.5095
33.0292
31.4248
20.3568
27.6399
23.4512
25.7923
21.7825
23.0161
18.8553
20.5108
22.7016
20.7638
32.1943
21.3558
29.2996
30.8558
30.7267
19.4429
21.5407
20.7176
26.4653
33.3812
20.0797
41.8918
31.6086
21.1341
24.6298
36.241
22.5365
32.8247
26.7621
35.757
28.9647
21.6388
34.3767
20.9521
29.803
21.5721
18.9104
33.5705
24.6405
20.1115
21.8137
22.6474
20.6035
36.9253
27.3318
21.8611
27.6239
22.0756
20.4284
20.7346
23.812
21.3516
22.6077
25.3373
19.4542
22.8796
27.3454
25.5575
22.2181
20.8964
30.2686
31.6786
20.8459
28.3656
22.2295
21.8877
31.2135
22.3141
21.5544
25.6434
36.7055
18.5083
25.3626
19.4346
32.2078
21.3979
20.1908
40.644
32.5525
26.5401
19.9751
20.8924
32.5747
20.8169
21.4328
20.0437
22.0552
26.9088
19.7123
22.3632
20.6115
21.0191
22.5236
21.807
22.7236
21.7134
22.4413
19.0875
20.7057
21.5378
17.9265
19.2659
17.9801
28.5543
17.8194
19.6986
31.6744
20.1981
20.8825
22.5136
20.3063
21.1922
21.6256
30.5832
32.1088
38.2257
24.2171
33.8571
18.4193
22.0534
20.534
20.5246
19.8707
22.8963
21.824
22.0617
19.673
24.2982
23.4828
19.8131
22.501
19.4126
21.154
19.0387
18.3691
18.495
20.4232
18.2606
22.1996
19.5298
24.1467
19.1112
20.6104
18.7684
20.4729
28.0047
19.3403
30.7924
22.633
32.3019
21.4133
19.8407
21.6678
18.2975
17.9069
18.6387
34.13
28.4791
18.5283
17.9664
19.146
19.7319
21.6033
18.2437
21.822
28.3663
20.1982
23.3002
20.6606
22.274
21.512
34.249
21.1427
20.4917
22.2183
20.5643
28.2932
22.9683
31.0041
30.5047
19.3663
20.5513
21.9589
23.0533
20.0992
21.6922
20.3336
24.7092
20.2752
21.3164
23.1714
26.4812
29.9851
22.3416
26.4845
26.0311
23.3655
20.9234
34.0311
25.2204
22.3549
31.9225
20.8775
21.0776
20.1794
24.7705
25.2105
24.6325
25.2698
20.841
24.5714
26.2685
22.3241
22.8751
18.5072
20.8571
33.7053
21.9543
40.5712
31.3026
25.6339
21.7367
24.2009
20.9219
31.5574
18.8168
15.6019
18.1523
24.5754
20.029
23.0319
21.0093
19.7758
32.3443
21.6021
37.5587
20.8194
22.7529
24.197
23.0273
19.5722
20.8859
22.0185
26.3084
18.8593
20.2379
29.1386
20.8423
22.1321
17.4222
22.1349
30.9801
21.3495
31.555
33.0877
26.4134
26.525
26.0773
23.0961
19.3054
31.5463
20.5702
26.528
25.5266
24.4791
17.6133
33.4541
22.7975
21.2254
19.2405
24.022
18.4245
27.433
26.4076
22.9527
19.8694
19.9744
24.4566
21.1384
20.0959
26.9267
24.9743
22.2879
19.7362
23.7283
29.0777
26.8209
21.2472
32.7644
27.7499
20.0566
19.4007
21.2885
21.8319
22.3704
21.5279
17.3879
29.7504
19.4969
29.821
18.8909
19.2335
18.9491
18.5773
30.3472
16.1518
30.2534
16.3596
31.1342
19.341
17.1511
14.856
28.7398
16.4342
22.7236
27.9555
16.8064
29.0214
17.3933
30.6063
19.9017
21.9002
19.7264
21.4551
23.2513
26.4098
18.8174
19.692
19.0014
17.9217
23.9184
20.7856
26.9446
17.8632
18.1598
34.9477
18.8847
29.4712
25.8361
20.1362
20.9532
21.0663
20.1652
20.7746
20.9947
19.5117
22.2754
22.1441
23.5571
24.6944
20.5178
21.626
25.1129
23.7395
23.7269
22.6934
20.1989
31.4304
24.1359
34.2329
21.6295
27.5943
22.5596
34.8614
33.074
22.0498
26.7533
22.8241
23.5627
21.3975
28.0623
30.1694
25.3395
29.8018
28.8186
21.8706
37.8128
24.0589
26.6912
37.7505
28.9173
17.624
19.5788
21.9646
22.9849
21.8432
21.71
40.3297
20.58
29.7248
24.2844
23.3355
18.7045
22.9796
22.6974
22.8037
23.0589
19.4682
25.7975
32.6252
21.7853
26.3883
25.139
24.6005
23.2449
24.23
19.9282
25.778
21.2267
22.9266
22.3733
23.7691
22.1391
21.9704
20.4988
30.5368
23.6273
19.1927
18.8746
31.9173
21.6459
24.4236
18.3578
20.3136
21.164
23.8201
34.2065
22.1991
21.3857
32.9301
23.5414
25.2968
24.0212
19.497
30.0832
19.736
19.5045
23.932
20.3607
19.8169
33.5436
20.2993
29.9162
20.9707
29.8791
29.2903
20.2513
25.0004
21.1482
28.5377
32.9194
21.0787
24.8117
20.8232
27.8144
20.1744
28.7582
20.138
21.1946
21.1906
18.8549
28.4378
17.4619
33.2991
21.5297
26.6932
18.2218
19.5676
19.9872
20.291
19.5248
34.3325
30.533
20.0511
24.3196
19.7557
18.6098
28.2161
18.0905
19.8012
18.6705
23.5237
19.0099
27.8876
18.4341
18.1302
26.6934
19.0599
16.9782
19.4257
17.4579
19.9507
18.6728
25.3889
19.329
21.3745
19.6096
18.8159
24.1717
18.4496
17.9191
27.6093
18.3623
22.2969
28.9527
20.4695
18.8378
22.1823
27.8907
21.9274
21.2362
22.1816
19.7235
23.1517
19.6285
31.7781
26.8965
19.6979
23.2833
33.452
29.287
23.2354
31.3497
29.4282
40.0872
25.0816
28.9502
23.2889
22.5807
22.1232
21.653
21.3713
34.1109
24.9324
35.4085
27.3861
27.4251
23.1217
22.3769
19.4252
28.9349
30.2128
21.0319
19.9514
24.7495
30.1748
21.3361
24.9934
31.6698
31.9571
30.1085
32.9784
20.7199
21.9914
29.8443
20.4845
28.2242
33.281
31.4349
21.6387
20.4078
20.8086
21.284
18.7608
26.7233
22.0802
19.2492
21.2177
27.277
19.1654
18.7585
20.6059
18.0866
22.2702
20.6673
22.1026
20.382
22.3495
19.1506
20.1317
19.8827
20.9994
29.8241
20.8684
17.9842
20.2347
19.8252
23.5426
21.3328
35.5376
21.8374
22.2369
31.0565
19.4925
37.2652
23.1495
32.398
36.4224
20.1345
28.321
20.6554
24.1584
21.0951
18.8091
21.4431
21.9364
33.0747
19.9533
25.5047
19.083
34.7647
20.9703
29.3427
30.26
22.5803
19.604
21.9818
30.1927
21.8787
31.7256
20.7769
26.7645
20.1089
21.9702
21.0937
20.688
20.9316
20.0725
21.9875
19.8463
21.3819
22.5575
23.0646
22.3591
29.7272
20.8161
24.2975
19.4509
21.8113
20.0359
20.9189
20.0253
22.2343
34.3664
22.9459
33.7567
20.4073
34.3677
24.6815
23.1491
19.7945
19.9456
28.8762
22.2059
19.0316
20.359
19.2551
17.9427
22.9803
22.8378
27.5301
23.5782
21.7466
23.2821
32.9781
22.1435
22.6438
19.7801
21.1208
18.0163
28.8192
22.6301
23.0335
19.9002
20.8121
26.1835
20.0708
20.3941
31.5821
18.1496
29.3185
18.728
28.8402
26.7661
24.0201
22.5095
18.7406
23.2526
20.4603
25.6852
19.6152
27.9491
20.7935
22.5859
32.0718
21.5661
20.0793
18.9513
34.4194
21.851
29.0124
21.2318
20.6345
27.3178
23.687
28.0344
21.6573
30.1758
21.3204
29.895
19.0206
24.4901
22.2704
21.426
29.1524
19.2086
32.9812
34.162
27.5626
30.4116
26.8993
23.7386
33.6464
20.5421
28.7108
22.4551
24.8323
21.5995
37.0763
26.1425
23.3876
23.621
22.9413
23.1283
26.639
21.2918
23.9351
33.5744
24.3917
24.7602
22.9572
29.8028
32.1982
29.8057
23.9505
34.8549
26.3251
48.0906
42.595
32.0037
29.7891
26.0322
31.4661
26.0725
27.1993
30.3978
37.5722
39.7341
31.1741
28.3945
27.2014
25.9683
30.464
26.5504
30.1393
25.6321
25.0811
28.4237
25.5201
25.8436
27.8194
33.5491
26.2428
41.7142
26.488
33.2462
26.4698
29.3045
38.0188
28.786
27.4217
25.7543
23.0644
23.8422
38.2042
26.0995
29.1981
28.1794
30.8298
24.214
28.9127
28.6105
31.7466
29.3875
28.3183
38.0319
25.4541
30.2086
34.1231
26.0797
36.4211
28.972
39.7436
27.2265
25.4926
27.7896
24.6892
27.5875
27.5494
25.2778
34.338
41.6519
26.4239
35.4657
25.0797
29.6663
30.5157
30.6155
28.3297
27.5049
41.2858
28.6796
42.6181
46.6807
40.859
26.4215
36.2218
30.6899
27.315
28.6621
30.9159
25.6531
27.3353
29.909
41.7783
35.693
29.5305
20.7459
23.6936
25.7296
43.7003
29.6447
30.3099
26.5301
27.887
35.7497
26.2674
42.4894
31.4195
28.7847
40.3296
28.1749
31.4356
32.5919
26.7154
29.4145
31.431
26.6338
46.5848
28.9465
38.791
26.2607
36.5885
31.6457
30.4588
27.6886
29.1883
40.6257
25.58
30.4433
26.5695
24.7475
27.9749
25.0553
37.451
26.1531
43.5478
32.9278
25.5964
27.8311
24.9572
32.3764
30.3575
24.3419
49.0164
36.0189
24.085
35.9005
32.4542
33.7966
41.6868
39.2453
24.7063
23.1974
28.071
26.8857
38.3672
24.2444
23.5204
24.3621
34.4769
26.8402
24.3062
34.4583
24.3416
29.252
24.8761
27.4459
24.5489
24.4818
25.2003
44.6998
28.3158
41.2592
23.9217
29.5312
34.4355
25.4121
25.1127
31.4389
32.3419
25.695
26.4409
25.3649
37.4392
25.7928
23.3956
27.9897
27.9046
24.0231
20.255
26.4797
18.9757
25.8516
22.3089
31.2601
18.4324
30.4855
17.2174
21.1764
30.5713
24.6834
23.7064
21.2197
18.8416
20.7892
18.8638
34.6904
20.2756
30.0561
19.6859
20.7484
21.7764
30.6794
21.5415
33.2667
24.9728
26.6689
21.5455
28.9279
21.9976
29.3104
20.4523
24.5424
21.3888
19.5887
21.4075
31.4204
23.621
32.9826
30.1483
21.671
27.4944
24.2569
23.075
18.7444
19.8715
29.9459
25.039
32.102
23.341
27.2423
28.8008
23.4277
28.0372
18.7758
18.8521
20.7458
32.6598
21.7474
30.0965
20.0925
18.3532
21.5306
26.9778
22.7258
18.9828
21.5348
22.3172
16.4097
17.5423
27.046
21.2461
19.3339
19.7211
19.2247
26.4048
21.458
20.9583
37.4601
33.4339
20.7796
19.6611
22.1219
18.7367
19.4158
30.3789
20.6012
27.826
28.0387
23.9733
21.8147
17.8379
21.6104
20.0854
22.3435
32.4421
18.5652
20.5839
16.5909
18.1484
31.851
19.9611
24.2841
28.7444
20.7961
52.5568
27.3555
22.268
22.4645
31.9591
21.4397
29.24
24.3092
23.9361
35.6555
25.6034
33.9046
25.8667
22.3261
27.801
21.1712
38.9151
23.6681
22.2356
22.928
27.8865
24.0392
21.5023
28.7648
17.8598
19.1082
19.1483
18.7544
25.8158
19.8853
26.905
18.5771
27.6653
17.587
17.2352
19.5645
22.6406
17.5249
18.1048
25.873
19.9255
20.9805
20.7757
19.8944
20.4559
23.1237
25.4971
23.1927
24.8764
22.2916
20.779
26.0903
22.5072
35.7598
35.7985
22.6574
23.9298
21.6209
29.2324
22.1684
27.2131
22.972
24.9848
26.4296
25.3824
38.5234
24.9223
23.6699
22.6566
25.6771
18.7333
20.057
18.21
30.2452
26.6987
17.946
27.6999
21.8783
18.0084
28.2866
18.2439
21.2716
25.6525
20.649
19.2831
18.4655
16.1346
23.1519
19.9185
18.5627
18.0737
14.3707
13.7047
21.2853
17.0031
25.775
21.9172
25.814
17.7751
17.5095
28.1301
21.1512
22.8464
25.0088
18.6369
18.8585
16.7686
20.2277
22.8688
18.3766
22.3839
16.6933
19.4517
23.2314
22.4849
22.2464
30.027
16.8758
27.083
18.3235
24.3871
21.1569
18.1981
23.2503
17.8647
16.6631
17.3977
26.2164
17.9771
20.7744
22.3023
27.6082
29.1878
20.8008
23.5249
16.6347
17.9032
18.1794
26.9949
18.219
21.4954
20.4214
27.7679
19.0916
32.7642
21.7407
30.4659
19.0097
27.0718
22.4926
25.5123
28.6196
16.4872
25.3348
26.6726
16.9233
33.682
29.1605
18.8298
25.9338
18.0891
24.782
21.3149
19.0663
19.9184
19.2376
19.8592
27.2541
32.9579
19.7065
23.7368
27.6469
24.0621
19.9439
29.4117
22.2446
20.7306
20.5414
19.8996
21.1548
19.6815
31.5431
20.6943
30.354
27.7105
29.4079
21.861
21.7165
28.0943
18.5354
26.3102
22.6636
20.6064
32.0516
22.3893
24.4212
19.7743
23.0571
22.0416
21.9244
18.8223
26.0679
31.3105
25.3774
19.1763
26.6023
29.0919
21.2698
22.4503
21.8662
25.4077
24.1121
23.1178
29.7745
22.5331
29.6937
22.5743
29.9823
31.7882
28.1556
20.5515
22.0453
22.7495
24.9657
22.672
25.4753
22.0266
27.9219
21.6918
23.5883
30.4042
21.3174
31.7368
19.9815
20.1695
22.2904
33.6761
19.4451
27.5468
18.5162
19.5415
19.5913
26.5449
15.9648
32.6352
22.4726
22.5684
16.2519
20.3653
18.4032
20.9669
21.0694
33.8133
23.3849
19.3023
18.6506
30.317
20.4034
21.0352
32.5727
22.0486
30.1899
27.0355
20.4578
31.8601
18.9935
23.1825
34.7926
17.7025
26.103
20.3488
32.4076
19.2793
30.1091
21.1779
30.551
25.4462
19.515
22.1072
22.9413
17.6477
26.3296
16.2138
22.4467
17.228
28.0219
17.5547
20.5265
18.681
30.1762
17.1449
26.5256
20.2973
22.2889
29.1191
18.5474
17.4155
21.8298
19.7246
29.1428
20.5403
25.9828
17.5335
17.099
20.0658
18.5146
16.7974
17.9247
23.0041
22.6664
15.9985
25.4935
15.5401
22.372
24.3359
24.4311
17.3709
31.0139
36.2097
21.9607
30.8024
21.2637
37.8968
24.7641
23.7729
19.8597
32.3306
27.0751
20.5883
34.6658
20.9093
30.2191
20.7466
33.2124
21.9988
24.8142
18.544
28.3104
23.0607
26.6038
28.3256
25.5665
19.5355
18.6065
20.9658
18.7935
19.8532
29.3742
19.348
15.8593
17.8436
17.4804
16.5159
22.2896
19.7147
15.4699
24.9228
23.8043
13.6656
15.5169
19.4122
17.9496
31.3215
27.4651
21.9816
21.6793
22.8682
21.9358
23.5199
22.5212
25.6236
30.1886
25.0201
24.9976
20.4939
25.4476
21.663
18.7689
28.1322
18.8233
21.2924
29.1023
19.2079
21.7305
24.2264
23.2724
31.6558
23.07
23.5638
23.9939
23.7411
20.2831
20.4551
33.1212
20.3895
22.8288
21.2603
28.612
19.8354
25.5249
20.9754
20.3142
21.1162
30.995
20.0439
20.3931
29.8417
34.1465
33.0381
22.0481
24.8908
23.8279
21.2106
33.2828
22.1486
22.2716
36.7167
20.0735
20.4057
34.3979
24.1289
19.3838
26.6474
29.9566
19.5364
19.1193
32.7111
22.3598
37.5568
23.1634
26.6681
21.6739
29.8295
19.097
28.1642
25.0404
20.1027
27.0919
20.4741
19.2805
21.6289
19.2927
16.9629
22.5279
18.062
18.7318
22.0545
37.9967
27.75
34.9165
23.7385
22.9
28.7686
33.3409
37.7605
24.1329
28.008
23.3005
25.3963
18.8474
23.9063
21.0844
18.4085
28.343
16.9741
30.9923
21.5939
22.895
18.1763
24.1771
20.2699
19.4833
17.9141
21.2727
19.6843
20.3217
29.6661
18.6582
18.7722
20.6387
22.0435
18.6725
28.0054
20.8976
25.7644
22.916
25.1394
19.7538
24.3296
22.9844
28.4701
22.4003
38.8513
22.1113
34.7019
19.4291
32.6645
32.4612
20.388
23.5144
29.2415
18.9593
17.5903
17.9658
25.8178
18.6602
20.8385
26.3035
18.9921
35.959
20.6012
22.5701
27.7096
30.0502
28.2836
18.0268
29.7871
26.1501
22.7325
14.9159
29.1417
22.6905
18.9105
22.7607
21.4294
21.7634
22.2895
22.9868
26.0844
19.4276
15.5525
39.5461
32.427
24.3898
30.8181
21.6092
32.8825
22.6291
22.3978
21.784
20.8965
18.7199
36.5264
22.9864
31.4272
28.7725
34.1508
21.1628
31.8823
33.4906
30.4653
19.9073
30.4948
20.6945
32.0094
26.7985
19.7572
17.2233
32.2031
23.3005
19.6425
20.6819
15.8819
20.8791
20.2241
30.7013
27.0161
18.4886
23.6378
25.1177
21.7469
24.6935
30.7211
33.4973
29.943
21.8244
34.6184
22.1192
29.289
20.889
17.7955
18.733
16.7279
26.9207
16.7011
29.1002
30.0494
19.1685
29.8876
23.2251
21.1214
18.748
20.0465
19.629
17.9355
18.2831
19.0471
28.053
27.1072
18.4489
20.1428
19.2435
20.398
27.4393
29.1464
23.956
31.6715
20.4969
21.1499
21.8323
28.5877
20.0099
23.7609
25.4983
22.5396
27.005
22.3633
32.6166
20.8921
28.4126
22.4046
22.7647
27.9575
19.3855
27.134
18.714
18.046
32.5076
18.9058
18.7331
24.0633
28.2079
25.5754
28.2657
21.1146
18.5126
16.9905
21.0675
25.488
30.2712
18.6645
19.8326
16.6148
31.5218
12.376
16.8351
20.3525
29.4789
26.5192
18.9495
28.5143
23.6202
39.9741
33.2782
30.1259
20.0975
26.3225
26.3047
21.6875
22.0542
24.1676
19.5515
25.9565
25.2768
23.5623
20.5252
26.0898
21.5578
37.0729
25.0734
29.8776
24.5406
32.7474
26.5815
22.5985
35.3727
21.9333
23.0059
22.6713
33.75
30.4863
22.5157
21.6861
21.0744
32.9615
21.6167
21.411
31.0245
18.9488
19.7771
19.9664
22.27
30.5108
23.8504
22.727
31.6408
34.3374
22.5613
32.2494
22.8446
25.7884
23.948
21.5224
31.9092
19.3879
27.3687
20.696
17.3749
18.0464
21.0885
33.7446
21.3607
28.3235
18.5869
31.782
22.9459
24.3575
29.0654
21.2657
25.4302
17.765
19.1951
16.374
27.078
19.9499
15.56
16.9644
14.6341
21.2515
19.6203
21.0409
22.8671
23.675
31.3296
19.9112
20.7143
30.6597
19.6819
29.0932
26.3093
32.0851
30.617
22.9048
34.8833
27.3476
29.0067
19.6289
22.7164
18.3739
17.0104
19.5464
17.9289
17.6718
24.1481
17.6522
31.7627
28.8707
29.3109
20.2892
18.2636
23.543
22.6231
20.1054
30.8938
16.1278
16.968
16.1351
17.5266
23.9717
33.3427
20.0238
29.6966
31.1791
31.8227
30.9623
23.196
23.3687
23.7589
32.7846
21.968
30.0443
18.4932
24.305
18.2609
30.0425
19.003
18.5597
31.4395
23.6123
18.9291
30.6364
21.3353
21.232
20.7297
20.8714
22.3477
18.0347
20.2475
19.8423
24.8256
27.7482
30.9484
20.9739
26.5227
19.316
34.5487
25.6315
20.6998
31.4387
22.2262
22.3526
26.5137
22.3571
30.6002
28.0916
25.6801
26.4926
23.1907
23.9815
19.1481
30.5601
29.3753
23.5461
22.3338
23.9468
21.0804
21.942
33.3419
23.0405
24.4058
19.188
24.7372
21.4162
19.9761
22.783
19.1837
28.8403
19.6931
16.632
27.1681
26.9833
25.7473
19.1013
21.991
26.3109
19.6975
32.0414
21.0788
21.9453
27.3293
20.2214
22.6605
24.7213
22.9455
33.6833
28.2965
30.0576
25.7368
27.0966
23.0117
32.4389
29.8679
19.7547
21.6205
20.5452
23.241
24.8166
25.5446
28.2901
24.4404
21.9919
21.2482
34.5311
21.1185
21.131
25.382
26.1075
29.6185
21.8556
17.5579
28.5994
21.0135
21.2963
23.9618
20.5471
30.5008
30.8244
23.7394
22.391
22.2004
19.5941
19.2293
23.537
18.9305
20.3094
35.3827
30.4642
23.8009
21.249
21.6149
30.6612
23.5816
23.4337
22.9086
19.3259
18.8275
26.1031
21.0659
20.9981
20.4979
28.1695
29.9384
18.717
31.9515
18.6174
22.1229
35.5872
19.8084
26.2246
20.2292
33.1428
21.9495
24.0512
35.1495
20.4232
27.0034
29.8712
22.4641
21.6194
27.3958
26.3963
32.5291
20.5963
24.3437
26.0079
23.2222
24.8321
21.0414
20.351
28.0678
29.2215
20.7692
37.3047
20.9532
31.0191
32.8792
23.8316
21.8604
21.1825
18.9159
20.9816
31.0151
18.2722
31.2036
22.7262
24.7189
20.2533
31.142
23.5564
34.2506
22.6743
26.6319
19.8685
24.944
19.2772
19.8239
21.5025
22.682
17.5424
20.6128
21.6934
29.5148
24.5487
19.9591
30.753
18.8201
20.6403
36.9316
29.4295
34.6492
21.8879
33.479
31.187
22.58
23.9844
20.3655
40.281
24.3818
27.2536
25.1814
29.6989
37.6482
21.654
22.8224
29.3811
20.938
23.8254
26.3036
21.341
22.176
29.9051
28.5985
27.2417
32.8067
22.6047
32.5923
23.3083
37.2122
26.2488
36.0581
23.6999
38.0713
27.6985
31.5849
21.4543
32.0362
21.8339
28.5683
24.0273
25.7336
19.1833
25.7941
16.9532
28.8779
35.5069
24.5917
28.7347
20.8605
24.3709
25.7311
23.0771
26.4143
24.1911
37.3822
38.6258
23.6064
34.9342
27.4489
22.9261
21.6024
27.1047
19.4994
24.0813
18.2729
22.1976
24.885
36.3152
23.9042
25.3133
32.9899
20.5985
30.7513
20.4633
23.1219
22.0336
32.466
20.2793
22.5767
21.0891
17.7691
17.6546
27.0805
33.5652
29.4801
18.5005
23.195
33.5639
22.1404
29.6722
21.5336
22.8523
20.2688
19.4835
20.7119
32.8341
20.7595
26.9048
19.4727
19.0114
23.5008
21.8812
22.803
21.5347
23.9725
22.276
30.5245
20.323
19.827
29.2744
22.0513
25.7039
19.9264
30.6101
18.1951
28.6976
21.0295
19.7678
19.7054
23.1401
32.7848
24.8481
23.954
20.68
26.1939
32.0167
21.6042
25.4011
28.4311
18.553
19.3488
26.585
20.5429
22.0874
24.0738
21.2617
21.3908
23.2106
21.1586
23.1688
25.9177
27.8478
20.3238
19.2335
21.1723
26.5261
21.9376
31.7755
26.1706
28.155
21.1675
21.129
22.2598
28.3697
18.0151
26.5571
29.5934
19.3339
19.5483
29.6187
24.3505
27.6796
28.8835
21.7939
24.3397
25.2456
22.0129
21.4574
31.0814
19.7857
25.7315
26.5881
21.1596
26.0386
24.0163
22.047
31.1066
22.2238
33.4735
23.2137
18.923
23.3756
22.5534
16.4362
14.7588
21.8489
26.0097
21.4671
31.5515
39.5381
38.1934
28.6452
19.8114
30.9261
20.1573
22.5579
33.0497
21.9245
32.7959
23.7852
23.0364
37.5584
29.727
17.809
29.906
28.9094
26.5261
24.141
21.2848
29.9747
20.7558
39.5621
20.5581
28.5111
20.4123
24.7764
20.138
31.4355
27.7274
19.6471
32.0819
21.0457
35.2843
27.8922
19.7133
27.0043
19.9936
29.2158
19.8854
32.8333
19.9289
30.9952
19.8466
29.4244
18.8132
21.5755
19.4654
33.3769
22.1708
30.6943
31.1215
18.9626
20.5563
27.0845
20.2552
22.6433