28.0637
26.4137
20.1358
20.001
31.8222
24.7142
21.9855
19.8739
28.1113
16.4753
17.3056
27.112
19.1319
28.7972
17.6258
21.086
19.0707
19.2886
21.059
28.0868
22.8376
18.9306
30.2699
19.6158
22.4085
18.2435
17.5603
17.181
28.1996
21.3933
26.5374
19.2468
20.6885
19.7211
23.8828
19.0415
30.9962
20.8109
20.1187
24.6001
16.2387
29.2424
18.7802
24.246
28.1496
34.8133
22.8895
19.9146
19.6342
21.7794
27.2249
19.3614
18.2251
23.0157
19.5408
31.9336
20.7263
19.6589
18.9307
18.9386
33.073
17.7299
20.6646
22.6786
20.2406
24.0673
19.3141
27.3889
19.1553
18.7987
21.6932
17.2769
20.3897
19.1394
20.6644
20.5401
24.1101
26.8032
17.7559
27.3607
24.963
23.6592
22.291
19.3572
26.4228
18.1146
24.5966
20.1277
19.7168
35.0497
21.2485
28.3036
29.2277
17.2815
31.7673
19.2027
31.6647
18.805
28.4769
18.603
18.647
18.2962
29.4651
18.1955
29.3357
30.7296
18.7605
16.815
27.444
16.2873
26.0045
16.6549
21.3928
18.3463
18.4173
20.7259
19.5386
26.7667
17.0979
20.3596
17.7614
18.5514
19.6406
24.7704
24.6741
17.7235
18.3555
17.8603
25.7445
20.8373
24.3423
17.8949
28.3509
18.535
21.8726
32.0183
31.0623
17.2867
17.3672
31.6185
23.4465
33.1015
18.7565
21.5399
18.1108
17.7489
26.6321
19.4969
23.1949
19.7859
19.2417
20.1514
19.6241
19.5039
20.1923
18.0926
18.8537
25.7941
19.6966
27.1256
21.9683
22.0223
24.2394
21.0129
28.673
32.1694
19.4054
33.1221
21.1794
19.1209
27.6958
17.6618
32.4107
20.4875
18.2527
27.949
23.3143
31.6043
20.1949
19.8601
25.0996
21.0571
17.7443
36.0067
24.3045
30.5899
19.1426
20.9561
20.7909
24.217
21.0658
34.6873
21.7708
19.4929
33.1403
23.743
22.1878
20.4802
21.5685
31.15
20.5
29.4802
23.2718
32.3202
20.0047
30.688
33.1142
19.9747
28.8542
26.1663
20.64
34.8403
31.5355
21.3215
20.1311
18.1098
30.2307
18.4235
29.2905
19.5325
30.1588
19.2853
18.7048
18.7721
22.3647
17.5711
21.6037
20.7947
18.7427
24.1738
20.625
20.2882
19.5227
23.7923
21.3083
31.6274
29.2315
36.2008
22.6938
22.1011
24.6054
20.802
33.1924
22.4337
33.9174
28.4557
21.1493
26.0439
22.4443
28.4473
19.4565
34.4363
22.2874
19.9683
19.7188
28.5926
25.8726
19.0405
25.0733
19.6122
20.2466
20.2222
20.9721
18.1722
27.7886
17.6158
28.7694
19.3714
19.0921
19.6979
17.6342
18.8812
19.546
21.8458
20.6373
29.4932
31.2173
29.9359
18.3718
21.5804
26.2931
33.7034
23.3401
22.0323
21.5702
28.0493
20.7881
21.4515
36.3753
31.1119
17.9261
22.18
21.3335
25.6211
21.5229
21.9503
21.6024
34.5342
17.235
21.5853
26.2489
18.0226
36.7187
27.3933
20.3514
33.226
26.7804
24.0207
23.2121
26.4045
20.8031
26.8659
20.0978
23.8986
19.8632
25.2973
22.0588
28.0539
21.4522
22.5404
19.0374
20.9662
29.466
17.016
27.8298
17.7111
18.1999
30.9374
19.4885
20.5737
24.4128
21.2443
23.6842
27.6343
22.3437
21.187
18.9863
32.9544
19.3242
25.4988
22.1648
20.3905
30.5766
20.1424
21.711
18.3694
21.8617
21.1997
18.6118
20.9851
22.1326
24.1719
17.5115
22.3663
27.0508
29.1496
30.7303
18.8985
21.2883
20.6417
21.4131
22.52
18.5234
21.5966
19.774
26.4558
20.8176
18.6952
21.6673
32.7516
35.7389
18.841
19.4366
28.3885
33.3387
25.5143
24.1547
19.2603
27.8268
35.0245
22.318
25.1601
23.9536
31.4048
31.8016
21.7253
23.3892
34.6322
26.2855
26.0113
22.7676
20.0232
25.6815
27.8068
36.8825
26.9173
18.2974
21.7414
17.9432
26.1978
23.4161
18.572
18.3882
25.6087
17.9271
26.6063
17.6874
19.8906
18.72
20.1457
17.8906
18.9489
19.6562
22.2536
36.5001
34.8185
25.3346
30.3789
22.2556
18.8147
20.2066
22.4546
27.5101
18.4941
21.9629
20.204
18.0208
17.6974
17.3604
29.6187
24.7302
29.4194
17.4723
20.6581
20.3948
29.5355
17.872
28.4165
22.325
18.8793
27.1053
18.205
22.7659
26.1089
17.3459
18.3766
30.3137
22.0609
21.8833
15.67
15.1173
23.1593
16.2978
18.6334
29.9635
33.3699
24.72
22.0122
21.9403
25.1317
20.7772
17.4785
25.3041
20.6628
19.0891
17.5478
26.5931
21.0681
18.7241
20.4476
18.1961
23.0626
20.2183
26.8323
22.1764
21.6716
17.2802
23.984
21.2803
19.7398
22.365
27.8723
22.3602
29.2189
33.6121
25.1358
23.0266
28.9289
23.4536
28.9692
28.6096
16.7843
19.6465
31.6
18.7565
17.7443
18.2028
28.0905
19.2383
25.5335
26.681
20.2417
30.8965
34.1727
21.817
24.3697
21.0392
20.6539
24.1643
17.8338
40.8602
30.3752
29.8284
24.6976
31.8688
17.3354
25.1785
18.9191
20.0618
17.0358
27.8152
17.2156
19.7784
25.537
22.8897
25.1243
21.9909
20.7412
22.5048
17.1428
19.1817
21.0789
21.3634
26.7427
30.8737
18.767
24.3667
17.5466
18.2631
19.2323
26.4719
18.6588
20.3747
32.7058
22.3752
25.7248
18.8118
31.7956
25.7727
32.4011
21.7385
21.8588
19.2885
29.5701
27.7747
19.2373
19.8769
20.846
26.7095
22.7461
27.0588
19.2277
22.4198
17.2512
21.0883
19.0719
25.106
28.8345
31.8137
20.1835
18.6997
20.7168
19.3305
20.9446
19.1571
23.2603
18.8567
18.3717
20.5179
30.6964
21.9266
21.081
20.9113
29.8416
31.0757
17.4718
24.3115
19.2108
23.6657
18.7832
31.8108
20.2508
16.232
27.1518
21.3795
29.005
24.0139
18.2216
17.8906
31.8198
24.7161
25.9091
22.1318
16.0643
15.4164
20.0628
18.6183
18.7884
28.3706
21.0034
16.5962
22.8568
22.6941
18.1854
18.3989
30.4153
16.3829
35.2452
19.9206
26.0561
19.3957
24.1093
21.4685
30.0827
21.6865
21.5888
19.8705
19.3666
28.4915
17.3608
26.9808
17.5809
28.2991
31.6737
21.2737
23.3184
19.3597
24.377
20.0966
20.2395
26.1014
14.8223
19.28
24.847
18.7155
18.7727
18.2991
33.4337
31.0066
19.2858
23.9629
30.0734
32.3235
21.6521
22.3685
22.5807
32.5329
31.8751
19.9928
25.1483
25.1789
20.948
30.0225
20.1284
20.7235
20.5236
29.7893
18.4097
20.7005
18.4171
28.8018
18.5479
20.6975
16.0989
16.5209
18.9222
16.4452
27.504
23.7923
28.0761
18.1253
35.632
28.6777
22.4867
32.6375
30.4829
28.271
23.0112
19.9683
32.5822
22.4068
33.3745
22.4012
34.3662
22.6726
29.2616
29.5626
20.229
26.9923
17.9377
23.9787
32.6836
20.8361
25.4601
34.3853
25.1363
24.6938
28.6959
20.846
26.2204
33.4042
25.4466
22.1901
21.4035
23.2596
22.7971
20.9964
17.793
29.3139
25.9718
33.8421
20.512
27.5323
22.4834
24.59
30.7631
27.7535
28.0177
33.242
21.0594
28.7423
18.3319
20.0474
20.0288
30.9847
20.3329
31.3787
23.2668
25.3037
22.9727
25.9816
21.7718
22.9197
20.8643
17.7544
26.5838
15.4794
15.2257
23.2464
15.1553
14.3299
17.5844
16.3341
19.5638
19.8029
20.8232
14.659
18.5287
24.8636
26.3115
20.4044
16.1983
26.3716
18.5892
33.8569
30.7838
27.0125
21.6279
19.0896
19.5859
19.7917
22.1074
21.0102
19.5645
24.2196
19.5096
23.4443
43.6184
23.9242
24.1745
22.9337
30.483
22.6066
25.3152
35.1649
25.0641
33.4028
24.3447
30.6268
22.4228
19.7882
17.2029
17.3252
16.7566
18.193
15.6159
20.0658
17.1211
21.7256
24.1929
21.5536
19.3415
31.5816
20.3156
22.542
20.2095
19.3958
23.2057
19.5537
19.0755
22.9192
22.3
27.6446
26.3795
23.1607
31.5855
20.879
30.9448
19.7976
31.2064
23.8356
16.1222
27.302
27.4745
26.6098
28.2837
17.9466
28.3024
18.2167
20.5486
17.6951
17.977
16.902
19.3627
19.0714
37.308
24.8013
18.209
19.4341
19.1074
21.9355
20.6253
21.9008
19.6573
18.8641
21.3231
20.4253
31.4883
27.579
20.9949
21.2852
18.3243
20.395
17.7239
28.5888
18.3248
23.0674
19.5204
18.3879
15.837
16.204
15.7625
25.5932
18.4285
25.0863
21.8515
31.3271
24.1426
25.2872
25.2051
32.0531
22.327
20.5953
20.5899
23.9405
19.3262
19.5075
20.1609
37.0645
26.3115
19.1389
27.6683
29.6693
23.9093
32.7649
30.5027
29.8681
28.4482
20.1572
24.673
20.0183
26.7986
28.1412
18.374
22.3286
19.4545
24.8879
20.827
18.9822
14.7071
16.7045
23.3081
15.7688
30.3259
21.096
18.8031
16.4816
30.2266
30.2132
25.8672
14.279
15.3239
19.0437
24.7085
31.2963
17.8141
25.876
18.0483
24.8366
17.8647
18.8914
15.737
19.9302
28.9832
24.0299
17.8383
29.2344
20.6879
24.9318
29.7486
18.5458
23.2006
23.1803
21.8499
20.4106
26.606
34.1299
20.7111
35.5693
24.3583
27.3501
21.6067
28.049
20.5203
21.245
20.9754
25.8251
23.6531
18.8977
20.7445
17.9114
17.5544
16.0299
20.3553
17.6044
18.2802
18.3504
17.7683
15.9826
16.9747
15.1784
15.3656
15.8934
18.3266
16.9229
20.8557
17.3819
22.2562
19.5067
33.3514
18.4184
33.0961
22.1079
32.1203
21.8883
19.628
24.7918
30.4324
22.3012
24.5849
26.595
23.3057
27.3343
26.8975
26.9235
25.9694
25.9015
22.4996
21.6407
31.7612
38.4096
25.203
20.7288
37.7226
26.3233
20.7596
21.887
23.7878
19.4393
25.1404
22.8008
20.9067
33.2318
34.6344
21.0407
32.9703
21.8345
26.8599
28.2224
24.7006
23.2408
25.0087
23.1342
25.0477
30.3599
38.759
25.7967
25.5185
34.4461
24.3602
28.9566
24.3119
30.1762
32.6062
27.7923
30.4768
27.6655
26.0706
32.9812
40.7611
25.4983
25.8887
31.5362
23.9898
30.5489
29.4473
25.503
33.5615
24.056
27.8995
28.57
32.9586
36.0212
37.169
23.7862
33.138
24.4721
26.3599
27.0914
36.5469
34.1125
24.7795
25.8646
26.0678
27.816
29.4439
34.9621
34.9331
26.3806
24.8736
31.9466
38.6109
23.1711
38.8491
35.4913
23.6623
37.4591
27.1431
28.6417
26.5498
25.6946
25.8162
23.6239
36.5454
28.2713
26.4662
24.8879
35.9977
21.4733
34.871
23.3607
32.0066
23.6715
42.2209
28.964
31.1041
46.3564
27.1879
28.5639
25.0838
24.2413
32.5254
24.7422
26.5407
23.1999
29.8574
28.7233
28.279
24.3915
20.2521
28.7202
37.4242
35.1146
27.1321
35.8708
25.4113
20.6661
22.1771
21.7669
30.48
22.405
25.2264
26.6313
20.5369
22.9753
23.3524
24.7018
24.5978
20.2519
34.6936
32.4705
35.8142
22.9786
22.0668
22.1479
28.9737
20.6245
23.2276
23.3799
20.3801
32.1988
22.8118
20.2851
30.9958
21.9562
25.1947
24.8446
20.1719
29.5634
24.1738
19.3944
23.5751
21.6996
33.8741
21.0897
34.1773
23.4519
27.4931
22.6419
23.7029
19.8365
27.4681
20.2635
35.6362
20.6318
29.593
21.734
21.4202
29.2178
19.2361
24.2878
25.4427
35.9482
24.1513
31.4734
21.5321
25.0136
23.8109
30.6569
30.9927
22.2358
20.9407
23.2105
25.9843
21.7445
33.7774
32.3407
24.1583
31.0699
23.0476
43.5857
40.6628
25.6279
24.4762
24.9617
24.1583
27.671
23.5645
29.3357
24.438
32.1224
23.2972
28.1226
30.1423
35.2912
18.0538
20.3647
23.9389
28.6012
34.1873
30.6482
25.0742
27.9343
26.9685
23.5797
33.1197
25.5545
33.0503
24.266
28.1831
29.6678
31.9768
25.6623
44.5589
36.6951
29.9448
28.4399
23.1356
32.0499
25.3443
29.5054
25.3923
24.3723
32.0755
26.2035
37.7147
40.1605
23.9823
30.3585
25.9765
25.5566
29.0902
27.4351
33.6701
23.5548
29.32
24.3776
22.0695
22.9528
25.6065
36.6439
21.2696
26.6937
27.8314
25.2393
27.753
23.7236
24.7224
41.1832
25.9946
33.9961
24.9663
24.8996
23.5366
36.3471
25.955
33.7859
34.3643
23.7955
32.8441
23.4974
29.8287
22.5876
34.6622
25.4967
30.5974
23.8911
29.6397
22.7003
38.9224
22.2382
35.4703
26.4704
30.7923
24.4127
31.0398
22.1184
33.7007
35.2764
31.5444
39.3968
25.1289
25.3099
25.888
25.7472
24.1531
29.285
37.6638
25.4254
27.5238
21.1856
46.8851
28.5862
23.9266
23.955
37.4234
29.7806
23.1493
32.6862
41.5967
38.5626
39.0155
25.6802
22.5714
22.4581
22.7585
20.594
32.5082
30.4941
27.2146
35.4568
22.3295
27.9638
23.1751
24.357
32.9803
24.5867
29.7072
27.554
23.2485
32.1295
22.1364
21.8388
23.7267
21.6813
23.0064
20.3568
30.8401
21.3159
20.7838
35.8473
20.2197
20.9733
22.9525
25.8085
21.7552
27.9058
21.975
26.6593
28.4363
32.1069
30.5682
28.4321
19.3743
20.8454
22.7677
19.3496
17.8707
24.0895
21.2936
32.3426
20.702
20.7453
28.9702
20.4357
21.5741
19.99
20.9847
24.7717
20.7575
23.3413
20.8758
24.97
32.1161
21.6233
22.8386
32.1964
21.447
21.7126
34.4673
27.7218
24.6486
21.7634
29.2286
36.4326
31.2863
34.6971
22.3787
24.5511
20.7852
18.7567
34.3806
21.6337
36.4297
23.5241
19.97
22.1679
21.8261
26.8685
19.6987
22.9424
19.755
20.5978
20.2005
26.1969
29.205
25.215
30.439
22.0037
28.4848
36.8237
21.9918
38.405
20.3259
37.4199
23.7225
22.2214
21.532
32.1857
20.7775
26.7341
18.9115
22.9161
18.7917
22.171
19.7814
20.8522
18.9322
20.7125
19.5016
26.3155
26.2612
19.3882
24.5474
20.1927
20.6103
26.6873
19.0058
22.3393
42.0474
25.4564
26.1035
22.1382
22.3779
26.8643
18.8195
29.9327
23.6441
20.5054
19.3709
31.9959
20.8442
21.0011
23.9511
20.6289
20.0926
21.2206
28.6509
22.7489
20.9398
23.2896
21.2117
22.8152
36.3021
20.238
28.5366
21.1808
20.8383
22.815
22.5575
34.0592
32.0729
22.2512
29.6595
18.2244
33.4632
23.0877
33.2607
27.9532
21.6701
24.0294
20.6168
25.7238
21.6567
23.4786
22.7704
20.7885
32.1818
22.2443
23.3493
28.5918
23.291
21.2674
24.427
20.0327
19.4543
29.5047
29.859
20.5673
19.6161
27.7057
20.8582
27.1936
30.2495
23.5406
31.9142
19.1376
26.1082
21.6712
25.7349
19.8839
18.6152
19.8331
27.8546
24.7262
29.5602
24.6103
21.3073
30.1736
24.2172
24.5916
19.9747
20.1546
31.8823
22.7597
20.6162
22.8309
34.6667
32.3168
21.1145
22.6556
20.8686
23.2422
24.7292
22.6793
19.7977
24.6354
21.6709
18.1543
26.186
30.7167
21.3507
30.5218
22.138
26.8945
21.3035
29.1758
22.7912
21.6885
31.2538
19.003
22.9638
18.5535
31.2042
22.7952
19.2986
28.849
19.2523
27.2766
20.0676
20.4834
18.0566
25.1932
18.5618
21.8534
20.1592
22.0951
20.7041
29.0485
19.4038
24.3965
18.0229
19.8559
17.9502
19.313
21.1496
30.6643
18.9789
21.9354
17.7404
27.4617
22.6117
19.9363
28.2228
18.2514
19.3111
23.9021
19.9799
20.1487
30.9692
25.1041
21.9231
27.0812
23.7607
30.9556
34.6925
20.4658
32.9629
24.824
21.5872
26.2615
20.2022
18.5506
19.4432
30.4958
20.7333
21.4008
20.4636
19.2558
29.8547
33.4413
34.2771
25.7011
21.1139
29.5846
35.2319
19.5105
25.2784
21.4395
19.9169
25.5891
28.807
19.056
22.2163
17.7193
20.0175
21.2154
18.0442
33.0056
30.7621
20.2066
21.8403
31.0234
22.1269
24.4811
20.8588
29.1632
20.2926
19.473
18.5791
25.997
22.5437
20.0348
30.3164
20.0416
19.8689
20.5994
21.1439
30.7238
20.7378
31.5455
20.3657
21.0058
33.2553
19.6181
21.9917
26.4857
29.3919
18.1738
19.6567
18.7637
30.7495
19.4846
28.8129
17.8425
28.8386
22.603
21.0443
31.8549
19.2953
21.2388
18.1256
31.3246
19.7563
21.5162
18.2709
29.2805
20.9516
17.8897
25.8477
19.504
23.6645
18.5498
33.3076
19.5681
20.9107
22.9094
33.5344
20.2822
21.6306
28.0942
21.0326
19.1158
20.0048
20.6644
19.4287
18.3246
25.834
21.8689
20.4402
23.4705
21.0691
21.3428
22.5998
29.3033
27.3127
31.5228
23.5808
30.8926
21.2792
19.9848
19.2441
39.0057
26.5634
29.6273
25.5693
31.3176
20.377
34.1093
20.6561
24.7106
19.4225
25.8844
18.9591
26.3901
17.1246
25.4125
19.3936
28.4946
19.675
25.4654
19.8597
24.2986
19.0661
35.622
22.5427
22.7966
29.4605
20.8135
25.2861
22.3469
26.7071
19.0586
31.7938
20.4765
19.6492
19.9845
25.539
20.4878
23.6285
20.7985
24.0852
29.7734
20.2227
29.7044
19.4153
21.8522
19.5701
22.8816
19.3487
19.3369
18.2888
22.2289
20.7823
18.2616
37.8339
27.0592
20.8656
21.1771
20.0251
21.3607
19.5216
21.8482
19.4707
32.3797
22.2274
31.3681
19.2126
20.7151
18.5863
23.0315
19.4131
39.2424
20.5929
21.1351
18.5249
21.0568
20.784
19.3027
28.6631
20.6241
32.771
19.9114
22.8033
28.7965
20.1645
24.0587
23.8233
20.3139
28.5311
17.5672
21.0136
20.2827
19.7176
21.8071
17.8682
25.6
19.3126
28.42
23.0467
18.52
24.8929
17.1889
22.1996
19.1156
33.0644
22.3899
21.4213
21.4218
21.6366
32.689
19.6437
23.5765
19.7085
23.1084
20.5374
24.1529
16.7163
19.1529
26.9376
28.1891
19.5018
23.5279
23.9399
30.9606
19.5226
29.5867
33.0237
23.7908
22.5879
31.1844
21.5466
32.3707
22.5227
20.6108
22.9281
25.3721
21.5543
39.1821
22.6133
30.5877
20.9806
20.8886
20.6212
22.2609
42.3246
34.5254
23.0239
18.6137
23.7825
29.3049
23.1839
19.4134
30.2693
21.1834
23.3454
34.1518
23.9064
19.6627
23.9585
22.199
20.871
19.8663
25.9316
20.6397
30.7248
27.5568
23.9502
24.4744
21.641
20.3966
35.6883
34.2012
25.0253
35.6077
24.4782
32.8194
26.0266
31.7504
29.8336
22.7356
28.6072
33.5787
22.0626
22.9487
22.1711
30.0876
20.6492
21.5439
27.9947
21.8034
24.1863
23.8229
26.9357
21.8431
24.2521
35.3564
21.2352
22.4395
40.8085
30.7161
28.4422
28.2602
35.1978
22.9157
32.8215
23.4127
20.8165
25.1372
30.7399
20.3834
38.9861
24.5026
26.4638
22.5995
22.6202
30.1864
22.0973
23.6691
27.935
33.9691
20.7933
30.5366
21.4063
27.0371
21.1904
21.9856
22.9278
21.0964
21.4101
31.079
20.9352
31.949
25.053
20.1423
39.939
22.7381
31.6598
34.8516
19.6867
40.8766
23.3481
32.3914
19.0616
30.4078
20.1244
21.8043
27.8409
20.7721
35.0402
22.1778
32.2137
20.6406
23.1612
20.8359
25.1959
17.7693
21.5563
19.1409
19.6295
24.5669
23.4363
20.3735
33.638
31.7994
30.2752
19.3391
20.2602
16.1595
17.618
28.6724
21.4937
27.176
31.5627
28.8513
22.1916
20.1157
22.5123
20.422
21.6069
18.5345
21.1104
31.0115
24.5908
19.0791
22.1185
20.0106
17.4952
18.3396
28.0787
19.5443
19.6083
25.7194
18.9244
23.3226
33.4784
26.5132
37.6121
24.3013
32.6676
33.8248
27.2766
23.6596
28.9698
28.2887
26.1137
27.2606
26.6089
28.76
25.272
38.5659
28.0533
37.0295
27.409
26.6649
34.602
35.5144
24.3643
29.7783
23.2989
23.1237
21.0577
24.7036
23.1259
26.5126
29.2886
30.5631
21.9642
35.1938
29.6734
26.1466
20.5663
28.6469
23.8237
36.4957
33.3118
25.4121
22.9529
23.317
22.7299
34.4731
26.4714
28.7291
40.5757
21.8825
29.5426
28.2981
23.4127
24.9944
24.1331
26.4101
26.2063
25.3838
30.9364
31.0573
39.692
23.8926
27.194
22.8482
35.501
21.0493
30.861
22.7336
30.338
30.0513
30.4633
29.9783
22.447
25.2727
23.1
34.7084
24.2997
25.1565
43.5916
37.5725
25.3003
31.4227
21.6676
26.4478
23.843
26.3947
25.1482
38.0261
22.5171
26.3807
23.7673
29.1834
24.6492
32.6557
22.4656
23.2572
23.1263
24.8702
22.5781
20.9579
23.1116
31.265
21.7738
36.0881
23.1031
30.9791
28.235
41.5679
28.5775
22.9914
23.5396
25.3025
25.2513
37.8287
25.1679
34.1148
28.5317
26.7106
34.3319
22.0344
26.7196
31.7023
22.9966
31.6407
23.8131
19.1342
19.8031
32.2167
20.0675
20.5341
22.1034
28.64
25.3533
25.371
19.7496
23.988
21.9115
20.1342
22.1219
25.3062
19.073
21.6662
33.1854
19.5737
23.8258
31.5943
34.6304
27.9822
32.3761
29.6892
21.9534
21.4661
20.5238
28.8964
22.345
23.0441
26.7201
20.1388
31.2173
27.1783
20.2869
30.9877
20.382
28.4895
23.9021
18.2599
20.8258
20.5324
31.4856
24.3301
27.5642
20.4775
21.403
20.6835
20.8741
20.5175
20.2163
40.9439
38.0165
21.9892
22.1397
22.14
22.0764
21.5211
32.7625
21.5115
21.5551
36.3491
26.6869
23.1731
36.1769
23.1842
41.4657
24.726
25.496
24.5598
40.9154
22.4921
30.5691
24.4068
31.0843
28.8778
24.1838
22.3834
39.5365
34.0138
23.0036
30.007
25.6235
24.8226
26.819
25.1866
31.6327
40.4404
40.0352
25.9349
28.9045
24.6235
28.0084
23.8353
36.0004
24.4894
26.4475
34.457
36.9215
30.6988
22.4526
34.593
21.9328
35.7213
23.6376
39.3626
23.749
34.6288
23.4912
27.7847
23.6673
26.8805
22.6082
35.8707
22.2074
25.1792
21.8409
27.9929
25.2357
28.953
30.2107
33.9396
23.6112
25.6594
23.6666
25.3168
38.9849
23.399
32.4344
25.9945
27.6987
23.6921
30.1516
42.6543
24.9312
37.3669
26.0672
22.7464
26.7508
27.2573
25.1859
26.6978
35.0638
26.3533
21.8229
23.1745
24.6884
23.9208
23.8352
19.3354
30.1355
22.6659
22.1171
27.8675
24.1814
22.1756
25.1479
23.4972
21.9971
36.0388
22.6696
32.2075
24.3833
31.4761
25.5764
37.4759
24.0334
46.4502
23.8676
56.8336
36.3552
36.3843
37.5169
27.0021
24.2905
26.5028
21.6331
23.2645
25.0392
21.2052
21.7465
28.8334
25.3265
24.0944
23.3074
22.1568
21.5731
40.2109
33.7067
26.7784
21.4174
23.0771
30.9277
21.9844
31.9431
21.7343
21.3412
33.8379
20.3812
32.5053
20.7249
38.2479
32.1578
30.9184
20.0951
25.1436
30.7415
25.4806
22.1967
22.8594
24.3819
28.1985
35.6683
24.5176
26.2353
30.842
20.8425
21.6265
25.092
29.2777
23.9815
21.08
32.6568
20.5695
25.1982
25.0194
32.173
33.5404
21.0546
31.9327
28.8733
27.5187
26.3355
29.7912
26.3213
23.8873
24.9459
21.7967
38.7061
42.6559
28.2697
24.9918
31.7046
32.483
27.3225
22.1772
28.8098
34.4307
21.0917
32.4622
22.1128
24.434
22.6751
21.2948
23.5968
22.9272
28.4062
36.423
23.9829
29.7533
23.9811
23.3575
35.2118
32.03
21.5925
22.1607
25.2216
27.7272
20.676
24.8806
21.5794
24.5884
23.9575
35.2795
26.2223
30.4694
22.4981
37.5615
35.3047
24.8258
27.0258
24.8964
28.0323
22.2208
28.8999
22.13
21.715
36.0057
22.8186
27.8959
25.5291
24.629
22.9145
24.1591
30.7613
23.7126
22.0242
22.4169
22.0617
34.8134
24.0694
29.9972
24.8287
25.0004
36.3343
22.283
25.2943
24.6112
26.7462
24.937
40.3149
29.5769
27.7339
27.8605
25.7507
25.2581
25.1986
34.4722
41.2898
27.1947
26.1333
24.1066
29.0411
26.1898
30.2464
36.0376
25.9548
30.2065
31.8348
22.6062
26.5299
27.3918
25.8941
23.5712
24.2338
23.8265
21.7887
24.8478
34.1528
25.6322
31.5748
26.1183
22.5886
23.0235
41.0099
24.0111
35.5092
24.7793
27.8664
22.0039
24.7924
24.9021
22.914
34.6221
23.2024
27.3881
24.0674
22.5181
21.606
30.4573
28.8429
20.6128
23.472
22.0856
20.7529
20.8596
36.412
21.412
36.7318
23.253
36.7545
21.8801
41.1837
23.7035
34.0105
24.2873
29.7195
28.9866
25.5869
26.4922
25.2711
24.1828
24.3072
24.5997
22.5336
21.716
38.1835
35.0448
35.392
20.965
34.5431
32.4835
24.2395
20.3068
34.7454
29.6593
28.098
24.7331
23.2294
38.0351
22.6473
24.3184
31.0755
32.0249
22.1979
31.6889
26.2387
24.2207
23.6873
24.3811
22.8243
22.9803
33.8202
22.4648
24.8549
39.8777
22.2879
25.7656
21.9338
23.5157
35.527
23.5594
37.3957
21.4484
26.3041
27.4694
21.8741
36.5195
22.625
27.7825
27.2829
36.6417
28.7614
29.181
32.2148
28.4781
25.1856
30.9729
24.1957
29.6236
32.0774
35.9705
28.9036
35.59
19.1174
35.9498
46.0034
28.072
36.4784
24.2249
25.2917
25.5585
25.5524
24.2519
31.5155
24.5177
26.2196
23.5297
33.714
22.7191
34.4856
23.8769
23.6342
32.0644
24.26
28.271
26.3414
23.8943
23.3545
29.2409
25.4456
24.2094
35.2202
45.7529
24.4546
28.7304
26.9613
25.1371
27.4221
26.1147
34.0471
27.4393
33.4863
27.0641
24.3284
22.9888
23.6992
28.4858
40.2029
29.6977
29.6737
20.4865
25.0182
32.6242
24.6656
35.2134
24.2331
29.4293
24.1005
24.9941
22.4324
31.1096
24.8261
23.5514
25.8113
42.1798
27.1207
42.5825
26.4461
29.4898
25.6594
26.6976
28.2417
26.8393
26.7981
24.2311
27.9677
28.3491
24.0111
25.4734
25.4337
33.2258
26.0598
22.8294
21.4519
23.363
22.8867
41.9327
24.9157
28.7994
25.1323
31.6864
25.7678
25.5862
26.7436
22.8224
26.806
31.1756
24.764
23.6346
25.7289
24.5038
25.487
28.5699
50.8979
27.2382
27.2621
35.9432
32.4418
31.9202
26.6552
29.8586
25.911
25.5105
36.7761
27.0582
25.0956
38.2947
24.7109
45.2664
36.6846
29.2335
24.0867
40.7814
31.1801
25.1949
39.0427
33.5425
26.2418
34.7704
27.6561
29.292
38.37
27.0974
28.1421
46.6825
28.525
26.0362
34.5282
30.2247
29.3782
29.0383
32.8342
25.5263
41.9249
28.6525
44.9631
30.0817
25.8812
24.5732
24.874
24.6766
26.1979
49.123
27.4532
36.6733
31.4031
27.3572
28.5953
25.765
28.8163
38.6986
39.9537
33.5632
25.8938
34.1016
24.4133
25.8887
33.4886
26.0515
30.4507
27.1329
26.0027
23.9957
24.4768
25.8717
28.7605
23.9907
30.0287
30.2345
23.9675
22.1944
25.5349
23.0829
28.0504
25.9197
24.9853
28.1982
26.6427
34.1065
30.0474
31.9908
34.9977
25.6257
28.1024
39.7718
28.408
25.9055
28.7026
39.3568
39.0331
27.8692
30.7404
24.379
26.3269
26.3078
39.3042
26.3211
31.1233
28.3856
24.3336
30.1467
28.2876
26.9171
25.3101
24.0681
25.462
25.2626
36.4962
24.6316
24.9113
28.8122
25.8812
28.1018
30.6547
28.901
27.2811
24.4496
26.4984
34.9773
29.5269
25.8978
38.6056
24.7498
36.1224
25.4057
32.3607
36.0454
29.764
27.3285
43.4652
26.808
39.882
25.3042
32.0822
25.6569
24.923
27.4161
23.2231
32.1275
37.6675
26.9036
25.6748
26.4204
23.3484
26.7261
23.0945
34.791
23.0286
26.8262
29.8196
30.7824
24.0548
26.6631
25.3537
33.8827
24.4077
36.0255
26.5077
26.3555
25.0914
32.3182
31.0497
22.2192
26.2931
25.7551
38.8796
30.916
28.0437
21.7937
25.7188
33.9359
23.5248
26.2014
24.8287
22.208
30.5052
26.3416
27.613
31.0414
24.9854
24.2766
24.8707
26.1735
23.0225
26.0915
31.9356
26.1531
25.298
27.8052
26.2845
45.6458
35.2274
33.9368
26.5785
32.2673
25.1416
23.7448
39.1849
25.3133
35.4401
25.2591
38.6407
28.621
46.2715
22.8772
31.974
26.0497
27.1519
24.4567
57.4385
25.2978
24.7586
26.4661
37.3685
25.7883
31.6461
25.2449
34.2099
23.5122
37.7956
26.2662
25.4478
25.4389
28.0807
24.0726
24.9227
28.6525
25.0048
24.9132
34.3977
25.7061
26.0857
22.577
26.0518
33.6612
26.4714
33.5148
25.6602
33.1163
22.2229
26.7364
30.0631
24.248
26.7939
33.9788
21.8901
35.7257
24.5345
38.7045
31.0047
28.6758
29.9721
27.9317
34.1961
22.0826
36.4924
25.9021
31.3806
26.9405
34.4435
26.174
24.6115
43.5421
26.7549
24.7265
24.3415
27.2848
28.6051
23.8455
34.7503
24.0006
26.4483
23.0515
30.4436
22.7955
33.2906
24.434
21.2244
22.9795
25.1911
21.893
23.2982
24.2269
23.4231
22.7466
24.4552
37.9358
30.643
24.5896
28.7061
22.7206
38.4672
28.6248
34.898
31.4329
48.9921
32.0031
26.2665
24.9271
47.3233
24.7906
41.8103
23.2242
35.5854
26.2732
23.9576
23.2529
22.1269
30.3056
21.2541
30.5259
21.0374
26.591
21.5957
37.2302
38.3899
25.9363
24.2591
27.3487
33.7278
22.6822
31.9704
22.6243
25.9862
23.5909
24.5803
33.4131
28.1641
22.969
23.1179
24.8818
23.2291
33.9211
42.0728
24.6427
28.3318
24.7682
39.463
40.5077
21.8605
22.7843
22.7021
27.4492
23.918
34.3066
23.1053
27.2326
22.2189
23.0142
27.3046
25.5686
28.7396
25.0907
21.9029
34.2588
34.1049
28.078
21.4097
20.9745
28.1028
20.1736
30.1315
27.2112
20.231
22.3094
20.0653
23.6131
28.3275
21.6361
33.6169
21.338
22.9762
25.545
23.3103
22.7067
23.8117
31.8253
31.684
25.0356
31.5622
22.7386
30.3963
22.8228
24.1671
24.344
25.3146
21.6322
21.1129
33.78
21.3263
37.0647
22.2501
32.9353
20.877
29.2057
20.4502
34.8105
30.6485
22.92
19.3933
22.5714
20.6691
42.5784
21.1959
22.6427
19.3242
28.9815
23.0813
24.2116
19.8351
32.443
22.329
20.2375
26.4074
22.6021
27.3273
34.6339
28.2686
21.8725
21.2855
34.2225
26.0409
22.5863
29.9427
21.6639
38.854
23.2343
26.4064
29.1452
18.2806
33.2933
19.3765
30.8382
20.7167
33.6921
21.6254
30.4092
20.3964
23.4538
18.7831
19.7965
22.1142
30.219
16.8508
14.8608
27.3688
24.8184
28.7914
19.8237
22.7451
20.5534
26.3121
26.3104
21.3553
22.029
22.7078
21.9477
19.9253
21.0705
20.0154
28.0661
20.1294
21.9313
21.4684
32.5345
22.8306
35.8868
21.1499
21.4904
21.2468
20.9208
20.1123
23.8258
41.8497
26.5078
22.4303
30.0074
21.3235
30.6244
18.5821
19.8436
23.6908
26.2148
20.795
22.4545
19.5495
20.7755
21.1592
17.3591
21.2871
22.693
22.556
22.4889
21.2511
20.4946
28.2224
17.3655
28.7499
17.9718
19.1563
22.768
18.9301
25.4577
18.7314
26.4258
19.8936
21.9984
31.1649
22.2856
28.553
22.4076
22.0323
25.5735
20.4693
25.7972
32.1517
21.6158
28.2916
26.9033
33.1614
27.744
20.7775
20.582
20.8898
36.019
23.1582
20.9146
29.01
23.1259
24.2358
30.5052
21.4787
25.4924
22.021
26.3259
24.3776
19.3073
22.8326
30.9007
22.6121
19.9454
24.2187
20.4617
26.8195
21.0409
21.6507
25.4005
23.2773
23.2614
24.4454
34.6241
24.2082
32.0113
21.5884
25.0768
28.98
20.6716
23.3606
21.6314
20.5207
21.628
20.2016
30.5454
18.9837
26.7038
26.4722
21.7152
22.8514
24.8562
20.4819
22.3784
20.251
20.9145
21.3559
25.2948
21.9795
24.7679
21.5766
22.2892
21.6888
23.3397
21.3997
25.6811
20.7491
33.7494
21.0727
24.714
19.5606
24.4715
25.7818
23.5526
22.4206
31.2701
28.3085
21.0746
23.8896
25.8911
27.1671
14.6949
17.8753
23.0458
18.0377
28.5243
16.9453
20.5636
19.9954
32.6831
28.3534
21.9825
23.2037
23.6718
21.5754
32.8868
22.6679
22.0847
20.9782
37.9085
33.9489
22.7645
40.0351
26.4427
24.9527
21.9135
26.2553
23.8037
28.9951
24.9417
37.876
23.1924
23.9354
25.7701
21.7443
36.9395
23.3709
24.3636
34.2319
26.485
27.9076
25.2308
18.5934
18.521
22.4049
20.7409
22.4295
24.393
24.284
22.3289
25.899
25.6255
37.6865
34.1747
23.1287
36.5758
22.2572
33.2674
22.4999
24.6072
33.3987
22.0706
25.5506
36.2323
31.3625
24.0018
34.0334
23.9533
26.2316
23.5936
28.2902
21.8671
25.2025
23.0352
21.5207
31.7204
26.918
23.4171
22.4358
20.3628
33.0019
43.396
41.6637
25.6868
24.9886
22.6341
35.3737
23.2046
23.0946
24.9986
23.8226
26.9269
29.1805
22.0418
23.0692
28.1407
20.9605
26.5247
23.277
22.6796
36.0383
22.6831
22.2689
24.6746
24.3917
25.6077
23.3382
24.1344
21.5967
19.8642
23.4518
22.1594
32.5437
24.8387
28.5847
35.5453
23.009
23.1271
23.3721
22.9821
28.4738
26.2133
41.0534
24.0055
40.5229
23.1896
35.5852
34.9246
23.8696
22.2499
24.4151
22.7718
30.27
25.0451
34.3158
22.9356
35.2164
33.7966
22.3194
21.6555
24.5476
21.3992
21.7383
35.4782
29.5766
37.7063
21.8815
29.0408
20.6963
23.3756
22.1124
24.1624
21.0762
20.8429
25.1611
22.7953
26.3242
24.3614
20.8268
21.5429
22.6633
22.0916
22.3283
22.787
22.6904
28.7865
28.2113
33.4145
31.2558
23.6232
23.298
34.675
21.5097
22.2202
25.9354
20.4335
20.4123
37.6629
31.5677
23.6606
42.106
29.9612
22.2998
20.3452
20.8202
21.8695
30.5739
20.71
19.8162
20.8579
23.1201
30.3856
22.0551
20.8829
21.2722
18.3112
29.6103
25.2378
29.6005
20.3909
32.4987
24.2464
33.5572
21.9217
31.6365
19.3404
25.7993
24.4331
20.4989
39.2299
26.1704
35.4957
21.2458
34.8339
23.717
34.5546
21.977
29.6525
23.4856
30.1349
28.0687
19.9917
28.9544
23.2311
19.136
21.4762
20.5463
20.6462
20.9333
20.45
30.4518
27.6518
26.9198
34.5806
21.9935
36.9975
23.1662
24.4424
23.2501
20.1015
21.0352
34.3478
23.923
25.429
23.3906
31.7554
22.508
23.8735
31.9082
23.5675
23.8073
35.3941
32.4358
34.0341
22.3808
37.866
21.84
18.8701
19.3934
21.9792
19.1041
17.5398
20.6659
26.7192
20.1332
28.6584
20.936
24.2257
21.7932
23.6572
24.7142
20.6417
38.8956
25.5662
22.0469
20.9886
24.6491
22.0419
32.4052
19.9424
27.8743
26.8664
20.4511
21.7337
23.1772
20.8458
23.3562
19.4698
31.4368
21.2529
25.8727
18.0121
24.6973
20.57
29.0635
20.0174
21.3659
29.4161
21.1853
21.7249
20.923
20.4467
25.3444
19.4225
20.0726
23.1106
24.0493
26.0122
21.3808
24.1774
37.7239
22.9624
28.1256
22.1597
25.9363
32.2662
23.2193
21.922
20.6947
33.1314
21.3952
22.6086
40.4822
30.1393
21.4619
37.1336
21.4907
37.3568
22.2138
34.4426
21.7961
24.9316
22.3985
21.561
24.3187
31.1747
34.5003
21.861
33.6271
21.7035
21.2831
21.8055
30.7154
23.2664
22.1818
41.7891
37.2576
22.4334
37.8526
24.528
29.5412
23.1594
24.5136
21.1911
27.6081
24.0663
22.1631
23.4664
24.8059
25.6299
21.7049
26.8506
27.105
22.1631
21.5477
24.0235
28.6351
21.7087
27.9003
24.8746
23.3637
21.9574
40.2712
27.703
30.1654
21.2973
23.077
23.5728
23.6591
30.7125
24.6512
22.9868
23.8509
25.1622
29.7867
36.1573
35.7076
27.1321
23.1065
32.9279
26.0139
34.738
38.0967
22.9366
40.9216
30.8279
36.0585
25.6401
24.6584
35.9244
23.5879
21.9033
25.0637
22.308
25.4916
21.7821
23.1199
22.4578
25.1532
21.1239
26.7023
21.2679
25.1001
38.1624
20.2716
28.4901
35.1408
21.7033
30.3788
23.1399
23.5432
22.5578
32.7129
21.5972
28.3292
23.1331
38.0715
24.7869
20.7001
24.0524
22.904
23.7745
21.9994
41.4947
21.4989
22.5264
23.107
23.2282
23.5123
25.9615
26.5327
35.4855
17.6127
23.9482
24.5299
22.1975
19.3556
22.8833
18.2628
20.8999
19.1914
24.0707
31.1619
35.0578
36.2805
21.2333
26.7672
30.8487
25.0431
27.1398
20.9265
24.1198
32.8949
37.5948
26.6893
33.6353
20.2777
28.6643
20.2122
22.5848
39.7179
22.5563
27.2507
29.0602
22.1431
31.4563
20.4325
27.1355
17.5607
30.0048
19.0848
22.8843
20.0315
23.776
32.278
20.7538
21.7666
23.3258
33.5221
23.5349
28.4864
25.3058
21.859
37.4768
26.6672
36.9793
21.995
31.3552
21.9996
43.7619
23.861
36.0963
23.5875
27.5483
20.8069
34.9483
21.1386
40.881
23.3523
25.5806
36.8904
22.9402
25.0903
20.1937
23.6589
22.9111
19.5029
18.6646
28.2921
24.4957
24.9161
18.7123
32.2063
30.7547
24.8442
22.5246
20.0761
20.8829
22.9351
19.371
30.8787
20.5111
35.9349
21.2161
21.6735
19.9676
23.8209
22.9776
36.465
21.8355
23.2904
22.9068
26.403
24.2718
44.5245
29.3631
43.1192
30.8932
21.0273
25.0777
39.8469
23.6131
33.541
32.5245
36.2211
25.3966
23.6179
24.5358
24.0519
24.2922
23.8656
33.2785
25.9449
31.843
25.0025
25.564
24.3444
24.7248
24.3596
22.9857
43.3473
23.1238
23.566
28.0809
33.9089
23.1064
36.6351
21.6692
27.147
23.1585
28.7111
21.4296
19.2237
32.3002
30.5887
22.0466
34.1486
34.0076
30.7226
32.861
25.684
24.1829
21.8796
24.5401
31.8636
31.7296
26.5484
22.3279
25.002
22.3819
22.5586
28.0173
23.1546
24.2578
21.4674
23.6301
34.4826
21.8814
32.1017
22.0246
35.9207
22.4544
33.6066
25.0168
23.3307
24.2183
25.8619
24.5024
30.4163
22.225
22.8903
31.2472
23.3977
19.8256
34.7294
22.7072
30.7477
21.4926
22.8315
25.1721
22.1346
27.6154
20.8859
23.381
27.1544
30.5161
22.1339
30.3927
22.1626
36.8836
39.1591
27.9834
26.2197
30.6975
23.0835
28.4771
23.9441
20.5824
32.7864
22.3914
20.8969
24.3669
33.1195
23.0409
26.7485
21.9159
28.1776
30.5918
28.7083
21.4943
22.1342
22.1563
39.0314
23.4125
32.9204
22.3641
33.5235
31.9412
22.9896
25.2207
26.7267
22.1658
27.9236
31.6589
30.4844
24.9836
30.8551
21.5582
26.2506
23.289
28.1616
26.1512
24.761
47.6969
38.4091
31.2808
26.9619
21.3007
24.4732
23.5158
36.2021
22.7753
38.9185
29.2511
25.8767
24.2678
21.945
23.3631
25.9149
21.4967
22.7714
24.2988
27.6729
23.3297
28.4019
26.7623
26.4323
22.7389
33.6127
24.4579
30.4114
30.1926
24.5749
28.9247
27.7847
23.5916
24.7873
26.9804
29.2778
21.9675
33.6051
35.3958
23.2259
32.6855
25.0546
37.5229
23.6492
26.8357
24.8914
20.0135
17.6512
37.1273
30.018
22.8604
49.9397
25.4955
34.4891
36.0134
32.7348
35.5262
33.1478
30.1954
24.9565
32.5527
34.3842
23.4693
39.4901
29.5786
30.0829
23.4805
25.6997
23.9171
33.7052
36.022
31.0739
25.4742
34.192
23.5593
33.557
34.7397
31.0886
22.4114
30.448
24.8278
24.7713
22.9523
24.5433
24.0708
37.3109
27.2096
23.9986
35.6748
33.4843
22.9167
27.413
25.1067
21.9886
26.6153
26.0945
24.3305
31.0958
24.8275
26.442
23.0083
41.3431
22.8418
28.8089
34.067
27.7483
25.3197
36.2432
27.1909
23.3887
35.6779
20.8887
34.8291
36.2382
28.7401
24.0235
26.2129
25.5827
23.3476
37.1198
21.8259
25.2069
25.7906
23.6238
28.599
46.1737
27.7168
34.4318
44.168
25.8497
36.3297
24.6062
28.6331
23.0167
25.8775
25.8359
23.8249
31.8031
22.8598
21.5908
20.1311
33.4583
25.286
27.9241
23.0185
23.5358
22.3136
26.2202
23.5904
37.2286
22.5583
27.334
22.0829
36.7121
31.3176
24.8195
40.0572
23.7255
31.4569
23.3538
36.7782
24.7709
31.2859
26.7572
24.3782
28.2556
24.2673
24.1534
26.4662
23.4569
31.0098
24.4917
24.1471
24.8307
33.4868
30.2979
25.5408
27.6413
23.1074
24.4275
22.4136
21.4246
29.14
23.3305
16.2594
23.4181
23.1083
23.913
24.0545
37.113
23.591
26.978
24.2607
31.6689
28.1396
24.632
23.9614
23.7341
24.2119
24.6855
32.5568
24.4415
26.4344
27.1857
23.6636
25.6045
45.3788
23.5668
23.9394
37.2402
27.5202
23.298
24.6369
20.7638
23.4337
20.675
22.7732
26.5004
32.2417
24.6945
24.73
35.7428
37.2867
26.9508
25.6791
23.9075
41.3836
25.6848
34.118
25.0679
27.1474
26.5077
26.7548
24.1211
26.2129
23.8676
38.5542
22.6743
23.7869
23.387
33.0196
38.0989
26.8212
22.7476
34.7206
23.7825
30.8335
24.5954
24.2933
24.6358
22.8908
28.0722
23.5718
21.6292
25.4171
23.1697
38.6513
28.9959
23.8614
23.5012
26.4524
22.7398
26.4234
25.4161
26.3649
24.4662
23.6978
29.133
25.2602
22.8546
25.9634
24.5287
27.0549
22.8774
22.5216
30.7976
23.2925
35.0596
29.8052
26.013
24.6091
24.2808
30.8086
35.0801
27.1131
25.3687
22.8807
28.787
20.1498
31.1623
24.2847
32.5363
29.9188
27.2859
23.8309
22.4825
23.0408
26.8362
21.1577
25.4024
32.6672
28.8834
22.383
36.3981
37.257
25.1011
37.044
27.6579
30.5493
26.1177
25.4235
24.2785
23.409
31.7414
32.9234
22.7537
26.1367
23.4403
24.9155
24.1556
34.3444
30.6913
23.7354
23.6815
34.5479
38.268
32.1524
22.619
25.8248
41.4662
24.4763
21.1919
26.0177
23.7896
39.2603
24.7803
21.7286
18.4073
21.7219
26.4222
38.7618
22.2472
34.6454
21.2166
27.2191
33.1209
23.6483
23.6936
33.1695
27.0795
31.2035
23.1006
26.7764
20.5774
27.2571
23.5884
23.896
37.333
23.4582
26.482
26.9769
23.7173
26.6291
25.9061
24.5096
21.0737
22.7575
38.1444
22.0774
33.3375
21.8172
29.5578
25.5053
23.9249
24.3934
22.4945
23.1353
28.9357
32.8134
29.7839
33.3602
21.8595
27.0783
24.4828
22.8976
24.7522
22.7731
23.4941
21.9185
26.4423
25.4562
25.4882
22.3035
24.5956
27.3309
23.3311
28.1209
23.2738
25.6593
21.1189
31.3497
33.1681
32.9037
37.1512
21.9339
27.8544
20.4212
20.6424
20.402
20.0304
20.7621
22.9596
28.1514
20.9178
23.0861
33.3225
32.5028
22.6161
37.2148
31.4291
20.8898
22.3997
25.2703
27.1295
21.4007
24.8994
21.2204
24.3343
21.8099
24.4591
22.0013
27.8102
38.5402
25.544
19.9106
32.9074
18.5057
26.1514
22.7575
30.7768
23.3584
38.6784
34.591
27.7315
30.9571
32.1344
24.5922
22.6638
20.827
21.116
31.7022
22.4459
24.1522
31.3618
20.8241
25.7363
24.564
19.3133
25.326
21.763
35.628
26.2589
32.3307
23.8801
27.0234
21.5194
20.0086
20.268
17.2278
27.1771
22.3879
28.809
20.1958
34.8717
22.5883
20.2037
23.8759
21.4836
25.6792
21.7627
22.8432
38.4507
30.5025
21.3802
20.1078
25.8166
21.7354
26.0501
29.3019
34.1434
23.2144
17.0793
20.0948
21.3023
28.3005
32.1909
22.314
32.8882
23.7296
21.1177
22.3606
20.7957
32.4097
23.7354
31.0962
34.4375
24.6719
24.7209
21.3442
32.402
29.1932
23.1303
22.9482
21.4416
21.8247
21.7195
30.1256
21.0822
30.3518
19.3778
34.4244
24.94
21.1342
31.9129
19.9089
21.8749
20.5789
27.6464
21.7773
19.1497
36.2191
20.5334
30.2675
24.8159
18.589
22.1882
22.6974
19.5964
20.7272
18.3734
26.1659
19.2853
21.178
21.9007
22.039
19.2594
26.3825
21.7303
34.633
22.5587
25.7882
19.5739
22.5442
32.2131
23.8986
24.6364
26.929
23.9522
20.9538
27.6766
32.7151
30.2467
24.9474
23.0335
20.0925
21.2647
21.9942
22.0153
26.3393
22.0922
30.5404
22.3412
33.3488
20.7527
20.2361
23.9279
20.5279
21.7378
21.3196
22.0025
20.8635
21.257
20.296
26.837
32.3526
23.8678
24.2221
24.8317
25.0241
27.3793
22.0337
37.4775
24.5937
29.0047
20.0159
24.2728
23.9694
22.8613
21.6092
21.8029
27.2927
22.8924
23.0571
20.7876
29.9589
28.0972
23.1653
21.361
18.9498
22.1887
20.4456
24.4464
25.6015
33.7421
23.5755
36.77
33.8862
21.7354
17.8684
31.3261
20.8714
22.2648
18.2879
35.6446
20.123
20.4363
27.9676
22.7615
20.8505
20.3967
32.1413
22.1169
30.7399
26.1531
21.5425
22.7696
21.1279
27.6384
26.1207
23.2858
24.9848
20.7655
15.9092
21.111
23.0404
23.5269
23.0173
20.8874
31.8392
22.0812
30.8811
22.4872
24.1275
23.821
36.8494
27.3244
23.7266
23.578
32.1652
30.3667
29.958
23.6038
32.6593
23.0271
31.5339
29.3162
35.364
25.1496
26.664
34.3751
38.8622
24.7675
27.3473
25.1069
31.9273
24.6458
23.6541
25.22
25.9598
23.7821
35.748
24.6393
35.7969
21.4126
23.2095
29.2461
22.3255
45.8861
23.7284
23.5157
23.585
24.8588
28.3366
22.3386
23.5067
25.0165
24.689
38.1618
37.6386
25.3007
26.0256
27.3929
23.6735
47.5407
37.0064
23.2647
36.4765
28.2739
26.609
24.3764
25.2144
35.2275
35.205
32.5851
24.1356
36.101
23.9946
34.7926
28.6217
28.3367
32.2056
24.1958
25.8888
43.4829
27.5462
24.2938
24.3339
36.4409
24.1722
26.7829
40.2867
31.2986
35.0216
26.6962
24.974
38.1405
24.1615
23.5267
22.8148
29.9179
36.1669
23.697
46.4793
25.4033
45.462
38.2371
27.2526
27.3053
22.7037
39.6548
24.8674
30.205
30.7803
23.2759
34.5485
24.6576
27.5914
38.1022
24.8275
42.3066
24.934
38.4985
23.2206
35.8104
32.5292
36.0658
25.4787
37.8682
27.104
38.7226
24.681
50.9847
26.2039
48.0101
28.6941
20.8082
21.032
32.2622
21.8049
26.0101
23.0432
26.2593
29.1916
23.4433
30.8249
25.76
31.8119
24.4368
28.5764
24.1679
24.6629
24.2654
30.0572
23.1282
26.6118
24.3901
36.1981
23.8316
24.1152
29.7414
23.9434
26.8234
38.8237
24.0344
24.2538
22.8979
35.042
24.4024
29.4227
36.8693
30.3122
29.7531
28.0981
24.4996
23.583
25.9746
33.2113
28.3663
31.678
24.4015
37.3399
26.1444
28.0482
31.219
24.5848
27.729
24.7679
27.3733
32.7726
25.4004
45.0251
27.7083
33.3451
26.2891
25.4491
27.0885
26.5547
25.1647
24.0429
44.2502
29.0871
25.1824
29.1991
27.475
26.3304
23.9495
23.9716
22.9719
30.0665
26.9403
35.1625
25.3905
38.6258
31.9113
23.542
32.0647
25.0151
24.0217
22.1238
24.0723
21.3021
29.47
22.5801
22.5628
28.404
21.8508
23.6097
21.993
22.0474
25.308
29.8652
24.5048
37.4152
24.2963
24.389
40.7481
33.6591
22.8298
28.6851
24.0736
22.9451
23.9393
22.5661
25.9992
22.0356
24.3459
21.8528
22.9066
23.8867
21.4269
20.1677
25.2407
24.8079
33.1523
24.1116
25.8095
33.2463
23.1726
24.7902
22.0774
28.1635
22.5085
38.6202
24.2536
27.2461
23.2663
34.3975
29.3779
23.2974
20.8568
36.3895
24.4039
37.6769
28.151
29.3152
25.8313
26.4454
25.1989
22.0238
24.9583
24.6396
35.9481
22.0902
24.7133
22.3557
36.5244
30.0253
31.9742
28.0082
22.0663
24.8131
39.6158
23.4794
28.4892
35.4736
37.2711
23.992
24.2924
22.5598
37.0097
30.5613
26.4411
23.4503
34.7444
28.0425
24.389
25.5379
25.0999
32.459
25.9686
24.0196
37.5299
31.5785
44.8114
24.1455
22.2209
27.98
22.4753
30.3244
36.2138
24.866
26.5657
25.2888
34.0121
36.2282
23.4719
28.8292
35.9871
39.0253
25.5324
24.2784
35.7809
22.4174
28.2974
25.2869
25.3221
36.4958
28.1166
23.9861
21.9664
27.1206
21.6346
44.53
22.0572
26.6646
31.3337
21.095
35.6422
26.3372
19.5887
20.1882
24.1845
37.2729
27.9008
23.2088
27.2592
23.2476
37.71
27.6224
25.2728
36.8243
22.2386
33.2194
23.1787
26.084
23.0711
22.2828
24.4965
25.1172
24.5095
22.7385
23.5453
33.8992
31.2083
32.5066
24.6807
32.502
23.1527
23.7115
24.5661
25.6257
30.7924
25.4033
34.6638
24.0905
23.3185
30.405
24.5402
23.5298
36.5752
29.2632
26.4208
24.32
37.4927
26.8303
21.5527
28.1928
23.0191
24.6379
24.4729
22.3812
23.3403
21.6183
38.1748
31.3041
26.5129
22.5855
21.8506
27.8009
21.7336
33.5435
45.4523
21.5917
26.5997
31.8586
28.3042
25.15
29.0709
20.6342
28.6963
19.4992
23.5119
26.6329
23.3884
31.4101
19.6255
23.7361
20.4929
29.6143
25.6846
22.87
34.8202
21.5619
38.7035
34.6062
28.3782
22.3243
28.6119
23.1531
28.9778
21.6828
21.9371
26.8402
17.3365
21.3139
20.5669
29.5508
21.1087
21.1928
23.2148
22.7808
22.5704
25.5393
21.5563
19.887
20.9642
21.2541
21.1068
24.3803
19.256
22.1309
19.7607
22.0523
22.1109
21.9998
23.7703
24.6777
33.899
23.6464
24.559
22.4258
27.9322
25.5459
40.5096
22.9407
36.9966
24.2208
24.2357
20.5041
23.0122
32.8636
23.2793
42.1281
26.9395
23.4595
33.8302
31.4971
24.9188
23.0399
21.7772
33.435
22.8185
38.7782
21.6788
21.2992
21.689
20.0419
31.1685
44.513
25.285
22.0469
21.9919
27.4772
22.6613
23.503
22.0021
21.523
23.1705
21.7329
33.7158
23.0582
32.7607
30.9014
31.4975
21.8768
33.7294
23.4218
31.9443
21.9967
31.0515
20.9647
27.2682
22.188
23.0119
30.586
21.0398
28.1516
20.9023
35.4445
26.6233
22.82
21.3557
24.6101
30.797
20.992
36.1453
22.2461
33.8807
20.4682
32.6646
23.5897
34.9201
34.7247
26.6715
22.4772
42.8472
22.5451
32.844
22.4146
21.6701
21.0943
22.8628
20.2699
21.8428
34.2732
32.0733
22.4169
36.0382
21.1185
25.5734
25.67
22.4625
21.645
23.819
24.7193
20.3309
21.9189
30.6803
30.6072
21.6255
40.0552
23.6354
25.3443
21.0473
28.9203
23.9477
37.428
21.3738
23.3777
25.4435
23.6764
23.9049
21.9046
23.1413
25.2145
23.0377
22.4302
22.2336
39.3853
28.1629
22.8624
22.739
24.4989
25.6992
27.565
34.1069
23.207
21.1051
26.7079
22.4765
23.1905
21.6827
21.0143
23.7696
20.7049
23.9611
24.9915
20.9408
30.5916
28.2611
21.3731
22.6287
23.3772
21.8349
22.5563
21.6101
31.1276
36.7513
27.8688
36.0098
38.1367
24.9382
21.8203
26.5967
35.4363
23.9007
28.9354
21.8617
22.3072
25.9426
20.8193
37.271
20.7388
24.772
20.7642
26.5198
36.0681
24.6941
21.0289
38.5112
21.7695
21.8028
36.8404
25.7189
24.0051
26.8979
22.6206
30.8581
24.2216
23.9064
24.956
28.9533
32.9346
22.1394
23.8545
21.1041
31.5726
27.6166
21.1726
39.9606
33.1434
21.9288
29.0286
22.0455
33.8164
21.7321
24.5037
38.6474
24.5221
24.2204
22.0939
21.5031
24.6182
33.9028
20.6331
25.7451
21.8582
22.4134
26.1438
24.7573
33.6185
26.6188
21.5367
21.1624
26.9552
23.2841
28.0572
23.8215
24.1462
23.5617
27.2552
25.9597
22.3993
28.7476
26.2128
32.2174
22.1828
29.9782
21.9563
25.9621
37.7971
22.9901
41.9792
38.2343
21.4701
23.5188
29.9182
24.0212
25.0812
30.429
21.717
23.8159
21.4821
22.2425
25.2701
23.4997
23.4104
20.5813
33.239
25.2265
25.4445
21.5326
24.4354
38.4795
22.2111
23.6737
30.1921
23.6294
41.789
23.8395
22.769
24.7228
31.9047
32.8705
25.4066
21.2047
29.6183
21.3588
26.0226
21.9359
33.2331
21.2019
25.4311
22.1864
18.8251
25.9853
33.1153
19.3529
16.8502
22.8257
23.0043
20.364
19.9563
20.5123
29.0066
25.3468
29.6718
21.7467
22.7655
22.3157
25.5332
21.4267
32.5277
20.9832
20.4625
28.3791
38.9686
28.7875
21.0894
29.5972
21.5412
31.4306
30.6881
23.2088
23.5462
33.3056
22.8323
33.4606
23.6911
22.0471
21.0899
20.7192
28.9694
24.4036
21.303
27.4811
25.3399
19.9252
21.3449
22.009
38.0971
21.0796
20.369
21.9638
29.4013
22.0085
23.7362
20.6401
25.2582
23.7499
22.0414
42.7956
20.1394
37.56
27.3572
34.5544
21.8845
28.9549
31.0727
22.1967
28.3544
24.9589
23.9959
22.6794
22.395
22.7125
30.0351
22.2224
24.4245
30.9718
23.3876
22.5262
25.3692
20.9678
27.8123
20.5075
22.9293
31.7294
22.4569
45.4382
26.9907
24.8688
25.4926
22.3116
37.3216
23.2781
31.0556
35.0187
39.0671
37.8657
23.9949
25.2407
36.275
31.7029
24.8766
27.0171
21.8023
27.1255
25.3315
21.8973
23.9542
23.0311
21.5772
25.3507
23.8083
20.3831
20.5955
23.4982
22.1011
25.1574
22.9714
21.067
29.3724
24.3416
21.7927
35.884
21.1429
24.5764
23.791
24.0684
35.4009
22.8553
22.6277
35.5837
23.6824
24.1042
22.6979
24.5883
22.7036
33.6623
32.6984
26.2522
22.5034
39.5258
25.7073
24.765
30.8501
27.4899
26.9964
27.3504
23.743
35.7188
27.0358
24.0331
25.5656
27.9529
23.3711
30.4626
31.3384
29.8128
22.7771
43.4896
24.5173
24.2837
23.314
22.3635
22.3337
22.2233
23.4885
24.4123
21.0311
22.9767
32.5092
25.4412
23.8834
22.8609
22.4302
23.2738
33.458
40.2816
35.7773
23.7001
40.2195
26.8048
21.3046
23.8337
24.6376
18.8323
20.0613
21.8069
26.0232
33.6199
20.3007
22.226
21.5877
24.6816
22.6162
25.1473
28.8059
19.5057
19.6516
21.8279
21.4291
24.2737
23.7289
20.6438
33.7333
21.6477
21.4759
36.7155
36.7969
23.6243
28.423
24.9468
21.655
28.5278
20.6397
21.2016
23.0936
23.4129
23.4553
26.4731
21.6604
21.9852
22.4387
19.132
21.9571
26.2596
32.4036
22.5053
19.8396
18.9128
22.0268
20.7783
19.3432
19.2897
31.9614
37.8787
23.1285
39.2179
21.6553
37.864
22.9882
31.8897
23.8615
35.2355
20.3557
25.9104
37.8145
21.8409
25.6761
20.5206
30.2311
25.0918
21.8106
20.8076
21.2995
20.9463
22.1447
22.1459
48.0643
30.1058
34.7791
22.1568
22.5964
29.0183
27.7924
19.8581
21.2641
24.535
28.9706
27.5102
31.1346
23.3683
21.5188
20.1068
27.3803
20.8202
35.6854
22.9004
29.6114
22.3797
37.0758
21.7199
34.2504
30.6207
28.9286
19.5951
19.7086
32.9239
19.9969
28.0105
22.183
21.4959
23.9881
31.9446
31.4172
19.5755
20.9399
21.6471
20.3511
24.8925
18.0429
18.1136
21.088
19.6874
22.8909
20.8365
32.8093
22.0564
31.5608
36.8069
25.4228
19.1956
15.2109
19.7839
20.8209
38.9276
30.5799
22.4706
30.6481
22.4459
23.3694
27.2442
20.652
21.3236
27.3265
33.7155
39.3071
30.298
21.3035
20.391
34.0467
21.1317
29.0176
20.7338
22.786
24.0603
21.9039
20.8563
20.6838
22.3441
22.8144
31.9991
27.1999
22.0802
33.3903
25.8613
21.8443
22.7132
25.8873
20.2174
21.3538
35.7206
32.727
27.1208
22.3428
22.1808
37.4636
23.8922
23.1212
35.7278
23.4208
40.9986
22.4798
24.1233
32.8934
26.3913
22.4414
39.4604
22.377
24.634
22.8335
23.3487
19.1423
20.4494
20.3575
26.7885
26.5396
24.5829
24.2469
23.7611
29.5671
20.0853
32.5966
24.4591
22.729
44.6136
28.318
22.1895
28.8573
30.6992
32.7038
25.0673
27.0339
22.9143
23.6646
29.3518
27.5428
23.4127
24.1981
23.5631
31.7803
21.7058
37.6351
23.9773
27.1962
21.7272
24.608
21.4709
21.6729
21.0526
32.2438
21.7745
33.6324
24.4744
37.1449
24.0538
22.0046
30.9123
26.1299
36.9909
23.1396
37.166
22.7407
20.8063
31.2902
21.4945
27.212
38.1639
21.2703
24.4285
21.4588
28.8797
24.2914
32.5862
22.452
33.1356
20.4311
26.4326
19.7526
30.894
33.8437
27.9696
29.9282
19.8014
19.5997
21.5495
17.6578
18.8425
26.4304
19.2501
20.8386
29.8094
26.4981
20.1046
20.6583
29.5308
26.7582
32.4999
25.9304
20.8269
28.4257
27.2799
29.0589
17.3526
17.5872
23.0952
28.0455
20.781
20.7018
31.6093
22.6734
20.6153
34.7718
20.3261
34.27
24.9935
22.6322
35.8804
21.2971
25.4674
19.3972
19.1558
19.4845
28.1903
19.0946
18.8788
20.1965
19.3421
23.0559
19.219
31.6318
21.7038
30.5097
27.8657
28.7839
22.8395
20.4201
20.2364
29.8914
22.2839
38.2772
24.5319
21.8215
20.7423
25.5577
21.4505
33.5488
29.2682
28.5953
21.4869
30.2861
20.9151
23.7804
26.9483
20.0378
19.4386
21.573
20.2527
30.4932
20.3343
23.6098
34.9126
21.4398
31.3659
22.2578
21.2806
24.9871
22.7913
20.5286
26.9019
20.5586
21.6146
27.9833
27.7558
22.201
26.6918
22.6081
34.2076
23.8395
27.7605
22.8461
25.0688
34.0304
28.7769
31.763
22.9267
25.9467
23.4876
21.1945
26.0244
31.2151
21.2557
26.148
22.1948
22.0073
19.145
21.82
21.191
33.7058
20.1366
24.0776
27.1437
21.903
21.2795
24.4642
21.906
22.7777
21.7447
23.7236
19.7704
23.964
25.1043
27.6007
21.6376
39.0951
21.4294
34.1269
30.7757
27.0241
22.5048
25.7086
20.5655
21.264
32.4975
18.9607
24.222
20.396
22.2891
21.8624
22.7653
22.1855
36.2685
29.1447
26.2616
34.2489
29.7843
24.5186
25.7512
24.597
23.7455
28.913
21.2817
28.1785
41.7099
26.1337
44.3081
22.7662
29.8538
22.8056
23.6849
31.0682
24.9524
22.7473
32.007
24.3832
24.0416
35.0201
23.9653
42.6665
49.7138
25.3856
33.0864
21.4824
27.9753
21.6372
42.2789
23.1688
26.7411
37.849
22.7396
31.9873
30.7707
28.1056
29.2683
23.267
31.4797
20.6722
29.2308
26.3895
39.3802
34.8456
26.4624
23.3159
22.6641
24.1598
38.9473
22.0148
34.2744
34.6056
22.6204
25.1622
25.5949
21.0176
25.2462
29.5094
21.4165
35.0182
20.5578
35.484
25.2082
25.9814
20.6245
22.5174
22.5889
18.8839
35.7551
23.3222
31.8753
19.1155
18.2782
20.3784
31.939
21.0426
28.7434
26.4021
28.1329
24.0492
38.1481
24.8943
23.2222
36.2376
23.6094
25.4003
42.3692
27.2725
26.7591
24.2214
30.3172
45.2824
28.0148
28.0471
39.0511
27.1128
23.6886
22.8589
23.6792
24.1133
24.3749
23.4875
30.7095
38.9906
23.6376
25.8538
35.8283
24.735
41.7125
28.4178
25.9989
41.3102
24.1608
25.7059
30.0041
23.7913
25.4882
31.2682
24.0544
27.78
28.2132
38.0279
27.9004
34.5814
30.9508
23.2459
25.4906
23.8712
45.6884
26.2664
25.3063
22.3738
33.5868
23.6809
22.2596
26.4206
28.1489
24.9492
24.0323
26.3136
27.29
24.6545
35.1309
49.5325
24.6732
31.1997
38.8833
25.6573
28.9145
27.6293
32.3298
32.3783
35.371
26.5868
28.6166
28.5607
27.6694
33.5332
24.098
45.6203
24.3403
31.0333
28.9202
22.4706
24.4693
22.6448
30.3815
23.1046
31.2382
23.0536
37.6516
47.079
30.5427
32.2993
25.22
28.9622
26.2603
24.8591
38.9618
43.7466
33.5926
31.5505
44.401
26.7207
32.383
32.9191
33.7168
26.8512
25.5077
28.2458
44.5722
25.1476
29.3779
24.8922
28.2195
31.0351
22.3986
29.1338
21.9035
32.7912
35.2614
25.4971
24.0019
39.756
25.5681
38.5702
25.3409
30.3424
42.0276
32.1257
26.517
32.3848
25.7653
31.6412
35.1396
38.106
33.2431
25.0333
24.9879
27.1967
31.1006
31.7645
27.553
38.1407
24.2634
30.9753
36.856
25.0918
26.7085
25.0658
26.0036
31.3699
26.8897
28.0373
42.5174
30.1103
25.0431
39.5496
25.8594
40.4039
26.7233
31.2289
28.9105
35.8898
26.3507
25.1179
25.3248
36.553
25.1262
31.8512
32.4045
25.715
37.4551
30.315
20.9925
39.6196
34.0587
25.8742
37.4571
24.4933
29.9937
23.3833
26.6809
36.9074
23.4186
36.3783
25.8932
38.0177
25.9739
27.1999
24.5826
25.6331
30.8536
25.2204
32.5375
27.0779
28.9277
44.232
26.0368
25.5914
25.2228
25.0128
30.6126
26.8563
28.2605
25.0145
28.2905
25.3946
26.3486
36.9585
31.4278
31.3658
33.9443
26.9292
44.6221
33.2674
28.0324
41.4957
39.836
26.462
26.2205
26.8459
27.7427
27.5285
27.4355
26.4694
38.95
31.4827
37.9852
45.0099
32.0383
25.2036
31.6472
24.9018
26.5338
24.4912
25.022
25.7518
26.1241
27.5531
27.5294
22.3594
37.9802
36.0627
25.3152
32.5537
30.7946
25.5265
24.5465
24.616
24.2546
35.4896
27.2493
28.9629
25.4923
39.112
24.8794
26.2897
24.4163
35.1985
25.9551
35.8447
24.1609
36.7224
23.7324
23.4635
23.0446
25.8352
23.8777
24.9794
28.0585
20.348
19.7771
26.5355
21.1869
27.3759
31.3592
19.7185
23.8128
31.7079
18.1532
23.5555
23.0879
20.1501
19.9935
20.3702
24.1222
20.8797
29.6263
26.2258
32.4273
20.3541
24.6517
27.6415
19.062
22.1279
20.2749
30.8593
19.4988
25.7273
20.9334
21.3197
20.3882
19.5369
19.6047
19.5774
27.7009
16.1447
20.2408
19.6481
18.7905
30.4084
23.1527
19.6032
18.5335
25.3142
19.6314
22.1059
18.5728
19.9529
17.5087
22.9143
19.2288
19.3112
20.614
21.0692
15.9432
25.4688
22.2908
21.067
21.2442
30.1504
35.6069
20.2909
29.7941
31.0372
26.9609
23.8874
22.1624
24.5034
19.3767
20.5576
38.229
34.8126
32.9456
22.8821
27.4818
19.9134
22.2517
21.7521
22.3822
36.2431
28.5377
21.0068
29.5457
20.1794
22.8095
20.8681
22.6223
21.6157
19.479
23.2277
31.7619
20.9328
26.3133
22.5254
23.2062
31.8588
30.4627
23.0036
21.3235
34.7069
20.8365
19.651
27.0117
32.3504
23.3724
24.5803
21.595
21.5022
22.1402
22.1531
25.165
23.3477
26.4587
24.7221
22.7262
22.2268
21.8063
20.4332
34.3544
22.5203
27.476
29.4519
20.8945
26.6773
30.4585
20.5731
30.5668
37.8655
23.1008
32.9947
21.3105
23.7938
33.763
25.2355
20.3409
25.7739
23.5748
22.2721
24.7305
21.233
22.1561
20.6489
20.2484
21.4302
24.0523
21.7713
22.8174
38.1644
22.1022
21.6046
22.784
23.5833
24.224
21.6983
22.5285
30.2733
22.1709
21.0078
32.6567
27.3339
27.0621
49.4446
25.4874
36.6424
32.9598
23.7767
32.2693
30.5827
24.4586
51.2799
30.052
37.7265
29.6614
23.6405
45.0206
25.7017
30.0564
37.0715
22.7248
36.6547
39.1149
34.8075
35.2757
39.0053
23.7261
33.7193
19.9769
22.5046
29.3507
22.2825
27.2671
19.4992
25.8839
17.3473
27.1233
25.1279
17.4678
23.5773
16.9652
20.6205
19.7497
20.9951
24.4438
21.1642
18.9048
25.151
19.0233
22.1982
21.0723
26.0188
34.6407
19.7686
19.5358
16.5196
20.035
28.8938
21.5447
17.4961
17.2964
31.4434
17.7964
22.1094
21.2962
29.255
24.8312
17.7949
21.4368
17.189
33.4558
20.5773
29.6017
23.562
32.4962
20.0657
23.7333
21.2877
32.713
21.9454
32.4169
30.8172
23.6965
36.3143
25.3325
24.0464
25.1122
29.7231
25.355
27.4187
23.9465
28.2775
42.1639
26.4112
28.455
24.8146
27.162
38.4467
22.9558
28.4106
24.4321
26.9613
22.655
25.1053
26.3211
25.0704
27.4141
27.0586
22.3578
26.0019
24.1291
22.7778
29.3737
22.4786
34.9402
22.0659
25.2764
24.3645
21.1098
25.3534
22.3269
26.1275
21.4494
21.2293
23.124
33.1993
21.5247
25.4967
23.4931
39.3758
27.1058
39.1556
22.1285
37.7422
22.588
41.7715
29.203
36.8467
20.369
25.477
21.8753
25.0369
24.0709
21.3818
21.2462
20.5643
25.2942
20.3053
22.8465
21.0118
30.117
21.6763
31.1052
19.7339
23.785
22.0383
23.1398
23.8657
24.6489
22.5469
25.4081
22.1567
23.9999
24.5143
23.5404
28.1835
26.4616
24.4901
25.336
23.855
21.0169
34.1221
21.6302
26.1323
22.8196
23.2084
37.9879
23.0608
21.3102
37.723
34.453
26.7723
21.3943
23.4828
34.3055
23.92
20.6841
23.7298
20.8536
35.4227
27.5844
28.214
34.3977
17.6168
29.1339
24.528
33.6215
30.2779
25.1922
26.3155
21.7739
26.619
22.4209
24.4592
22.9484
27.0156
21.53
32.3444
29.7165
25.8635
34.826
24.25
35.0131
27.625
24.983
36.8786
22.7358
24.1316
21.7988
23.7351
25.2087
30.2761
20.7562
23.4157
23.3732
21.9181
22.1902
22.9789
27.06
22.8319
22.894
36.571
30.4042
31.2242
24.0541
21.8693
26.245
21.0374
31.5672
21.9116
22.706
22.5283
33.9882
20.804
21.2083
22.2556
18.2762
31.6024
25.0997
31.051
33.8052
20.7949
23.1278
23.1533
22.503
20.2601
20.2833
23.5949
20.9822
22.8507
26.9001
19.6792
20.075
25.5985
21.4962
20.5189
24.885
20.4609
22.3807
23.6815
24.8571
20.8552
22.7244
23.4662
24.0945
21.8575
21.4724
36.1706
24.1408
25.4183
21.4049
21.733
20.0265
22.5992
24.0852
21.5556
25.069
24.2507
22.6066
22.812
24.0706
37.2108
21.9253
28.1247
27.9637
22.9271
32.3026
20.8941
24.3697
33.0316
24.6518
24.9999
24.4346
20.9571
35.1055
23.8134
20.8253
20.3473
30.6475
18.6647
28.8847
20.1929
35.6124
22.1245
19.8414
22.5601
19.336
33.5474
18.7859
27.4432
22.4212
20.9156
29.61
23.1911
24.6338
33.7563
17.3562
20.9127
20.4539
21.5106
30.7635
23.6267
28.4415
25.2022
20.7056
21.0698
30.5301
20.1262
25.9574
22.0159
33.7732
34.2823
25.8158
21.9375
24.3306
22.5864
26.2134
17.1694
21.5284
18.3793
31.9477
31.4813
24.5739
20.4064
21.2436
22.2423
20.6145
26.6083
26.3426
21.4248
33.9016
26.4143
21.6557
28.8101
23.3307
25.3889
21.6353
22.3609
31.7498
24.4385
20.5879
21.7774
21.0813
20.5521
19.4578
20.568
24.8445
22.4817
23.1032
21.2118
30.1109
29.2817
36.4176
22.5932
40.7198
20.8614
33.8257
22.6244
41.7276
25.7988
28.1069
33.4435
23.3541
25.1446
22.5176
21.5903
35.9621
20.522
41.9089
22.3563
29.7433
22.4455
29.9718
22.0955
20.0484
32.6556
19.5172
19.0724
18.0174
23.4738
23.1515
33.4527
20.3832
20.8072
22.6402
21.0678
21.4844
21.7771
18.8539
34.0316
19.5345
21.7326
29.5532
20.2399
32.4445
20.6775
26.3399
17.6007
36.8123
31.9562
20.8336
20.5842
19.7977
21.9287
20.4162
26.01
23.0577
29.996
20.1208
19.6112
34.0075
27.9464
22.6169
29.314
20.7393
28.7935
22.195
21.7328
20.5109
20.454
30.9858
29.9612
18.1842
35.2778
29.1731
34.3328
29.0906
21.0086
31.3663
24.4703
24.3984
20.8901
24.8561
25.4665
33.6491
21.4074
22.187
25.3938
30.1822
26.4212
21.4531
23.4162
23.2438
22.7735
23.2001
20.6231
36.1311
21.6284
22.8569
29.6206
40.3026
22.0238
23.0156
28.4755
21.4099
33.5531
21.5297
32.3297
20.4436
22.2839
23.2751
35.485
22.5647
36.7558
34.788
20.765
22.8732
31.2073
24.0883
18.7975
22.2091
21.9196
28.9943
22.1228
23.6898
21.5704
23.1629
22.2792
24.5894
26.9716
22.4803
29.4212
22.9369
20.7123
41.6851
20.9596
31.4552
20.8483
20.2632
37.7222
20.0201
23.2909
19.3077
27.3191
27.9606
21.5922
22.09
32.235
23.9473
22.9013
20.25
22.0209
21.7051
36.6561
24.0638
23.7398
21.6122
25.3232
18.969
35.4013
22.7852
21.0036
18.1225
31.2716
24.3952
28.5065
23.2512
20.2168
22.3844
32.4256
21.1719
22.7883
24.516
23.291
19.8087
24.4366
29.6552
19.787
31.1589
26.3196
29.9186
19.8486
23.1117
30.4092
22.6906
27.6526
33.0358
22.0864
25.6709
33.4765
29.4883
21.1526
34.0586
23.8116
24.087
25.0291
23.4599
33.7522
27.5388
23.9493
21.7714
28.642
24.2633
31.2738
23.6998
25.2646
21.7269
25.9523
21.352
30.5575
21.6158
24.1267
22.8627
19.0205
29.1074
27.5172
22.646
23.4135
21.5945
24.8139
30.899
21.0455
37.6616
36.5616
24.6059
38.2327
21.1881
31.9976
22.2998
25.8085
32.8963
29.853
24.1112
24.9951
24.5517
25.5865
24.4897
23.4103
24.9311
40.0395
38.6949
39.3582
23.3914
40.3639
24.4019
23.3611
33.1025
24.0286
24.8004
24.2985
33.4042
22.0481
34.8311
22.66
31.6585
20.2137
25.1881
20.217
22.1114
23.2977
34.1019
35.3642
34.8483
30.0504
23.0357
23.0576
27.4941
24.8245
37.0769
23.4466
32.0168
26.3781
16.1529
19.5504
26.7987
19.4572
20.6351
25.3042
22.9714
19.7783
22.6305
22.6683
22.1256
28.6582
22.032
27.9242
19.8258
32.2745
23.271
23.3138
18.8623
19.2833
21.8854
25.8385
25.033
35.6995
23.1907
24.4041
33.4257
24.1459
23.4405
27.0666
25.2688
22.9398
35.4576
25.1743
35.8065
25.6146
27.4615
28.1843
23.5582
27.3861
22.4702
23.7235
36.6304
43.716
37.6686
25.7371
23.6238
34.5728
22.6623
24.5982
21.8788
27.9787
23.8391
25.2817
22.8355
29.9736
25.9662
39.662
25.2062
43.8575
24.2355
34.8936
31.2619
29.8781
27.9608
25.5241
25.9848
33.1756
23.8849
28.4373
24.0524
50.589
28.3486
29.2522
34.0728
28.8237
28.8676
26.3075
43.1341
30.4015
22.4817
25.3266
30.8043
33.7737
24.623
24.228
22.9504
28.256
22.068
30.1281
28.6633
41.2872
28.0088
32.7127
24.4153
24.7258
29.3877
30.0233
21.4884
24.2968
25.7802
21.1391
26.2462
35.2351
25.126
25.0225
31.9664
26.3093
40.4119
27.9495
29.9147
26.2585
24.1692
29.3114
27.0026
39.6356
24.1126
23.5256
22.7133
28.3788
24.0999
35.1644
25.0978
41.6746
27.0867
28.9577
24.0206
34.0921
25.8581
31.4844
24.4231
26.522
25.5923
28.4488
40.2118
23.2592
42.1591
18.7531
18.5208
24.0221
31.5075
22.8303
38.7694
21.0117
34.2633
25.9762
23.5207
20.3879
20.2344
23.1737
21.0478
21.0135
27.7797
21.7513
27.109
24.3488
21.86
21.9402
21.5042
22.5032
27.1065
23.0644
22.9451
33.9408
21.2478
24.5049
22.9617
26.7337
33.7897
23.5645
41.7522
24.3328
31.0547
28.3373
35.8444
25.3487
25.3356
25.4606
39.2306
33.491
30.9291
24.5077
34.7959
26.4811
24.0187
25.8329
37.3492
22.2624
24.5598
33.6414
45.1969
26.9299
22.3443
41.9896
31.3693
31.8301
26.7612
36.3613
37.0544
32.5341
26.1983
33.3546
32.747
24.402
35.1256
24.6054
25.2349
26.796
25.0378
43.1738
24.3698
23.2098
27.1837
23.4959
23.8978
24.1904
24.0926
21.0119
38.8964
19.1186
37.1842
23.2508
43.0895
25.8044
27.3935
24.9017
25.8679
31.8769
26.3472
23.3196
25.5352
21.9526
24.001
38.9546
24.1784
34.9174
24.93
30.1868
23.7042
38.4907
29.1676
25.9403
23.2746
29.0907
35.6529
26.2271
22.9339
31.5298
24.0786
32.0752
42.1647
23.3059
25.992
24.0407
26.9605
25.54
26.2906
25.4285
26.5806
26.0277
35.0468
29.6719
30.4337
26.0788
38.4403
23.7428
24.5657
31.7885
24.7675
38.1326
24.0844
26.7293
25.1087
23.1622
39.5465
41.4791
22.5273
28.0299
41.8353
23.3779
25.104
29.4728
29.6347
23.4464
42.0479
24.7871
26.8814
26.4254
23.6601
24.0338
35.407
24.9193
44.6459
29.9531
28.5723
37.3216
25.5673
24.0977
37.7825
24.3158
37.3234
23.9564
30.9019
46.9512
25.2205
55.0018
28.1593
32.9639
23.5471
23.2534
24.5399
22.8374
34.1145
22.0955
35.1342
24.873
24.0856
31.7084
23.1831
34.8495
26.0967
49.9087
25.1339
22.3462
31.4819
22.8823
26.3802
34.9902
23.5931
26.1712
34.2432
23.8709
29.8619
25.8504
24.4676
25.3915
30.6686
25.5946
35.801
37.4306
23.87
25.1276
23.9247
27.6047
24.5225
23.2358
24.8155
35.6588
36.8198
29.0737
35.9104
23.3909
26.0275
23.93
36.0738
24.197
31.323
27.914
27.0537
45.2679
25.9836
24.6872
36.0183
24.0298
25.6867
27.811
29.5603
24.4403
22.494
34.2085
39.1643
25.1812
23.1505
36.8339
26.3691
26.6135
24.4101
31.2489
24.5179
23.4341
22.821
23.6092
23.4017
23.3434
21.7942
37.0749
31.9262
42.2529
24.3614
21.891
20.6735
25.8805
22.6852
25.2396
22.9389
22.9459
22.1701
32.2627
20.8337
25.012
21.0554
34.8316
21.2977
26.4164
22.3912
19.6407
19.9596
14.6834
16.7947
17.7327
21.6242
16.1815
18.1832
15.3451
19.0299
18.226
20.3841
17.573
19.7008
24.1086
18.2232
19.5267
19.6634
19.5417
18.0712
24.3584
20.2126
32.088
23.915
21.1268
17.5924
23.5914
23.1905
19.222
27.4333
20.0172
26.3151
19.9877
24.4114
30.6993
32.4833
24.2995
23.7325
21.9426
20.8117
26.6959
23.3755
20.9987
22.5474
36.875
20.225
36.8906
21.1761
22.0859
33.3597
22.5878
21.3145
23.3265
30.9349
22.7036
33.0427
31.9197
21.4876
39.281
24.8953
28.3138
19.4881
26.0815
21.2718
25.4917
19.6858
21.6199
33.4517
32.6857
31.4219
19.2707
39.6661
23.2406
32.7873
31.2628
22.3364
21.212
27.0942
20.7848
28.3027
23.266
34.6728
39.3135
21.4264
22.7867
26.1926
23.2893
19.324
22.317
23.0549
26.0117
21.1053
20.839
23.2672
31.9274
20.6221
21.8024
28.4608
23.0554
35.4506
28.3422
22.5525
23.4757
21.2656
34.101
34.4859
35.9416
22.1793
29.9789
33.3064
23.2014
19.7866
26.815
21.2394
21.8143
24.5228
21.1634
23.1785
22.035
21.5506
21.9226
20.1467
34.8221
20.4696
27.6544
37.6314
21.7907
26.9249
19.5273
32.999
36.5648
23.9572
36.8506
25.9379
22.1831
23.332
23.2111
22.5326
21.5083
40.1378
31.3377
30.0181
38.9931
28.0721
22.301
36.2109
24.6739
24.4168
26.6718
23.0094
30.6212
24.8118
28.9528
20.4145
23.7871
44.5603
23.2286
26.9796
30.3648
28.2681
19.3081
22.8205
22.7125
36.1923
30.1724
26.059
24.0693
33.7303
21.5239
24.4189
22.9023
28.7098
19.7966
21.9467
34.3463
21.697
19.9344
32.4508
23.0231
20.5835
23.3912
23.184
21.8664
23.7026
25.8517
19.6458
35.9016
32.3812
25.2772
21.0721
23.5823
21.4506
19.7515
35.3857
24.588
22.359
23.2983
23.36
27.9054
22.8554
20.9206
27.7097
37.418
22.6338
34.0784
25.0985
33.4424
23.0942
27.0079
41.5458
26.8882
23.6346
24.7828
31.2476
24.5163
33.5977
23.6474
36.316
22.3275
31.6562
36.2965
35.2105
21.4868
34.6354
22.5853
21.593
40.1578
26.4705
24.0386
31.9044
23.7466
24.5012
28.4474
22.4704
30.2691
25.6224
21.1835
26.5004
23.0912
24.6553
32.6562
19.8581
26.4779
22.8161
35.0744
21.7347
29.356
23.9597
38.3154
21.7923
29.909
37.8604
26.1072
37.3771
28.3908
21.7767
22.2398
26.6139
25.1648
24.9694
34.4817
22.1547
26.9556
29.5714
20.5612
23.5825
24.4487
40.128
35.9921
23.5396
22.405
31.0423
23.3004
28.8102
21.1348
26.8323
23.2338
33.3645
23.8498
32.6627
27.6767
21.7181
37.9356
24.983
24.3317
25.2244
23.4317
23.2326
24.0047
20.7518
33.7529
26.2191
25.7125
35.2273
24.1653
24.5993
20.1236
23.3036
25.2125
30.3405
33.8423
24.6278
24.0052
23.1743
20.8603
26.4662
21.1474
22.6156
23.9625
23.5105
21.9762
23.9704
24.3028
36.1523
28.4055
19.3052
17.4826
36.3578
28.7422
22.1897
29.5733
22.562
23.2909
27.8655
26.2579
42.2647
31.3505
25.7041
26.0984
42.2064
26.0072
22.1411
30.0023
27.9047
25.6365
32.9598
23.5756
26.6462
26.0335
42.004
26.1844
29.2707
25.29
23.7266
31.2118
33.29
37.6255
29.2172
35.5912
26.9533
25.1171
25.407
24.3764
30.7016
26.6762
24.9462
24.5111
41.4225
28.2213
29.5784
27.2959
33.696
25.7499
25.1737
30.6776
34.1822
31.2674
23.9109
23.3461
28.1869
24.4494
32.827
27.2789
34.3443
36.3435
40.2268
31.3746
33.3445
29.2439
26.826
34.0075
33.0881
24.9421
23.0048
26.5003
27.3261
33.0022
24.7817
26.9291
25.1881
34.6002
23.2458
24.38
29.992
24.7858
32.8034
24.6965
30.945
25.057
24.189
34.5389
22.6753
23.1142
24.8259
20.9291
28.5395
21.8883
22.0276
24.3088
25.6497
26.7807
23.4577
27.7225
26.9051
25.1737
23.2886
26.0705
21.0547
28.6663
23.4721
29.5967
23.2534
23.484
22.808
26.149
24.0469
26.4457
26.1502
34.5529
27.9187
23.7044
27.6774
23.7013
24.7824
21.4904
23.3992
25.0366
24.3336
40.4115
33.033
25.2841
25.4401
25.8116
22.1563
28.6406
27.535
24.678
24.2814
26.889
20.9879
38.4331
40.0288
26.5092
21.6667
25.6473
27.1628
22.9306
28.2512
23.0588
37.3957
24.2691
32.021
23.3222
24.3466
34.2288
26.9595
34.9005
23.8057
27.4508
20.8861
19.1499
29.1167
20.9275
36.3463
23.2066
22.3041
20.2975
20.7783
25.2611
38.105
22.3911
32.909
23.4755
23.7004
30.4248
41.6337
41.6811
23.5066
39.2446
29.198
25.2534
24.4389
21.875
26.2268
23.7443
23.1134
23.7943
28.2613
23.1075
34.4109
36.9593
33.8872
32.2387
23.412
41.4937
33.7539
32.9313
20.3125
34.4456
23.9962
27.7687
25.5263
24.6214
34.8417
36.28
35.1727
31.0941
25.9117
26.4886
34.6329
24.7258
35.4342
30.8048
28.4058
28.4425
25.1006
25.4513
20.5128
34.5373
22.5879
25.8769
29.9541
22.3954
35.5398
28.9044
22.2844
25.1091
26.5262
22.9176
34.0716
22.6823
26.6147
22.2586
37.2009
31.6707
24.8712
29.2662
21.6379
26.3186
21.9353
38.8069
27.3858
23.6692
22.1561
35.3345
22.3151
21.7201
23.9569
21.9607
22.2486
34.9014
21.8118
23.6584
34.4313
21.2594
24.3125
23.2466
22.996
24.496
35.0859
24.97
20.9016
30.4102
22.8212
39.5106
24.2539
21.1446
25.8466
22.7114
29.717
23.5218
27.2958
22.0719
21.4357
33.0697
23.8846
21.9624
36.5041
27.4662
34.1093
24.223
21.8356
30.9661
21.5142
24.1025
21.7829
24.6159
20.9864
35.6771
24.2877
25.3071
26.4595
22.3092
24.0093
25.163
22.7731
21.9479
26.8182
21.8429
29.3453
33.5081
23.5345
23.4947
23.7471
19.954
26.7226
19.8036
26.406
21.7198
19.6119
25.5584
24.3391
29.0076
21.7673
18.7919
30.4101
23.8596
24.1984
26.7749
22.9304
26.1801
32.6068
24.4942
39.3273
21.9173
23.8379
34.1404
38.8796
36.0056
29.2472
28.2822
22.3809
33.6127
22.1386
39.7386
24.0879
39.484
33.0355
23.3284
21.4736
22.0058
21.8689
31.5018
26.1151
36.9021
22.0682
21.8841
24.204
20.6236
21.412
22.9639
26.0514
29.4004
22.2706
29.9841
23.024
26.9573
23.2306
21.9834
25.3482
36.293
30.7101
22.9203
21.0728
26.2456
22.9277
22.04
38.5641
34.0023
21.1884
31.3755
28.1559
25.3364
22.7236
20.3037
19.2373
19.9122
16.8705
19.7195
25.5374
27.622
20.5914
21.5878
19.7787
20.632
20.5623
24.186
21.6427
21.3575
20.7203
18.715
35.1998
30.6435
35.3067
22.6615
24.6737
20.9479
34.2814
25.0376
25.6499
21.3116
21.1331
26.3335
20.5204
29.7597
21.1003
24.0813
35.7028
22.6533
34.731
22.433
26.7419
28.5301
21.6724
19.1833
34.6987
28.6207
32.6292
22.1446
23.0872
20.7114
21.8182
22.1119
20.7186
24.1107
22.1328
24.9142
21.8053
41.45
21.4748
23.9933
30.2754
21.2476
34.0389
22.504
46.1942
24.5267
23.7101
23.0918
37.8498
23.8164
29.0689
33.4236
25.2486
28.7578
25.2228
34.9616
33.6722
24.6415
30.5238
28.1521
25.7995
25.2157
23.8689
36.3571
24.8601
33.8195
37.2853
23.5721
23.8247
24.9862
29.9588
27.4591
19.5236
20.4703
21.6185
42.1474
32.3585
22.5222
25.2183
24.2053
24.1036
34.3481
28.2141
23.6458
25.692
37.4855
28.7555
22.2717
21.4287
28.1257
25.6498
34.373
24.5406
22.5072
30.261
23.9738
24.3274
36.1284
25.1634
37.7334
39.8221
29.3875
25.6545
25.448
26.9575
23.2565
26.0701
22.2803
29.2629
30.7188
26.5641
23.1927
25.2919
35.3411
24.3937
30.214
24.1335
39.2527
37.9556
24.4255
28.5146
37.3385
22.7046
45.0448
24.1119
23.4654
28.4145
21.2626
29.3597
22.797
23.0887
23.4711
29.4394
24.898
22.8278
22.1553
23.9543
22.9809
31.0703
19.9194
27.5803
23.1952
29.2451
28.6724
26.687
24.7754
24.7445
23.2638
23.3503
24.4183
27.6237
24.3955
21.1808
28.5473
21.3427
22.8546
23.3591
24.7663
22.0547
22.9654
24.784
21.2037
38.9067
36.5179
24.2083
29.0065
23.2596
28.6628
27.3359
24.0389
26.1412
31.6309
32.1732
24.9135
30.0039
26.1234
36.4355
24.1463
36.1108
23.6047
25.8577
39.4985
24.4156
30.1467
23.8114
24.7543
29.4539
25.8684
25.1031
29.9395
22.4708
23.8857
24.3399
34.9539
26.5158
37.689
23.7621
24.9177
23.9815
23.2245
21.6087
21.9975
25.2235
21.8575
26.1912
23.6099
24.1032
22.7574
23.9849
31.8728
37.4454
35.004
22.8342
30.9789
24.1807
39.3308
26.1394
27.741
24.8511
23.4724
22.7321
23.6862
24.8163
22.9288
24.4087
28.3128
19.4917
19.8099
20.4625
19.2577
21.0307
20.1586
21.7725
23.5888
23.0254
24.3613
25.0411
22.9508
19.1633
26.2617
19.7534
25.1576
20.7184
22.9504
25.7356
20.3586
32.8637
30.0973
23.7396
20.9788
22.53
25.2931
26.083
23.741
23.9911
20.5797
22.362
36.3296
20.8888
21.5101
21.1403
20.2079
29.5876
21.2681
22.1547
22.6378
20.833
29.0086
31.7768
22.8357
20.0213
21.577
21.3113
18.999
29.8877
20.4032
32.133
20.9093
33.1747
20.5845
20.9796
19.6222
21.2552
20.3339
26.8688
29.7485
33.3381
24.4207
20.0283
22.711
18.0257
28.3845
19.1926
20.5554
20.5827
24.6437
22.5633
22.4185
19.7711
20.1192
20.8403
31.1782
20.3394
18.0182
28.4292
19.2483
31.7528
19.6802
23.6151
18.1187
33.506
20.8167
19.7603
31.6934
22.2873
28.5251
18.6646
33.3615
19.3414
21.6214
26.767
19.1528
18.9873
20.118
25.1126
20.591
29.0373
19.3943
31.0234
20.2468
19.8616
22.5419
21.4757
19.669
21.5296
21.1736
19.6712
32.6042
25.6414
36.6633
19.8489
22.5418
18.4915
35.0039
17.46
21.0963
19.8174
23.2297
21.5377
31.0339
30.2722
22.4101
25.7511
22.2687
30.5464
25.604
22.6518
35.5556
23.814
32.4845
22.3903
22.28
27.0417
31.3044
23.6281
34.4023
25.3471
24.886
24.2489
25.5826
27.0251
23.6436
42.4154
23.7776
29.1891
37.3699
45.1759
40.8407
25.0491
27.3982
18.0526
38.3068
33.2878
23.2114
28.2442
23.8288
37.1841
23.6835
28.8168
23.1325
35.9984
25.3468
26.2725
22.5597
22.86
23.5386
28.4061
24.5169
27.9556
31.7805
44.7492
28.7489
21.5765
23.5265
30.8547
22.2469
34.9556
24.4524
30.2687
30.7991
21.398
24.8687
25.3475
23.2737
36.2883
22.472
24.5148
36.1526
21.2104
28.3012
24.8569
26.9755
24.8512
22.2745
28.8035
23.9285
29.7756
29.041
25.0243
23.158
34.0092
39.235
22.5471
27.3347
23.3486
24.106
23.258
23.1582
20.4297
30.1384
20.7845
42.3868
27.3153
23.5276
38.0158
23.0204
33.6654
21.5049
22.4397
31.747
21.5024
28.3972
22.8117
36.1326
22.2652
25.3927
27.1745
29.407
22.4989
36.8597
23.9762
30.42
23.9824
29.7351
32.9128
25.0896
23.6657
24.039
27.3693
29.845
35.5888
25.69
23.4564
22.9712
31.9726
29.264
23.851
23.3403
38.1906
24.7178
24.7061
26.5279
28.1112
37.7203
24.588
30.2355
22.1696
25.9715
22.5373
24.2711
26.2309
33.3093
20.4131
36.5163
33.8373
33.3547
36.9453
21.4416
23.4135
21.7416
34.2917
19.8196
28.5276
21.4925
22.6819
39.4405
23.9193
23.1336
25.2625
30.9922
26.0077
21.2941
22.8338
20.2325
20.2212
32.4983
20.8256
26.5829
27.1258
21.4371
19.0686
21.9634
20.9721
28.6072
21.1673
21.4166
23.3578
34.1138
23.1182
19.8224
33.2718
24.2641
22.9649
33.8483
23.7931
22.6796
23.5785
31.1846
22.0354
22.4842
27.1339
26.3335
24.8901
21.3995
34.6907
33.0177
23.5404
31.9808
19.3848
19.6971
20.9432
35.8012
31.9853
20.869
23.2609
22.167
25.7334
23.8756
23.2214
23.0336
22.6431
30.363
21.0141
37.3283
28.3273
24.8425
36.8399
25.464
25.6001
23.827
32.1053
23.8686
24.1862
25.6074
22.0128
34.566
21.1659
24.1528
23.6944
24.1835
26.0031
24.9197
32.8549
23.3374
34.078
25.5791
35.6045
25.8307
28.141
26.0874
32.2259
25.6834
49.6081
28.2867
25.6172
32.173
24.8488
22.7452
34.5259
24.6808
29.8361
20.0401
28.859
23.1104
22.1074
28.6476
25.7406
30.0691
31.9944
35.6221
23.1347
23.8609
33.5626
33.6424
36.7274
29.6539
22.8379
24.8509
21.1355
22.509
24.6329
24.5786
21.1912
18.8731
20.6693
23.3586
28.918
22.0493
21.9418
21.4048
17.591
26.4516
19.9435
22.7741
21.2839
20.1692
20.9347
23.8404
20.7632
21.293
31.302
21.9904
23.0434
22.3741
23.2012
20.1221
18.3189
20.0213
21.4556
23.7954
21.244
21.9675
28.2289
22.2648
20.6951
29.5505
20.4785
28.3163
19.7344
24.0863
19.0748
23.8967
28.1333
20.5497
21.4996
22.6328
32.5353
21.5335
25.8164
23.1872
20.0265
19.5092
28.808
22.8135
20.9052
16.6415
25.107
22.5976
21.5957
29.107
26.6633
21.4553
32.4254
29.0124
31.5874
35.284
23.6701
23.8467
20.3859
24.0528
29.7787
20.9443
35.8536
19.1584
32.6046
27.2696
37.4365
22.4976
29.2038
21.6878
32.9422
20.1639
24.1309
20.7195
23.3091
20.2467
21.2947
26.9594
22.371
20.6569
19.4392
22.1641
30.9998
20.6675
23.5982
20.8749
19.8388
32.0731
21.3383
18.7695
20.1911
39.826
22.4755
22.3335
36.2201
22.1608
36.689
25.606
18.8894
34.0863
24.9128
21.6359
37.2955
24.0976
21.4479
31.2077
19.5776
31.6494
22.8765
23.8428
21.8859
27.764
37.0004
32.9049
21.0501
30.584
27.2206
30.9005
21.8506
29.4606
22.4002
21.7163
36.5105
20.3459
36.1486
21.2569
30.0561
20.477
36.5474
22.132
39.9684
21.3284
40.5322
47.5115
21.5566
23.7665
31.5708
33.6054
20.8577
24.1653
34.4858
24.4535
33.231
31.1919
21.7399
23.3273
24.6075
22.9092
22.2194
29.154
22.9644
24.801
22.0484
30.1345
24.236
29.2797
25.6571
36.9815
27.2338
26.3049
44.7395
25.9091
45.972
26.0909
39.7354
25.0228
23.8265
41.9578
25.8965
33.7274
22.2515
32.0958
23.9456
34.7551
26.6232
28.9893
19.9502
23.0009
26.0513
22.7011
23.3443
28.8907
19.394
20.6804
17.3578
18.3392
21.4068
17.8688
30.5588
20.6148
31.4541
21.9191
25.8788
23.5115
19.4866
21.2207
22.8356
20.8619
27.0664
21.1555
21.4958
25.6225
20.2176
25.1759
21.4484
23.7161
20.0303
20.5175
27.7806
21.6617
21.3709
20.5119
34.7264
22.7452
29.3415
19.9554
20.5065
23.1286
24.7882
21.7917
31.7308
26.2981
24.3434
23.5305
25.1806
25.6121
29.4062
20.1359
28.9106
21.9103
26.9271
20.0602
25.0479
20.3821
28.746
33.17
24.6756
32.0596
24.3992
20.2282
24.4334
24.5218
23.3944
24.7037
22.0701
33.4709
24.5232
35.6243
25.972
39.9351
26.5644
29.7798
24.7418
30.8934
34.4275
24.4647
29.6989
26.0372
26.8533
25.862
25.476
24.1908
24.4207
25.831
24.128
27.5676
27.0352
31.7295
22.3942
26.1832
25.0701
24.5543
22.7108
51.1429
26.9139
24.7635
40.5367
28.1129
22.635
22.1115
23.9543
22.9238
36.4961
30.9551
23.8518
22.4489
35.0657
24.9179
31.193
26.7659
23.4276
24.3697
25.6195
25.5431
24.4238
30.073
23.4393
22.9019
27.6077
23.1941
29.712
22.0931
29.44
20.9538
34.147
21.3033
23.3207
25.0619
21.7269
25.3378
27.5411
20.0242
34.2603
20.9189
25.5561
22.2459
32.74
22.3812
35.4278
23.2843
28.3985
20.0232
21.5269
20.9148
22.3907
26.9928
20.6296
33.9519
33.3132
21.4209
25.6404
19.6016
34.95
28.5255
35.1111
15.845
18.003
30.4034
38.2084
28.5937
22.9018
26.5424
19.4779
24.4985
18.8988
21.3242
29.8881
22.0772
21.8211
21.7209
20.3511
31.7522
30.7235
21.0657
22.2925
20.0496
27.483
18.9056
25.5689
23.1295
28.8465
20.8283
25.1535
21.4776
20.8858
29.4735
20.8781
26.5764
20.296
21.0384
26.0767
20.776
21.9657
20.0276
20.472
24.8719
19.1922
26.1378
21.3956
43.447
27.3684
24.9011
22.8769
33.3404
21.0594
21.5605
22.1717
31.3908
29.844
35.3807
22.7145
32.8906
24.5857
23.0123
34.9003
29.5913
27.4067
35.4979
21.5821
28.9745
20.1887
26.3799
21.4306
25.4086
20.3726
37.2674
18.5138
24.4714
19.2009
19.0259
22.4526
41.6083
22.8466
31.5743
24.4947
23.4286
22.4671
25.0599
31.6496
22.2901
33.2856
27.5235
26.5754
21.8098
34.5024
23.4713
23.7627
31.9669
23.4397
26.9803
22.4643
26.2615
22.3282
33.0202
21.8358
35.4057
27.4943
35.7557
23.4415
28.8965
27.2761
23.7365
23.5287
22.3724
21.1227
34.3282
28.5613
35.6705
24.1882
23.7501
24.6962
42.7862
26.9717
27.1157
26.0283
24.8673
25.513
35.9796
32.4956
23.4223
24.0096
23.9572
22.7188
22.7752
34.661
23.3366
38.4146
21.8482
22.3657
20.5357
24.3579
23.6431
23.6324
24.263
21.6608
23.1837
24.5773
15.1778
18.3138
24.719
20.9714
23.3966
19.7622
19.9327
22.9143
20.5189
25.8335
21.6498
32.7818
24.1792
24.4613
22.7246
27.2507
28.1446
22.6493
25.6262
28.7398
34.2385
20.5321
27.6211
32.6016
26.1946
22.3836
32.2423
33.3366
22.2714
26.3825
21.8014
24.0951
19.4063
32.6882
38.0563
23.4557
25.5041
32.037
22.518
21.7962
36.309
32.6958
26.6996
39.4324
24.1931
23.8405
22.5284
21.5529
26.6597
35.6111
28.0935
23.7725
33.0275
30.1254
21.9082
29.3655
23.1959
37.0512
30.9273
29.2828
23.0193
38.9924
22.3297
30.2351
22.9729
35.4864
24.3011
24.3153
22.5338
23.4426
21.0836
40.8096
24.3377
22.6771
21.9089
23.1038
22.5202
33.8414
24.7384
24.4395
26.384
20.5306
24.9792
24.183
34.7875
21.209
30.0008
21.6076
23.6616
21.2858
21.4071
19.6661
22.3932
32.531
20.6324
21.5999
21.096
30.8358
20.9557
21.5182
21.2587
21.4255
19.1818
32.1947
19.1063
26.4459
23.047
20.276
21.8699
23.1437
18.2121
23.2373
20.4764
22.3981
26.0352
20.8997
31.6829
19.5579
23.6361
27.7962
18.2032
20.6787
24.4064
31.5608
22.2125
33.1964
33.3286
19.3291
22.364
20.5333
21.4231
25.7241
27.9165
27.6579
19.8184
32.0494
23.4863
23.5065
22.0063
28.2756
21.43
18.8608
20.0023
20.3975
18.2653
20.446
18.8286
18.9162
31.6175
31.2954
16.5691
17.3357
25.4712
23.8128
20.5276
37.2166
21.4049
20.1204
27.4153
20.2146
19.5686
25.2824
29.2973
29.5395
23.457
21.4575
26.3842
27.2849
21.9083
36.3049
20.6624
19.1206
21.6943
21.4978
25.8325
20.8001
21.9621
20.9435
19.5833
38.699
24.261
28.8214
18.0293
21.5691
19.4835
22.3936
33.9106
23.0974
31.9194
32.7874
30.3534
31.3633
22.8064
24.9437
23.0658
26.6183
26.3745
24.8558
19.7903
19.6445
19.142
23.0331
18.4648
30.409
28.2393
23.6583
32.3668
20.6246
31.1715
23.8749
17.913
24.6443
20.5358
20.6872
34.7193
25.2659
20.1121
36.5404
35.1426
19.7333
25.3906
28.7247
23.2189
25.1201
28.6437
29.5417
23.0726
19.2984
36.8638
30.1197
18.4802
33.0146
17.7036
25.2281
23.2181
24.0836
18.8059
23.1669
19.812
18.9092
29.2178
18.5474
24.6543
18.4353
19.3804
27.7406
22.2678
18.757
31.7002
21.2568
19.127
30.4687
36.6949
22.7223
30.7045
20.104
21.57
27.8717
25.5087
19.5195
31.4466
21.6963
28.9439
24.0357
34.4059
22.5471
27.5694
33.3801
22.1116
24.7094
22.1457
34.6194
20.9943
24.1048
34.5573
23.3276
23.0701
38.7782
32.8926
37.028
20.6478
23.6006
31.6479
24.0979
22.5653
26.0249
41.2003
23.589
21.4367
24.9245
22.3736
29.5303
21.3737
23.2774
20.0613
21.5984
34.2458
27.8561
21.2404
26.0596
22.4094
32.1536
27.6635
27.6354
19.4071
16.8532
33.021
23.3349
26.1425
22.7153
26.757
22.4859
24.4383
27.8244
32.4633
31.7916
22.4117
45.2201
25.9703
34.9528
22.7247
26.4906
25.6288
23.0333
24.3324
29.1997
25.7568
24.0545
23.0231
33.2617
25.6644
24.9735
25.4167
30.2825
22.9994
24.5361
22.1283
29.2215
34.011
35.9523
31.3466
22.7471
25.3953
20.4299
31.6875
20.2684
35.7214
22.1603
37.0095
29.9272
18.8486
31.4463
20.5041
36.0928
22.2473
31.2043
21.8158
24.1884
21.3459
21.7412
21.2886
33.6464
30.2479
28.8821
20.7238
25.9746
24.2873
33.6175
24.6666
21.9889
34.1781
30.2367
20.4017
24.5678
19.2894
24.2648
19.6088
23.0377
20.852
34.0685
22.5151
31.2235
22.2195
23.2271
27.7868
22.0974
19.8475
27.1828
24.835
19.6376
30.0377
23.0959
21.6991
24.2687
31.4268
33.5406
22.9744
39.4265
34.4621
35.3753
26.4737
35.5386
23.764
32.9859
25.4061
20.6563
32.9004
28.7328
24.2406
22.3454
21.5169
21.5556
31.9031
27.5004
22.9869
23.2432
23.0029
35.2381
22.0008
29.2479
19.6373
45.555
23.8919
32.5523
23.4359
19.9213
20.6264
30.3839
22.3807
21.1713
25.7115
20.9705
21.5722
34.0878
24.2644
29.8094
26.5611
22.3165
31.9213
26.2904
24.4042
19.3255
25.6364
22.7588
22.0856
23.1295
21.9158
29.91
24.3717
26.417
24.8766
23.4189
20.4509
27.2956
24.5288
18.6156
17.9911
19.554
18.9142
21.3465
19.5839
19.6491
20.3203
24.7916
27.9398
21.5599
36.1176
24.0318
32.1423
21.6642
29.2326
19.9519
23.7033
20.3102
20.8209
26.4938
21.3667
31.604
23.7979
21.3781
29.3097
31.2114
22.6513
21.0666
21.1187
20.8015
26.8602
24.9136
23.6582
19.3299
36.1194
21.3529
21.6377
36.7453
22.1496
32.9742
21.2948
23.0149
19.653
22.5066
25.7666
40.9724
23.2943
23.1523
24.2697
27.3864
23.6387
24.6738
24.8951
23.1297
20.6327
30.344
19.7497
38.0973
22.6519
33.3012
25.589
23.6499
21.1743
24.534
22.3493
19.0086
22.2105
29.2539
18.4875
27.855
18.2181
21.5397
20.6311
18.7352
26.3166
20.9002
25.4769
18.8664
33.1063
29.0747
35.686
21.1719
29.792
20.2912
20.1923
32.5013
27.5325
35.3469
26.8139
20.6126
30.5747
20.1095
22.7871
22.0601
28.447
20.5546
35.5049
19.8172
22.6731
22.9371
21.6722
35.1533
22.9326
30.6535
18.7685
35.4863
27.0469
25.8719
18.8214
38.872
21.2362
34.8527
19.1525
20.73
29.3677
20.25
25.6231
24.127
21.0496
29.8098
18.1438
23.6253
21.3199
34.5161
26.4576
24.8104
25.8573
24.5283
35.6051
33.3851
41.6917
23.0814
26.4988
34.2483
22.8159
24.3415
21.9951
24.5406
43.0655
25.9401
29.5378
32.2271
22.533
35.7129
22.1376
22.7197
24.0749
34.2239
22.6742
23.4048
40.3687
21.4943
30.0019
18.7819
22.2581
32.882
30.1236
32.3752
23.0617
26.1633
32.3689
20.3594
38.3274
21.1349
29.6833
21.1721
35.6636
22.342
22.2342
40.6662
26.5659
33.105
21.3163
38.6424
22.0768
31.6646
22.4758
33.5014
21.6492
36.6699
25.6655
32.0677
25.2448
38.7946
23.6432
23.8972
32.2946
22.5599
22.5491
23.1815
20.3246
24.9985
21.4462
22.18
22.2746
34.1206
21.0873
30.5011
31.6675
29.1712
21.0606
22.9313
40.2764
23.5871
23.9633
39.9048
26.8534
21.2676
29.758
28.4355
21.6249
23.0837
23.2761
40.212
23.316
35.2792
40.8306
26.7187
23.5104
21.736
33.7851
33.1895
23.1692
22.7954
22.7248
29.5943
34.2363
23.3213
39.5377
28.9358
20.3424
25.867
21.7541
41.1436
25.1247
31.8869
23.2117
25.4854
24.3391
23.1436
39.0636
25.7594
25.6836
23.2032
26.8716
25.9263
33.2142
25.03
29.679
22.1144
34.3303
42.8311
23.5779
34.8218
23.7972
39.1189
36.3506
25.2393
22.8949
25.4224
23.2146
26.6183
28.8205
24.1108
29.0478
23.4085
27.7446
29.7902
28.7341
25.2567
33.7109
31.53
29.6571
31.0723
24.4799
26.0239
38.2333
40.6983
34.6218
25.7841
30.8593
32.9209
26.661
26.0114
37.3054
26.8969
26.0569
23.6971
38.1138
29.1225
29.2619
20.142
26.2225
24.4629
25.3159
32.4843
26.9026
27.2742
27.6938
26.4271
44.9231
23.8786
38.699
25.5738
26.6634
45.3679
31.846
35.5707
26.8163
26.9975
35.8316
27.5981
24.2
41.3848
29.7495
44.0892
23.6018
35.8745
43.4686
27.0229
32.2627
37.6592
29.9148
34.8243
34.4504
23.146
40.3167
35.1175
27.4603
28.4932
27.7201
30.6868
37.9121
25.9145
23.7998
36.3565
25.1497
36.5149
28.2928
30.3388
27.0092
26.7413
30.0397
24.1935
28.5152
30.6763
38.3205
29.5587
26.6012
32.7501
26.4344
28.4552
27.5159
40.6014
26.6831
32.2642
25.6996
36.5225
27.4442
31.7222
25.9262
34.2382
24.1612
26.7582
25.7111
24.6943
39.2565
26.5594
29.062
25.6366
28.5145
26.12
26.2415
27.6611
29.1584
24.5359
24.8742
29.106
27.9103
40.4897
29.6123
44.5515
28.5079
39.4296
37.1722
28.2079
26.3875
32.7634
25.6015
30.7383
42.071
25.986
38.4062
25.8317
24.7931
24.9994
32.9361
26.8819
29.9135
25.6832
30.1337
41.2066
39.339
36.2804
29.1633
37.7361
27.0106
42.957
36.9273
41.1817
31.2946
27.0268
40.6107
24.8559
25.0935
31.0318
39.4265
43.5398
28.2782
43.8238
29.9784
42.0592
26.9729
49.4625
28.6103
28.6868
29.2738
25.4088
33.3668
25.7721
21.4158
25.3097
43.3471
24.8374
28.9592
24.9268
26.0262
25.6021
34.149
24.8956
27.38
26.9602
35.022
34.26
35.9909
25.6088
27.3584
31.6785
26.2242
28.5267
24.3102
40.1297
36.6073
44.1728
26.5504
35.5595
25.7195
43.5771
26.7244
30.0573
29.6841
42.6389
29.0167
30.5059
38.3467
26.9382
24.8109
25.8245
24.9691
35.7645
24.0471
24.6181
38.097
31.3065
29.8852
23.2764
38.7095
24.2166
28.7834
27.1151
30.7748
39.1037
40.023
24.7843
37.3764
24.4974
42.9217
26.2037
41.7651
23.8891
48.603
24.3041
26.6875
22.1362
25.6681
27.3823
26.2499
25.4177
27.6015
23.8448
26.2834
23.2662
41.152
26.6642
25.2884
26.1729
24.3849
28.2152
22.5491
40.0863
22.9022
38.06
36.0865
22.5602
36.8878
22.5196
31.1705
31.1542
21.7169
27.1556
35.5826
23.5708
26.3327
21.5111
22.0796
34.8515
22.9423
30.4613
24.9378
23.9425
23.3141
27.7965
32.4732
31.1867
25.8339
38.3044
32.0053
22.9965
20.7762
31.4886
21.6095
24.3174
21.0158
24.9616
26.408
22.7124
32.2563
31.6952
22.5918
32.3297
20.6523
31.461
20.8292
33.6325
24.8812
23.7604
35.8151
22.4535
22.3927
25.4761
21.1262
22.6381
28.2396
21.6292
28.405
25.5755
32.7148
16.2206
37.1564
24.3293
31.3494
33.0417
23.2483
25.1707
22.9361
34.8242
25.8673
41.0095
37.6028
23.6914
22.5063
40.4459
22.9982
29.9886
21.8394
37.1853
39.4529
23.9654
37.7879
21.7411
28.2447
29.5129
24.0111
36.8236
22.7537
33.1522
24.8038
23.1382
29.3192
23.4345
33.8975
23.3184
19.3918
28.6987
28.0458
19.4295
26.5399
25.8384
16.4649
19.3754
17.6991
25.442
19.6836
18.6609
26.3268
25.8739
27.1886
16.9058
24.5451
20.6955
22.6197
18.9824
19.5469
19.6123
19.3643
22.5523
26.0263
19.9858
21.662
21.6844
31.3141
22.0069
24.4637
21.1103
23.6067
21.9309
26.3852
22.587
28.9724
32.7285
32.5721
21.9894
22.2788
25.5176
19.8419
15.9278
25.4405
17.1286
19.0947
16.5418
29.3817
24.3927
19.1589
27.317
20.9922
18.1456
25.5386
18.2626
16.8315
18.6032
26.2707
20.5637
18.7499
19.1587
18.2628
19.343
18.7056
19.5861
18.5575
27.0917
20.7527
20.9859
17.3069
19.8824
18.942
18.9896
15.3408
17.452
20.0019
26.7808
15.4211
18.3935
18.4447
21.0498
19.3921
21.3414
20.2711
20.5752
20.24
20.7008
21.3934
21.6288
28.7351
28.2457
20.2149
19.8855
17.3142
19.458
20.022
21.6085
19.4168
19.9032
28.4718
19.9658
21.6083
18.3598
20.0201
14.1614
23.7517
15.0752
16.6563
17.2435
26.8524
22.195
25.6553
22.5428
28.8238
16.4957
23.7505
30.1732
28.8688
17.7004
18.0303
21.8014
19.0287
25.7831
21.1286
29.2827
23.336
29.9159
20.5813
28.5225
20.5803
27.6469
26.7382
20.5665
31.0254
28.1489
23.8606
21.9568
23.294
20.4435
23.9338
24.935
20.8396
26.2421
19.9308
19.0693
16.1622
32.4426
19.8973
18.6079
17.9266
19.2095
19.0918
31.4996
18.754
32.0978
19.1356
17.8708
17.5606
18.3984
21.7287
19.6052
26.3268
18.5173
17.8425
16.8919
26.6269
20.3111
20.805
19.2173
21.5966
16.7093
17.1313
24.2732
17.4073
22.3068
20.46
28.4944
19.1242
24.5605
18.6657
16.036
17.4966
22.7179
17.7516
26.7779
23.8095
17.6313
22.2061
14.7942
24.4582
17.5027
23.3532
31.4359
29.0274
19.7665
21.5735
19.3929
18.1977
30.6555
19.2017
30.5998
19.1634
29.1581
22.4972
25.222
29.503
22.8672
27.0145
23.3678
30.7258
19.4572
18.4514
20.1976
16.2866
19.4668
18.1227
28.5196
18.4781
19.6074
17.5042
22.5406
19.9723
24.5892
28.8216
24.7496
28.9142
25.4142
30.6792
29.0051
20.1842
21.992
30.8965
25.3305
21.7559
26.0107
19.5729
30.3202
19.4628
18.4875
19.8688
20.1276
18.9634
22.5342
21.2494
23.6467
28.497
21.645
26.3401
22.5992
21.5216
28.6778
31.3267
28.1792
19.3685
32.098
22.9156
21.5618
21.4015
22.9374
28.9864
22.3102
22.1778
22.65
20.4488
24.5566
22.8624
28.0385
27.1452
24.0301
26.097
35.5867
22.876
21.0513
25.8888
21.1939
24.7983
20.5084
21.17
25.2432
20.7368
22.332
20.0741
22.1725
21.186
13.8409
19.7038
18.6092
27.7893
29.5323
31.7823
19.5588
28.5821
28.26
20.5061
25.6219
18.1404
20.8804
32.8191
20.4494
33.1681
19.2309
27.538
29.7802
19.9963
38.76
25.9744
31.424
22.8377
33.3175
23.4108
33.3742
26.4886
22.0527
22.3827
20.1595
21.8438
25.1721
21.5451
18.9363
27.1867
22.1532
22.2357
20.981
31.38
29.7787
18.2959
28.1134
19.9391
25.3915
22.5634
22.0097
21.6568
17.8779
28.1623
17.1777
22.2226
23.6125
27.6411
20.8162
17.4038
28.4774
23.3831
26.611
18.4785
27.0371
20.8723
22.197
19.3997
21.318
18.4828
20.5104
21.6601
34.9369
17.7822
19.1333
22.083
26.3308
20.0515
31.3319
21.0047
20.383
21.4799
22.6031
20.6482
20.4362
23.4018
30.6219
21.5116
24.6531
18.9952
24.2309
31.065
23.6558
20.8584
18.9107
18.5355
22.2412
21.6533
21.3245
16.5488
22.9062
22.9082
18.7285
31.5152
19.2151
26.3931
20.5817
22.3263
17.715
32.8207
20.2683
24.4542
19.5614
30.0881
20.1055
32.4675
20.9065
20.7549
22.4036
26.1067
28.8006
22.8755
20.5561
21.3192
34.0016
19.5265
16.6953
23.8949
17.0215
16.5157
17.1886
29.7638
28.0949
35.8043
25.1928
26.2767
23.6275
32.3412
25.8316
30.6151
18.0989
20.6253
16.9487
18.9726
26.496
23.1392
17.7434
19.8904
18.6772
25.1779
19.9
30.7063
22.9849
22.0128
20.5052
20.9465
15.155
17.382
17.7219
19.9314
18.1481
23.184
21.0232
24.3287
24.4344
21.0798
32.8452
23.0311
31.6652
29.971
22.3966
35.2437
22.1998
23.9329
29.2295
28.9012
20.9585
19.0314
17.1318
20.9684
21.7518
25.6909
30.4153
30.6957
20.9085
22.2498
38.1461
22.4469
34.929
21.6868
43.0228
34.6857
29.426
24.2667
29.5112
20.4945
31.7358
22.6771
25.5631
30.627
21.9765
29.6966
20.479
28.8079
19.2254
21.2853
25.2544
18.233
20.0699
28.715
21.2759
21.003
16.6572
29.1147
22.5589
37.2785
21.5599
27.7128
18.7968
24.2958
33.7785
27.7021
20.3625
34.5806
25.2236
27.337
20.3466
28.1691
19.1334
25.7645
29.6709
20.8363
28.8262
18.4224
33.1262
28.4381
18.4427
19.3365
17.8043
22.0249
30.0243
19.953
18.6855
35.2662
24.3951
18.2608
30.4009
20.4707
28.4806
19.408
24.522
23.9058
19.3797
21.7456
22.01
18.9134
23.1971
32.4816
29.2849
20.5732
32.0887
25.3232
33.9755
23.3379
21.1968
33.2872
21.8177
28.7322
30.0566
18.8924
20.1566
29.6266
31.0939
22.5869
21.6014
20.0064
19.3356
17.6679
21.6136
20.1676
20.7502
20.4204
34.3776
26.4008
29.7479
19.2343
28.4551
19.4453
26.3051
17.445
26.8864
19.5989
22.7526
22.913
28.973
19.0793
21.8342
17.4333
17.8777
18.6477
22.0897
16.3571
31.6049
18.5491
18.7935
29.1129
21.486
23.6689
19.6676
20.0264
25.3947
21.5194
19.1841
33.1014
19.8749
19.9903
33.8255
22.358
22.4674
27.9486
18.3105
20.5629
27.3942
16.6281
22.79
17.4603
17.4792
24.7584
19.6059
20.5803
28.8444
20.553
33.1678
21.5827
32.7706
23.0627
21.544
25.3893
18.5442
23.2065
28.3214
24.3164
32.7507
20.3441
21.2844
20.4047
19.9483
20.3698
29.4016
17.7666
31.5052
18.7855
20.9215
26.1772
23.5968
29.5763
18.6983
19.5729
17.8176
30.7907
26.4079
27.043
22.5636
20.5745
28.1433
19.8269
21.2352
22.0681
18.1394
22.427
15.9352
17.5774
18.7327
17.5372
15.8895
24.0939
23.2133
20.0894
29.0292
19.7589
22.135
21.4592
31.2578
23.3508
25.0539
25.8079
20.7499
19.5099
19.865
22.2478
19.32
29.9959
22.4885
26.3829
26.4563
21.8004
22.2303
16.9351
19.2457
20.6747
20.0848
19.7394
28.3847
16.1607
34.6253
18.3567
23.8586
19.138
26.772
25.1488
23.8371
26.1685
22.3104
32.847
20.1927
39.5486
22.6153
25.6728
22.2096
24.0901
21.86
23.9106
31.7551
25.9173
27.4631
21.4454
19.0563
27.1506
21.2675
16.8334
22.3972
18.6499
26.9417
20.5688
24.0482
18.6367
26.6873
29.7659
18.6558
26.3618
17.3597
29.949
20.5807
19.0133
20.2463
20.7566
21.1654
19.1293
19.3921
22.5865
18.6866
24.9015
18.367
20.8755
18.6957
29.1228
14.7278
32.0547
20.4544
24.9572
22.7794
27.8337
22.0085
24.4546
25.0469
19.5144
21.9631
22.1859
25.6837
23.7412
22.0365
23.1078
21.889
22.186
30.5571
19.1394
21.7869
22.3562
29.8596
30.5046
20.4471
28.0319
21.8536
20.9214
19.8718
16.5835
21.7055
19.2997
17.2959
22.3726
28.5489
25.6996
20.8055
31.2009
18.62
29.8337
28.2001
19.8276
19.4441
19.5609
20.6385
18.4381
20.3308
18.4627
32.0739
27.7115
18.7535
32.8325
21.8133
25.649
20.1636
19.3817
17.1696
19.4675
21.5592
20.5429
19.5656
30.0398
19.4963
21.676
19.4117
20.4341
26.722
19.1643
23.6908
18.4839
17.0809
28.3469
16.2571
25.1925
18.968
19.0729
18.7612
18.9489
30.6392
20.8228
26.4272
17.9592
20.5643
23.1585
24.5567
29.3173
18.0587
18.928
22.0375
18.7433
23.7267
20.1442
23.5688
23.1608
29.6535
19.3618
28.0129
25.5469
26.025
20.5331
19.7697
25.0459
23.1469
26.1907
22.2282
24.082
22.7864
26.2812
28.9579
22.9999
19.3838
32.0028
23.1192
23.9834
20.582
31.4874
19.5694
20.0969
23.0325
30.191
21.6373
21.2676
20.4085
25.5097
21.8417
17.3749
29.8691
28.3815
19.7161
20.3216
18.6405
23.3924
20.2446
25.7453
36.708
24.6617
20.8773
20.502
18.8188
19.018
17.9053
30.099
26.3452
19.9822
21.0207
20.5027
26.0725
19.3685
20.6621
20.2327
27.344
20.4866
29.5667
25.9072
19.0539
17.7356
19.3198
20.9678
29.5306
18.5189
23.2054
31.6894
36.5896
22.8251
31.8954
19.3455
22.0301
24.5123
18.1338
27.8112
18.3981
18.2343
22.9916
24.3977
28.7791
31.0119
21.3049
30.0489
33.9172
21.8314
29.3851
19.5931
24.2334
32.1266
28.5483
31.774
19.6045
32.0217
21.9811
26.8486
28.0657
35.7363
31.5369
21.2963
19.6344
33.5382
31.8289
34.1469
24.1725
19.7013
31.4247
19.7601
19.6355
20.0653
22.5572
32.8619
35.1983
24.5935
26.2622
20.3296
31.4897
25.2224
24.2855
34.1992
18.4939
21.6813
21.2379
20.3859
19.4228
34.0167
19.7268
20.0072
19.4941
30.22
20.0981
18.7411
20.7127
24.2335
19.9722
29.8396
19.6108
24.3422
27.8985
24.6516
25.6256
19.8052
25.8074
21.0786
26.7407
21.5478
21.8657
19.3694
23.6525
21.5138
19.1081
25.7699
24.3605
29.5942
22.8965
18.4063
24.9166
18.6852
27.2785
22.9696
21.521
30.2801
21.2118
22.5094
29.8165
19.6598
19.4549
18.8819
19.3122
22.1699
25.0382
28.2708
18.6269
21.184
18.4838
22.6351
25.0779
20.0985
22.9087
24.6856
20.9924
24.2709
20.8282
21.6721
23.8902
21.3346
35.7436
21.7324
20.6297
20.2138
19.7087
24.206
18.5857
19.0485
35.08
22.3244
19.5461
31.5377
19.5728
19.9904
23.8107
21.6498
18.1904
29.3488
23.9946
25.5268
28.074
34.0325
19.7451
38.457
24.3636
21.266
19.0286
24.6442
15.6372
15.6335
17.8177
27.0879
18.7979
24.6732
28.4224
28.7678
21.9657
21.315
31.7616
26.8281
23.7874
17.9015
21.1239
19.9417
16.4534
27.6218
17.3264
29.5797
19.0333
30.0896
22.2181
27.7932
24.2305
20.8418
21.0205
20.7889
21.2198
20.5424
21.1059
31.3284
19.6945
31.5838
22.8665
24.2859
21.8925
20.5833
27.7541
21.0993
24.1941
27.8627
18.7704
30.1243
27.259
34.7299
25.971
27.204
18.5612
18.6044
24.6849
25.9027
19.3772
28.5952
21.6197
21.0674
27.7621
19.5296
28.8908
20.8941
27.2113
29.5956
19.1939
32.1346
29.588
19.6056
17.5029
28.8971
24.2972
17.5519
18.9712
17.5313
17.6422
19.4949
21.6341
27.7808
26.7891
29.6195
20.3585
19.6903
19.8873
20.8183
29.9345
18.8076
34.2767
23.0398
30.0788
19.471