46.7255
42.7658
45.4767
38.2978
40.4243
35.2407
51.1602
42.3533
38.0045
35.6921
59.425
43.2162
40.9014
52.4075
50.3265
49.6315
33.5492
33.8304
38.0266
35.5936
47.1537
44.2613
59.9106
35.984
51.396
48.5291
42.7336
32.8362
38.0387
39.5239
46.2298
42.2254
30.9558
36.9352
38.4876
37.075
51.4065
40.7866
36.4873
33.9888
35.6214
43.5345
51.4615
43.018
40.5121
41.3063
39.1965
36.2997
41.3077
38.6997
38.7238
43.4872
50.1393
32.0011
36.7188
30.9055
38.8683
34.2981
42.5494
56.0833
46.3111
44.7966
45.0313
38.1938
30.8263
33.9852
35.8919
43.9105
40.5282
41.4732
45.2204
34.4287
48.1358
39.517
57.8444
44.0002
42.4015
45.2507
40.4037
50.4817
51.8628
37.0925
34.8034
41.0305
46.991
33.0053
46.4007
33.278
32.8145
32.1407
42.2693
38.1977
43.3775
32.285
58.4683
66.0123
52.541
31.8168
32.1761
44.7667
41.0201
44.612
42.7773
30.0702
48.1059
40.9748
43.367
45.4886
41.8609
41.2124
31.7284
40.7844
53.9931
53.1246
37.2583
29.6733
42.6841
32.0404
33.453
43.9562
43.4138
42.5243
44.9201
39.5468
33.7541
29.6599
40.8922
45.3327
44.4129
44.6487
39.5385
51.7208
36.8886
33.6407
45.2446
46.9989
31.4266
29.3016
45.821
37.0537
40.9858
30.696
43.2004
32.6392
43.3978
46.7925
37.9981
33.8318
37.647
35.7503
41.8052
42.5555
35.5553
36.4466
39.2182
39.2145
45.9453
36.4989
46.1779
30.0185
41.3415
40.6719
46.3966
38.6589
41.5371
35.45
45.4286
44.1746
43.8316
33.8787
43.6402
37.4156
39.613
29.7025
44.2036
44.8366
51.4442
46.6031
36.2939
31.7352
41.8981
47.8228
50.137
40.7016
36.1348
33.878
34.4187
36.848
50.225
36.882
58.7327
47.7804
37.3004
30.4736
38.9759
40.098
45.6278
47.089
40.8448
43.8534
45.8564
40.1406
42.3715
31.4162
33.0149
43.5624
43.198
31.9421
40.1885
31.1461
44.7636
43.5662
35.6765
43.8647
49.4628
47.6337
38.1573
31.954
32.701
33.0984
42.8295
29.7677
43.4092
36.0079
57.2559
29.3521
33.1537
35.6711
35.1985
42.633
41.9311
41.8274
37.9751
31.101
46.2257
38.204
46.5995
35.3095
34.1174
32.6492
36.5716
34.8525
42.1556
38.1573
29.9214
34.7671
48.313
42.494
47.9071
35.4282
42.2447
35.09
54.2205
40.3952
40.9574
40.2546
37.2194
43.1379
59.0492
42.1194
34.5486
36.8225
34.3389
32.3229
39.9304
36.3921
36.2189
40.0069
43.0629
27.8049
38.2395
37.9679
35.2937
29.7987
47.7542
31.4422
35.0103
36.6425
32.4422
34.4159
31.1281
35.7285
41.2633
39.6574
44.8551
35.1757
36.6884
28.861
30.2458
44.8694
37.7311
26.0892
23.6127
35.3377
39.0232
31.2171
36.6505
37.5773
43.3597
30.3086
47.9708
27.2078
40.456
35.7727
41.8509
32.0916
41.0852
32.7726
41.1985
29.3516
30.2828
34.2432
33.3686
30.5416
29.0529
39.985
37.8979
36.9242
45.0368
34.381
46.6603
25.3587
42.3245
41.7773
44.7297
43.3233
41.5448
32.9019
33.5023
52.3571
44.7558
42.1648
31.6241
41.4708
38.1247
32.1032
39.3568
51.5068
43.5128
28.245
31.041
30.3112
33.1509
50.3142
37.0182
37.413
42.812
37.085
43.4262
36.8685
33.6843
30.0546
54.669
51.7682
50.3495
42.6242
42.9582
39.2877
40.5912
38.5489
34.8349
40.1104
34.4885
35.1593
39.5969
34.09
31.9743
33.4583
38.1663
34.2133
37.2006
28.077
39.9282
27.9704
41.0736
25.5938
33.4169
40.6667
45.8822
32.6628
34.4432
30.9031
36.336
29.7931
46.4368
39.3576
30.9525
32.7065
29.259
38.5576
37.7529
35.3004
29.5709
31.8746
33.8346
49.1069
33.7419
32.9643
31.1157
28.4619
46.3669
39.7046
41.9781
50.4503
33.5851
39.474
41.9074
34.4459
29.3289
48.5556
39.1278
47.3957
28.41
26.1243
38.0244
39.9301
41.6201
29.0611
40.3189
54.5441
40.0415
38.526
41.465
27.6594
34.4209
33.4933
34.9246
39.3923
38.346
29.0525
43.3277
33.8738
34.8102
31.7936
44.5059
37.7889
40.7031
33.9144
43.7343
25.9978
29.5535
41.7812
47.6074
32.0857
34.3719
39.5753
44.4613
27.852
48.4823
36.2267
38.4721
32.488
40.1065
45.9396
44.5652
36.0157
34.091
47.2764
47.6093
31.6939
32.5866
32.5795
44.9128
33.3796
47.1792
38.643
48.5452
49.0628
41.5416
41.4434
45.9658
31.2654
39.3026
37.4029
43.4306
33.252
41.3504
47.2391
33.2911
45.4147
46.5847
47.9385
36.6898
35.4743
36.5289
50.9946
40.3328
36.0633
39.6611
32.5679
32.3984
33.0333
33.431
46.5011
43.6098
39.0817
36.8541
33.6582
38.0446
33.9282
40.5213
40.4325
46.2946
31.8421
35.6386
30.2812
43.649
34.569
46.1717
37.8796
44.6013
40.1456
44.6972
36.8846
46.7973
36.1777
35.4427
41.519
39.8538
31.0203
35.5505
35.2385
44.2738
29.2365
36.6669
41.3317
36.8557
41.1488
42.7798
40.5045
45.1038
42.9797
46.1808
51.391
34.2572
31.7514
54.3172
29.8469
34.7139
31.7194
42.0813
50.5456
34.7353
35.2969
38.582
37.3307
43.9294
38.0456
43.8713
40.573
44.0597
39.4286
39.6527
42.7889
41.8962
34.8877
51.057
47.5013
42.8155
47.6699
47.3202
33.6732
45.8435
45.0635
39.3029
44.7893
52.9675
37.587
41.925
36.1402
40.6456
33.0834
51.5286
37.412
56.5337
31.2276
33.1874
33.3105
45.4829
37.7852
40.5697
34.5005
44.9917
37.2504
44.831
31.6732
40.3035
55.0366
44.8312
39.261
48.1698
45.501
50.8567
43.0353
49.1667
32.1822
36.4594
30.6133
47.0046
35.7761
48.2975
31.2786
48.349
46.2031
33.7862
29.7545
45.1941
34.0424
47.6055
47.9757
41.2727
32.6753
38.8349
46.5205
34.4491
38.6014
35.6322
34.8118
36.9459
50.1458
39.6894
42.9884
47.243
48.956
45.2271
37.2824
48.5241
30.9722
34.1311
47.4655
44.8998
40.2773
50.208
35.3828
50.7591
62.4859
47.6413
49.5347
59.5665
49.3031
47.1861
41.6975
53.0768
41.8329
53.846
33.2013
39.4266
37.5818
35.7939
31.7509
40.6122
47.031
34.1566
38.4248
49.5478
37.7838
40.2961
32.4015
42.0087
34.7802
39.0352
29.9715
42.0319
48.3398
45.769
34.4408
47.482
44.014
45.3052
35.132
44.354
46.4168
43.2152
45.3383
39.7632
33.4503
38.6316
38.9836
31.9431
32.2851
33.2607
41.6169
37.575
41.5229
41.9075
31.0695
47.3277
30.0995
45.2555
43.3719
40.3208
31.8415
35.992
34.9653
43.996
41.6993
36.1337
37.0361
42.154
30.7288
43.3745
32.1894
51.5661
38.2169
41.245
40.6771
49.982
42.24
45.0306
40.1322
47.5911
38.5809
54.322
34.4141
43.262
31.4303
32.9224
40.8192
34.5737
43.7462
40.9783
42.9533
59.875
29.4494
38.0851
40.0795
36.1877
55.9971
47.9261
34.5335
42.8832
42.6048
34.8928
36.5562
40.6135
39.2049
42.3705
44.546
43.0591
34.1798
42.7369
35.6141
34.8
37.1923
42.5481
41.3973
36.517
34.6467
42.443
50.0029
42.4339
37.9471
42.4858
32.6577
33.8354
44.4952
30.6429
32.2503
36.6257
36.2173
41.7083
41.5276
42.9821
38.069
36.2247
41.6868
36.8338
42.9303
50.3928
42.0985
39.9482
35.8179
51.4032
40.2113
31.8922
29.6197
45.5205
41.6628
38.0808
36.0395
44.7492
36.9969
40.2399
40.7847
40.224
30.6651
34.2518
36.248
46.5708
23.7109
34.6297
36.8554
35.8385
29.3382
29.3052
26.6349
32.0093
31.3277
34.0501
32.0883
37.6892
47.4383
37.134
30.9265
32.8634
36.4481
41.8307
37.1362
27.5032
24.4294
28.2964
31.1962
41.6531
27.5469
37.0459
33.2982
45.1245
26.7618
32.5864
25.077
38.3544
43.0424
34.6433
29.8379
38.9796
44.6729
40.0993
40.2478
35.4421
34.7657
32.0402
36.7572
45.2317
38.2126
33.3364
36.0676
43.5048
40.4007
35.3405
28.4938
31.5655
38.6687
40.1087
31.4547
32.7433
32.1726
42.9102
41.85
38.1869
32.6139
40.9039
51.9092
31.4373
56.9762
41.1113
41.6797
43.1904
38.0831
39.787
35.9497
47.345
41.9455
43.4334
41.317
48.0848
53.8084
47.2473
37.9471
57.3817
46.1598
47.9568
30.7743
39.4007
56.0873
43.6706
39.4916
34.6932
37.2582
38.0924
41.7977
62.3036
51.0128
45.3324
49.9046
47.4244
37.6856
35.1039
37.7213
47.8817
36.7864
52.2655
31.002
38.935
32.8122
48.7942
30.4815
51.2595
43.9493
45.6683
40.0173
54.9034
41.9936
34.9217
35.8246
40.5963
40.8402
58.0801
39.7549
43.0934
35.3682
42.5424
33.596
49.2823
37.3005
41.1437
33.1531
44.5606
35.2333
46.7993
33.0904
39.7169
39.2605
43.0629
41.1733
46.9272
38.2246
40.3187
31.1549
34.9453
41.5466
40.9679
39.1601
45.6412
35.5858
43.3517
46.0437
40.0208
39.9888
41.4619
32.9256
47.8569
39.4211
45.6581
41.3439
33.8356
36.3051
33.1945
48.2125
56.9737
62.2867
46.7419
44.6683
44.117
42.9906
42.946
35.1819
45.5915
34.8197
60.3767
44.6308
46.9427
35.459
49.1601
55.474
43.539
51.3796
37.0146
38.541
63.991
37.5246
43.6866
29.9244
42.9725
33.7376
47.5188
28.0997
41.4759
38.3647
32.5786
37.734
28.3643
36.9935
33.4322
31.8407
34.7432
43.8894
39.1348
31.7853
42.7343
33.0325
42.7839
48.0893
32.7393
37.9672
44.908
52.0765
45.728
37.9925
35.5369
43.4097
33.0766
32.4256
40.3792
36.9474
37.0183
32.0627
37.5456
34.7507
42.8695
37.1043
33.1473
32.9714
37.9341
43.4597
54.0218
40.7723
40.9346
37.667
34.014
52.7915
46.2135
32.8363
48.4711
48.6001
30.7376
32.5835
43.6594
33.0098
40.3933
47.2623
39.9312
39.2374
50.7405
38.8498
41.5526
39.3026
41.2026
39.4739
44.2374
39.8487
43.2433
39.9419
38.2225
48.3708
41.0183
40.3346
45.4384
38.7342
46.4255
35.4019
37.9876
39.1463
39.5109
37.6399
33.7826
36.9795
47.978
41.3056
41.4652
29.4612
33.3245
33.1204
30.61
29.6845
28.5855
36.1794
34.6902
30.342
37.6997
41.1065
37.5096
39.9801
38.0693
43.6469
44.4298
37.4198
44.628
41.1547
29.3882
30.6715
38.6572
46.002
45.1637
39.4476
47.3886
38.7756
46.9482
35.4826
39.5586
29.0336
41.9404
35.1679
34.2058
42.039
37.8215
32.138
32.2711
34.194
45.2691
35.414
40.3711
29.8049
42.617
36.8075
37.9564
28.7094
35.5827
49.5881
43.2527
30.927
34.0608
32.0117
39.025
38.3887
42.4643
33.8309
37.842
36.119
36.7311
27.9978
36.9919
24.4743
42.1311
29.7699
33.4969
38.5354
43.6088
34.1242
39.2447
37.4799
41.3055
36.0001
40.3385
33.1194
36.2445
34.8095
38.9137
37.7319
32.9898
35.7302
40.7604
30.0899
34.4478
38.7688
35.9235
41.6603
32.2862
39.0357
31.7668
39.1046
47.0151
30.438
47.222
29.7578
32.6318
41.725
34.4124
29.4952
50.055
37.3263
40.6717
30.395
36.7258
40.3373
38.8832
38.687
42.8126
42.0668
45.2722
45.7966
43.5713
29.0485
41.4839
47.7669
47.1153
35.2581
46.4105
35.0489
38.2259
39.877
37.9775
33.523
54.1114
39.73
47.041
44.0088
44.5307
28.0373
44.5157
31.986
36.1565
31.785
31.9616
37.416
45.7614
56.821
38.5207
29.9982
37.8853
32.5548
39.8326
40.2877
32.653
53.1681
38.9071
33.2731
37.545
38.4946
41.4998
29.0728
40.5002
42.101
42.5439
31.0003
35.1582
35.5645
42.3835
40.1718
44.0588
38.4769
45.279
38.573
40.6065
35.5764
38.6171
29.9059
30.7305
33.5063
31.9853
41.4875
32.7414
32.1519
42.568
38.5679
42.3928
30.9437
38.3393
36.6858
42.6138
42.4132
37.0834
46.4142
40.8305
35.2048
42.2827
38.5773
34.2982
46.0997
46.8548
48.8064
38.9805
35.5227
51.225
29.6233
41.2293
45.4605
41.3452
39.2274
47.8839
38.0968
42.9375
42.6435
36.7521
32.2883
30.7137
46.0838
43.1009
45.683
29.6171
28.6006
47.9285
38.1686
35.2082
46.1648
32.1754
38.9868
38.0003
42.6645
43.3032
51.3146
30.4376
42.4893
48.7317
32.1055
31.8511
39.4755
35.5036
42.4072
34.6774
27.9933
34.1696
42.3556
40.1712
37.5777
36.6489
31.1963
37.3092
34.6602
38.514
34.8463
40.6229
35.9544
41.8915
39.3131
42.7806
31.4973
33.1879
32.6343
42.132
27.5404
37.6898
29.8744
40.0371
26.9181
35.1969
34.5935
46.4949
36.2779
43.8314
29.7974
33.338
33.1747
34.9709
33.4267
34.5244
46.7662
41.2454
34.9854
30.5856
28.9527
48.3075
48.3302
27.2992
28.4641
34.8176
26.182
47.1668
39.7835
34.6101
37.4638
25.9844
34.8662
39.526
35.1341
39.0615
31.0601
28.9906
38.2613
43.8737
34.6443
31.8144
40.0807
40.0077
58.9614
45.0601
35.5173
42.3485
29.8213
27.0241
38.4428
35.7991
35.4434
50.181
34.5977
39.0457
34.8771
40.8529
31.8298
41.8054
41.0145
32.8659
36.8878
40.1059
30.1474
42.4651
37.1918
32.1897
39.8561
36.8726
37.2766
41.1233
42.6582
55.174
35.9299
45.0518
32.0203
44.1724
35.275
33.7952
33.9248
42.2331
28.4668
43.5602
35.1536
37.7083
35.0243
36.5392
31.6727
36.1017
32.3639
44.8658
31.0099
33.4138
34.9271
33.7256
29.5196
49.749
39.1486
45.1776
32.2446
44.566
33.4388
33.3969
48.7797
44.6421
37.962
41.0323
51.3612
32.4995
30.6458
40.2644
27.7467
40.1691
36.3716
40.5067
37.1562
44.0399
37.651
41.0052
38.7575
39.29
37.944
40.2829
41.0621
47.9425
35.6957
33.2634
36.0421
41.4596
28.7681
46.8033
33.9737
49.2667
46.0886
33.5651
32.5252
39.7979
35.6512
47.331
31.4957
30.3528
27.6094
40.0483
37.3074
45.2553
35.0171
37.1306
44.6521
32.3862
34.5289
31.6138
30.6786
38.1926
42.4474
42.8165
39.8571
38.5258
35.3193
43.7403
30.88
40.7353
26.376
37.4671
36.7927
40.7711
45.9033
42.8781
30.601
35.377
36.4925
40.3058
35.2793
30.2422
36.4359
43.0643
32.2945
49.3966
30.143
30.4909
38.0073
39.5199
39.7329
49.9607
46.3544
47.3626
29.2073
33.9432
31.9501
47.1837
50.3166
56.8388
45.4128
37.71
27.0949
40.4461
41.028
42.2432
34.358
38.0112
34.0155
30.32
40.1442
37.1301
30.5538
31.0902
34.2324
50.7803
35.05
32.2744
44.0257
32.8441
38.3166
33.3414
34.9715
46.0784
44.2287
29.5734
43.551
44.4669
37.2711
40.7653
27.3661
46.7422
32.1829
40.1636
29.2078
38.7911
39.2737
51.5759
37.5513
50.2253
41.4354
36.2928
38.5193
48.2392
49.8135
35.9372
41.6192
31.9603
35.76
43.5835
28.4611
41.9941
35.3112
40.2191
33.7552
32.6084
40.2434
36.5409
37.9675
41.744
27.607
36.4981
38.4484
51.5493
33.2513
37.0282
31.3511
48.5743
31.254
38.4261
45.2095
44.6041
39.4414
46.2653
31.4555
39.9062
37.8571
42.7985
34.9678
49.1525
35.5252
47.1395
37.0745
38.7057
33.3746
40.4737
39.5892
34.2554
33.5161
39.5218
43.3565
46.5919
34.7476
45.8916
36.773
35.5452
38.2364
45.045
37.9033
33.8763
51.9644
48.8589
47.6955
31.667
37.8223
44.5349
42.6803
30.8991
38.3627
46.4752
41.575
41.3911
34.6516
49.5559
35.7954
37.2423
31.4694
45.1344
43.1435
38.4106
44.1645
39.6101
30.7406
39.238
35.9807
35.45
32.3256
44.9778
31.7346
44.9677
55.4849
45.573
43.926
46.9972
42.5632
39.3679
33.5278
35.9371
30.9319
43.2248
38.7166
32.8972
35.0586
37.2222
31.4504
35.5897
33.1181
41.6488
32.4986
44.1031
30.6817
38.1499
30.713
37.2393
43.0035
51.1415
52.3768
50.1633
34.6006
42.8941
29.1452
43.3745
43.8009
39.627
31.9778
51.1065
38.3771
45.8484
32.1827
40.1542
32.5335
35.6708
43.2054
36.009
36.4663
39.4637
37.3032
38.4141
42.1162
38.0173
32.8039
39.8645
40.7929
41.3235
39.3385
36.4816
32.6793
30.536
28.7726
28.6673
35.13
34.7817
31.4285
34.5437
30.4402
38.1954
30.5348
37.3581
39.8007
38.1434
37.0951
40.9251
28.9282
29.0027
38.8879
41.055
31.2247
42.0631
41.6498
42.33
36.7447
41.8321
25.8162
38.0604
37.1842
34.9683
39.8175
45.7344
27.6145
26.816
35.7082
34.5418
32.9997
43.6722
31.4175
45.8171
43.7294
37.5607
32.6396
41.8193
43.7394
41.2821
30.9665
32.9302
35.6527
30.502
32.8679
35.8169
29.2709
41.2166
31.9523
36.323
30.7505
49.3825
32.7955
35.443
44.6791
33.8887
39.3388
38.4261
46.3272
38.7914
38.2323
47.5018
32.5561
46.1598
38.0183
34.741
31.7516
39.0586
38.0765
39.056
45.326
38.5236
33.793
45.699
37.9987
27.1294
29.645
43.5095
38.4319
37.6564
39.1633
36.0381
40.0805
52.5209
27.3531
38.2885
38.8092
44.6247
28.2995
24.4785
39.5956
41.4894
31.883
35.5727
35.6526
35.4149
33.9917
37.1361
27.1567
36.4551
53.2097
35.9817
31.396
47.9751
33.0309
45.7397
36.9246
39.6173
38.2199
39.0036
44.9587
39.0781
36.4306
41.4274
33.2921
47.9905
42.9697
34.6884
36.8571
45.4747
35.623
38.5136
33.5154
47.8363
39.2392
32.8861
34.5516
38.841
32.8351
31.4193
27.9175
42.3945
27.1418
45.4634
34.5575
38.4421
31.4083
31.7138
26.5041
41.2612
39.0799
40.6547
35.2557
36.9824
29.3826
38.2729
37.3114
44.4546
37.2468
44.2389
35.3345
32.9806
53.0187
37.2585
37.0529
39.6381
40.2572
41.9759
38.444
42.7649
38.2255
45.2389
27.5952
47.0024
29.4765
43.0361
35.0547
35.0127
30.8298
42.6858
43.0737
40.6961
34.3454
44.3332
31.7861
39.1261
42.3778
33.5631
40.4925
40.2623
29.1214
44.2981
40.9762
50.4387
42.3735
50.7365
51.0109
29.7556
35.799
39.6865
43.7508
42.2752
43.9402
36.2082
33.6482
37.8957
34.213
34.6214
38.0226
39.3774
39.1725
34.8252
35.1279
48.0779
39.3522
47.7495
50.1584
49.8687
30.3485
39.1065
36.0026
38.1237
41.0523
41.4254
37.8583
38.7225
36.2081
31.2757
38.3801
34.0381
46.0436
33.0254
41.1798
36.9006
45.7648
30.7819
50.0925
28.4699
34.5435
41.1578
35.5612
38.0741
42.5886
39.8364
36.2645
39.2945
34.6192
43.5347
35.0474
38.0632
31.7815
33.4148
42.3934
34.672
33.5021
43.358
31.5498
41.5283
31.7038
39.8278
35.2166
42.3805
37.0839
36.5281
40.0154
46.3518
30.1504
40.853
33.0721
39.818
36.2112
37.6038
37.9667
36.5114
47.6283
46.0974
31.7101
27.3852
28.1619
43.9859
31.0422
37.768
32.4231
40.5745
32.4703
42.0851
27.8008
38.067
41.8216
39.5982
41.3581
40.5434
29.6643
32.1329
39.0334
39.9287
27.8179
33.0107
29.1975
36.2318
42.1013
33.1191
26.2574
35.7062
26.436
38.4835
42.9052
32.4164
40.9433
33.7801
43.2235
37.8934
25.8271
34.1536
33.2323
40.8049
32.9321
37.5173
30.9876
31.1205
26.2641
42.8753
37.8932
34.141
33.7017
42.0029
30.1273
30.2283
32.747
44.2451
32.1314
39.5281
28.2541
33.6276
29.7023
42.2788
34.9221
37.0053
31.3501
31.8049
32.0705
41.0521
34.8302
42.9366
26.2567
29.9942
29.6887
42.0318
37.1451
39.3327
46.9653
36.9045
33.8164
26.7828
30.9462
37.9021
39.2401
32.0244
32.7205
37.736
33.5009
29.3791
35.3459
35.2913
34.0932
35.3838
27.3018
42.9161
27.5041
32.4517
39.8438
40.4194
36.9185
34.2403
33.1325
46.62
40.3838
34.1373
25.5159
30.3893
39.3103
37.9899
36.995
34.1264
27.9542
46.7615
42.1698
28.326
32.4514
32.083
46.3544
41.7411
36.8784
38.2949
33.3144
40.0461
29.6788
47.2788
38.6594
40.6758
36.381
41.3083
31.5224
42.3321
32.7754
36.2741
34.0192
31.3414
33.4025
39.8478
36.3469
36.1981
27.3633
41.1054
40.7913
35.4443
29.163
33.507
44.3049
33.9685
28.0407
29.7964
48.289
46.6723
36.9925
27.6315
37.561
38.5278
32.0311
40.2449
30.7617
43.8143
30.5601
40.0506
35.4256
42.5719
42.1782
41.0622
37.8035
42.0177
37.4465
44.4726
41.1645
38.1479
36.5119
43.8627
31.1116
31.7173
35.5788
47.9884
44.5401
40.342
30.3264
34.8886
38.992
31.7308
41.5441
33.5816
33.0541
40.949
42.1848
38.4837
34.6004
43.8437
29.9951
31.0912
35.9821
28.242
40.7231
39.6684
37.9417
40.1408
41.517
30.3816
35.3068
28.6484
52.2266
43.1272
43.3853
39.1493
30.5392
35.4584
45.7751
37.6298
33.6579
34.064
38.821
30.6881
33.1906
34.5276
41.2245
44.1374
42.6333
42.7876
37.209
37.7977
34.6954
37.163
44.1593
45.1178
44.3648
46.5018
30.8469
39.3587
40.4994
43.5417
40.5806
40.6843
32.8279
37.9466
34.0566
32.4612
39.839
40.6688
33.738
47.9529
38.0537
61.7363
30.7405
30.0943
29.687
52.9757
38.3878
41.1444
33.2707
39.2119
34.7582
32.3682
51.6254
38.8147
36.939
37.539
41.5429
31.6723
36.6534
32.7918
35.9336
36.0328
30.4063
40.4912
32.367
43.68
39.5231
29.739
40.8057
41.3135
41.7947
44.5762
42.884
37.3761
31.9593
42.4437
40.0939
45.293
39.1049
34.6122
36.4738
33.0285
29.5998
43.1555
41.9168
49.8875
36.9674
38.0154
30.1681
41.7778
36.2355
41.7304
27.5662
43.1109
34.9375
40.4071
36.3638
44.3543
27.4804
46.5367
34.7235
37.8852
34.1352
31.3254
30.0257
35.1506
43.2501
40.7494
35.574
38.8185
32.6452
39.7947
33.4586
41.3004
38.9207
40.5761
30.1742
37.9687
30.648
41.4266
37.4332
34.6055
30.9701
40.3566
31.8747
25.5308
37.6974
38.3532
32.2695
37.1372
34.6078
35.6166
28.452
35.5805
28.647
34.8281
39.3666
42.6534
30.9159
31.6601
42.6976
40.1324
41.3962
40.3258
41.1783
41.6787
33.7906
29.4353
34.8647
34.6942
28.6792
40.5436
44.747
41.2502
41.626
37.2002
50.6972
43.6559
31.712
38.0839
37.3378
44.1175
39.1015
43.679
29.3314
36.5222
34.4562
39.0496
38.7509
29.612
30.3253
54.7004
37.3714
42.1509
31.5969
35.3156
26.9044
37.9464
40.4697
54.3558
34.7633
28.5326
39.6664
39.7542
27.2648
44.6361
48.7673
41.0653
42.1405
23.6027
28.9707
46.7211
39.5509
37.7074
36.2049
37.5515
42.8911
36.6903
40.5819
32.989
29.2524
33.5248
32.5935
41.2773
37.1838
41.4787
29.7372
42.2324
35.4748
25.914
39.5131
37.3291
42.4108
37.2872
31.8232
36.352
35.0856
33.7945
36.5476
33.5402
38.7208
48.2122
37.9767
45.4609
33.5806
41.2613
31.7218
34.8978
27.7538
35.6093
30.382
39.724
36.5966
36.0655
36.2441
28.8967
32.1038
49.4975
31.0957
43.3615
31.6965
37.3492
31.771
39.2546
29.0633
38.8392
34.3765
32.9887
37.2339
31.5939
35.5407
37.3555
34.4093
41.0997
35.422
36.0206
51.7013
33.2392
37.4414
31.5836
47.4728
41.123
45.1996
31.0767
48.4375
32.6283
36.9987
38.2653
32.1596
42.1496
33.0033
39.5407
32.9925
33.1016
31.3706
38.1672
38.2884
37.7194
24.7488
26.4878
31.2869
34.6957
33.8348
49.6116
44.4154
43.6869
33.4183
30.8815
37.2472
34.6008
34.4283
42.0502
37.2952
39.6787
30.2466
46.0794
37.1838
30.346
32.2208
46.401
29.3676
44.5151
24.9727
40.1998
36.5912
31.0622
30.7941
41.2045
34.0477
42.1298
39.6951
48.7859
28.1986
30.5379
40.5041
44.2877
28.2986
26.9489
45.8494
38.4964
27.7512
45.4223
31.6388
27.0825
29.5181
31.2516
44.726
40.2381
37.8859
31.2392
27.98
35.6388
29.8252
32.8146
31.7553
29.3869
27.3278
40.4792
40.3269
29.9264
41.1186
32.2129
43.732
37.5913
43.1428
40.1763
41.801
30.0299
31.3066
37.9196
41.0824
48.8485
33.0694
44.3549
24.3185
44.8093
29.6322
49.4238
40.1902
44.6479
28.4914
31.0961
43.5864
47.2016
27.0014
42.6535
39.0134
42.2242
33.5641
45.4267
43.267
49.1565
34.8538
37.3556
37.4128
44.3462
29.191
35.6409
30.0537
52.4728
30.8491
41.445
29.9123
31.2793
27.3833
43.6405
28.6574
43.3673
60.4837
50.1322
39.5834
30.1524
35.7545
41.9718
40.4008
42.7132
47.3289
39.153
36.0164
36.6118
28.2744
55.4071
36.2504
39.2924
41.6008
42.8751
41.9085
44.0115
31.0307
46.8244
43.8694
42.5942
36.2527
44.0257
33.5242
44.1432
31.4083
38.9509
29.1986
41.9554
42.7412
37.9363
33.1981
38.3934
47.2606
34.4762
39.7426
39.9616
32.0669
41.0897
27.9539
39.8046
49.1141
40.8976
49.647
37.9035
43.7842
44.4103
43.2715
39.7762
50.2123
30.8728
32.3724
28.9789
34.8638
42.3701
41.7512
38.3651
36.7677
38.0536
43.7712
38.5371
44.9164
35.222
36.7798
55.139
37.07
37.8612
32.3147
38.9052
36.1836
36.7038
47.0707
50.266
48.7927
32.921
30.0095
42.472
33.8607
38.8228
28.0991
44.5914
33.8801
30.1263
39.375
44.7622
34.1656
52.6771
33.1602
39.383
39.2554
54.7508
42.9607
40.3309
46.2634
38.8769
33.0107
47.728
28.8295
34.8769
39.3758
41.1043
44.2654
45.6757
47.29
51.2218
45.8056
42.2471
45.0445
37.2552
45.2112
45.087
35.6752
44.972
48.3828
54.429
44.2662
41.9875
41.6034
48.6801
41.7785
42.2267
52.1232
48.9224
56.8663
46.9507
36.8865
35.6285
35.7868
46.8754
55.3117
55.8758
35.2285
41.5633
49.4365
47.2242
40.3478
39.7371
38.3468
32.7506
32.0999
30.2599
27.703
39.7367
40.3558
41.107
35.8883
45.6918
32.7344
38.2882
39.5876
36.3184
38.0231
42.8164
39.4834
44.2081
32.3178
41.2361
39.9311
46.4187
33.8048
41.387
42.4229
42.1505
44.663
40.6032
45.6866
41.286
36.3776
50.7256
35.1881
37.5886
45.1647
43.4225
35.054
31.777
37.8138
48.9959
31.613
38.4972
32.7855
41.2301
32.9533
31.5542
35.9678
42.2663
33.2542
33.7002
44.3917
40.0719
40.1172
49.073
45.0153
40.9605
43.3264
30.3822
27.914
44.4254
37.7031
41.7515
44.6877
36.2608
39.0029
39.6237
39.4639
42.5811
38.0584
31.3999
47.5418
34.6878
30.6752
43.6995
42.2999
38.3887
31.8596
50.2309
33.5672
33.4781
34.063
31.6371
44.716
47.6098
40.9591
43.8766
37.2534
42.3298
38.622
43.3424
36.0729
44.4694
32.9858
41.6889
52.9559
37.9292
33.6294
43.8892
30.4431
45.7714
32.7563
35.8559
38.0983
29.115
32.9729
44.3785
36.7019
43.2392
38.3989
39.3066
32.2574
31.5891
39.7292
52.253
35.8531
44.2167
34.5735
32.7756
36.0822
46.7965
28.7776
29.1763
33.5791
31.3593
38.5567
42.0548
33.4514
43.9013
42.8751
46.5937
28.3582
40.2028
39.8468
34.4023
36.2713
41.6516
48.3508
54.8243
42.1315
33.0592
42.4401
39.3117
35.4082
40.1365
36.8604
43.3346
36.8351
31.1099
44.5324
46.0805
41.3102
43.3449
39.1283
39.2694
36.9032
44.035
39.5649
43.883
36.5316
32.5359
37.8442
41.7173
35.0861
39.3931
50.1007
46.7985
43.5189
56.073
31.8541
34.4705
39.5277
42.7651
42.5462
38.577
31.226
55.3583
37.7222
34.0679
43.5765
49.587
41.9142
30.6502
57.2729
35.9484
35.0481
33.2828
37.3452
51.239
59.5153
37.8671
32.4746
31.485
43.9799
39.9374
38.0214
45.5568
42.8619
44.5724
46.1443
38.9699
43.8881
43.3781
42.6817
33.2319
36.4787
37.2438
46.5685
42.2936
42.6192
53.6054
31.0038
41.3588
31.9411
36.7574
30.8466
39.2184
41.1735
45.6917
29.8562
34.1658
49.7913
37.5579
47.0225
36.3364
33.7834
