62.3878
35.0415
46.8539
33.7516
26.9449
39.4693
34.8706
46.9596
34.0639
29.4177
35.9564
37.53
37.3961
40.8434
46.4169
43.2453
44.6435
45.4369
32.7433
47.9874
43.0838
46.7609
56.4878
45.7978
43.3459
34.6206
58.3876
42.562
38.3093
33.9928
52.884
44.995
52.2941
56.1898
45.8329
33.006
37.12
45.8105
49.7907
29.4426
43.6274
34.1186
29.5412
34.4018
43.8601
51.9287
46.8802
47.1264
32.8254
32.9769
31.4001
42.0502
42.7419
46.9014
48.9085
41.9326
42.0039
41.1497
32.7226
39.6246
54.8623
45.4685
40.6023
44.7252
42.0757
48.4263
36.6145
37.7168
44.8161
43.986
44.3045
39.0717
42.0852
27.7529
39.6871
44.403
46.2512
41.8346
38.9299
37.7867
33.1266
41.4932
43.2594
40.9084
36.9513
33.7984
36.7998
39.0791
41.3787
40.3685
42.8695
45.0651
47.122
47.8393
38.6368
30.6535
37.1816
37.176
39.2436
38.7088
40.9063
51.3177
47.3827
37.0576
39.2525
32.585
43.3589
34.3589
50.3383
47.8079
44.3381
36.5157
31.8903
46.8226
41.8896
49.4631
40.9534
40.768
35.9616
30.4167
41.4025
31.3789
43.8563
40.3699
44.6604
47.5166
46.6657
33.6619
40.1749
53.6496
39.7213
28.7538
37.2404
35.2038
43.839
41.0269
44.7556
40.7348
52.8244
32.0079
40.7522
42.5943
39.2372
34.84
35.708
37.1243
43.2353
47.6256
40.1015
40.4294
36.8888
37.4834
45.6714
39.279
40.6953
37.6009
35.2061
43.894
45.5586
36.03
47.7348
50.0824
50.6972
55.4761
35.6935
40.1634
38.0534
36.8055
46.6179
45.1985
40.0551
54.1833
57.8813
46.1456
44.1764
40.6325
49.7993
44.5044
35.8579
38.9548
52.4019
38.7259
35.3048
42.8717
44.8862
44.5212
49.2449
40.4224
49.3794
37.1603
50.3238
36.6379
52.1465
35.3413
39.8139
32.8065
42.4299
45.5574
43.627
40.681
39.3548
37.2463
38.3965
31.1731
47.8415
29.3866
35.8462
34.7019
41.5475
35.2409
43.2768
37.8048
41.5677
37.4459
41.7801
44.1225
28.6497
41.3645
31.4543
45.9725
39.6622
35.8267
39.9522
51.2938
34.7391
27.006
29.6186
39.7643
30.2745
27.1152
35.2129
30.7339
30.0864
24.7407
33.4688
26.8315
28.528
41.8858
38.6158
39.9985
56.8287
33.6863
42.6389
35.9956
34.2167
37.2879
38.3933
31.3785
29.966
32.2883
34.6943
46.181
47.1968
41.4981
40.2203
39.5959
46.4651
39.2841
47.1803
37.6794
46.1505
38.1667
45.3843
45.9103
37.2688
41.6415
39.5745
36.8231
29.1019
37.2915
39.9238
60.5827
46.2318
36.6188
45.1201
57.9276
53.7241
44.8866
51.6082
58.3502
68.7752
49.2687
41.4862
37.4524
47.4202
45.5542
46.0089
49.8791
34.2714
31.7237
38.3235
43.3996
29.236
43.1169
47.7842
32.2938
35.0155
38.1041
41.4715
38.4652
36.3436
27.2518
39.6905
29.8876
44.0584
36.1233
39.0611
41.1661
39.2277
26.4179
40.9951
46.0109
39.1328
30.2577
45.5521
47.2904
53.8293
35.6876
49.5429
30.6638
45.5306
49.0921
40.7027
33.2954
35.8982
35.2126
33.3396
44.0151
45.5483
31.0013
36.5342
38.7587
30.0038
44.7227
45.7571
25.5275
33.0806
38.3593
33.4101
33.0032
30.773
28.4264
35.2542
26.4806
30.6409
34.8869
32.3054
44.1193
31.7092
41.6626
36.8095
30.9791
26.5454
42.7216
47.3548
34.0124
32.8465
34.2651
34.7703
39.5032
39.6979
35.5978
37.6644
34.6074
30.1893
34.1065
35.6598
34.8744
32.8052
27.3801
30.7971
24.6252
30.2397
36.4062
32.3686
34.93
49.2366
32.8781
28.8602
36.959
39.063
48.1989
49.6006
40.4638
37.7142
35.6477
41.6236
40.5657
32.8878
25.8326
41.5534
29.0923
31.4623
34.5357
45.0293
42.2267
37.402
35.36
35.1196
45.1481
36.2569
38.6021
34.9342
29.8375
33.1972
31.8396
36.3562
28.4663
35.0971
46.1808
36.1588
26.1671
40.8778
40.266
38.236
28.3481
31.4445
27.787
38.951
31.6898
39.1516
37.8881
32.5376
32.2067
33.7923
32.0113
32.1575
32.7489
41.9026
33.9616
45.5582
30.9585
44.7247
27.3163
35.7907
40.2554
35.0736
35.6542
31.6519
43.4775
38.2548
40.0975
33.4422
36.5781
45.4646
29.8364
32.473
35.8821
35.1131
28.2485
37.1515
33.381
29.4228
41.7713
43.0163
33.9399
27.0958
38.9061
33.9792
51.6102
39.7938
47.5678
30.7703
27.4879
41.3853
45.1391
28.4895
28.5489
34.4462
34.5142
35.7506
34.7066
40.4767
41.0506
49.2141
40.4412
42.9033
34.9747
44.0161
35.5152
42.9099
37.7551
34.2067
40.5097
43.432
53.0635
38.2918
30.0355
37.7001
39.8989
37.4093
39.8895
38.1081
41.5361
41.7085
31.3638
42.0122
30.4014
35.9551
40.2377
34.4927
36.9866
47.281
30.7164
44.6838
37.0855
44.016
35.2184
41.6265
35.2485
39.4376
36.043
36.0906
43.5557
45.4702
44.2114
51.4021
46.0229
47.7038
53.8092
45.4131
45.1937
44.1681
39.2354
51.6242
36.8937
39.4612
51.5525
36.3684
28.778
37.1774
37.6915
37.6987
28.953
47.0418
56.2531
42.814
28.3512
38.9464
49.2119
26.3706
42.5295
37.5761
51.7154
32.2752
44.4974
44.5603
32.3202
33.3113
41.7004
40.0192
46.1229
42.0789
37.8208
34.227
28.6609
26.26
30.2308
40.0226
40.3123
23.4918
35.5744
39.5215
39.1538
39.8179
35.4037
41.6348
31.2787
37.5186
51.7553
37.3504
44.8562
39.5971
28.1618
29.6166
39.4539
35.0061
33.7381
29.8097
24.0119
29.0994
34.3738
40.3188
33.182
33.4568
41.5376
28.9574
38.4758
32.5302
34.5763
39.4491
42.9225
31.8437
33.8507
46.6759
37.0442
36.0939
30.727
39.6352
41.4974
39.6122
25.8877
39.1832
44.341
47.1966
37.4346
39.758
35.42
38.7642
44.9157
44.1312
32.9164
32.9719
40.3875
40.3054
42.6116
44.4526
34.056
41.14
40.3292
40.3435
41.4138
38.5056
33.8963
33.1812
30.5789
34.9676
31.7434
36.8724
40.1875
38.0068
29.9098
37.172
37.8431
32.5463
42.1242
44.295
32.1167
37.2805
31.5018
36.2471
41.5185
42.1382
40.5897
40.948
31.0493
34.4547
35.882
41.7839
37.0312
36.8651
31.8892
37.3771
32.2533
36.7998
38.0492
34.2348
25.8903
29.4729
30.9647
40.3775
33.9341
28.1649
46.0625
47.9547
36.723
38.0928
31.0499
34.1627
33.6828
35.8509
30.6605
39.6482
36.0072
41.0566
28.2331
34.6556
33.7683
34.3761
27.5511
40.9582
36.8611
40.8089
43.06
36.536
33.0996
29.5308
30.6025
30.9363
35.7332
29.9965
26.3769
46.7324
43.3592
38.4274
35.9913
48.3179
27.8782
43.1052
42.0488
48.7198
29.2237
27.8631
34.3565
48.5745
23.7497
34.0721
44.4295
42.026
34.661
43.0534
32.5987
24.7705
31.741
34.9828
38.1045
36.8822
30.2321
27.8915
27.6065
33.049
27.803
37.8801
36.9223
32.9836
28.4151
32.3243
36.3723
36.8402
30.9347
37.3824
35.5402
36.4781
37.5279
40.0216
38.3265
40.9169
35.1403
30.6967
29.7171
40.0585
30.4783
38.4352
36.9111
35.0268
37.0538
34.2078
28.9184
27.3072
38.6269
39.2067
51.4798
35.1712
30.4024
34.0723
48.3326
41.2689
27.8622
32.9833
31.424
32.602
42.3093
43.8626
27.3605
27.6063
33.9861
49.7087
47.4386
41.7501
47.8335
35.3589
39.3039
51.0269
32.1613
32.2403
37.8317
29.6726
30.1732
32.9759
44.8985
29.0299
30.7743
42.2985
36.3506
31.5087
27.7615
33.2175
27.767
36.5624
40.1822
41.8017
28.5438
39.2408
30.4891
40.6695
34.4009
48.2104
29.4299
32.9413
34.5107
36.0068
30.7262
35.8903
37.7426
30.2934
37.9086
40.4117
30.1768
47.8349
46.7369
37.4884
47.2705
40.9835
42.7733
42.0268
40.008
38.6604
42.6393
45.4987
44.9882
37.0669
42.7592
41.0038
33.0978
34.1819
32.3864
44.1736
42.5723
40.0518
37.2474
37.1888
38.1167
35.6646
41.1398
40.8103
32.36
38.958
34.0114
35.739
30.2174
44.9254
40.2704
35.6214
40.0815
40.3729
30.1477
27.427
37.7271
33.0003
38.85
33.3051
34.3128
40.437
41.9203
30.0927
33.0102
32.4823
32.7276
33.9564
35.3216
39.5874
40.9277
38.8744
36.2145
28.7582
32.3172
33.2423
34.1475
34.7869
37.0144
31.1756
28.4428
25.8452
37.3717
37.1474
30.696
36.4556
33.2345
40.7057
38.1652
46.8066
41.976
37.6067
27.9935
29.02
32.7069
28.8582
27.5607
47.0668
37.3827
27.02
33.4014
38.7612
50.4589
39.2985
26.9484
34.3643
36.9928
42.0579
27.2437
29.7155
40.9331
39.0018
36.9191
35.8678
39.6457
45.1536
28.5258
30.2652
35.2448
32.7537
39.842
42.4096
41.2443
35.1289
42.428
49.2373
28.3735
39.7047
33.2311
43.4882
33.7087
30.5975
34.9232
40.2994
28.2996
29.8553
30.2607
30.8979
36.5333
26.1033
38.5712
38.6404
43.7536
37.7145
41.0092
40.9875
36.2027
47.8231
35.8746
32.2735
44.8198
36.4865
32.3191
36.6933
40.9009
37.5417
41.3462
32.1767
51.4548
46.8007
47.3086
41.7958
43.0829
45.8673
37.8999
40.4259
43.2299
38.2239
49.2339
37.878
44.1359
35.9658
39.4516
28.235
33.3793
34.3194
32.2594
41.6928
40.0372
40.6618
33.1988
39.5758
34.1213
45.4785
36.096
50.8846
49.6413
50.9878
41.9772
36.2061
29.9122
55.8292
47.4001
35.8863
26.8003
36.0492
39.2095
32.5819
27.4062
32.5206
37.0727
40.983
36.7859
47.5862
34.9823
37.0184
33.8336
38.5585
32.6191
29.619
27.2495
30.8264
37.4101
33.777
44.3106
29.8532
46.0719
38.3218
37.8243
46.1342
39.989
31.5828
48.5718
39.8495
32.9767
31.0509
34.6992
41.6644
46.4407
43.7653
38.619
37.7986
51.5515
31.8945
31.2609
34.475
37.6683
46.6401
65.0242
43.5245
34.3066
51.9168
48.0272
48.2506
36.7997
47.6763
54.6451
39.657
36.4984
51.5969
40.8467
57.0532
43.246
38.7815
31.6769
35.5472
42.2292
35.3207
32.3388
36.409
41.4904
62.3159
47.4843
47.4615
43.1526
36.9098
31.8627
45.0662
54.4354
40.416
37.8029
60.0765
52.7047
49.8332
34.2721
40.6092
32.0769
31.6827
39.8893
42.9076
30.9686
42.0403
34.5659
48.7324
28.4413
36.5537
36.6517
36.2979
35.0635
33.2214
37.8879
42.8816
39.3802
38.6494
35.1167
32.7606
38.256
32.5159
28.7417
35.5605
31.3082
27.927
38.3762
42.8244
38.3186
37.5037
28.0116
37.5734
34.5483
40.4125
32.045
30.5527
38.1084
43.0582
45.7215
30.7735
31.3054
41.2833
38.481
31.2647
37.6024
41.0864
44.2283
33.378
35.376
35.1725
50.1253
34.7009
28.2467
34.0901
42.5523
30.4454
33.1342
32.2758
33.0494
38.9194
30.0768
47.7087
35.2276
35.4678
39.1562
31.0669
22.9793
26.7178
34.7554
25.7705
36.2888
38.7708
34.3982
34.5474
34.3717
27.7964
27.5003
32.2976
29.6085
46.856
34.0887
35.1302
30.5845
31.8977
33.8792
40.139
32.3519
52.0531
33.0687
32.5061
29.7194
25.5141
30.8199
40.9566
22.3491
30.8044
29.1299
26.1524
24.0307
36.625
34.2326
36.2309
31.9616
28.5965
37.299
36.9132
37.301
36.0336
28.5703
28.0058
30.3528
35.6781
24.5974
38.5712
33.7745
32.2023
37.918
25.7498
33.6411
22.7818
22.9663
34.0112
34.3269
46.2365
37.5951
41.9741
32.0474
34.7752
38.42
32.8355
28.8036
39.1437
41.4404
37.1963
32.6642
31.0566
34.4097
44.0176
41.9704
41.9366
30.7515
41.9794
36.6866
38.5951
37.4235
33.8225
29.1662
30.879
35.816
32.6292
30.4756
37.5731
32.7276
28.8762
27.923
32.6863
34.3518
28.0523
32.1362
37.453
32.9544
37.0283
23.6209
28.6337
35.2022
34.433
26.288
30.5864
29.8781
37.3534
33.6065
43.0556
37.9274
32.0524
25.2279
38.2716
36.8103
37.5779
26.7949
26.2214
30.7641
22.5277
37.2915
36.1363
48.078
36.1868
40.8903
40.964
36.5698
33.3784
31.7105
32.0586
28.7729
31.7787
45.4609
52.5983
30.2034
30.9379
32.391
27.1733
29.8351
36.0459
33.3919
38.5792
32.5396
33.4382
35.4953
42.643
34.2106
32.5629
28.0464
35.9812
29.4535
37.9158
43.312
38.9471
31.8839
29.7613
47.5565
31.3013
33.5407
50.3935
38.5689
34.4101
48.3947
32.1173
38.5711
43.452
55.4882
41.3807
43.5403
45.1537
43.3394
47.1562
46.6889
43.5985
29.8997
41.7524
32.0818
35.0865
33.386
35.0411
39.3533
47.229
36.7553
41.0369
45.7288
49.5891
37.5354
34.2524
40.078
35.9472
33.9494
40.6016
33.1387
33.3695
43.8318
45.546
32.1221
45.9441
30.3603
57.5029
31.8118
45.6084
34.8526
33.9121
42.8383
26.5433
33.9692
43.1168
39.2689
38.3144
34.5994
41.2073
40.6654
50.7212
45.3248
41.4313
42.3427
37.8112
35.3071
36.151
38.2779
38.8696
34.8948
33.3085
45.9254
44.4627
45.6038
37.1003
49.7742
41.7251
42.6317
37.8935
36.3003
36.1879
44.0935
40.7469
42.9368
41.1077
30.1282
33.1436
28.4218
41.1667
54.1487
41.2897
48.6449
32.6151
31.3015
29.972
37.5647
42.1713
40.5008
54.8313
35.6044
40.5054
42.6724
40.0394
43.4785
45.8622
49.0856
33.8804
43.8035
37.7064
25.9952
36.3402
38.4787
41.0257
30.4026
30.0144
22.4562
24.322
28.5043
40.4385
31.5405
33.971
25.3469
43.7622
21.4265
36.7713
30.231
35.999
26.3105
41.4431
30.3067
37.3386
44.8593
25.2977
33.6866
34.1003
25.9598
35.7744
28.4335
35.9809
31.5945
28.7419
40.9451
37.3904
36.3815
34.4066
34.8302
33.5026
35.0204
49.3788
40.0065
39.9326
31.1967
30.4934
27.3993
31.4335
30.4475
27.9192
36.7312
34.3357
32.6304
41.0276
32.6213
28.9576
35.4928
34.6417
34.6255
37.6014
30.8169
43.3141
35.0879
44.9722
57.8337
41.6649
33.0793
39.1384
37.4342
37.6203
37.5478
41.964
34.2321
44.4137
34.4105
36.8462
46.6311
42.2867
36.5078
46.9745
35.0326
28.3503
36.1661
40.0748
40.4379
40.4723
30.2268
28.791
40.4513
35.7835
30.3467
41.3923
26.4965
35.2245
31.4664
37.8893
34.2206
46.6628
39.5777
30.1531
29.1087
34.3235
34.4333
47.9627
35.3531
37.7669
30.5579
37.3277
29.8377
46.9821
34.7365
32.2664
33.8715
42.916
31.4948
45.9636
34.7654
42.9968
41.6604
27.6811
38.955
55.6982
47.64
36.4321
30.0368
39.9994
36.3237
36.6328
32.9931
47.8383
27.196
39.0135
42.7811
47.4587
44.8803
28.8061
35.3842
43.4427
31.8368
37.9578
45.6205
41.7975
35.3997
32.3528
40.0193
34.5026
30.3223
28.0249
42.3439
40.1461
34.7262
43.2246
44.3295
45.7865
44.2011
46.9977
32.3005
40.5225
43.6005
44.6496
35.3874
44.6562
30.6919
44.0271
47.4382
34.6154
37.3547
40.881
32.2445
37.8884
39.0216
41.477
37.9848
29.3448
40.2498
42.4495
42.2814
32.4897
33.8617
44.0598
38.1274
39.2831
40.6898
32.2699
40.0774
37.201
34.2041
43.4473
42.7561
43.6713
32.0044
40.1151
48.7354
41.5348
41.7437
39.3827
33.5786
52.4699
43.938
30.839
44.6999
39.4899
52.3886
43.8519
40.3959
37.9295
34.6727
38.9281
30.1696
36.8182
41.38
46.6116
36.0429
37.5468
34.4239
44.9154
52.1415
41.954
42.3031
42.3812
35.5768
45.6166
47.2424
44.6577
35.3008
41.6247
31.7526
30.0772
42.7179
44.7407
32.2928
38.8583
31.834
53.7737
32.088
46.0776
42.9168
35.8945
35.9504
45.3281
33.3466
44.0467
48.322
35.6702
44.955
42.1042
50.5558
35.471
37.6842
34.3191
33.3468
43.5333
40.9519
42.4288
36.1843
40.9292
39.9369
31.7976
43.8316
41.4015
39.2428
36.771
38.8207
39.0145
37.9442
42.7275
40.6917
29.6479
33.7782
47.1431
42.7597
45.4159
33.3678
52.594
37.2429
31.8547
39.0421
37.9322
36.3761
41.8215
32.8699
35.5881
32.8158
42.2578
40.5928
38.1148
28.4976
30.6681
34.5019
51.0631
34.5953
35.721
35.5494
41.2815
35.0163
37.3568
29.542
35.9085
37.9385
41.2947
34.109
40.4256
33.2584
33.6953
34.8568
35.6277
44.5828
43.927
41.0046
32.1292
36.6892
35.9013
41.9165
29.0672
31.514
43.8642
32.6495
35.8648
43.0948
32.4065
46.6345
