46.7005
24.8034
35.2519
29.0978
39.2496
33.4828
34.7007
38.5944
37.6585
32.0535
31.0079
20.4009
34.1508
34.8832
31.2029
32.2311
28.3237
33.3186
42.165
36.6161
35.3271
31.0246
37.4942
35.484
34.0054
34.7821
35.8091
38.5458
39.7665
29.0689
34.9716
32.206
41.594
36.8134
32.6112
28.5294
38.906
32.3051
49.2491
38.2397
41.9853
41.4972
41.7087
41.9791
39.6925
23.3075
36.4525
33.9088
42.3527
25.5504
28.0656
38.3327
38.0496
27.6844
37.8394
46.1985
40.1556
33.8282
35.2296
33.4836
34.8964
33.5916
29.6793
36.7497
35.8867
40.5238
33.9986
33.2036
28.542
29.1815
35.4617
39.2577
35.1864
34.6764
37.3238
29.9766
30.6981
28.3687
35.5278
31.6544
41.5619
45.9148
26.1874
36.5092
34.7893
28.0139
29.8211
37.5394
30.7272
25.9434
29.6805
43.1276
41.9173
34.1328
31.9749
51.0921
40.7055
40.6652
30.7457
34.096
34.6658
26.0172
34.9122
48.5844
45.1155
28.4096
37.4072
37.6944
39.5592
40.9738
35.9199
49.4453
48.574
37.8949
38.4871
47.9814
36.5852
34.262
41.5661
34.4463
30.207
33.4586
38.7569
30.4031
33.3261
46.1584
38.4888
35.9878
40.9741
38.839
37.2619
33.981
35.3978
32.4724
44.7343
33.4037
37.117
32.7558
30.6872
34.0864
40.7046
38.7713
27.4146
40.1141
40.1817
33.5521
29.964
27.4865
49.5214
30.572
39.317
34.2609
45.6292
31.8683
30.9298
26.704
23.7256
36.3322
52.0929
37.6935
39.159
40.6648
41.6997
29.2777
35.4857
49.3698
43.2656
31.0475
30.8043
29.9376
30.8302
31.368
36.1904
37.9398
48.3946
30.4417
30.6471
32.8554
36.8092
33.7905
37.1188
30.2525
35.496
38.1212
38.309
43.9139
47.0336
30.6438
36.8295
39.4153
28.8748
33.4599
37.8709
27.4961
29.6828
27.4848
30.1441
27.9673
36.6558
33.0918
33.4958
22.1592
32.5583
32.7369
40.0617
25.0142
37.643
48.4284
35.0273
27.6335
46.4059
40.1227
39.0371
31.9331
36.2756
32.9587
34.951
40.5671
40.8896
33.5267
30.3989
33.4197
36.0282
26.9453
31.0802
30.9644
32.4092
37.5816
40.9355
30.2805
35.004
27.2211
34.3577
37.7672
37.7914
38.9648
29.9061
40.7674
38.9301
34.1527
43.0303
39.3098
40.3539
32.0741
32.2003
38.3269
37.5076
39.8649
48.4712
36.295
44.8787
38.9656
37.8724
37.1902
39.5944
37.6067
37.2749
37.4319
35.1217
30.9116
35.2078
37.2837
33.9907
31.5017
41.9432
37.2049
36.398
35.0212
40.0992
38.8298
44.7264
35.6861
36.2067
34.3476
40.8302
52.1228
47.6189
39.9004
38.5641
31.7315
31.0339
29.6653
40.3231
40.1499
31.6139
34.7455
39.6641
35.9178
27.1802
36.5908
38.3434
29.7379
38.3645
32.7887
31.0365
37.3268
34.8052
33.8778
33.579
31.7918
40.8147
41.1183
36.916
29.2372
29.3606
30.6661
30.7933
37.6583
33.7631
29.7978
37.6276
39.1203
37.6173
33.1409
22.8617
36.454
38.7404
28.4551
27.6837
30.9747
37.9169
32.5223
46.4303
23.2103
32.9406
34.926
32.8571
42.5686
39.7924
31.9737
39.4372
30.9256
31.8048
42.4389
28.721
45.0644
38.3902
29.6896
32.9823
36.1668
39.2383
46.0177
47.0002
36.2132
30.943
41.4072
32.9507
40.6587
44.5468
38.6293
46.8698
45.2168
50.8833
34.099
45.6916
27.3999
36.3487
38.2885
41.2463
50.7615
48.2035
52.8598
39.1819
45.8837
49.8318
49.3301
43.8144
48.4384
38.851
40.7097
40.6169
37.8774
42.5237
26.3031
34.6689
28.3161
35.7497
59.1199
41.7018
41.9323
31.2899
29.7414
48.2841
41.4776
34.6371
28.7686
33.4802
35.8061
33.5759
29.6277
35.2911
33.2988
35.6412
31.3019
28.7007
45.4149
37.5769
36.7467
31.3666
42.2134
37.5746
50.092
44.3297
28.5182
35.5413
37.5962
36.4859
25.1845
34.9854
29.061
36.6544
43.7063
35.7572
27.3375
39.7266
33.1913
34.3686
36.8959
34.9185
33.9569
26.9365
33.2991
41.2076
44.4332
39.2704
31.2678
36.5273
28.7602
37.1343
29.1162
30.6967
40.8132
36.8062
29.9729
39.4122
33.1695
42.4239
35.1988
42.8175
34.2944
32.3911
33.5212
35.0759
36.1072
41.1383
40.4533
34.1724
34.5787
37.6509
32.8956
40.2439
27.2374
39.6351
35.0371
37.5323
35.21
32.0188
42.0805
29.657
31.3675
32.9885
28.6459
32.2731
27.3918
30.7109
30.5044
36.0883
29.3712
35.2603
36.7871
31.1306
26.1892
31.8609
32.6964
41.3313
40.7491
42.563
37.5762
36.4809
40.9911
38.7122
34.6053
40.3307
34.9097
38.6374
34.6844
34.0876
35.3197
41.4351
28.3882
42.0409
28.4613
31.4692
30.1622
36.584
48.4757
38.9391
29.2401
29.2838
35.4241
39.4649
27.1035
28.0324
42.7683
36.2922
41.5442
37.8864
33.8575
39.2928
32.625
40.1325
47.6987
48.8632
28.2999
42.8145
37.8801
37.2386
31.9058
32.8737
32.3131
46.2081
37.8508
34.0296
43.9731
29.2328
37.4448
39.2004
43.2773
44.5888
30.2762
38.9232
29.5896
46.3859
39.4496
53.7525
52.2983
37.306
33.2327
46.584
38.5256
42.4855
46.0469
40.5745
30.932
30.916
35.6595
32.9167
32.0596
29.3666
36.1581
36.6926
30.9576
47.1542
30.7154
45.7583
34.5358
44.7142
29.941
46.3911
39.1607
38.5529
28.2611
39.7206
32.0956
43.4863
29.6452
28.2142
34.857
33.5931
32.7302
41.3605
39.5058
37.0891
28.7005
27.859
41.6467
40.5537
33.6026
44.0048
39.7496
41.5064
41.5286
37.4571
35.669
31.2108
34.8758
41.5054
34.44
57.4878
29.6473
36.5707
52.0329
36.0755
31.0771
34.9662
38.5592
44.5102
33.0714
39.0588
37.7617
39.6752
39.8229
39.2883
45.7604
37.3502
30.5688
49.6441
32.5982
43.2435
38.2993
40.6515
29.3955
37.1909
36.4833
30.309
30.9635
32.5808
31.9802
31.6413
31.3657
34.6799
31.8157
37.3045
36.2784
39.062
53.57
43.6886
27.7202
48.8457
36.9182
42.3811
37.0977
25.7009
29.33
31.7791
33.2392
41.3272
42.2841
33.3909
31.1888
37.2349
32.1993
38.4036
32.0695
36.6636
40.0088
38.1182
31.426
39.1931
43.8259
25.4008
27.6647
32.3831
51.1094
37.2442
32.1836
33.0259
29.8852
41.0934
45.0066
40.2047
25.031
37.5776
32.8748
36.397
32.9788
35.7254
34.3255
36.2779
48.5613
36.6527
45.0768
30.0612
31.8217
30.7285
45.5174
37.2521
42.3386
41.3192
38.0776
34.4322
46.4183
37.7473
34.824
32.458
33.7081
31.2758
31.0708
37.3208
42.5495
37.3481
42.8612
37.0482
38.0432
37.7915
32.438
36.3242
38.8272
32.2435
30.1867
45.8351
43.5493
42.2314
29.2162
32.598
39.4639
43.1144
47.2159
48.4076
47.8807
43.9914
34.3598
45.3175
49.7325
37.2347
30.0089
42.4544
53.5993
41.6088
35.9488
37.6892
31.527
37.8261
40.6976
51.5992
32.4832
43.642
46.0686
44.8883
36.1397
35.7643
33.1386
38.2465
33.8158
30.3624
32.0515
52.6807
33.4983
44.4257
34.6
44.7874
27.4984
47.5964
40.2719
55.8347
35.9772
44.0735
38.16
31.2238
48.5857
46.3667
44.5731
42.8998
43.755
34.5546
42.8378
45.1175
47.9539
38.605
32.2245
42.06
53.2387
46.5176
36.399
43.0016
45.5418
42.7352
35.6008
44.5457
28.6625
41.7669
43.0936
39.573
42.4468
36.2166
33.6963
45.8523
43.7272
40.3015
31.4907
38.0083
39.7693
33.5278
40.5558
40.6017
40.5997
38.1641
35.0646
48.8774
42.9432
40.4549
27.9405
29.5559
37.5418
22.291
44.0756
38.5036
25.6285
28.502
32.3594
33.6462
24.7685
37.1857
32.9977
27.1813
29.2714
44.8701
38.4861
36.1533
31.74
31.4512
29.2561
26.8916
28.8664
40.3038
23.3251
26.7949
35.4266
43.586
36.3782
34.938
30.7325
40.2686
31.2417
31.8303
34.4645
32.1584
37.3526
28.2981
30.0359
24.329
30.7506
33.7793
26.4483
34.8846
26.9699
26.4073
27.2622
35.9781
30.0581
31.588
27.6085
36.7309
33.8538
29.108
28.0621
29.8644
34.7036
34.0438
30.6831
26.3437
40.7961
36.8936
32.7351
33.3832
39.886
39.9732
54.5753
32.7609
39.5825
36.9435
39.8827
27.6653
37.5518
40.9864
31.6464
28.8124
29.863
41.9457
31.5994
30.3252
46.3232
31.4916
40.9466
29.8614
27.0756
29.7393
30.0688
35.9222
28.8973
34.7841
40.3001
39.4186
30.1605
30.1951
37.9157
37.2602
40.1631
41.9727
39.6482
34.9065
41.1539
49.3127
42.3769
41.9078
36.7667
49.1967
42.5434
45.2638
29.9307
50.8178
37.9503
43.3366
49.633
41.1901
38.1208
39.1628
39.5079
48.0279
36.4111
33.5096
40.337
46.4213
34.8671
34.0703
37.6827
31.1057
31.8952
40.2118
32.5862
37.4627
32.9214
38.8757
42.1233
36.2535
43.8703
27.1657
39.6628
33.9474
28.4577
36.0786
36.1078
37.5493
30.8897
37.9692
37.9535
55.2857
30.8425
38.6474
37.353
32.0029
35.2578
39.194
45.1083
31.3046
28.2025
40.6028
43.0861
41.1961
40.218
36.0707
52.0038
34.5855
25.855
34.9735
36.0485
33.4348
27.4115
36.4733
31.5536
35.9608
38.4454
44.0872
33.7675
31.9287
31.209
48.4818
34.5261
53.9032
33.209
35.5277
41.3475
31.1515
30.4872
50.3601
42.0738
46.6891
36.8545
35.1941
35.2896
42.8458
34.1192
47.7126
37.5192
49.0454
33.24
40.9168
44.0649
39.2078
33.5058
41.5398
34.8301
38.6687
33.9003
44.787
40.8919
41.1892
31.5554
41.5439
32.5625
31.6509
26.9365
40.344
44.3303
34.9104
43.9521
37.5429
28.3264
28.6758
33.2116
32.2264
30.4992
48.1026
33.286
28.5366
39.5571
36.0522
31.6382
28.3313
29.6461
29.0178
36.0705
35.4611
39.7916
38.927
48.4907
35.4965
31.8035
32.4874
36.0606
40.7701
35.4304
42.1553
31.9527
46.5062
31.5714
42.3672
44.7069
42.6344
33.9305
35.3674
43.7245
38.3939
33.1974
39.6871
56.2404
35.7742
37.4074
33.1229
24.9294
42.3297
33.3257
32.092
34.3888
28.9194
34.8503
39.686
32.988
35.4164
36.8338
36.8633
39.8357
42.6918
27.5225
35.0075
32.5109
37.2265
33.8597
40.4815
38.2729
37.2054
36.2007
36.6091
37.7898
36.4499
40.4178
38.3182
26.4222
39.583
38.9504
41.8888
46.7161
40.4431
42.425
34.736
39.1459
37.7016
36.2795
34.8968
38.5471
38.3325
24.681
30.7834
36.8852
37.6591
35.6752
41.0637
39.8482
28.2139
43.5719
38.6369
36.1796
41.1281
28.3386
43.2028
31.339
45.1259
29.342
36.0108
28.0925
45.1559
36.7309
30.467
28.6604
33.0258
29.5779
31.9036
30.3219
30.8673
39.5238
30.1419
38.2222
32.9409
31.2161
35.8311
38.5921
29.3338
29.3643
30.7759
31.5621
43.8332
33.6415
32.1732
44.2644
36.9004
38.6439
45.0762
30.8082
42.9379
40.0333
41.8791
36.2583
30.5855
22.2807
35.9686
38.787
35.023
36.4447
30.699
35.1454
33.4482
36.4741
37.529
37.2517
29.7964
26.7605
31.8959
42.6766
34.2498
44.3023
39.2614
31.7604
30.1072
36.5405
30.6044
38.2425
32.3906
41.5208
40.2038
28.9374
34.1799
25.881
40.8722
29.9901
34.7532
32.8785
39.5269
36.1329
35.0238
35.8947
36.5108
35.5344
24.4081
29.6008
41.1215
31.102
34.0382
36.4005
35.0704
30.2756
45.4236
33.6937
36.8334
32.6983
40.0002
47.3823
27.2104
27.9687
23.6087
31.9343
32.5623
36.1312
33.1846
27.5743
34.0879
36.5557
38.4303
41.51
40.3005
44.5517
36.6176
29.1819
28.5469
28.4277
23.099
32.0981
31.6065
32.9702
23.9525
36.6744
36.8267
29.6967
39.2145
57.2434
30.6621
49.2836
32.2223
28.3199
31.2736
35.3844
33.5414
29.9941
36.8753
34.6594
35.1504
31.1479
39.3422
28.4653
45.4011
32.3634
31.9787
42.9863
35.7879
39.4099
39.5189
40.6485
30.7458
41.5078
41.6472
33.3596
42.5416
45.5619
28.3832
46.6756
37.1508
38.7882
31.0633
33.0572
34.4968
37.0658
45.1447
37.5166
30.3766
37.1932
42.132
42.039
35.5503
36.9363
43.5893
46.7401
50.0511
49.4856
35.4563
36.0417
37.7486
35.8585
48.2342
35.3036
44.5767
33.1343
40.3405
41.8169
35.4128
40.417
37.035
40.8313
37.1702
44.9008
39.8109
36.2106
39.6634
34.1355
42.8635
37.391
34.439
34.3198
51.1986
28.5528
37.1175
31.7508
28.2346
30.7895
34.9678
30.4565
40.1276
26.5877
42.508
38.8918
26.7009
34.6642
36.6845
35.7425
50.7995
41.9704
45.3287
39.242
31.6569
35.1341
36.0341
41.2407
35.5525
39.0046
37.9816
47.4117
40.6199
37.6993
34.5771
27.7132
32.2142
43.1058
45.4937
29.0112
33.2219
34.7367
35.4284
39.6396
38.212
31.0861
34.6461
30.5919
35.2508
30.2019
41.241
40.6233
34.8695
45.2849
32.8857
33.4772
34.1347
35.5931
38.6321
33.9651
49.6198
42.8525
45.5405
34.7539
41.9736
40.5632
45.6296
38.4867
50.202
44.9979
42.03
36.5873
38.1169
34.452
34.1159
42.8843
41.2477
31.5465
34.8497
42.9958
43.5937
36.3162
43.365
38.6227
47.1209
43.809
34.3168
44.6156
45.5231
32.0926
36.6432
36.2187
39.2311
45.4861
47.1639
43.1174
39.7641
42.9963
32.5609
41.9067
27.0929
30.5696
32.137
29.96
38.3343
38.7978
40.3468
29.1827
35.4316
26.4676
31.781
42.6279
39.9038
31.8017
32.7953
33.3251
41.7983
34.6945
39.8177
29.517
37.574
23.3939
36.0104
32.7165
38.5173
42.8712
28.3817
37.6668
38.453
34.9896
34.9021
36.3738
46.3487
45.5277
37.8104
31.6612
42.6035
32.7166
34.869
41.9335
44.3347
45.2624
44.8843
36.4746
36.3339
39.9329
38.1958
32.1226
53.6269
33.9414
48.9726
39.5169
46.9169
46.5171
46.205
40.5601
44.6382
45.9054
36.3017
33.564
34.6241
38.4613
39.4034
33.7624
33.4956
40.6383
36.2354
43.249
44.7682
33.5212
46.9871
33.0161
31.3818
47.5954
40.3534
31.8542
32.0885
33.4112
52.9877
28.4605
43.936
43.333
36.8083
31.4825
43.8624
34.4371
42.7361
33.129
41.6249
31.0589
32.4635
29.6515
54.894
27.3964
31.6904
28.8695
34.8678
43.7857
44.0588
39.6432
40.0438
40.3349
46.0643
44.0804
37.0352
28.4791
44.7599
40.1172
40.9442
36.6417
32.9689
34.3772
41.0796
41.221
39.8319
39.8601
36.5757
31.7244
44.7383
34.9631
38.8634
33.0437
35.7185
32.6262
40.2011
45.6691
35.0309
32.0081
36.685
43.1007
43.3926
43.7729
38.6723
31.9636
44.0952
45.3946
46.8885
40.2263
44.9905
34.5027
34.4754
46.7885
38.4823
41.5476
42.6879
35.6912
37.4808
47.2328
50.3919
34.5533
43.9154
39.1097
42.6435
35.861
43.4445
38.1785
34.0216
43.578
43.932
41.5222
41.8577
40.1342
40.7364
34.6563
44.3835
30.6973
51.3132
40.5206
37.6254
37.8572
45.817
38.9817
32.7507
34.526
32.7524
32.9627
36.6961
36.1168
40.512
42.5539
32.8436
30.4243
30.4237
34.8541
41.8714
29.5878
31.881
39.4545
40.6626
36.841
32.8349
35.0056
40.5268
42.419
43.6572
33.0068
31.7962
35.7111
34.6467
29.9954
38.4921
32.964
35.9926
40.2969
29.4137
36.2097
36.5028
39.4553
38.4404
55.0499
49.7382
24.9302
37.2128
35.5659
37.9033
35.2862
37.3975
27.4574
26.006
32.0664
27.1286
33.3039
50.7664
38.1746
36.2297
38.2247
30.2373
48.6028
29.0276
35.6775
25.6816
29.4972
39.4287
40.284
42.2633
40.6744
30.6877
40.6922
43.2942
34.7938
39.0909
44.5112
44.6703
46.1083
43.9011
29.2096
46.9704
34.6173
43.0306
34.1899
36.589
39.556
43.9646
34.986
41.7398
41.4908
33.8971
34.7806
45.0781
40.6474
41.8877
53.2573
43.3275
40.888
37.5371
48.5055
31.2537
30.5741
28.9671
34.5689
34.056
29.4744
37.8373
31.17
35.5201
36.0058
46.7722
34.4674
39.412
31.8543
31.2333
35.3014
34.3147
32.9668
33.0666
39.9768
44.5853
36.7527
47.0658
35.1183
27.308
39.8597
56.2183
41.5698
35.2059
30.6564
36.0975
35.622
42.1769
40.1544
39.6741
55.0554
32.2224
37.8958
34.8565
32.9265
30.6071
36.7768
42.1821
56.0598
40.9731
45.7264
33.7758
32.2541
34.1653
30.8893
32.3224
35.8757
30.9497
31.4327
34.287
37.4575
44.4372
41.0543
36.9048
27.8645
36.4892
48.4209
29.4462
29.7762
36.5994
38.3407
30.3784
49.0338
30.5625
25.5271
35.8141
30.5431
43.1676
40.8177
31.8993
34.5993
37.3342
30.6112
38.8713
27.3773
26.629
29.0403
29.8586
41.7204
38.216
30.4748
42.9047
33.7059
39.9713
30.2348
40.8219
31.1552
35.9572
49.6469
33.5939
37.8531
41.9073
32.5436
36.1993
30.6714
38.6665
28.5732
35.5027
25.7555
25.5617
31.7976
31.6534
38.091
38.8452
33.3415
38.8559
35.674
28.103
37.1334
24.348
32.8411
31.7788
27.0233
34.6232
35.3567
49.096
33.8585
33.8282
39.5723
44.4092
32.2218
46.0457
36.8701
48.2605
53.0207
44.2515
41.103
50.1702
33.7244
42.7922
48.4968
37.6063
48.3028
41.3528
28.1163
46.7687
31.3361
37.3195
45.4983
41.3095
49.1975
32.1722
31.3365
42.8679
46.142
33.7637
32.9969
34.1508
33.3417
43.3884
45.5641
41.0315
37.8985
44.6144
43.6975
40.3189
34.2259
33.5609
34.6411
33.7766
31.7967
37.9061
44.6409
51.0532
45.3164
46.9206
33.1113
31.3781
42.6513
41.6413
27.6511
32.5091
37.7424
41.5666
47.6916
40.598
43.5993
31.5444
44.6925
44.7041
42.5283
40.7418
27.8854
35.5152
37.1437
27.3453
44.1109
33.3788
45.8077
42.4419
38.7267
31.0497
33.4964
32.5034
44.2765
41.6047
27.9788
30.6265
23.7574
46.4712
43.8491
40.5562
28.1271
34.9556
30.6089
40.6919
42.6359
38.8683
33.1675
31.9026
41.9425
48.7825
33.0697
45.1388
35.4906
38.8721
31.681
43.3889
35.6638
41.3493
34.373
41.3883
42.5411
39.4418
52.2268
45.7545
29.7919
35.6271
35.8765
40.3016
32.9571
31.1642
44.6933
34.9964
30.5992
34.4356
32.2278
29.5876
41.1536
37.5396
37.4825
41.7071
41.5483
50.1163
36.7881
35.5012
32.5452
34.5246
31.6196
39.2187
40.3499
29.9979
28.6861
42.8995
34.9739
38.6519
26.9319
27.8049
30.0865
26.9446
32.5373
38.3418
34.6099
52.7535
29.5003
51.1063
30.6527
37.7754
28.6641
35.9888
31.5031
28.9764
33.6037
33.7158
33.3675
35.1795
32.2662
30.0227
33.4677
35.2652
28.7887
35.1796
26.5562
40.0174
36.4503
35.7698
30.9963
34.6844
42.2974
31.2618
41.8289
38.3004
29.1782
46.7494
29.8631
40.1708
29.0949
27.3247
37.561
39.5629
40.5219
40.5917
38.1991
35.9359
32.7225
28.9945
41.0342
28.9794
34.5285
36.583
37.8756
41.1812
32.4748
42.1398
38.6736
33.1877
28.709
34.2305
26.6501
28.987
32.9875
35.7229
31.832
28.1328
40.5978
31.1977
30.6473
35.658
32.7478
33.5045
36.5388
27.8929
40.3787
46.5163
31.7361
38.9351
45.5489
36.708
35.4774
46.7114
38.6408
29.0993
34.5948
33.0642
38.5732
33.5141
29.6324
39.7366
39.8093
41.2608
33.9451
41.7114
39.8284
31.4709
52.4941
37.142
39.4161
45.1442
50.1873
31.2961
40.9889
41.7568
34.4409
44.8464
41.072
41.5078
49.1918
38.9683
41.3886
34.642
34.9536
40.7411
35.514
47.0525
44.0614
50.1462
34.2308
33.899
32.4572
39.534
47.6577
31.571
38.4579
38.8119
39.2228
43.1714
29.2133
33.4541
34.3762
36.1306
40.6424
40.7692
37.5952
50.2359
41.3762
45.6991
27.8894
40.8897
32.0228
35.5089
43.0148
37.6347
31.4479
32.407
35.7453
32.6567
39.6012
40.0077
52.4929
40.8581
32.6905
36.3966
38.7343
27.686
29.2343
40.8255
39.5309
38.6136
32.7306
36.709
26.6665
38.9637
40.4443
39.9653
35.8109
38.5094
32.5508
25.3451
37.7269
38.6062
37.6171
22.9137
46.0219
27.3608
30.094
34.0359
29.7221
43.9811
34.9859
33.4899
27.3863
33.2686
31.4847
39.0668
29.3219
32.5404
49.3341
40.7336
40.7665
38.3984
33.3332
34.3731
32.9445
29.6316
36.6752
28.7639
33.7096
33.0721
26.6908
38.6194
33.1798
27.872
34.3402
28.5615
44.4415
36.2556
25.9368
27.6403
36.7997
34.6435
30.1973
27.8906
29.526
41.1001
31.7019
37.8441
31.1736
50.1819
38.9612
33.3667
21.5016
28.7797
48.0887
32.5794
29.4303
27.4458
28.5911
39.7217
24.7259
49.0667
40.1604
39.1182
43.8096
53.0468
40.1976
35.0209
39.4902
37.7415
37.2088
37.0934
33.9765
41.4357
42.964
39.7181
29.1511
34.1204
41.4085
24.0851
33.4986
35.3556
30.057
42.006
38.2359
30.6964
29.6027
37.2282
36.159
31.608
32.2529
37.6729
40.606
40.3403
39.5115
37.6565
31.0113
36.7963
41.9965
37.6347
42.4602
40.2438
41.7525
45.2249
36.3393
45.6955
33.1164
33.29
22.0924
37.0449
43.0224
32.6137
31.6441
28.6968
31.1374
31.3614
30.2903
39.9098
38.9468
33.4007
26.977
45.7214
33.7331
31.8949
32.6074
45.7656
37.7753
27.4753
37.6929
43.1608
26.9524
34.2602
36.7062
38.1128
40.1824
36.73
26.375
39.625
27.5193
38.3939
36.9505
41.8671
30.7771
32.9058
46.8218
50.331
43.4013
44.4604
34.71
36.9208
37.0808
41.0024
32.644
43.5485
37.0042
40.8646
50.0259
45.8705
31.8732
35.5645
47.6876
55.2589
36.621
45.0711
42.3525
43.3278
38.3945
43.7259
33.174
30.7127
34.0113
53.2115
34.9185
34.4052
35.7372
42.4668
32.6232
34.3884
32.5212
35.3347
41.6965
42.5122
33.4936
42.4571
37.0305
35.2182
31.9122
53.7817
41.6618
47.5683
38.5692
37.2312
40.3304
41.0923
45.5143
43.8873
36.2241
31.9618
35.3666
61.1477
44.5431
59.4472
39.2643
37.0034
37.4225
40.8326
33.9546
44.1155
40.8158
41.7752
38.5536
43.5067
40.6105
61.1339
48.4589
51.264
33.7084
40.736
52.5253
47.5317
42.6642
38.8383
34.2809
34.1638
33.2857
52.0029
35.6784
43.4561
45.0561
52.7239
38.9893
48.4436
41.7604
46.1834
46.5563
43.788
51.1147
45.6708
33.2445
44.3906
58.9242
45.9002
42.9901
44.011
46.3791
31.4564
43.0954
43.2535
38.0502
45.3438
38.3546
37.5662
34.9519
48.7059
37.3563
35.8269
43.7055
