20.4331
13.4006
13.3898
32.5612
23.6112
21.8625
15.4461
15.7868
16.1085
27.1731
15.954
17.3741
14.2731
18.0477
27.8577
16.1631
16.3252
14.1615
19.0857
14.3723
16.7573
15.4095
22.1332
18.8957
21.6591
14.099
26.1476
13.7495
28.7943
14.9845
33.9233
17.0425
21.9947
23.6887
13.7992
23.8519
23.7103
22.0531
17.4866
16.0755
25.8371
12.9837
14.3996
14.9404
14.3145
16.5154
28.8769
24.0234
26.834
16.0327
26.9231
15.1456
15.7798
33.3341
21.5887
12.3042
15.3153
13.6822
19.901
13.1146
30.6389
24.4495
17.354
14.7647
20.5374
12.4277
19.5323
23.5987
13.7687
21.2495
15.847
14.7979
16.7451
27.5344
13.5815
15.9549
27.7783
13.6475
17.826
13.4115
15.2915
27.1157
13.455
17.8814
15.0301
14.2537
13.971
25.607
13.7374
15.2171
14.0707
14.8871
13.9957
18.3773
16.4039
23.4791
14.5415
24.273
20.074
18.2949
21.0906
13.5825
14.0192
28.0541
14.8561
14.4913
17.6983
16.3342
16.3078
32.5578
16.0102
28.4122
14.3287
24.2685
13.8345
19.8445
14.6191
20.2644
15.1352
27.4764
15.1313
23.1033
14.6637
15.4579
16.3292
23.4581
15.6356
19.9088
14.184
13.9881
30.8655
16.5181
15.798
21.1028
13.0011
26.3682
25.2669
13.5733
30.5122
17.1139
22.1907
20.5713
14.7338
25.1596
16.9142
16.1429
16.4498
26.5712
15.9458
27.6527
20.0107
19.2239
16.9123
29.0406
17.9357
16.279
18.3537
25.4591
27.4581
16.8797
21.2739
23.1696
12.5196
12.9131
18.8293
23.7632
14.0934
25.8621
13.3322
17.2929
15.1555
21.1781
13.884
21.1263
16.0262
20.9848
30.1103
18.5351
20.2778
24.2638
19.0523
21.4734
17.3747
19.3803
22.7576
15.1456
16.8716
22.7647
20.3796
23.9742
15.4828
16.5847
17.1651
16.6653
16.1918
18.1933
14.0721
13.9266
21.144
12.8824
20.7365
14.3834
26.9836
21.4971
18.6037
15.4379
28.4967
28.4472
29.9227
17.3673
17.6254
16.9564
19.9678
27.8569
14.7173
14.4639
25.6125
17.7419
16.7128
18.4055
16.7804
27.8356
15.6601
22.508
15.2315
14.7069
15.4686
26.3248
14.514
26.4462
26.3236
13.9564
25.5567
16.5557
15.5775
17.8644
23.7098
14.6409
17.6334
27.3598
22.6237
20.7162
18.8632
29.466
19.1973
27.4951
17.8896
18.3817
18.4137
15.1585
29.9265
23.3056
24.345
17.6269
17.7522
26.8996
17.9523
30.5566
15.5568
38.6801
24.6282
16.9739
15.6903
13.281
20.5734
15.7792
16.1438
16.1478
14.1292
27.2878
15.0751
29.7776
17.3754
34.2699
24.5726
17.7513
17.8593
29.1156
31.5555
28.6052
18.0657
28.4604
17.3742
24.0806
15.2027
15.3409
24.1682
15.7217
24.1303
19.8413
14.7656
19.4512
15.3258
14.7888
21.9658
14.3085
24.1129
13.4747
16.1474
13.157
30.903
17.4779
20.9707
15.8331
14.5026
16.3549
16.6495
16.2245
21.6258
16.5306
24.3618
15.6602
17.2563
16.4181
15.9389
15.4347
14.7702
13.8144
17.115
17.1862
12.8286
15.5288
16.7447
16.2778
23.4843
14.1679
19.6505
13.5766
20.0502
25.822
13.9603
17.1468
14.9111
23.6529
15.5305
20.8667
15.4366
29.4563
16.6693
14.9533
25.3317
21.9586
25.8582
13.2954
16.3382
13.2919
11.4756
16.2546
11.2136
13.0178
12.1215
11.8203
18.7252
13.8758
12.8166
30.2504
21.5458
20.9701
29.8209
32.1054
16.1585
20.4865
18.647
17.0311
15.9653
23.8255
16.2389
14.6689
13.8873
18.598
23.6722
30.2385
16.1179
20.6497
14.0511
13.9138
15.2018
15.2603
14.2142
17.2893
16.9713
14.4076
24.5289
25.7251
26.4879
16.1385
15.3733
15.3633
21.1557
13.832
24.7152
16.0625
15.3182
19.1528
14.5658
16.7955
16.2799
13.2281
13.7813
15.4069
14.6589
15.0614
28.9284
18.3485
18.8361
15.109
17.8641
27.8532
18.7405
25.4691
13.0318
22.1355
26.593
17.8341
12.1767
23.7516
12.9192
12.9271
28.0889
13.9771
17.5273
27.6565
14.9622
24.329
15.3049
14.872
25.8042
20.9787
11.4647
19.042
14.2689
14.9757
14.3874
15.052
13.8913
15.5071
20.3621
16.4989
26.9474
16.3469
36.3208
19.9372
25.8322
16.0819
17.6441
13.8306
12.9442
13.2818
12.6036
16.107
31.8919
22.9395
22.4485
13.9653
27.0626
12.2534
11.609
23.4372
13.8673
26.5439
12.9729
28.6388
17.3305
28.753
19.3325
18.9544
22.5888
30.9777
16.8959
21.3332
16.0777
15.9087
15.7943
25.742
15.2502
20.5164
29.8291
15.2323
19.663
13.315
18.2058
18.9971
18.4439
13.0987
26.7134
14.2678
21.2844
22.5106
23.0508
18.0957
20.3735
24.0065
15.918
19.3759
18.0053
20.272
17.5454
22.1606
18.7167
19.6148
17.2516
19.8054
17.354
19.6295
15.5703
17.9801
28.7518
15.352
21.4496
17.0298
16.8056
26.3473
17.1911
16.6761
16.1476
18.8113
17.3218
18.3734
17.4562
16.016
16.0311
19.8619
19.1982
15.8926
29.5537
15.7133
16.8957
15.3484
13.5971
15.951
12.7759
22.372
16.3252
11.4844
18.9384
24.9098
24.5036
14.37
16.1873
12.7347
22.0354
12.158
14.973
12.7345
16.1872
25.5481
14.1458
16.9611
23.0781
15.8702
19.0739
12.6973
11.0182
15.0661
13.1404
13.5168
14.491
16.2451
13.8484
26.2918
13.5283
22.4608
11.2807
24.3903
13.4572
13.8168
16.0482
14.7068
16.8316
16.4693
19.2153
16.4551
14.8448
20.9899
13.9646
17.71
15.2628
15.2582
15.9731
15.0856
16.4961
16.457
15.1033
25.5237
20.8726
28.109
15.1063
28.7227
14.5806
29.8215
17.7952
19.1107
17.009
28.3262
21.6916
16.0641
29.8375
16.3684
33.7649
18.2086
20.8744
16.5915
16.6457
23.9616
17.167
19.8942
18.4652
17.8858
17.5152
16.4493
15.2255
17.2273
16.7473
31.6001
15.4239
28.3494
15.3808
23.2964
11.4086
20.2029
13.8329
11.2069
20.8318
12.2646
13.8624
25.0506
13.8408
11.4165
10.7794
25.3723
13.2275
18.6761
13.3539
14.3595
24.9399
14.2873
15.7338
28.4211
15.5067
16.3064
17.213
26.1313
21.1454
16.8399
25.4098
17.2046
16.8073
22.926
28.2001
19.8366
15.5721
17.0121
18.253
21.6626
17.207
18.1341
23.2631
18.7064
16.7859
18.7838
25.3568
17.5262
18.4229
17.9284
15.2454
16.4201
26.3037
18.0864
16.247
16.6903
22.5175
18.9082
30.0634
16.3302
17.7145
17.4351
15.2538
16.0715
17.335
17.301
23.1265
16.7768
24.7871
18.2874
16.2072
17.9127
15.748
15.2256
14.7433
19.1451
14.6613
14.3508
26.9521
14.964
14.7428
13.9021
13.7459
12.8606
13.7537
13.2971
13.0671
13.9977
19.6561
14.7609
25.0539
26.6794
16.847
23.5106
22.7117
15.1567
14.247
19.7293
14.4362
25.3767
15.6393
28.6747
29.255
16.4906
14.9636
19.5188
15.9992
20.026
29.1845
16.2324
13.3062
12.9022
16.486
15.8929
13.2239
18.386
27.6066
16.2915
15.3527
14.0968
26.2637
17.6919
25.616
14.5583
18.6114
20.5967
13.699
25.0785
14.8133
26.0731
15.1472
20.255
15.1448
19.1084
16.2955
20.4452
14.4729
19.3325
15.5069
17.2948
16.4254
26.097
15.5928
24.5102
16.4851
17.1717
24.9676
14.3137
13.9114
22.5462
13.105
14.5308
12.187
25.2364
23.3562
13.4642
16.1978
23.1497
15.5245
22.3063
11.8202
16.1761
12.2305
17.1558
11.9123
14.8269
12.3225
13.7616
25.7932
14.9311
23.6642
14.7915
20.8144
14.3654
15.0417
21.0645
28.205
15.2965
15.9252
16.8009
15.6299
16.3456
19.2779
14.9803
18.7948
27.9226
21.737
15.7572
16.4832
16.0918
23.9474
16.477
28.9249
19.8527
26.9339
21.2792
17.3336
19.0753
21.9743
25.7969
15.6893
30.8106
18.6582
20.8555
19.0224
15.9872
22.1261
14.5694
20.3667
20.6212
15.9674
12.2367
12.869
11.8834
13.5471
14.0414
13.0283
18.4723
21.8223
12.9229
20.0704
14.7935
17.0354
19.9162
17.9181
14.6937
15.818
31.67
14.4359
27.1943
15.5112
13.2948
29.6215
20.0961
13.8607
14.7018
11.9798
22.0432
15.6216
17.7403
11.8386
11.3171
12.4221
12.4579
26.9108
16.6774
25.4438
19.3845
13.6404
14.9273
18.2653
25.4733
14.4661
12.8014
22.3821
15.0211
19.4791
17.4327
15.0684
15.0968
14.422
19.9046
14.3249
15.7574
13.8071
17.1462
13.5028
22.3666
12.3894
15.9433
26.1642
14.915
12.8818
26.459
35.2191
17.8232
15.3346
16.2043
26.5828
21.3108
27.9608
17.8295
17.1669
29.0671
32.749
16.8493
34.7962
18.6602
29.1707
18.2952
29.6317
18.3022
23.7065
18.5752
17.8761
17.7878
25.3223
16.0156
27.5657
15.7849
17.8365
30.225
29.3121
17.7954
36.0993
20.9541
20.5602
14.8012
22.3764
16.0138
13.9085
18.6233
16.2923
15.4607
14.3267
14.2711
15.0857
14.4951
26.7335
15.9485
14.0103
14.4605
18.4835
25.9638
16.0234
31.4926
15.0941
20.9346
17.7982
20.8479
33.552
20.9692
19.6242
17.14
30.8662
22.0359
23.2256
16.9862
17.8194
19.0966
17.037
28.9008
22.57
15.2608
17.2664
16.6845
19.0438
16.1357
31.341
17.5223
18.5211
15.2065
19.8037
16.5997
14.1374
19.5654
26.3146
12.954
19.9421
13.7889
24.0074
13.5035
16.0993
22.3634
11.5118
23.1378
12.8475
21.9765
21.5401
12.9156
13.3109
22.565
16.1311
28.5111
13.4789
22.8768
13.7104
22.9396
12.7486
23.7128
14.8289
13.898
25.5024
14.8316
18.5904
27.0192
28.5116
16.0568
16.1445
29.2661
18.3499
19.6446
15.9831
15.6234
13.0703
14.6762
17.4825
32.2381
17.843
14.0837
14.3097
16.4268
13.7265
11.0815
13.7772
12.1709
11.1776
18.2401
15.336
9.28902
8.74894
21.1571
14.558
18.1097
11.1544
14.6119
15.1746
18.6203
23.2729
15.5886
22.2026
12.0251
13.7568
20.6955
13.6494
11.4807
18.1621
12.4964
14.4248
24.5816
16.6328
25.9963
15.5809
15.122
26.1473
15.8036
29.7358
18.6274
17.1141
17.3813
17.0274
28.6211
22.4594
19.1094
20.7659
18.5287
15.2257
27.2644
18.2185
25.6389
17.071
21.6875
17.0012
22.8793
28.9177
24.8096
16.8346
15.1071
28.7349
19.4114
11.9415
18.8389
16.4767
13.27
15.0278
24.0075
13.0946
14.0978
12.0266
24.474
19.0083
16.5802
14.9401
24.012
16.0261
15.6307
15.9861
16.3606
21.6428
17.331
19.2053
16.4445
27.9963
14.5888
18.567
14.8518
15.5993
13.8458
28.0012
15.454
20.4401
13.8449
15.1464
16.6657
32.5351
18.4981
16.7738
15.3367
14.5012
20.724
20.8874
17.4218
16.4831
14.8183
17.9435
12.6825
16.481
34.8089
18.9092
12.7323
13.0287
13.4009
25.8372
27.3162
16.2364
24.8032
17.9414
18.8344
26.0991
16.827
15.2714
14.6231
19.5175
15.2425
21.1203
15.0612
16.0319
18.9787
13.3617
25.27
21.6011
14.6671
17.1103
13.9473
13.8112
31.8672
17.8121
14.9675
24.795
14.0341
17.9936
13.0526
15.6214
16.2312
18.2422
16.3634
19.5207
27.9372
17.4728
22.0404
29.7446
16.1366
17.999
15.2911
15.2497
14.8187
27.9402
15.7986
20.7971
14.0785
26.6738
15.1065
16.2266
28.556
20.6734
25.3722
22.0933
12.8358
12.7808
21.8329
14.3739
13.7727
23.5541
17.1169
13.0062
23.1875
22.0727
20.5922
16.5674
15.4157
13.624
14.3029
30.7163
26.1816
18.7757
17.457
15.9832
25.2135
14.5751
24.357
21.5831
19.8094
15.6136
15.6836
21.9828
15.8887
21.6078
14.6171
16.1142
13.8322
17.1495
20.5121
14.9691
16.7598
15.9485
12.8673
11.9849
12.588
24.0492
12.748
11.7922
14.6273
13.2649
15.1156
21.5527
15.2741
28.82
16.2162
28.5827
15.2072
22.4171
12.082
13.1613
13.9219
13.8996
19.0888
13.6482
24.2535
15.0913
17.2089
27.5397
32.2614
16.3059
19.0513
18.3536
23.9529
16.1075
19.8528
22.2036
15.9612
33.2116
15.9905
18.7283
19.1692
25.3381
16.416
18.6354
27.2838
15.4024
29.9715
14.0103
17.4117
15.6187
15.1798
13.3754
12.3917
14.149
14.627
12.0712
18.8412
12.484
17.0248
18.2849
21.7845
22.5772
15.7695
23.3971
16.5499
13.438
17.3142
12.9825
20.0968
17.0954
18.2314
29.3093
14.807
20.9966
16.6618
17.4601
16.0668
18.3337
15.5465
17.5117
15.2091
26.8323
25.3234
16.4151
32.9618
22.6955
22.1998
16.159
13.6615
13.6484
16.291
15.5556
19.1267
24.2658
13.6414
16.2273
27.0215
25.2027
16.4367
29.3101
24.773
15.2355
17.0416
21.6937
14.7555
29.1748
15.1783
17.0184
16.5768
17.2547
25.4125
15.7249
29.8149
15.3045
26.0603
28.7506
17.1589
16.8596
21.9095
16.6397
18.8372
20.4325
21.3566
18.2605
27.1968
19.6115
20.1278
18.9956
18.7119
20.1648
16.809
26.3886
32.0069
17.4644
16.5251
16.8531
20.2853
20.4215
24.251
16.5306
30.8863
21.6745
15.7929
16.3173
17.8722
14.6833
14.2055
14.613
25.7831
16.8349
15.5603
19.9516
14.088
18.6931
19.3383
24.5788
17.8544
15.725
29.4689
14.7109
18.5241
16.5451
15.8818
17.0984
17.322
22.8066
16.6274
29.639
17.1615
16.9995
17.4587
17.3825
17.3196
16.6672
19.4747
17.3863
18.5079
21.783
26.6216
17.0115
34.3261
19.9352
19.2862
25.9661
19.5103
16.5274
17.1305
21.9134
16.1317
15.4707
19.1124
14.7487
15.8455
24.8387
16.7487
13.0867
16.6416
11.5817
24.2394
14.9553
17.1932
13.6433
18.8514
17.1272
11.5146
21.0825
12.4092
21.5471
12.2832
14.8216
12.2965
11.6372
26.4682
14.5108
26.1427
14.8528
13.7075
13.3692
16.6517
14.8152
12.2195
11.7726
17.2432
13.7669
24.4536
11.8336
24.8035
12.5786
25.8707
12.228
16.3356
15.4277
12.0046
14.0713
14.1733
20.668
11.4642
13.2928
19.8711
14.2252
19.2915
24.9865
17.1485
12.7651
17.522
11.2155
11.6464
26.3583
14.2614
11.6274
15.4296
20.6494
15.1702
15.1443
13.939
16.1541
22.2376
12.4934
13.3722
22.293
17.9499
18.6637
16.4332
15.3312
15.5951
15.7346
12.5839
16.0742
14.768
15.3574
30.5166
18.0668
13.0713
28.6483
15.6761
14.8326
20.9221
13.5255
16.0819
23.7265
14.4093
27.4882
14.8019
24.1007
18.0305
12.6823
14.3631
10.8633
12.2116
13.7967
14.2301
19.5971
15.8834
18.431
12.3912
28.7239
22.7738
12.0367
20.9977
23.0402
14.5058
20.0253
13.7686
23.4136
12.0431
23.3875
23.249
21.5754
22.4237
18.952
11.8739
17.2828
20.3914
13.2218
17.4405
15.0157
20.208
28.2139
13.5967
16.5113
16.6844
14.0213
19.4095
18.218
14.9003
18.8459
16.1899
28.2792
16.5091
20.2878
16.3092
31.488
26.1398
16.3216
17.6541
28.0591
14.6501
14.5678
33.4188
20.063
16.9385
26.8542
15.3595
16.8883
19.1956
20.9501
15.0302
17.8061
20.6262
15.0205
25.5512
23.0151
29.7389
24.3782
15.3862
26.1431
17.7636
14.0122
30.5949
14.719
28.5016
15.6584
13.5667
29.4445
17.4129
23.2092
15.9917
22.936
27.8719
15.8096
13.2173
19.467
14.5006
21.3875
13.9948
15.9525
13.3565
10.3161
18.8384
11.3842
19.6624
20.9317
18.497
11.1641
29.0633
12.3707
17.0346
11.0984
12.4941
13.7395
22.8286
12.0112
23.4363
12.6102
13.7399
22.9995
19.6287
14.7882
14.0517
12.9261
13.1545
21.9967
12.4679
24.142
13.8757
13.2284
23.7055
24.3462
18.1263
13.2054
16.5348
12.9152
22.2064
23.2352
21.2121
21.1264
23.357
14.6184
18.4377
14.7354
18.3243
24.0563
17.4818
31.2391
15.0552
27.761
18.673
26.9316
35.71
31.5709
29.2046
24.0703
22.4544
22.8595
21.2789
21.4775
21.6594
19.6099
27.695
38.9984
22.5586
22.5793
25.656
29.3974
36.7759
22.0957
23.4899
16.1481
18.9133
16.3191
25.1488
17.0442
22.0676
15.6599
17.5728
18.0441
18.7383
16.243
18.8907
26.3038
15.5145
22.5079
16.9534
26.5742
25.2041
14.4959
16.3029
15.5381
26.0261
15.1173
36.4619
23.5613
14.7605
15.2203
26.0203
26.242
27.7636
15.4976
17.9757
21.5184
15.5038
17.4494
21.5822
19.4547
21.0901
17.9085
14.3199
14.8538
20.8836
15.6122
16.4614
27.5903
14.2952
14.9563
26.8259
18.4589
16.561
31.0932
17.5266
19.5838
17.6435
16.0245
16.2062
17.5805
15.2178
14.6101
16.7878
23.6267
30.2901
25.6978
14.3855
17.7969
27.5016
26.6067
14.2488
12.0065
21.584
16.4767
12.3955
17.4093
14.5
14.3494
26.0388
13.3174
22.5378
15.2285
23.5502
13.2723
21.2232
13.8516
27.3712
13.7826
25.8066
26.1495
14.0262
19.051
16.8015
30.364
21.4761
17.8785
24.918
16.1101
18.7187
24.3917
12.7413
22.3866
17.7145
24.9662
15.6407
29.5284
17.7801
24.1634
14.9588
14.4999
19.8386
14.7356
18.1763
14.064
28.0977
18.6136
27.5176
16.8465
14.677
19.7981
16.8967
14.7446
16.5378
17.492
15.232
14.9981
16.1608
32.1172
16.0349
17.6037
17.1525
15.5955
15.64
18.8965
14.7604
13.1463
16.7875
12.9357
22.1776
13.3972
34.8132
13.7489
19.0062
14.7193
11.9757
18.3868
12.6958
29.0428
18.0045
13.919
16.0205
14.8915
18.1263
26.9647
23.3902
17.4619
17.6081
24.3068
23.3481
30.373
17.2581
33.7639
17.6583
17.503
19.5792
16.0967
18.3136
17.7692
15.38
29.7851
17.3249
27.9735
17.9951
28.2018
17.5181
18.2929
19.5608
30.3523
42.4477
23.5376
19.3495
24.1162
19.0242
25.3698
18.5719
23.2778
42.3306
25.1135
23.7436
21.267
19.8168
18.5879
21.4963
16.9072
16.5234
16.1302
27.6982
16.0725
17.6327
17.1352
17.0245
17.7252
17.2876
15.3883
23.664
16.5473
15.8244
15.2597
18.3569
16.0933
25.4645
20.7757
29.1976
15.9005
15.5679
18.695
18.6296
18.8768
18.2318
32.7056
22.5834
18.445
20.7403
18.5591
24.7782
18.693
19.8616
27.1541
21.0279
18.6846
18.2571
19.9332
21.6353
19.9808
18.7033
23.2026
19.6659
17.3189
16.5936
25.6059
13.7713
15.8145
19.7134
16.4323
13.774
14.1802
20.9647
13.9813
24.73
28.3825
14.249
16.5689
14.4058
25.5713
14.1995
16.7717
20.7319
16.6822
16.7287
23.1826
22.4917
12.8651
15.0608
11.348
12.9622
26.5663
12.5559
22.9886
19.4342
22.3425
13.0367
20.648
13.4216
11.9326
23.8609
16.4581
19.4572
16.2519
16.2561
19.7753
11.0703
9.94477
16.3505
10.7403
17.8598
11.9385
12.5922
13.2688
19.563
16.5346
30.8342
17.7534
28.5017
18.7662
16.5148
15.8951
17.1648
17.895
34.8059
27.9974
15.8297
32.6588
20.9933
18.7223
15.5708
22.1757
27.8594
15.2223
22.1045
25.7325
26.6854
15.4501
19.8252
15.1042
15.021
20.0407
13.631
19.6218
18.9765
13.3695
29.0321
22.7745
12.5996
18.053
11.03
12.1775
13.6887
24.693
14.6436
12.1928
26.8672
15.7029
15.474
12.3009
24.9162
19.0132
14.963
28.7128
14.8501
19.5486
14.086
13.5143
26.4063
20.2054
20.5006
16.1336
24.5185
14.7035
28.6915
17.2289
24.9293
17.118
27.7026
15.9371
19.9507
14.0288
22.1875
27.8524
17.1659
17.5313
15.9589
23.6785
15.4487
29.9308
22.8248
29.2664
14.9695
29.4604
16.2775
14.5682
23.5556
11.297
24.2978
11.7439
18.1683
12.8949
12.5882
10.2547
23.6894
14.1276
15.1465
22.6493
14.4903
28.357
23.0459
16.8425
26.3944
14.6086
20.2757
28.9767
17.3313
16.7504
15.8374
17.0861
28.0906
15.4352
18.4493
17.7614
16.6562
18.0436
18.2424
17.564
19.785
37.069
23.6544
27.8828
12.8757
24.2785
26.4936
15.8791
19.3526
26.7052
16.2962
16.3611
24.8085
14.7573
20.1511
24.4698
16.6889
23.443
22.1443
17.9059
13.9686
23.1661
16.6007
27.566
22.4223
23.9352
14.8739
22.0409
13.4793
13.8512
33.6389
12.588
14.9047
23.9674
18.3983
15.4257
22.6193
14.3224
14.9742
17.9585
15.1883
16.2433
23.2246
13.7323
29.4551
22.087
12.5954
24.6457
24.1876
23.481
16.8087
13.5247
21.5377
17.5606
15.1628
13.8029
26.0441
15.3058
17.7084
15.9696
20.5435
13.8541
26.6995
15.034
16.1022
20.1413
13.687
31.8837
16.755
16.4227
15.9033
27.5105
14.0119
13.7343
17.5007
18.8816
26.0699
13.3299
22.7569
14.5411
33.2818
15.0893
16.7626
16.5117
23.6255
16.2884
17.6864
16.6764
25.5488
16.1291
23.1323
14.6067
15.9909
16.3841
16.6994
28.5176
29.9888
17.0924
30.4076
16.068
24.8572
20.2175
26.703
20.6186
15.3143
15.3187
21.0989
30.8106
21.707
18.7128
14.9736
31.0435
16.2038
24.4755
15.0263
33.0045
18.9918
29.9779
24.992
15.8034
25.4857
18.9814
22.3241
15.682
13.6815
16.0049
13.8686
29.7256
14.6987
30.0093
15.2666
33.5195
22.1279
20.1344
20.1976
14.5482
18.1101
13.0538
15.4962
26.9918
13.8845
15.1987
24.3021
21.6144
22.9612
16.8024
28.5554
17.4138
34.7296
29.1137
31.0808
17.8664
17.567
39.7165
22.1485
37.4304
17.2728
25.6418
20.6425
17.0769
20.5022
16.9643
22.2264
38.4458
18.9006
19.7657
31.528
23.053
15.0509
30.1328
23.0367
15.7158
15.6671
15.8152
28.2618
17.6649
30.7758
20.657
23.8653
16.2138
19.127
26.0872
16.0812
27.1038
19.6873
21.9532
18.439
17.6196
28.2925
16.4266
20.781
24.3706
29.3057
18.1527
22.401
15.1183
27.0487
14.3413
16.8215
15.6129
26.2846
17.2189
25.7194
24.945
15.4442
14.043
22.0486
17.6751
14.8668
23.9339
18.7156
17.0557
16.2411
15.5428
22.5551
24.2068
18.8461
22.9014
20.3779
18.1129
19.0712
18.5551
19.1078
17.3429
29.2989
15.5049
17.4113
14.3482
13.8048
24.7655
30.6155
18.1155
16.814
12.1894
17.8909
14.4596
15.6899
29.5166
20.395
16.73
16.6738
25.1851
17.9903
16.0267
17.6653
16.8229
19.4359
16.3368
24.6017
24.4618
16.0081
23.393
23.8708
19.671
25.9319
21.0537
16.5437
16.2685
13.8374
13.2192
27.2111
12.8221
28.1704
14.872
19.52
14.0354
11.4369
21.9298
19.685
15.4601
13.5731
13.0757
19.9015
13.5553
24.5703
16.9282
14.0709
27.5665
15.4154
13.9932
12.2099
14.5327
15.8309
14.4659
21.4038
26.4403
27.885
17.9919
21.4917
13.9525
31.1272
18.6974
21.0693
19.4523
25.3011
14.8595
13.8529
17.2751
13.8697
12.5639
24.8607
10.3257
15.2169
24.8976
15.0213
14.7037
15.2449
12.4891
21.7175
15.2464
17.0593
17.1597
21.6619
17.6881
17.9062
24.6948
17.1117
19.4995
17.3013
19.6834
17.0178
26.2837
17.0834
17.5501
17.9894
19.1228
19.2466
16.1162
16.9011
31.8748
18.8758
16.4354
19.6198
25.157
25.028
13.4879
13.2978
13.8509
14.3719
14.947
15.0055
15.0829
15.1879
23.7094
15.5597
21.8273
15.4512
23.2054
16.449
16.1959
16.4896
15.9725
14.7877
26.6454
23.5163
19.112
18.5408
17.03
19.8399
31.3476
18.6984
18.8459
20.7011
31.3442
38.4406
17.9881
20.6123
17.8198
20.8452
17.7429
21.9146
17.0312
31.5326
16.2732
18.6707
14.6009
13.0876
22.751
13.0651
24.1147
16.312
18.9778
13.9713
12.1085
11.3352
13.8508
14.7543
15.6299
13.7579
11.5829
23.3005
12.6981
17.2009
19.1599
17.7577
23.7435
14.5607
18.6934
14.1543
19.2649
15.6557
25.9269
14.7812
17.1225
18.8748
21.3105
29.0676
16.3074
31.3645
25.2373
13.2117
21.9212
15.6343
13.7208
12.6952
19.3598
16.6317
32.242
14.6805
13.1713
24.7486
13.8966
16.47
23.2821
13.2957
27.3205
26.1098
16.7476
14.4479
15.7683
13.6252
18.2702
14.5547
15.5334
12.6914
27.3005
13.8564
26.4016
22.5406
17.9463
17.6362
13.7626
15.0515
15.8366
19.2657
13.7408
14.1289
12.6511
14.3982
21.1137
26.812
15.2445
12.9257
14.8123
14.1398
30.4758
17.4584
28.2831
16.8047
19.9692
29.7392
16.4904
19.6775
16.7859
19.0719
17.6937
22.9669
17.07
25.2551
27.0082
17.392
31.7579
19.1445
20.5361
27.0469
18.9452
26.0646
19.208
34.8951
19.2889
31.2649
20.5305
26.5144
18.9738
32.7277
19.2579
19.4675
17.1966
18.0131
19.2047
16.5575
16.3062
18.0345
26.7046
15.7571
31.8474
24.9655
14.3685
18.9851
13.4235
16.6715
14.1208
21.8464
27.4746
15.364
14.9373
27.997
27.1243
16.3364
26.6133
15.6565
15.7274
23.2684
22.0517
18.2343
17.0265
23.653
13.3001
17.1702
18.1401
23.619
15.2872
31.7363
15.996
28.867
14.9329
15.722
23.7094
14.9359
18.911
31.5087
17.6114
20.7808
15.5084
16.5345
22.2399
14.928
12.778
23.9631
15.3457
14.7965
28.1697
27.1981
16.9272
23.531
17.4305
15.5294
17.1841
26.9892
14.8787
25.8513
22.3882
28.7467
15.1052
16.5359
27.3267
13.9016
25.8462
14.9845
15.8588
23.81
15.365
30.0638
23.6563
15.3876
18.1289
17.7819
18.2133
18.1255
18.6541
19.4463
20.5914
18.1272
25.2773
31.4137
32.8278
19.297
35.4145
20.5815
32.2186
38.7125
34.3696
19.0735
40.4038
20.5336
29.0039
29.8044
24.8021
18.2743
23.0545
19.9748
24.4556
20.6109
19.8359
32.4821
20.163
21.1533
20.4278
34.404
21.2878
42.2659
22.95
39.2696
22.0422
34.5607
26.2306
28.5108
22.4665
41.5699
37.4453
38.6859
31.1441
24.8232
40.2941
26.9154
27.0635
26.4713
33.5765
44.9724
36.0501
38.1557
32.7001
23.8101
23.6137
13.9464
13.5665
15.2452
17.8301
27.0602
19.225
17.6277
16.988
15.328
26.6627
15.4111
28.6583
14.4072
19.6929
17.3319
29.3195
18.7396
33.04
16.3883
26.8786
17.345
28.5464
17.1012
22.2566
20.5023
30.2445
15.4088
16.921
15.721
17.4117
15.2777
28.7689
28.8492
15.2174
23.5068
16.9727
14.8048
28.8488
14.8467
28.5576
16.9054
30.3625
16.2384
22.6181
17.1972
18.2776
17.5367
15.9403
16.591
24.6572
14.9196
21.8811
27.0822
16.0707
22.9585
28.6262
27.6244
18.7617
16.3735
15.6572
27.0461
13.1141
29.9999
17.6374
21.0893
14.529
14.0095
26.699
17.2823
23.4624
13.3145
19.0525
17.8386
25.4666
26.5907
16.451
17.9969
18.7884
22.2635
13.7946
13.5322
17.1173
13.1691
15.0817
15.1257
17.516
18.3181
18.2405
14.6352
21.9902
15.5027
15.1312
18.841
22.1954
14.3578
15.1637
14.2403
15.5382
16.3092
20.2243
20.6179
15.8074
16.4397
14.081
13.3936
19.1192
14.1275
20.8744
14.5213
17.1336
27.3689
22.3917
27.7486
15.157
25.9443
14.0773
30.1162
27.0133
26.3065
14.483
27.4048
29.2691
14.7533
26.7253
22.2705
21.07
15.2216
13.3358
16.1329
25.1678
25.2645
15.171
33.9919
17.8234
25.0264
16.7754
15.8972
25.8148
15.2168
19.0918
22.499
16.0458
36.949
18.4319
21.9961
23.3513
27.6031
20.951
19.2783
37.6862
17.9119
33.5184
16.293
17.7907
19.8584
16.7568
21.8692
14.8198
17.9099
24.934
15.5385
16.5148
18.9453
30.0645
14.9568
15.971
17.8259
31.6044
17.0261
17.2721
30.0604
16.1209
21.0066
25.8648
26.2184
16.27
25.0553
20.0738
15.6785
25.9498
15.5858
18.6416
13.6
14.5031
26.1258
25.1277
22.348
20.1268
15.81
13.9787
12.4889
13.2093
15.8777
13.3257
24.4532
16.4337
11.4666
16.4448
26.2497
17.5311
13.6136
14.3083
8.90838
15.891
13.5319
15.2271
14.4253
22.7992
15.9984
18.3115
22.3264
19.8338
14.9144
14.787
12.1975
18.1508
12.2356
10.2127
19.3017
11.5516
26.8524
12.7098
17.869
26.5735
15.9278
15.6676
15.1052
20.418
15.8491
17.3739
32.9598
19.0112
14.7594
14.5586
14.6361
14.5993
19.5044
12.1433
30.7434
13.1161
28.014
17.356
19.9184
12.9572
13.7709
13.7241
13.5443
16.7558
18.1057
12.1989
28.0742
14.969
15.8774
16.0991
16.5288
15.4584
29.6884
15.5829
20.6017
15.2817
24.4745
15.7443
32.5929
17.0247
14.6928
23.9324
20.477
30.2902
27.7799
18.9096
16.2398
14.8635
18.2325
14.5166
30.1578
14.2811
19.7632
15.0968
13.3506
23.5007
14.8046
14.1841
27.0484
13.2388
29.1362
27.7428
15.595
19.759
15.0417
14.9504
29.5698
15.3368
34.6161
20.8722
23.0846
17.4116
22.376
18.3153
16.1607
32.0795
20.1629
14.6483
14.0705
12.4464
17.5372
14.0358
21.5172
14.0196
24.4159
20.4463
25.1528
24.4592
13.5737
13.5132
24.9759
13.993
16.324
12.299
24.7245
15.1426
12.4663
27.1018
13.6964
20.3672
27.2794
15.6744
15.0893
13.1363
22.2
14.8489
24.0406
14.5871
19.4055
13.2804
29.1595
20.7671
14.3987
13.7756
27.6014
13.8167
29.3912
13.6085
18.3892
12.5474
16.5195
13.7192
27.7259
16.8776
14.4714
13.2737
19.3197
11.8924
24.5671
13.4237
13.3894
27.3155
13.9183
11.5932
17.1285
12.7425
14.7364
14.2019
17.0846
13.1086
25.6693
23.4559
14.0403
17.7779
14.0937
17.8232
12.1977
29.5263
14.9901
14.188
13.3691
22.7028
14.144
21.6289
14.7799
13.8087
17.5401
13.9101
24.1374
26.0306
14.832
18.2411
14.7972
14.0934
21.9645
14.9807
15.6169
13.0997
16.0367
14.5696
13.4454
13.6402
25.1091
13.603
23.7529
14.6123
13.8522
10.3712
23.3111
20.7644
12.8014
30.3958
14.7595
17.1819
15.6202
15.0407
22.9288
17.7927
16.9447
14.5716
28.1768
14.9722
20.7677
15.8119
22.0183
14.0981
25.7042
26.7202
15.5678
16.3988
14.9081
15.5574
29.4248
15.7693
22.6738
14.0563
13.4615
13.5695
15.0412
24.7626
13.0049
26.0954
13.622
13.474
26.0062
14.7435
12.7242
14.4553
11.1948
14.0133
14.8191
25.7551
13.9464
11.9985
12.5809
13.3938
14.2927
16.1931
12.3895
22.6492
13.2879
12.2568
17.5557
23.8517
14.69
15.7618
25.8998
18.8628
15.8113
27.0857
32.9996
21.1966
22.6495
16.3386
15.9145
18.8055
17.0447
13.5717
16.6668
14.1818
13.7536
28.4113
24.9739
13.9934
14.7486
14.0427
28.4907
14.3747
17.1234
17.2642
22.0316
23.0626
15.6679
25.6128
17.0159
17.7602
19.3437
18.15
18.1701
16.8132
21.157
17.2856
23.2849
25.9389
16.8832
16.8521
17.1244
16.6071
15.814
18.9409
32.3092
18.5419
17.5675
13.9885
26.6428
14.8768
14.0029
25.2981
18.4021
14.9198
35.9385
17.4784
14.9006
14.432
13.5286
20.2018
12.8818
13.9066
11.4297
12.5617
11.7299
18.0503
13.0107
13.3329
25.7513
13.9507
16.5259
23.7135
14.5924
18.6289
16.2062
15.5824
17.3159
31.0361
17.5268
29.6659
16.3158
25.934
33.1575
19.8127
30.1651
17.9331
19.4243
16.2992
20.1925
21.6535
17.0964
29.6268
16.4063
28.7443
18.0169
26.7867
28.6302
16.6677
33.4312
18.0038
16.6327
16.0508
16.1184
31.9519
17.0079
30.5782
17.8665
16.9774
14.2935
14.6969
13.8541
13.7967
25.4294
22.0833
13.8357
14.858
17.9642
13.5376
23.8645
23.6192
14.4578
17.082
18.5714
13.771
13.7487
15.2717
23.756
12.9214
21.8484
12.4406
24.5385
19.6126
11.7809
10.6197
20.2955
20.0977
12.4672
12.8168
16.6749
11.3656
11.4983
12.8551
10.5874
18.6805
13.7586
19.5551
13.6792
14.6013
16.9925
22.5209
19.359
21.0188
14.9595
18.1172
17.9399
27.9897
31.233
22.2613
19.0597
17.246
17.292
14.8001
17.1318
15.6492
14.2231
14.4946
13.9799
15.3331
16.8535
14.3129
25.0195
14.5972
13.2786
18.955
13.1807
12.2433
13.3077
13.7008
14.2752
23.7372
14.4918
24.4206
13.4162
24.7887
13.4091
26.4214
15.8865
12.4126
26.6887
10.3981
27.1675
12.9834
28.3368
14.4037
18.9515
23.376
17.6792
17.0628
13.5493
15.2132
22.857
13.0199
19.0687
25.5932
14.2427
14.4093
18.8677
13.5106
16.0905
15.8608
13.6308
22.8045
12.6266
14.7135
16.8712
23.5756
12.7463
15.2768
13.2754
12.5158
26.5537
18.896
24.2163
15.928
13.5611
15.557
13.4791
32.7324
17.7109
17.5976
17.6863
15.3948
16.1404
16.3737
17.69
16.5032
26.3885
17.2551
17.2412
15.7857
18.7282
13.4605
31.4182
18.0875
31.1248
18.3442
27.2873
14.4383
16.9351
16.3068
15.9587
19.7326
21.4972
16.6379
14.9163
20.2768
23.4642
18.0301
27.1883
18.4641
32.1693
20.75
37.1035
32.5491
27.7703
36.4006
20.1048
25.5888
32.3412
32.0221
22.7252
26.6215
18.2939
23.58
17.789
28.6339
14.7036
26.0242
14.4057
27.1115
13.8296
21.4602
13.9784
17.2704
23.4366
14.1189
22.3301
14.9418
16.1121
18.7567
29.7071
15.8531
25.4832
15.3345
22.916
16.3017
16.7436
28.9458
15.0575
27.6554
16.0582
17.1283
17.697
17.8376
18.6574
15.7633
16.786
16.6078
30.301
19.5398
18.1382
18.5414
17.0912
18.3512
18.0812
36.1725
30.8119
19.1897
20.097
16.9335
23.9838
16.1539
17.3812
17.3972
27.164
15.2143
16.9634
22.9517
15.569
18.37
14.8726
16.8565
15.447
14.9734
18.1617
18.3809
16.8777
16.0902
14.5867
15.024
15.7332
25.7671
23.1866
24.7173
20.607
15.6403
13.7097
18.1218
12.6029
14.4844
31.1454
16.0283
13.7451
12.0799
13.1598
12.4913
29.6048
21.4194
15.3974
18.8215
26.7881
18.6187
15.6928
14.688
16.5924
16.1402
21.6208
16.0292
19.0076
15.5798
16.0437
17.6487
18.765
24.1992
17.4869
27.9086
16.7034
29.4572
17.1936
28.1101
14.794
14.6115
16.4728
24.1302
26.2512
14.6818
24.0028
14.9796
22.4268
16.5969
18.1006
15.451
16.6438
14.9677
28.945
17.6448
18.0686
17.1355
23.1269
37.7408
18.2589
18.5281
16.5025
15.5911
18.0891
27.4843
14.7865
18.614
14.4559
17.5007
14.2572
26.4039
20.7581
15.3376
24.4149
16.3297
15.9201
23.1917
13.9951
34.1048
16.4556
19.5491
14.2652
15.097
20.6251
17.4033
14.639
16.8231
15.2815
27.0598
15.9826
15.5642
22.6026
14.7381
13.1097
23.624
14.427
22.7056
11.5484
18.6429
21.6446
10.5433
18.9672
11.9086
14.451
12.1619
19.533
12.1767
14.5288
13.9838
17.5561
16.8352
13.7394
13.6593
14.7761
14.5198
19.5659
18.9425
14.3833
20.7151
15.2399
15.5837
19.7435
14.579
26.8978
14.0194
20.7054
15.7777
26.4791
22.2623
14.9867
16.6136
21.3197
27.0241
15.1549
19.9712
13.4098
30.7675
16.5276
13.7519
15.1054
34.7681
15.9892
26.0191
13.877
16.1721
16.4731
21.1349
13.0837
20.0571
16.4473
12.7426
13.2747
27.2426
14.1954
15.4143
13.9995
10.2963
19.7445
16.2816
9.87889
11.9892
21.6974
11.0715
15.7581
13.6539
11.5919
13.7275
14.3029
16.3146
20.8412
11.8836
12.4711
15.8351
13.3091
18.1183
14.7421
26.2565
18.351
16.9673
15.8347
14.1179
17.3927
16.3429
16.9973
23.6011
14.2979
18.0228
14.3715
16.7656
14.1312
25.5491
22.4282
15.0455
12.9169
13.8175
13.846
12.8204
26.3883
15.7257
24.8042
15.3864
18.4223
26.5812
18.0761
29.6873
16.1981
15.4142
14.8305
14.8792
13.0399
21.9592
22.3103
14.8845
15.3517
25.3854
23.6339
19.0267
17.7817
15.3892
16.6218
20.4527
14.4931
31.2892
22.5561
15.7321
18.1468
14.6065
15.0026
12.7701
15.3712
20.2262
21.5297
17.1344
21.9531
15.2959
18.0544
16.4631
14.3456
29.7779
18.4572
17.031
22.2149
15.9623
15.0268
17.0068
24.0359
15.0875
16.887
15.4037
20.2153
13.6242
14.7925
15.559
23.6956
18.6366
15.0957
15.2127
16.9947
14.784
17.9908
16.5175
16.1138
16.0797
26.7237
20.2819
25.6773
16.2242
15.4031
17.7109
23.3596
24.607
16.4906
16.4452
17.5248
23.361
28.5496
16.3841
28.821
16.9373
23.1779
16.9931
34.0989
16.7177
18.4858
16.3075
15.7624
14.5469
21.2311
15.1939
19.4782
18.0877
15.6076
15.1319
19.8703
26.5078
13.9609
16.6646
13.7755
16.5699
12.9674
25.765
13.4817
19.2048
24.8254
12.8502
18.0039
22.5913
15.4344
13.9252
13.087
14.7198
13.0424
15.2014
13.8161
13.7454
23.7619
16.7614
12.8985
28.8151
17.4498
11.9593
16.64
16.3361
22.9584
14.5641
15.7152
36.6799
24.8646
15.4293
34.5341
19.317
16.7613
14.5995
27.9834
16.5594
14.1771
16.1499
14.6933
19.6731
16.6493
16.169
15.7252
23.0545
14.0524
20.2385
14.8212
15.9491
14.3646
28.9125
13.3635
28.767
15.9661
18.1967
12.3906
17.4221
23.1229
21.8366
23.7998
17.0358
12.9491
26.7329
13.7788
26.9809
13.5427
19.3165
16.9811
13.8804
21.6057
15.8398
20.8909
29.5798
19.0793
22.2797
16.4458
29.8252
15.5031
27.6652
16.8073
28.7083
17.7584
27.4897
17.6779
31.4354
30.4855
17.3757
17.6077
23.5519
15.8271
14.7661
24.1727
16.6614
13.7149
12.1332
20.1479
14.0767
13.9928
12.906
17.9221
13.9609
27.2404
16.0714
11.4736
13.9683
25.356
16.4189
17.5448
15.0283
13.8038
15.6211
16.1831
24.3974
26.915
13.5806
13.9103
11.1317
13.8858
11.8611
16.388
24.9485
14.4723
21.6636
12.7262
16.5517
16.8214
11.2065
11.2197
19.3756
12.6767
13.0744
22.8828
17.2595
31.2769
17.3977
14.6193
15.5059
13.574
30.156
20.9634
23.3017
15.4946
16.9408
12.7406
25.4801
13.2548
24.175
19.7947
13.3156
29.1324
15.5316
14.708
13.4325
17.8697
23.9563
14.5122
29.4845
15.4565
23.0088
30.1258
23.5038
18.6006
15.5215
20.0554
14.2404
15.4179
23.8254
15.1253
14.6842
14.6746
26.8706
17.946
25.849
15.8586
15.0875
16.0065
14.5069
30.8873
16.3538
18.2059
17.9209
17.2344
16.6069
17.197
27.1702
25.1393
26.8932
17.2508
19.4665
19.77
20.7492
19.1249
19.3728
18.1846
28.322
25.1291
17.9534
19.6965
19.2745
29.9361
16.7089
16.5768
27.7677
13.8849
17.2317
28.9455
15.5676
25.7948
21.7236
17.6933
15.4408
21.6201
20.3061
14.4081
15.1802
25.8615
12.3598
15.0331
26.8353
22.2005
15.9611
19.2379
12.6316
28.9143
17.3402
15.932
13.9724
33.5533
18.3586
14.4042
15.6472
17.6169
15.1749
35.3468
18.1394
19.3191
18.2905
17.2448
23.9082
18.9371
18.5922
18.1784
18.9055
16.4465
16.4645
17.1468
16.9336
15.7265
21.4523
25.485
21.75
14.2354
30.191
25.9378
19.9765
16.6425
29.632
18.4091
28.7476
23.5058
15.7181
24.5283
13.4652
14.268
16.4973
12.9857
13.9751
16.2714
13.5194
14.3854
14.7831
14.6801
18.8328
14.4987
14.7265
20.4655
13.4793
15.0343
14.1303
13.6096
14.5554
14.3796
21.6778
16.8427
28.0047
28.1123
19.3604
30.4467
15.3574
18.1007
15.892
23.5586
21.7747
19.2043
28.5301
17.472
20.198
19.9153
17.0272
18.9172
17.84
18.978
16.3502
22.9747
19.9698
25.9034
18.258
14.87
14.3302
18.0206
25.7989
15.3966
22.8303
14.0509
27.4136
13.5514
20.9575
13.2146
14.3166
24.2741
12.5947
24.6847
14.1848
14.883
24.5091
14.8768
26.354
14.2065
15.7175
25.9738
18.6851
20.3428
16.5895
17.7767
17.271
17.577
36.0509
17.7698
19.3649
28.3347
20.6921
23.9904
20.6623
19.0448
17.6972
19.7346
27.6637
18.9248
23.3046
20.3685
20.5023
29.9173
19.9
28.8935
19.5324
18.7965
31.2539
35.4795
15.4492
28.0611
20.1589
14.861
32.1779
25.5905
15.3864
15.9207
21.4613
15.4026
25.0178
17.6723
15.5497
29.0418
14.0784
15.9538
21.4725
21.9639
22.6833
20.827
16.3124
14.8152
35.1289
33.7534
34.3346
16.2262
15.5286
16.3896
16.2944
14.8532
13.7343
13.1732
12.7191
13.2642
29.0182
20.1645
32.8765
21.1033
15.6136
14.2727
29.942
25.5237
13.9449
25.9923
14.9222
16.4455
27.2182
16.7325
29.6391
16.2229
16.4713
26.3766
21.5806
16.3142
22.9139
18.9073
18.0018
17.1166
32.1513
29.5368
25.2451
14.5586
16.7652
13.8009
13.6365
12.8074
18.159
13.9826
16.7844
16.5141
23.6596
17.6783
15.2413
16.9145
15.0662
12.7348
10.8541
16.3884
10.3347
15.6022
11.0291
10.3885
9.50993
17.9402
13.1766
9.63916
19.1924
17.3167
11.7526
12.199
18.8742
13.5793
13.1974
13.1468
10.6364
21.4206
13.8811
18.6437
12.8068
20.8407
15.0791
17.865
16.4579
31.1071
15.6929
16.6465
26.311
13.1219
15.8817
13.688
26.2039
14.552
26.6734
18.7977
32.6232
15.0474
19.3911
35.5627
25.779
14.7006
31.7498
15.5038
15.0409
31.4539
14.8482
26.9699
17.9743
27.8907
15.9349
17.4754
21.4154
20.0342
13.1007
10.679
21.8672
11.4344
17.8423
11.873
11.6976
19.9106
15.3932
16.5423
24.9032
13.2263
15.4173
22.7308
21.1347
12.0595
12.2927
11.4256
17.7987
13.1761
11.5545
12.0272
15.7589
10.026
13.2047
10.8343
14.715
11.9732
13.3239
11.335
11.4133
19.5996
14.8908
20.4862
11.8017
26.2381
15.4845
12.2639
11.5263
16.3843
12.8113
11.8563
20.8356
16.7895
13.8907
9.0037
11.8361
28.8435
15.3407
18.4459
13.681
22.309
22.9985
17.5597
15.3816
18.1062
21.9267
15.2851
23.4989
14.5936
22.7768
16.5607
16.3668
26.3931
16.1681
29.2562
14.4424
19.892
17.1917
25.259
13.0659
28.2235
19.8169
17.8503
16.5813
15.9574
24.1313
13.0756
15.9311
25.7741
21.0549
16.8466
14.9711
19.4564
14.5584
13.358
25.8404
16.0369
17.4854
15.0824
14.1083
13.6301
22.4662
17.0603
9.67063
17.1931
13.8955
10.2586
21.3347
15.7122
13.355
10.8265
12.4299
13.3239
25.6654
27.3816
20.7727
14.7403
14.8491
18.0933
13.9025
11.8938
12.2316
11.7885
23.6104
13.8208
13.4857
14.0703
18.1434
12.4987
20.5584
11.7562
23.2744
14.2183
11.2487
22.4935
12.7674
15.8379
19.9758
12.8844
23.8907
14.6367
13.8171
16.4735
12.0661
25.6302
16.7621
15.1077
11.9244
20.205
14.7185
20.8852
12.7265
16.5272
14.5219
12.9049
23.8168
11.8499
11.7749
10.8277
15.8822
12.6585
11.6102
10.9785
19.4675
21.3501
20.2815
10.1862
16.8831
10.2648
25.8993
17.1955
14.1737
15.0994
17.9855
14.2189
28.0137
21.8282
26.1638
17.615
17.5041
30.4106
17.5362
21.4886
17.9951
16.6488
23.1833
16.7341
16.6449
17.7088
15.6092
16.119
16.4791
14.8026
14.1416
15.5221
14.0886
21.1274
15.0122
17.3967
24.375
13.0218
13.6858
15.9116
13.9073
13.8402
13.538
13.1793
24.338
13.2012
23.0627
15.9872
17.4785
16.1141
14.6965
30.4499
38.1018
19.393
33.5266
31.1563
19.1658
18.8008
17.7591
23.636
15.657
16.4616
21.0607
16.7149
15.9587
36.0579
15.2916
22.3409
23.609
13.8469
17.4456
15.8141
18.2576
15.0839
17.5692
17.0318
18.4107
21.1882
29.2353
15.9856
17.2284
15.1327
19.5241
17.8678
16.8556
16.8661
17.4653
25.5391
16.5742
15.02
16.3764
17.0519
17.1447
17.8222
22.0872
15.759
11.0789
17.5947
22.5434
12.4253
26.5333
13.8747
12.9868
14.7033
13.7356
12.9815
11.8923
13.6834
13.5983
15.0301
13.3061
13.9463
13.6083
15.5838
24.0498
15.4415
12.9231
22.3957
14.9505
23.67
17.9094
17.2977
17.1463
20.2959
14.4772
30.8339
16.5665
24.6453
14.3953
25.6059
15.7409
13.8943
15.6178
25.5087
14.1745
17.2177
15.0872
20.4301
11.4727
15.0464
12.5974
13.2432
12.0261
16.3408
14.1949
14.41
18.9621
14.3743
14.4586
14.4014
14.0837
15.9449
14.2042
17.2401
13.9104
13.1025
15.1203
12.9706
11.6198
22.8587
21.9228
19.1518
12.2943
17.2023
22.4009
10.5991
23.2536
18.8838
12.2493
16.9348
14.0424
18.7129
15.0545
14.3976
12.4245
14.1707
26.2789
15.54
15.9391
14.8743
14.0876
15.1791
21.143
18.8382
17.7056
15.8595
25.0514
15.0029
20.2033
20.674
16.0944
26.5134
15.913
22.5855
14.4635
22.7326
24.7505
16.3482
13.8542
20.0902
16.567
19.5267
22.1939
15.4241
16.6058
15.6181
25.6784
18.0438
29.8172
16.6444
34.3174
19.368
26.8886
20.8029
15.7653
16.8699
19.1184
22.6417
13.4125
16.428
25.397
17.0046
16.052
25.2116
15.3751
34.2529
28.3264
15.7044
32.0498
18.7412
28.0599
15.7015
21.314
18.757
24.3069
24.487
26.0102
17.2044
22.7699
16.4921
20.7072
15.0866
22.381
23.4162
13.8722
26.0966
16.5052
16.5144
27.9081
17.1251
18.2811
16.5167
21.2021
28.7907
17.2499
21.7281
14.5029
19.9206
13.3287
16.8567
12.7117
11.9749
15.4555
27.9018
15.8144
13.3621
22.7931
17.2902
12.7864
12.9892
28.7503
18.2519
17.9567
15.7552
13.1646
17.1284
26.2711
14.2662
28.9514
20.3214
18.4478
17.6355
34.4631
18.897
21.2456
18.9994
31.4146
24.0359
20.3059
29.9341
19.5289
36.6889
20.5027
32.0382
23.2801
29.4681
18.0714
21.2884
16.6254
18.8819
11.6374
18.8863
12.5803
12.8608
25.5581
13.2466
21.2124
13.4632
27.9905
11.6163
26.2414
12.9144
21.9559
23.6681
14.7158
13.0647
21.7892
11.6428
11.2709
22.5041
11.6758
17.6844
10.2724
12.633
21.8028
12.4077
10.9041
12.7088
11.0371
20.4291
11.5529
25.4627
12.2785
16.7406
13.3507
13.0682
12.561
17.466
13.5906
14.3716
27.471
15.1466
19.213
25.4913
12.9985
19.7202
14.4172
13.0668
23.2877
13.1178
21.1626
12.6269
14.6684
12.2678
17.6955
15.9876
13.2244
17.6218
27.9168
13.6772
19.1516
14.8065
12.8514
15.8035
13.3831
24.8325
15.8845
13.2207
14.6206
17.8027
13.0741
24.6356
32.6025
15.0206
13.8615
17.1488
19.754
22.2183
13.4516
18.0685
14.0982
12.4108
20.3149
24.0779
22.8803
13.8092
32.7547
19.251
17.316
14.7559
20.3551
14.8822
20.8135
15.8757
21.3932
19.2941
17.7369
19.8412
12.5159
13.8526
13.8575
21.7836
13.0474
17.7692
13.1834
32.7864
18.0889
27.0883
15.142
14.834
22.7109
19.4221
18.0319
26.1856
15.0794
13.0565
13.4232
12.6289
26.2612
16.4815
17.4642
16.1522
17.4845
17.3188
26.2516
18.4301
18.3791
29.1875
26.7008
17.7847
16.1222
16.2358
16.6615
14.8762
24.4408
22.9501
13.4248
16.9994
18.199
16.5042
29.6491
15.8609
33.0409
24.8488
17.0817
27.279
16.3806
26.784
14.577
31.7111
35.6458
16.7918
17.7882
15.0909
21.6911
14.3545
13.3593
19.6529
13.8472
17.1747
13.6317
15.7546
14.2038
13.0229
20.4748
13.9038
12.9557
11.3386
23.6447
11.6336
20.1098
12.8087
22.5668
29.2705
19.9284
12.2389
16.3873
20.2718
12.3166
13.6101
22.4576
17.9349
19.7704
13.6636
26.6218
16.0016
14.9929
11.7634
14.1334
20.429
11.8743
24.3044
12.3413
10.5731
12.576
11.294
11.9515
12.2683
11.2533
14.1974
25.4515
11.8404
9.92756
17.0478
11.9116
20.8259
11.8314
28.8005
15.1467
22.3996
12.709
25.9369
17.6178
19.0117
18.4995
16.1684
28.9976
20.8077
15.7078
12.3804
20.3001
14.8783
15.4859
24.5013
19.3132
14.8565
14.1979
27.631
14.627
17.8602
24.5282
15.3449
17.0096
25.5972
15.9554
15.4333
30.4314
16.2862
18.9739
25.2967
20.1393
16.3609
14.4421
14.7425
26.1971
16.3931
32.0259
17.4895
17.0893
15.6254
19.3087
22.7018
13.7505
23.6641
13.6472
25.7029
24.2924
31.6417
18.7103
19.7731
30.1691
16.0753
14.9312
14.7718
16.1613
31.1311
16.7891
16.8914
15.7789
14.7858
31.7788
16.798
26.8628
18.2037
29.1334
19.1337
18.918
21.1382
17.0672
17.6348
34.701
17.1852
16.1293
17.1561
16.493
16.0258
24.4567
13.7747
19.0019
13.8396
22.5215
16.0226
18.5463
14.8329
15.7124
14.9086
17.6808
16.8952
15.6272
15.1003
18.8185
22.6187
14.6403
16.0995
14.6343
14.0677
12.8307
18.9414
12.162
20.0561
19.7834
16.2415
23.5127
13.9133
25.6376
16.1259
17.0834
14.2186
14.5913
27.8793
15.3085
14.823
18.6619
26.7656
20.568
17.104
17.9242
34.3893
18.2241
21.4112
31.1467
17.0013
34.4397
15.9908
27.0787
16.7404
17.9752
17.7347
17.7741
32.3251
17.6023
20.9762
16.2894
18.2571
25.1494
22.4109
12.7341
17.5692
11.9176
12.3327
22.6236
14.6958
11.3406
13.8141
13.2194
24.1251
15.2188
15.1671
11.8426
23.8395
24.0525
18.2645
25.2079
16.344
12.9654
13.0667
25.3757
13.0302
18.0504
15.7099
24.7739
14.5349
29.5783
16.4439
24.9792
13.3743
26.8296
14.2612
25.0933
15.0484
17.7711
14.9109
26.3517
18.1837
15.7683
17.6842
16.4831
32.5892
16.3458
26.1555
15.9152
16.2857
16.5037
24.0577
15.4359
18.5808
21.3191
29.3914
21.4897
18.4632
12.2002
22.7351
15.362
17.5653
17.5432
25.6348
14.7682
22.5014
16.3343
16.5863
25.7085
16.8978
28.6402
15.0412
33.9616
16.9278
30.9243
30.7003
15.6532
21.2826
16.3091
27.7437
15.5788
33.9566
19.1778
20.3802
32.0202
32.0527
26.3625
14.9315
17.1078
15.8073
24.5362
14.9029
19.3387
16.6818
15.9755
16.0023
19.6137
18.5182
16.1942
17.9056
18.1949
16.3706
25.5156
30.1461
16.8025
19.9224
16.2608
17.4568
17.0394
16.6894
15.1387
29.0519
17.3917
26.0237
19.5766
29.9357
19.9485
17.0498
20.2717
16.7099
19.1057
17.3425
17.4631
15.3108
25.1821
13.0865
25.8235
18.3717
12.6073
12.3279
11.399
11.1084
17.9513
12.3693
14.8274
13.3337
17.1752
14.6454
13.1962
22.9415
18.1806
19.2839
30.9848
19.4392
17.2106
16.1914
20.7045
16.1781
16.3516
28.6485
15.53
25.1435
15.6299
19.9092
13.4173
28.7015
18.5806
16.1506
16.3217
24.367
15.6976
30.871
17.046
28.3314
15.0708
29.1246
15.2901
25.2405
16.086
26.4032
19.535
29.5531
16.0124
15.9123
20.927
13.4
17.561
13.5092
14.9259
27.78
14.4652
16.8541
15.4085
14.0843
20.9395
15.474
14.542
18.6442
15.4377
14.9757
16.2376
14.9147
15.6568
15.3663
14.0297
14.1688
13.3592
21.0605
13.7667
14.1962
15.1711
13.7486
13.4314
14.8804
22.5989
19.6857
25.4025
14.2631
16.224
34.8015
29.9028
15.09
26.9129
14.4113
17.7545
27.8676
14.3926
23.0105
16.1721
13.9031
15.2924
18.0409
26.1493
15.9119
15.9697
17.411
17.468
23.1312
15.2231
24.9449
14.7759
27.136
15.0906
15.7002
24.7737
25.6601
14.1867
28.6891
13.5434
13.049
18.0761
14.7624
15.4427
15.0094
12.2287
13.8094
13.7469
12.4083
14.2056
24.4933
12.6327
20.5912
11.811
14.2058
18.3967
16.2058
20.1143
27.8637
15.606
13.2805
24.1029
19.7389
15.8314
14.2248
17.0222
11.7171
19.965
14.2866
15.3465
25.4093
17.1503
14.3549
15.4177
12.6493
14.87
14.3669
23.884
14.1796
24.8188
14.9869
35.092
20.2999
31.6206
19.0916
16.5635
17.4723
15.7184
23.7058
20.5926
25.8809
27.3163
19.9739
21.4459
14.005
26.5827
16.1436
26.8778
15.4217
14.7035
23.3037
25.3479
26.0486
22.4086
19.2131
16.2366
29.4303
20.2613
14.663
16.3254
15.7042
16.8966
16.4209
16.5313
21.9381
16.1403
17.9248
17.2854
28.05
15.215
15.2427
27.217
20.6767
26.164
19.7476
12.5802
11.8948
14.3611
12.1606
23.6291
12.1289
29.2124
17.016
25.3253
17.6351
15.2919
13.3913
12.6828
22.1933
13.1215
16.8875
19.0305
20.542
14.9846
17.8464
16.0224
15.9215
16.1775
23.9986
18.5059
18.025
29.8595
28.4181
36.3862
18.2287
19.9918
18.9388
31.3021
19.7625
19.2808
42.8018
23.4932
17.5401
29.7392
16.5483
16.2699
16.0058
13.947
16.3248
11.4802
24.3504
17.2044
17.6959
14.3219
14.3556
12.4256
15.3037
11.0487
20.4631
23.7091
11.5921
18.8801
13.7909
16.8333
14.9858
13.1023
20.7007
16.4108
18.1796
16.0461
17.5849
19.0039
17.6466
19.3495
18.0779
18.5645
32.2213
17.1785
33.1886
19.3545
32.9248
25.4435
16.9462
18.5236
32.3517
17.7031
32.2453
18.3481
17.065
26.1593
14.2586
14.4281
12.8597
27.2381
16.6258
13.5037
17.0641
31.0676
22.4127
15.6415
17.0433
19.4266
14.5851
15.7757
13.9605
18.2688
14.8008
27.1891
31.7481
18.6733
34.6382
17.242
20.2891
28.9021
19.8071
19.6711
30.8392
19.5265
16.733
20.1534
18.6415
16.4037
23.8023
25.172
15.6614
20.2774
14.4889
17.1048
17.5341
17.2894
19.9051
13.6464
23.0818
14.5225
14.4836
12.8392
12.9909
21.2469
12.1919
18.0765
23.0818
13.0933
11.6312
19.1232
12.5813
26.3442
16.1636
12.35
12.3506
30.2323
15.6735
24.2176
12.8934
15.7439
19.0779
21.4001
12.6532
25.7609
12.2707
12.444
27.4949
14.2378
24.5346
13.8941
24.0778
15.4283
11.7321
14.511
17.5505
11.493
17.2941
12.208
19.5722
13.3526
18.4099
18.3496
11.986
13.9341
15.2013
12.2904
17.1635
13.8826
22.7937
15.8224
19.8584
24.6154
28.8461
15.4249
25.9618
15.6081
17.0564
27.3272
13.8848
13.7705
16.0798
15.3718
23.1541
15.5508
23.6449
16.5855
22.3443
20.6731
13.3892
14.493
30.1099
18.5975
11.9775
17.0996
11.6264
22.5718
12.8505
14.3386
12.7721
15.2856
19.0535
12.7958
16.3594
15.9725
9.8148
15.3687
11.1696
15.7207
14.0708
24.3494
13.0011
13.6825
11.5328
11.9701
16.9922
15.3288
12.3845
17.0129
13.399
15.2736
19.8678
13.4853
22.5227
13.8011
25.4555
19.451
18.7289
11.9021
12.9959
11.7245
11.5638
24.4927
14.9956
24.7244
13.6229
14.1218
16.1838
11.0448
24.2061
16.2693
13.1607
21.7969
12.8008
11.8989
17.7296
12.3994
11.7028
18.8915
19.9911
12.3699
19.0019
12.0501
21.047
12.9489
15.5856
14.2116
11.7053
22.0978
11.4019
13.7201
18.8876
15.7031
22.0098
11.7991
26.6194
12.7004
12.9128
14.9184
29.0434
15.5301
11.1997
12.5418
25.9463
15.9474
25.0256
24.0535
13.6075
21.3225
12.5877
13.0363
14.0622
16.358
22.6353
22.8858
15.1361
13.9253
19.5631
14.1565
14.5918
14.9172
24.1382
16.3147
22.1804
14.3446
18.8062
12.4877
28.3476
16.5683
19.9052
11.0139
14.5253
12.1491
23.5682
26.1405
15.4498
25.8624
22.3218
17.9662
18.3707
13.1715
14.1849
22.2617
12.8807
23.9406
12.0761
19.685
16.7576
12.8989
15.2382
13.5369
25.1671
13.8296
18.672
11.1164
13.3912
11.6875
18.3108
12.0818
16.3671
14.6628
23.1661
13.5193
18.8074
13.123
14.6353
23.7481
25.9188
15.9555
21.9445
11.1872
26.5482
13.3787
13.2167
14.2991
13.2806
19.929
13.8716
31.5316
28.9595
18.1842
23.3895
14.5023
28.0583
18.7826
15.206
15.3757
25.9689
13.4425
16.1963
13.6128
29.3207
13.4686
16.6435
12.826
14.0855
25.2628
14.3724
25.3182
13.2249
15.0097
13.8104
14.631
16.9789
21.7981
21.5414
15.3878
22.6532
27.2847
24.7192
25.1349
12.4765
29.6555
14.2328
12.0974
14.926
24.5637
17.9994
17.5636
9.82603
10.5156
22.3524
10.8927
23.7504
14.5107
25.4266
11.8003
28.4856
14.6949
16.8402
22.3098
13.2507
14.6924
21.0893
28.9316
19.2942
26.2658
15.7259
19.3962
11.8933
23.6821
13.6878
19.7397
25.7613
11.4215
13.3157
21.7533
10.6237
14.94
10.2434
11.8991
11.4404
18.4755
10.1813
12.0849
9.34252
11.1461
10.0005
14.9898
19.889
15.4404
24.6174
24.4651
14.381
17.207
12.9819
17.2242
12.3801
22.8616
18.1713
14.4319
17.9894
17.1235
18.9989
14.2345
14.2889
18.7429
13.9441
21.9023
16.0326
13.7567
13.2249
11.6885
12.5026
14.9721
13.1024
12.4683
13.8175
15.4868
13.8535
14.3803
12.651
13.6705
21.1133
13.0461
12.9724
14.4728
13.2674
26.3101
12.6801
14.1022
23.3786
27.4385
16.089
13.6732
12.0982
18.2676
13.9874
25.2036
13.2298
21.3225
22.5924
26.4157
13.4028
26.9869
15.6859
11.283
14.6592
12.2798
17.9582
19.1428
11.2036
16.5998
14.3912
14.0928
12.6713
19.0993
24.0704
23.1504
11.9798
15.9447
11.9537
17.8261
14.1674
13.7509
18.4233
22.8858
12.4056
15.8627
12.2211
21.609
13.1354
14.5473
11.8709
23.3155
21.0211
27.9677
21.7548
16.5338
12.9002
28.9019
13.7054
27.2861
16.8433
11.9261
12.9746
12.2957
18.2399
13.2049
11.9118
11.2531
21.6647
23.11
17.2226
11.9501
11.8713
26.4093
12.6544
26.5309
12.0734
17.0847
12.17
27.8363
22.412
15.6264
17.2645
25.6019
17.1254
12.7447
16.7093
10.7672
15.666
16.3954
12.8045
11.0731
15.7505
22.8357
13.2111
24.4711
21.5912
16.6955
21.6658
11.4028
21.5649
24.2833
13.0238
12.2574
20.6337
13.6067
24.2231
13.5862
13.214
14.7894
13.5588
24.1813
13.7707
25.423
12.3038
25.3706
13.9202
25.3389
22.9464
10.9582
18.0394
18.635
18.2766