31.0312
16.8415
15.9934
28.9619
22.2342
15.297
13.8164
28.2053
14.2669
16.7067
27.5298
17.1725
16.7724
26.9423
14.8217
16.7609
17.1231
15.4631
14.1489
18.2433
16.7574
23.2378
14.7781
18.3653
19.073
30.9333
15.0639
16.8187
19.0371
13.5606
16.7689
14.9342
12.9165
22.9664
17.6291
16.1984
19.0412
21.0688
16.0306
15.7005
16.6727
15.7734
13.9376
17.912
13.3669
15.596
16.8071
13.5956
12.1187
15.6179
14.7362
17.1193
24.3226
13.7016
20.7334
13.5924
14.6683
25.5049
32.0989
18.7689
26.555
30.2371
16.7389
25.4966
16.2074
14.4817
18.7373
13.9633
14.9967
20.9767
15.6517
27.5711
15.7481
27.3267
13.8682
21.3349
14.4651
13.0108
12.1645
14.678
14.6665
12.455
12.1445
23.3094
19.5779
13.5015
23.6282
13.5373
23.2881
13.5872
25.238
14.0861
13.3196
18.7833
20.4482
14.1939
15.662
13.4872
13.2977
32.9186
27.7191
25.6098
14.654
26.6047
15.7854
16.3389
14.3098
24.1886
14.1687
26.9943
17.3481
16.2626
14.7751
13.0012
12.493
14.9024
12.3451
16.4982
15.0482
14.9275
14.7258
18.5933
28.4639
15.0453
19.8785
15.4796
26.6247
20.2843
29.3352
16.6949
30.1964
15.8108
27.1836
16.3022
26.8376
29.1507
16.9603
21.8044
17.1866
19.8248
35.9478
19.83
28.0798
17.6844
25.2396
18.6095
28.4624
25.8911
19.4691
18.6883
17.4266
15.9112
18.0837
17.5814
19.1041
19.1452
16.0822
16.3965
26.5124
30.6501
18.0153
30.5932
18.8559
18.1872
18.6914
17.9348
19.8537
30.3899
21.6851
21.4391
17.6141
17.2496
17.3402
23.6012
35.3361
17.8586
17.3566
18.0382
19.1444
19.6429
23.9986
16.3219
18.4511
22.6157
36.9375
25.6969
19.3546
29.7307
16.8602
26.1456
18.69
23.4444
16.9627
15.8115
28.1332
16.9327
20.6031
19.3079
17.7628
18.9724
15.7735
20.1082
35.8231
19.081
20.3776
16.7695
17.8289
17.5311
20.8635
25.4627
24.7473
18.7195
18.3548
19.4461
19.4842
34.5244
31.2199
16.8521
26.9596
16.7497
15.2353
22.8186
34.3384
20.0164
26.0975
16.7603
33.5292
16.8596
17.992
19.1935
18.5047
16.8454
15.4807
16.0908
19.4276
25.3608
17.2982
20.3099
19.1796
23.192
16.6053
15.3189
16.2175
16.4008
17.0338
18.0913
32.1747
22.9515
23.3012
13.7899
14.8748
21.4713
15.0072
17.9009
18.0482
13.9772
24.1874
14.0603
22.9585
12.9316
12.6251
15.9326
23.79
13.2893
21.4913
15.1119
18.3597
12.1688
14.3394
13.3288
17.8862
15.4267
23.9637
14.5259
28.4438
18.1954
20.0909
16.8007
16.5641
14.1743
14.5946
15.4661
21.7178
14.2047
26.6533
27.0703
14.4075
16.847
18.6435
20.2043
19.2104
25.4714
18.7747
18.2376
26.3708
18.6787
15.582
21.6073
16.562
14.633
15.6171
16.7315
17.6682
14.9741
17.0625
15.3568
27.4904
16.0689
18.2232
15.4637
15.5197
21.3891
13.2718
21.8974
27.7216
15.221
13.7251
15.7327
17.7516
13.7841
15.6291
16.6876
16.1065
16.4882
25.4499
14.4717
15.3235
16.3246
14.1156
30.931
18.3476
16.232
17.7847
24.8898
26.7908
16.2507
23.95
22.5162
15.415
27.9507
17.2497
28.5318
16.0396
19.1309
17.8627
13.1291
15.2409
13.8974
13.8028
12.5674
15.3622
18.5053
15.1778
23.3768
15.5747
18.0741
24.7052
14.4205
13.4013
11.989
19.982
17.8959
20.9957
18.7775
18.107
22.7077
19.2792
22.7424
12.8746
26.5064
18.6799
22.8406
18.1717
27.4776
17.955
24.9978
28.1909
16.4668
34.1497
22.8611
18.6321
31.7481
18.34
40.051
32.0875
24.6165
22.0236
21.8201
18.009
27.5822
24.3553
33.3178
17.2172
25.5762
15.9294
14.9521
18.0343
21.5306
14.9079
14.9976
13.3482
25.2221
13.3721
15.9394
13.6867
13.6029
13.6834
15.9384
11.9545
22.2128
15.2889
27.082
29.4024
16.8086
25.4464
15.0343
16.9854
17.9276
20.5097
25.0759
16.3683
16.3705
32.4882
20.3048
36.7267
17.4087
22.8007
17.0421
18.1873
17.887
31.0345
18.0141
27.0854
16.1504
36.1139
17.0528
19.3389
22.2736
16.4455
17.7967
39.8781
20.9348
14.7032
21.6252
26.8077
15.5229
18.0886
28.4072
18.5035
21.3691
27.9534
19.3545
35.3948
22.6936
28.9505
14.7413
19.2269
17.938
15.1695
25.1409
13.4986
13.8548
28.3089
15.7882
15.1589
28.9979
15.7529
15.7411
27.5128
14.7561
30.7716
15.2528
13.9026
29.7676
14.3043
32.1946
25.3759
16.1198
16.6191
29.1957
14.9607
21.0032
16.6374
29.4344
16.2837
21.3864
17.0008
25.5073
18.2589
21.3813
16.6571
17.1102
14.0066
29.0035
15.7295
28.5577
14.5543
31.1248
15.3782
18.2176
19.248
14.5853
17.1263
14.4621
20.8704
19.4747
15.0671
14.0444
15.9676
16.0007
32.177
16.5337
17.4781
14.9195
28.6902
20.2642
14.2849
29.655
20.6964
24.8628
16.2561
17.0041
19.6941
23.9874
15.1118
17.6579
18.7422
16.9364
28.6845
18.4161
21.2694
19.0451
35.2396
22.4698
20.6199
18.5309
16.0338
17.3493
33.7821
17.3766
23.2487
32.7235
17.34
22.1419
16.8579
24.0483
16.3707
17.8871
20.0369
20.2618
26.0077
13.8256
23.475
15.8719
26.4802
23.2049
13.8337
16.4248
29.6105
17.72
12.9283
12.2655
13.8606
16.859
11.1594
27.7761
28.4927
14.343
16.0368
17.1036
24.7396
19.8044
15.9439
27.666
22.0106
21.247
16.3815
26.1352
15.7802
32.139
19.2475
27.2284
16.9616
31.6598
19.1277
32.9861
16.6322
25.2862
14.3139
28.9752
19.226
17.592
16.42
16.165
15.3537
18.2001
26.1867
21.2529
22.7693
16.4946
16.3155
15.1141
18.0406
18.7442
19.2718
13.4407
17.5837
14.5522
17.2585
13.6343
25.2294
13.2583
14.9807
12.5163
20.9006
17.4243
22.9915
13.9543
21.1985
17.9727
27.2658
19.4232
16.5786
25.8609
26.5709
15.9271
14.2614
26.8374
15.3875
30.5493
23.8374
15.9492
27.1496
14.22
24.7441
14.5888
16.1682
20.4268
25.5259
28.0836
17.8462
14.0695
15.7908
14.6641
13.0238
16.292
13.5395
14.1148
14.877
16.4915
16.7901
22.6682
15.1559
24.6105
13.7676
13.9607
30.5214
32.586
32.1489
17.9573
33.3418
19.9582
17.5284
31.8455
24.7433
17.5392
20.3949
18.5045
32.7045
17.1376
28.8543
18.1634
30.1766
16.3422
28.4093
14.9944
20.833
15.627
17.0578
19.4996
26.3822
25.9541
32.691
24.2367
13.8076
24.3109
11.7771
23.3177
23.7479
25.1743
14.6174
13.1724
25.4383
18.2775
13.0283
23.1809
11.9122
14.5301
14.4984
26.3638
15.5231
16.7974
26.6586
16.8072
12.9208
27.8729
15.7221
17.5102
15.7432
36.9689
19.4842
23.2874
16.8482
20.7441
14.0603
17.5938
16.815
26.1191
16.2204
19.9894
28.0914
14.1484
30.433
15.4385
13.8759
15.4807
14.6156
16.5749
13.7294
27.8606
21.7796
18.4855
15.5566
20.8368
15.539
13.3534
19.4043
13.3858
13.9368
24.342
17.4463
15.0295
28.0672
15.1255
28.281
14.3647
16.8586
15.1981
19.8679
22.3195
14.9245
15.7579
25.2465
17.2934
34.6012
17.3112
15.2348
26.3889
15.6852
15.7934
16.4452
17.2134
16.2713
16.0281
28.5759
16.3216
15.5034
24.9564
15.3457
16.863
25.1502
14.9278
14.7746
20.5324
17.5312
18.5385
15.3858
23.573
36.1291
16.029
20.9689
17.9963
19.2624
28.8362
16.3006
26.6548
16.023
24.8748
16.0802
28.8242
32.5315
17.9597
30.6113
18.5177
14.8853
29.317
17.2189
17.8737
18.5349
17.2355
29.0074
21.1422
18.5496
16.8163
27.2983
16.5524
20.7329
13.0757
12.8433
16.866
16.3373
16.0316
21.9038
23.4467
16.2854
17.3234
17.8861
16.9545
20.9772
15.5348
17.49
19.3254
17.591
14.4632
17.5857
23.4557
18.0049
16.9557
17.4787
16.7665
25.8988
27.6541
15.271
14.9318
21.0358
15.1771
26.4225
14.4475
25.3623
14.0362
17.3302
22.7796
22.1413
15.9463
16.1408
18.8253
15.5633
24.2396
18.3776
20.6638
17.5412
18.942
14.2218
20.8562
16.3161
15.9101
15.2478
29.8813
35.475
14.4715
23.0455
12.3744
15.0814
23.1496
13.9536
25.8165
18.2795
14.1491
25.6334
14.0093
31.2827
21.1806
22.0088
31.4028
15.5517
29.089
13.867
22.9672
15.7365
13.1046
14.5625
12.1258
19.4755
14.9224
16.3394
14.4099
27.4021
16.2646
15.9842
17.7613
17.9231
24.9703
18.9057
21.8754
28.297
16.9514
15.7373
23.1556
15.873
33.7477
19.0308
16.3941
14.3743
20.429
15.9692
24.9811
15.8959
17.3266
13.9235
20.2743
18.7695
27.1203
16.3829
21.1679
14.8382
24.0691
15.4895
15.3986
13.2548
15.9459
16.5833
14.4748
15.4874
26.6992
14.5897
35.4524
18.5699
25.0841
28.1199
17.9599
12.5179
20.9323
15.0762
14.5672
15.3879
19.689
19.8587
14.9678
27.5237
20.175
28.2422
18.3777
15.27
24.6696
28.5637
14.9116
15.0477
18.7544
17.1025
26.3349
26.598
15.1061
15.5053
18.7795
26.9094
25.1104
15.5964
26.1216
15.7817
22.7789
22.4835
16.1986
13.4431
21.2792
16.0606
22.5332
14.801
16.3524
16.2968
14.5018
14.4503
12.7873
15.2021
16.4961
15.2102
15.4286
16.6629
13.792
15.0125
15.054
14.7037
26.4489
14.1491
18.2458
14.1195
16.7449
14.897
25.9928
13.7218
20.6426
14.7245
32.9778
19.2215
16.0347
34.86
18.8431
17.7505
34.3973
17.631
29.2817
16.0153
26.1545
18.4383
15.5175
19.3178
15.4724
17.2814
19.6859
14.9813
32.599
29.4241
16.0659
30.1433
15.605
29.4327
17.6178
31.0466
18.5239
21.1425
15.6472
17.4987
35.6242
17.9708
17.0977
28.1611
11.5702
15.6741
17.7596
12.4069
23.3469
12.12
12.208
19.4015
14.8245
25.3005
14.7182
12.4339
17.0912
13.3635
12.4059
19.1379
13.7447
15.172
14.2568
11.7354
21.5868
15.1108
14.0822
19.0366
10.6043
12.8092
14.4012
11.6378
21.4059
13.8434
20.4104
13.4595
13.1374
18.2428
18.0943
10.4395
11.3832
21.8483
12.3897
13.9257
10.7792
14.8614
11.7903
13.4181
11.6055
18.5509
16.8193
17.1022
13.1362
21.2046
27.4288
16.6072
23.5984
20.7223
30.6703
15.3854
18.5363
15.7624
15.4161
27.2229
31.7218
17.6024
14.9639
25.6262
14.8099
23.8561
21.7872
26.8055
15.543
24.4307
13.077
12.5256
13.6571
13.4121
23.7383
15.5928
15.5917
21.9851
12.1731
15.1359
24.9406
12.3453
11.8878
21.8736
14.7634
27.2417
14.5753
17.3526
16.5433
15.8788
15.1449
17.3032
23.5803
15.0525
17.0178
15.4608
27.4348
18.5984
15.4123
23.2555
15.8262
16.8941
22.9136
22.678
16.3419
26.9026
15.4531
23.394
16.9181
13.8304
14.4964
19.2147
14.4978
23.1768
13.1669
22.9113
14.8585
15.0875
22.3637
13.7617
28.0784
13.4483
22.3519
17.8276
19.7021
26.4877
15.9639
17.5574
14.5798
13.5673
16.2969
17.0812
12.5825
23.0831
16.1727
13.4772
17.3841
15.5722
14.6156
15.625
31.0053
27.6656
15.1667
25.8379
15.0294
16.007
25.6957
15.751
19.9563
16.6816
14.68
25.3525
17.2516
21.5536
17.3001
16.1942
24.4971
16.3693
17.3741
18.2494
26.0634
20.3162
19.8968
15.0741
16.4784
16.7882
15.4399
15.8056
18.5632
14.2715
15.7733
15.9878
28.0609
16.6204
17.1573
18.3392
15.0291
31.7059
17.9818
16.3303
17.3882
17.2646
25.0449
25.25
23.5267
18.3258
13.8976
19.8495
19.1667
14.3273
21.5904
23.4362
23.7245
18.0466
14.9202
17.6157
26.7084
16.8177
22.627
13.817
15.8617
27.4613
13.9527
20.4311
15.6286
15.9509
17.6056
15.5343
16.1321
17.8253
18.31
17.5458
15.7529
18.6151
17.7644
28.2278
22.9214
17.0188
17.1692
22.9625
31.5367
18.5137
17.9639
17.1396
40.8887
29.0878
17.0039
26.8159
20.1013
17.8703
29.7239
18.9267
20.4924
18.6986
19.9929
18.7157
18.8003
29.9429
27.9082
18.4726
28.185
17.9315
18.2549
18.2014
18.5962
21.4649
16.7779
15.903
17.7073
25.0885
19.8393
18.1719
17.3059
25.269
30.3673
24.7445
14.8003
26.1459
15.8432
23.947
17.3658
15.6401
17.1118
16.9004
13.5049
17.1742
23.9776
15.8172
19.814
28.007
20.3059
15.6294
14.3645
28.6816
28.1548
16.5322
26.3259
16.2461
14.146
14.2287
17.5168
14.93
16.3038
16.1521
17.2377
20.6281
20.8156
16.356
22.4077
16.9156
17.309
25.4704
18.4811
17.5436
25.8374
17.8585
33.3646
21.078
29.4581
21.9974
28.5677
23.246
20.5531
39.6875
25.4896
20.5394
20.3042
22.5383
31.6362
23.9607
23.5874
29.8592
25.7334
29.8811
36.7246
26.2526
46.5173
50.8753
25.0045
41.9068
23.13
31.1644
36.4124
24.4913
23.5876
26.6485
28.449
23.5256
35.4879
41.0179
27.146
24.3374
23.9259
25.5528
28.7112
19.1657
20.1611
23.6465
20.9634
19.4663
20.789
25.2147
19.6535
27.8254
19.4707
21.7365
22.9275
20.2852
20.5149
27.9851
20.2454
19.8122
22.4712
39.3875
32.0367
19.3463
29.7204
19.0322
25.6858
18.8596
23.4138
20.2601
18.5539
18.1177
17.9831
26.9743
18.7162
24.0884
17.2511
16.9345
16.8299
15.7647
32.9132
20.6861
16.2867
28.8739
16.2187
18.7764
27.5278
16.8541
22.0588
19.2934
30.5666
26.8269
46.34
30.4639
25.4824
32.3239
30.6028
28.692
33.9118
25.4107
42.1604
25.8561
43.1372
25.311
25.9286
26.1744
25.066
31.3833
33.1852
26.3802
38.7131
26.1747
26.1472
27.6817
27.1928
25.0537
30.2653
28.4831
27.5245
39.5043
31.9484
30.1018
30.8314
27.0367
26.6467
26.633
25.5074
29.7762
25.732
38.7554
26.3406
27.6256
26.5755
27.3639
27.9265
26.8861
26.7167
26.9676
24.7836
33.3691
27.522
28.3045
42.5361
25.7857
43.0649
26.2273
43.1173
27.2091
41.3381
24.1553
51.6151
33.6451
25.7151
29.188
25.8317
29.2241
26.383
26.0633
25.4052
25.7514
28.0172
26.7155
26.5133
39.0156
25.3758
39.0744
52.8115
26.3287
29.6155
24.5175
42.4987
29.4399
31.655
22.7663
32.6809
28.3423
28.2912
22.5943
22.483
24.8404
23.2894
24.5374
23.3872
24.674
23.5327
35.9037
24.1325
24.4349
23.4763
26.7969
34.4308
25.8067
24.4417
25.5533
24.5761
23.0106
23.105
22.2538
26.1802
23.6185
26.0139
21.9942
23.2115
27.9275
21.7491
38.0957
32.5947
31.8958
37.4065
22.6864
25.3992
31.8599
20.8619
24.9136
34.7246
33.1983
23.1519
23.6182
22.717
30.3422
24.4745
24.819
38.4761
24.0118
25.296
34.9612
23.7597
36.2193
41.7759
27.2138
31.0014
27.3368
43.8339
38.0374
25.867
47.0583
26.0003
28.9833
28.6373
27.0623
29.0308
26.8338
27.8649
27.0764
26.0609
26.5545
53.9071
27.7385
26.1231
25.2695
29.7278
24.2828
29.3188
24.2216
42.0201
30.8219
26.6478
23.9007
26.6475
31.0386
25.8081
27.0808
27.2855
28.7293
25.5489
28.6007
29.0425
28.3039
27.7492
36.128
47.4137
29.7463
26.0499
26.9356
28.3298
27.7261
25.3912
26.2042
27.9449
27.7197
29.5822
29.9808
27.5826
25.3626
37.1612
34.7432
30.7066
33.5134
26.4994
27.5431
38.658
26.7544
42.8028
27.6175
25.7533
37.0749
26.6606
23.4335
26.8156
24.6824
34.3346
40.0537
26.2967
30.0253
24.1497
35.9127
26.5861
39.2857
27.616
27.5492
29.7659
23.7585
25.1594
37.4035
26.3736
25.7714
30.1686
28.5121
26.901
26.4301
25.9914
29.8494
27.4168
34.0438
28.4914
26.2042
30.4318
26.889
26.974
28.7421
28.7382
28.3585
40.5861
28.3648
29.2014
27.3886
27.9277
27.1511
27.6629
43.388
26.6556
27.5509
55.5237
45.3577
47.7035
25.939
46.4553
26.37
26.9089
39.7429
28.1204
38.7774
27.6059
26.3482
44.4267
28.842
30.6067
26.7147
37.8813
27.1002
43.2812
26.8939
29.5656
29.0976
27.3983
26.1264
32.3276
33.9874
27.6078
30.223
34.965
28.2695
29.509
29.2549
28.8708
37.3582
28.5295
43.9623
38.4603
41.6536
27.3305
33.0129
27.035
28.6119
28.3539
28.4927
40.2461
29.3077
29.7659
37.471
41.2983
31.3178
28.7765
28.7101
27.2206
46.5307
27.4604
43.3859
29.2998
29.8677
29.3046
29.2275
43.5469
28.7248
40.2708
27.7367
30.4556
29.49
29.1053
28.4336
29.0072
41.3242
29.8451
53.8964
40.5701
29.6321
38.6036
28.6248
28.6684
27.1866
34.5451
29.4099
28.3026
52.7653
30.1442
33.1951
30.2815
30.7222
28.9423
34.5875
28.9342
27.587
28.5849
50.0836
28.8245
33.042
41.511
29.2657
28.1378
28.3123
29.418
30.0307
41.0868
29.4854
36.1505
35.4252
26.9408
28.9979
28.1261
41.5956
26.3681
27.3487
24.6051
27.4457
26.3166
27.1114
29.8907
24.5709
26.0595
43.0217
27.4007
35.3059
27.036
26.3517
28.9664
26.8144
25.4852
30.327
26.2566
36.5104
34.2087
35.1955
41.5749
25.2331
46.0228
27.6195
28.2571
25.3572
29.385
26.2327
30.3035
24.1769
29.6578
27.6194
26.2933
35.4252
24.8154
30.4877
27.2646
27.3589
32.4885
38.5426
26.2831
28.5618
27.9428
27.4306
26.8026
30.1066
29.4131
50.0279
26.0508
26.9549
25.5985
23.454
33.332
26.2757
25.6858
24.0448
33.8216
23.5145
48.3849
23.9177
32.1468
27.2605
26.6787
33.8676
27.0497
39.6515
27.3705
26.2532
27.2945
25.5675
25.8339
35.0765
30.6228
25.4751
28.9323
33.2052
23.2904
23.4692
24.4515
25.0098
23.8013
24.799
26.0404
45.2057
25.2537
40.5097
25.3077
27.1283
24.8201
26.3591
24.852
25.9427
27.3332
44.4814
29.9732
29.7349
25.9352
25.7935
27.6589
24.7298
25.5694
23.5151
33.0139
25.2112
26.2917
24.6682
25.0806
25.0815
31.2536
26.8125
24.0626
23.5153
31.8973
24.4684
23.413
24.3261
25.0927
25.8472
26.1797
24.585
23.6659
22.8905
25.6811
21.9143
31.3532
22.2733
33.6223
19.5837
24.5664
23.9156
21.753
23.739
26.1539
20.639
20.1213
21.2117
18.2755
21.9192
19.9253
21.1195
23.9668
28.766
21.4601
25.1823
21.3131
23.8513
25.2446
19.6615
29.4409
18.9502
33.7579
17.9321
27.4991
18.6884
21.7512
24.2069
32.4937
19.8157
17.8254
28.2348
16.7638
29.9075
17.5282
19.1962
16.9149
16.1018
16.3929
16.6749
15.9464
24.7577
27.5303
17.693
27.9019
15.8382
23.8399
26.2033
26.7378
18.6794
15.3865
15.2811
14.0438
16.1997
31.3935
15.3585
32.4736
28.0644
21.9947
20.6245
16.4828
18.2568
17.2144
27.4795
16.5018
17.2177
27.1174
20.3271
18.3557
24.6002
20.9845
18.9429
31.7097
18.5592
34.9496
20.5151
18.4809
38.9535
27.5161
19.0628
37.811
19.4709
37.0706
22.3449
20.8618
18.3931
20.0526
19.3355
31.2602
24.4594
30.7592
33.5439
20.9148
25.4227
31.9863
31.1388
36.0713
28.5672
19.2979
17.7406
26.5423
17.9399
19.3491
23.8023
16.2167
18.8467
17.7234
23.2446
17.4378
20.6278
18.2001
17.199
17.9174
26.6502
23.0268
18.4736
20.4478
18.963
30.619
19.3096
20.2647
17.9202
17.1436
22.0152
20.5623
20.7484
19.5684
16.5869
21.4055
19.6735
17.9981
18.548
27.2276
18.7161
33.2991
18.2539
31.9735
17.4605
23.3857
31.192
29.4252
18.6092
35.8373
29.5692
25.4574
18.9711
22.9455
21.9991
28.2343
22.3063
20.3019
19.7979
35.5338
20.4287
24.897
20.9572
21.489
30.6242
21.1394
21.7019
20.6504
22.8621
20.7936
27.4102
34.978
19.4556
24.1057
36.22
28.7036
21.3523
23.667
34.7019
24.0959
22.8871
21.1178
26.9724
34.4552
27.0182
21.4856
21.3263
23.0152
21.1365
20.8094
21.0808
27.9997
17.3832
18.6239
18.283
19.0513
19.7436
19.3797
19.5812
21.645
23.5664
19.5579
24.1956
36.0101
19.7465
19.7367
26.4717
29.3157
19.391
21.117
18.3078
24.7948
19.0312
31.2512
17.6871
25.0392
15.1585
17.74
26.3308
17.0297
17.2022
16.2858
34.0285
18.3123
21.9656
19.1833
20.2121
18.8357
33.4219
29.825
21.6576
25.4795
21.5635
21.024
15.4789
20.8943
18.4675
16.8479
17.8771
18.7672
31.6908
18.9813
25.9666
18.798
31.8823
33.9955
22.5114
26.1176
19.1678
19.1234
19.7624
17.2382
16.1497
22.906
19.2486
20.2081
18.0234
17.0858
18.8422
17.1108
18.5754
21.9514
18.2996
21.1334
18.7679
32.0779
20.5108
23.0557
19.0065
18.4113
19.0571
18.0855
32.1151
19.2459
21.2559
20.2356
17.2544
23.0586
18.0609
17.9244
17.6796
36.8837
19.1103
31.1254
19.02
18.838
28.8583
24.1005
18.5966
20.0895
20.9652
17.8384
19.9975
19.4802
18.878
18.0467
19.1023
18.1239
29.4893
18.2174
19.6311
17.0747
16.6105
19.6643
30.8705
29.0595
19.6752
19.0472
20.7061
19.8552
22.6722
21.1762
25.148
22.0312
16.5402
34.0702
17.3834
20.7249
18.7972
19.7348
18.5327
19.5123
17.9326
17.8024
20.3626
19.8793
18.9511
32.6052
19.8359
22.7734
23.3693
20.8241
22.898
22.6787
21.6
22.067
19.3159
19.4891
20.0006
29.8938
20.4016
19.3227
18.3984
19.8171
24.2625
21.3857
20.4691
18.1411
30.59
24.8243
32.7648
22.0813
18.8284
21.0418
20.4643
29.2979
19.7274
19.6502
30.5358
30.9919
21.1695
19.2211
18.3991
19.921
19.5096
20.3474
18.471
18.1813
19.21
19.007
19.5592
21.7446
20.9131
33.3774
33.9051
20.3935
41.8398
26.9101
21.7562
20.844
42.9739
20.5275
21.3242
20.3447
21.92
19.1384
19.6465
32.2363
18.3077
38.9501
21.5201
21.1043
21.8774
21.717
30.4304
26.1238
21.6971
23.6427
22.7381
22.0338
21.7793
20.6842
25.7024
21.6601
22.3294
28.7781
37.1932
22.6162
44.8916
22.7349
24.8109
22.5718
22.0333
22.4529
22.7439
21.9497
24.15
23.055
23.2409
23.4742
22.277
23.5892
21.5356
29.9808
20.2613
29.8066
19.9265
21.9527
36.7103
20.459
27.5182
21.4637
23.2516
31.2409
34.8894
20.1873
37.7887
23.513
31.8243
21.9761
19.1861
19.3401
20.3757
20.5116
41.0931
21.2725
43.8819
31.2864
21.3071
22.2877
21.9269
19.9471
30.1816
20.2088
21.7043
35.1147
19.3937
18.8516
20.177
20.0003
20.5365
24.1086
21.7631
20.3291
24.0711
20.7961
19.6246
20.0703
43.0446
20.4548
19.4636
28.8277
18.5378
30.4784
26.5065
19.5914
22.1482
19.6835
31.8513
30.7898
33.4512
22.3621
48.0233
21.4426
24.7872
19.3954
24.1625
20.102
19.1152
19.512
19.1763
32.6698
18.8247
19.3218
19.5208
21.3643
20.3695
18.5767
22.628
20.8183
21.5625
20.6099
20.0366
23.5515
27.9989
21.5236
20.3326
19.4943
20.9854
22.0317
19.2245
24.639
19.6028
29.0642
20.2246
22.0835
21.2196
21.2747
23.4961
21.1871
21.6754
22.3363
22.219
22.9326
22.5212
20.9494
23.3115
22.5459
33.0278
23.7186
22.4604
21.0392
21.9196
18.7281
22.8196
21.2256
20.5673
19.602
22.2124
20.8074
19.6128
20.5995
21.4517
21.3017
20.4062
33.7448
20.9669
27.4549
24.2854
20.1806
24.1835
20.3596
21.6432
20.42
20.1466
25.289
23.2604
28.8643
17.9278
19.5575
29.545
17.4894
19.3902
22.0424
22.6865
17.1804
18.7487
27.2893
19.4792
20.2143
31.09
19.8287
21.3999
22.7782
19.2595
19.3805
19.2143
20.0211
17.6685
17.287
17.1173
18.4388
18.4479
26.9211
17.226
19.9524
18.1386
27.187
20.3766
17.9826
21.1411
33.0118
19.3742
18.3977
25.4033
22.1435
24.4532
17.4586
17.9049
23.4516
22.0343
17.3606
17.2427
19.3099
19.1673
18.9662
19.4539
18.9993
29.1296
19.0956
38.1203
21.1814
29.535
19.8893
31.5478
19.4488
35.1158
39.3845
23.8488
20.4397
23.6662
19.044
21.1472
20.6247
34.446
31.2742
19.201
33.9128
32.1538
19.1161
25.253
32.176
20.5173
25.9771
21.6138
21.2898
19.6447
18.6216
17.7531
26.6692
18.247
21.4505
18.4975
33.8444
17.6963
33.4525
22.686
22.3466
16.4932
16.2332
14.9315
16.5986
25.1526
15.8237
16.024
24.3282
14.2519
22.5742
26.3797
32.4218
18.0311
18.0149
14.3643
14.4821
16.4327
13.5555
16.2426
20.6206
13.562
15.761
18.5823
15.5756
14.5977
12.9847
13.6099
14.4713
14.3823
14.9204
14.9544
14.8948
16.213
20.163
17.9345
16.9131
16.3077
24.8042
16.9482
31.3764
19.3218
19.0119
16.047
27.7993
15.8211
33.1929
19.3099
17.638
30.0627
22.4154
18.0987
20.1168
18.5106
19.2926
36.4507
18.6232
20.5621
20.2621
20.3034
21.1338
19.9004
24.9823
22.8031
28.0374
20.3817
20.2552
19.3374
21.0133
19.2701
20.14
21.1023
19.3004
18.9421
20.1512
18.6119
19.3349
17.0838
35.0863
20.2323
25.0164
28.2511
35.1409
23.0883
21.9798
42.6159
22.7114
23.2877
19.5755
26.1691
20.8945
23.9579
21.5676
21.3279
21.8281
20.864
21.4101
31.1743
21.2409
20.5869
22.0315
21.9239
35.5328
38.3889
20.7737
32.7713
19.859
21.9077
20.8128
20.8719
20.498
25.3463
23.5171
25.2971
30.6914
27.4972
26.3538
25.7497
43.9941
27.7853
36.9557
25.5186
25.603
34.6342
32.9221
26.8702
31.1914
23.6196
23.3599
48.7413
27.8408
40.4784
42.9362
29.8325
27.3099
28.6165
26.7634
54.9071
30.1699
29.9917
27.6006
37.3238
42.3169
26.1439
27.7753
36.4861
27.9934
27.2113
27.8105
26.2656
26.3981
27.7052
52.4576
27.218
36.9402
26.4946
28.1745
28.9459
28.2635
26.5383
31.3425
28.3321
30.7049
28.3781
28.1827
34.8212
30.0557
28.3291
29.0685
41.8259
27.1561
29.9071
29.0659
43.2701
26.3619
30.555
27.1727
25.6258
39.5108
27.0176
29.2596
27.9183
27.7509
30.4028
29.532
27.6029
27.5351
27.816
42.253
33.1578
28.7892
50.5763
26.7774
30.2154
28.2098
27.3191
27.1424
28.0616
27.1277
43.9372
28.7551
28.4215
32.8678
27.5688
38.4226
32.2256
41.7624
28.9007
30.193
28.7456
30.4728
29.218
29.9785
29.4539
32.3161
41.422
29.4533
30.0788
29.2109
29.6698
38.3957
28.9196
40.0532
52.7842
28.5807
32.9235
48.1831
30.478
36.1269
30.4931
41.0508
32.6635
30.0928
31.0055
28.5868
26.5673
27.3675
27.1767
26.7531
28.525
28.3309
26.1005
26.1468
37.2321
27.1026
29.2271
27.5175
29.7529
33.2014
27.0074
49.4687
33.2407
28.3876
27.4857
40.7858
27.6084
42.8233
27.4099
29.7339
30.3509
28.4043
32.8999
29.6899
42.7581
28.0578
29.1558
28.4728
42.8025
34.0742
28.4806
30.0979
27.7885
29.3379
33.6945
26.4523
32.7714
28.7038
28.2052
28.4819
33.6552
48.723
29.3154
27.822
28.5662
42.957
40.0568
29.4571
41.8321
28.3341
28.6458
29.8928
27.2315
27.652
26.6965
29.7848
29.132
29.262
27.4576
34.1667
26.9164
27.6273
37.2361
29.1845
25.9423
30.5527
27.3366
26.9322
30.8912
28.3113
28.8518
30.1743
43.2573
41.6427
30.1238
30.0633
28.7831
41.7906
43.707
28.877
33.9737
29.824
44.8029
29.0902
33.1099
29.4234
26.5948
43.5242
31.7593
41.9486
26.5084
31.4316
26.868
26.4196
26.3681
39.4392
23.4239
24.9473
24.6578
33.2758
35.573
25.411
40.1979
25.6418
31.6203
26.8021
26.8546
42.5664
27.4498
28.4649
25.6776
26.0154
25.0068
26.1907
52.0741
28.2638
33.0229
38.3889
28.8221
28.0556
29.0375
38.5474
28.2254
28.365
33.3645
28.8218
27.4819
28.6834
26.9496
26.8961
32.9882
26.5836
31.4531
27.8603
48.7849
28.7681
28.6318
40.8636
28.2474
27.8562
42.6329
27.7002
28.9495
27.3742
37.1301
36.3376
28.5642
27.4875
30.6553
58.3862
28.6613
35.0156
30.9611
29.6761
36.1358
44.3354
36.2695
41.7327
31.8237
27.8714
35.7668
28.9449
27.9227
28.1951
32.4411
43.1179
28.5115
38.2192
28.5175
32.3432
28.229
29.4675
31.1875
29.3625
27.1091
37.5767
37.0881
30.9466
30.7887
28.7618
29.0156
29.4472
28.402
30.522
29.879
40.2946
27.5778
42.0456
27.1375
36.2757
46.7938
42.0755
28.9463
27.9532
29.7124
34.0073
33.0643
29.6008
29.4443
28.854
38.1917
30.4428
29.0326
29.2391
30.3777
28.9393
45.2236
28.7518
29.5874
49.3071
38.6731
31.0482
28.7417
30.8549
31.1661
29.7201
29.8475
29.4805
37.1144
29.2055
29.2129
28.9011
27.972
28.9811
26.836
27.448
29.1084
29.9521
34.1384
27.3627
29.8816
29.3646
28.8004
45.5435
28.8205
30.8169
30.6626
49.7852
29.277
37.2016
28.7942
27.9347
28.245
29.4812
28.167
44.5243
30.8059
34.5587
28.9949
30.4212
29.0667
37.9096
27.5518
28.191
25.5507
29.8385
26.2477
28.2588
26.2942
28.0342
30.0132
32.649
27.5967
29.6327
27.6984
32.3596
29.6287
30.0791
30.5174
30.1595
28.6462
29.3508
34.5812
28.4505
28.0495
28.0918
41.3686
30.0794
33.7451
29.4577
44.9363
34.2365
37.7456
27.5995
28.0038
41.1695
27.6125
27.1726
27.5562
27.6411
27.9057
27.7533
27.4805
26.1328
27.0392
26.3209
31.9793
27.765
27.85
31.5451
38.8648
25.4967
28.8211
39.9462
39.6273
39.1431
38.7836
25.4727
26.3322
26.1728
24.0015
26.9709
24.1885
23.8202
30.9319
24.8813
28.1579
37.8326
32.0464
23.5867
32.1027
39.0989
22.2942
22.9538
31.6813
25.0603
26.2322
23.3065
23.0758
23.668
24.3008
23.9627
23.7619
27.2629
24.3453
24.4174
36.2036
23.0383
24.9741
39.2145
31.3569
26.9128
46.8806
25.8498
24.3123
24.8111
25.0833
35.5842
35.8129
45.3448
24.1856
26.9028
36.8851
30.5719
25.2279
22.2006
27.4547
32.9004
27.7308
26.0089
34.1478
25.6212
24.8374
38.6849
24.3087
31.4203
25.5307
36.6263
26.5604
28.435
25.7858
49.8568
26.285
52.5863
34.3213
40.2427
26.4361
29.3167
33.3494
34.1471
41.7469
35.998
28.2343
39.962
26.4669
38.3283
24.5985
46.4569
26.1144
26.5291
31.4231
27.2055
25.7724
28.2508
27.4508
28.9608
28.1544
26.8613
25.8743
53.7867
28.3245
41.04
36.5825
27.2102
52.2544
25.3897
43.4147
27.4165
25.9987
26.0233
31.1796
35.3519
26.4187
28.8638
24.0859
32.5351
37.6779
42.0439
38.4771
26.8049
37.3299
29.0454
26.254
36.2877
38.7325
33.9532
27.332
26.4988
26.4734
32.5696
26.5756
26.6775
26.711
25.9613
29.4505
47.8135
37.1103
40.0232
26.8761
24.6716
26.2973
37.5996
24.3727
39.5774
33.8854
24.6905
24.8609
26.0321
24.0092
24.516
24.7334
25.058
25.1157
24.7532
26.081
24.6346
22.9547
24.2344
26.4005
25.6926
27.1701
24.7769
25.2126
25.0295
34.6355
24.1843
26.4187
23.9492
24.0195
25.2472
27.5389
24.7796
32.088
33.2657
23.8514
24.5365
42.6861
25.2925
35.0167
44.8615
31.1692
24.9431
41.303
24.1477
25.2038
24.2328
26.2673
24.858
24.3079
23.7539
26.5116
24.7802
24.6278
23.4945
30.9517
33.1287
29.3043
24.9393
36.5097
24.7522
48.3371
46.2329
26.7019
36.6965
26.8125
43.6221
24.8609
28.9003
40.1184
39.7074
27.8719
33.1279
26.939
25.1663
38.1691
25.6385
40.6351
24.9957
24.0822
23.9609
26.3127
23.9655
35.0045
23.7676
40.1771
26.3595
26.0354
25.3921
31.8123
25.4861
27.0421
35.4876
43.436
25.8917
24.2126
41.7033
30.8751
24.036
29.8854
27.3439
26.5718
26.9394
24.4098
41.7002
37.1164
25.1144
25.4845
24.3307
23.2518
35.7897
37.9738
23.9253
26.7929
22.5224
25.7362
35.6459
22.5792
24.4872
23.7989
36.6285
22.863
29.7926
22.8865
26.6031
38.3849
38.8793
23.4687
25.7154
39.5021
23.3706
28.4897
30.2568
30.0943
28.4825
21.7582
26.9878
23.374
23.8352
24.2221
24.8222
40.1038
23.7583
41.4975
22.9543
21.6697
26.3582
23.9058
25.4045
23.2103
34.4806
23.6681
23.3111
23.1008
24.5977
22.3818
22.6486
28.7277
23.6569
32.0634
23.8643
29.8091
23.8318
21.492
45.0274
23.4194
24.1249
23.7813
26.2531
24.1044
25.5113
27.5277
49.617
28.9526
41.1061
28.2548
31.1666
25.3608
25.5335
25.8686
26.2562
42.1091
28.4551
42.9072
28.7149
31.2341
27.8737
26.9792
27.2648
28.5652
28.6428
58.3806
27.9415
34.4397
29.6581
28.2641
28.0987
44.8503
47.585
43.0024
29.7037
43.888
27.5285
34.5277
28.1604
29.1048
28.4778
27.898
28.5931
26.4132
46.5573
42.0034
43.6087
28.0469
43.6788
28.1111
43.8
28.2689
52.3184
29.8339
49.3277
28.5924
42.5068
27.7318
29.4737
27.512
32.7905
25.1646
27.7457
36.7377
25.9134
27.7037
26.3302
35.6853
27.3157
33.8466
25.2262
27.724
26.2244
26.9193
26.0706
45.312
28.8922
38.5445
27.2231
48.8824
27.9933
39.3078
30.99
45.8059
39.977
27.0423
48.13
24.7537
27.1452
27.854
27.8733
27.0364
27.1973
37.2276
50.9992
27.0896
36.104
25.6507
44.2287
25.4128
31.4203
25.5795
27.8341
24.2383
40.4576
21.8466
26.3317
21.102
31.0107
21.2615
24.5364
22.8087
20.97
25.7585
22.8073
23.2219
28.0348
23.2378
21.1123
30.0832
31.2921
29.5609
23.2565
40.3822
20.9443
38.7327
21.3057
27.9865
19.3548
25.6331
20.5906
22.8952
20.8774
31.9127
19.6475
19.9475
22.9551
22.0217
23.2594
26.0199
23.283
22.1316
21.9631
35.3571
21.8674
29.6676
20.7667
23.4815
20.0454
24.1477
34.8201
20.7409
21.68
23.3604
22.5074
24.0763
33.2117
26.1042
25.4081
24.61
24.2632
23.5489
32.1869
25.7049
25.323
22.9203
27.5326
25.4677
24.9478
25.0133
25.2181
30.2483
37.3362
26.6973
24.1788
38.4442
30.462
36.4944
27.5443
37.3063
23.48
22.3616
22.909
22.9219
21.6423
24.0214
23.0224
21.2819
21.3502
20.0165
20.7694
18.0818
22.6108
33.6297
19.186
19.01
30.7453
32.8532
17.155
31.4603
17.4185
28.6141
17.7174
17.0362
39.1296
18.6402
25.5199
16.6979
29.8764
15.4523
20.0202
17.6519
18.7163
13.5599
14.9044
13.532
11.3563
15.3179
12.3752
21.4091
12.3505
22.566
24.5984
27.5474
14.0253
14.2915
14.1811
13.6748
16.7538
21.6078
24.062
13.4105
31.624
16.5981
22.3195
14.49
26.4671
18.0455
17.4016
14.7143
25.2403
14.906
23.3608
16.6034
27.0628
24.4232
14.3547
23.1623
15.2157
13.8062
15.4219
21.2877
19.7803
13.7293
17.3957
17.9784
17.891
18.9357
21.8469
18.7275
20.7402
20.1794
18.8524
22.9006
20.6842
31.4756
20.7484
19.22
20.8172
19.9861
21.3056
28.8028
21.9805
22.1337
21.315
21.1848
37.5955
20.4063
21.8533
20.8829
31.491
19.5527
33.1742
22.5803
22.1613
42.9061
35.6191
23.1622
21.3935
19.4257
21.1503
20.019
18.8055
19.8952
18.8517
21.2097
19.5363
19.8035
20.9933
20.3692
29.0909
22.1419
26.2724
22.9137
23.0024
24.6071
22.7203
24.383
22.7679
25.0486
23.3991
37.0974
20.9129
21.2217
21.7855
27.4251
21.4039
20.559
23.8468
22.1162
20.7681
21.2651
19.7779
33.9046
28.4696
21.291
29.8683
28.7139
20.2829
24.9129
20.3535
22.0284
21.1816
20.799
29.2302
20.427
20.7773
24.5301
25.0516
18.542
18.676
18.9619
18.6288
21.0425
19.7424
17.0383
25.8629
18.6367
32.5931
19.6338
27.6241
35.5565
22.1287
18.5114
20.1456
18.3256
18.0593
27.5344
27.9999
17.6075
35.0724
18.9275
19.9164
32.4234
34.7481
16.5062
18.2577
18.7121
16.199
17.7322
30.377
18.2265
25.8688
16.4357
15.7232
19.7404
15.1665
15.0108
15.0737
15.4478
19.8326
16.3926
15.4402
16.7924
25.3733
20.8712
18.0416
16.7232
28.6769
28.2004
18.9556
24.5312
27.7842
33.3171
34.7823
18.4431
18.2774
32.9666
19.3176
19.5726
19.465
18.0274
19.5232
24.263
18.7773
21.2366
20.2469
18.6228
19.9291
19.2437
18.1024
19.4169
19.2329
20.6836
19.1571
20.4996
22.0344
31.7202
19.5844
32.8204
18.4575
19.6187
18.5009
27.6421
19.578
19.0148
18.8041
19.5377
18.1186
19.145
19.0439
18.6683
28.6526
19.0185
19.5682
18.3317
22.5976
19.1108
22.8882
32.5324
20.1499
34.1447
21.2411
29.8924
36.0733
18.8044
43.731
22.0527
33.2186
46.5975
30.1352
20.0405
19.2427
18.5247
28.56
24.6447
22.1841
17.9475
25.1272
20.3301
19.3221
22.3357
18.6298
20.6003
25.1451
32.4436
18.3566
33.4663
17.7794
28.1332
18.3342
18.6793
22.7992
20.6323
19.0657
25.5557
19.6275
20.4838
20.4625
19.7691
31.5367
21.6067
40.1214
20.7989
36.8436
22.0089
19.0603
36.0323
17.9513
20.2911
19.0985
17.3236
17.2219
18.0414
18.2144
19.6124
19.2895
30.9974
20.5475
20.8941
21.5742
37.1129
20.4933
19.6469
17.1972
17.9678
17.2854
18.7508
18.4067
28.5765
18.3785
17.9711
19.589
18.4364
19.0568
25.7423
30.1675
19.7
20.1198
26.5933
28.518
31.0933
19.3628
18.1277
16.0735
29.0417
19.6751
19.7526
17.9307
17.7984
29.5678
24.69
17.2787
16.3671
18.1333
18.3132
18.4436
17.8601
20.5888
19.1831
21.4091
17.4514
20.0952
17.4977
16.9223
16.7035
18.452
15.3612
30.1516
20.7898
18.0839
18.3405
16.219
16.8563
15.9598
28.5731
18.9468
25.5898
17.5933
18.3067
20.1563
19.1232
20.0504
19.4836
20.1595
29.8724
16.9771
22.1049
16.6064
16.4912
30.7861
16.394
30.2068
19.9293
16.6783
25.998
26.2357
30.9545
17.6378
16.6917
17.2458
17.0747
19.1301
19.0237
18.2211
31.1498
18.3026
36.3322
17.78
19.3882
19.1139
18.4274
21.1058
19.1987
27.4616
18.6832
17.0587
19.5258
17.0405
21.5476
17.1888
18.033
20.4801
19.377
18.9214
19.1446
21.7788
31.6674
20.7681
21.638
20.5809
31.1335
22.9095
33.0834
34.6992
20.0494
31.707
25.8716
23.6045
29.066
20.1617
34.3221
23.2188
21.1032
21.4383
21.2369
22.2937
20.8229
33.3074
21.8836
23.9962
23.6927
21.248
19.7788
23.9106
23.5438
22.7138
21.114
20.0543
29.2287
20.7969
30.2184
25.7692
21.5706
34.8245
22.5609
28.8825
24.0297
23.6255
29.6414
23.1627
24.1784
24.3261
29.5211
23.5195
24.07
22.5576
30.0801
35.6592
36.5408
21.0638
21.7481
23.2662
26.5882
20.7494
23.906
24.1149
21.6228
20.27
20.2448
21.2685
20.2452
19.7069
21.2619
22.559
21.0694
20.2049
36.2385
19.5432
39.4766
37.9216
18.6977
19.9157
18.8174
33.8858
18.1555
26.4472
18.5517
19.5008
20.724
34.472
18.3246
30.2968
19.4017
34.1709
22.458
18.9294
28.7083
37.8528
18.4495
22.3568
26.0658
32.0505
19.0186
20.837
19.5071
25.1564
19.3082
18.5591
21.2875
18.025
16.862
17.9984
18.7632
21.2205
20.4038
20.7772
33.1547
21.68
22.3281
32.141
22.9694
22.0209
43.0187
42.4651
22.1944
32.3913
36.022
20.8099
21.3895
23.6104
35.6505
31.1853
26.6768
23.1883
21.3021
30.3818
21.3556
23.3246
21.9189
31.7761
23.5223
21.6625
22.1945
35.9305
21.5254
29.2991
20.5116
27.4266
19.6491
19.3336
20.1132
21.8801
17.2605
18.6234
22.1122
18.7457
21.5321
21.1324
20.2372
22.1431
24.6046
22.8193
23.2096
22.4103
21.4515
29.6181
25.1255
21.2909
20.9749
21.2556
20.7896
34.7477
22.314
25.28
20.8633
20.2702
21.1356
25.3538
20.4667
36.9379
23.8112
20.2909
34.495
21.4412
34.4994
20.8939
22.5066
21.6918
21.7904
19.3505
20.4649
22.8565
20.4258
20.4459
20.3751
21.7645
20.424
20.1356
19.6209
32.2252
20.8835
27.2299
22.0966
20.421
20.0766
23.599
30.866
20.6324
26.7444
38.8554
21.7691
19.5873
21.0035
34.7642
30.3207
33.4517
18.1818
24.5715
20.9435
20.7435
25.7698
31.0471
30.7856
20.21
25.4223
32.3678
23.1172
21.4754
23.3135
21.4084
20.5042
29.2238
21.2972
19.5621
22.2193
34.1243
20.9918
23.4005
20.5798
25.8776
20.5319
21.6328
20.2053
25.9321
21.0685
22.2757
23.2836
22.0466
34.2697
30.3623
24.6796
20.7564
21.2063
29.3157
24.2465
36.048
23.9629
23.1517
27.6161
22.5233
33.6264
21.6528
22.5279
23.0505
22.8224
26.2236
34.0185
24.6162
28.1979
22.2777
22.8282
27.0395
28.2964
24.6456
20.9675
24.205
20.4341
36.941
23.2882
23.1116
23.0156
22.5935
22.4637
20.0069
34.7608
31.6841
22.1232
19.323
25.6804
21.61
20.39
42.2275
20.8885
27.3062
19.8849
20.8088
19.9141
17.9485
18.4537
24.5139
24.4327
17.9223
29.6545
21.6902
17.0396
19.1204
20.9084
16.4967
16.7765
17.7378
16.6387
17.073
27.1631
23.2475
34.7385
17.4936
21.2471
19.1215
18.6224
17.9942
25.3859
24.1071
19.8019
18.1277
18.1042
24.7931
16.9487
27.8128
16.2598
25.5648
29.1652
17.1623
35.1632
19.9256
32.1988
16.7852
20.895
29.1014
19.1684
25.5392
17.7706
25.5442
17.9671
17.3534
19.023
19.1497
20.0558
19.0306
19.1413
19.8263
21.9194
16.4773
16.3782
15.176
17.403
17.7865
21.439
17.7017
17.5906
22.3361
17.8643
16.2939
21.5123
21.9348
17.3177
23.9323
15.924
17.877
18.7954
20.3664
17.705
16.8793
25.6669
16.4713
16.8301
29.2229
16.3853
29.4842
29.4445
18.0313
19.3286
18.7023
18.3113
16.5007
22.8942
17.1826
17.1125
33.587
16.9926
25.9762
17.5568
21.7132
16.5377
18.2404
23.7411
28.3697
17.1934
17.2059
18.0247
18.1964
18.647
18.8213
19.0781
18.0027
20.6395
20.3769
18.8171
16.7214
26.1974
16.6949
18.7734
32.1835
21.1213
17.4784
15.8714
15.0341
18.3629
26.1617
33.2001
18.1224
17.9152
15.198
17.6964
17.9224
16.3232
18.7313
25.8487
18.7584
17.3782
16.6533
16.5931
20.9168
18.9092
27.6957
16.9446
18.3175
31.4036
17.2806
16.5761
16.3237
25.0065
15.2794
34.823
19.3055
16.4088
22.5124
23.317
17.0625
18.2562
19.2837
31.3196
34.5097
19.4331
16.491
16.6826
17.9209
21.774
17.0328
44.0244
21.686
31.846
25.6432
16.644
21.9038
17.867
18.2521
19.1274
17.907
37.2187
19.3111
28.6786
27.5881
37.9425
19.5602
17.0294
36.4806
28.9056
16.2932
17.1741
17.8037
28.2816
17.2686
21.5624
16.032
15.1909
18.2519
17.4623
16.3896
16.6333
23.9168
29.7985
30.3152
20.3423
27.8419
19.3842
18.276
18.3531
25.4114
22.216
17.6751
28.734
18.6545
24.5312
18.611
31.0129
19.5764
19.6871
19.8291
19.5199
23.2893
20.05
19.0409
19.2103
28.9582
17.6496
18.3768
27.2075
18.983
33.426
18.726
32.9193
17.135
16.6312
19.586
18.8184
15.6662
17.7066
18.3157
18.5683
16.6074
14.9042
21.4905
16.3078
15.0929
20.39
14.8485
35.3797
17.9782
33.7106
19.4021
27.834
22.1844
17.3546
17.3227
20.7346
16.7011
19.6196
17.7414
16.9301
18.5589
19.0488
17.6645
17.9251
23.6344
35.0704
26.0412
17.5198
29.8806
20.471
18.907
18.7053
16.1507
20.93
18.8054
23.404
17.5041
24.0302
17.8452
20.0334
17.076
17.976
15.43
27.3355
16.5249
17.4814
24.4408
17.1195
25.6828
26.1729
22.309
23.4506
19.2263
17.8749
21.1744
33.5087
20.4105
28.3303
17.4906
27.2643
18.1264
18.9772
18.7134
21.432
20.2595
20.6896
23.4658
21.5255
19.7437
21.0547
30.3019
21.0642
25.0262
20.3649
20.0947
19.48
21.14
37.2932
20.1366
24.5532
20.8757
25.4917
19.7568
35.8827
25.2965
26.8
19.2362
19.247
19.5803
20.7106
17.4901
25.9234
19.5857
29.8599
17.5587
24.8014
17.6367
20.1756
19.7305
18.485
20.9055
17.5065
19.3024
17.0064
16.4422
17.4303
17.9396
25.077
33.4188
17.8585
17.7423
16.9745
32.5063
19.4948
24.4477
23.7482
28.223
16.3525
18.56
17.4415
17.6941
18.2678
16.756
15.8828
16.8083
17.5359
17.3953
16.475
18.2372
23.6666
15.5767
27.9571
16.7643
23.6641
15.7367
21.0101
18.3144
29.0128
32.7309
15.7556
15.568
18.684
19.6028
17.428
18.7705
17.4572
29.5885
20.2707
30.6986
16.9268
18.6971
26.2765
17.2054
17.2706
31.1327
16.1322
33.5843
17.7676
25.7181
16.718
15.847
20.8005
18.5329
26.391
15.1487
16.3342
17.7577
15.5152
15.8327
14.7312
20.8263
13.2382
19.9294
15.8046
14.8076
13.5205
18.3051
31.3682
17.0884
15.1579
15.6591
22.284
14.0366
15.8294
28.1091
15.9941
20.5916
14.1901
17.6832
19.1122
14.9053
28.5305
15.1327
18.5303
14.4931
18.0375
16.1962
22.3251
27.9207
16.005
15.91
23.7375
17.2177
16.7322
28.9851
17.3992
20.756
15.5184
25.5474
15.0929
17.5079
14.6932
16.4123
15.9017
16.7209
16.5085
17.1853
16.4387
21.03
16.3271
16.3019
16.2224
19.7651
16.222
21.8517
16.1277
22.6599
15.5794
21.7909
19.2456
16.8167
15.0563
27.139
16.0942
26.2795
18.5875
17.1166
16.9734
25.5666
17.1049
16.8855
17.1492
29.3558
17.1806
20.6352
14.8318
17.263
18.0463
21.2075
15.3097
17.0557
15.2536
17.2501
25.9676
25.8485
16.0326
27.2844
17.7094
15.8326
17.0771
26.6697
19.1605
31.2491
21.2038
20.422
18.2942
38.4068
19.7833
40.0281
22.689
18.9689
18.8759
22.5243
20.9414
20.4946
18.2261
20.0857
21.3745
18.4445
31.9881
33.0221
19.5046
21.4571
19.9353
18.3066
19.2818
19.7673
20.8377
19.9412
18.3637
25.5734
17.9578
18.1306
18.0838
22.049
18.1133
19.9515
18.4702
20.2368
21.7775
16.9539
17.1684
16.7004
26.1676
18.2561
17.5751
19.5903
21.6228
17.7459
18.7274
17.7961
19.0865
21.9279
23.2221
17.8107
30.6698
26.8344
16.8929
27.4544
16.5679
21.7343
26.5915
19.9827
28.1458
17.2404
19.9306
17.8712
30.8127
27.7
31.8535
20.2287
20.1955
23.6026
22.8614
21.6766
19.6915
19.5968
20.5864
19.5143
18.8753
33.3728
18.4026
19.8158
26.9094
18.6097
21.2837
19.6356
37.2178
19.7043
26.9265
20.4908
20.6745
20.9701
19.7847
22.3045
35.6374
20.87
21.368
22.2242
33.9084
20.8839
21.0804
20.8962
23.2861
21.6019
22.0347
20.0702
21.4219
22.0919
21.2611
22.9828
23.7518
20.0122
28.0278
20.829
31.5673
28.2803
24.7738
34.9218
18.5723
19.0977
21.0985
29.2479
19.3084
17.4346
17.3639
20.9879
22.8881
19.298
18.9258
18.2681
20.1352
19.5731
17.2892
39.2211
32.9883
20.2498
20.4887
31.2976
19.9224
25.7515
20.5153
17.9834
19.504
20.5188
20.4378
27.9218
19.066
21.5739
18.982
21.9086
23.0804
17.6915
22.0116
18.9845
21.1612
30.6216
20.5077
19.4372
20.5747
34.5117
32.0102
30.8977
19.2729
18.5201
18.9108
18.6115
18.1717
19.8024
19.3339
18.873
31.6859
24.0967
19.9097
21.1854
41.0119
21.7039
30.1511
23.1896
24.5581
20.4704
24.5175
36.8047
20.951
22.2707
31.9372
20.4454
42.1898
34.9086
18.5341
18.1612
23.7302
22.3158
21.8517
29.7614
24.0209
22.3227
22.386
23.5365
35.001
23.754
25.2284
24.144
39.1942
39.6609
26.0738
25.4728
24.206
24.6344
23.2059
36.2889
24.0252
24.756
25.2288
31.3419
24.4639
38.3981
26.559
41.9431
25.7688
27.8515
32.5332
25.4958
25.6086
26.5159
25.3486
25.5378
25.5038
23.9995
35.0574
27.5116
43.6986
34.7618
30.636
26.9667
42.6752
28.9578
51.6748
26.3555
32.3656
27.9767
26.1221
31.1212
29.2428
26.1075
24.1535
40.6349
26.8674
25.6835
30.2021
22.6787
24.5022
25.754
26.6634
25.4976
38.6141
26.6168
41.882
24.9535
36.7728
27.7542
25.3842
25.013
26.7769
26.5673
25.374
39.8107
27.0215
25.5293
31.8517
25.8504
25.1314
25.7685
24.0646
23.7384
23.4805
33.1247
25.5756
25.0018
28.6301
32.0389
28.1427
27.4782
24.5947
25.9146
26.1843
25.7548
34.1693
27.0825
36.8588
26.2946
32.3209
26.1332
29.1913
27.3654
38.5223
28.0217
26.6593
32.6513
41.7909
26.7496
28.3761
35.9103
28.0945
30.3363
28.2607
27.568
44.9969
30.4408
44.6808
51.3591
29.259
29.8264
26.9329
29.3424
29.4231
29.6081
30.1091
31.7463
28.884
29.3657
29.4615
30.2497
28.3011
28.8823
28.7116
27.9554
27.9724
32.8053
25.9494
51.2098
27.7458
37.3083
35.3614
25.17
33.2308
27.934
27.8462
26.4644
26.937
40.2637
41.4752
31.257
33.6272
26.1362
32.9609
27.8816
28.7072
27.8382
26.8865
27.6626
38.0903
35.6158
27.9539
27.1041
35.7024
29.599
43.1533
28.0079
31.6701
52.2379
50.6862
43.2489
26.1461
44.3951
29.3668
29.1089
27.6113
34.6465
45.4845
28.3779
43.8986
35.2318
37.0468
27.3155
28.2339
27.1313
29.0401
37.3866
27.3636
50.5532
28.4383
24.9955
27.9188
27.8608
27.6027
29.4628
26.8172
26.5083
28.6773
27.0544
46.5481
30.7946
32.0922
25.5695
26.064
24.1637
23.8568
25.3453
24.6531
25.2745
26.7004
27.4401
40.3943
25.9818
43.6088
26.9377
26.8566
27.2091
26.2294
26.3392
40.791
31.0354
27.5201
26.6379
30.8203
27.4609
27.457
25.3993
45.5107
26.4171
38.6141
25.5087
36.7073
25.3839
37.9172
26.3713
26.9804
24.8075
30.1216
24.9983
44.3286
22.6695
28.8404
25.055
25.2065
27.0615
25.8331
37.4218
25.6078
26.3216
26.4396
26.337
28.7616
47.1078
33.1585
27.9515
23.9431
30.9857
31.8311
44.6162
24.3235
25.7895
24.6418
24.8537
24.9117
27.1138
25.9566
36.2943
34.2493
25.9159
31.1674
27.6036
27.3872
25.9442
34.8014
46.353
26.6118
26.6946
24.5148
27.8712
33.5629
39.9594
25.0298
31.042
33.8978
38.5162
25.1616
28.5511
37.2655
24.8114
26.707
37.8176
27.2146
37.9534
30.106
27.754
26.3509
43.1888
37.3741
30.1406
25.957
25.8136
23.6322
40.0187
26.5552
25.562
24.7778
33.6133
44.4708
22.7889
27.845
31.5702
24.2254
26.4366
48.5633
24.3685
36.544
28.0425
26.7384
40.0201
26.811
26.2962
26.514
25.8307
39.1401
26.4556
42.234
25.0081
25.2289
40.3062
25.0113
27.1591
26.9953
26.5306
27.8529
25.8415
37.6559
24.05
24.3988
25.3961
25.3476
23.801
33.2718
22.9172
25.5787
21.6137
24.8548
30.4322
30.6357
24.547
25.4786
23.8748
32.6124
23.5408
34.6762
23.3506
25.3516
24.292
43.7451
26.2874
24.3719
46.9362
28.1715
26.2101
24.0232
36.1186
22.4134
27.8681
22.891
22.4802
20.2395
19.8369
20.5823
21.9216
34.4861
29.124
18.3234
17.67
20.253
20.7052
20.1498
20.9694
20.7768
22.4446
25.4124
17.9679
18.6185
29.1509
16.6514
16.7324
15.6605
17.2285
17.3983
16.6415
20.4453
17.0051
16.1473
16.8138
15.9929
17.3842
24.7644
14.9649
16.8882
23.8178
15.5043
24.043
31.7668
16.4456
18.0434
17.6024
17.6425
15.9064
25.1068
16.2584
26.2463
16.186
16.6676
16.2884
19.3922
27.8643
15.8819
16.8467
16.0533
16.2405
17.8915
14.8974
16.5447
28.9809
19.9284
17.7635
18.0851
18.7187
25.8824
18.6823
21.1201
18.3468
17.2129
21.4085
18.078
16.6921
17.6682
18.58
21.226
17.1231
23.2339
15.1651
19.0006
28.2943
18.0426
24.5653
17.2236
18.4522
16.9759
24.4805
23.6731
27.198
22.7553
16.2765
17.8506
18.4808
16.6189
20.3081
17.0188
18.7276
18.1718
30.2523
24.1622
17.8025
31.9303
18.1065
18.9244
19.0494
19.3891
18.3616
19.4494
20.0604
19.5634
25.4922
20.1082
19.7959
19.6148
18.6239
21.5048
17.3144
27.4867
28.5806
20.4908
19.0176
18.4673
25.9753
17.7296
19.0869
19.9006
18.3018
32.295
20.0597
28.2921
20.7571
20.2246
19.7912
22.0824
24.0842
20.0619
16.9527
19.235
17.4977
27.3028
17.8971
26.8987
16.9979
18.4119
15.3028
28.8481
28.2482
17.3294
20.936
22.9856
17.9664
17.5213
15.2384
30.8909
23.2018
23.0418
19.9829
17.8545
24.7925
15.8862
16.4721
17.435
16.1838
24.9165
25.3779
17.6265
18.2214
16.4608
16.8096
17.4721
16.5672
27.3623
18.7218
18.3752
17.0794
22.1424
19.254
17.9896
17.4164
17.9653
18.359
18.927
17.0695
21.8314
16.0406
19.6523
33.1224
17.5182
17.7787
18.2747
16.8708
18.8573
19.7378
17.9172
16.8429
26.4349
20.4988
18.4406
17.4472
17.6107
18.3286
16.8135
16.8904
36.6542
16.9746
17.7505
32.2256
32.3847
37.2264
19.0718
24.4803
19.3399
21.729
24.0709
23.238
18.3708
29.1522
30.218
24.0787
19.9854
20.6855
19.3086
26.0843
21.5634
23.2959
24.9868
23.7003
23.4988
27.1206
22.9668
23.6339
23.5891
23.2414
26.3595
23.7363
22.5788
23.3455
20.7128
22.2962
22.8106
21.4194
21.964
21.0897
23.6022
25.279
20.5805
21.2017
28.5567
20.3175
24.1971
19.6632
37.9415
20.3362
20.2399
18.2146
19.4664
24.2501
18.7702
20.8296
19.9692
25.4266
19.712
32.7059
21.262
20.5295
19.1536
21.8446
23.5651
19.4469
17.7402
22.8804
19.0002
18.802
24.9642
17.7399
28.6613
17.6531
17.8306
26.4326
24.7399
18.7997
21.5002
22.0165
19.0223
21.1629
19.1363
22.4277
18.817
18.1828
31.7623
19.1195
17.9616
20.7784
18.7931
18.0506
36.7744
19.6807
18.8549
18.6663
18.7242
35.9255
21.8193
29.6729
21.2003
20.9952
21.5427
23.3375
26.7946
24.3912
20.0257
20.1129
20.6582
19.7731
20.6246
22.4203
20.2493
29.5628
35.6912
20.4772
19.4825
19.3989
19.004
19.1654
19.0585
25.7569
18.8743
20.2467
21.9179
18.4996
19.2305
26.5863
21.7201
18.2591
21.1024
21.6642
19.7663
27.1581
19.156
30.9335
20.6324
20.3225
18.3876
27.5612
21.2254
18.262
22.4083
19.1992
18.5594
19.1506
18.0764
23.4325
18.88
19.0275
29.5935
34.4436
18.9339
39.8853
38.6276
20.923
17.2145
16.956
19.094
17.4747
16.1572
16.3503
19.5409
17.4841
18.1984
17.4618
27.0375
32.3987
19.0748
16.7808
22.7611
18.0954
24.6739
18.5166
18.757
17.6184
19.1751
17.8044
17.8681
16.8263
34.5996
16.1285
19.0322
33.4737
16.7109
17.0607
16.0684
16.3005
32.1245
18.5142
28.6007
17.5208
31.4513
22.2104
32.3456
21.015
17.5702
16.9974
27.2186
14.6345
18.1011
20.3488
23.013
16.3098
18.7925
15.3382
16.953
20.5818
27.6352
18.2917
16.8436
20.0848
19.1224
16.3834
25.2328
17.6371
16.6987
17.1857
17.0214
17.7302
23.1622
15.6471
26.3859
17.8716
17.6656
16.7847
30.017
17.0365
15.7855
17.6281
15.7555
22.2364
26.2948
24.9984
21.9557
17.8237
17.2035
33.5506
26.9334
17.667
16.943
30.8426
21.6302
27.5801
27.5667
18.2715
19.4351
21.4041
23.6775
17.6324
14.4775
19.4982
16.9957
17.1756
19.1495
17.1903
25.5463
16.2702
23.643
17.4927
16.9627
17.973
26.5847
22.7463
18.6638
17.5334
18.3016
17.6047
18.3
20.0278
31.0257
19.6074
19.3303
18.3971
30.0352
21.2345
20.4754
19.502
22.1653
20.5536
21.926
30.7655
19.1569
18.4374
19.0162
19.2276
19.0038
23.3651
19.7553
18.6855
21.2329
29.3316
20.1051
41.684
23.059
19.428
18.2752
19.8272
17.6283
20.7689
30.3485
19.0755
22.6293
24.3101
21.0624
18.5481
20.2412
19.8966
40.9967
17.0665
19.339
16.8654
21.2001
34.1006
20.0519
22.2037
20.5004
19.7281
25.6186
19.8171
20.6799
18.4876
21.7743
20.9243
20.5469
19.5958
28.3998
18.0494
18.9548
26.0727
20.0837
20.8683
21.2711
18.6849
36.4692
20.3694
23.19
19.8269
31.9794
22.6152
20.7877
19.0039
33.52
21.8595
22.1298
21.6172
38.1935
20.4894
22.2472
20.7517
27.5996
40.8748
22.4709
24.0224
22.8964
22.292
22.0334
21.7324
21.5368
21.7786
21.2286
22.5643
21.3091
26.3808
20.8739
21.5619
20.0013
21.6631
22.815
28.0637
20.3993
38.0812
22.4688
27.9259
29.9835
17.5468
25.1551
19.6928
21.5417
22.2483
19.43
19.1134
23.3458
20.9594
19.4674
18.8039
20.3656
20.7076
32.1658
24.1778
19.501
29.5766
20.7329
18.7646
20.056
19.0082
20.1505
19.3546
28.1353
20.2168
28.9032
18.841
33.0203
23.4967
28.7843
20.6584
20.7837
31.1495
17.4845
20.842
18.0744
27.5097
28.3452
25.6464
17.9516
24.1708
18.9944
23.4036
18.1268
24.2496
28.8226
20.3423
21.587
26.4858
17.228
25.2511
40.7634
22.346
20.5973
19.7217
29.697
22.9566
28.529
19.5708
31.9786
20.1537
26.1076
18.2886
18.7903
21.2092
21.1247
25.8888
22.1113
18.6345
34.1612
18.6062
21.6321
20.4813
37.3952
20.6692
21.054
24.2762
29.9179
22.6092
32.8154
19.1124
19.8146
24.8865
18.3534
27.8255
18.7308
19.6376
20.1136
21.7018
29.6531
19.7098
19.0054
27.9512
45.2352
21.6118
22.5625
22.107
23.8784
22.9818
20.1913
20.847
20.0276
18.6201
24.7996
18.2229
19.9813
20.0376
33.868
26.8102
23.263
35.0137
20.4719
21.1143
26.1753
21.02
35.0077
22.535
37.4093
19.68
36.8812
18.031
32.209
18.2047
21.2967
21.4006
16.8795
15.8602
15.9854
15.9854
20.3836
30.2085
19.6248
35.8132
18.7386
18.5417
17.9218
18.5474
26.0103
19.3514
31.6654
20.7118
19.4734
18.0182
21.3892
23.4964
16.1931
33.7973
16.6652
37.9183
28.2929
33.1381
18.631
36.8994
20.9252
27.8829
19.2045
20.9578
28.9205
20.0184
19.0859
19.1701
19.486
19.3714
27.7102
20.3586
19.6968
18.5204
17.4553
24.4366
27.2715
16.6685
16.2799
31.6043
21.3716
30.2698
29.6338
20.435
19.8063
22.7327
21.2893
21.7546
20.224
19.0151
18.6579
27.7971
22.2837
19.3452
17.6481
19.7464
17.8188
18.234
27.1391
17.8081
17.9851
25.3038
20.8716
19.9241
29.7226
17.733
15.5788
28.4754
14.5442
15.6037
23.4342
16.6705
30.0454
18.2071
15.587
28.6038
20.8064
17.0589
28.5746
16.9488
17.7171
16.3181
15.5359
31.9786
19.3727
18.5394
18.1952
17.5097
17.0073
28.975
18.9811
17.7311
28.597
16.6805
17.2078
18.1682
20.1233
17.9247
26.2573
25.0283
18.4829
26.7706
17.314
15.8136
17.6548
16.9878
23.0772
18.1038
22.2385
18.2535
31.8566
16.4082
25.0582
16.9537
16.638
22.7884
19.227
28.7083
17.7884
23.6803
20.7596
33.5806
16.3205
22.604
18.7387
18.5613
19.1144
20.9901
28.298
19.4915
20.2366
34.996
24.948
29.0284
19.9916
30.3529
19.2347
27.1798
30.9538
19.4886
22.6654
19.5148
23.9199
22.0397
20.574
28.5664
27.0075
22.0026
28.1465
19.6867
26.6488
18.9571
27.4195
19.3671
19.856
28.0253
31.0083
18.2152
22.0183
19.0308
18.6938
41.124
18.0186
38.1595
19.5287
20.2069
19.2471
31.1509
17.4394
23.6415
21.4295
34.1141
19.5818
20.8262
18.695
20.8699
34.6055
30.927
18.5143
20.516
33.286
20.7579
18.485
22.5791
18.8924
18.4192
17.208
22.304
24.8142
22.0315
31.5706
16.5681
24.894
18.886
20.054
17.9712
18.2091
18.1281
19.042
17.7459
17.0732
22.9968
16.4831
15.2501
22.4677
16.2011
36.3548
22.6668
18.1783
23.967
14.6213
17.9798
15.087
13.741
21.8711
27.7279
15.513
28.635
16.1
25.5137
16.0973
29.2355
15.0694
34.1628
25.1176
19.8949
26.3832
14.7634
25.4822
26.5595
31.9507
16.3545
16.1298
14.5858
17.4178
14.9051
18.4864
15.4884
22.4795
12.9584
22.5313
20.4264
16.132
28.4715
18.9385
23.5518
17.3575
13.9976
27.5877
14.5359
14.1337
17.2938
23.0919
16.8814
23.7007
14.5888
17.1077
14.622
14.3601
29.6827
17.8066
14.593
15.047
16.9307
26.2795
16.1496
23.8263
15.5631
28.4891
15.4972
14.7945
15.0704
25.3555
17.9273
15.5587
28.6508
24.8935
14.873
16.0708
26.8772
16.5942
14.5089
15.0087
29.1558
15.4346
14.1551
18.8353
16.2509
14.9142
19.0887
16.7271
15.5318
23.6146
17.7417
18.0836
16.1413
15.7396
32.131
16.5816
20.6435
15.3136
17.3929
17.3329
16.3515
16.0825
24.335
16.5893
27.5659
17.8997
17.6402
25.598
24.875
20.3371
16.0115
17.7684
34.0632
17.0476
16.7942
14.2934
14.5695
15.7948
24.8676
18.3945
18.2273
18.6915
17.5006
16.3366
15.9347
16.321
15.7943
15.7568
20.7208
16.054
18.5469
14.456
20.91
16.2605
17.2088
15.6794
15.287
15.9143
16.8015
16.5723
20.0806
18.7775
18.0465
16.4229
18.5944
18.6687
18.4119
20.3125
19.1589
19.1715
19.3477
26.8768
25.0753
22.1968
21.0786
30.2644
21.2268
23.4382
21.9617
23.6253
28.0375
26.8254
26.2026
22.7692
29.3088
22.2512
26.0285
23.8119
22.7268
37.2362
23.1808
23.2612
22.4518
20.5742
18.462
29.21
18.7872
18.9155
19.1462
19.8689
23.5302
17.5153
17.5315
15.6258
28.197
23.6588
17.8232
17.1347
30.1589
24.9129
17.7872
32.1237
21.9281
21.0363
24.3762
17.8467
30.1139
16.0593
17.9323
24.0801
17.0134
21.6955
17.775
26.3306
17.8054
18.7033
17.7611
17.8712
19.4165
18.4395
19.1497
18.084
18.9522
17.9398
20.5332
16.9348
18.6373
20.4233
17.714
18.8987
15.7897
29.9651
16.1712
24.1886
19.6587
19.8952
17.5156
28.7802
18.7971
31.0191
18.1009
27.9437
23.7443
16.5132
17.8703
18.2043
17.3078
18.3252
18.4542
18.9141
25.5078
20.676
26.2635
15.9434
25.7769
16.461
18.4398
16.7841
18.1064
17.8984
18.456
16.7056
16.0244
23.9518
16.7298
22.5257
18.2257
17.2991
18.9517
16.3402
26.5418
17.1028
28.0115
16.8705
22.6645
15.1468
15.9517
15.1056
16.6511
15.0113
28.2313
16.2926
32.7844
20.1947
40.9241
22.1758
18.3773
21.7067
31.0039
30.552
18.4346
29.0201
24.9761
14.2718
19.6692
16.7012
17.2872
15.936
26.9544
18.4964
22.5376
17.713
30.0072
27.887
24.6362
15.4361
17.7837
21.9708
35.1644
21.255
23.3258
27.4902
17.8663
27.4043
20.7558
17.3673
18.9618
18.7936
21.8107
20.3679
27.4475
37.9445
20.844
22.5657
24.7808
32.3483
17.8177
32.2963
26.918
20.6736
16.7682
21.1502
17.9641
21.6949
16.1212
20.3073
18.9727
21.2996
21.2659
16.6105
18.2124
17.0925
23.6923
16.4885
20.4846
27.1906
15.8432
21.3722
19.0959
18.9554
21.1644
18.8395
24.4459
19.3369
34.3234
19.826
19.1067
18.1562
17.7248
29.2728
28.7637
20.4528
19.0881
21.6312
19.4425
19.9625
20.6435
18.1164
22.4344
20.3769
32.1767
19.804
21.2696
21.0913
20.6575
21.8666
33.0996
23.6759
20.435
23.6749
20.1733
21.0471
35.7634
26.0699
22.5319
21.5089
37.6531
21.6385
24.4635
20.8637
20.1806
20.0696
27.7843
20.3755
21.407
21.4449
31.6173
22.0439
20.8284
27.6497
33.0339
38.7373
22.972
23.27
22.9803
34.9726
31.6689
38.2553
31.0345
23.0446
23.5072
22.783
22.864
27.4462
23.5258
26.3859
23.1968
22.9791
25.7326
36.3203
24.3062
32.1538
25.5398
23.8705
26.4769
25.8516
34.1684
23.0931
24.9852
21.7814
21.6925
30.934
28.0708
26.6229
23.8932
20.8905
30.2534
21.7046
20.3317
29.2499
20.2599
23.7758
20.9622
28.2149
24.0406
21.8406
20.9423
21.8971
36.1843
21.1531
21.7626
22.0372
34.1502
21.707
34.8713
34.057
22.0006
19.7875
24.073
20.5416
20.3909
29.8871
19.8035
20.2702
19.5676
21.2874
22.1203
20.6885
18.666
19.3303
24.6077
19.6693
20.122
21.0108
20.5519
19.7292
23.5688
25.0184
23.4272
25.9481
20.0279
21.3262
23.4321
19.035
22.0393
28.6928
19.6373
25.3533
32.3313
38.3589
22.5012
37.3834
21.8084
21.8565
21.4134
19.5283
31.1686
21.1531
24.6544
19.1556
27.3978
23.0379
23.515
20.6327
28.8323
36.317
24.6375
21.3805
20.857
28.1042
21.9455
19.694
30.3275
21.7539
34.1233
21.9537
25.0436
20.8009
27.7016
23.0173
45.6145
26.5323
37.8553
21.9739
21.0758
20.4488
28.2611
19.8999
19.3051
19.2717
19.8038
34.8997
21.213
23.9389
24.9586
22.7702
19.9008
21.8958
22.6945
21.6567
33.8147
21.7006
20.1031
32.8246
36.8444
19.1338
20.1395
19.0639
20.76
18.5705
33.3291
20.4515
19.1427
20.4742
18.5695
22.8086
19.5313
19.6676
21.9163
19.4518
19.76
21.0116
20.1408
20.2405
20.8115
19.6345
21.6555
28.8129
31.0932
25.7281
29.4233
18.7696
20.1673
18.785
19.4408
20.5027
29.5509
28.2273
23.8405
19.9022
19.5056
20.4861
20.6302
19.4295
26.2209
19.2533
21.4493
20.3261
20.3923
20.1013
19.7713
27.3978
18.9798
18.0601
19.3154
18.6851
17.8354
18.6266
19.5962
24.0097
31.6152
20.4014
20.4629
21.3551
21.805
23.9208
22.3011
20.3928
22.9607
40.6966
20.6104
21.4458
33.5268
20.5565
20.2276
20.9451
21.3939
32.2887
20.9665
26.9638
22.4991
23.5308
21.9144
42.5004
25.7149
27.7595
30.6653
25.2746
23.026
21.4139
21.748
29.9608
19.8898
20.9111
21.4833
21.4066
21.8062
24.7199
21.1371
21.9084
29.9444
27.2872
20.9413
32.4038
20.1768
30.6668
20.2703
19.5443
26.488
31.3951
28.7924
19.8021
20.8713
21.1448
20.6854
32.9573
19.5424
21.4243
18.3601
20.7789
19.3487
27.5073
21.309
21.3535
19.2215
25.2902
18.62
18.7672
18.6203
17.9262
32.5184
20.5006
23.7941
16.9391
15.9012
16.0047
18.5595
14.3064
16.7953
15.9861
15.3161
16.2876
16.7786
15.7724
17.5217
16.351
16.3998
30.5821
18.205
16.6106
35.7442
18.2538
15.682
17.6617
15.3696
26.3235
16.1465
15.0338
18.0874
21.9107
15.0453
18.6334
14.9487
29.6546
18.3378
24.2923
16.0825
19.2848
18.7706
27.5786
19.3358
19.5632
20.0558
19.5412
27.8429
15.6353
17.4913
17.7185
19.557
15.1107
16.7634
14.735
15.0535
13.9038
14.9184
14.3462
15.6819
15.056
16.4457
28.5204
17.4018
17.8838
14.8047
15.8765
16.0646
19.7811
15.793
25.3066
16.9148
19.3149
29.9309
19.7655
26.6879
16.4601
28.6045
25.0658
16.7066
19.9565
29.5214
17.5951
19.0582
22.8925
19.0231
38.3289
19.2889
34.5346
18.2984
24.0373
18.1455
27.9768
16.822
22.4015
17.1371
33.473
35.9106
27.7144
22.5202
21.8558
31.7658
35.4883
26.8137
18.4034
28.0076
20.0822
18.4574
19.331
20.7935
29.697
18.9663
34.496
18.0739
20.5422
17.3956
18.7617
17.7323
23.8815
34.441
19.7582
25.1055
17.3884
23.7384
21.0148
18.4191
18.8036
22.1324
19.0754
19.6496
27.4446
33.9137
18.0824
32.543
19.0362
27.9065
32.5581
22.6125
30.6367
27.9885
26.4721
40.517
19.4229
19.6628
19.332
20.0992
24.9693
24.1808
19.4975
18.5204
17.905
17.5485
26.3205
17.6595
16.5131
15.5975
16.7209
16.6849
17.4286
16.9386
24.5497
17.0459
28.7654
16.9757
23.5004
18.1507
27.2461
19.89
19.3779
23.8185
17.1195
20.0553
16.7897
17.8557
16.2358
18.0271
15.3873
17.6737
16.0271
15.4696
15.9841
20.0047
16.4641
19.2971
15.9239
16.6419
16.6436
24.336
19.3101
17.5137
18.4599
16.7063
21.8689
16.4413
15.3757
15.1322
16.9411
16.377
17.1588
16.0101
18.6173
16.2872
30.8435
17.5488
26.0627
21.5333
22.38
17.6427
17.2573
15.4034
25.6888
16.8121
28.5578
28.1368
15.4843
24.1132
15.8695
18.1877
17.2357
16.5349
26.1474
17.8152
16.0904
18.2645
17.3685
16.0734
30.2847
18.4757
17.7391
25.2817
17.4201
17.983
18.3791
16.5778
16.8175
16.8062
16.9724
17.837
24.9608
17.7956
18.6116
17.1207
18.2203
18.7062
16.4398
19.603
17.6843
30.493
17.938
21.0356
32.1819
16.828
17.0587
17.6945
17.3833
31.0025
17.1215
15.8988
30.9769
16.4447
21.3973
15.8813
18.5718
21.5363
15.3179
25.714
16.1558
18.7541
18.9339
16.641
17.4265
30.785
17.621
26.5004
19.0289
19.3787
19.5177
19.9991
30.8382
18.9213
21.1111
27.8103
18.113
20.7347
32.5768
18.1756
20.8271
19.9729
20.7734
19.0142
21.5128
31.4367
30.3343
26.4835
18.1073
28.9526
18.1541
33.3939
17.1597
29.3527
40.176
41.1233
18.778
33.6981
18.4365
28.0172
17.6552
18.1857
31.7189
16.3259
21.6088
15.9742
17.1426
16.3205
25.3981
16.065
17.0678
16.0181
16.127
18.8085
15.5736
28.5052
17.9417
31.7228
22.1791
15.6584
18.9116
15.6565
26.479
15.2489
16.3099
18.0997
19.0819
17.0079
16.093
17.553
17.1146
17.1755
16.2779
30.3604
17.6915
24.1318
15.3073
22.41
15.8168
30.1966
16.155
17.7215
16.5832
15.4504
29.6669
16.9826
18.697
17.8613
30.74
17.5985
33.3717
17.697
18.5618
24.2191
18.6645
17.3862
19.3892
18.7759
31.1566
31.1061
18.1344
22.8654
19.4285
20.0289
22.6815
22.797
19.3729
20.5583
22.7155
18.8541
36.8216
21.7938
23.2707
19.2128
20.6984
16.0071
22.7448
17.7649
18.373
16.9827
29.8793
17.4177
30.5784
20.7648
31.6264
18.1911
31.1406
17.4309
36.4973
24.2319
23.2751
19.0914
19.2639
18.2119
19.3667
19.4971
25.0036
17.9605
27.004
17.2327
24.6391
18.4459
18.4584
18.4108
21.6092
25.4066
30.2574
16.0448
19.1897
17.8332
16.8364
22.4931
17.9024
18.2883
19.9916
19.3619
19.5942
17.338
19.0222
34.5605
26.1303
17.4341
24.4347
16.9369
20.927
17.7572
26.6764
25.9085
18.7079
27.6072
28.376
31.5816
24.6642
18.6165
18.7571
19.9255
19.7718
17.4538
18.1937
25.3549
19.186
17.3729
19.7248
19.2228
18.6872
27.7665
18.3298
26.3384
19.7657
17.8447
18.7306
34.3165
18.2867
18.7356
20.7089
30.1465
19.1249
21.6615
19.5126
21.2264
18.7175
32.6702
30.2689
20.7216
20.0343
35.7742
28.0663
35.2878
43.6786
22.7619
20.757
28.5974
26.3219
22.7644
23.3491
31.1491
20.6183
24.8337
21.479
19.5803
20.4542
20.7489
46.6688
27.9811
22.2962
21.4795
21.707
21.4745
23.3615
22.5342
20.0104
31.2313
37.9129
22.9161
36.9536
33.2963
25.7282
21.9033
20.6795
34.4024
23.7644
49.1963
23.3923
33.0836
24.2446
28.8324
32.7554
25.3929
38.1968
40.2279
26.6623
26.5581
25.2344
26.3054
24.9225
37.3843
25.2373
40.1816
27.5679
26.1088
26.6476
28.8034
28.3625
26.5198
24.4618
35.1042
26.6159
27.5293
36.9542
26.8438
25.9856
39.9645
25.9621
25.3137
25.2689
29.3941
24.3006
24.849
25.7457
24.1887
39.8766
26.1075
37.2147
30.9871
25.2285
37.5273
26.0388
24.9772
34.2777
54.7946
25.3096
28.7118
25.581
30.0148
25.4803
29.6301
28.5678
26.3743
27.6696
30.8544
28.4928
33.2249
25.934
25.8173
25.7149
23.1201
26.5258
26.3876
39.1752
27.3324
27.3855
23.3775
25.9468
26.6932
25.5125
28.6373
31.4166
28.9292
25.1544
27.5686
25.676
25.7348
26.5173
24.967
23.447
25.662
23.1721
24.691
23.346
36.8156
23.365
30.3342
24.2942
36.366
24.2721
36.5805
25.4988
22.1648
31.3461
23.8927
23.3189
38.2093
23.7155
23.5803
26.0228
22.3947
25.9605
23.5146
35.059
21.7567
23.6901
20.6079
26.3227
24.1858
20.8879
23.6639
22.0351
20.9556
21.5277
36.0891
21.5869
24.7759
23.5055
20.5759
25.1576
22.4799
33.4434
21.3989
42.8787
20.3913
43.8594
27.136
43.8863
22.1647
23.8683
22.7419
23.314
27.6121
22.6834
28.7662
20.7804
24.2255
32.825
22.1657
22.0797
20.0855
29.4927
21.5825
38.103
21.5155
24.724
21.1398
22.2415
21.3885
23.4135
20.0112
21.8849
20.9578
26.4585
22.1947
19.6802
36.0419
19.1359
21.4254
24.1275
45.2114
19.3805
22.7771
31.7032
20.311
26.5045
18.9383
22.947
22.2581
18.7375
20.9645
16.9241
25.8559
18.1043
26.5496
18.4029
17.6993
32.7271
16.7671
23.56
24.4718
34.4666
16.936
17.8693
17.5197
17.2891
28.7688
16.5086
31.4468
16.8062
20.7386
25.8343
17.1722
23.7953
15.8285
24.7706
15.9276
24.3377
15.8488
23.0619
15.8934
16.8845
17.6654
15.4555
19.8748
23.3054
16.3674
15.0885
26.6299
15.4492
16.9658
21.7533
15.631
18.4485
20.0473
15.7071
15.3791
31.624
17.2472
31.5579
18.7088
15.5305
28.2077
26.9715
27.4106
15.3083
15.0617
24.1064
14.2922
29.214
14.9885
19.7819
22.7938
12.4172
23.0521
18.0558
24.1076
14.6087
11.6094
22.6741
10.7025
21.7029
12.3768
14.9948
11.5168
15.3948
13.2413
13.6502
22.2869
13.5249
14.0033
19.434
19.4428
15.3744
14.6279
14.077
22.0191
16.607
14.2382
31.368
18.0498
18.5231
16.4113
13.5062
10.8154
13.9191
13.829
13.7153
20.3883
13.7625
13.5261
22.6278
11.5309
12.0521
25.7545
16.6892
20.056
13.7081
14.4411
15.7165
16.0485
34.7175
17.0453
31.0664
17.1072
24.2942
19.2119
20.4068
19.364
25.9461
21.2652
21.0205
20.4644
19.0553
26.7865
17.5754
20.0642
37.7689
20.5426
32.0168
16.7715
21.225
13.9962
16.7429
29.4163
16.9843
16.9711
15.1073
28.1574
14.6988
16.4078
24.2674
17.1938
29.5285
14.9873
26.5693
21.9796
15.5072
16.6489
19.2262
25.9482
16.2639
26.5933
17.0462
19.2473
22.6368
25.0092
16.1184
28.5831
17.3408
31.9822
19.3482
41.5995
20.9242
23.3011
19.7863
19.3502
19.2579
41.0986
37.3668
21.7571
20.2066
20.2325
21.2576
26.3886
22.2208
20.5238
19.782
18.0953
29.062
18.041
18.3191
29.2698
17.4264
24.2089
16.5527
15.7638
13.9867
21.0446
25.3869
13.7503
15.9321
25.1498
12.3604
25.1987
13.2063
16.9904
13.016
12.6669
12.249
19.2371
10.6955
11.9765
17.019
11.9179
17.8174
11.8536
14.9217
13.0515
23.6727
12.7922
15.8234
12.1067
20.3682
11.365
16.223
12.3049
10.6268
21.3755
13.6692
26.7996
17.0029
14.6638
12.0945
21.6313
12.0272
12.6563
25.8491
13.329
23.2743
13.522
12.9896
22.3747
13.6232
11.864
25.7085
20.2136
15.338
24.8505
12.8183
17.6638
15.6145
17.4324
23.4897
15.529
16.2058
14.7172
12.8734
26.6828
15.1913
18.4891
13.0661
24.7388
12.0616
24.3559
16.1444
13.8964
14.0084
12.9564
17.1971
16.1395
15.5552
14.9173
14.3015
16.6132
19.9595
13.1112
27.6588
14.9962
14.2574
17.0882
14.3313
15.9995
19.592
12.7665
16.6613
25.028
16.1129
12.9674
18.1968
12.8967
21.7119
15.1689
14.5612
18.4408
27.1653
15.9526
15.9111
32.7971
17.0421
16.0243
14.9481
16.247
17.4975
15.6515
27.6537
15.8122
15.8176
15.491
15.9779
17.5174
16.7757
19.7228
17.3737
16.7639
17.6081
15.7689
18.2043
16.7308
16.816
19.488
16.9309
15.4857
17.6149
17.4516
15.3886
24.8539
15.4285
25.1209
19.3573
19.1985
22.1897
17.6431
14.3434
16.4466
17.1578
15.3951
28.1284
15.3862
28.0706
15.5963
20.3038
14.9221
16.7895
16.2943
16.97
16.6957
16.9815
16.7079
16.6873
27.7981
19.9149
14.9721
17.3001
17.9289
14.5286
23.913
23.7268
24.2919
20.1864
19.3808
17.9561
23.5802
14.4159
14.6792
19.9333
14.5131
15.4596
13.7062
16.0064
16.0138
14.3014
14.4491
20.7675
12.8891
30.7479
16.1117
18.5502
14.745
23.6568
16.8948
17.4762
16.2739
23.65
15.5992
16.5801
27.1046
16.4035
14.826
15.4617
31.5577
15.5651
16.0746
13.0993
21.8931
21.121
16.5388
14.4441
14.0777
17.2427
15.3043
24.9304
19.5951
28.3254
14.1628
27.0268
14.2919
14.784
14.6996
21.0235
12.7137
14.7085
12.2694
17.1513
12.164
16.8226
14.7075
13.7772
14.6969
15.617
16.0809
26.8975
11.3927
10.901
11.8119
13.7555
12.1003
10.1016
10.8024
12.2395
19.6272
15.6418
22.8037
12.6577
22.4163
12.7336
14.2596
22.6778
14.8996
15.6236
15.6847
21.0564
13.125
20.2521
17.4314
13.8747
19.8184
12.0808
17.4728
13.0529
18.6048
15.7823
17.6543
21.9257
13.4804
21.6958
14.9192
21.8947
14.9154
31.0152
14.3524
20.9014
12.658
25.5525
14.4125
26.8435
24.5226
16.594
14.8973
21.2721
11.424
15.1051
10.9328
17.4022
13.4848
10.902
11.5025
12.5819
11.8865
13.1769
27.7241
12.8979
14.0505
16.5896
18.2521
20.5077
14.5787
14.9911
16.3026
16.8716
15.2021
12.0014
16.5702
11.57
13.9905
16.412
15.6203
15.8219
13.0383
13.1049
13.6503
22.4357
13.0241
17.612
13.1778
12.913
13.7237
13.217
12.8367
12.3742
15.102
17.8881
16.2302
18.2823
27.3159
15.9138
32.362
13.9879
25.9243
16.4168
23.7846
14.4032
16.5966
24.807
13.2442
20.4894
17.7507
19.9767
27.0894
14.5348
30.1163
26.9825
13.5174
12.9826
16.389
15.6896
18.3555
18.9073
23.9453
14.9653
28.2163
30.3758
22.5009
15.0287
20.7999
21.1889
15.6052
13.6691
17.0783
14.1058
21.3486
15.0728
13.9093
29.4956
14.6465
17.0092
17.7046
14.9746
17.568
16.778
22.168
19.6936
13.2933
18.0829
18.8664
12.4319
23.107
14.9016
26.6965
14.2644
14.7307
15.5139
20.106
10.2942
14.1753
15.2707
12.235
13.3017
21.5324
14.2479
14.3547
13.3165
29.5016
27.8053
14.1495
12.0029
25.0002
13.6062
22.9435
12.2365
24.4776
15.4996
13.4691
17.2502
11.8104
14.3318
11.5281
23.9563
11.7351
12.2165
19.6686
24.161
11.3021
22.4996
10.5734
16.2885
16.2967
16.1141
14.794
28.5902
16.2803
15.8917
13.3343
25.6853
14.3591
28.3676
20.3915
14.2154
16.1842
22.2288
30.778
16.4202
21.7
20.1851
18.5408
14.0647
11.48
25.1595
13.809
15.9347
13.674
13.8332
13.9404
12.7318
15.4271
19.1259
15.4924
13.0666
22.9566
13.6887
21.7957
13.7802
15.9692
13.1259
17.2892
29.1054
16.9362
28.2869
13.6321
14.9428
16.3499
14.7322
14.6535
17.8188
27.4192
15.5617
21.1061
18.3708
17.7679
16.0761
25.6601
16.4917
14.7042
18.9178
14.9111
24.7149
19.4824
29.7219
16.7105
29.2401
19.5664
16.3526
20.8057
35.8128
21.4926
19.9578
16.1959
15.6956
21.7584
14.3612
17.2426
17.4779
13.3671
29.3874
17.7332
13.4412
19.4264
18.4136
17.0949
24.546
14.991
13.9484
24.9541
13.8339
32.2886
15.6233
12.3916
13.2003
11.7942
23.1074
13.3367
25.1376
14.5442
12.9384
18.5584
14.0946
14.6125
26.348
14.5219
18.6761
12.0923
14.8768
13.311
29.6893
14.527
12.0796
12.1998
27.049
22.6743
15.3299
16.0312
12.2974
15.7327
13.871
17.2175
12.8691
18.3925
12.0613
11.5647
11.8495
25.6137
18.2278
15.9466
14.1258
17.1978
14.6162
13.6084
14.6278
20.007
24.1397
15.0736
13.105
27.6537
21.4411
20.3743
18.5451
13.516
13.4733
15.9712
22.1073
12.9427
27.3487
15.2908
12.6045
16.5576
13.572
24.746
13.5589
14.5192
11.4588
10.8396
16.2479
14.0554
13.8616
24.6051
15.1102
19.6188
14.8127
14.6385
14.395
12.8538
15.0295
26.8769
15.0441
26.4913
15.4089
17.0425
13.5975
16.8976
15.5926
22.5731
14.8914
23.9618
12.5998
20.9201
13.8274
23.4151
16.3917
14.3878
13.4128
14.9436
19.2492
19.814
13.761
13.262
23.6139
30.0862
16.5787
18.5439
22.7399
23.3419
15.0206
35.0475
16.9104
14.3007
23.0014
15.828
16.8071
30.0309
12.8167
28.9411
12.9184
15.678
32.1229
18.3357
14.8807
15.0771
14.0946
15.2076
20.1031
31.2408
23.5414
16.9388
23.4896
16.4256
19.0965
20.4024
25.0584
15.5939
16.2632
29.8558
16.2424
14.9386
25.3447
17.3895
12.8747
25.266
13.1459
16.1334
16.2847
17.3058
21.8294
13.4806
12.4024
20.3129
12.6434
13.8758
13.4944
14.1472
14.7229
16.9048
13.2226
21.8571
13.4815
12.6225
18.0857
16.8436
14.7201
13.8208
22.6041
23.3778
13.0893
18.8739
11.6387
21.189
12.7984
20.2742
12.5178
12.3332
14.0686
12.8191
14.7877
13.0949
13.4151
14.5975
17.45
14.419
13.9481
14.3378
19.5499
12.8801
18.5374
18.3152
10.6303
10.2017
13.6138
13.334
16.3563
15.1915
16.6167
14.4989
25.4837
9.68578
15.2671
29.8414
14.9724
18.5033
23.4495
17.2052
26.6012
14.9894
25.3627
13.2792
26.7375
22.6499
20.9692
26.8688
16.4202
14.5053
17.2185
14.2986
12.266
14.898
24.5145
11.7254
13.6524
21.2129
12.3562
11.5388
14.9656
19.7826
12.9163
12.1204
18.5527
11.6805
25.4878
13.7022
22.7979
13.8113
20.4324
18.209
24.553
24.1493
14.4953
17.9169
29.123
15.9079
31.6024
18.2345
17.8215
16.4521
16.3032
19.9205
28.3859
29.0155
25.9358
34.736
18.22
23.2184
14.7753
22.8675
14.61
28.2048
14.1074
19.2794
26.5755
19.9409
25.8119
17.2121
16.138
14.5517
28.658
16.0263
13.7436
15.1517
26.6571
25.7594
17.1614
12.6659
16.3938
12.3339
32.1966
15.688
15.3617
31.3547
28.4601
15.748
11.557
23.136
13.5075
25.0519
13.9905
25.9002
20.643
10.7826
20.0947
22.5747
24.265
14.2811
18.8693
11.9902
11.6784
13.5631
22.2409
20.9711
22.6502
13.0319
12.8345
20.2025
13.5432
17.2983
12.6349
15.5037
10.9827
17.9023
11.1646
15.4541
24.2835
13.6054
23.5191
11.1399
13.7275
19.4356
16.9591
19.1926
12.6585
11.3
11.8318
23.3223
12.3791
17.5744
12.7541
15.629
16.0812
22.8355
14.7249
29.4013
16.0343
21.1653
19.4977
14.5301
16.2127
13.0017
14.8396
20.2002
22.9998
15.662
29.1449
25.6329
16.259
16.9121
22.7819
14.9113
25.2636
12.3502
22.2399
12.0781
12.2253
13.7443
18.51
13.1275
27.2178
12.1423
12.0696
16.062
15.1257
21.9169
12.8804
13.8638
17.6275
20.3599
14.1737
11.7843
17.5852
10.5958
17.5913
13.2064
27.089
26.8965
16.2921
14.6135
20.4071
26.7276
14.31
13.8831
16.284
21.686
12.8873
22.1946
24.8112
13.1771
14.7118
27.1754
30.2102
20.7783
10.7097
14.5433
21.691
13.0798
17.823
21.0224
23.1405
13.3464
13.2537
22.8962
18.3563
18.9439
17.5117
21.3702
26.4747
25.3284
21.7121
18.9547
16.5985
24.7612
14.0429
18.1623
17.4668
27.6907
16.6447
26.2977
19.6371
13.7094
21.088
20.0203
25.0971
23.6535
26.7741
17.1367
14.8674
28.3521
19.3547
26.4374
13.6751
13.5111
15.2699
24.2958
27.8221
18.6218
29.3919
15.364
15.6548
26.7875
15.4563
23.725
15.4692
13.2894
23.9287
17.7107
25.8846
18.2513
22.1943
23.1832
14.7584
17.191
16.2205
22.452
26.0907
14.0659
14.9252
14.2939
21.5281
12.9018
12.5016
27.9563
13.7121
18.1863
22.1134
15.1421
13.7082
33.1967
32.0935
21.5451
16.5877
18.0337
24.3441
21.1821
26.5452
14.3556
23.2101
13.6628
12.5137
16.1759
12.3098
25.3703
13.4089
23.6847
25.7778
22.9852
23.9531
13.1278
13.4134
22.6148
10.9659
19.1234
22.0439
11.8954
22.484
25.1603
14.3882
16.0616
17.8995
13.2713
17.6123
25.8946
12.778
27.5098
14.6197
24.2458
23.4539
25.2609
24.1946
25.1991
14.7455
21.843
20.2585
13.2503
14.6584
21.085
15.5061
20.8277
13.9654
23.6969
28.3713
20.4621
13.5476
23.9836
15.9209
23.8306
11.7895
15.0869
12.6161
12.7984
27.3026
18.8271
12.4017
31.5286
24.97
22.1219
12.9038
11.7932
11.128
20.9857
13.3581
22.3445
24.6335
14.5499
12.3768
16.5379
19.8481
16.5998
18.3833
14.7975
15.29
14.564
20.9998
15.5245
14.284
13.8826
25.1492
16.1505
13.024
23.8912
14.0874
26.8912
30.7121
26.5928
18.0101
27.7377
13.5377
25.7453
13.1318
13.1615
13.5935
29.415
26.2648
13.47
25.3999
27.2164
17.4863
24.9091
24.5609
14.3541
14.7574
18.2724
15.7493
27.9246
29.7524
19.0208
14.5971
15.095
32.0901
17.4986
25.2421
24.1701
31.5366
21.752
14.0743
25.991
14.539
23.1627
18.7281
16.3316
13.6907
13.6667
29.276
24.2591
17.4834
14.7682
25.7912
15.1247
18.473
27.8524
17.5878
15.8417
33.9346
16.4488
22.7353
15.4821
21.4272
22.1156
26.5655
15.3108
17.8809
13.8337
12.7491
12.1144
14.4269
14.6395
23.6965
14.7976
28.3295
23.3708
13.0637
24.4854
12.7069
28.7449
15.7332
26.7749
13.8529
16.8136
19.1047
13.6901
25.9257
13.4757
30.0652
24.4473
13.5381
12.4946
13.9744
15.9014
13.2684
17.7281
27.3954
14.755
17.0934
19.9884
14.6967
23.1036
24.1559
13.868