33.826
14.7118
31.4194
15.788
22.6009
15.3364
19.1864
15.1082
25.2337
16.3524
28.7538
23.7716
14.9155
15.9746
16.8619
20.8934
17.9584
13.8424
16.7329
27.028
14.8049
30.9206
19.526
16.7382
13.8908
13.2147
26.8514
19.5375
14.7444
12.898
14.24
15.058
11.7691
12.4873
12.4986
14.5765
12.1787
11.2608
11.2549
12.0159
20.316
13.9625
17.6746
12.3419
14.1472
18.1129
16.4864
27.0472
28.1301
23.1015
14.2488
16.6389
30.4402
17.8363
20.3853
14.0401
18.4141
28.9057
33.009
16.1114
23.1349
13.0138
16.157
23.5002
21.9707
13.7489
15.1531
22.8263
17.4081
19.6676
16.0465
16.3671
13.9863
13.9129
19.3742
12.4706
11.5139
13.6724
12.9213
11.4667
11.2399
10.9568
11.5225
19.2143
15.2172
13.1581
16.5039
29.9306
16.6655
14.5286
15.818
26.1771
13.4318
27.2973
14.7677
20.639
13.777
21.8953
16.8266
15.4933
14.5262
26.1048
15.866
15.7423
15.7583
20.9661
24.7577
15.7311
23.2551
14.8023
20.2397
20.5574
29.9452
17.5568
16.7505
14.8516
16.0658
16.2784
10.8266
13.7294
15.4926
19.2369
12.8582
12.6833
12.5823
12.7357
13.6456
12.8907
12.2022
22.1327
12.4916
15.6532
15.9002
15.1867
20.3613
17.0483
17.7164
15.7377
21.398
16.5246
25.7478
17.1165
15.9372
19.1864
15.9344
26.2583
15.5771
18.6714
14.7293
29.6956
19.9599
15.6047
16.0437
16.5788
15.7334
16.2696
19.7404
14.9876
19.825
15.1586
17.674
28.8722
27.6833
13.983
25.1545
13.6492
13.9617
16.0349
11.821
14.0029
13.2292
15.0282
11.1877
14.374
12.1257
11.5285
12.7572
12.1766
18.789
13.7843
26.9063
19.4371
17.0655
25.1642
19.1166
16.5434
28.0071
15.4313
26.7863
15.7797
33.8101
19.8718
27.6003
15.4723
17.5874
18.9198
19.7594
14.108
29.9544
24.4604
16.6086
27.5514
15.7642
23.5813
13.9099
19.7316
30.1775
14.7817
14.7992
14.4166
13.9907
15.3986
11.776
18.3517
13.5387
10.9726
11.7033
11.1671
11.3207
22.5532
16.6708
13.4988
23.6382
14.0529
14.9781
16.105
28.4324
13.7717
18.559
16.9266
24.6291
19.1547
18.3825
16.925
15.3784
19.1216
17.214
15.8127
21.527
37.5274
19.2995
25.0889
17.5727
33.5811
17.4417
20.7074
29.768
23.7885
19.0229
14.4851
21.244
14.5765
17.0166
12.3495
25.5604
14.802
15.3073
16.4549
15.1204
21.0297
15.4712
14.6113
14.583
21.1484
14.5253
29.7453
14.8517
24.6477
14.1053
17.2054
14.5531
27.1044
14.0299
29.9735
16.0389
25.3037
15.2163
24.231
13.9895
16.8184
28.8396
27.8596
17.5998
23.9837
15.0661
26.2743
15.2782
18.8473
14.5361
18.0015
27.4611
15.6213
19.6585
15.3943
26.9857
12.686
20.4528
13.1817
12.3086
27.3182
26.3595
14.7393
14.2938
12.5623
14.3284
14.4064
14.2287
24.4263
16.7722
14.7619
22.7058
21.1125
17.4242
21.8741
14.4186
22.9563
17.324
14.7198
16.9597
36.0252
21.9046
22.105
16.9064
19.3373
27.4652
15.6453
18.6547
17.0983
19.5323
19.8073
18.2967
40.0934
21.6713
19.3349
28.903
26.3856
16.5174
12.6391
14.257
13.1222
15.7199
14.5844
14.0808
12.7124
15.6678
12.8055
11.5451
11.0434
10.3893
11.2161
12.9995
11.6785
13.1784
12.0359
13.5347
15.0365
12.3173
12.0882
13.9007
18.5526
19.2272
16.3855
23.5541
14.9676
16.2928
27.6209
14.3219
17.5162
25.7794
14.426
23.9111
17.2821
17.9168
16.804
16.9638
16.8466
23.2108
14.3935
14.7805
19.9006
14.3541
17.8423
15.6355
19.2662
14.6742
19.6888
14.1283
16.1801
21.8122
12.3475
13.8987
12.7442
14.6687
13.4119
23.4326
24.633
24.9908
20.1507
23.8355
14.9845
30.5376
15.9663
27.7745
13.2735
23.755
15.653
16.8276
13.7637
15.3562
13.3982
24.967
14.0467
26.5765
13.4227
30.9289
16.8075
27.7272
16.0918
19.3108
19.3173
19.8561
16.5862
17.5322
20.4332
24.0776
15.6083
21.4176
13.6546
25.9776
15.5205
13.1674
13.1825
14.3688
13.7509
11.562
12.6576
12.4486
12.5389
13.0386
16.1686
21.2562
15.4582
11.9729
12.7974
11.9683
12.8926
19.2235
14.5009
13.017
12.1923
15.0357
15.8113
23.3907
15.4507
15.7748
14.0156
16.8672
25.3589
24.5392
17.0142
30.4961
19.6972
21.0186
16.5295
20.6065
29.3837
16.4094
22.732
16.633
27.1997
17.5596
19.6366
19.5747
18.9317
18.6833
20.8213
12.4136
13.9715
16.0699
13.6101
13.0051
13.4207
12.9412
21.8357
12.8721
10.856
11.8456
23.6641
11.9445
24.1035
11.5958
15.4199
14.2284
13.3625
25.9615
15.3498
20.3811
16.7129
23.3802
15.1527
20.9415
28.8576
23.3541
14.6509
27.9478
15.0914
15.119
16.8571
15.9028
16.6606
15.5974
15.623
28.5433
33.6802
18.8026
28.2018
16.7962
22.1799
15.8619
26.4539
14.5764
15.6033
15.9177
13.0173
13.184
13.6874
13.0465
12.2613
14.4276
13.6401
12.3046
12.8103
11.5717
12.227
16.4156
13.1081
23.0429
14.3587
13.8175
23.2376
14.0483
20.3846
25.2008
14.335
28.8867
15.2633
22.9052
14.3831
16.5732
13.7864
14.3749
14.8419
22.6798
15.4717
16.3327
20.5536
15.8243
13.3023
17.4012
24.2505
13.6503
17.1573
20.7614
12.6285
13.9846
17.2525
23.6253
12.7548
27.9461
13.8856
19.6288
11.9797
12.9206
12.1122
12.1177
11.8237
11.5081
11.4944
9.99843
14.2405
10.9024
11.4557
11.2894
13.1973
15.3621
16.0811
18.2842
13.5749
19.9083
15.7983
28.2351
14.1339
20.9675
14.5636
31.273
18.0173
15.1389
28.5921
15.1735
22.172
14.8411
32.4432
20.8774
27.074
15.413
27.7293
22.9459
16.1073
17.8703
14.812
21.5559
13.7397
18.9689
12.7213
22.6288
11.05
12.5327
21.3246
12.5293
14.1038
14.8646
11.4628
12.8946
15.975
14.5352
12.1543
13.2309
13.6919
13.9656
20.354
12.4575
24.4276
15.0714
17.2813
15.4274
30.186
16.5583
32.806
17.4424
26.6852
17.0798
15.0276
14.788
21.5609
15.25
34.1536
18.5379
31.093
24.9263
15.9167
20.2844
13.7705
16.3044
23.7671
14.8874
25.4916
15.2604
15.9411
13.7631
15.8287
12.667
12.2394
17.0811
21.1598
12.3096
13.664
11.766
13.225
14.0861
11.6504
10.8344
13.9904
13.0204
27.1295
13.0719
15.9664
15.2458
15.3721
21.8753
15.383
26.8135
22.0323
16.1571
18.3752
16.1331
27.9416
24.639
15.9482
28.7039
13.9447
16.5773
14.7857
15.296
15.2963
15.1673
14.9712
22.9686
13.1443
14.9725
15.822
14.2095
26.2425
15.7973
13.11
28.082
13.835
15.0693
13.2911
12.2512
12.3088
12.6408
13.0561
16.7667
15.4493
15.5716
18.3338
17.9821
15.919
29.687
17.273
16.2586
17.2412
19.4153
18.8856
26.9779
26.8036
29.8714
16.6115
24.648
14.0593
28.9895
14.9688
17.8064
16.1101
14.7298
18.8937
27.9351
21.3021
12.6971
28.3333
14.9435
30.6842
14.1533
25.6085
13.0428
26.559
15.0695
13.7094
20.7511
12.9125
16.3115
11.5928
12.1282
13.4006
14.8404
12.4989
10.9511
13.9497
11.6662
10.8757
11.8609
14.572
12.3872
16.1691
30.444
15.2854
32.9881
16.8234
28.053
15.7528
13.7212
19.659
18.7677
24.6723
15.5344
22.2057
17.5293
23.808
24.7617
16.4031
21.8768
25.4878
13.997
19.0665
15.0458
15.5314
18.816
18.8663
16.1639
14.9683
20.2569
13.8505
19.5541
14.3641
15.5187
21.5783
14.852
14.8387
12.7318
13.8092
12.3601
11.4484
14.2558
16.5487
12.0489
14.9428
12.8953
11.5003
21.7072
14.6183
19.8549
34.6611
16.0393
15.4245
29.9283
16.1964
19.2547
29.35
16.0786
20.8924
28.1916
17.6833
15.7544
18.4956
17.8469
17.5821
14.7534
19.7988
14.8553
25.8564
23.7714
17.8527
16.8578
14.7977
14.889
28.4378
13.1467
23.6551
12.9244
21.1125
12.0652
12.74
12.8567
13.6138
13.8679
11.607
10.9522
11.3821
10.9072
11.6435
11.6113
25.892
20.9945
32.3515
21.2191
19.0986
18.9595
30.0025
22.3556
26.0984
16.6162
32.5123
30.99
17.4724
22.2361
16.711
28.6136
14.8534
20.9855
23.8469
14.4682
27.7507
21.3061
15.1918
24.0622
28.9436
14.6358
21.5111
13.8879
15.2422
11.11
12.8568
16.9242
11.2913
11.6648
12.2432
12.1948
10.9816
13.3386
12.9531
10.2205
11.2358
15.9774
13.5742
13.3672
12.9189
12.397
14.1949
12.4252
13.0355
19.3657
14.7063
15.2
15.217
26.0787
30.1312
25.5291
14.9382
28.1456
15.5551
15.4376
14.7382
22.3016
14.4409
23.389
17.9593
14.8335
34.5975
17.4338
16.3519
25.0772
15.0453
25.1646
14.6333
17.1316
28.2803
14.6865
20.31
17.0477
14.0387
13.8611
12.6527
13.9383
15.3082
12.622
12.3729
16.7477
14.3212
15.8931
17.5165
13.1789
24.155
15.9115
15.2648
34.1155
17.5799
16.3964
20.9242
36.6254
14.7678
23.8344
15.4611
18.138
15.5877
31.5703
21.0529
17.1688
15.9738
14.1882
19.2636
13.9264
22.3912
14.3536
27.8447
29.6932
17.2185
14.6723
26.2827
16.7834
13.1253
14.1501
23.5524
14.147
14.4131
16.9849
27.7163
14.3835
24.9709
14.86
16.8616
14.8179
19.6725
16.0124
16.1765
14.6908
22.7705
31.9166
18.8479
19.8492
17.2128
16.8315
22.4354
15.5639
29.3058
16.7853
24.4014
18.3998
28.606
13.0991
27.6855
14.9781
21.4521
14.357
14.3523
16.4979
24.8299
20.1306
13.3826
16.3953
13.386
21.788
12.9724
13.579
18.7745
13.0885
29.6581
21.1731
10.8954
10.4875
12.7517
11.8467
10.569
11.5284
13.6773
15.03
14.1861
13.442
24.4779
17.5142
21.6898
22.0177
20.1002
26.3529
22.7347
15.8466
16.7572
13.7632
17.0284
29.0843
15.6261
14.5836
15.0446
17.0278
17.2784
19.2892
14.13
21.5893
18.9696
29.3096
24.1824
16.2599
18.2046
16.5258
16.2598
27.8072
14.3519
32.6271
14.9291
14.7969
15.9029
14.9416
16.0457
14.5488
16.4227
19.0103
16.2066
15.7412
16.0269
14.8989
15.3972
27.921
15.9348
18.3207
15.0008
15.7067
29.9806
18.0461
31.0923
24.4596
29.4978
23.5252
27.3309
15.3869
23.8004
13.0484
16.619
25.4143
17.6222
19.3135
14.1131
29.7819
17.8654
23.2572
13.6043
17.2504
16.7552
25.7067
17.2823
23.2089
14.9384
16.9788
17.4488
14.926
15.4845
15.895
15.564
18.7061
16.4775
14.2779
14.6973
11.3561
13.8225
21.9899
15.4848
13.9396
15.2512
26.0498
13.8604
26.4867
21.6071
18.1503
14.3626
15.8065
17.7207
15.6829
31.9466
19.7098
28.0171
31.71
17.2253
16.6974
31.8843
15.9949
27.5121
17.1093
29.1192
14.6619
18.9643
14.2349
14.2632
15.07
12.49
13.4619
11.6531
15.7585
13.7245
12.8119
14.9654
17.6432
13.253
13.3882
21.6079
13.4306
24.1131
23.7836
14.984
19.4196
15.4833
14.7905
15.5461
15.9011
18.1266
14.0577
26.2587
15.357
27.9266
13.5129
28.9042
12.6672
24.0274
22.6275
27.8085
18.9397
13.018
16.7935
10.4382
18.6426
25.265
28.4856
23.1786
20.5261
30.8908
16.735
18.5029
26.4087
11.9346
10.6647
16.22
25.7383
11.1679
10.5604
11.401
13.8498
15.4046
15.516
14.5017
15.0674
25.1603
13.2754
9.03282
11.5994
20.8849
25.0345
19.6364
12.5475
20.1357
17.2137
27.979
15.5903
29.1428
17.9154
19.7594
14.5435
14.3484
27.9421
14.8257
24.0035
22.325
20.2936
17.932
12.6808
23.8088
20.7231
20.0417
31.6924
35.4865
30.6119
17.0303
12.3814
11.784
11.2656
12.2512
13.8703
11.6263
13.3414
14.71
16.1051
15.9801
31.8593
19.5376
23.1273
25.6579
15.2746
17.3164
16.0606
20.4729
12.5174
19.0977
12.8301
19.4704
14.8766
17.7248
15.8765
14.854
16.1769
25.4338
21.0783
12.0549
22.1857
14.1288
17.2331
11.7445
24.5658
16.144
25.129
15.6635
17.2345
13.5021
28.4107
20.3906
25.5597
12.2457
11.6642
19.1229
14.8332
11.1676
9.72462
12.7419
13.3992
11.4825
13.6261
14.0517
13.3083
14.728
27.4113
17.7384
17.1216
14.2295
13.73
16.8463
23.7141
13.1497
20.8153
15.6019
26.326
19.7537
16.49
26.5824
14.8437
16.0929
28.7616
17.4672
26.1582
24.6742
14.5766
13.2931
25.0858
14.4848
22.3565
14.4268
13.2367
15.6149
13.6012
23.9292
21.4784
15.2462
13.0273
13.9073
21.3609
11.4598
10.2996
10.516
10.5534
10.313
10.3869
10.4503
10.3381
10.4471
12.1461
15.7342
15.8526
18.5176
21.1657
14.0725
28.2726
14.1052
29.0874
17.8094
16.4806
14.0659
14.4498
17.6682
12.8
29.5726
14.6491
17.2799
20.7479
16.0989
20.4508
12.8945
15.474
17.7089
25.0524
27.0074
15.0351
16.2132
16.9486
27.241
11.7485
19.6283
13.7037
15.3074
20.6898
15.7488
15.4832
16.7716
14.4393
19.4639
18.231
22.2626
19.0154
20.1716
14.8318
14.5035
24.3486
14.1744
25.211
15.428
22.5317
18.4752
18.7403
28.776
14.8453
19.7061
12.816
29.0981
18.2645
13.5627
24.239
14.6938
21.6129
30.0103
14.4224
27.0671
14.2314
15.688
22.7937
15.4031
14.0864
14.4061
14.6939
14.166
14.7799
15.4684
27.4822
15.9089
16.0591
16.0903
14.1492
23.248
15.8551
29.5992
20.4175
26.2347
16.1902
31.3291
19.8404
14.694
18.8377
17.8155
22.649
17.8843
15.9325
24.8313
17.6933
37.8052
20.2917
24.1723
28.8097
14.9265
24.0821
31.5795
19.4079
15.81
22.2956
34.753
15.7628
25.8641
14.1607
27.5143
14.7295
17.2493
12.7169
23.3279
11.2835
9.53868
14.6941
12.2536
10.6387
12.4297
10.2834
11.1959
10.9447
15.562
23.9039
20.9144
23.4667
11.2478
16.917
11.2809
14.9033
11.5286
11.4317
10.3995
12.4169
11.4372
19.3028
11.4343
16.0833
12.5812
10.3248
22.6316
23.2571
21.4483
13.1938
11.942
13.8986
11.3026
20.5287
12.9283
20.1311
16.363
11.5505
15.1138
16.5093
15.1896
22.158
16.3024
12.6264
14.952
11.7708
13.2789
13.8843
12.8329
15.3798
12.0234
11.5972
10.8929
21.553
15.4573
20.8999
13.4234
13.3148
30.4342
15.1481
15.8457
13.3633
13.3721
13.6263
27.4257
21.5909
14.3739
18.7314
27.9267
14.7218
13.5144
23.0414
13.2949
30.5706
15.097
13.8285
13.6963
36.3022
16.2104
16.4732
12.8905
13.9854
16.9076
26.1917
24.7191
18.7419
13.8207
15.1473
13.7863
12.393
14.7527
12.1123
11.693
14.4682
13.2022
12.9499
15.6945
12.5875
14.5682
12.5884
15.3823
12.9342
13.1921
17.5091
14.6355
16.1924
21.0135
14.0646
16.5806
13.4029
20.5745
16.5569
18.9825
14.9467
16.3908
18.9344
14.3797
15.7266
23.7667
23.415
20.264
14.3364
14.083
15.8442
14.1628
29.3609
28.3973
19.8096
13.6303
21.0495
27.7086
18.0864
26.6659
15.419
22.2935
29.1552
17.972
23.6091
14.5113
25.0686
14.1727
14.0394
14.7069
13.8389
18.4154
25.0459
13.3063
18.558
17.8048
14.0823
15.1335
18.0517
15.9824
15.8727
14.3977
20.672
15.746
15.631
24.9249
15.6573
17.7617
16.7315
16.8676
16.0903
24.3065
16.5875
26.6263
28.1269
15.4972
18.8423
22.2217
15.6082
14.7729
26.014
32.3602
15.8728
19.5138
19.581
14.5168
19.5436
32.1656
31.2816
15.5548
21.7756
17.3529
19.8058
15.333
12.0353
14.6599
12.3765
11.8816
13.7398
12.6011
14.8424
15.2715
21.4056
13.4946
16.7483
19.5188
17.1738
17.664
17.0581
16.6396
30.3624
19.3394
17.6056
19.9047
16.9154
29.8373
27.5431
21.1561
17.0535
19.033
17.3736
28.393
24.3767
17.2312
20.2402
18.4762
18.0097
17.8512
17.9348
23.2206
17.5582
30.1616
19.2575
17.33
30.8753
19.5678
15.9369
16.3024
17.9711
17.6921
19.1301
15.4782
17.6271
18.2027
15.3874
29.3051
22.4941
16.772
16.7982
17.6232
17.5575
16.9063
18.4928
16.1726
16.2899
16.3616
18.1531
28.1957
14.7446
17.9287
21.6541
14.2649
14.6739
20.5607
15.0315
14.4383
17.087
28.4012
16.3521
17.3343
14.0975
14.599
12.5097
24.2937
22.2952
13.4031
14.2101
25.0088
14.4319
27.1389
13.6961
15.0615
15.003
12.8495
13.2069
14.139
12.1948
14.2251
16.6059
14.6983
15.6456
23.3099
18.7926
15.2499
20.4607
15.4749
14.6813
14.749
19.6636
15.6483
17.3959
17.5587
16.8911
19.7382
16.2878
18.4533
19.9089
17.6394
16.422
17.4783
36.3223
32.1591
22.7254
21.8714
18.5171
20.7472
20.3154
19.314
21.5599
26.87
21.289
33.006
23.7036
23.8777
28.377
23.5868
23.3447
24.644
25.3055
25.2632
25.4117
23.4164
25.0938
23.8174
23.9755
25.1739
25.8082
23.9836
30.5429
30.2294
27.8199
31.401
27.4867
31.7226
29.203
37.3064
29.2704
28.6465
50.128
30.4695
29.993
31.1549
29.8779
28.8992
39.0969
27.8646
43.4245
28.025
29.7684
30.4229
48.0029
31.9879
28.7725
38.6834
27.5404
28.6267
39.0124
26.2746
28.2406
26.3405
23.951
26.5925
25.7541
23.0831
24.266
22.9979
25.9734
34.7084
22.8306
34.9979
25.9076
22.647
29.6385
32.2089
25.3701
37.1968
24.0871
39.1096
24.9088
40.1363
42.6973
26.6389
27.1362
29.0829
41.0261
28.9218
27.4508
27.0733
26.4044
29.4705
25.8724
28.5009
25.1323
25.4903
25.7345
24.5497
26.9203
25.304
26.0404
27.9848
24.2239
24.8164
25.4494
25.8069
25.3277
35.5147
23.9468
36.94
23.0941
42.9341
23.6945
31.6814
23.0946
23.7908
21.1287
22.2932
26.8737
23.1406
28.7978
37.7241
22.8706
29.2295
37.6916
23.9338
22.6268
31.0214
21.0324
21.9569
18.7598
26.2502
19.6343
26.73
27.7723
25.2766
22.0506
23.1708
20.0909
26.1408
35.6748
21.7655
26.6367
19.8474
30.2648
20.1247
22.0112
23.3022
43.754
30.7831
19.9129
21.6001
35.4462
21.3
22.2307
32.2576
31.3045
23.1851
19.8423
22.5411
23.8159
25.9059
20.5911
20.2487
19.0478
24.2145
18.5039
25.715
16.1366
25.172
17.9697
17.9166
18.946
20.5665
33.1876
19.3556
17.4527
22.5391
18.5051
35.5693
16.9894
38.87
21.6329
42.1507
21.7359
20.1594
29.5076
19.8254
29.0748
19.2684
23.2865
20.4476
21.8211
21.16
37.98
22.7297
19.5655
22.1584
18.8376
16.4517
17.2478
18.0397
29.6272
18.1582
17.7734
17.2356
18.2209
24.8528
22.5212
19.5513
22.2965
19.9393
21.307
21.2289
17.7791
21.9712
18.245
33.9092
22.6593
16.3144
20.3903
22.5467
18.5687
18.6535
20.2366
22.2881
20.6986
22.4638
20.492
20.9335
19.8906
26.1959
17.2447
33.2142
21.2581
19.0767
37.3336
21.0371
20.7823
18.7142
15.357
16.3972
22.9323
17.7222
13.8682
14.599
17.2984
13.4293
14.4445
15.3377
17.8803
22.2725
21.9639
18.029
21.6393
15.0873
22.608
19.835
22.1901
11.5519
11.3551
16.8227
25.1155
15.8129
24.1322
15.52
16.3704
16.7998
17.6302
21.9198
15.9913
16.4929
16.9457
18.0793
19.4877
18.1683
19.3207
19.6105
33.0749
36.7296
20.3813
34.4999
18.9941
21.7533
23.2418
22.1956
20.8743
21.297
21.2356
20.0068
20.4668
25.4328
24.3885
29.8255
25.3116
27.9392
27.1307
26.3594
26.1877
25.7671
33.2994
27.1866
28.0303
28.0321
56.7503
30.1755
27.7741
41.8569
27.6952
29.0392
28.8295
29.644
37.553
35.7453
25.8458
29.3275
26.2037
39.1192
25.9923
25.003
25.2184
25.0639
23.8277
25.4702
22.9388
25.0343
25.1744
24.7122
26.3649
27.9577
43.1333
24.1695
24.4486
34.3818
26.7377
25.5693
27.7726
31.6355
26.4036
31.2662
25.8068
25.4592
36.2671
26.9817
31.9566
25.2987
42.8611
24.3244
33.1939
48.3282
31.0164
26.3585
28.4253
27.6734
23.3523
27.0894
29.0884
30.5157
24.1155
30.1047
25.4902
26.5711
33.17
25.1832
26.7715
27.4036
25.0645
26.6436
26.8071
26.1395
25.7513
28.0301
26.5827
27.6303
30.4617
26.7193
24.2922
27.3606
26.4424
25.2192
34.9943
30.9808
25.1374
26.7559
27.0137
24.1965
25.5674
26.7419
27.2377
24.121
28.9635
29.7166
24.7201
23.1931
23.4853
24.0766
22.8593
21.3509
23.9483
23.1502
37.9418
23.0224
24.9529
22.1821
42.2917
27.3493
23.8309
25.1409
27.3826
23.6324
23.8558
22.9384
42.7631
22.1122
26.7981
37.4556
22.5544
23.2743
27.6765
24.7326
37.3815
40.304
33.9234
22.2646
32.6463
42.0705
21.9614
23.6032
39.0984
22.4436
25.1724
27.1324
40.2057
23.9644
33.428
25.1007
23.4289
22.9938
27.5429
23.3763
22.8198
25.0908
26.8458
48.7219
26.4774
22.5856
23.4085
24.4422
22.4656
28.3849
24.4358
29.4944
24.448
25.1111
25.5698
38.22
38.849
25.4127
35.2997
32.3239
22.8929
27.4071
23.3134
23.7445
24.1415
24.381
24.0065
24.3643
25.1429
26.0221
25.5524
36.8178
25.6924
42.7768
22.2489
22.2991
25.8301
32.6691
24.942
26.8186
23.293
24.2221
30.8115
22.5545
25.2525
24.7849
30.9784
22.1937
28.7654
23.238
32.9007
24.7831
39.3871
23.712
24.1207
28.6628
21.9531
20.9953
19.7755
21.723
23.2994
21.6141
22.2065
21.3375
22.6007
34.4892
23.0128
27.931
24.1885
29.1941
24.4244
25.7453
23.5583
23.1756
38.3711
23.4115
47.5904
37.5795
24.9522
26.1955
24.1181
28.5647
25.5782
23.965
25.6056
25.9021
37.3995
24.4576
38.2328
33.4819
25.1052
34.511
25.7698
24.1515
26.195
24.416
27.167
32.1308
27.4854
35.1602
27.4121
24.3985
25.03
43.6156
42.1253
30.0413
24.1809
23.3425
26.0935
21.0888
37.6886
20.9758
44.8923
22.2108
27.786
23.6678
22.1794
22.7486
28.6391
22.5594
36.1933
25.3195
19.6139
22.2177
18.7058
23.5356
21.5546
21.0814
21.6191
22.332
20.5531
21.2919
21.4373
22.7876
27.4614
24.3012
38.573
21.9821
24.1681
35.6707
20.9764
21.0392
29.9531
40.4229
22.5774
22.6009
29.1982
20.8948
32.2696
24.5509
34.1323
36.4161
23.262
37.9619
22.1814
27.488
22.6007
35.3374
24.1658
25.595
23.0577
22.18
23.2152
30.076
22.4994
21.7067
24.2731
23.2211
21.9917
22.7823
23.0019
23.4941
31.8551
24.8181
31.3159
24.2851
23.1652
25.5919
24.1825
24.3123
39.44
22.9062
31.2886
24.3988
38.5299
35.6317
26.9953
24.4799
27.7366
29.3174
34.0909
24.6646
33.7993
23.6413
24.5167
22.8206
30.3545
23.3013
24.146
23.4155
24.1038
23.6328
24.1307
23.8922
22.8588
22.6249
23.3356
32.1209
25.0995
24.1646
26.3693
25.2723
22.4451
30.1554
27.4604
36.1619
25.2069
25.3995
25.5929
26.1062
26.0155
25.742
36.8455
26.2677
25.3329
30.2027
25.3393
43.2478
35.0165
25.2868
24.4094
36.7168
26.6781
32.2358
26.251
24.2446
24.69
24.5025
24.7537
25.4029
25.4779
40.1502
25.0001
31.0144
53.7438
30.5079
39.3715
30.1239
23.2459
35.7093
24.6334
23.8242
23.7942
28.2301
24.1403
40.2865
24.3691
26.8077
27.2322
27.6263
23.3178
24.3309
27.753
23.1063
22.8167
32.5076
23.3582
30.7022
25.6475
21.967
21.2271
22.5334
23.5873
22.16
20.7776
36.6603
23.4887
25.4895
31.8761
26.8414
26.2368
23.2765
21.9561
33.8469
20.8727
29.2715
23.2483
22.7822
24.8367
25.4168
23.648
23.8596
36.1487
34.5435
24.274
25.366
23.274
33.4997
24.382
23.847
22.8984
33.0025
21.8737
35.6567
24.3548
22.899
23.0562
29.2488
20.1958
21.2016
22.3436
22.5425
24.3669
22.5136
23.3492
31.1771
21.2439
26.3055
22.7183
33.7609
21.5395
23.2119
22.1314
32.6279
23.9376
33.8628
22.9369
36.4226
22.0157
29.1078
24.0018
22.6045
36.95
22.3977
34.6465
24.4875
32.0413
21.5812
27.4052
26.3504
21.3838
32.51
36.2348
35.1266
18.8978
21.5118
19.8881
23.3024
22.9526
22.7827
23.7019
22.8201
27.3691
22.4019
24.0172
20.8084
23.4506
38.6329
28.6058
21.9303
22.7643
22.3192
30.8605
23.7696
41.309
28.1624
23.4093
23.9069
22.8876
35.8163
22.8226
25.8618
22.9253
39.1541
35.4402
28.1767
21.4693
21.2726
24.004
31.3408
21.3973
26.5283
28.0887
23.3271
22.3442
23.7509
27.1181
30.228
21.4427
36.7223
22.1052
24.5614
23.2535
30.0938
36.0366
23.4364
35.0534
22.0034
26.2046
24.404
24.2085
25.2525
23.1418
25.3218
21.6189
26.1917
20.5978
24.3049
23.2004
22.0829
26.3452
23.182
25.1318
23.2666
22.008
21.361
19.8818
23.1091
19.9777
22.5346
20.6191
20.9253
25.2706
22.6541
24.545
22.8029
24.7409
22.1069
37.1188
23.8289
24.4511
23.3848
36.2488
24.9719
29.5674
23.3334
23.3464
33.8734
22.6207
26.2605
23.5526
33.3757
35.4438
24.3421
24.2996
23.5232
27.5648
24.6088
21.3802
39.2849
23.149
22.7639
35.1912
31.2873
26.5225
23.512
23.6857
22.7266
21.4664
21.207
23.1097
26.1486
23.2379
22.3598
22.3037
22.3458
38.5717
26.1725
24.7646
26.5202
26.0849
23.3199
30.281
21.7405
40.3591
22.8269
32.6606
26.7248
29.5114
23.2059
31.0245
27.6889
20.7165
33.5247
21.4942
24.5925
38.0325
22.9107
21.1844
21.1906
21.9259
21.349
21.0357
21.1406
20.8651
28.7069
20.922
22.5888
22.8442
21.3173
24.1926
22.926
30.1072
23.1481
32.5939
28.7907
22.1773
22.2222
20.8542
37.3502
21.0414
33.2629
22.1306
24.5712
25.6584
21.192
23.8388
22.1324
22.7463
21.9773
22.5698
23.3316
30.0529
23.0389
31.5571
21.2982
24.0027
28.5679
21.5652
19.3055
20.9025
30.7252
21.3592
21.3377
19.8732
26.9788
19.8839
22.9054
23.4338
21.7113
34.4654
22.3258
21.6979
34.5287
20.3502
28.2973
26.7277
23.0733
22.3484
22.1408
23.1323
27.6372
23.4196
45.1837
22.3015
44.0417
23.2429
30.3049
36.2198
23.2828
21.3073
23.8224
23.3735
38.9837
21.3139
21.0674
21.8071
22.3797
21.2963
20.9814
21.4232
21.6653
20.4992
20.7262
22.6822
22.4363
26.9281
23.6881
28.5184
20.3736
23.8985
34.2689
21.923
42.8913
26.1755
34.769
33.735
35.5367
29.5602
23.4739
27.3862
36.1537
33.5696
23.082
23.5142
24.189
24.0892
37.604
23.9841
26.2272
22.6383
22.7558
22.1745
23.2164
21.928
22.6155
22.0668
22.1316
20.7079
24.4686
22.0402
22.1125
22.7506
38.3271
22.0414
23.6608
37.8868
23.2502
22.3715
23.0007
28.6619
21.5231
33.8737
22.7057
21.3043
38.3122
25.1205
22.8984
37.8296
21.0891
21.2375
23.7634
21.6692
22.9919
21.0522
25.9088
22.8122
22.968
22.3675
21.6124
19.6606
20.9729
20.045
19.5907
20.4977
20.5125
20.1791
23.3513
20.2781
23.6391
20.3536
31.052
26.8858
24.5347
24.9265
24.4477
26.1487
30.7369
24.3747
19.5004
23.0719
19.5204
20.8379
19.0932
19.3712
17.7301
18.4493
17.9244
35.4473
40.6437
19.1103
32.2812
17.933
20.695
19.4543
18.036
20.966
33.1242
18.7704
19.2194
15.9755
17.4681
17.9122
24.3566
18.3852
18.2029
17.1484
19.2714
17.4535
17.4471
17.8823
18.3028
18.0254
22.433
22.6867
17.9986
20.0366
26.5679
19.8238
28.6979
31.4719
20.6858
32.0748
31.5438
21.278
20.1738
18.6743
19.5774
26.5246
18.8369
36.0532
19.0577
28.5652
31.6928
33.5785
23.0502
17.4723
19.7417
26.8977
28.5034
19.2792
17.8463
29.4917
18.5298
22.9236
17.7824
17.0737
18.4393
18.8951
20.0054
19.558
18.4397
19.9142
22.4931
21.7229
24.3738
20.4017
21.5664
26.2249
22.2074
34.6813
20.7895
39.4518
33.1433
23.0915
22.9059
21.9826
20.7394
21.3373
36.5452
21.1189
21.7278
33.3881
20.4017
23.1295
20.7943
22.0074
25.3996
22.8315
20.4855
22.0085
21.132
18.9617
28.6308
19.9022
20.7399
20.0457
18.5187
18.3036
20.5423
19.7642
19.8708
19.3468
19.5495
21.8346
22.56
25.2326
22.28
21.7433
21.9243
21.2043
36.7356
20.633
34.2735
20.986
22.5508
28.7243
21.1181
25.8311
20.8855
36.961
23.9958
22.1457
22.8384
21.534
30.5317
22.6867
30.6722
20.2566
27.4259
26.8909
27.76
19.961
19.3912
19.9124
19.8618
20.2644
20.1488
19.6262
20.0511
21.0412
23.4091
22.2474
20.434
20.8771
34.2164
23.7446
21.1422
38.7718
33.0513
23.3014
23.7653
25.2574
22.6596
44.8298
22.4036
36.2769
23.0953
23.0487
22.0611
22.9724
24.3168
22.3494
22.2058
22.8809
21.5478
23.5817
21.9198
20.8778
27.0634
38.3558
21.8312
24.537
23.7382
24.3252
20.9262
21.7535
22.2495
26.034
25.8712
21.8878
23.3635
19.8181
24.3789
34.9036
23.3562
21.1134
24.2161
21.578
34.5319
23.108
21.7953
21.5605
22.7246
22.5206
37.2762
22.9536
22.2891
23.0211
21.286
21.0864
21.5157
22.161
20.2487
33.8046
21.5163
21.9942
22.2027
21.8325
21.2667
23.9908
20.6175
20.4996
28.0303
20.6573
22.4295
19.6517
22.2279
21.8642
21.2101
25.1625
22.2221
22.0798
22.1153
21.9808
29.972
22.4595
42.103
23.264
23.1385
22.4652
30.7099
31.7029
20.6359
27.092
21.6736
22.0538
29.9332
23.2047
23.669
22.799
21.6894
24.4083
20.7085
41.1523
20.9718
22.1566
35.436
21.378
24.9321
31.217
24.7977
20.9733
21.2644
31.0733
19.389
18.6845
19.2255
29.4971
18.8254
40.4967
33.4878
19.4689
22.9158
21.1823
34.5816
19.1056
35.2135
33.5505
23.0326
21.8586
21.5143
34.6941
37.4389
25.5233
32.7029
21.2974
23.1591
21.8773
20.8091
38.1668
21.7471
36.5413
21.1101
22.619
22.8086
30.5477
21.1944
21.4078
19.5558
23.2391
23.0396
18.9179
18.7931
23.2136
18.2913
19.2813
25.4632
21.8266
21.1705
20.5682
33.5441
19.8836
21.1455
20.6859
21.4437
22.2308
20.6641
23.3228
23.0531
21.2359
27.1975
23.7159
20.0016
36.0509
21.3799
22.0197
24.0754
21.0291
19.7143
29.4118
37.1434
20.3527
25.0313
18.3321
23.4216
18.8633
20.6537
19.9811
20.6222
17.9198
23.9869
15.8433
18.6189
17.6893
16.642
16.8321
18.4126
17.7271
17.7858
19.3043
17.5136
18.895
20.9681
17.825
32.1399
32.4371
17.5569
38.659
18.6376
19.5543
20.5312
20.1611
18.5042
21.4872
37.3579
20.3036
27.7751
25.2896
20.4219
20.1779
27.4922
23.4352
21.1223
20.8584
21.2964
20.0503
20.1319
28.7511
20.0023
35.2816
22.0659
20.538
17.5628
27.9285
29.214
19.2159
19.5323
18.7392
18.5797
18.5374
19.6961
19.2521
24.8587
19.1489
20.2406
20.212
19.6764
18.7631
29.6415
20.4474
20.4693
31.8934
25.7627
19.7291
17.9221
26.8687
24.4259
18.0683
23.4929
18.6178
19.0177
19.1197
21.7593
19.3077
31.8033
18.353
31.343
17.9151
22.0839
21.317
19.3232
19.36
19.6962
17.4258
17.7064
16.6633
20.7165
16.8588
16.7851
19.8417
20.4162
20.4572
19.9641
30.1904
20.4387
17.993
19.4944
33.4359
43.394
21.3311
29.6085
23.6316
31.7295
20.273
24.6578
23.2849
19.911
25.0668
36.347
21.204
20.3467
26.2111
19.0873
41.7551
22.28
29.0256
32.2996
20.343
23.1993
31.312
22.743
19.041
30.3488
19.7474
18.2121
16.5323
22.5471
17.2113
21.8135
15.1895
15.807
16.2581
14.685
17.4857
15.8916
15.7651
16.309
17.4492
17.3023
16.6282
35.7149
24.036
17.0072
19.243
31.6959
17.8882
33.2037
17.4248
21.6851
17.4937
17.2741
28.0564
20.6857
16.6407
16.6359
28.4816
17.8118
25.2464
17.1668
19.3359
16.0107
18.5233
16.7829
24.9438
13.9517
15.8192
16.4992
28.7067
14.841
14.9231
14.4537
19.1213
14.2492
16.9682
20.4208
15.3446
14.3238
13.2807
13.7121
13.0548
14.2657
24.4538
16.1479
15.4403
16.6719
16.1331
28.1218
17.6431
24.9985
16.3343
21.9394
18.7666
21.6302
20.1736
18.756
17.7943
30.925
18.4901
16.5666
23.2139
21.5475
17.3623
18.9598
21.3518
22.6754
20.3935
31.7191
19.2616
19.0838
18.8055
21.7599
22.385
20.0014
18.8981
18.093
28.2291
17.5271
16.5834
16.3656
15.4399
30.0788
25.1811
14.3854
17.5166
18.8661
23.88
15.1874
23.3475
21.1822
18.1703
18.7292
19.2345
18.263
17.7167
18.3296
18.9598
19.8253
17.8266
23.2749
25.1507
17.9221
29.5937
20.2532
29.7212
17.3867
27.321
17.8956
22.1607
18.478
20.0826
16.9583
23.9831
27.8863
31.762
17.7176
18.2478
17.4131
22.3338
17.7212
31.6259
16.3711
15.1509
19.4807
16.7662
15.0008
15.5282
15.1683
15.2422
17.4528
15.395
18.3011
16.3456
16.577
15.9452
20.4726
26.455
17.5232
21.7979
27.4392
24.1555
26.764
15.5618
32.1392
17.879
32.9184
18.5805
21.6689
24.0384
16.6398
35.2122
20.7378
15.4121
24.841
24.7074
19.0442
30.0944
24.3236
16.5356
22.6378
15.1013
15.7866
15.0441
16.1012
17.4567
14.1504
15.4288
15.3882
23.3923
17.4976
21.3502
27.2182
16.4391
18.0209
27.5095
16.7371
26.876
18.5923
18.7787
33.8482
17.4585
18.0081
17.91
17.5304
18.9171
30.3104
16.9886
29.6074
19.7678
31.0707
15.8002
30.2336
17.8303
24.8314
18.2553
19.9259
29.2103
17.3539
17.0269
30.1322
16.2582
21.387
20.798
21.2108
18.3022
16.4076
15.2015
15.4434
14.4562
14.3107
15.6006
21.1681
25.2471
14.9204
16.5424
15.4038
23.5258
17.9608
19.1474
22.4467
18.6251
16.3067
26.4249
17.192
17.8248
17.6288
22.2728
29.7417
27.9525
18.0014
32.0108
24.346
18.2606
31.5817
25.4373
17.6451
18.1563
29.6535
17.4312
26.533
17.4541
19.0506
16.8849
16.5972
16.4426
16.1182
16.7629
17.5846
16.8003
16.8534
14.4513
15.4946
13.9281
19.7513
18.3511
16.2251
18.1878
16.5202
14.7678
15.9671
16.222
15.9006
15.6244
17.4718
16.4757
18.0603
30.0034
16.8306
33.3391
17.1121
28.2728
39.7928
19.2118
18.9124
23.4343
17.0222
27.5701
18.7344
30.6134
18.9153
33.7481
24.1706
20.84
31.0694
21.6221
23.2048
19.4184
18.7931
20.0233
23.0305
19.1052
18.7463
19.1296
18.3922
19.9879
18.4978
20.4238
18.8573
21.2452
19.707
21.3755
19.1209
18.2241
19.5091
22.4459
18.9201
19.6347
21.5624
20.392
27.753
20.4965
19.1142
32.7636
21.2508
20.7162
20.8229
20.2333
30.2975
37.4542
19.9674
24.6963
20.318
22.3491
28.4405
26.6709
19.5557
44.6828
24.716
44.5931
21.887
34.9207
20.3624
19.7547
20.1523
30.0403
21.6928
22.6871
19.5009
19.9874
19.6112
25.4642
20.8731
24.0452
30.1557
21.4156
23.3044
20.5162
24.7383
21.7049
22.6699
23.0425
22.3294
24.2561
23.0273
23.7384
22.6315
24.7498
23.1001
34.1466
46.0876
23.7331
30.789
28.1587
22.7761
28.8513
24.9918
33.2328
23.385
41.6959
24.1692
23.0955
23.0887
21.9757
20.2152
20.3163
29.1728
21.14
23.7033
22.2996
20.2082
20.4879
22.677
20.9754
28.0482
22.9588
25.9035
22.9248
22.7371
23.0504
22.5048
21.4687
21.995
21.6974
24.4363
26.79
21.1558
20.3718
37.7855
23.3345
21.6383
20.3636
34.1045
36.4264
22.3223
22.863
22.0628
29.8305
22.9563
31.2176
21.5643
21.7888
38.7545
27.3013
19.5333
20.4119
17.9737
19.593
20.2759
20.1941
20.5257
18.1781
19.8791
22.5461
19.8067
21.3938
20.6956
20.4522
20.109
21.158
21.623
21.6979
41.9003
21.4434
23.2016
22.6007
22.1126
20.9378
38.5231
21.9288
25.9095
23.3347
34.6251
21.4234
19.2523
22.3359
24.2254
33.6074
20.7348
25.9154
31.1809
22.886
30.7745
23.5428
23.035
21.5333
22.6364
21.829
20.6083
19.8646
22.4234
26.7843
20.9472
20.8151
21.2368
37.3098
27.9603
22.2647
24.7251
22.9826
27.2964
23.7239
23.3884
23.1357
22.715
37.0553
23.0605
27.16
37.8791
22.6727
30.3963
38.9564
22.1524
25.4362
37.1382
22.7548
24.01
45.8397
23.5663
36.1538
25.1162
23.1889
21.095
20.9533
22.8753
19.8881
23.01
20.6763
21.3513
22.4163
23.1233
25.5474
22.7834
28.1936
23.0725
21.5106
25.194
24.122
27.4404
23.008
33.7546
23.0225
25.7383
23.4008
22.1506
26.9098
24.5533
23.6424
23.5989
39.7126
22.2765
40.3542
23.332
23.3322
38.2304
22.7748
39.3678
20.361
31.0943
28.6654
20.8637
20.1266
20.9861
19.2628
20.7719
20.7888
20.8582
21.3702
19.9802
24.0216
19.9289
22.2756
25.8199
21.0054
22.6681
22.1778
21.1088
25.613
21.3318
20.7141
31.0067
26.669
22.2187
23.0289
23.1668
23.6244
24.4128
39.2241
23.2253
35.3467
22.0131
33.7551
22.6493
23.0023
31.0396
22.3735
22.6485
29.1508
21.0621
18.6882
20.7155
18.7347
23.3749
29.1989
24.2151
19.7458
18.54
21.3754
17.8494
32.3613
19.552
20.5913
21.6327
20.6899
20.7906
19.8437
22.2164
21.4195
20.2907
22.3645
21.2409
20.1517
20.3583
31.7206
32.5071
36.552
19.4825
22.1398
20.6837
23.0543
19.2836
22.1434
19.8608
18.0271
31.5246
21.7418
18.5705
20.2053
22.3426
19.3125
20.517
19.0637
18.5791
21.9244
19.7684
21.5264
23.7644
17.7732
19.2438
20.246
20.6526
18.5003
19.9656
19.2064
19.2785
34.491
21.4247
20.3039
22.2484
20.1244
24.0541
21.2709
21.9801
21.0398
32.534
29.8618
22.5517
21.625
21.5196
21.151
20.3563
36.1972
21.9217
26.0609
20.765
22.5683
21.1722
20.2117
36.551
23.1695
24.5145
22.3809
19.4988
19.2067
20.0797
26.0149
20.6703
24.929
20.2
21.2545
18.7386
19.4118
32.3989
21.7895
40.5353
19.9458
23.2017
24.7154
22.0787
26.8005
22.5568
40.5634
21.8976
19.7754
21.4123
29.9403
22.316
20.6781
21.1272
30.756
19.7225
38.1596
19.2619
34.0712
18.3258
18.9673
36.7922
18.8702
20.9141
20.645
30.7527
18.1953
21.1429
17.5381
17.2262
17.0596
17.859
17.0628
16.4119
16.7112
16.5135
34.7322
17.7311
24.6354
18.7203
32.2461
18.7455
18.5995
18.5197
29.6376
17.9482
22.0863
18.6226
28.996
19.6206
20.7795
38.2452
28.6141
24.3926
20.0054
34.3331
20.9845
19.439
18.7365
19.8672
19.0886
20.0116
19.6304
20.3062
20.7308
21.6283
19.0667
21.2887
26.7238
18.279
19.2688
20.2295
19.041
18.8845
18.3424
17.7707
18.5728
17.2112
18.4082
25.1602
27.5354
19.3377
21.7499
26.8821
19.7115
27.5334
17.9484
39.3594
20.9877
24.4619
20.9944
15.9192
19.9631
22.6769
18.7535
29.5764
37.4333
19.1713
27.4096
17.3485
26.7591
21.8761
32.7335
21.044
21.6913
17.238
18.2241
33.9746
18.9371
15.181
15.1265
16.3942
15.4833
14.4751
26.5807
14.5492
16.7299
14.5829
13.5642
17.7825
18.6316
14.3
23.3831
15.7289
19.9285
15.9162
16.4424
21.4033
15.9103
17.2257
21.8501
16.2308
19.8787
16.9145
16.1748
19.6458
24.4341
17.1168
17.7928
17.3908
16.9781
25.7767
18.1082
28.6201
18.3666
16.4383
20.8153
22.8273
21.1713
25.5074
17.8087
18.0886
23.7508
17.1617
18.3688
15.9569
16.6424
15.6026
15.9854
18.0883
16.9421
26.9906
21.2627
15.8325
19.5224
15.7012
16.2765
15.8651
16.9223
18.3254
17.3787
17.9827
20.7604
28.2321
16.1965
16.4807
29.7339
27.2648
17.2201
32.7497
18.2069
28.2168
16.4966
29.3444
29.2987
21.2654
17.626
36.6576
31.522
19.448
15.5214
28.5309
18.7334
18.0476
17.8834
22.5067
31.4059
16.8101
14.7885
18.4753
15.7405
15.3551
17.1286
14.8752
16.6025
16.1485
15.9187
15.7654
16.1231
19.8028
15.5389
17.7707
16.4374
17.4737
16.897
18.8847
25.2457
17.2353
34.2153
20.6871
20.2496
27.8052
16.7858
29.2594
17.7991
17.1391
17.4007
19.0962
30.8732
38.2428
17.4922
36.6746
21.2293
23.3517
17.0344
20.3152
22.4667
19.5519
17.981
17.5267
16.6727
21.5152
14.8135
15.2708
16.1639
16.1431
15.4307
16.9497
18.3468
16.5589
16.1189
16.5953
16.8228
17.3636
18.777
18.8632
16.4538
20.7258
26.6301
18.372
21.8956
24.5785
20.2125
21.3612
19.7294
32.2697
20.3059
23.9255
33.5577
35.1023
22.5231
37.0871
20.5829
26.9955
22.7346
22.4925
22.32
20.5098
25.5477
20.3644
33.6561
20.2459
19.6523
19.7788
28.1731
19.6031
19.8824
28.3494
18.2121
19.628
20.4336
20.4247
19.701
34.1567
22.0208
21.8334
28.7549
21.0099
23.2424
21.8349
22.409
22.8472
22.6179
22.2693
20.5719
26.0801
21.8552
42.4952
23.8457
23.654
21.1246
27.8903
28.1434
21.4712
25.6733
41.0192
21.7905
21.5115
24.5346
25.2149
19.6655
27.724
22.5903
19.7817
19.1141
18.0452
18.9398
21.4746
36.5901
21.6487
25.5031
23.5574
32.2267
21.3815
23.8833
21.997
33.8004
20.4035
28.8991
21.5441
40.1712
20.1231
35.4133
19.5209
21.5932
23.4847
21.0328
19.2031
24.9507
36.7855
19.9161
22.334
21.2007
30.4902
23.9968
20.7263
20.662
20.5962
18.2704
19.3783
18.84
17.3514
16.7279
18.5685
17.8988
16.6364
17.9937
18.0534
16.7351
17.6252
17.8009
17.909
18.0541
18.4415
28.304
18.0274
18.5196
18.1256
18.7701
16.7469
17.6473
18.2785
30.8433
18.0174
30.5671
33.5204
20.3477
40.8625
25.0551
35.2754
17.9997
36.382
16.8332
35.3433
18.0736
30.6482
17.9763
37.0641
20.2325
29.1151
16.139
18.0944
17.4027
32.0715
19.0491
16.0604
17.414
17.0241
31.4644
18.7193
18.3477
17.5827
19.2503
17.6157
28.0191
18.3313
26.4743
20.3115
34.662
17.621
22.239
18.0187
25.4311
19.0676
20.434
20.5744
20.1124
25.6812
22.6845
21.77
20.3704
19.3058
20.8479
20.4087
40.7008
20.2673
17.8173
39.059
31.931
18.7875
31.238
20.7224
35.0826
17.9213
19.1451
16.7432
14.9509
18.044
17.0271
16.0144
17.1964
17.0849
18.0813
17.5295
17.7924
28.8995
19.201
21.29
28.5467
24.376
19.9301
20.3901
20.0853
19.3941
20.6442
24.53
24.107
20.3911
25.2236
20.6677
20.3032
19.9347
22.1493
21.1738
21.2666
18.8894
19.5908
28.5232
20.8553
25.8964
21.6218
20.0052
23.5351
18.924
31.3877
22.6535
20.0114
18.5994
20.1686
18.6444
18.9591
17.359
19.5763
21.7475
28.4688
36.4714
20.3624
27.471
19.3571
37.083
34.1574
18.4673
34.0413
20.6384
24.0847
22.0424
18.415
32.6531
22.3626
25.7358
34.2734
20.5465
20.4605
23.6376
19.6464
19.288
21.61
21.7475
28.9473
40.6334
20.9013
26.6083
19.7024
19.7229
19.6746
18.4681
18.3889
17.9078
16.7225
24.267
21.7822
19.0815
18.4376
17.8565
18.0749
16.6128
16.4748
19.3788
16.9818
33.0252
17.7439
19.7368
17.4356
24.299
17.4551
21.1132
33.055
16.6357
28.0873
29.4426
25.1664
16.7483
31.9822
16.6579
21.9182
16.4999
19.2832
20.986
18.0169
17.399
19.2518
18.8178
17.8979
33.2363
18.0664
16.3478
15.4684
16.4038
15.578
16.0119
15.7557
25.3773
15.9659
17.9624
16.7353
17.302
15.2355
22.1606
16.1076
17.8846
18.1414
20.6105
31.4504
34.088
20.9493
19.5153
23.0381
39.0208
20.6561
17.8795
31.4804
19.9653
37.639
20.9515
31.4958
21.9593
29.8056
20.6158
19.0106
23.8788
19.8636
21.5826
40.5929
20.7947
22.6434
22.2116
23.7388
18.0475
17.2369
18.5791
19.3876
20.2711
18.4826
18.546
17.2433
17.5205
16.3096
20.1859
17.6826
20.1263
18.2408
23.4971
18.3626
41.601
24.1108
21.872
19.1186
21.469
18.9369
18.7271
29.1528
19.2157
33.4664
18.7818
31.9964
32.7867
23.2635
19.6711
19.0127
30.489
18.4454
23.287
31.154
16.9361
19.0307
19.6992
19.3152
22.1431
18.2034
19.1708
17.7442
23.7013
18.4145
17.7155
18.6188
18.4308
16.9193
19.9727
17.3574
18.0357
19.1698
23.0001
21.8104
19.7581
18.7301
21.2407
20.7934
18.7716
21.196
22.7297
32.7975
20.123
34.6275
19.5444
29.6067
30.9776
18.4187
28.0057
21.2364
30.6227
20.7773
24.3093
20.4825
27.6711
18.15
22.3865
21.369
22.4735
19.514
19.0302
18.9839
20.1983
19.8618
18.6835
17.9239
17.7723
22.4863
17.4966
18.2606
19.1823
18.3028
16.7383
18.5197
18.1936
18.9188
19.8796
20.0641
19.2042
19.819
20.4152
19.5628
27.0415
20.7062
21.1305
31.1002
19.3675
19.7949
24.1476
19.5833
42.3097
21.0822
21.061
17.8078
29.0318
36.5364
19.6803
19.0416
19.7698
18.6867
20.922
31.432
25.0279
29.3406
18.6684
18.8413
18.6977
18.7204
18.6735
20.9858
20.4139
28.0813
26.9124
17.2903
30.0884
30.0835
17.5742
16.5891
18.7479
18.0222
17.0871
19.5471
19.7945
18.7351
26.6887
18.4713
20.6906
21.1704
18.3653
18.8437
17.954
28.6667
19.4899
27.3827
33.6445
21.1561
19.0992
32.8108
30.9683
20.4237
30.1439
20.5474
22.6785
22.6601
24.5799
18.6622
19.8296
21.4704
19.8341
17.8423
18.0897
23.3377
17.7818
17.7792
16.9333
18.5657
25.4752
26.9047
23.8524
23.9288
21.9479
20.1578
20.9101
23.4583
22.3874
22.0485
22.3425
23.0321
21.8714
28.716
24.6637
22.8993
24.3426
22.5298
23.3395
29.1338
25.9465
24.1378
23.8465
24.074
33.604
23.4889
38.8647
29.4389
28.5449
23.6711
27.8214
28.9639
22.1148
22.4282
39.4832
22.3653
33.1844
22.0173
21.7489
26.1352
22.6679
26.739
25.1511
30.2556
22.8598
23.525
37.7855
23.7542
23.353
25.013
38.2257
22.8679
25.1023
24.8167
36.5142
23.4819
24.8432
25.6055
23.1286
24.1668
24.1246
28.8941
36.0259
24.2056
33.9031
25.862
25.3775
24.8372
23.6913
37.0205
24.0507
23.0826
25.9418
27.436
23.5959
23.0484
27.1046
22.8084
23.7175
23.7207
25.2264
23.3239
24.4042
23.5539
23.4538
24.4847
25.4206
25.2626
23.4053
24.3456
22.7153
28.8112
23.3526
43.6898
23.9342
23.5619
23.5914
24.774
23.452
34.9988
41.4879
26.7194
43.0276
24.5593
25.5307
28.8852
25.3949
24.2628
23.842
27.1061
24.6546
24.9827
24.0648
24.9719
24.7792
23.8611
26.6152
24.638
43.4663
25.8741
24.9569
23.9155
37.3811
23.835
40.0041
22.6337
35.8206
25.0263
25.2107
23.0852
34.8406
26.9959
27.9909
25.2433
29.3713
25.8764
25.5802
25.8624
26.3198
25.9548
25.0564
44.5976
23.164
41.5053
24.381
27.1726
21.8683
32.939
25.5205
22.7285
21.5178
22.6868
23.2991
23.1632
24.5331
24.7872
26.8954
29.5076
23.7192
33.5485
25.82
24.792
23.6501
22.6957
27.6683
35.9774
23.2316
28.2111
24.9955
26.6646
40.1082
24.8885
26.1827
27.5118
23.8051
27.2304
40.9926
24.3907
34.7169
25.5366
38.2938
24.8761
22.9526
22.802
23.3841
22.901
21.6358
22.3308
23.0103
25.4075
24.9346
25.7183
35.5083
26.1748
24.8618
39.2567
40.5243
26.5565
26.795
26.0936
47.1442
40.9823
31.1947
24.8013
25.2316
29.4813
23.9328
43.3473
25.7203
27.229
25.1348
46.63
24.9797
24.2793
21.4741
22.65
33.1285
24.1925
36.8898
23.0694
23.8139
25.522
23.3753
22.9887
24.9465
28.5708
25.1281
24.006
23.7142
24.561
35.6252
39.8499
27.7521
40.642
23.3549
23.9626
31.9505
27.6383
21.8827
24.2043
21.8584
35.3078
20.6286
23.2921
24.6511
22.6557
23.6222
22.7126
23.0242
23.956
22.698
21.4798
21.3713
19.9377
21.8595
20.7385
21.0138
23.2088
20.0332
20.1226
20.67
20.7033
21.9958
21.5656
21.6235
22.8621
20.8536
21.1297
20.425
41.3924
22.9556
33.5203
21.223
32.7119
24.7713
22.0725
21.9669
22.8643
22.076
20.7192
25.6914
25.8678
21.5786
21.8191
21.1821
21.4992
23.8878
39.745
36.0136
21.5438
22.491
21.1447
22.0016
21.0875
21.704
20.4759
26.7245
27.554
21.5003
21.0684
37.552
22.2134
38.8262
20.2833
25.5005
23.344
24.9924
21.8461
21.5718
21.9402
23.7849
21.5737
20.3053
22.0567
34.4969
18.8146
25.1916
19.1643
24.9055
30.1463
21.5943
19.4461
40.4986
21.8765
21.2209
20.3024
21.8407
35.2154
26.115
33.921
20.9799
18.3664
26.493
19.6526
22.2229
27.9099
21.2842
21.0744
21.7691
21.6892
22.17
29.4779
22.0042
33.8613
22.7259
28.3464
27.0819
21.623
40.0596
41.9728
23.1656
21.927
22.0547
19.9164
33.9618
20.6057
20.3728
22.1159
20.8741
20.3798
22.1124
20.9521
21.8163
27.8395
22.326
35.0012
26.0324
21.1134
22.6104
23.6305
21.3222
21.257
20.685
21.0202
22.5381
21.7565
21.4518
22.4259
20.81
20.1919
21.575
20.7386
21.0046
20.5546
32.6864
23.5772
22.2002
22.733
24.2669
35.885
25.7177
22.6416
21.8621
28.6823
30.9978
23.6943
21.2129
27.3788
21.7334
34.8974
21.1822
32.5164
21.0404
29.2911
29.6845
21.7709
19.3572
25.191
24.552
21.3376
21.6975
20.0487
18.8283
18.5321
20.2357
17.5189
22.1837
17.3453
19.3914
17.8766
17.718
38.2137
18.128
20.29
19.0398
17.6598
31.35
18.223
21.9313
18.7609
29.0952
18.9066
29.9418
18.8306
21.5617
18.5476
18.9957
19.5372
20.0606
37.316
18.8847
34.7023
19.0821
42.7851
20.8607
20.1456
32.4548
32.6313
33.4714
19.9587
19.8693
18.9067
17.2224
18.4244
18.7683
18.289
27.6854
19.5645
19.7121
31.0851
21.4923
18.4062
22.3121
20.993
22.4081
21.1018
21.5068
20.6637
35.7855
21.7076
39.9076
19.9558
19.7904
29.2078
22.0946
21.5133
35.4978
20.6368
34.939
21.3037
21.9089
21.0736
28.3777
23.0131
21.1703
22.655
36.8046
21.5478
23.4788
20.7543
20.4099
21.9032
19.3713
35.8096
22.2195
19.4226
19.6753
22.3078
19.3693
20.0875
21.0085
21.7278
20.9204
21.4919
26.6163
21.2908
21.2533
22.7326
20.7203
23.8576
20.0241
21.2544
22.091
20.7493
20.6136
43.368
21.8624
24.6154
22.7695
20.5483
32.0662
31.7161
36.1673
42.9618
26.1576
38.579
23.9833
35.3259
20.3055
19.8314
19.6331
18.7156
18.7677
20.3622
18.7832
18.8304
18.0109
19.4616
19.3603
19.7216
32.8368
20.8935
21.8584
21.801
20.2958
23.4297
22.1214
21.3948
28.135
20.8707
29.7865
22.9006
20.8078
27.5924
26.241
22.3627
21.6833
28.1238
24.0331
27.058
23.4988
37.4649
31.0148
25.6165
24.3157
25.115
26.2575
23.3779
28.8553
22.4446
27.0958
23.2136
22.9079
22.4885
22.1909
21.8199
23.9841
25.8084
23.5972
35.0322
23.3565
25.5788
25.8675
24.7298
23.708
32.907
24.235
27.4068
24.4859
24.2777
30.7632
23.3876
29.2944
23.0403
45.5644
24.589
26.6603
23.8022
26.0542
25.0677
33.6809
24.7913
31.2727
25.7662
21.8032
21.159
20.3895
20.8426
22.1985
19.6224
19.4774
19.2614
20.5163
21.5514
27.9839
33.2932
24.8653
31.1876
36.8024
25.7456
24.5428
24.1954
23.6724
23.372
21.6594
31.3795
21.6127
21.1804
32.8263
24.3832
36.6578
26.4201
26.9941
34.7141
23.8562
43.0016
25.9095
24.0559
25.634
38.4116
23.1521
37.3723
23.6112
39.2304
28.2258
22.843
22.0182
21.6697
21.9421
21.4527
20.8485
22.1508
26.9423
24.2203
22.667
23.5659
23.0448
23.145
28.0812
22.8052
46.2887
25.7048
25.233
24.3714
27.0619
34.6866
22.6075
23.9355
22.9016
24.2403
23.6399
24.2143
24.3873
23.7513
24.2947
23.8905
34.987
22.4016
24.6669
23.9204
24.1101
31.4388
23.8904
24.7741
23.2358
21.823
23.2785
22.8878
26.8793
30.9242
26.1289
23.4094
23.6007
41.4434
26.0114
35.3719
26.5653
40.0899
26.4274
29.1508
39.3821
26.1401
25.6844
25.8192
31.1609
23.376
24.6759
26.5022
28.0096
24.172
24.2549
21.9544
22.2067
25.2826
23.9351
24.0346
24.4283
40.905
22.4529
24.1809
23.3039
22.0457
22.5322
23.5569
22.9996
22.3953
22.8537
23.1582
26.4365
25.3252
26.4989
24.1457
23.4321
42.1385
30.3401
24.6551
27.984
29.9199
26.2965
25.5084
24.5622
26.0245
24.3902
32.7181
28.2422
28.55
22.9789
30.1816
24.5899
25.8296
24.8955
24.8618
24.2039
23.0935
28.6063
24.8746
25.4492
24.8103
25.6164
22.8323
30.6535
23.2736
24.1989
25.4473
23.8101
29.9749
25.5944
26.5931
30.4524
26.35
25.9896
22.6543
25.2682
21.9329
28.5779
25.2859
23.3741
47.1476
27.6373
25.1622
23.9039
36.8605
39.1953
27.7041
38.6278
26.7402
26.0917
25.6103
26.1978
30.916
24.8566
28.4043
23.0446
24.4645
26.1506
22.9279
30.5118
22.9932
23.6353
26.0166
39.7814
25.654
25.9487
24.5165
36.0251
24.1398
41.3079
25.1692
24.536
24.9699
24.0261
24.6009
23.8625
25.9602
28.5934
35.5577
24.0477
33.1914
26.977
26.3944
25.1422
26.0821
26.4477
25.6758
37.0134
25.4785
24.8195
38.6295
28.0663
34.4647
27.9573
22.63
39.8358
25.2249
32.3279
25.439
24.4335
23.1725
30.1438
25.5126
26.7493
25.3552
32.9217
24.5394
25.4568
24.6625
40.1915
24.3924
28.6349
24.2602
24.834
23.9639
40.3079
30.5543
37.8841
27.1662
28.2068
27.0573
22.6777
25.3931
44.442
22.6881
24.3051
23.331
21.0024
28.9889
22.4593
21.6815
26.7908
23.9843
23.1606
28.0018
24.9731
27.8545
22.0942
22.5885
22.919
22.0322
45.3954
22.671
33.7142
24.0979
41.9292
43.2072
36.4486
22.073
22.046
24.2677
32.2458
27.5565
23.9884
35.1942
22.2751
25.5441
37.9229
23.9976
22.3145
25.6157
35.7275
21.8262
21.4506
21.6401
20.4034
26.2828
20.9277
29.361
19.3596
22.1017
21.4294
21.7056
22.0192
25.7789
22.0475
34.3657
21.1705
21.532
21.0286
22.3975
22.626
34.6836
22.4859
21.5004
20.7275
39.0112
21.4919
22.2335
25.7686
22.2758
24.3328
22.2701
38.7482
23.7765
27.4489
23.0417
21.7803
22.881
35.0576
38.4083
21.5951
21.7799
20.0837
20.5605
18.917
24.259
21.6458
21.0666
18.9702
21.7726
26.5368
20.935
21.1426
25.2485
20.9092
26.1721
21.6623
33.0186
22.4872
34.102
21.721
20.7957
22.2963
38.3171
22.7012
20.1018
21.5734
19.9656
36.9349
24.2199
22.0098
31.0858
18.9085
39.6871
20.3179
36.5909
19.8284
19.5176
19.5138
17.9414
19.6394
18.6313
19.252
17.4965
19.9678
17.7308
18.0311
29.5777
18.3659
31.1381
22.5015
22.9217
18.3914
21.4316
20.2732
24.1382
19.33
20.3255
35.5642
26.2377
21.8452
22.0907
21.6344
23.1386
31.4681
22.1068
41.2719
18.8934
36.3613
19.8012
21.5729
36.4713
35.6537
20.6847
28.6384
31.5512
17.2653
20.1335
18.3404
19.4216
19.1319
18.3944
19.5765
19.8507
21.4086
17.903
23.1493
21.3576
26.595
22.6937
19.4688
22.5146
20.6075
32.6198
25.003
25.5397
20.6148
21.5699
19.9547
29.8993
22.5136
19.2592
21.0159
19.1453
24.1176
19.3445
24.6425
21.1348
21.1617
22.0891
32.9798
20.2965
41.0621
39.3053
20.6057
28.552
19.8307
22.8289
19.8281
20.41
27.5682
20.3426
19.8197
20.6043
23.1621
21.2508
25.3906
19.879
28.5597
27.3736
21.757
24.2341
34.9137
21.7285
28.3297
24.4277
35.4933
21.9823
26.9726
25.0776
21.6615
36.5593
24.574
22.733
23.5379
28.4482
23.8968
35.7818
23.8955
25.8476
23.8683
32.5847
22.0341
21.6816
20.9873
22.1323
19.3
35.0994
36.2639
31.4852
22.8168
22.1368
24.1536
32.9954
23.1583
23.941
24.3946
23.1392
22.4643
24.8844
23.4668
33.1808
39.8594
21.9254
30.5138
23.2523
21.05
32.9786
21.1568
38.2885
19.1888
22.4113
18.7631
36.6959
19.8305
20.497
20.4417
19.2741
18.1318
25.3867
19.4525
26.3841
19.9614
15.8552
19.3813
17.7886
17.335
28.3041
29.8876
18.8728
30.4242
19.3187
20.6114
27.4842
17.5501
24.7728
17.5471
26.6377
20.6303
18.5091
28.0549
18.1801
35.8086
19.0874
17.7496
34.9637
17.8966
24.1581
20.6013
18.2232
24.6114
19.2852
31.445
32.3958
18.933
18.0416
17.805
16.8084
16.2767
18.4345
16.0413
19.9565
18.5322
21.3162
31.2551
22.0143
16.8238
33.1403
17.1918
29.502
18.6903
38.1614
26.5258
33.7418
18.992
40.1556
21.8334
21.2259
27.4007
19.9259
30.1326
18.8846
39.4106
21.7781
29.3175
19.6266
20.9282
18.0164
23.0667
22.6309
35.3526
19.3584
32.9667
18.7425
18.7947
16.9291
20.0049
16.9653
17.5895
18.8762
18.2143
16.1795
19.2716
20.1733
21.3594
20.8686
27.4791
20.1598
20.6252
19.6286
20.5
21.8144
20.2285
24.7277
22.9018
19.6391
33.8777
18.4029
34.08
16.4264
18.2642
18.1383
20.48
17.5146
22.3031
25.29
32.1996
18.3851
28.7835
21.8154
20.9286
21.8589
19.0546
18.9072
15.9282
21.6687
17.7441
16.1626
17.0375
15.1691
18.5678
14.8308
17.3737
16.1877
20.1916
17.3987
24.6846
18.2303
27.3563
16.12
16.5804
21.1153
16.2544
23.286
23.9231
18.0845
21.3901
29.3144
16.2572
27.1207
16.8911
27.933
16.012
16.3581
29.6641
19.3738
19.2054
16.308
20.0654
21.0822
14.3933
24.2733
17.36
26.4543
25.4536
16.1535
15.3207
20.8303
17.2699
13.9331
13.0125
12.903
15.8249
14.8993
16.4732
17.7274
16.5294
14.2446
30.2709
16.7678
16.8984
23.0299
24.4652
14.9978
20.7346
25.3426
17.2907
20.1868
16.175
17.7225
15.4549
16.6002
16.6681
15.0856
16.5831
16.1391
16.9591
26.0541
16.7477
17.253
16.4117
20.3376
16.083
18.2962
19.4582
15.5813
17.4254
27.1304
15.9486
26.1459
22.9622
15.1477
13.0185
13.7969
28.8276
16.1941
14.3176
18.0304
14.085
15.0223
17.5292
15.5292
16.9904
17.9122
17.3419
20.8998
27.7178
20.6203
16.7606
17.7427
16.5684
17.1852
18.4163
15.3632
15.9966
19.0844
27.0674
17.5013
18.7632
23.7683
26.9912
17.5158
27.0852
17.8928
22.9669
20.135
33.5351
25.9178
18.6281
23.5173
26.6213
19.0105
17.1394
21.5194
13.9483
15.4212
19.9617
18.1297
15.7439
25.7149
14.6185
16.9337
15.8274
15.3013
16.2781
19.656
17.0231
17.2692
16.9264
16.174
18.0664
25.0509
15.7046
27.0377
18.686
21.063
31.5816
17.704
19.8981
19.434
27.9484
18.8232
32.9239
18.6254
21.9513
20.0108
32.2098
20.0966
22.3845
21.2282
42.2314
21.0403
24.8424
19.3505
22.6539
24.0806
20.2966
20.4301
19.0749
18.912
18.129
19.8491
18.8848
18.0344
25.2225
17.0466
27.9352
19.4946
30.0185
28.8383
20.5863
20.7237
22.3903
29.7298
21.5924
21.8556
22.9948
23.6017
26.5518
19.4458
20.4263
18.6704
19.8087
18.825
21.7995
20.9496
18.5113
34.7012
27.5575
29.5551
29.9743
19.6196
29.3791
17.832
31.9134
20.1029
25.6577
17.5808
20.5463
18.898
17.126
17.3117
16.3346
18.6842
16.5289
18.0107
18.6127
16.8157
17.7008
35.4096
19.4594
18.6363
19.0417
23.1991
19.6557
18.3076
17.6839
17.6182
18.7109
18.0528
31.2213
17.8951
30.3012
27.8857
16.4369
18.8306
17.782
18.6382
16.6312
26.6554
17.4865
26.3874
38.5148
22.2597
17.3844
33.8324
18.826
20.7649
17.3032
15.7138
21.0393
16.7474
17.8427
15.6841
16.1387
16.4262
15.4366
14.4957
15.3439
14.929
13.9638
14.3012
16.1069
19.3511
15.629
16.5122
16.3323
15.7356
22.3823
15.2531
26.3338
16.0232
29.8078
16.3844
18.9616
14.4631
21.2036
14.284
16.418
14.3522
16.2964
15.0813
14.8805
26.732
12.5465
19.6462
13.9186
15.5582
17.6535
25.69
12.4076
11.9566
20.8192
13.6998
21.2503
25.8393
14.7795
11.973
16.5412
10.4059
12.0088
12.1896
10.8877
12.2083
15.4171
10.7898
12.2543
14.2449
11.8711
14.1814
12.7537
15.7384
15.7037
16.8893
15.8426
23.3519
13.699
17.3674
26.6874
14.146
17.2717
13.8604
14.8807
27.5897
17.2636
18.8046
18.2172
15.6015
16.3498
25.4097
25.956
16.2596
16.3075
20.7539
16.9659
17.6984
17.8552
15.9433
25.8474
15.5028
25.8354
16.8519
15.0186
15.1965
13.1369
15.5543
17.1924
15.3261
13.1809
16.5204
16.0007
15.4603
20.8419
13.5218
15.1452
22.1678
14.2801
17.6814
17.2047
15.262
14.7531
29.0129
15.3674
15.1558
15.8812
15.4812
25.7279
15.0849
22.2791
15.2664
15.6132
24.2192
15.0685
24.6857
13.7313
15.1111
18.9988
17.8952
14.5321
16.7915
14.6771
13.9461
28.1757
13.4632
16.2006
20.6761
25.8525
14.3441
13.6019
13.9658
19.8463
25.4029
16.2591
16.5717
31.4457
19.6139
17.6339
16.3413
16.7847
24.8576
15.5898
19.0848
16.0164
20.5046
16.6835
14.5913
15.3202
25.5907
22.8381
20.4057
16.646
28.488
17.5711
17.9776
26.3487
18.0671
21.3274
17.779
20.0428
18.9052
20.7786
17.3677
24.7582
18.0415
19.6528
17.369
31.8183
16.5245
18.904
16.754
27.0663
17.3029
16.552
15.95
31.1334
16.81
16.3424
16.5399
16.5613
20.3651
32.909
17.5524
30.2312
18.0009
27.0199
17.1159
19.5084
16.9536
18.9297
17.2787
20.2302
18.2213
17.3729
19.5009
22.5757
17.9283
23.3557
16.3823
21.3063
19.3676
16.8351
27.9565
18.7859
30.9809
26.5486
16.3583
28.8726
16.7615
26.0772
17.4638
18.159
16.5884
26.8259
16.3799
18.2409
17.0938
20.8441
25.8187
18.2096
26.0931
15.8373
31.5593
29.3957
17.974
18.8266
16.8396
17.3635
34.0312
17.6953
30.4504
18.4904
20.3559
27.0191
18.238
17.6963
18.9731
17.5186
21.6916
19.4105
16.184
16.1999
22.0152
21.874
18.1906
19.2015
16.0713
31.8654
17.1352
20.1613
17.3728
16.3834
33.3463
15.6948
28.5025
17.2872
16.9333
19.8848
17.5887
18.233
19.3475
15.8739
29.1244
16.873
20.4341
33.0764
16.5175
29.3361
16.7051
19.0355
27.9482
16.2078
16.301
25.7979
16.9601
16.0493
15.5442
20.8804
15.0812
18.2684
18.993
19.9869
17.716
17.5046
30.7428
17.4724
30.8613
15.237
22.2828
16.1608
17.8268
15.6231
15.7758
16.7347
15.2164
19.8289
24.6832
21.4093
13.7328
12.9673
17.1162
13.8652
18.2504
15.3264
14.5107
24.5085
16.1025
23.8412
14.9496
18.9666
14.9451
15.611
15.66
19.4057
20.2567
16.4831
15.6165
16.3539
31.9196
17.978
28.8284
14.8706
18.8432
28.6928
22.0423
24.4156
17.1293
15.5725
16.0568
16.9419
28.9432
15.932
16.5923
16.4354
25.7623
16.441
25.172
25.1809
26.669
18.7233
39.4521
18.8945
18.5192
15.2675
17.281
22.4028
16.7283
25.0095
15.3019
17.4464
19.6322
17.2947
26.4
34.0629
22.9395
18.9725
20.1719
18.6355
23.34
31.738
21.1064
26.1709
20.0443
21.8226
20.1038
21.6468
20.5097
24.4861
19.5584
21.198
31.9341
27.3097
27.0397
23.1835
29.1336
36.6505
19.2094
31.212
26.5251
20.6084
19.9486
20.3423
22.6721
20.5133
20.3064
19.615
20.2992
19.8175
21.9135
19.0961
19.968
22.1214
19.8356
30.1329
22.5684
20.675
27.917
20.3404
21.3668
20.8265
19.8399
27.0239
20.6073
20.9507
21.1532
21.5544
22.4532
31.6405
19.7395
24.4317
21.5475
22.6387
24.7857
24.2268
21.7456
36.2625
24.715
29.5548
25.7033
21.9537
21.2596
22.0393
27.0278
21.9448
20.5855
25.784
21.3027
21.0747
21.7886
24.1253
23.8784
22.0936
22.4684
22.24
22.7861
22.1195
32.7966
20.4595
33.2548
21.7943
19.5218
28.8109
20.3013
30.4225
24.8004
22.7036
25.47
21.1049
21.8302
34.825
21.1422
21.5324
22.0279
21.9278
21.4178
27.5652
21.6284
36.0106
20.8314
23.4329
28.9706
21.0668
20.7218
24.5243
22.2392
19.7112
21.0471
29.0346
22.9663
23.2544
21.3891
20.7424
23.827
25.9779
26.9792
21.3344
20.9275
33.8225
20.6834
22.1365
33.8361
22.235
23.9245
20.7841
23.5391
19.7889
30.8945
35.8782
25.4157
29.5833
21.1379
38.5318
19.906
25.1724
21.1909
21.1829
30.1734
20.5684
22.4664
36.1109
23.1306
19.9388
23.6731
20.9026
20.7103
20.1956
23.8632
18.4107
21.1637
19.9857
20.0384
21.3155
21.3013
20.7958
24.1834
21.4445
20.8269
23.7405
20.0266
20.6116
22.0343
20.5741
19.2329
21.4232
19.7379
25.8149
18.9321
39.0213
20.534
22.0628
20.3126
36.111
18.6498
29.8387
20.1724
25.078
28.6666
18.7414
21.5444
22.2276
19.3141
21.5783
28.3949
19.3812
21.4181
20.8345
21.0966
19.0681
21.9517
20.0617
33.8626
23.5404
44.6499
21.0773
21.9075
23.4377
20.6033
25.3436
21.5935
20.5582
19.7055
24.4458
26.9927
20.275
25.2191
31.281
21.5622
21.9998
21.1486
34.1865
21.5293
31.8089
21.0133
21.3094
22.0727
21.3325
22.3435
22.9754
20.5864
27.738
33.2582
22.9547
21.5784
21.1302
20.7795
20.0569
21.5213
22.7021
21.1599
36.1407
20.0452
47.2605
39.5538
21.5938
25.2137
22.1427
21.5796
31.9887
22.3651
24.5969
21.4718
20.5246
21.0176
19.6277
35.9826
20.8797
21.4908
25.459
21.2388
19.8891
26.3425
18.9124
24.1988
32.1684
40.681
21.5006
19.4175
19.8854
36.8495
26.2206
33.1337
31.3924
18.9312
28.2939
18.9809
20.9673
20.02
21.8032
25.2389
20.1811
20.3543
20.2917
31.1244
21.0139
24.9175
25.2228
22.1242
19.7908
18.2578
21.1848
21.4689
21.1625
19.5901
18.5637
20.4206
19.4739
22.8941
19.8996
23.91
32.606
31.2908
39.6578
24.1124
21.5231
19.6135
21.0479
18.7789
20.1613
21.796
21.1322
22.3179
18.8391
20.5158
21.4771
21.6533
33.5962
32.6969
19.7116
21.369
20.6305
33.4052
21.1309
20.8212
20.0183
20.1547
21.6577
21.5256
19.7312
19.8108
19.3065
20.5742
19.9808
21.181
34.4186
20.1384
20.3457
34.538
26.4823
21.8729
35.9633
20.8128
21.942
19.1994
34.362
32.8457
21.6741
21.3448
19.3374
19.8939
24.8103
18.8967
21.0945
30.2188
21.9397
17.4801
24.1158
20.2736
20.699
23.5392
17.6413
32.5162
18.7921
20.4651
20.0436
19.5864
18.9045
27.9996
17.3104
20.3515
17.1069
22.4178
17.759
17.9267
24.7909
27.4149
16.385
18.5859
18.1479
37.4159
23.3751
29.6019
18.4281
18.2969
27.3989
23.049
23.8471
17.7843
16.1035
25.0567
16.7698
19.1084
14.7832
17.8903
19.6399
15.8686
15.5242
14.0412
15.1944
27.0884
13.4985
14.7435
29.0902
14.4001
27.4313
14.1255
30.4168
19.5214
28.5153
14.7078
19.0629
16.2301
30.5793
14.1643
28.8485
27.9286
14.9107
29.7849
17.4565
25.0717
14.5581
24.2054
14.5559
27.1554
15.6854
23.6559
14.8204
14.6048
14.5867
14.329
20.69
16.4579
15.0154
15.7417
21.0097
13.5632
23.4987
14.2585
14.3527
19.8998
27.97
15.1807
24.0537
19.4984
14.9914
27.5504
14.6396
29.9953
14.918
18.0081
17.3036
22.0675
16.5982
21.3565
18.6274
17.8418
22.6785
16.371
19.9327
16.949
21.7305
16.8014
16.6526
28.8362
17.961
16.5253
16.2491
17.2342
17.6854
16.827
20.2586
18.6471
19.1141
18.5935
18.0089
25.0855
19.0578
18.4958
15.6394
17.5644
29.7608
15.6868
28.0528
14.9555
18.826
15.6602
26.9528
15.9287
16.3843
32.3457
22.1378
16.9127
21.3294
16.9563
31.5392
20.2959
16.728
17.9668
17.5191
16.8108
24.1698
17.4602
17.2438
21.3093
21.1853
19.1891
18.0673
18.9477
17.3142
19.798
17.4854
17.5657
18.3495
16.8376
17.8611
25.647
15.7047
17.0539
15.4761
16.3783
16.054
15.1178
15.7377
15.0562
15.1878
15.3464
18.725
16.1687
14.4659
14.4842
14.9661
19.4378
16.8746
16.6572
21.8651
27.3172
15.8165
36.4854
24.3599
26.225
18.9493
18.5926
16.45
16.8987
23.8347
21.9567
18.4389
18.0651
16.2758
18.612
17.982
31.0641
16.9239
19.102
19.9037
17.9721
19.9165
22.9591
26.8509
27.2507
17.1972
24.0513
16.8577
15.8167
18.3594
14.6714
17.8602
14.2704
20.8419
15.6807
14.3989
16.0435
28.4231
15.5505
20.1169
13.7577
17.4388
13.4235
13.8265
19.5563
14.726
14.7687
30.7063
18.9766
15.9628
15.8117
15.5305
17.1579
13.689
25.3719
28.1819
15.8696
15.2928
14.8835
27.7465
20.8403
16.1623
17.8008
14.3743
18.1608
14.5953
30.4246
14.8856
14.8432
13.6744
14.4407
24.6012
14.6961
16.7678
15.2873
18.5315
14.271
23.8838
14.0882
14.5455
14.2059
19.7077
15.5314
16.0746
18.3486
14.4529
15.1032
13.0299
17.0756
17.8057
14.1641
22.9776
13.2282
15.9492
21.028
19.2305
14.5611
13.7258
14.842
13.5441
16.0281
17.1462
15.0817
14.5598
21.2542
17.7999
13.0899
21.4439
16.9087
22.0603
27.5624
14.3851
25.1901
14.6145
18.0829
15.5105
29.2919
15.3561
29.0787
16.0697
22.4696
16.5382
19.3544
16.3087
17.4155
15.0489
16.1223
18.3933
14.1166
16.5425
14.2166
15.9161
13.9463
17.9593
14.2752
14.4584
14.6114
22.0427
15.2609
19.1199
15.662
22.8214
22.2821
15.68
16.2512
16.7056
29.3977
19.1522
22.1287
16.2876
26.6166
16.7565
15.4398
20.3796
19.6663
21.1791
17.8999
18.3486
17.5927
24.2691
29.7682
18.1809
31.0972
20.0185
17.8796
20.462
18.8793
26.9692
21.711
22.2876
19.4932
18.6615
18.732
16.8663
19.8564
18.7342
19.6677
20.6061
20.1963
28.2422
19.9026
20.2211
19.7348
24.7466
35.7815
25.4218
20.9252
20.3283
18.9134
31.4503
17.8228
25.6844
16.7674
20.2371
16.514
30.4374
19.6867
29.8782
17.9845
23.7084
16.6352
25.11
15.7304
18.3965
17.3544
17.2411
26.2396
17.9118
20.1754
30.1297
31.2206
14.6582
14.8669
26.817
14.8266
16.0087
26.9627
14.5877
29.0527
20.2358
14.6906
15.0459
25.823
14.2438
17.5585
18.454
15.1328
16.9011
28.0563
30.6745
32.6308
18.2921
15.7733
18.7502
20.6483
17.5964
18.5052
17.2349
25.1586
31.762
16.7833
18.9687
17.266
29.8874
17.1743
31.9956
17.0848
23.136
17.3932
20.4837
30.3383
20.8791
17.3196
19.7634
16.747
22.2347
16.68
18.6109
15.8799
20.6072
17.9461
16.1317
16.3423
16.5172
16.2501
25.4974
31.4324
17.4648
30.8437
17.3317
17.5094
16.9009
17.2373
19.252
26.709
22.8205
29.2204
20.1325
18.7615
16.5134
17.2682
18.3697
18.3915
19.1055
36.9749
19.1635
26.6033
18.6639
25.6538
16.5727
18.4558
17.9884
17.0835
18.0476
15.4183
29.1238
18.2166
31.6935
16.604
28.5053
21.0099
15.0729
27.2982
18.2507
17.8799
23.359
28.3627
19.2581
19.9461
30.02
19.5823
30.9817
19.605
30.1861
31.7671
18.8723
33.5192
18.275
26.8892
19.4804
29.8435
34.3188
19.9443
28.0226
19.1182
23.0056
32.3989
17.5569
32.3606
17.5166
27.4536
19.4595
23.6164
19.2392
18.3425
23.3081
17.5423
31.9357
22.819
33.4936
18.8281
20.6215
20.0819
17.4004
20.2989
17.4713
17.8469
17.8374
17.5565
27.2771
19.0456
18.5548
29.6459
16.0173
29.0202
16.9253
19.9604
15.095
17.1428
16.1692
36.8914
20.3879
25.0891
16.1163
17.8698
17.1408
19.0671
13.6103
25.4654
14.0113
14.1892
23.7243
12.8277
19.2943
14.1637
18.5882
15.0479
22.2786
14.3975
16.7271
14.5362
14.2732
18.9732
14.9237
19.7489
14.5642
15.3107
17.1141
15.0747
15.9486
17.2916
13.9638
13.4064
17.1202
28.1592
16.0525
16.7297
15.9891
15.6388
27.1221
25.313
15.0752
16.6464
14.7693
20.4412
15.7785
28.0529
29.2478
27.1387
17.7135
16.7386
15.7578
25.5988
16.1096
26.6005
32.9259
24.167
18.132
15.9477
28.4692
17.4611
22.7161
22.2285
15.8049
16.4465
17.9968
15.1254
16.1254
20.1265
20.5587
17.2718
31.4671
18.4319
18.4343
31.9729
17.9409
18.5699
17.8772
19.1949
18.1602
18.1611
18.7753
18.2691
17.4156
17.5082
17.7076
17.6178
30.7918
19.894
19.7019
17.3419
16.9943
28.3132
27.8633
16.862
28.5512
30.2045
29.0071
19.3227
14.415
32.7159
17.7734
17.3275
15.866
19.759
17.3745
16.3227
15.4423
15.2621
13.8905
15.5265
18.2787
14.5275
16.1031
15.6256
16.1954
18.9489
13.8681
16.4481
17.7655
14.9422
21.9102
22.3714
27.4103
14.8576
27.2574
15.1138
16.6345
21.8789
31.5262
16.5703
34.5487
18.32
23.105
18.9964
19.3608
15.11
15.0763
17.2744
17.374
16.8183
27.8545
16.9962
23.0933
20.4325
21.0216
33.7436
20.3689
24.6345
38.1482
25.8913
28.3159
43.4018
27.6371
21.9129
20.3432
21.1053
20.8108
23.6883
24.0508
19.9725
19.5392
29.4359
18.218
22.072
17.9492
18.9577
16.8323
16.8535
17.3138
15.2894
18.1947
21.7779
15.2416
18.0272
27.2796
15.2476
14.8495
16.7809
15.9865
19.9826
15.6943
17.9539
18.514
18.3712
16.0358
30.9247
21.7854
18.5084
21.3724
31.9157
16.8315
19.7304
14.8059
29.3022
16.9368
30.3557
15.5636
15.899
25.757
15.3308
21.5472
16.4928
22.2551
33.3507
21.1194
18.4051
18.9041
16.404
16.5492
19.1782
18.8678
18.6304
18.9292
19.8111
20.2173
27.2999
18.4227
24.1446
19.427
20.6485
20.6635
37.0156
30.1518
18.7031
39.603
21.5741
20.9796
19.6673
21.583
19.5514
35.1505
22.9773
18.2427
20.7932
25.7172
18.3265
23.9683
17.157
17.3734
19.7853
20.6936
21.918
21.5197
19.7581
17.3132
27.3313
20.0845
30.1136
18.4872
32.2208
19.3703
33.4007
18.0209
25.5654
18.8233
33.3834
19.9201
30.2745
27.5714
20.5842
21.6932
20.2309
20.0919
28.403
19.6688
31.6482
18.4122
31.3299
22.593
18.1361
18.8616
19.6917
19.2222
20.1947
19.5436
18.0364
18.4943
19.5668
20.9214
18.3073
17.4467
18.5925
22.932
19.5751
19.0899
20.6687
28.6402
19.94
37.9644
22.5638
23.2123
24.6418
21.6918
21.2321
22.0387
32.4318
22.4839
36.2393
22.6388
20.9693
21.3942
34.6567
19.0846
28.0616
24.9826
28.2264
20.7003
21.1776
20.4729
25.2223
21.231
27.3581
31.2928
20.6906
23.0018
21.056
26.262
20.4874
20.3697
19.8893
41.3586
24.644
32.6417
26.0568
19.1512
31.48
22.353
44.3299
19.4688
20.4511
20.1403
25.5412
19.6452
18.5024
18.8281
35.1276
22.4162
20.1698
40.0824
23.2529
28.641
19.663
24.7487
28.6014
45.4294
27.134
32.1426
22.7102
26.7702
17.0731
23.6762
22.9417
20.3299
26.9991
19.7518
18.8858
18.982
18.9885
18.8917
19.0859
23.9417
19.3052
19.6789
18.1958
20.4825
18.3522
30.3219
18.1066
31.3766
17.1775
39.9107
30.2073
17.7747
22.0537
20.8352
18.0815
40.5118
45.7445
21.6751
20.5361
20.1087
27.3487
30.7548
18.867
42.9761
22.5731
20.492
22.4789
20.4273
29.2743
21.2377
24.6763
20.546
22.4193
27.7345
21.164
21.5264
20.9214
21.6604
31.7919
22.3796
38.2842
29.051
22.9034
22.7572
24.3802
21.7357
23.1191
23.5227
22.4051
23.4947
21.1103
26.6345
23.9008
20.5788
26.8221
28.2995
21.4473
21.9644
20.3851
23.2019
20.1497
23.6909
33.3525
23.0485
21.8561
20.6907
28.5836
20.826
19.8072
20.7373
22.3366
19.034
23.6867
27.4044
25.6299
22.3963
21.4833
21.8377
20.8758
21.2268
21.8314
19.4473
19.6005
23.5503
22.1897
33.2332
22.8379
23.851
19.9766
21.312
31.3477
32.3026
28.5463
18.6135
22.6123
32.756
19.5573
30.6164
19.5789
25.6122
20.1035
21.9139
21.7254
21.3311
21.7504
20.8177
23.1828
21.1328
21.5454
21.2882
20.0421
21.2842
20.2418
20.3859
24.881
21.3804
20.3145
20.5591
24.4074
32.4118
19.3798
21.9244
26.9332
36.5902
20.9893
22.6874
22.4421
19.6528
33.3796
19.6138
32.8027
21.8938
26.6111
18.0827
27.6895
26.6515
18.5871
29.8229
18.9726
33.1964
34.3167
20.419
19.066
22.636
20.2755
21.117
18.4997
27.2061
18.737
18.9758
27.5674
16.9565
17.917
17.4205
18.4185
17.028
29.2582
17.0094
18.2116
18.3736
30.7847
17.6464
21.5297
20.2417
18.1716
17.1269
17.3936
18.3319
15.8997
29.1016
16.1112
17.334
27.8515
16.1396
17.2936
18.9085
22.1758
17.4655
17.7771
29.3347
15.3434
15.7846
18.0836
25.0556
17.0093
26.9569
25.0543
20.1868
24.3699
19.4262
19.1344
20.4934
18.7418
24.0914
19.3606
33.5565
18.777
36.6003
23.9038
18.3426
18.8573
19.2671
21.9669
19.3804
31.4664
19.6702
30.0391
22.8186
20.5921
33.4326
27.9978
21.0732
22.4566
19.3289
19.9591
21.0562
20.1068
32.223
20.4553
23.1601
43.7393
21.1633
21.537
21.6403
21.827
22.5692
20.0182
21.617
23.6129
39.4217
22.198
23.1284
21.3486
32.1657
20.1151
18.222
21.9881
22.2026
20.4722
20.4091
19.4887
25.3487
19.0361
20.2038
19.7372
29.0465
20.2063
20.5857
20.5071
20.8855
19.973
20.0697
20.4221
19.6599
20.3316
19.9299
27.2849
19.3475
22.0518
20.79
19.5325
28.0403
20.0856
29.3078
32.2567
24.0425
25.6702
19.3598
25.2464
20.3173
21.2886
33.7399
22.1319
18.3791
31.8988
17.446
18.351
17.6609
21.0507
23.3246
20.4345
18.0558
19.0171
19.4923
19.4798
32.2432
19.298
34.6953
19.8338
29.379
19.3677
36.9567
32.9358
19.9167
22.6553
19.9139
20.0022
19.9111
27.2139
19.256
28.5699
20.1516
21.8867
24.5321
20.8029
21.8798
20.9598
23.3998
21.2213
21.2472
19.9122
25.6225
23.138
21.8323
20.7269
24.2706
25.5159
22.1381
20.0929
20.707
25.3572
21.5261
28.4121
21.7078
23.1088
22.1333
27.0598
22.6902
22.7586
33.4678
23.0407
32.4461
20.6512
37.73
23.3352
20.368
26.2168
20.364
30.5314
21.413
23.6063
28.6339
22.0353
37.5651
23.504
28.0497
21.8205
34.5524
22.0018
24.7854
27.2107
24.3228
28.9258
24.4948
22.8057
29.9475
25.1407
23.4752
38.6544
49.409
37.6664
23.7712
32.9042
22.6193
39.9763
22.6796
25.0853
26.2863
22.9305
31.7149
21.4618
33.5771
25.5484
28.6267
22.9699
21.5777
23.77
22.2733
32.24
20.9081
38.8199
23.4218
23.2984
23.4473
39.8448
24.6331
29.7723
27.6321
22.9342
22.6446
24.6461
30.3999
22.6242
24.1231
22.7476
35.4829
23.9953
24.4937
24.6609
22.4365
32.757
28.8008
38.2705
25.0624
21.8737
24.8266
21.7293
30.5809
18.954
32.0353
18.21
19.4239
31.052
24.9477
21.1165
21.4644
20.4809
26.987
19.8084
32.3807
27.1336
20.5281
22.842
21.4088
22.0267
23.298
22.8575
21.859
21.7484
22.9846
24.7823
24.0376
39.1129
22.7623
25.7507
25.4479
30.4562
25.2646
46.7839
28.673
26.7867
27.6768
27.3064
46.3388
27.1817
32.3802
28.3768
26.7361
48.8355
29.6214
27.0801
25.0639
24.8728
31.284
24.6411
37.2175
27.6181
28.5399
23.7826
35.8278
24.2554
22.9683
23.8256
26.8375
23.4392
22.6729
27.6912
23.4031
23.8095
24.6498
25.6869
24.6893
24.6661
31.0927
46.1157
24.1445
29.3396
44.6479
50.8112
28.9882
40.9736
37.309
25.9252
40.0791
45.5131
48.0063
39.8398
23.5003
23.3002
23.202
23.7197
32.7672
23.4402
38.8433
24.3061
35.9121
24.694
23.4823
24.0086
23.1255
23.0798
22.6601
35.3776
22.5717
35.4772
21.6199
26.2665
32.1241
22.4222
34.5939
24.3769
25.4783
24.0026
23.417
24.4223
35.097
23.6032
23.6057
26.3598
47.8684
22.8763
23.8481
39.5259
23.8247
23.7125
34.0652
23.4879
26.5558
30.342
28.5525
24.618
23.1707
23.8556
24.5076
22.5212
33.7032
22.2465
25.1193
21.4905
30.1331
22.9143
25.3869
35.9374
25.5091
23.42
20.9631
45.5787
23.1197
34.5616
21.5737
28.6958
24.724
29.8075
22.6322
23.2838
23.1955
31.3535
23.5229
23.1684
22.5852
36.1148
23.1475
33.8057
22.5076
25.7534
23.6128
21.9592
32.797
19.8071
21.8299
22.0647
30.4718
25.4275
19.9839
23.1316
20.471
24.4446
34.5427
19.9521
33.2093
19.5677
22.5812
20.9396
28.9288
20.0549
25.0834
33.4419
20.0133
20.4921
21.8019
20.741
23.2694
21.0564
19.3444
34.6039
18.857
21.5714
19.6425
21.2984
32.0148
19.8376
35.2964
20.9004
26.6726
19.8076
34.7775
22.2701
33.6413
21.5506
30.9171
21.2946
23.5118
22.3998
23.5536
22.1063
23.9378
22.8835
34.7385
21.9227
23.4953
31.6674
27.1944
29.7347
22.9526
24.0078
21.6988
24.5002
23.097
25.1651
22.2971
22.8679
36.7016
23.2686
43.4143
22.0469
38.4788
38.2361
22.7448
27.4524
21.4816
21.9907
22.7982
21.2936
34.0052
20.7447
23.8882
26.9126
21.8879
21.4699
35.1953
26.8338
26.5319
23.9223
21.4899
22.399
22.5183
23.097
25.2887
22.7889
22.5446
22.586
23.3611
27.6176
22.364
26.1656
39.8861
40.549
40.1377
21.8645
22.1059
21.5972
20.5293
34.1128
27.7889
21.4592
34.3163
22.0106
21.361
24.0829
36.2661
22.6887
29.289
21.6233
24.4724
22.5459
19.909
31.1903
43.9235
26.13
38.1128
22.0877
31.7347
21.0634
24.2772
22.9189
22.1705
22.56
33.6979
24.0144
22.8236
37.8926
22.2866
23.5151
23.7203
23.77
26.13
23.8609
38.44
25.4048
24.0181
34.8937
24.3151
43.8637
26.3673
24.6863
25.2825
30.1953
36.9019
25.4759
36.5826
24.6804
24.0758
27.6322
25.1026
26.2645
38.2034
25.0622
31.7379
40.1538
33.9858
25.7893
47.8789
25.6353
25.5857
28.6803
29.1199
51.3567
25.6049
37.4014
48.0966
29.2825
31.2766
25.1078
26.6135
28.4102
50.3801
32.9997
29.667
27.8253
33.4999
51.2831
39.9407
44.108
29.4985
27.0549
38.6826
25.8875
51.3264
24.9646
25.7307
41.7983
24.2865
25.9806
24.6624
25.7465
29.829
23.0167
31.6966
25.8232
24.8854
27.7992
35.8464
22.4529
37.5406
23.424
23.9182
24.1082
46.9929
44.045
32.9327
23.283
28.3035
24.5413
25.0643
23.9041
44.385
22.3817
31.6952
24.7834
24.5164
24.0402
23.8608
23.8357
23.1484
23.0007
33.4757
27.8268
40.2791
33.9165
23.2575
23.7745
36.5548
48.5629
36.2134
24.1333
22.9116
30.2987
23.1684
31.3247
22.8024
33.051
31.3307
24.4079
27.3398
24.9124
28.7827
27.2927
34.0279
24.3479
28.1383
24.2627
34.7855
22.4181
27.7875
40.8394
26.0599
25.2485
22.5939
22.0791
22.408
24.3413
23.6461
37.4134
22.3399
34.5573
29.8835
22.7251
42.6336
22.9425
31.4337
23.2442
23.2677
33.0786
32.0691
24.3042
23.3821
25.8686
24.6054
23.7136
25.5804
22.5863
25.8159
22.9599
24.419
23.2624
28.898
27.3159
23.036
31.227
34.3816
24.8008
39.1371
24.0929
28.0644
23.8306
22.3506
36.9754
23.2204
34.7193
26.4955
24.3498
23.4083
30.153
25.645
29.9277
24.3308
23.2947
23.2729
36.3295
22.8972
27.0297
23.0874
26.0727
23.5686
22.6742
29.79
23.8688
36.0986
25.7844
23.8243
25.1183
31.1424
24.6708
29.8734
28.1325
36.4205
23.1784
27.4012
36.3869
26.0596
24.9842
24.3889
28.7593
24.199
22.3635
27.5551
26.1941
33.5935
25.8381
24.3023
25.0729
24.718
26.8305
23.4309
22.9244
27.6937
28.2217
25.179
20.1282
22.475
24.5371
25.0031
23.3628
29.3478
25.3982
24.1584
26.1968
22.8785
21.4444
37.1089
24.2849
24.4349
23.7427
28.3892
28.3173
36.1827
23.6871
29.1738
22.8645
23.9656
24.4134
26.9623
31.4187
45.9766
25.7699
35.4266
24.7331
24.0166
24.5697
24.4315
25.2446
24.4474
24.7831
24.1103
26.9325
23.9161
29.341
22.5261
23.8402
22.9987
30.98
24.2431
23.2413
23.9009
30.7833
22.8028
25.8897
25.7617
24.9658
26.2441
29.1169
25.9548
25.2203
25.8015
25.945
26.2631
25.2729
23.2768
24.0254
24.1273
22.6471
29.2088
24.119
39.2221
26.2732
24.1613
38.6159
26.0399
26.87
40.8709
26.6915
28.3129
34.1697
28.9849
27.8361
26.5486
26.036
36.9154
24.3104
36.8488
30.546
25.3446
24.48
33.3688
32.777
28.4455
26.35
26.7587
52.2109
26.7699
27.5529
27.6368
27.2863
41.6371
27.3409
46.5434
28.0247
43.9652
29.1899
26.6642
24.8393
28.1449
26.0875
24.5552
30.0226
25.6225
26.1739
42.0246
25.927
31.2705
38.2486
25.5858
28.4446
44.1948
28.9386
26.0762
26.3427
25.9018
23.8549
28.3272
24.6162
23.5873
40.6092
24.9753
29.6596
35.062
42.2257
25.8592
28.8138
25.9273
30.4608
24.655
27.1291
26.2374
38.1763
26.453
26.0255
26.1506
29.2446
25.1899
24.5168
24.8345
24.8672
25.0431
29.6039
25.3492
26.3605
26.2979
35.7141
30.5578
25.3634
24.7761
25.911
43.1235
25.0476
26.7186
24.8122
42.5296
39.4833
25.528
25.4033
25.5354
38.5832
25.8136
52.2231
25.5214
41.2301
25.2396
26.669
26.1119
45.0377
25.691
28.2749
28.8937
35.1562
27.1257
29.9817
26.9609
30.0676
27.1214
25.4325
24.8399
41.8162
30.0683
42.9553
31.4567
26.6877
25.8539
27.7746
42.0547
25.899
27.9741
25.2408
40.6054
24.36
42.3722
24.9409
26.0101
28.0559
25.4596
25.34
25.6341
25.218
24.4891
23.9156
40.7213
22.1745
25.5581
25.8332
25.158
39.2157
39.6311
39.5937
23.4952
27.3743
24.2321
39.0904
24.5482
34.7617
39.467
25.4704
28.7556
25.6692
24.6971
23.0244
40.8441
39.2577
24.0062
27.0601
25.9695
22.3586
39.7113
23.7637
26.9793
23.871
23.5502
22.2
23.7938
21.475
25.5887
22.3943
26.725
39.7464
27.6564
22.1621
23.6726
22.879
22.5232
46.6453
25.7252
24.982
23.2943
24.632
22.2142
35.7354
22.9839
21.4417
39.743
21.1766
34.6792
21.6234
22.7645
22.1557
22.7554
34.6843
21.721
27.8324
21.297
21.8054
29.1294
30.343
20.2196
20.7494
33.4739
20.3361
24.9975
31.9726
32.4147
22.2363
23.8525
20.4661
22.0674
21.3035
40.9774
23.3681
28.18
20.4098
33.6596
20.9298
37.7059
32.763
20.3318
21.6432
33.796
20.3565
21.1488
26.1778
23.2941
21.2997
31.1069
19.4116
21.6978
37.4766
27.6515
28.5359
20.9864
22.0489
21.5112
28.0094
20.8017
22.5082
34.8481
23.139
36.1487
23.6496
33.9761
21.8709
42.8369
24.0064
32.962
27.1328
34.9994
22.8513
22.8911
29.026
23.8272
28.8379
23.3014
22.2449
25.3945
22.4787
24.402
26.091
40.4698
24.9215
22.3939
29.8507
27.6903
28.784
24.2912
41.1276
22.9661
32.3475
26.1287
35.3616
22.8138
31.3475
43.7322
26.6034
22.3602
23.1068
24.9831
23.8221
23.4988
24.6276
24.155
24.1253
24.2418
28.8445
22.512
25.1207
23.8082
23.3195
24.0098
26.0272
31.8106
23.7817
36.0457
22.4269
35.3668
38.2852
21.8415
37.2627
22.9856
21.8307
29.3789
24.1567
22.4967
21.227
23.7112
20.5912
32.7358
21.8497
28.5703
21.9207
21.272
35.8552
21.2526
24.7853
21.7263
37.9779
25.4891
23.9835
20.6158
24.4906
20.7702
33.411
28.2682
22.0847
30.0174
24.6907
20.9816
28.4329
28.1495
25.1924
22.6773
28.1025
20.5995
26.8474
22.9397
21.3554
24.7144
29.1856
24.2064
30.6575
21.116
23.7009
23.7287
25.9504
21.7661
21.4543
21.2233
28.3616
22.5493
23.0967
38.5288
25.5217
20.9383
27.2285
38.3205
24.9832
25.3294
20.5686
34.2773
21.6781
27.0634
38.2519
45.7433
37.6416
20.4975
22.1123
22.5542
20.222
23.6062
20.6485
20.8949
22.8548
21.9755
22.0956
29.7857
41.1999
23.1203
33.5053
21.3568
43.9587
32.1264
34.449
46.3771
24.3683
23.8429
24.0666
24.1026
22.8943
22.9751
33.5596
21.8248
24.0541
26.8956
34.3229
23.5423
24.1891
22.8383
23.2887
22.4442
26.8767
20.2006
29.2064
23.8514
21.6946
36.1989
21.4479
33.2465
19.9555
27.8076
20.8746
33.121
44.4716
25.7352
35.0653
43.2797
30.9746
36.1655
23.0529
29.9601
20.0443
41.3173
35.3073
35.6241
18.9322
21.4662
34.3893
22.4667
21.8741
29.3912
19.1444
25.5661
42.8426
21.2226
23.0427
19.5379
36.3092
23.6367
27.1815
18.8782
23.4961
23.2125
23.0771
18.1806
32.2524
19.3515
23.0344
24.9976
28.5323
31.6457
31.9011
20.3254
28.2072
22.3774
19.2128
27.9412
20.4596
33.7684
21.0388
20.1541
20.5526
17.9076
29.5731
26.5651
18.5221
23.3634
24.1632
20.1826
18.5045
18.3998
19.1801
18.6113
21.1234
26.1414
18.8067
18.3231
21.9878
18.9837
36.9613
24.6354
22.4354
20.526
19.7723
20.4462
33.3796
19.8815
24.7812
20.8843
21.5157
19.9869
32.6403
20.3944
21.6461
20.3178
30.1632
20.8276
28.2655
22.8793
30.1855
18.4631
20.6386
20.3149
19.8123
20.2379
25.1952
26.3759
34.6648
19.7013
20.9929
31.8295
30.9161
20.7125
31.3396
18.632
23.4214
25.5224
21.237
21.7682
21.2584
29.4591
20.8216
32.5956
21.8775
21.9278
21.7679
28.0962
22.1633
23.5259
31.142
23.1165
26.3804
30.0739
22.3117
38.8558
22.81
33.3185
26.8533
19.4981
25
22.6764
23.1866
20.9996
28.5509
22.4656
20.7384
46.2361
24.4331
21.5738
25.8095
27.4701
20.1167
29.1661
22.2839
25.4369
21.6917
21.5991
21.4468
22.1275
33.6198
22.2894
20.8045
28.9747
22.7546
21.6181
21.9836
33.5135
24.4606
28.0712
22.2152
21.3491
33.1428
21.248
23.6433
25.8738
21.1673
24.6959
22.0311
21.1266
19.7717
28.8228
21.3126
22.4827
41.841
23.7293
32.4063
21.0152
32.1131
25.2333
21.6048
33.9291
19.5203
18.5582
20.1948
18.7781
22.4587
19.4757
22.7478
20.1198
24.6844
19.6679
21.3069
20.6738
18.9105
28.0685
19.2542
19.6032
21.4171
33.5944
22.973
19.5147
19.563
18.9352
18.6574
19.479
30.7489
21.7576
18.0242
20.3973
18.0997
20.1652
22.0159
18.4463
28.3459
33.9863
20.4569
17.633
18.7315
21.1553
20.9613
21.6784
17.2838
18.3362
18.7747
17.9903
17.1133
20.1671
21.8375
18.7937
19.7362
15.7299
17.0846
18.6777
17.0399
17.3501
21.7591
15.8573
20.8974
17.3625
16.6889
15.2468
19.714
15.5256
26.5891
15.6175
15.9763
28.4132
18.959
17.9574
19.0959
16.0516
16.5028
18.0384
14.2217
16.8295
26.8516
16.9406
15.6914
26.6393
20.3221
14.8765
26.7596
20.5198
34.582
17.0338
16.1757
17.2314
16.4131
16.2075
16.0688
19.3109
16.6208
16.8687
18.1174
24.7256
16.4672
20.609
21.2244
21.4659
26.9231
17.5601
31.055
18.7598
17.9887
17.9583
22.4856
20.1298
25.5504
19.1565
19.8901
20.6649
32.8148
20.3612
28.6946
25.4664
22.7531
24.7139
21.4078
37.7956
36.1192
23.3271
37.4366
24.8303
24.5941
23.8097
21.9431
25.4068
23.9173
23.5087
23.3373
30.2339
24.811
27.3784
24.457
25.1319
24.0337
45.2327
25.3079
24.5608
38.6902
24.4818
24.1945
24.3546
29.1756
25.7904
24.3434
24.1854
24.8901
23.1059
23.8722
39.3713
32.4942
24.7361
25.3461
37.6433
39.1164
24.6846
27.4039
24.6062
24.4696
35.2811
25.2515
28.134
34.9385
27.2878
25.4917
30.536
33.5241
26.2233
25.998
23.8328
30.876
26.3549
24.733
29.2171
25.0708
26.6582
23.8322
41.8296
24.7413
35.3643
26.0992
24.7805
29.8084
26.3079
24.8211
29.6021
24.6352
28.0224
28.7517
34.7492
24.0619
40.7448
42.7034
24.8898
32.7907
37.9749
23.7864
25.2548
29.9009
25.3225
25.3382
26.7823
25.6458
26.1115
51.3845
35.1457
41.822
38.2618
24.4712
39.1241
27.8922
23.9263
26.4418
37.6127
23.8693
26.77
27.3734
29.8511
27.0388
24.4992
29.2617
37.2733
25.1034
25.9868
25.4695
24.4685
23.1816
27.2571
24.7669
23.6703
24.5844
24.9486
41.5238
26.5859
29.4425
25.3129
27.259
23.9837
27.3799
27.2662
25.7551
24.937
26.366
28.1412
33.5419
25.0237
24.5524
25.0105
25.8617
25.7629
38.9974
28.5994
24.9817
27.8491
23.731
40.9259
24.2485
26.9586
25.2766
23.5061
38.838
23.2432
25.1988
25.3895
23.4791
33.6256
25.5484
41.0217
37.2842
23.6093
24.9222
36.846
27.5333
22.9477
27.2297
24.2442
22.8123
29.8853
24.3508
24.9211
36.9922
42.9094
24.5245
24.5299
23.8025
29.0448
22.652
46.7683
23.4098
24.227
38.8449
24.195
23.8525
33.4049
23.7099
24.8133
25.7496
28.6008
25.9844
24.6785
22.0062
32.1631
24.1095
25.0882
27.382
24.9335
26.6691
23.4715
35.7557
25.6146
25.5398
26.6437
24.8989
35.1854
39.8645
25.0349
26.4711
35.9713
23.3335
35.5994
24.3796
24.8952
26.4811
22.2567
21.7547
34.7619
22.0178
34.472
20.1863
27.1602
20.2939
29.0537
18.5531
19.5498
17.65
17.2513
32.4987
17.8702
31.5156
24.3113
19.2013
28.2132
19.3543
21.0249
24.7733
20.4846
21.2796
19.6924
38.1074
17.6437
19.2211
20.4289
16.9122
19.123
25.4816
21.5228
18.9284
20.3412
27.2598
24.9675
20.782
26.4076
19.6962
36.6652
20.956
23.426
32.4399
25.5202
20.5399
22.9916
20.9264
23.5158
20.2519
19.1834
28.7712
26.6821
21.8867
25.1655
22.6918
24.9912
24.8713
26.8717
42.9459
47.2078
31.401
26.9632
25.6989
30.4463
38.092
27.6782
30.0237
25.7051
25.6943
26.6937
27.9124
26.5756
26.0125
30.1299
28.6295
26.8927
28.6371
28.6267
26.7666
28.2746
26.7138
26.3503
38.6503
26.9159
35.3728
27.6964
29.0319
27.8381
30.4487
27.6597
26.0743
26.2687
29.1397
26.5252
31.0173
27.8676
29.377
28.8307
25.7364
31.6729
26.8851
36.9025
26.4401
48.843
28.2024
28.1856
26.5128
34.9757
30.3372
26.2494
27.1245
29.1005
25.6006
30.9709
26.8765
26.1876
31.9608
28.079
25.6024
25.6894
24.6091
28.7699
24.8197
34.1426
27.0749
27.0468
25.0413
30.4804
26.7222
26.9627
24.5566
43.5004
29.5804
33.5648
26.1741
26.5181
39.0988
26.8105
27.9098
29.2633
30.4392
27.4927
26.3812
34.9541
27.6568
31.1296
26.687
27.3786
29.792
26.8256
25.3555
33.7045
26.8544
28.0085
25.7318
27.2962
39.5291
26.224
50.7669
25.6997
26.5202
24.6433
25.9701
24.5762
27.057
36.241
28.0644
27.0382
24.8444
31.5104
25.5419
23.7029
22.9348
23.6009
34.0171
25.0616
26.922
39.023
26.6888
38.9967
26.7844
54.665
30.3631
25.0068
40.9087
35.3743
30.4719
25.165
24.2345
24.1745
24.3648
24.3008
34.4881
23.6051
42.7457
25.5726
26.4105
21.9077
24.4241
51.2677
23.1557
25.9217
24.2473
37.6477
30.3842
23.5671
34.1496
25.4981
31.4432
22.2455
24.4601
34.5601
25.9423
23.092
32.6199
25.0015
31.0457
22.4778
23.5475
28.9628
41.7418
22.1942
24.4302
34.1446
35.2638
23.7643
27.8304
29.0316
23.4918
42.7867
23.0011
28.3739
30.5118
22.2586
30.8377
27.5647
23.4366
39.0021
27.558
32.8286
24.2481
27.5879
24.1442
38.8361
25.7546
25.9335
28.3084
28.3406
23.7515
24.7994
25.5208
24.0352
42.8221
23.4036
26.9287
31.6431
53.2201
25.5013
44.7717
25.5077
25.0975
38.6419
24.3413
37.2254
24.579
27.9282
23.8784
31.7946
29.4402
21.6512
25.8481
23.3126
37.5144
23.7912
37.8512
37.3196
38.4626
42.2853
22.7268
22.3934
25.4769
23.0758
22.625
25.2512
38.138
34.7101
24.1466
26.6767
48.4823
37.7451
22.2113
40.1052
28.578
24.3552
24.9576
38.6918
22.7564
31.6461
48.337
25.1829
24.1057
23.8319
23.4731
29.1922
23.2071
32.3647
48.0998
25.8933
22.8892
24.303
22.5736
20.5164
43.8463
23.2124
20.7953
22.7557
22.6693
37.1357
24.0726
35.1037
30.3782
24.4248
23.5177
34.5533
25.941
23.6579
21.581
36.8732
27.805
38.8568
31.0216
22.8083
26.3598
33.9983
30.1122
21.6225
44.1395
30.0353
24.1188
21.4701
29.808
20.7666
23.3721
25.5059
24.1194
40.0647
39.6883
23.4557
25.3401
22.721
29.0355
26.8777
26.1847
24.7801
43.5597
23.5278
24.7453
22.8616
22.4711
23.3025
23.6638
27.9943
32.7586
25.7829
23.4716
30.7609
25.3771
34.5031
23.1865
49.6793
24.6415
30.2475
23.0276
25.007
39.4995
22.0074
30.3709
23.1145
29.3788
24.7061
23.7247
34.2332
29.1009
22.0993
25.1299
24.7349
24.1191
23.0639
29.3635
31.1448
21.6673
32.6331
22.2268
23.2497
23.4716
27.6816
29.2268
21.3797
33.3004
21.6894
21.453
22.0892
31.203
21.9766
22.0861
21.3667
43.4761
37.0038
24.4318
25.4314
24.1889
23.5195
36.4069
36.2094
31.2766
22.7978
21.6479
21.5398
21.158
24.7314
25.9792
36.576
38.098
31.5771
23.2563
38.9789
38.1153
21.3099
23.6063
41.9648
25.4244
24.2746
22.6329
30.3888
23.0389
22.1637
43.3295
24.2214
23.5438
26.7356
23.2333
19.5275
20.9252
28.9244
34.6316
23.2651
26.2607
21.9155
40.1441
45.159
25.1061
33.9839
24.6541
24.5342
22.6788
23.1005
22.612
24.1006
22.0197
27.7059
31.9835
23.9598
24.531
22.4443
35.9176
24.0862
36.299
33.7266
22.7723
39.1093
21.7631
49.2515
23.9883
35.5094
39.8838
24.7707
24.8056
38.537
32.9894
29.6854
31.2301
25.7948
27.4442
29.8696
24.0088
39.3114
24.1597
26.1039
51.7734
27.4089
49.4376
40.4869
25.6382
42.2513
27.5526
33.3613
27.116
27.6703
31.8939
26.0803
29.3509
26.5477
26.3103
31.105
24.6001
28.9588
25.4615
28.2882
37.1196
25.7723
53.027
26.6644
54.4957
26.0633
40.3792
26.1231
37.6759
26.405
37.5926
25.7378
25.2996
39.6034
26.156
37.8663
27.9069
22.9747
25.4648
25.1116
26.4541
26.1367
25.9622
28.5795
44.163
24.3556
37.3004
24.1624
23.988
26.0114
25.3427
30.372
42.6478
25.9528
27.7566
26.0847
37.3539
37.9731
26.6967
28.1654
27.8262
41.045
27.6718
26.7304
26.2919
27.8407
25.742
26.5119
43.5299
33.4035
34.9971
24.6556
31.4705
25.7509
26.2924
44.1769
25.397
39.2112
48.5465
38.8946
30.3816
25.0261
42.6568
23.3744
29.0806
25.6975
25.3744
25.1909
23.3567
23.2169
24.8601
32.3834
37.2737
23.1121
24.4351
24.7716
25.4191
29.5597
24.5176
49.6572
26.8714
23.7886
25.3471
34.01
24.1025
33.6117
40.8449
24.4805
32.5615
26.1809
26.1092
29.2997
24.9833
35.3354
22.0309
37.8045
21.4463
33.1256
22.3016
40.751
36.4009
27.7113
26.0156
23.6573
39.59
24.438
26.6128
23.4826
24.1288
27.7482
22.0939
23.0433
22.3994
28.269
22.0531
42.8067
23.0961
48.5192
23.6336
27.7888
33.9431
23.9954
27.236
30.8323
26.7687
30.3921
31.7488
23.2712
38.4232
22.9351
33.4447
26.079
43.1878
23.1026
32.7342
23.0337
23.8576
23.1318
29.3259
20.9727
22.8313
39.955
36.1234
23.1675
24.5688
23.1708
22.9045
26.816
23.8025
25.1217
26.0613
35.2933
32.1472
30.6949
25.3627
26.6834
33.9692
25.5393
27.2164
32.0573
27.4408
26.5723
26.8981
24.5582
37.1419
26.3833
25.1059
27.7044
24.8048
25.909
24.8358
41.6631
24.0791
39.762
25.1063
35.5518
24.4794
25.2272
27.8517
25.0366
23.3954
24.8907
38.7932
29.5631
25.9825
24.5695
24.5862
30.5566
23.8732
31.97
41.9676
23.9797
28.0656
26.0428
25.6424
24.6454
32.8641
27.6459
25.3549
25.0317
22.5847
22.9869
37.9373
24.5526
25.5225
27.7781
27.1771
23.6062
28.4551
24.8329
30.1956
24.0158
25.3236
24.8502
35.2875
25.1443
25.2561
24.8805
31.319
29.4458
25.4708
29.9561
25.8861
25.2659
26.8351
25.3764
26.5817
25.4995
25.3145
23.7354
28.3316
23.9623
45.0682
22.7526
41.0699
24.7219
24.0696
29.0888
33.2934
22.0027
37.5039
37.1202
23.8533
29.0232
30.8814
23.6337
22.6057
24.9175
24.176
22.4889
26.4329
23.906
33.5985
23.5918
29.5748
23.638
25.6355
24.8703
28.7634
24.5037
24.846
23.4101
24.4122
36.362
29.2641
23.3927
25.6659
27.286
27.1638
26.788
24.3166
38.1623
24.0865
32.2744
21.5748
24.4163
23.7945
22.2899
32.6105
23.9198
23.5877
24.3685
22.9833
28.4306
21.6635
28.2257
24.5423
37.9716
28.2861
22.943
24.6917
24.3528
23.0396
24.1581
23.4913
32.5651
36.5002
19.7475
26.6432
22.5611
22.7343
20.8723
22.4343
41.5843
24.0568
25.9601
20.7724
25.2514
25.8062
32.8385
23.5082
39.7928
22.0515
46.2607
22.1861
45.7433
21.4167
37.3753
19.5885
24.4309
26.9892
36.5283
43.494
20.1343
21.1144
36.1377
18.95
35.3272
18.8289
23.8687
22.9836
21.433
27.0814
19.468
16.6461
16.7478
13.8756
14.5951
20.0446
13.6747
21.4735
28.4439
20.7164
26.9023
15.7089
16.7784
17.9241
15.1585
17.3106
25.7642
27.8598
17.4414
15.9678
14.9668
13.2575
18.4143
27.7521
15.6872
20.5155
14.3251
22.8155
29.6928
15.3898
26.7461
14.8792
20.3215
27.655
15.4199
20.3504
17.9071
14.0342
21.9603
11.5647
20.4234
14.4299
24.2627
26.427
11.0801
12.4048
13.5748
23.0834
15.5696
10.4618
16.9668
13.8629
11.3895
13.2094
15.0742
12.08
21.5332
14.613
12.6534
12.5084
10.9762
11.2722
12.4979
13.4233
14.1934
22.2154
14.5878
15.1908
15.3696
27.1384
14.5682
13.7566
12.3129
21.4319
12.7171
14.0268
13.1225
15.5218
9.95495
12.0777
14.5269
15.5845
16.6768
15.3326
12.7285
18.5113
14.5556
16.5645
26.0939
15.9592
25.8673
26.6735
15.7198
22.9296
21.0972
18.0221
18.1899
25.9054
17.0256
18.2305
28.1118
18.3285
19.8266
18.814
33.8999
17.6584
18.6349
18.2654
28.8009
26.1544
28.8135
21.3763
29.369
14.3818
16.9418
16.2841
24.8592
15.8944
14.885
27.6549
14.2746
26.6368
15.3069
15.0158
31.793
18.1657
25.8003
15.1593
27.5848
15.9442
16.478
15.045
19.4739
19.1256
32.4552
15.9599
17.1896
15.7428
16.9502
23.328
27.8697
21.6603
16.9092
26.5486
17.0626
16.8762
17.54
17.7531
17.8717
19.6538
18.6603
22.4277
19.3344
25.0826
21.2172
19.3675
36.8112
18.494
21.6849
18.8525
29.6533
19.3189
25.0783
19.9806
14.8232
13.2487
11.7453
13.88
15.3759
14.0088
13.0597
13.1249
17.6669
25.129
18.8406
13.4552
12.9507
24.0355
12.976
24.8096
13.0192
17.2264
12.0998
23.7691
15.0731
13.5871
14.3921
12.1193
11.0886
11.3161
10.461
18.8107
11.2815
15.6015
11.5425
10.4938
15.65
11.0564
18.2749
9.93089
14.1822
14.1597
12.7238
13.7157
18.5597
13.9909
12.3368
11.9677
13.1402
20.205
13.7882
11.5153
13.9445
20.0703
13.4902
11.9775
14.4956
16.4513
12.7798
14.4971
18.0081
17.394
21.415
13.9837
28.7724
14.0474
27.2958
12.1066
13.2598
13.1423
29.0205
18.1496
14.0621
22.1395
18.6926
13.1684
32.5963
17.9254
25.2359
13.7544
20.2409
13.5622
23.765
14.8498
19.7113
19.2641
21.1558
14.1505
22.842
19.4126
21.6068
14.836
31.6654
15.9289
22.2663
15.0579
16.463
14.0484
15.2791
13.9626
19.7838
13.5308
31.3964
16.6623
16.8904
28.3809
27.8734
16.0644
21.1829
26.9125
15.3762
16.3132
15.9175
15.3504
16.4453
15.7759
20.1265
26.2893
17.1536
19.0953
14.5357
21.6194
16.2715
25.515
15.6603
27.355
15.9785
23.4075
15.0694
17.2068
17.1839
17.726
16.2149
17.992
17.4596
28.3591
20.9086
16.6062
30.9294
16.3404
17.2144
22.6132
18.0701
24.7417
14.0441
19.768
15.3416
36.3107
17.5782
21.7404
16.5883
17.1811
17.7766
16.9819
18.9068
16.4849
20.2398
17.0187
17.7046
18.7903
16.7791
26.0792
14.9515
14.0702
16.5756
15.9144
15.2972
15.2396
14.6198
17.4138
14.79
16.2734
24.9545
15.1758
29.4391
20.3154
17.9288
16.3742
25.1442
15.9916
20.2617
17.5277
16.8446
16.6049
17.3139
18.2967
33.0784
17.8463
33.2842
18.6111
19.2303
18.9339
31.1552
17.4498
23.2179
20.284
32.852
18.5559
30.9834
25.8933
16.0682
21.347
27.494
15.5444
28.0198
26.9318
15.0817
16.7834
25.4219
15.9442
15.3667
13.3607
15.1953
13.8713
30.4965
13.4897
12.5623
14.0399
12.7542
15.4442
15.6251
14.7314
12.6378
15.3288
12.4155
11.6094
20.3993
12.0945
25.5215
20.6146
13.6992
11.904
11.8783
19.6357
11.966
12.8118
16.5003
18.6336
21.4276
23.7183
12.3416
18.4125
11.5479
13.0415
17.0284
10.1075
12.3113
11.9494
11.6737
17.9593
11.8995
26.168
13.9393
16.5326
13.9648
15.4289
14.1583
28.2522
29.0005
14.9914
28.9923
14.1205
24.0653
12.3215
25.0296
22.4266
17.5584
30.3279
12.9396
13.1424
26.7236
11.6704
16.2313
13.1804
21.6023
20.846
13.7988
16.0241
21.6445
12.6489
13.2104
22.6502
12.18
17.1047
12.3119
21.6217
12.4833
18.5393
11.128
25.3954
17.7078
19.4272
17.9906
21.0507
16.2661
13.1931
22.1337
12.351
14.3099
13.3561
16.8418
13.3434
14.6655
19.4933
30.1391
16.2477
24.7194
16.8746
19.374
24.8008
15.4071
14.6807
14.5378
12.3414
23.989
22.6011
14.0268
12.9792
26.7168
14.5065
12.5639
14.3971
12.1319
25.1733
24.0723
14.9334
22.8422
31.4499
29.8538
22.6537
16.3528
15.3836
18.6319
29.3046
14.4998
21.2424
16.0728
20.4429
21.8261
17.6819
23.7707
14.4535
23.7334
18.3837
18.0827
20.4969
15.6482
16.5042
13.0163
13.2653
26.5999
15.7587
17.4452
19.3039
14.6086
19.0592
14.1003
21.1942
13.8464
15.1991
19.4593
12.356
24.3888
13.8918
31.7711
14.3524
29.0284
13.8229
27.7774
14.3473
24.8005
16.0365
11.4345
17.9117
12.6413
22.9227
13.5653
15.6266
11.5091
12.9741
11.6588
12.5112
20.7686
12.976
14.9214
16.8607
11.0102
17.7095
11.7902
19.6729
12.2041
19.5886
20.1399
13.7674
13.5137
13.7017
20.4901
12.0577
20.2055
26.4443
13.3399
14.2142
14.7677
22.7907
13.6049
25.4005
12.9295
20.2416
12.7611
12.4157
21.237
26.7054
14.6754
13.3294
15.129
20.4766
12.9022
25.9446
13.4672
19.18
17.3256
12.5044
23.3587
12.923
21.5226
22.4155
11.4789
23.203
13.8301
16.7805
16.1136
13.7109
15.87
14.6732
13.5633
14.3901
12.098
15.3492
15.5754
31.4385
15.5212
24.7126
15.7364
16.7518
15.8693
29.4655
14.9366
16.3665
15.2617
13.577
14.4395
15.8939
14.7364
22.874
14.471
34.1981
21.0249
16.1124
19.2684
18.9904
32.0669
16.4165
24.9365
14.7759
28.7918
31.4204
15.8679
15.15
17.5309
13.338
30.8651
14.7805
17.5064
30.1486
27.88
30.2996
23.5128
31.3071
14.7668
22.1307
14.973
14.4747
27.2496
16.6553
14.8037
19.7727
13.1655
14.3767
22.7284
13.5952
22.4458
13.4662
12.3514
11.6793
12.1631
22.2834
18.7518
11.8935
12.8135
12.0431
12.156
13.8881
25.3895
11.8671
10.5966
13.7588
10.7509
17.5034
11.0479
12.6034
11.1142
21.5713
16.0935
11.8219
19.6041
10.8886
14.835
15.765
13.2631
18.2044
12.5465
19.6292
17.1408
15.3177
25.6081
13.542
12.5179
18.12
22.7151
22.5245
12.68
16.1505
15.5459
30.5499
17.3531
20.2093
14.8889
20.7331
13.5422
13.7204
12.3216
18.9588
13.2492
27.3642
16.5785
11.3996
23.3849
16.9726
12.5975
14.5066
11.7049
20.8743
12.0391
24.4936
13.4354
13.8165
17.7609
11.1363
15.1829
20.2046
12.7509
14.38
15.0569
22.6589
14.9483
20.6587
15.6378
25.5472
29.4098
25.4857
15.7023
29.9452
21.8015
19.5885
14.3163
15.538
20.4072
15.4642
15.3498
15.5071
28.3333
15.3842
28.0465
13.6403
29.0746
31.4632
24.8042
16.3173
26.0682
16.1156
16.3569
23.6654
18.7186
21.1067
32.7355
18.2083
18.9737
26.5767
15.0837
17.6158
19.7829
16.239
17.6981
13.3932
16.8209
26.7801
23.3877
15.4124
14.3002
18.2491
20.3114
13.6432
14.7429
15.7361
20.0937
14.8733
16.1105
16.4137
14.1196
16.0467
12.1997
19.9277
19.6452
16.3656
15.0695
14.2122
24.3176
13.2772
14.2616
14.7063
22.713
13.3939
25.4955
13.1511
12.1886
11.0084
12.3535
10.7343
23.5179
11.6597
25.8744
10.901
12.6327
13.4788
17.9554
18.7772
21.0486
10.792
17.1547
12.5257
10.7483
14.0013
25.4008
14.3388
18.4999
13.8788
12.7226
18.4439
11.875
14.3146
17.3126
27.8561
14.3956
31.3214
21.1939
15.9547
35.3743
16.1764
15.258
12.274
13.9396
18.4142
24.8159
13.8854
21.7079
13.5775
14.2736
12.5764
11.7608
23.7445
13.5568
22.3994
17.6007
12.8235
11.4261
14.6169
11.2034
21.659
13.0943
22.1726
12.4667
22.7341
20.8127
33.1898
26.5959
13.2007
28.625
27.5281
16.6665
15.0839
22.5077
15.2147
21.7379
14.4672
15.7028
15.6997
25.8602
19.9355
14.232
12.7763
23.4774
13.3513
24.6883
14.7789
20.8299
11.9361
12.8743
25.6224
12.7261
20.5241
14.5333
16.6081
12.9555
26.1454
34.0716
16.707
17.5462
13.6312
14.7812
29.4377
13.4255
19.3506
13.6168
20.8466
17.9579
12.6863
17.5739
12.7638
12.8914
14.8046
14.9543
25.25
14.7836
30.0564
19.3859
16.8285
16.5499
15.6166
14.9412
20.1217
15.2958
32.7057
26.5716
16.7389
13.6509
24.0248
16.2838
17.872
17.2699
14.2805
14.8517
22.7836
18.2278
18.4363
28.6863
21.6878
18.1044
15.4568
16.4025
29.8076
17.0611
29.8854
16.296
25.5
22.6862
14.855
20.5947
14.9915
26.1871
14.1465
13.7276
29.7598
17.3427
13.7566
14.8665
25.1737
14.2909
15.0164
27.4
13.4057
25.5278
13.5141
26.8428
13.5116
21.6073
17.0879
25.5414
15.8759
15.2139
27.8549
15.7644
15.1631
12.4808
12.0841
14.5246
14.2759
14.1646
11.7077
15.3297
12.5824
22.0273
17.4577
24.6012
19.2651
18.2135
21.8053
13.0101
20.7407
10.3378
27.0723
14.8591
25.1986
15.5823
21.8175
12.6063
22.1648
22.099
26.4096
16.5535
14.6377
23.8779
13.5702
23.9478
14.3793
22.4237
21.5804
25.9634
17.7325
14.0082
24.4296
17.7496
11.6467
16.2887
12.2883
11.2187
13.4544
22.7058
27.1085
15.3047
11.9188
18.3797
12.6269
21.2086
12.2283
19.703
19.7569
11.02
14.0758
11.2648
12.4394
11.8308
19.8275
10.4491
25.9905
11.6188
17.8411
11.8047
18.4461
22.9538
24.8617
13.3171
17.882
17.3139
11.0417
12.5366
21.2818
14.861
14.4001
19.5192
18.4832
13.0313
25.1352
18.047
28.5222
14.7197
28.0447
18.541
13.6898
14.9626
24.5619
13.0274
12.7255
12.5157
13.8688
18.1616
14.9858
17.4634
14.8763
18.0696
15.4401
17.3253
26.4372
15.4132
32.9832
18.4411
23.3474
19.0135
20.9003
14.9103
15.0612
24.911
15.5577
15.7545
17.5427
14.3901
27.4889
13.4331
19.0676
22.8273
15.7943
25.7283
33.9439
15.9988
18.5639
33.8292
15.6344
20.2774
21.1039
19.7522
16.953
16.3341
20.34
20.6265
16.8727
27.486
16.3651
20.0642
31.4657
14.3251
16.2923
19.3997
32.7296
19.3436
16.5524
20.3419
14.7864
15.5082
14.1289
13.5253
24.5106
16.6991
29.5508
16.1923
13.9254
12.8786
16.3067
15.3466
27.2403
24.4877
17.1583
13.367
14.3862
16.2173
28.3876
12.6093
17.4193
14.134
16.95
15.2222
18.8758
13.5069
21.665
13.1538
21.294
13.5706
13.4719
15.2564
26.8642
18.8342
20.4792
10.952
19.5474
12.4324
11.6234
11.4887
10.7934
12.5505
17.6067
10.4967
11.179
13.4678
13.2345
18.2949
19.3697
21.3829
14.0276
13.44
18.6189
13.4179
16.3261
26.3785
12.2639
11.7489
26.2598
16.5424
18.801
14.7578
12.2899
26.8186
13.002
14.7517
13.9926
24.7259
14.6052
26.7813
14.6854
22.0554
14.1224
18.0352
28.5378
17.0877
23.6343
16.8855
19.4726
12.2611
26.4229
14.7866
19.3653
14.6504
23.1394
14.0291
12.8683
14.9417
14.7475
15.8982
31.5254
15.3697
14.5949
21.7206
15.1548
13.6307
29.2966
14.7003
25.59
15.7979
28.7697
16.7031
20.8181
14.9445
19.3529
14.967
17.4711
32.4656
21.6241
13.9041
34.8656
25.1227
30.7447
19.5598
34.209
19.3594
16.9777
14.1501
16.2658
17.3769
17.2813
17.8318
14.5376
30.6013
25.7946
18.4617
37.6097
16.356
26.4961
18.0791
26.6959
14.7028
31.6273
16.7524
15.4505
15.0542
17.292
17.0373
14.0774
17.7476
13.1603
17.7362
23.206
16.5461
16.2209
11.656
13.3216
14.3585
20.7141
17.0671
26.4903
16.0556
16.9548
20.0176
13.8101
14.0664
18.0197
12.5052
19.4967
12.255
30.4914
14.24
23.3405
21.9742
20.1458
10.9968
14.1647
12.1496
22.1106
11.1131
24.1343
14.1045
22.2025
18.4472
14.3847
25.7784
16.8205
11.1992
23.6871
20.5004
16.6963
11.6421
22.0397
27.8688
17.1399
27.1932
12.2253
18.4645
12.519
18.8819
22.2021
25.6563
25.9349
16.1652
19.7824
13.5176
18.771
15.6456
24.2871
13.8326
25.2733
11.2668
17.1567
26.386
14.7394
15.1434
18.2526
33.7851
17.5263
27.8071
23.8516
16.8547
25.1253
15.9127
15.8892
24.0835
26.1733
16.4809
19.0031
29.8216
15.0645
21.4313
32.4052
15.5123
19.4135
22.2502
15.1008
17.0452
15.5001
27.9303
22.3079
24.5719
22.9884
14.8556
20.6997
14.0078
32.113
15.2247
19.2564
26.3197
15.0416
25.0418
14.0332
22.4228
21.0079
24.8779
17.0292
13.0368
14.5533
18.9011
14.6808
16.3951
14.3857
25.0933
13.9585
15.3474
30.4356
16.4336
15.7345
15.3536
16.8612
16.2751
18.8891
15.5689
23.8818
18.5785
14.5016
14.6301
18.8756
13.0464
11.8284
20.5786
13.97
14.3189
12.6983
15.3237
16.3359
15.3782
17.0279
18.1192
13.1286
27.4875
16.0893
12.0071
25.2438
22.528
11.5261
26.6458
12.7791
14.1086
22.3285
14.2851
26.5576
25.0749
14.989
16.3955
12.9203
24.8539
11.4445
27.1101
15.8178
24.0879
32.677
17.2651
13.6506
13.6253
14.2552
16.747
15.4196
16.9791
16.8431
30.4534
16.275
32.3465
14.9686
15.2565
12.2119
13.7063
25.7858
29.1825
14.662
12.2016
27.8479
14.8673
14.6421
23.8893
17.2075
12.7356
14.0685
23.4464
14.7785
13.0608
15.6176
25.4667
13.7673
21.4822
29.8833
14.0316
26.7016
16.8902
22.2176
21.3308
15.3468
16.4214
24.2892
24.005
12.9325
27.8638
17.8634
24.4592
19.4456
28.7197
23.7615
15.4069
14.6668
28.3945
20.0358
23.4643
16.251
19.8274
16.6828
25.6985
13.0954
26.3169
24.5046
15.3636
21.1061
11.9438
15.6792
18.806
28.548
14.9398
21.6513
17.5234
19.3527
20.0698
22.6373
17.6939
24.77
19.6951
12.7036
19.1915
19.7747
15.6296
25.2556
19.4836
22.7356
15.6812
21.9637
13.5695
12.3535
14.5861
21.1964
13.3808
22.5595
15.173
17.9948
11.6714
17.3996
16.1501
13.4305
19.4968
18.6057
13.1719
15.4823
17.7067
12.9601
22.9691
18.5638
18.0373
11.7123
13.0671
10.9926
25.0716
13.9349
14.0053
11.8732
14.4335
12.9081
27.3141
22.1614
11.9058
13.5809
12.7015
28.7955
15.7482
16.3946
21.4812
15.4789
12.7732
21.907
14.3578
15.0448
15.1706
18.2338
22.1844
12.1735
20.6952
14.9866
12.7143
24.9479
14.8764
12.5135
19.1271
12.6979
12.4865
15.4272
14.8347
20.0623
17.6294
13.9435
14.688
11.9425
11.731
17.8962
16.8725
15.3967
10.2762
9.32542
14.6866
13.4665
19.837
20.6399
16.9654
24.0028
15.71
24.5002
19.8092
12.7152
13.4864
12.1031
25.2252
21.5042
14.119
16.3491
13.1766
27.1918
19.7716
26.8516
22.3326
18.2942
13.5796
10.9731
16.5678
25.4514
25.5812
29.0063
13.3206
16.185
10.8847
26.5129
13.2328
17.6077
15.3397
16.1822
13.2673
15.938
18.3642
12.5213
15.2053
18.9167
13.1979
28.6953
12.7557
24.6756
15.4948
25.8595
16.7665
18.3351
15.3241
21.1243
11.7196
15.9992
14.9235
18.8516
21.4536
16.8359
13.9819
24.8661
11.9658
12.8208
16.8034
15.9225
26.3296
14.1192
14.6325
13.3261
26.4724
20.0569
14.6946
22.1573
12.662
15.5998
12.6509
19.0473
16.3024
22.404
13.2251
16.0089
16.5149
14.7936
20.5517
14.7288
20.8756
33.1402
15.7717
29.6669
14.1818
19.0685
13.7211
17.4926
21.1942
15.1346
22.6357
13.7011
27.5805
14.7767
17.6462
22.2092
24.7773
15.3292
26.0934
14.5333
30.8803
21.6457
15.658
11.4278
21.1493
17.8964
21.1148
17.584
12.2334
15.6814
27.7348
13.7075
27.0365
19.0112
16.2135
24.2527
14.8583
28.0607
17.7077
21.253
11.9329
17.9197
12.693
21.5875
14.1975
17.1846
27.7411
20.1539
16.667
13.945
12.9175
14.6947
11.8347
12.2732
13.2831
17.8308
14.4113
28.3938
18.2736
25.826
14.4574
17.4484
13.1415
11.3876
25.7142
19.168
22.9542
13.764
15.6394
12.8211
14.823
23.9472
21.106
12.606
24.4019
12.9441
29.342
22.2968
17.9495
17.8359
27.77
14.2533
17.9114
16.6596
13.8375
23.1008
13.4131
21.9022
13.8031
22.0689
13.2063
11.622
20.6095
29.4437
14.9693
26.4623
18.057
14.2336
12.792
16.546
23.2023
13.5527
23.7167
26.1763
14.2692
11.8862
18.4158
19.5479
15.4178
15.4132
16.6726
14.8579
15.0492
17.9637
19.9253
13.2206
14.0118
13.9511
18.722
28.2863
16.0145
30.1756
26.921
29.777
17.4246
27.4537
14.3274
10.338
13.4864
14.367
17.1563
16.3612
20.3988
15.9489
15.5161
20.2139
27.6334
15.3199
17.3861
26.4912
15.191
26.6597
26.3536
16.84
31.4364
15.4175
32.0526
21.1362
13.8459
28.5701
15.0749
14.3717
21.8306
21.3162
12.9368
19.5493
14.4706
14.2857
12.3476
16.6475
13.6729
16.1489
22.827
16.367
17.2114
23.6487
15.5342
15.6022
18.6369
19.0782
25.7027
15.9365
15.472
18.9553
14.5523
13.8577
22.7191
15.9886
23.5851
13.4246
18.2793
12.7762
32.9446
17.1926
17.1846
14.1482
16.2265
29.3502
21.5599
27.4439
27.281
17.4095
27.4975
29.1527