37.9285
19.3252
16.7292
16.0288
18.0191
18.9331
16.399
16.3911
16.2964
16.318
16.8869
17.9316
16.2464
16.0981
18.1078
36.2537
17.7751
31.2832
17.3448
16.4028
16.8695
24.9474
16.2559
32.1159
16.8485
16.7484
22.7301
21.3721
16.5601
29.6924
15.8576
16.3126
36.8673
19.2789
28.4122
17.0065
16.8546
39.7726
20.8128
18.6128
17.1949
16.7047
37.3318
18.3436
17.0743
17.8951
17.4105
16.9846
34.3846
32.977
17.8373
16.0167
16.4276
16.5245
24.4309
31.7725
18.9466
16.5108
16.4611
16.478
27.8215
16.1118
16.133
16.7954
17.1855
16.2776
23.7562
16.6188
16.5168
16.2298
16.0372
17.3256
16.3387
42.7468
30.1699
18.4198
17.4348
16.6792
27.9703
27.4624
29.0179
16.8865
16.2605
16.4002
25.6051
16.508
16.424
34.7755
16.6487
16.1438
32.4896
16.3744
29.0988
25.1215
15.8832
16.9669
15.909
16.0235
16.3123
32.1759
16.8596
20.0733
16.6194
16.3499
17.1997
26.548
16.5136
16.722
15.6608
15.9449
16.8354
16.837
16.5644
33.6292
19.7484
32.7924
32.1271
16.0531
33.8557
35.4725
18.0568
31.0891
20.3881
16.7629
32.5225
16.0984
30.3023
17.1706
16.5089
34.0516
30.421
35.0078
16.8565
16.0255
17.3425
16.439
16.5877
16.4956
16.3312
17.0419
16.3892
16.1007
16.3066
16.3437
16.5986
32.6837
18.5876
16.7063
16.9404
33.8035
17.3581
33.1293
35.8802
17.4313
17.3157
33.3381
17.6762
16.7997
15.7158
16.3742
16.3498
34.1586
20.2134
16.7075
16.7728
26.9584
31.222
27.8464
16.3186
24.2374
20.1294
33.3904
15.4457
16.9677
16.5641
16.1166
16.3973
27.6749
16.6665
16.7936
27.2364
28.8745
26.6965
17.3921
16.1907
17.6816
24.7043
17.0192
16.1767
17.8682
15.8468
16.3186
18.3418
17.2748
16.336
16.2047
16.6488
18.0974
16.3704
17.7629
16.079
17.0391
18.9698
16.2542
16.4025
15.9913
31.8167
18.5616
18.4426
16.7007
31.6743
19.131
28.4096
16.4205
16.4542
15.9645
17.3292
16.8533
16.4252
16.7633
16.0999
33.3892
18.3007
16.3108
16.2519
17.0528
16.3596
28.4928
17.0302
17.459
17.2209
16.2662
17.5818
18.242
16.9868
17.6151
17.7557
33.0164
28.6025
25.3677
16.6727
19.2766
17.418
16.7837
16.8061
17.0566
19.7673
17.2663
17.5458
20.8601
19.5069
15.7695
17.2112
21.2353
16.772
19.5692
17.49
16.5196
24.7306
25.8375
17.9926
16.9092
27.4047
16.5499
31.6376
16.8852
36.7985
32.4855
19.0098
17.0806
18.6186
25.4513
17.1423
17.5942
24.383
17.3796
17.7436
27.1482
17.5464
18.0048
28.146
42.4933
34.424
32.9432
17.6921
17.3406
19.3123
16.7053
17.3917
30.3813
16.8313
24.7768
18.3549
16.1425
18.1007
18.6192
17.1745
22.8391
17.657
18.998
17.115
29.6431
16.1816
17.1784
17.8342
16.0791
16.8234
20.8993
17.0615
27.7585
17.4464
23.688
17.2861
32.0951
32.677
17.1971
34.2317
18.0819
17.0397
26.7748
17.0899
19.7951
42.0537
41.3017
20.4615
15.981
20.1178
17.8739
16.1152
15.8596
21.023
16.3152
16.7925
33.7504
16.055
26.759
16.7518
15.8928
33.085
16.7243
18.4096
16.3261
25.0512
17.6775
16.0006
17.3411
28.9054
19.6146
17.6019
16.3637
16.0469
20.6309
15.9607
16.2554
27.8358
17.8608
16.05
17.6176
15.6686
17.1085
15.8417
26.9729
16.1874
18.2176
26.2446
16.4349
27.1968
16.7002
15.9986
17.0766
16.6433
17.6869
17.9294
22.7629
36.0908
18.4761
16.3715
16.1219
26.9401
27.2765
15.7584
18.0729
26.1304
26.0046
18.8959
17.9377
17.0439
28.6826
16.0291
19.184
16.5684
16.1997
16.2161
16.3101
18.5346
30.2694
17.2097
25.7235
16.2821
19.1232
33.5062
26.1719
16.8911
29.4024
16.6988
17.2264
27.1398
20.9755
16.7792
26.5457
19.4216
26.6358
15.7527
21.2995
21.5149
16.5348
16.0921
17.0692
16.3885
33.4698
16.5218
19.3905
17.8569
29.9517
17.1706
27.4255
29.6762
18.3985
26.2221
17.4318
16.9951
17.7226
16.0018
16.7492
16.1677
16.2787
17.0654
19.3399
17.4094
17.3735
19.945
16.0073
26.8715
23.2293
27.7308
24.6288
16.0475
17.7977
37.7093
20.6469
26.5566
27.486
15.9133
33.0055
17.5165
17.1067
16.1347
31.8506
19.5966
15.8394
31.5774
16.0007
15.7252
26.8276
25.7971
16.8135
33.3002
31.7776
16.4406
16.506
16.6657
15.834
15.737
16.1987
16.854
16.1572
16.8526
30.3719
16.9424
33.2926
34.238
16.5574
17.3012
16.8895
23.3344
20.9302
19.0461
17.1418
17.4608
16.6829
17.7976
18.6766
36.7917
34.1336
19.0354
17.3964
16.2218
16.0217
15.671
26.5365
26.4773
30.6801
34.79
21.9574
16.9623
16.2919
35.7958
25.0387
17.5746
16.6935
18.1396
16.964
34.1763
27.777
17.7372
21.3257
17.0858
17.2397
16.7524
38.8148
28.8209
16.2778
19.0727
17.8036
16.6074
17.8862
15.5329
16.0986
17.0036
15.7717
34.3153
17.9918
19.8067
16.385
15.3378
33.6805
17.5752
16.8182
17.0984
16.569
22.1596
16.6605
17.3522
16.6854
17.0182
27.9821
17.1304
22.2383
28.8124
19.489
33.9414
17.6428
21.6467
23.4203
15.7537
16.804
15.9907
16.7137
16.9456
16.1442
16.6002
18.4462
17.0688
18.0048
17.4097
17.4674
16.5106
28.5106
16.4923
27.7459
16.2048
34.3015
23.1869
16.0644
15.9572
16.5732
16.6816
16.1575
19.541
17.0634
16.8476
16.4701
15.8418
34.2187
32.5172
23.0428
27.5616
17.3964
15.9876
27.1074
16.6806
16.2744
31.839
24.3276
29.2181
41.8964
23.3595
16.2903
17.6976
33.6517
17.5887
16.6581
16.9077
34.5926
17.1899
16.4892
16.4498
16.7586
16.4541
16.7167
16.7056
18.532
16.9717
17.1671
15.533
16.9488
17.2352
16.2276
16.7819
17.7705
18.1035
16.0306
16.3927
41.7447
31.9291
33.1935
16.5202
17.149
16.5192
16.9624
16.701
16.9542
31.2537
17.6362
17.2391
16.5166
17.351
39.4179
26.3418
20.2965
17.8114
17.3102
37.0771
30.0363
17.7701
17.3815
18.3082
26.3796
36.6047
32.2303
16.3993
25.4447
20.1881
16.2221
16.8579
17.1131
27.9952
18.1845
17.0858
43.6222
34.9324
16.0419
19.0341
16.4996
20.8331
23.5631
16.4484
32.6038
23.9107
18.2156
16.8561
16.4071
35.8188
19.4237
28.2704
19.6778
16.835
17.0778
17.7488
18.1885
40.5219
24.9896
18.4696
15.6047
16.9149
17.2409
17.6117
16.148
16.904
17.5516
16.4187
36.3655
29.1445
17.2165
15.7131
25.8336
16.809
16.6556
17.4506
16.4328
18.0402
16.7828
42.5157
32.885
17.9414
16.6294
42.99
21.9774
16.6553
16.5684
26.4727
16.4819
16.1432
22.6843
16.2182
36.6227
34.2579
31.526
38.7728
27.0745
25.3989
35.4293
18.1724
24.7514
29.2704
16.7569
16.1919
44.5145
26.1688
17.7628
16.4011
16.7855
16.8559
38.662
17.9624
17.0669
34.4425
37.0916
16.8264
38.8809
38.1069
21.0084
16.8221
16.0632
16.4937
16.4684
16.0333
16.8882
16.6846
17.047
15.7718
16.924
18.2384
16.4844
16.7195
16.5889
16.4047
46.9024
19.7221
16.827
16.5395
16.2564
35.629
36.0258
21.3015
39.8811
32.3608
31.2017
33.176
17.2452
31.3527
17.221
16.1676
42.4675
20.1211
31.787
16.7558
16.695
27.5504
15.999
16.2937
16.0189
16.6165
17.0677
17.1226
18.3237
16.627
17.2393
16.7835
24.3242
26.9299
22.8559
17.4206
15.934
20.1312
18.0596
16.7596
16.5969
16.4944
24.5594
18.6112
20.7765
34.0829
17.0001
16.3996
16.5904
16.6247
16.3752
17.3582
16.1467
16.8335
17.8464
16.5193
17.2495
36.8648
20.6074
17.731
15.7002
27.364
28.1106
41.285
19.1913
17.564
16.1173
15.9488
17.6079
17.0699
16.8779
21.0019
16.2561
16.6278
16.0038
17.2803
36.5316
17.1023
16.1604
16.5687
16.4002
16.0049
17.0178
16.2581
17.9049
15.8251
22.0176
16.6593
26.1303
16.644
16.785
17.0613
16.5707
16.0975
15.8593
16.7238
35.1903
19.1727
25.4394
15.382
22.5952
18.4525
15.8252
16.0552
16.3601
16.2517
15.7637
16.116
16.1165
15.975
16.368
16.1255
16.4424
16.4548
16.7763
16.1287
17.0859
15.4435
24.9845
16.8497
16.5757
40.7617
27.9831
16.5757
16.9488
16.7065
18.3193
32.159
17.4131
16.9214
16.537
18.272
16.3378
16.3463
25.0563
16.2937
16.2784
16.1922
16.1041
34.1464
25.1037
18.4253
17.5703
17.1378
16.6159
15.929
17.1775
26.2332
16.3508
15.8478
17.1032
37.3744
17.379
16.9302
34.1006
18.2543
17.881
16.5382
31.2538
17.7492
17.2797
16.3202
16.9312
16.0215
16.4655
16.1757
15.5658
16.3167
33.1793
16.2694
15.6741
31.3659
16.7172
35.5018
20.1991
16.2742
16.4838
34.8758
29.5116
16.9917
16.3232
17.3353
26.1854
16.8505
15.9893
18.1229
15.855
16.39
16.4451
16.5311
17.179
31.9108
17.7483
16.3012
16.2962
34.5377
27.863
17.7342
16.424
17.9789
15.7305
16.4983
15.6075
16.2168
17.55
16.1902
16.1751
17.4601
46.1478
27.9334
33.5906
32.9363
33.0766
17.0893
16.04
16.8653
17.0532
16.1892
17.069
16.8357
16.5113
16.6007
16.1189
16.2689
16.7348
32.0037
18.3258
16.7303
27.3762
26.7595
28.2659
17.2572
17.2121
15.9667
15.7407
16.2916
16.3397
19.1481
16.3017
17.8761
15.9585
15.8861
42.0205
18.5841
16.4141
16.1322
16.2661
16.6139
16.7302
16.5186
39.9036
23.2671
31.3013
17.4861
16.4503
20.0968
20.9039
20.7318
16.255
20.3651
19.8326
17.2192
34.5487
24.1499
15.997
16.103
17.1218
18.8989
15.9287
32.8763
25.8624
27.316
16.9023
26.3952
26.7464
16.5414
16.9422
16.4273
39.9211
18.0392
15.868
16.6321
16.5364
18.2009
17.9133
45.2322
31.1403
17.1504
33.841
16.9577
17.0157
30.7686
31.033
16.8919
16.3171
16.4737
43.0038
23.0716
18.8035
16.5195
16.3465
16.4455
16.6501
20.7146
20.5238
33.6993
20.6403
16.5395
15.8632
16.3644
19.1453
16.6674
16.6831
16.0805
28.282
27.6689
17.1578
18.9922
24.3556
16.849
40.3633
42.8297
18.7769
16.9318
17.2602
16.1427
20.1608
16.0437
16.2879
16.2916
16.3304
18.0329
25.2706
16.9268
37.4676
35.6191
19.2826
16.4333
16.9734
16.4135
16.4713
17.3572
16.7562
15.9575
16.6339
36.6243
16.4383
40.1073
21.0899
18.5912
16.6314
19.9077
16.3342
32.7624
15.9686
16.1866
17.4196
15.8981
16.2333
32.8934
18.6058
16.7646
16.6548
16.8549
16.7255
16.9626
16.371
31.0754
44.1285
18.7416
16.4505
15.9777
15.985
16.3412
18.0335
33.1125
17.9337
17.3821
21.9624
27.7212
34.1707
16.8161
16.7297
16.0444
16.5364
37.8835
31.2209
18.1368
16.6739
17.1316
17.2525
17.9628
17.0229
16.1459
16.7871
16.8389
17.801
16.5987
18.2402
17.5599
17.2494
17.4301
18.5104
16.1403
16.358
17.0946
16.9979
16.1516
17.8593
16.6097
16.394
18.5039
16.8699
16.9877
16.2662
15.9508
16.5595
17.6798
35.4755
17.8086
43.5666
20.7595
16.8623
16.8334
17.0695
16.8623
28.2386
28.1384
16.7222
17.3596
16.9664
18.383
29.453
36.3957
18.4642
28.5627
17.0143
16.1037
16.4316
16.873
17.0171
33.0272
35.8763
31.3948
16.2499
16.2515
35.1921
31.8188
18.6604
25.9158
16.7099
18.2412
16.1921
17.0343
16.6605
16.9737
17.2728
19.754
16.9183
16.0904
16.1236
16.2365
17.9842
17.0967
23.3824
17.6184
15.204
16.2751
17.5872
18.0867
17.1832
16.3115
16.607
29.412
37.2873
16.4106
16.6611
16.2172
15.7932
16.3777
16.5357
16.4136
16.3898
16.2901
16.1359
16.2669
16.5381
16.1027
27.4134
19.6728
16.858
16.6021
21.0115
33.5646
16.795
21.7679
15.7621
16.509
16.7307
32.8949
16.9255
37.3986
36.7841
36.2059
18.6407
39.6338
17.6239
16.6047
15.9973
16.9012
17.8619
16.3327
16.6069
15.7692
16.5378
16.7427
40.1664
33.5093
37.6559
18.0723
17.6701
16.6197
33.3639
19.2099
32.8877
37.3744
33.9361
31.9246
18.8112
16.615
16.5103
16.9309
16.3558
15.8011
16.8811
16.2516
18.1147
17.0625
16.4646
16.4692
16.1344
16.4532
16.8598
16.1626
16.166
27.0572
33.1109
16.2322
16.0275
27.0977
23.4259
30.1096
26.4023
16.9879
16.6879
16.7243
16.4407
34.3601
17.9984
29.7161
37.641
19.2434
16.7693
16.5341
17.4955
17.5129
16.3942
16.1618
15.9105
26.8937
28.52
16.3055
17.011
16.8522
16.4079
16.2912
16.186
15.8289
17.0734
16.8064
16.8422
16.0616
16.5845
16.6158
16.2624
30.9743
33.1579
17.3242
18.1351
16.6048
16.6215
35.6049
28.2455
17.9222
33.8244
16.698
16.9727
17.1818
16.5019
35.4699
25.5902
16.1324
34.4686
28.4982
34.9819
17.6347
16.9958
26.7941
28.668
16.4869
16.7183
16.3383
16.3741
16.7281
17.8276
32.1664
17.7095
16.0461
16.1346
16.4724
27.154
17.9781
16.0454
16.5047
17.3285
16.7769
36.8053
21.5695
27.5782
17.8715
16.6677
28.9191
17.3487
22.8624
16.7567
16.4185
15.8747
16.135
36.3209
32.2144
17.1209
15.7957
16.0568
16.1455
16.9033
27.462
28.1522
28.5759
16.2198
27.1626
15.931
33.2609
28.745
33.4962
36.3855
16.217
42.1561
19.808
16.0877
16.9346
16.8746
15.9527
16.7516
16.8085
18.0856
21.0829
17.2667
16.6704
16.471
16.9306
16.1327
16.7051
16.9038
17.0298
16.6977
17.1795
16.2788
17.5196
39.2946
18.0488
16.3825
17.8312
26.8581
15.7224
15.5643
24.5145
18.1116
33.6442
37.4295
22.3206
20.7675
18.2837
17.5103
19.631
33.1374
16.5193
30.1542
22.4414
27.4142
29.3582
16.3619
37.319
29.5515
17.4139
16.3565
34.5224
17.7044
29.3853
16.6773
17.9042
15.7059
30.9304
28.267
21.7506
33.7752
27.1509
16.8287
33.9568
17.3646
15.259
16.4378
27.7181
27.2941
26.9127
17.5435
16.29
17.6335
16.4357
15.9501
20.4183
16.729
35.5552
32.7152
23.3539
18.1239
16.6885
19.5735
18.4719
16.778
29.7841
18.2353
17.7144
33.1701
17.4447
19.5775
16.841
31.4459
36.3028
34.5723
16.9413
33.5972
19.54
17.3099
16.5926
17.5362
27.8996
17.7998
25.9976
17.6283
16.992
18.2286
17.3762
17.8752
31.9183
17.5252
21.3157
37.4956
17.7137
28.5013
29.2812
17.3773
24.9608
19.4342
17.9194
17.8967
17.7232
19.5245
28.9116
18.7199
31.7989
18.5583
19.0611
17.6951
35.9554
33.0411
18.1687
17.5079
19.4582
18.3447
19.9877
18.6254
18.0435
34.5924
39.0002
19.5178
19.2037
28.4224
17.2063
19.0239
17.6835
19.2627
18.2229
19.0038
18.1611
17.8841
37.9382
18.113
18.4303
18.0618
18.2572
26.944
26.6859
17.8968
36.7677
20.9981
32.881
18.5633
21.7859
18.6047
18.4068
18.4846
18.4373
19.5241
19.0947
45.68
19.6433
36.5308
19.801
18.3426
18.902
19.021
18.6816
19.5234
27.2489
18.2114
18.4805
17.767
18.9946
28.6046
37.9278
18.81
18.2878
35.6017
19.7491
19.3526
17.4083
18.2253
18.6494
18.8622
35.5291
21.8186
17.6637
20.1835
17.8641
19.7824
18.5648
32.3845
34.9112
18.8683
18.0295
19.2069
18.1597
20.3234
19.224
19.72
19.3672
18.1143
21.3538
21.669
18.4991
19.8329
29.8122
17.5692
18.3508
20.1882
28.7371
35.43
18.3919
19.078
17.8702
19.0665
19.3836
18.5677
18.8215
18.8992
18.3773
21.2118
18.5859
34.914
19.8081
19.0827
18.2354
18.4923
41.4303
34.642
18.8652
20.2404
28.0084
28.3425
18.1533
18.4566
50.9211
37.9037
19.9389
24.1703
19.0937
19.6249
19.237
20.1426
20.2895
32.3591
27.681
19.8835
19.6763
21.0934
19.0701
26.9768
18.7913
18.9731
20.0665
21.2584
20.3935
18.8718
20.6832
19.9007
19.1394
37.4626
20.5971
19.0552
41.303
21.2122
18.6175
19.8631
37.1654
41.5846
21.4202
19.1609
17.9925
25.4733
18.6709
36.0897
18.8732
44.4117
18.8698
33.5998
18.7932
18.1823
17.1363
17.5317
19.824
18.22
17.1
17.7023
17.1416
17.6013
18.3632
17.1276
18.4595
17.3313
17.0442
26.7261
18.389
20.1368
17.9588
18.825
17.5263
32.1301
19.316
17.8196
20.0888
18.7628
30.8573
18.5042
35.2183
19.108
19.3847
29.4534
19.6241
25.9833
18.1726
35.0032
19.3102
23.5386
20.21
29.5773
23.6433
21.1165
19.5608
19.5703
19.9189
19.1572
36.4706
29.6466
36.0473
20.4013
18.5932
19.8638
19.757
19.8807
20.5586
21.3996
20.8296
36.5179
19.9291
20.9204
22.8221
39.1389
19.9752
45.1952
22.5049
31.9166
22.2654
39.1428
36.3529
35.9742
21.1591
22.5575
20.7964
39.0097
22.4639
20.6566
22.6639
21.2997
21.212
20.7264
34.6308
21.066
21.6722
20.282
27.3108
20.1346
21.6735
21.7422
36.6509
21.7516
20.2889
30.6765
21.972
20.9452
21.1462
20.3009
25.8237
38.6616
19.951
44.8478
20.6361
23.3904
20.2695
21.256
21.5201
20.8883
23.148
20.9852
20.9524
21.0606
21.0148
20.6293
21.7362
20.5476
20.6123
21.9417
24.2612
20.0894
36.1433
37.0441
20.4766
20.8963
28.7432
21.5371
35.5271
20.2932
22.0973
20.8387
20.7574
20.0821
21.199
20.1587
20.8597
20.136
47.3427
22.2302
20.1869
19.9178
19.8502
21.6208
19.4567
20.3909
28.0545
21.271
20.6176
19.6097
19.6538
19.9937
20.8984
39.5971
20.5122
31.1898
36.2256
20.7451
30.9136
28.4661
19.9926
20.9532
21.2881
29.1782
20.2706
19.0288
37.1551
19.1719
27.5734
32.5467
20.1258
18.7893
37.2785
36.1276
19.6955
18.8201
33.1703
19.5723
19.2021
19.9975
19.674
20.1063
18.6069
30.6028
42.6674
35.5543
20.9822
19.2476
25.4864
18.6122
22.2858
19.5124
19.6435
18.4551
18.9268
19.6648
19.7178
20.5713
39.6181
20.8336
19.8631
19.4456
20.3958
19.9089
22.1972
18.6188
19.1449
34.7877
18.9083
18.7429
46.4586
20.5759
23.1335
23.6491
18.2912
22.6853
18.201
18.0668
18.2742
18.2386
18.2617
19.3762
19.3865
19.0493
18.4536
18.0577
18.3964
18.8387
18.0253
18.3451
17.5621
28.848
19.8765
32.8927
21.011
20.1131
16.8477
18.5114
18.843
21.9213
16.8864
29.4926
16.9106
25.6032
18.2092
17.5377
17.7742
17.6001
23.5228
32.1431
22.8163
16.3319
17.87
18.851
33.4261
18.0214
18.9644
17.8969
17.8326
19.8158
46.8108
30.8135
17.7838
18.4595
35.953
18.1857
18.2584
36.4678
35.2422
19.2498
17.6408
17.5152
17.3853
17.8137
17.2827
17.3285
30.0273
35.9535
19.0149
16.9086
41.9446
40.276
36.1522
33.7738
17.2968
17.3087
38.2924
17.8747
15.7954
16.7916
15.7295
18.1949
16.461
23.5642
29.2443
17.457
16.0224
16.3407
15.7189
16.5528
16.6787
16.9512
16.7089
20.0989
15.626
23.9973
18.4035
15.9504
17.0224
32.6737
17.1653
40.719
19.0358
16.6531
19.7795
17.4239
17.9014
16.3393
16.5401
33.6117
38.3516
34.4641
17.0075
28.7594
16.8141
17.4445
16.7472
16.6286
17.5587
17.9038
18.1004
17.6824
29.5007
38.5888
18.8876
19.4249
21.9395
27.4862
19.3143
50.4524
30.6031
17.8068
19.4568
17.6233
35.2256
18.3263
38.8067
28.3825
18.4214
25.9456
19.9338
18.6012
20.7155
28.8697
19.2688
19.2302
18.4653
32.3049
26.0796
19.0495
18.0651
18.7716
19.1638
19.7169
17.9244
33.4027
29.2187
17.2037
17.6545
18.3811
16.3011
18.5412
18.6437
17.3188
17.4031
22.6694
17.0942
16.9964
43.4028
25.2849
35.4193
35.0163
17.3341
34.7793
19.6444
18.4326
17.3818
19.9803
17.8497
18.6585
23.829
18.1753
20.1568
17.7234
17.3395
17.9265
18.8415
33.6362
19.5521
19.45
16.7659
21.5695
37.6442
17.7946
34.2421
18.6552
20.2944
30.5756
18.3008
18.3114
37.5618
23.4383
37.2936
37.4576
18.9207
40.3478
30.2869
18.6969
17.816
24.7268
17.349
29.9704
18.3481
17.2199
34.8287
17.8675
29.8712
29.0335
17.9283
38.5018
21.6732
17.821
41.6233
18.7558
19.7446
16.1782
16.8069
21.3088
17.586
31.2111
18.301
36.2945
30.7058
18.7366
19.0356
18.2868
18.95
26.8668
18.878
18.7228
38.7894
19.4556
18.796
39.6842
18.9669
24.5532
40.3457
19.0162
20.9171
27.5555
19.7109
19.3758
28.6912
22.3463
42.1601
22.0983
20.2607
30.4382
19.9932
34.8654
31.2589
24.8356
19.1442
19.258
18.1059
19.9917
20.2655
28.4835
18.7823
22.4023
18.9791
18.7653
18.9079
20.4293
19.536
19.3407
23.9102
19.9021
21.427
31.1053
29.5203
19.307
18.9614
19.5988
20.4622
19.5764
20.0492
20.4463
20.7597
20.2419
20.902
29.8677
21.2795
20.9336
20.2372
20.8225
32.9029
21.9905
21.2358
20.4089
28.1235
19.9055
40.3293
20.8418
20.758
50.2477
36.7512
37.2049
36.7475
21.7111
20.3176
20.6611
19.8663
19.9299
20.9715
20.6496
22.7417
21.0432
21.761
38.8867
21.9814
36.1076
21.4704
22.104
21.8024
22.9947
43.077
21.1657
20.4554
20.4281
20.7187
20.6377
48.5021
24.1886
27.3441
23.5642
21.5563
20.4308
36.2023
23.0618
48.215
32.1278
38.2051
38.4276
20.9317
39.4908
36.0876
21.617
21.8067
21.2135
22.2033
21.5023
21.6881
20.1305
21.7837
20.2401
21.8335
20.9732
20.1462
21.3738
21.436
36.0772
22.5934
22.0677
25.1797
30.2548
22.3705
24.6653
31.2611
22.7434
23.6289
22.1733
34.2381
22.3726
23.5529
21.6274
22.8929
22.4919
28.1722
22.478
22.0357
21.3986
22.5163
21.6586
20.6816
22.6207
22.7323
21.0061
21.129
22.2709
21.7574
22.4572
31.2156
30.0302
42.852
31.5262
21.7762
20.5783
45.6373
22.2471
21.5592
35.2221
21.0359
21.7092
21.7192
20.3176
21.6714
20.84
21.7633
25.2809
30.2341
21.5348
20.8531
20.7412
21.4988
22.5432
23.3936
21.1671
21.9857
21.7417
21.7923
21.4239
21.5878
22.0603
20.634
20.9109
38.3139
19.4856
21.4655
41.4167
30.1822
19.3337
20.4538
21.4453
20.1024
34.1113
20.0807
30.7213
19.8004
18.8795
31.4295
18.8449
44.137
20.0956
20.0307
28.264
20.9096
39.5237
20.7682
21.2347
38.7913
19.9741
23.28
19.9103
20.3917
21.6147
20.2751
20.6441
20.0756
20.2725
20.9008
20.5927
21.065
35.2132
34.4653
20.2352
38.0057
29.4937
19.7222
26.6041
20.3697
27.9447
20.9668
18.4504
43.8842
22.5344
18.2217
18.3207
18.5848
17.8233
37.6468
20.287
37.8127
19.3979
18.4935
33.5039
18.3758
17.6007
18.3909
19.7054
17.1244
17.62
17.4627
17.1547
29.8786
18.8272
43.5118
31.931
18.0918
21.5486
35.1219
26.877
35.2359
33.566
18.3226
18.8599
18.9811
38.6632
19.0555
34.6803
19.083
46.9629
25.1983
18.1469
25.7814
20.0548
50.2238
33.0483
19.1073
31.524
18.2881
26.542
18.7862
18.7423
17.8281
18.7655
18.097
19.5419
23.5544
17.8807
18.404
18.0524
36.4258
19.4621
18.1052
34.3144
18.7311
18.8704
18.8346
18.7778
17.4887
17.6615
18.127
17.8842
20.9511
18.0443
21.3584
27.7657
19.0695
24.9347
17.6064
18.3599
17.4558
17.2857
17.6262
22.6031
21.6016
24.0338
16.7579
16.4355
35.9027
17.5288
19.7002
16.48
16.3328
28.3549
17.1905
17.2099
18.3393
17.9686
32.2748
37.4598
31.5861
20.7408
17.6446
30.1891
17.5228
19.5352
25.4769
27.0451
18.6873
39.6731
20.1115
36.7742
31.2064
17.9013
18.5625
17.2046
20.3146
17.6672
20.9948
17.5653
19.0059
21.5555
20.7946
19.5825
18.5177
18.5258
32.3475
32.6422
19.4876
29.462
26.8481
31.8977
27.3265
19.762
18.4748
18.9265
19.412
18.5317
22.0349
17.9414
19.4479
19.7517
19.8349
19.1012
18.4253
20.2112
37.9253
18.6136
18.5457
18.0192
18.1772
18.2307
24.3124
18.8207
28.12
20.0407
18.3398
19.2979
18.3023
17.0571
16.9641
27.4562
17.1123
17.0148
17.062
19.4564
37.1925
19.0419
24.3439
21.6443
17.7793
17.1855
21.8006
24.7016
41.0485
29.9364
20.1658
18.5913
17.907
17.4488
26.1741
17.6386
18.3707
17.5724
38.8037
34.7293
34.8393
19.3689
19.336
18.2869
18.313
35.578
37.5001
18.2527
18.5051
30.2829
18.7935
18.1567
46.3028
37.5323
19.1951
32.0263
18.0048
18.4569
17.5083
18.4318
17.0496
37.7896
20.2139
17.0062
18.3957
19.4278
33.6191
34.5139
39.4464
18.043
23.3345
17.107
17.9761
22.8056
23.7767
25.0867
19.3724
18.9845
26.2736
34.8165
18.2235
17.4128
18.337
17.6102
26.7601
18.1351
31.7597
18.1464
19.9258
38.5117
21.1641
33.1086
19.9549
28.6073
18.3679
19.4089
20.0314
18.8029
19.403
32.9177
19.229
20.5544
20.0831
30.2972
23.6946
24.977
19.677
19.8093
18.3153
39.6222
30.0004
38.6015
20.145
20.4431
20.2647
19.4874
20.3845
19.3951
21.4776
38.1752
20.2221
27.4975
23.2193
19.3336
35.6292
20.2782
18.8708
20.0993
20.4661
19.4826
50.0903
26.8243
19.3298
27.3965
19.8852
19.6448
41.9155
36.1925
19.219
19.3992
23.5801
19.8582
19.8111
21.1664
30.2148
21.0334
33.606
19.9604
20.4613
21.5775
20.7809
20.8627
20.7284
22.189
21.2222
28.35
27.0403
22.5126
21.2396
21.7269
21.6437
20.1037
20.0803
34.5443
34.191
19.9688
27.9851
23.3458
33.3856
20.9301
22.0419
21.1868
20.5176
31.0917
21.1326
21.8166
21.4933
25.157
21.3085
25.2434
38.0965
19.8698
22.9247
42.3751
21.6345
42.017
21.4593
22.7916
22.237
21.9573
24.5302
22.1278
21.8203
21.6966
54.2597
30.4258
22.0239
23.128
21.4106
22.2501
22.4887
21.9298
20.6939
22.4947
21.6548
22.594
21.5705
39.5295
21.7736
30.1377
34.2042
20.7834
21.5934
21.5928
21.6789
21.0327
21.7898
21.1577
21.5827
22.115
21.4193
22.824
46.9237
26.9461
23.5062
24.3516
21.9097
31.1935
21.4989
22.2064
22.7804
22.5376
23.7692
35.8612
22.556
22.7178
22.9939
23.1728
24.6803
22.3953
45.4971
33.4778
22.1055
34.1643
22.8411
23.3814
24.0909
22.978
20.6169
21.8486
21.7959
21.892
21.9319
25.967
40.3577
46.6406
39.5291
22.1866
21.7348
45.7439
21.2295
21.4813
36.8817
21.6677
22.3299
22.8814
29.388
20.9326
21.9459
21.1183
22.9659
41.6974
40.6819
22.0427
21.8363
21.867
22.4064
22.3768
22.2889
22.7161
30.7847
32.3713
19.9934
20.0036
19.481
19.7045
20.5968
20.4518
19.7724
23.511
21.5857
20.3785
19.3143
19.4807
20.0699
19.959
19.5348
21.28
20.2584
19.8563
50.1368
38.1474
19.5016
34.4565
28.637
19.4777
27.1225
32.0602
24.1491
19.7282
19.3208
19.247
20.7238
19.8831
19.6444
20.269
18.6195
18.6755
25.3873
18.0188
20.692
17.694
17.8369
17.9999
19.1427
18.1578
20.7165
20.8931
18.5977
18.6003
18.7421
18.3934
19.7374
18.3497
18.8636
18.7303
45.8822
42.7109
18.845
19.5503
18.1015
21.7283
39.4639
34.4825
19.029
19.1804
18.5191
18.5159
35.5955
19.2756
18.9348
18.9926
38.2429
19.9215
41.0781
37.6024
24.4803
31.6269
19.2762
19.9324
18.7479
20.7862
30.6401
19.9705
19.6125
19.5158
19.3002
20.2898
32.3572
38.3462
22.6833
32.5139
18.9879
19.6004
18.5745
31.8167
19.0445
31.2246
19.4394
36.9321
32.7039
17.8346
19.4198
20.4098
18.0913
19.3859
20.5288
18.1841
41.2917
31.2917
22.1558
19.9208
17.8305
19.2992
18.2407
19.6368
19.7018
17.5054
17.5925
19.3977
41.2958
19.5978
32.3458
17.3759
17.5321
28.4027
20.5567
17.9227
34.9826
17.7423
17.6695
18.3885
17.4981
17.3994
17.299
16.7695
16.8153
16.7161
16.4934
17.3745
36.8989
35.5479
38.8064
21.853
18.1019
21.5565
29.7713
17.5303
29.4105
17.3751
17.4664
17.8074
17.0536
25.0601
17.4132
20.4937
16.498
19.0032
16.9194
17.2807
17.5091
19.9955
19.1482
19.6946
29.836
17.1314
17.4802
34.0753
38.0831
28.8996
18.753
17.5204
18.3066
22.5632
18.3267
18.1123
18.5196
30.7179
18.391
20.8612
18.4117
18.4826
21.2147
21.0543
18.8677
19.111
19.7115
19.4954
18.5838
18.4232
33.2948
17.6617
21.3459
19.6129
28.6732
24.362
19.4513
18.6165
27.6558
17.3346
19.4749
43.0501
21.7448
18.5428
42.8622
19.2472
19.7366
18.8655
20.0122
19.3798
17.1338
18.0293
18.3556
20.9864
18.5961
20.1825
33.8651
48.6507
23.5627
28.5491
19.6376
25.4896
28.8666
18.0787
18.0985
17.9161
21.7657
17.8222
18.9597
19.0897
17.8331
36.6803
18.6999
32.0368
23.9543
17.1951
18.8474
18.1795
20.5935
18.7947
33.4625
18.3428
40.4508
37.3468
38.2908
27.2424
27.0665
18.3218
30.5993
18.3942
19.7293
19.5429
17.6618
21.4059
18.7025
42.1875
28.4683
18.5677
20.3998
19.2909
17.3101
19.8891
30.7042
18.7935
36.9911
18.6935
34.4684
17.9178
19.0132
29.8194
19.7729
20.4873
17.4115
17.5754
17.475
17.13
19.4593
18.7743
24.5308
22.8413
18.5635
18.3723
18.0041
40.7894
19.1454
19.3743
32.789
18.9461
21.3636
17.9427
34.9875
18.3822
40.8764
19.2719
21.6004
19.824
19.8589
27.0701
33.7682
19.9678
25.0856
19.1847
35.0615
19.9402
19.0753
26.6432
17.9598
20.6682
20.5645
19.0147
18.8106
19.3054
18.4311
31.6651
24.8322
18.6845
35.7276
36.9069
17.8605
44.12
30.4054
19.1998
51.7242
27.9569
19.907
19.2607
19.6346
34.5713
19.8776
21.1063
19.6647
22.5839
20.9944
19.9446
34.4418
19.8326
51.6231
24.7902
20.7071
20.6732
54.7665
23.5376
22.1502
20.4589
21.342
32.3434
19.9857
21.5643
21.4463
44.4475
24.1418
20.4866
21.4494
20.8579
20.1656
40.6921
21.0597
22.2244
20.7124
20.8867
21.7053
25.7935
24.2011
20.9745
22.2278
38.3538
24.195
21.8572
21.6597
21.2684
21.6836
22.866
21.6512
22.1739
23.2488
41.054
40.6445
21.3961
21.8008
23.5193
22.2815
22.0254
21.8129
21.3768
22.0153
21.9907
22.8915
21.7284
21.3672
23.3128
34.5467
21.6321
38.8627
21.3292
23.4899
32.8673
21.1334
23.3988
21.1656
21.3713
21.1833
21.1426
21.5503
41.0118
26.1149
21.6772
23.98
21.3087
21.324
23.0558
23.9249
21.5149
46.8955
52.5
24.5574
22.176
28.6005
26.7108
21.2495
32.5923
22.1017
22.8973
23.4312
21.6107
44.633
23.4482
21.2196
32.6673
21.0496
20.2595
21.3883
21.2671
21.9302
22.4268
21.3864
24.5406
31.6022
20.7833
21.7108
22.3023
20.9249
23.4078
21.5912
20.4004
30.7278
20.4225
40.9851
20.3938
25.8601
21.2611
20.6889
19.9842
20.1498
21.284
19.9147
20.5612
24.4016
50.0749
22.6237
21.2324
21.6647
21.0713
20.8548
20.7799
37.8049
30.494
21.0603
19.4162
28.6795
48.7059
27.1217
20.4896
39.9248
19.8459
38.0779
20.404
21.8599
19.7366
25.7026
27.8653
19.4742
19.6113
44.5612
20.8965
20.6343
20.3178
19.7446
20.5588
35.1197
32.0431
19.9277
19.8939
19.4189
20.2243
20.1417
20.3496
20.374
54.2183
23.595
20.748
32.2711
20.3781
20.7034
20.8793
20.0607
33.8491
19.836
36.6093
20.8353
23.1508
36.1949
21.3288
19.0826
20.3262
19.9048
19.3199
35.2093
21.0599
46.395
30.7201
20.4403
20.343
20.3674
19.3041
19.893
19.3493
19.8688
21.7412
20.1185
18.4992
19.6012
37.9542
21.3515
19.9859
17.9067
18.6181
18.8185
19.9417
43.6231
19.816
18.4577
19.2119
24.8438
19.3694
19.0165
21.9994
19.1414
20.5125
19.3538
18.8647
21.0632
19.3591
32.4807
21.8814
26.6718
20.4962
20.4344
38.2248
21.24
20.3962
19.372
20.8091
18.8975
19.8889
19.0796
19.8624
19.8758
20.186
19.9444
19.7343
19.5586
38.397
19.2503
40.294
28.1969
21.7498
20.2181
19.3811
30.5103
19.3012
19.751
47.9076
19.6954
36.0583
19.16
38.4449
19.2815
20.5403
33.9142
34.531
18.7999
18.3907
19.9266
17.4923
18.6169
18.9572
40.2305
18.7612
17.8942
18.5352
16.9065
17.8808
16.9535
36.2538
19.2551
16.761
41.2122
25.737
18.4912
16.9827
18.6871
16.7496
19.7411
17.1656
17.7288
40.1302
25.5637
33.6802
17.8701
17.2134
21.5222
33.5146
17.4126
18.5192
19.2551
18.0484
17.3448
19.3642
24.2809
20.223
17.5272
17.7648
17.8677
30.0615
18.2805
34.9856
27.9069
17.636
18.49
16.7588
17.7087
26.3846
16.9428
34.1608
36.6846
17.6149
19.3694
17.7558
17.7886
17.4278
17.3623
18.6881
35.1303
18.852
17.4106
18.0914
27.4789
35.3571
18.8843
19.1423
22.3372
24.2403
19.1521
17.9101
20.3732
17.972
34.2677
19.4102
18.594
19.0142
19.2517
30.4146
20.1588
19.9842
19.5282
17.8478
18.6539
18.9375
39.4474
20.0491
18.8677
30.8319
19.6204
18.0696
28.2161
17.7191
21.0458
18.5673
34.3939
35.544
29.4201
18.5913
25.7198
18.9047
17.6864
45.0267
53.5817
22.7873
18.3124
18.5088
19.3111
18.9028
19.3362
35.8873
18.0099
35.3146
18.3089
20.3539
35.3693
29.1065
17.5665
18.2856
19.9355
17.6019
18.1768
35.4598
18.3162
35.6362
19.3488
18.9731
36.0359
20.3004
17.5197
19.5403
50.1927
23.8131
18.6242
36.309
24.6076
20.8266
22.8004
18.5771
20.6883
35.6939
35.0942
17.9459
40.4353
21.5281
18.479
18.7524
18.7069
18.6765
18.115
17.5399
20.1019
43.0113
29.0708
21.792
29.0822
17.9549
18.2911
26.4975
19.4157
18.1199
19.7845
19.1476
20.3524
18.2498
19.2413
19.0585
23.0631
19.1067
18.8109
28.3758
19.8412
20.3162
20.7445
19.4365
19.06
19.5089
19.9387
18.4426
18.9993
19.8506
47.3312
21.9545
30.9742
18.7212
18.3328
36.3999
18.6466
41.1372
31.0166
22.7003
19.1993
34.3703
18.7953
27.7027
21.0721
23.4833
23.7482
20.5814
23.0897
20.0741
21.9666
20.9267
19.924
19.6435
20.0217
20.5071
21.1019
38.3254
31.9742
19.8322
19.9907
22.0372
20.5326
20.1563
29.3292
20.4437
38.9338
19.56
22.1042
30.6699
20.8023
31.8279
46.9206
31.2123
51.0838
30.4718
20.3221
21.5958
21.0725
32.2918
20.7253
21.53
19.2383
19.5839
21.197
20.0216
19.892
20.4554
20.8341
20.7613
20.8695
20.5144
20.5791
20.3806
41.3122
21.3025
20.8644
20.1152
20.6974
20.6674
37.0898
20.9405
21.4508
21.0078
21.2603
23.4917
21.2578
22.368
21.5316
21.2234
20.4652
39.2137
19.9534
31.9982
22.0196
35.8541
20.8082
21.4348
21.472
41.1825
20.0666
20.8136
42.4707
34.5369
20.9305
21.7252
20.6625
19.9771
38.738
35.5244
24.219
33.4548
44.0219
24.8801
20.3977
34.7981
20.8764
43.1649
38.1284
22.9939
20.8247
21.8495
20.8335
21.2932
35.846
21.0949
23.1818
20.3194
23.3844
43.3659
22.1978
21.3403
22.6023
21.1823
20.7154
22.7435
22.032
21.0324
21.6819
22.3896
21.9594
21.6101
33.1897
20.9506
20.9221
21.5872
21.6563
21.5721
20.9669
21.8818
22.2138
20.8132
21.1722
20.6063
51.699
24.0284
22.1779
26.2988
21.918
24.6313
27.6825
32.55
21.0789
21.7533
52.3187
38.6599
37.0895
40.739
21.469
35.5481
20.9047
20.4522
20.4975
19.9091
20.4554
20.5288
21.5899
20.3574
20.7181
21.1301
20.2445
19.9466
22.8115
21.1128
43.6804
22.12
38.7021
21.3394
20.6089
36.353
21.0766
38.8117
19.8678
20.1334
41.3469
28.779
19.9135
21.4447
21.0874
22.639
21.071
21.3813
20.3483
19.9848
38.387
20.1283
19.9015
20.6846
19.7503
33.6873
20.5873
21.3614
24.222
21.1601
20.034
21.3792
19.9168
18.971
20.0202
45.2544
22.5209
19.0919
19.8762
19.3782
19.5571
19.3764
19.5208
20.2291
20.1554
19.4909
44.3024
22.3913
31.6376
33.9439
20.3542
19.3844
35.6262
19.552
18.9034
38.4281
20.9627
33.6834
18.8007
18.7914
18.9832
18.5649
34.9946
30.8034
18.9795
20.1062
19.4053
20.6547
18.8744
43.1346
33.6869
32.6983
19.4048
20.7548
33.5185
28.8303
19.0658
35.0592
20.5133
19.4169
20.0739
20.4229
20.4573
19.571
43.8548
37.3794
20.3109
19.0959
20.0857
24.7415
19.7172
18.9694
35.8794
19.9777
19.6451
21.1535
18.8743
19.8539
19.6061
20.0361
19.1288
19.1757
18.8807
18.9388
18.6897
34.2434
21.2162
18.9437
19.7974
33.7652
18.6997
20.298
18.5426
28.7025
21.7956
27.0814
17.7441
18.7533
20.4709
19.9382
17.3701
17.413
33.9644
16.9408
35.2301
18.0855
38.3804
18.5857
17.6265
16.5451
20.75
17.2521
18.0151
17.8938
34.5397
22.1262
42.7423
21.0242
18.6197
17.7572
18.2691
27.7932
29.6567
18.7607
17.7279
19.546
33.9604
35.4135
17.6154
21.4787
17.1636
17.8014
19.695
16.765
17.6905
18.6426
17.8255
17.3103
20.0689
19.2346
17.4033
18.3042
17.5712
26.7445
17.7588
35.8536
22.5064
21.5237
24.1555
21.5674
17.8648
20.4572
17.9046
19.4745
18.7527
18.8894
18.7816
19.0218
22.3276
23.2516
24.332
34.3398
18.0301
18.3429
44.2792
24.3271
34.7912
18.2522
18.2098
41.0827
19.63
18.667
33.6653
34.198
18.6763
40.1245
32.9967
18.596
19.6529
26.1815
25.1562
19.1323
33.082
18.2367
24.928
18.0757
31.1764
19.2234
18.5754
21.924
36.7054
21.2159
31.8699
17.98
33.8625
38.7814
18.6608
33.388
19.0355
19.5521
17.7268
30.7478
18.2006
27.8336
17.3388
20.077
22.7017
27.1724
18.18
18.8697
34.7667
19.7886
27.1922
18.1048
18.0511
20.4525
18.5132
18.3293
22.8086
27.428
17.2183
35.5351
30.6042
17.7994
19.7012
19.829
34.8006
17.9271
18.3287
18.3373
18.4187
20.5685
17.7159
18.3599
19.1638
26.7041
18.7282
17.7341
33.4232
18.2223
28.1138
18.9419
18.0451
18.2503
18.2076
18.1119
19.0381
39.5767
21.4177
19.5689
19.2601
19.8732
18.9964
36.3775
18.1448
18.5546
19.3201
32.2007
38.3533
18.7701
18.8167
35.8727
19.0233
18.9934
19.3863
19.5038
18.6462
18.7165
18.4594
24.0247
24.3054
19.596
19.4848
19.5273
39.9241
22.9554
18.4604
19.9826
18.9274
18.4466
18.807
35.5747
36.5889
18.6859
34.0988
36.6483
20.3736
35.2907
29.5852
19.2642
18.7106
23.9147
18.2013
31.1802
19.4071
19.351
33.8428
22.4343
18.698
19.3283
33.0824
24.3684
19.482
19.7437
20.1441
19.7815
19.6096
19.6742
19.6229
20.4303
20.4682
37.1792
20.5407
20.1459
19.5785
46.0606
20.7593
21.7428
32.8466
30.3531
29.6192
42.5258
20.7611
23.3488
21.7283
24.957
20.1077
20.5927
27.8161
20.2632
22.3138
20.716
21.8615
29.0721
20.6749
38.062
24.4744
39.9812
20.5119
20.1882
44.0336
36.0281
24.3194
21.0012
22.0564
34.6273
57.3322
27.6432
22.8197
21.6989
22.538
25.9855
24.3642
22.0752
20.4203
19.786
21.164
34.5796
21.9288
21.2631
21.8523
21.3993
21.4078
30.492
22.0757
21.1697
20.8084
38.1711
37.0622
35.1158
21.4838
22.423
42.7828
21.0893
21.6476
20.7615
21.8866
39.7481
21.0309
20.4049
21.4449
20.0936
20.7805
21.0027
34.1652
19.828
20.5661
19.8098
31.7866
21.7651
21.5676
21.2297
23.9088
22.1589
21.4026
23.9755
23.0712
21.7678
21.523
20.6961
21.7974
22.3414
21.4795
21.8323
22.1092
21.5304
36.7423
22.9342
27.8914
35.0815
33.2721
20.8869
21.1648
32.8908
42.8644
20.5659
22.5428
19.7325
31.4501
20.9161
44.2185
19.8165
34.5008
19.2524
21.0771
20.3292
20.7494
37.6496
21.1277
21.629
20.5085
21.9288
19.7553
46.2411
48.2917
27.4636
21.2208
20.7852
19.7357
21.5508
20.9402
32.2771
41.6444
37.1571
20.7415
22.4143
20.7144
20.3117
20.0458
42.1134
21.7666
20.6012
40.3312
45.7943
20.5657
21.7406
21.9028
21.06
21.2093
43.2218
21.2619
21.0406
20.0371
20.6066
22.4698
41.9134
20.3798
23.7179
20.4194
20.3355
20.5431
19.6007
20.6252
20.6329
20.0226
20.1063
20.6638
19.4236
20.2711
21.6011
19.4648
21.3955
19.7959
20.1039
19.7737
24.8175
19.4071
42.2569
24.5841
29.5111
20.8516
19.4924
37.5819
19.3084
38.2751
34.2459
22.5846
19.0316
41.9396
19.4909
21.4569
21.6236
34.4684
53.4365
43.398
20.9452
19.9906
19.2396
18.9346
18.8567
18.3994
21.6004
19.5833
37.1753
22.5926
20.86
28.2321
34.3621
31.7215
20.0143
19.8421
19.9568
18.7632
19.2069
21.7249
19.4724
25.2999
19.2033
32.0624
37.9963
19.9771
19.355
19.5611
19.7438
20.0473
19.3225
34.7048
29.5348
20.3066
38.0484
24.3962
18.4017
19.8882
33.3373
18.8608
37.3988
21.2575
20.7566
19.8017
20.1175
19.0428
43.9781
36.687
19.7895
35.8565
18.6321
20.0263
34.7498
19.7786
27.6411
19.1499
35.3984
18.2538
26.6688
43.5554
21.496
17.7671
18.3058
17.2508
32.4629
36.1073
17.6206
45.0236
21.0473
17.0841
16.6844
42.2318
20.9146
17.99
18.9074
32.479
19.6489
43.8403
20.5737
32.4367
18.6582
18.6912
18.4255
18.8987
18.5653
22.7315
18.6892
17.9812
17.2022
17.3969
37.0821
27.9203
39.8987
17.8268
20.3388
31.4741
17.2738
46.4636
24.9926
17.8718
19.0713
30.3067
18.0103
26.435
19.1763
36.1682
33.6933
18.1077
17.9863
17.9267
18.402
17.2766
26.3704
17.6859
25.8326
41.5616
28.9733
23.5313
19.0855
18.1759
19.3335
18.9538
17.7364
33.8929
45.7283
33.9573
17.4506
18.4101
19.7226
18.162
17.6822
45.5951
25.3427
33.4655
19.4738
15.4091
17.1497
16.6142
17.2726
16.8542
34.5376
23.0614
40.2568
17.0607
18.5732
20.0829
15.854
15.9353
15.7463
34.3791
18.3602
16.1416
38.8648
17.4139
16.203
15.46
15.7622
32.2675
14.6682
16.0838
14.7486
16.4767
13.8972
14.8061
14.191
25.8617
15.9433
30.2652
22.6833
17.7275
20.4332
14.9798
16.511
16.3937
15.8698
31.9521
14.9711
15.3773
19.2845
15.4123
36.559
30.4262
19.5264
33.8977
40.0306