19.9257
16.9108
16.2005
16.6823
31.6715
29.9799
29.4576
28.4122
28.1424
24.1412
15.2928
22.6667
22.0856
43.1511
26.3946
17.2177
15.812
15.6628
26.5311
25.0112
16.1735
23.8852
15.3317
30.8703
16.5041
15.5621
14.9958
16.3138
17.7606
15.7924
15.1183
16.4213
15.7685
16.0483
31.1848
21.3141
25.8106
16.0434
16.3992
33.3171
16.1322
16.1671
17.1164
16.1632
30.1809
15.9929
16.296
40.6277
19.0407
15.6299
16.3881
16.1712
15.1778
16.1659
16.2276
16.2223
16.2051
15.2515
15.4848
15.0352
15.38
14.9883
16.1081
34.0053
33.7683
17.0058
15.6633
15.8861
15.447
21.1192
15.1827
23.7725
17.5666
25.9952
20.005
15.7233
33.7138
16.5808
37.7856
17.5005
15.2898
15.7849
29.8916
22.5241
16.057
17.7901
18.8642
14.7806
15.1949
15.0934
15.3283
15.7942
15.5189
15.2456
15.6593
31.4247
17.1139
27.5045
15.2256
16.1552
16.9664
15.4445
15.2741
32.9248
30.7151
15.459
18.0552
15.4179
16.1003
15.9585
15.8636
18.3674
15.957
18.4043
42.1119
29.472
18.3665
16.0214
17.1776
15.2918
35.1706
17.6485
16.1268
15.2998
15.967
15.9866
42.3671
26.4192
19.7352
15.6115
17.024
15.8526
15.7694
15.2519
15.3652
34.7957
34.8734
19.0076
16.4934
15.5329
15.8934
16.1963
15.6255
15.0479
15.9603
41.886
19.6327
15.1971
15.3082
17.5025
21.3834
15.5836
16.1225
15.3445
16.0147
25.6893
15.0921
15.481
15.9342
15.9172
26.976
15.48
15.436
15.934
24.8255
16.1855
15.8796
15.9066
34.8441
35.0777
17.4792
32.9614
17.4372
39.7184
17.4622
16.2864
15.6924
15.5282
15.4272
30.8954
18.1293
16.6242
17.5529
16.8363
14.9558
34.3823
38.1234
33.8339
32.3772
15.7583
15.3398
16.1753
15.6669
23.0234
18.0008
35.9097
23.0462
27.0324
36.8904
39.6143
20.8991
17.2856
15.5732
16.0928
15.1884
16.5333
15.7195
15.4603
16.0248
15.5282
15.8581
15.5465
15.8167
17.1796
15.3722
15.7197
15.2124
16.5144
22.9113
15.808
15.5512
15.6472
14.7758
15.0994
15.4842
32.7472
15.5978
15.6598
33.8238
16.6217
15.8886
15.6078
16.1216
15.2073
15.7493
15.2904
15.1762
15.9203
31.8442
31.8267
16.5686
15.5663
16.7331
16.6582
16.1129
18.4563
15.6798
19.1639
18.2159
29.6857
15.5091
25.0214
15.5488
14.9257
16.0214
15.0796
16.456
15.7902
24.1513
19.8977
16.1348
25.6352
15.6703
16.4376
15.9287
14.7324
16.1814
14.6819
15.8685
15.2086
15.9516
16.047
15.4759
15.231
15.8314
15.6022
29.7804
21.4482
16.8808
37.8464
27.1934
17.9655
15.2488
32.811
16.9445
15.7889
15.3804
15.4535
15.1385
16.2845
22.938
18.2508
16.1419
15.6799
15.5606
15.9178
39.5304
29.4426
24.8983
16.8705
17.2939
16.8113
16.805
17.4146
16.7222
23.6646
34.1523
17.2889
23.6246
18.0281
17.0642
18.4106
32.8899
18.6312
16.4877
16.1582
16.6654
22.1849
16.1225
17.304
17.4158
18.7603
17.2799
16.5436
16.7261
16.2905
34.2205
16.0118
32.8097
23.2967
15.688
30.8027
16.608
16.6204
16.6417
19.556
22.8625
17.2486
16.5295
17.5812
29.3315
35.0592
18.0796
18.9828
17.5688
16.1709
18.178
25.1811
16.1299
37.3787
22.1117
17.599
16.8169
16.9194
18.4742
15.662
15.4778
17.951
16.0751
18.1642
17.119
15.0517
16.5881
29.2682
29.8247
15.58
15.312
15.5221
31.1577
15.6192
19.7736
15.0086
29.0943
16.7421
31.7264
23.8595
18.8084
17.844
15.5518
25.1178
16.5373
17.2708
16.4664
15.9787
15.5301
15.4997
27.2265
16.0732
16.2676
16.8836
24.6424
15.4121
21.409
15.8578
38.2187
25.0651
26.09
18.0132
17.4893
17.5142
22.1524
16.9524
15.3791
25.5505
16.3591
15.9701
18.3802
26.3081
16.2064
16.2043
16.3492
17.382
35.0629
17.0978
15.9653
35.4329
22.1933
15.8501
17.7665
15.7598
16.0774
25.9496
15.8186
15.0581
16.6278
31.3258
15.491
33.3006
16.8918
15.8145
33.1506
32.5903
17.2284
16.414
15.7253
15.8044
14.8167
16.4994
15.4082
20.3889
18.7017
19.456
16.4252
23.4522
16.2414
20.768
16.395
17.9213
17.1444
19.7578
16.8748
16.3126
16.7485
17.3859
17.0855
19.3755
17.2117
17.2432
20.0997
17.1157
18.14
38.0226
17.8401
17.7501
16.5642
16.3013
26.7552
16.7707
20.6021
16.9346
18.0021
32.8221
26.436
26.9391
16.7554
40.8054
19.3814
17.5683
21.8104
27.8145
16.9518
30.4711
34.3209
31.8355
19.5415
16.6205
26.2293
16.6511
33.9349
18.6552
16.9558
24.7577
28.1963
17.6351
33.6623
17.183
15.7455
18.5986
17.5644
27.2138
16.9016
15.9051
15.429
15.2186
15.9465
16.8715
16.4305
15.9279
31.1437
35.4638
16.7931
16.0088
15.9601
16.9681
16.2185
27.2552
15.2661
16.1867
30.2216
16.0042
16.7879
16.8586
15.4662
16.7032
16.1779
23.6711
34.3845
22.6635
16.1486
38.6519
17.9126
38.2909
17.4615
17.8577
17.9524
31.5372
16.7205
16.1775
15.9253
15.9501
16.2919
16.4837
16.1697
27.5209
26.5887
17.218
16.6474
16.5908
16.9981
27.123
16.3311
15.625
16.0496
15.4353
15.7398
20.2138
17.2644
35.2217
17.3911
15.5817
15.7049
16.1325
35.8691
16.9547
18.5678
16.0401
22.6581
16.3802
16.9111
18.7597
16.7452
19.1754
34.5626
17.3355
28.7928
18.0291
16.0444
25.1991
24.1521
15.6503
35.0016
16.4095
15.4955
16.6238
16.1777
16.3616
32.9623
24.4004
20.5404
16.583
16.8138
19.1005
16.0105
19.0574
17.5996
15.8626
21.0424
19.53
28.6234
24.2946
15.7421
30.5722
35.3639
16.5344
18.6262
16.7917
17.7053
15.6039
18.7894
33.2281
17.5538
23.4882
16.3344
16.038
17.1985
39.9864
30.1517
17.5898
17.0065
24.7518
15.9973
15.4393
16.3539
15.5065
17.3911
16.3001
28.8439
16.9036
31.3436
16.0351
16.127
16.9391
16.0728
15.8602
16.7062
19.8971
16.5905
19.7462
15.6139
35.7663
17.478
17.1586
21.8306
15.9823
17.1131
17.1193
15.7859
15.8125
16.1551
18.9964
15.8897
16.3082
16.7508
24.541
18.1087
26.7072
15.6741
37.1013
21.0737
15.8591
16.037
36.1633
30.5146
18.3309
16.1975
16.0187
17.5826
16.9944
16.2855
15.9655
33.2145
32.6122
17.386
23.0624
18.5175
15.3743
24.4084
33.2106
16.6529
15.579
17.6313
16.1984
15.6858
24.7774
17.1612
25.336
16.1164
16.3462
16.6302
16.8782
15.4799
15.6605
21.8067
16.3014
15.8664
16.5829
15.5627
16.1275
17.2029
16.1777
16.2952
31.6853
28.9664
32.5805
16.6152
22.4288
22.3192
34.3318
20.0086
16.2869
15.6233
16.2977
16.4412
38.3043
19.9947
15.5971
15.4558
16.1812
31.825
16.9133
22.9498
24.5994
16.4611
16.6022
16.9427
17.5792
35.3492
35.1278
18.2744
16.1143
17.1923
16.6378
16.5055
22.5261
16.1779
29.0815
15.8825
15.2663
35.6057
32.5579
16.2775
35.7285
17.4174
17.5215
16.379
16.5849
17.015
15.9962
16.2103
15.8999
15.7896
31.076
15.8628
18.0983
33.5483
16.9802
16.2604
16.4717
16.8528
17.5788
15.5078
16.0017
32.1553
15.8236
15.6343
15.7627
17.1828
16.1256
15.887
16.0386
15.9942
16.0882
19.8844
18.3758
17.8626
15.7502
18.215
22.024
39.025
18.7404
16.1237
16.5182
15.8066
17.6637
17.3226
15.6377
16.7197
25.9278
15.8871
18.3722
24.9453
18.3347
16.7663
24.6071
17.039
16.809
15.8914
16.1961
15.5969
18.5417
17.4104
16.0587
16.2486
17.4322
16.7767
15.915
15.4615
16.2803
30.999
15.9838
16.3679
17.9276
15.7118
32.2504
16.9968
16.1692
15.798
16.8595
36.2958
16.4457
16.0698
16.5379
15.909
25.8427
15.6798
18.6268
15.3068
15.4129
15.5518
16.2902
16.2929
16.5654
15.5003
33.6996
17.1091
22.1577
19.0633
19.0097
18.2732
17.5578
24.73
15.8595
16.6747
15.4265
17.2713
26.3969
16.8733
16.5392
15.6914
16.5493
16.3239
17.4788
16.2543
17.6446
16.8218
17.2699
31.1994
16.3951
16.5939
16.334
16.2866
16.6744
19.3157
15.6921
14.8417
26.0879
33.0599
16.9985
39.962
31.1169
25.8108
15.9944
15.9668
15.7624
18.416
16.3176
32.7752
16.7497
17.9497
15.5791
28.3236
23.5084
24.8803
17.1331
15.452
16.3631
15.7898
15.8476
20.669
18.4225
15.6866
15.9616
15.4852
15.8558
16.231
15.7144
22.5097
16.1157
15.2517
16.3893
32.5024
16.6791
15.5038
15.8052
15.9047
15.6027
16.7048
16.2713
15.9493
16.0969
17.7976
16.4641
16.0743
16.645
15.5242
16.4721
15.658
35.2694
31.8692
16.7436
15.5498
16.3108
15.2391
15.3256
15.179
16.3815
15.6916
15.5498
16.1305
15.1969
23.2378
30.94
16.8872
25.085
15.323
32.1366
16.8958
15.6621
15.5883
16.5582
17.7441
35.7484
19.1831
16.803
15.5407
42.356
35.1445
19.4029
16.0301
15.8829
16.3198
15.785
16.7213
14.9764
30.6803
15.8891
15.4461
16.4218
16.9739
25.4594
20.7914
15.3114
15.2673
15.3096
15.0806
15.7455
32.0191
22.1313
40.8613
22.9931
20.9007
15.9862
20.6194
16.7799
15.8624
15.8316
16.008
15.8384
34.0274
17.0821
20.6197
17.4092
15.8487
16.1276
16.6001
16.1158
17.0402
18.1172
19.4278
15.2683
15.432
15.2911
14.5934
15.2526
16.286
16.2526
15.1407
15.0926
36.8081
33.7673
31.1592
16.734
25.5539
16.6746
15.6513
16.3057
15.0156
14.8129
15.8285
16.3831
15.4682
18.3517
15.7049
17.9876
16.3483
37.4544
18.8792
18.9274
15.2866
16.1919
20.2326
15.0731
16.0686
17.399
15.5591
20.0827
15.5285
15.4965
15.5445
15.7037
15.7033
15.152
15.4761
15.8404
15.7485
16.1796
15.0992
15.8558
16.2308
15.9603
41.0073
38.0471
17.9934
16.9566
24.7007
15.6197
18.7802
15.2293
15.6284
22.8121
16.2294
15.9025
16.2514
16.2469
16.051
15.4119
15.3101
15.7685
18.0761
16.0181
15.7056
15.7574
37.3506
18.0982
15.005
16.2167
19.3129
15.7198
17.3083
14.7991
15.8687
15.3992
23.3365
23.9065
21.402
26.5564
17.6747
22.0214
33.431
16.826
16.4974
33.7501
30.7072
41.8255
38.8245
21.7435
15.8589
16.1043
16.7259
15.6314
16.4784
32.5643
17.7615
33.7562
17.9054
15.8353
15.3429
15.9067
26.9542
17.276
16.4528
16.7932
15.5171
16.3134
16.0701
17.5656
16.1732
17.2505
16.121
35.2043
17.4493
34.4512
17.5262
16.4439
26.1686
21.8066
33.4105
32.9787
16.859
15.4833
16.174
16.4574
27.0889
35.4184
17.0133
15.7821
16.4824
31.5402
17.0678
16.0543
32.8733
16.8086
35.9115
16.3033
33.4012
30.6664
33.2574
17.3723
27.2623
35.6648
27.9332
17.0878
16.571
16.6789
16.1472
15.8127
16.428
15.4124
16.8476
15.4732
18.6699
16.5749
16.091
16.4419
16.7105
22.627
16.1224
31.5587
16.2198
20.8225
18.4181
27.3298
16.3911
16.7127
31.3735
16.434
17.8662
26.2053
26.823
18.2541
16.135
17.5083
33.6369
19.6012
17.5127
16.7683
20.6287
15.836
16.6058
17.7936
15.6969
15.7012
18.7626
23.9518
19.4113
16.8498
17.9523
16.1057
15.5084
15.7902
17.862
16.1462
15.8332
15.6616
15.7431
15.895
16.2443
17.2098
21.6538
15.6106
16.5647
17.3164
17.4906
15.6859
17.4847
16.5626
16.1488
17.3097
15.6128
15.5882
23.8587
21.8538
15.7807
15.5142
34.6984
17.0363
31.8821
18.7253
35.6628
15.2833
15.9624
33.9874
17.5291
25.91
20.3911
16.9577
32.7977
16.162
15.9986
16.9189
16.7485
16.5545
16.628
16.1261
16.6079
16.5535
16.1822
16.1077
15.7078
34.2799
32.0228
18.7833
33.4487
32.4796
16.9681
15.8616
16.2612
16.7403
16.1418
16.7758
15.5696
16.0233
18.1067
36.1479
33.5224
36.2771
17.334
16.3349
16.6385
17.9322
15.9152
27.6718
22.4285
26.4818
17.3515
16.4826
31.879
32.6343
22.1851
28.8064
17.8351
38.6961
16.2041
26.0424
15.7883
16.6537
16.5471
16.3004
17.0716
17.7355
16.6164
15.7184
16.5326
41.3779
18.7921
16.8566
18.0876
15.7599
16.3463
17.32
16.0044
17.9061
36.568
30.0482
16.4115
16.0305
16.34
15.8857
16.1266
16.0185
16.4752
16.549
15.8032
16.1633
16.0057
17.3895
16.158
16.7252
30.1792
15.9236
31.0035
16.0545
16.5733
16.6488
19.1196
16.2262
18.6649
16.3132
17.8226
16.9028
16.4605
18.468
41.164
17.905
15.5467
17.0435
16.8689
15.8557
35.7058
29.4921
32.3459
18.0033
32.2594
16.9355
16.7755
16.7979
16.922
16.1621
29.576
33.2573
38.0935
18.0218
30.8761
16.7575
16.5088
15.8926
16.8186
16.1301
23.2692
16.9193
38.0387
18.0374
15.5208
17.0498
15.4692
26.2921
16.3714
16.1793
17.8663
17.452
15.7859
17.0135
23.6652
20.5423
15.8686
15.777
23.5708
16.4946
17.2563
15.4783
15.9707
15.893
15.5613
17.1138
16.3517
15.9174
18.6175
22.396
16.6079
16.0444
21.1318
15.2204
33.5363
19.8426
31.1954
16.48
16.9797
16.1311
18.0988
16.3976
15.9627
15.9179
15.9358
39.2544
20.7508
16.3178
15.4443
15.6782
35.9991
29.3911
17.3865
16.3652
15.7948
32.5333
18.096
29.836
47.3591
31.5642
15.9147
16.1372
15.2921
16.3711
17.5828
14.9972
38.9333
21.7771
16.0719
26.4096
16.8616
15.672
16.1928
16.3801
15.8261
18.1596
16.6066
21.5166
15.2691
15.9699
17.4067
15.6381
31.0262
17.9463
16.2135
16.7732
16.0721
17.2561
17.0136
15.9212
24.7993
38.8365
20.1405
15.9761
19.593
15.9029
30.2821
15.9464
27.6251
20.7724
32.7044
26.3792
14.7245
18.4096
20.9741
14.7891
16.0474
15.1003
24.6906
15.2834
15.1116
17.5723
22.8473
15.1753
20.2329
18.4837
16.0225
15.9794
24.2434
21.952
27.0873
16.587
16.8161
16.051
15.8704
16.4164
15.4066
17.4901
17.499
25.8157
16.2449
16.1878
19.2435
21.4062
15.4557
16.2803
16.6314
16.0364
15.8019
41.1282
23.6067
39.7534
19.5675
16.756
15.4175
16.7223
16.1428
18.085
16.3672
16.1352
21.2677
19.6873
17.2396
17.6766
17.3493
17.1211
17.7345
32.0996
39.5125
32.6333
17.6807
16.9458
40.5798
23.2341
17.7021
18.5313
45.4331
23.4354
17.7311
18.292
17.523
18.193
16.3307
24.879
17.5911
17.857
17.5736
17.636
17.7007
17.2259
22.0296
32.0132
28.3024
16.0937
21.4893
27.0014
16.6856
18.2578
17.8249
17.3207
31.6823
17.6468
33.3813
16.7781
17.6084
32.5257
17.5396
17.3026
17.8706
17.6164
17.1848
18.2618
18.306
17.1075
17.8875
25.8958
17.4973
16.871
17.3854
20.8378
16.768
17.8144
16.9852
33.4502
17.3886
29.6915
24.8435
18.2129
17.7086
29.9927
27.3412
18.2334
38.5249
18.7701
19.3045
17.4921
16.4589
16.5602
35.5265
18.2886
17.6109
19.2438
29.1239
20.3876
17.6598
17.9688
36.3019
24.3079
16.7641
17.5534
18.0004
17.3526
18.5221
17.6861
18.6431
17.8586
18.0051
15.8256
16.987
17.9866
15.9395
34.385
21.1723
18.5646
17.4546
17.2408
17.4062
26.6165
16.6321
33.4192
17.7059
23.5782
14.9496
15.0656
26.3548
15.0443
14.8025
15.5929
14.5757
16.3081
16.1456
15.6601
18.163
15.6904
15.9726
15.063
17.6533
15.0349
17.5689
19.4924
16.1717
16.1236
17.3881
16.5482
16.1344
16.3494
20.1415
17.3859
16.814
19.2705
16.2501
16.2772
15.4902
16.0266
24.8896
15.1015
30.8569
23.1648
15.7134
25.0971
14.9459
16.218
15.2392
22.9207
20.8967
15.504
16.5002
15.1172
14.9018
14.941
26.4642
15.6426
16.28
16.9705
16.1561
16.7516
15.9303
15.5872
16.4603
16.2102
18.1348
17.4192
31.8843
30.259
16.8996
16.5956
36.0536
27.3047
17.3428
32.3249
16.969
17.8249
22.9377
18.3756
16.7528
16.6584
36.1912
19.0646
18.243
24.3836
17.2668
17.9198
18.0728
19.3327
17.7761
20.0407
18.1571
18.9624
17.5938
18.1621
18.0567
17.0581
19.1635
20.4741
17.9274
18.2693
18.0858
18.4508
18.0253
22.5513
21.6009
30.7134
20.0003
18.8873
18.4541
19.0929
34.4132
35.0223
19.7429
28.2499
24.8902
20.3039
35.4219
20.1831
36.1709
20.5752
18.4949
18.9578
18.7629
18.7109
34.2298
26.7434
19.4328
20.0833
39.1182
33.3574
20.0326
48.756
21.1466
19.7923
20.1294
19.3852
19.6894
19.0606
19.6957
20.3791
19.2451
19.0697
28.8897
19.0585
19.4749
27.9802
24.9145
18.9965
19.9626
20.0966
19.9085
19.9189
25.3947
20.0075
20.8789
20.9836
29.4222
24.8951
20.4234
19.6385
19.8374
20.2171
19.4378
20.6241
26.0826
21.2345
20.9682
19.803
19.3751
21.1873
39.0557
24.0156
20.5097
19.8981
19.6665
21.0441
21.3004
19.299
20.9596
19.6856
19.4475
21.6966
18.8525
20.0443
19.5048
22.9543
20.9099
19.3987
19.2943
29.1517
19.1715
19.428
21.0112
19.6903
19.3897
19.586
19.904
19.0822
19.294
24.5886
19.6007
20.4696
20.0176
34.2958
19.1914
19.7253
20.1361
19.1519
21.4852
21.1275
35.749
19.0035
18.3922
19.0924
19.0417
19.9335
19.3707
18.6456
30.0221
20.5971
26.474
19.0238
22.0817
20.434
22.629
23.7242
19.6234
18.2367
27.9194
18.6754
31.8152
31.3738
45.8662
21.5019
19.0603
19.0471
39.6635
21.7746
19.4711
29.6091
19.2127
19.7255
30.2456
18.5592
19.0971
17.7551
18.3674
17.8459
24.6681
38.1583
18.2047
17.1695
33.1829
28.8196
18.1172
17.2701
17.5208
17.9814
17.0235
33.3117
17.1707
16.7434
18.4078
16.7028
19.3516
18.1635
17.2934
21.7106
18.6459
17.1451
26.5312
38.6469
18.4291
17.376
18.7074
17.1028
18.5225
18.7231
16.7329
16.9809
16.4524
17.4811
16.5678
19.3631
22.1007
17.565
28.4058
17.9364
17.4474
18.3413
26.5105
44.9978
25.3785
17.374
16.886
17.2177
16.4064
16.8773
25.7332
26.4572
22.6343
17.9056
15.1025
42.637
30.6175
17.3123
23.7657
24.536
16.1836
18.6303
14.9068
20.1684
14.7794
30.6462
16.489
17.1016
24.6783
19.2019
18.07
16.7539
16.6612
34.9761
16.7727
19.7282
16.594
17.1647
16.7404
17.1496
17.9549
16.8213
22.4679
17.8478
21.42
48.2522
27.6635
18.8871
17.6922
22.3288
16.0991
19.438
15.1911
24.35
22.9211
16.0086
16.3516
32.7758
18.8974
38.9146
23.0366
22.0108
15.9352
15.2865
27.94
15.8323
16.8611
33.4974
17.5239
18.9262
16.0254
16.2602
17.989
24.7135
16.7151
18.5377
16.7859
32.7235
30.0795
16.7
17.4372
21.6101
15.9557
15.5032
32.9736
16.8358
32.1771
17.6101
18.0983
18.3634
17.4026
16.3835
19.4718
17.9888
17.4136
18.605
29.3424
16.5401
19.4692
33.9758
17.8362
26.5164
29.6412
19.1307
18.0384
19.2244
19.5415
17.4716
17.7227
17.5647
18.658
17.6747
18.3608
17.5392
18.2134
38.3517
18.6178
20.4151
35.9093
32.0325
19.6257
18.0989
18.4722
18.2281
17.91
44.6081
36.853
18.915
35.2326
19.3865
19.6545
18.3602
19.3859
20.5924
32.8647
19.8534
19.7125
28.6018
18.8486
24.7329
19.9341
21.6717
18.7627
30.335
35.2497
31.7681
19.8947
43.4711
20.6962
19.6926
21.3918
43.6974
31.7677
20.5139
19.6412
20.0806
21.6462
19.3399
19.2245
20.6186
38.0437
27.9242
24.7187
24.2097
19.5142
27.1883
20.5972
27.5422
20.6483
19.9746
31.4951
21.0336
20.8191
19.8236
20.0541
23.6225
20.1405
21.8901
20.0604
20.1139
19.9746
20.3716
30.505
35.8241
41.7325
27.856
28.7821
20.0057
22.8302
20.3191
26.2212
20.2812
21.2514
20.3321
21.3061
22.1893
20.568
21.4226
20.1648
20.7
20.3437
39.5343
19.8651
20.1527
25.7961
27.4047
22.6721
19.6366
35.7174
20.2616
23.6025
18.7943
31.0699
20.0455
35.0725
25.9257
19.396
23.1087
21.8705
36.5842
20.0038
25.1362
20.8458
20.5623
20.8866
21.0953
19.3506
19.0624
19.2683
17.9511
19.6344
18.9054
38.0892
26.5223
19.2225
19.3875
18.5989
18.2435
18.8029
20.5015
19.0624
19.7517
25.9007
28.8444
23.2312
19.9994
20.4944
37.0011
22.3629
25.0998
22.6555
20.0134
19.1825
19.8055
19.2109
18.2961
29.4965
19.772
23.6166
18.7686
19.0322
34.9749
18.5469
20.4528
18.2142
19.3015
28.0163
28.8279
19.7591
19.7558
17.3134
17.9592
17.7432
18.1139
17.7398
24.1771
17.1672
21.8259
20.3317
18.3805
17.7221
17.2076
22.261
17.8862
34.0568
17.419
16.6767
17.8214
17.735
18.1724
18.2866
33.0253
18.0021
39.0103
21.0149
21.8596
18.293
18.6827
18.5329
18.7723
17.4033
17.8271
41.0531
25.0355
18.1713
20.1219
19.2655
20.823
19.1349
20.8367
22.231
25.7809
19.5246
33.7116
18.4312
29.4763
19.3711
18.4613
18.9699
18.6367
18.3492
18.0057
18.0123
30.81
33.7026
17.1468
16.8274
16.7805
19.8716
17.2493
16.3528
17.4414
18.4474
34.1171
17.9783
27.1673
17.499
17.2457
17.0856
16.8408
16.3269
16.8043
32.4008
17.4688
16.192
17.4945
17.2044
15.1788
16.5954
30.8657
17.5844
17.817
16.3426
18.3611
16.0104
20.2365
17.8413
16.1608
31.4242
23.4936
17.3515
16.7791
16.3585
17.1404
18.3691
16.5353
16.0529
16.123
17.3248
16.2525
15.8212
16.1885
15.8642
24.7602
28.088
25.4409
15.9817
15.8382
16.2632
15.3594
16.5451
16.5073
15.5743
16.5953
23.288
15.4115
19.7608
15.5213
15.7184
15.7195
16.0327
16.0494
16.0794
39.451
18.2984
18.0582
15.8476
32.8445
21.8188
15.6867
17.1264
16.9473
17.0506
17.5275
18.0635
18.9944
16.69
17.7325
17.3442
16.8675
30.166
30.2089
18.4979
18.675
17.9464
17.8597
26.6576
31.4817
17.9655
20.7193
17.8388
34.9106
17.7905
17.176
17.1924
17.8333
18.0815
33.3633
27.3138
18.7297
34.8018
39.7843
18.1652
18.438
18.7968
24.1306
21.0006
18.5301
23.4102
23.5748
18.6365
24.5217
25.968
19.6521
18.8538
18.9541
19.2901
28.0535
19.064
19.7529
19.1856
19.7888
26.3576
18.3671
19.9107
19.2935
19.59
21.2359
18.8091
34.7498
20.8531
18.953
34.5848
18.9831
20.9172
26.0425
19.0999
21.1401
38.0162
20.2166
19.4986
19.4688
19.9716
19.9112
37.8429
25.6631
19.9882
19.3911
19.2198
35.043
18.4778
18.8431
19.7851
21.0502
28.893
19.6984
19.8523
24.3681
25.9433
21.0327
20.1802
36.8914
21.4102
20.4666
19.5711
20.0186
19.3639
19.2594
20.0559
19.608
21.0632
19.2645
20.1143
19.4474
20.3379
20.1014
20.9475
25.6626
20.5137
19.4969
19.711
23.3932
19.921
36.0938
20.3545
19.043
39.0476
29.182
19.2415
19.9288
20.2566
21.0255
19.4103
19.878
19.5527
19.4298
20.2812
20.7985
21.4808
20.7337
19.2717
19.8516
36.3077
19.6809
19.4029
52.1003
22.1238
18.9587
42.5354
19.2063
30.0116
20.1464
33.2183
19.5599
20.5428
19.5594
19.3027
19.5484
20.0994
19.5738
20.9174
19.9357
35.8254
19.3425
27.7944
37.5822
19.6487
32.3086
25.1265
44.4806
19.0509
20.8851
20.0149
18.5764
19.0422
30.1714
29.793
20.2783
18.8847
20.1738
17.7874
20.0969
20.7347
19.628
20.0966
19.4949
19.1985
19.0783
19.1819
20.1109
19.8764
19.2558
19.3379
19.5551
26.3087
20.142
22.0978
31.1397
23.6043
19.6926
18.2108
21.5458
25.4163
17.3455
20.2441
18.095
17.4216
17.711
29.9864
18.2129
16.8325
19.1412
21.0806
17.6991
18.3581
18.4158
18.3265
37.7445
19.2989
25.6803
19.895
17.8596
17.6473
17.8067
18.3366
46.5079
33.2825
17.9959
19.205
19.7318
18.8006
18.2882
18.8865
17.9294
19.7819
18.2258
17.264
18.2357
18.4276
21.1693
19.8676
16.8436
40.6038
20.3196
16.4275
16.0838
38.0271
18.5036
17.1223
17.6789
16.0253
16.5611
16.0588
19.0156
24.6956
17.306
15.9333
15.7495
16.7188
17.7261
26.0889
18.2998
17.4255
16.9066
17.7636
18.3261
17.6681
19.64
31.3389
17.4063
21.922
17.5576
33.009
25.5624
18.3919
19.92
16.8862
24.4139
16.806
18.1325
17.0646
16.8553
20.775
16.7977
40.7363
30.8234
17.0426
16.5207
17.1729
36.4427
19.4557
35.9679
17.6689
34.6679
16.2114
28.3724
17.043
16.8784
36.3803
33.7227
18.4476
17.1504
39.3999
24.6631
18.2784
19.1266
18.0061
19.3525
18.0903
17.9148
20.7574
17.5922
31.2972
17.8076
17.759
16.4436
18.7321
17.0605
19.4086
17.8116
17.822
18.005
18.1891
17.3566
17.1407
16.9066
17.5464
17.5834
17.6352
17.2988
34.6471
48.601
25.0785
34.7169
25.699
18.239
17.0745
18.0673
17.4017
19.0991
18.7516
16.9543
17.4815
19.58
19.0748
24.7645
34.5784
28.2978
42.0253
19.302
17.8709
17.9538
18.2439
17.5775
16.8125
38.3454
33.4569
19.4906
18.0824
18.8637
19.2793
18.18
18.4284
17.0883
18.1357
46.7219
23.5292
19.1671
18.7307
17.4033
18.6015
18.7371
34.569
33.6403
21.1433
18.9334
36.0391
22.5753
18.7258
18.6482
19.3485
19.169
19.2565
28.5748
19.679
22.0147
18.5823
19.2435
19.1155
19.3739
18.834
18.7919
19.5221
19.7492
18.5214
19.8813
19.7986
19.598
40.8789
19.7928
47.0974
31.817
20.0152
35.7753
19.4207
20.6078
19.5628
34.4062
41.8971
34.7395
20.6875
34.3765
19.7932
37.9007
22.0592
20.5794
21.1538
23.9219
36.9746
25.7797
24.5402
19.8595
20.8802
34.8982
37.8684
32.2452
21.8581
32.2704
22.2815
19.9508
40.9519
24.1303
21.0382
22.2209
29.3489
21.698
30.7082
34.3806
20.6924
23.2041
21.5789
20.6968
50.357
22.7754
20.2914
19.6809
20.7211
28.8335
20.1734
21.1944
21.4253
20.0542
41.7167
21.9165
21.5961
20.6887
20.4445
20.4587
20.5519
20.6916
20.412
19.3945
19.0144
20.7039
26.3732
32.9905
23.7098
19.5965
24.5257
18.7497
19.3622
21.1917
25.9687
24.5517
26.9802
41.0159
18.6062
19.3234
19.8595
36.3459
20.2656
20.8675
20.3202
19.9292
19.8045
18.8586
26.0944
23.3674
24.7354
20.2821
26.3734
19.713
19.6835
24.339
41.7185
36.6335
31.4454
20.2961
46.468
37.7043
20.0217
18.2404
19.0004
25.5924
22.8915
28.953
19.1734
17.5615
17.7732
18.0875
16.7544
17.9695
17.3654
17.1754
19.0913
17.0267
18.9094
17.5278
17.5591
17.4495
18.4327
18.0489
33.6929
17.8121
18.8621
19.2784
18.0796
25.1758
18.4445
46.6003
25.6536
18.4196
18.5785
18.7248
19.4367
18.4212
18.6239
22.0131
30.038
25.3294
19.3666
33.0107
20.7369
33.7132
22.8231
22.7396
18.8718
19.4765
18.6956
19.1132
18.5921
18.5898
19.0638
41.4353
19.5172
27.2142
35.8851
19.6437
19.1172
18.9648
24.7304
19.101
18.456
18.7548
18.4272
19.2437
18.2372
18.1501
20.8472
22.4922
18.8046
18.8484
24.5548
19.0671
35.1142
18.8376
38.6494
19.1597
32.7637
22.7326
16.6979
18.2685
18.5534
17.3461
35.8058
31.4914
18.1403
17.8919
18.4866
16.9949
33.991
17.1033
20.8803
24.6738
16.9158
35.3888
18.8679
31.9782
34.2493
18.4226
17.9611
30.0746
16.9173
33.2287
17.8317
16.5358
16.2618
26.2786
17.1619
32.1614
15.8935
17.7243
28.5556
15.1305
22.3473
16.4013
19.4907
19.242
15.7045
17.0869
20.6116
16.0236
24.2062
15.9803
43.1124
24.8135
19.6267
29.1303
18.8808
17.569
17.7783
16.5259
15.8464
35.7796
17.4297
16.9679
18.5028
18.2025
31.6838
28.5847
29.3961
18.6829
16.7838
26.3941
19.2669
17.7816
17.5578
18.2817
33.4339
25.8106
18.8443
19.0629
32.9551
24.1624
18.2202
18.8132
20.6603
24.8193
20.6641
18.101
38.1243
45.12
22.3236
22.8267
18.4786
19.0893
19.0301
26.3446
18.6466
19.7802
18.6204
25.2411
18.9428
18.5521
25.8755
20.1184
19.1042
19.7064
42.9145
18.2382
33.4351
18.6116
19.3282
20.2411
20.5208
18.6069
20.9483
19.9127
18.7011
20.3478
20.5857
18.7607
19.7692
18.9813
19.154
19.5741
18.7287
20.235
20.0531
18.817
19.498
21.0866
19.4364
21.2317
19.25
20.0785
19.7191
19.6387
19.5797
38.1796
30.7968
23.6082
19.6883
20.4611
18.7314
18.6747
39.8203
21.3001
19.4403
19.477
19.5243
30.4924
21.3812
19.8839
37.437
25.2682
20.2277
31.0531
19.5101
19.6231
19.9234
20.0952
19.373
23.238
24.5531
18.8091
36.2184
20.8776
19.3977
19.2758
19.6206
24.6518
19.7876
20.2922
20.1196
19.8972
19.9389
18.7649
22.7886
21.4709
20.616
31.8049
35.2577
36.4337
19.3074
20.2461
19.9488
20.315
23.0921
29.7256
20.0562
20.1445
19.9966
20.1103
45.0965
38.1727
19.8606
23.2071
20.4921
19.8094
19.9837
35.3344
20.8371
36.2409
20.935
22.132
21.8328
25.1884
20.3185
21.5641
20.0062
19.5884
20.2394
19.5682
19.3372
20.2427
18.9646
20.8383
19.513
44.6371
37.6673
19.701
21.2982
19.7416
21.4079
20.3183
19.8784
20.1984
19.9497
18.8833
20.2499
20.2613
22.1736
19.282
19.6641
29.006
20.0003
37.2494
20.7125
19.6948
19.3729
20.0429
19.3415
29.6699
19.6428
20.7347
29.249
36.6794
27.0173
19.3598
18.6887
20.1441
39.0646
20.8472
19.1305
19.6108
20.1007
18.7589
19.0518
18.7165
18.0476
18.9022
19.1773
18.4752
19.013
20.7256
19.9227
22.0285
18.4511
32.0548
18.8759
19.6208
19.0832
27.8885
19.6519
38.9594
21.2393
23.8487
19.1306
18.5164
18.131
19.1914
25.824
18.3357
18.829
39.9541
36.2136
18.2965
18.7008
18.2383
25.1867
21.8294
18.8705
18.3761
17.8855
28.7337
24.3615
17.8025
17.384
17.8044
35.384
17.98
22.3511
16.7468
39.0201
19.7018
19.2324
16.712
30.105
16.4093
16.1701
17.514
16.95
26.0601
15.6485
30.6795
16.9231
17.9716
17.1991
17.0682
16.6427
16.6088
17.674
33.5442
17.5684
17.8051
18.5222
18.3218
25.0579
18.0641
22.6908
17.7367
17.8062
34.1093
18.1422
19.5297
18.8222
17.3032
24.6746
19.0226
17.336
17.6772
17.138
17.2613
19.1509
17.9973
16.3508
17.3386
19.7884
18.1512
18.1219
17.3958
16.9248
27.2222
31.6172
21.9016
17.2027
31.1742
29.472
18.055
17.8115
18.6486
26.2361
17.3625
17.8831
21.3129
20.0684
26.845
16.2582
18.6152
19.5602
17.7587
17.6104
18.7557
18.2988
17.3236
27.5902
31.167
31.5459
21.1301
30.9334
17.1994
18.8702
19.0989
17.6321
18.25
17.3867
17.3709
17.8269
23.3257
20.1099
24.9254
17.9277
24.7461
19.7405
27.4913
16.7863
19.0797
17.3307
16.9852
18.1916
17.8451
18.3913
38.0712
17.7895
19.3314
17.9518
18.3046
19.0931
18.7792
17.7124
25.7067
17.3901
35.3197
17.5578
28.2643
19.3243
24.9148
23.9315
17.9276
19.0486
18.884
18.5647
20.137
18.112
30.3174
28.5326
19.6534
20.9436
21.7751
21.6727
19.3058
20.7735
19.6104
19.6578
20.0999
20.9275
18.9686
20.0385
20.2208
19.2745
21.3693
21.3066
21.3207
20.4253
19.7876
38.2458
34.9241
21.1784
19.3414
29.1916
19.9727
25.5145
20.9601
20.64
20.918
35.5658
21.6152
27.5382
20.4843
21.0876
21.0332
20.6482
20.6155
20.248
20.6066
21.2569
32.1284
30.804
40.013
20.5058
33.3369
21.6049
21.2121
21.0442
30.9664
21.7878
29.7705
20.4617
40.861
41.7683
34.9987
21.1716
21.4603
22.083
31.243
20.5718
25.3173
20.3839
20.3722
20.5101
38.1059
20.9208
20.0429
20.744
20.1539
35.61
21.5296
20.0796
31.535
25.0978
22.4597
19.3242
37.7542
19.6237
18.8459
19.7499
19.8678
21.826
19.7228
18.9236
21.0549
34.6216
25.4249
18.9666
20.3404
19.4374
19.7744
19.1581
19.6023
18.9765
21.3103
19.4219
20.0927
18.5486
19.9326
18.8559
34.8233
19.5203
27.0118
19.1778
19.3249
19.4476
27.0139
20.2598
20.2235
21.0567
19.9106
26.6772
19.7165
21.382
20.0603
21.046
37.9877
19.5472
20.3008
23.6224
24.7073
19.1189
19.5102
20.7336
19.3731
21.241
18.9345
18.0931
30.1555
19.4244
42.4303
43.1517
50.4418
24.4485
18.2301
18.7933
17.6912
17.0653
18.6114
17.596
17.3073
17.9506
16.7213
18.7606
17.2183
16.6823
20.9423
25.3886
17.6967
18.1836
18.1889
20.7518
28.8054
19.7657
18.0468
21.2679
17.339
18.1001
17.8566
20.2712
18.3935
18.2499
21.4486
29.0353
17.8828
21.7857
17.6153
18.0246
19.0367
19.1815
17.4724
17.4847
34.6446
18.3429
18.7911
32.6053
18.7028
19.4461
28.0932
33.5973
18.5816
34.5941
31.0482
18.4833
18.1224
19.6805
17.1514
16.9607
18.5416
17.8878
23.1576
22.0831
19.3074
16.7463
19.7523
17.565
17.2235
34.6123
17.3487
33.3147
17.718
22.4773
26.3533
17.723
17.561
18.5753
16.6229
17.3027
32.8789
18.8764
16.8196
19.8356
17.5053
30.5905
18.5467
17.6523
18.2256
35.1306
35.0284
17.3394
33.9873
17.2637
20.4342
38.7209
17.5392
19.6713
19.0169
18.8137
29.7101
18.5805
34.0785
18.5771
27.285
18.1673
25.2038
17.9839
23.6066
17.8271
20.3643
19.0579
17.8547
18.2783
18.0595
17.9724
19.6448
18.3819
18.7381
17.9104
19.8447
17.4987
17.7047
19.1388
17.3444
17.3591
18.409
18.2872
25.4652
18.6569
31.5641
33.7106
17.6425
38.1638
18.1178
21.5742
17.0017
17.7627
19.7951
18.09
17.8731
18.2757
17.753
18.567
18.6927
18.8053
18.4873
22.2185
18.1703
29.4457
23.2907
18.4935
19.9854
20.8755
18.8798
18.5077
19.9171
18.8795
19.0336
19.0652
30.5128
20.5201
19.7101
17.8281
18.1634
18.4371
18.5713
33.2458
52.3771
22.3589
20.1732
45.345
28.9807
20.2329
43.0526
28.8553
20.2029
23.2252
20.0226
34.5591
34.9008
20.139
36.0689
38.2352
20.8622
20.3225
21.209
19.9682
36.4043
20.4353
19.968
20.1459
19.445
19.9576
37.0433
20.7197
19.3491
28.2812
20.5313
19.294
21.314
20.9274
19.5109
22.7512
21.084
19.5095
19.8024
19.4217
19.1403
19.5545
38.8314
20.0359
40.1208
31.5003
21.0241
20.0719
19.2871
44.4492
20.1605
21.6227
21.1618
22.0682
19.933
19.2742
21.118
23.4499
19.7164
20.1111
20.2819
18.9606
19.4999
22.2635
37.1501
23.3474
21.0566
18.8356
19.9861
20.6032
44.8836
21.834
19.4989
41.028
30.2083
20.4888
32.1649
22.295
24.2013
27.3979
41.4265
19.9482
25.2702
20.2807
20.4454
20.3026
21.79
25.497
19.8452
44.5403
35.9098
21.2993
21.7663
20.1866
20.3832
21.8461
20.6626
20.8972
47.4327
20.8517
21.194
21.2062
19.6493
23.8084
23.7439
21.2566
23.8456
22.6697
23.6879
22.3472
19.5087
19.6085
30.4387
20.3381
19.9005
19.2723
19.7107
32.9903
19.8984
23.1468
20.2166
37.1134
19.6408
18.9351
22.8002
20.6461
20.0338
20.0279
19.4649
20.2222
44.7692
24.2716
19.8452
20.3948
20.0764
20.9145
38.4889
21.3515
21.8313
22.6394
21.1788
22.3591
21.557
21.0433
21.6881
23.9835
21.3949
21.2976
20.3623
21.7636
21.356
21.1625
20.6436
19.4678
19.7396
21.3937
20.6556
35.8117
20.5424
20.3613
20.7868
20.5138
20.1828
19.9136
28.0999
20.0002
24.7772
22.4104
19.2746
19.0488
32.5773
32.1818
24.1036
18.9866
19.1418
30.1466
19.0594
23.1033
18.3679
29.9422
18.8437
18.7862
19.5542
17.8135
43.0261
25.9197
20.6471
24.7217
30.2742
18.8978
17.407
21.1961
18.263
18.8469
36.83
24.7204
27.4318
28.8169
20.5964
27.144
17.3479
18.2287
18.4327
37.2054
27.6862
40.6567
19.1948
17.8273
15.8672
15.5047
16.0103
35.4785
15.9808
16.1713
16.9367
16.8454
16.7758
18.274
26.6471
17.1896
18.2194
16.6083
17.462
38.6589
18.2461
17.185
17.1445
16.9337
18.8332
17.8134
17.5712
17.8069
43.1516
20.8994
16.9456
17.3103
17.1959
17.7204
18.3752
34.9929
20.2879
27.2967
18.3989
33.3075
18.2442
17.0857
18.1425
34.0644
17.0474
17.0617
16.9561
18.6498
16.5644
17.159
34.0479
17.5102
20.8917
17.9459
16.4118
33.6501
17.1237
19.5374
17.2043
17.3727
39.943
18.7955
16.2482
34.9408
16.9967
20.3281
20.851
17.3027
18.1703
17.3315
17.341
19.7338
17.394
17.4331
17.8335
19.3349
17.9429
17.4173
27.0269
17.5816
18.038
25.2082
17.5891
17.8438
24.0155
17.4629
19.051
18.4681
19.2498
18.322
38.775
17.4251
26.6927
19.736
33.9646
18.416
19.9292
18.5104
18.9682
17.842
17.6537
18.7774
17.9754
19.0952
21.1822
27.244
18.5315
19.1469
19.156
35.8103
18.2741
38.466
36.7218
19.4747
18.1779
18.7304
18.7202
22.0884
26.8216
47.8008
21.9497
20.1935
21.1044
18.7341
20.5397
21.1204
20.1453
18.8117
20.3367
19.3938
19.6825
21.1353
19.2786
20.7063
21.427
28.6977
19.8611
25.7143
19.3963
36.8303
20.0653
34.3906
22.5344
19.9334
19.1112
37.3468
21.426
19.1137
20.2006
20.5761
19.0855
19.3693
29.0375
20.2001
19.3149
32.1932
19.4156
26.0149
19.9622
28.9806
19.4641
29.6031
28.1751
28.5242
20.1004
19.8015
20.7037
20.3936
21.2199
20.887
20.649
20.6425
22.7658
43.0461
39.3829
21.7653
36.648
39.4975
38.1269
20.8025
36.653
19.079
19.6847
26.5848
28.7425
20.9935
40.657
19.9558
19.7715
31.7802
19.6794
41.2504
20.0524
41.2579
20.5677
21.931
18.9416
21.4395
18.9042
20.6217
21.8337
21.1268
18.9686
20.0399
19.2759
18.4832
19.8323
36.3439
18.8824
20.1303
18.8645
18.5144
19.8469
17.9753
18.9971
18.7944
18.9659
18.7063
19.6775
18.0873
19.061
20.2372
18.592
33.3859
29.9711
18.5976
24.7322
20.5362
18.3161
18.9385
18.8843
18.6411
19.0797
21.9453
51.9248
31.9135
18.9747
20.6057
20.1042
19.5037
19.8046
19.2486
19.8285
20.2145
38.6345
20.3417
20.6935
19.9698
19.4925
19.1104
19.8726
18.8896
24.0382
18.7177
18.7984
17.8095
17.7547
19.4284
18.9903
18.6708
37.1586
19.166
33.3878
41.2712
29.802
19.4732
45.1399
29.74
18.2591
27.1891
28.5831
17.8274
41.3635
19.6235
19.4549
18.2707
19.3722
17.266
19.5523
36.6126
34.6846
19.5922
17.5568
18.4012
19.1331
19.452
29.4735
17.7616
18.4172
18.0687
19.5874
33.0943
36.8626
19.6993
18.0392
33.9303
31.5371
19.3215
17.7421
19.6419
19.1238
18.7058
19.2015
28.2195
18.398
24.828
18.85
19.4523
18.1084
31.5934
18.4685
24.0165
18.513
18.0558
21.7872
36.9524
32.7353
35.5919
18.4411
27.6118
17.4383
30.5171
29.6787
20.0073
20.1315
17.211
17.7596
17.4392
17.2078
19.9973
17.8191
27.9533
20.654
17.6241
17.6424
17.1954
18.5517
17.4995
35.5918
17.4163
37.8372
18.3076
17.1046
32.5757
30.1709
32.8644
37.9481
19.9069
20.1789
19.1784
17.7692
33.2083
36.4462
33.3059
18.1382
17.7217
28.8685
18.5725
26.4826
44.2949
18.3793
37.2231
29.0206
17.9413
17.3554
19.6216
34.261
19.1371
17.7167
17.8182
31.2918
19.1713
20.1716
18.6776
30.5
19.5242
32.4895
17.8639
18.76
17.7268
18.3516
17.3821
17.9016
24.9062
18.2546
18.7483
17.9612
19.0275
17.9708
16.9915
19.5703
17.9689
17.8698
17.1194
16.5509
24.44
17.2059
18.9064
17.7411
17.2361
36.4568
27.753
17.6893
18.6877
31.9978
18.3388
18.0787
19.5124
19.0699
19.2223
30.4244
20.0681
34.685
19.75
37.0426
36.7955
20.68
29.7001
20.4858
30.7174
21.3689
45.4653
31.2603
20.5336
19.8254
20.0204
25.9668
20.9163
20.6098
19.7794
20.6618
20.8511
20.7902
20.4742
20.984
20.1558
21.4406
20.8206
21.2308
20.6461
38.2328
22.2845
20.109
20.3424
21.1316
20.5231
20.1292
19.6428
22.1614
20.9893
21.6169
19.5778
20.4246
20.9138
20.5277
20.3062
19.3059
40.5288
25.2362
19.4262
20.7182
20.0557
25.3416
20.1656
20.1593
20.8477
20.5121
19.9779
21.744
19.569
21.7224
41.1795
39.8318
24.5883
39.8725
36.6297
20.6525
20.581
18.7799
19.9315
20.1374
21.1007
19.2054
19.8764
19.954
20.1823
37.1001
25.2028
18.8057
19.2822
35.9007
33.1855
39.5622
19.7926
19.5907
20.137
20.0072
19.4212
20.0752
19.3435
19.2744
19.5532
21.3018
32.2336
52.2339
33.3596
20.2459
20.9575
19.9452
19.456
20.09
19.4719
20.2793
20.7115
19.5962
20.8773
21.9499
28.139
21.4526
22.021
19.8031
21.6829
20.2264
20.3355
30.1195
18.5235
20.086
20.8277
20.9479
23.4508
20.751
20.1505
28.8646
20.3004
20.2897
20.1782
19.0681
19.4001
19.7208
36.0711
20.7059
40.4532
20.1238
20.373
19.9071
19.1311
41.7165
22.419
19.4043
22.3154
19.8645
21.0037
20.9174
25.5115
20.1521
24.1355
34.7788
33.4293
23.8419
20.688
24.0199
39.8849
35.2782
19.9721
19.8323
22.1112
20.4795
20.3937
22.3403
20.4045
22.2851
21.2879
20.3116
30.5778
23.7578
32.0195
21.6378
22.5223
27.3454
22.7345
25.4176
21.0978
33.8264
20.4499
21.4234
20.9523
19.3738
20.6582
19.9645
20.9998
18.4849
29.3008
18.7565
29.8031
19.8349
19.2283
21.6158
20.5671
18.629
21.3998
54.7036
30.2957
19.8606
19.5376
19.4209
36.3503
19.7232
20.2577
19.5905
21.7511
20.187
19.6691
39.396
19.2268
33.0623
32.5555
25.5817
18.5547
38.5239
19.8257
17.7197
35.1252
18.6365
19.0245
19.7965
33.6471
19.2963
17.6903
18.8031
16.6484
31.4881
16.62
43.7576
23.3867
33.672
17.3202
17.2311
17.7852
24.8504
17.3543
16.8499
16.8681
16.7124
17.2775
18.5017
17.7511
17.8026
39.4803
20.0917
24.2403
19.1791
32.0738
19.5876
29.9365
34.6169
18.3514
18.1046
17.5892
42.352
38.0201
20.2245
18.3827
17.9936
18.9327
20.3741
38.8316
21.6851
19.8527
23.4674
18.7449
17.683
18.054
17.8401
25.1222
16.6443
17.4806
17.4828
36.5521
23.7262
18.1633
16.8384
19.13
17.8634
17.1918
19.0898
18.1273
17.5816
19.7858
17.7799
17.156
17.9222
17.6
17.8408
18.3713
16.4028
25.8753
16.9834
39.9697
33.8934
17.7075
20.5599
17.8299
34.7684
19.2469
18.0707
21.321
17.7621
18.1954
18.3599
28.2679
18.6721
20.6179
17.8458
17.8643
18.8502
18.1709
18.4401
19.3615
31.4395
17.919
17.6739
17.8699
18.5306
18.2698
17.8271
17.295
19.2939
18.6662
17.6021
27.1125
33.0028
17.5346
33.7779
19.9819
34.6371
18.2347
37.6863
36.8593
19.2219
36.8319
18.1875
25.9421
17.6747
49.5214
26.3076
18.6745
44.6539
20.6595
20.8195
20.5081
20.4892
19.7942
18.5588
18.976
44.0023
22.9798
21.1867
18.8342
19.2103
35.5286
19.4338
19.5119
21.8384
19.5964
28.9441
19.3431
19.761
40.6685
37.8714
19.6083
20.4196
19.7978
19.6008
19.0039
19.4523
20.9152
18.6728
22.1979
19.4164
21.6886
20.0578
30.5682
19.7292
19.7606
18.9635
30.6113
20.9769
20.1269
19.6605
20.5323
19.5698
37.7056
20.0994
20.8548
20.2138
20.3952
19.3842
21.6945
20.1853
19.2396
39.351
21.7281
19.3522
20.4065
19.6223
20.3982
19.0685
21.4789
18.8939
43.5962
20.0228
37.5521
20.8452
20.6783
19.2358
19.8464
21.4233
19.6101
19.8216
19.094
22.7338
24.119
35.4441
20.2
27.3755
21.3713
18.322
19.1676
19.2656
19.6688
18.7358
18.8885
19.1521
18.1722
18.5455
31.352
20.3099
26.5366
19.0651
26.233
18.2248
36.338
19.5299
18.4215
17.7374
18.8312
19.7275
17.5535
17.535
28.3584
36.0262
43.4442
38.0186
18.2691
35.5715
19.2498
18.3655
18.7352
18.9717
18.7515
25.522
20.9451
21.6023
35.4937
20.4638
22.048
19.2219
19.9886
37.3066
40.0683
19.073
20.7222
42.2718
19.434
19.2349
22.5926
30.3284
18.7982
18.1878
19.2072
18.951
33.3308
18.1134
20.5639
18.9623
44.4094
21.9599
18.6618
20.784
19.6116
17.6057
19.1984
19.9431
18.536
33.1555
18.0277
18.3724
34.5505
18.2433
17.5576
18.8625
18.579
33.8697
18.3018
30.4594
19.067
18.8657
18.6804
19.2306
18.6846
17.4452
19.4728
28.8615
19.0857
17.8524
19.6726
18.84
17.6829
20.3031
18.4898
17.7588
17.4869
18.3146
18.7809
17.1561
20.2969
17.889
17.0164
32.8701
17.7299
19.1432
19.2643
16.5561
28.3494
16.9021
16.3746
19.1373
39.7132
21.2842
16.3137
15.7444
16.5427
15.9743
18.0729
15.3425
36.0846
17.9783
17.2215
16.132
17.0032
16.9759
16.7265
19.4494
15.9978
22.8035
16.4511
15.9842
39.2552
18.0893
15.6684
15.4114
15.6613
15.4685
16.3756
16.3475
15.745
15.9103
24.988
15.6477
34.1194
29.5653
15.7751
16.2606
26.877
16.4215
16.3819
16.9871
24.6904
15.9339
32.1452