32.2765
16.2539
15.5559
16.2999
15.0385
31.2655
16.775
16.1844
15.9945
17.3948
14.7012
16.7942
16.005
17.0508
16.1929
15.7936
20.5296
32.9317
15.5725
18.2799
29.3923
23.7017
20.0597
14.9526
14.867
15.0711
14.4985
14.8531
16.5573
26.9672
16.892
16.7435
15.911
17.3621
17.5582
16.5414
15.6782
15.5637
15.4386
15.1444
16.5325
14.5396
14.4152
14.8015
14.5058
14.4696
15.465
14.7967
22.976
17.5796
15.0603
17.0023
14.4998
14.6362
39.9544
21.7911
25.7356
15.5499
37.422
40.0599
25.2008
22.1532
16.1088
35.3943
31.8198
15.9938
17.6484
14.9052
29.2566
16.023
14.8954
15.9998
15.1686
21.692
16.2978
37.4031
30.801
14.8989
31.4865
16.8291
15.4975
14.9602
20.8053
19.6082
15.4282
16.1061
32.4244
15.352
14.3806
18.1276
15.7705
14.6131
16.0988
16.5456
15.4464
15.6132
16.2774
15.5327
16.5037
16.2314
26.2493
14.9907
14.7862
30.1456
19.1069
17.14
15.4347
15.3183
15.878
15.3091
15.1378
14.5187
16.043
15.0297
15.1769
15.2844
27.3136
36.011
17.3193
21.5933
26.4303
17.2984
14.9989
25.3085
16.0533
15.6511
20.3652
15.52
17.5284
30.2153
14.9932
14.6048
15.2764
15.9308
27.7006
16.3046
22.9345
14.3934
16.89
15.5821
15.8937
15.1381
14.9239
15.1569
23.0361
15.5448
25.2897
15.6305
15.1099
14.6954
16.3134
19.6572
15.1609
29.0653
14.9384
21.8951
15.2827
22.9243
15.0129
15.6136
14.8638
15.6078
15.3357
42.3219
18.8394
15.8798
23.6858
14.1199
31.4837
16.3944
17.1073
16.1152
14.7434
28.846
20.6582
23.7976
18.9446
14.6806
15.8846
15.5011
30.8618
17.0014
15.5035
31.5461
23.5619
16.0432
16.341
15.6065
21.6336
15.0476
14.9132
15.58
15.2314
16.0929
14.2601
38.5817
33.7162
16.4941
18.6944
15.504
15.9935
31.6261
19.6659
15.7368
16.3985
19.0242
16.1231
15.9756
21.1226
15.8177
19.0496
25.5119
16.7224
15.7366
17.0163
21.7592
15.0529
17.3611
14.8491
16.3394
16.0808
16.558
15.3841
15.7588
16.4492
16.4435
21.8554
15.4091
27.2936
16.2166
15.0442
16.3813
15.8157
15.6423
17.1962
16.0482
16.2974
15.426
17.0238
15.7858
16.7341
15.1445
17.9422
30.8814
25.4892
17.1571
15.3907
19.9878
14.8985
15.7031
15.4697
20.4494
15.4784
26.1028
15.6392
31.1665
16.0715
27.6
18.432
15.7686
16.1845
31.426
21.0317
15.1237
19.6491
15.1999
25.7748
15.2323
16.7231
17.8186
15.7498
15.0159
16.2076
26.2008
15.9877
15.8387
23.9266
19.242
29.9617
16.6105
23.226
15.9828
17.6696
34.619
21.4437
24.1317
16.7276
14.7056
19.2385
15.8258
14.5947
14.9495
15.5611
15.882
15.8774
30.6453
15.6046
16.489
17.3085
15.38
18.6532
16.1006
16.5805
15.7793
15.6406
15.4124
16.8629
15.9686
15.2642
15.6268
16.198
37.3949
17.4475
36.5189
19.1681
27.4101
15.2661
15.7669
28.7894
16.9791
15.7727
15.4448
24.8945
29.852
15.3989
27.7198
22.8912
15.9474
20.5197
16.2263
16.3166
15.3303
16.0405
17.5564
18.788
15.3923
34.5267
17.0244
15.0911
16.3076
18.2282
15.6126
15.6879
37.0207
16.3713
17.167
14.7422
15.1883
37.7198
18.8405
20.3255
15.7857
16.8206
28.3449
17.1942
17.7758
17.2404
16.3062
16.7175
20.6707
24.912
25.6391
16.1459
17.3306
16.8402
15.9364
23.2778
31.657
16.4878
18.2487
16.0871
21.7404
31.9195
16.3051
29.4757
32.3725
15.6558
17.5099
15.5737
15.6162
15.7913
15.5226
15.3881
14.6618
20.1054
15.3311
14.9102
15.3911
23.857
16.8032
15.5078
28.9581
23.3874
35.0606
33.4174
21.8515
16.3835
15.5944
16.2322
17.0237
14.7198
15.2154
30.6068
15.1416
17.6459
16.9921
29.277
15.6079
24.1742
15.2845
21.0336
14.227
19.6481
30.1672
23.3129
14.4887
16.3922
29.7094
16.2159
31.2204
15.5494
16.4509
19.2858
14.4471
14.7946
14.8389
19.3095
15.9033
15.1245
15.6262
33.553
30.1047
16.149
31.157
22.0311
15.2339
15.7755
15.5821
16.2772
14.7865
15.1465
16.0886
34.5406
21.3692
29.1321
15.1691
20.589
15.8605
15.832
15.1124
15.6057
30.0535
16.9858
17.2006
16.6912
31.1537
16.2609
20.0304
14.9652
18.4456
15.4504
15.6821
16.022
17.2683
16.9654
15.5915
15.6178
15.6193
15.3976
25.0115
16.6592
16.1681
23.7659
14.7069
15.0861
15.7379
15.0715
18.1859
14.8825
16.2227
17.0525
15.8907
15.5705
16.1082
15.2958
16.2954
15.7187
17.4974
15.0766
15.9381
15.9893
15.7768
32.9316
26.1117
16.0261
17.5608
16.3539
20.2565
16.8345
15.5654
15.5519
14.5337
17.7452
30.3842
24.3165
19.6266
16.0195
17.507
15.7651
18.0657
19.5036
14.9404
22.712
14.9269
18.913
15.7885
25.0471
15.4012
17.8956
15.8512
17.577
15.7199
18.4259
16.7264
18.5368
16.6217
21.0911
18.1591
24.5789
16.383
15.7615
16.1951
15.7537
16.0084
16.0171
15.3539
31.7334
20.305
15.2557
16.129
14.9668
16.7807
15.3
14.7422
16.9595
15.2378
24.3918
14.9664
15.175
15.8141
15.8552
17.0049
16.612
15.4982
16.1693
16.3556
15.9965
16.0494
15.642
16.3269
16.6727
15.4296
18.5214
23.1289
17.9519
18.7916
23.0131
15.3985
20.6511
15.1456
15.5753
24.201
16.4083
15.1906
15.1806
21.8035
31.2774
17.0496
14.9024
16.6452
25.186
22.0555
36.2872
16.5091
38.3784
17.3486
37.278
29.792
35.4777
26.6316
17.5881
15.5858
29.439
14.7357
15.696
22.214
28.8933
15.9395
15.152
27.4976
16.6117
15.1991
14.638
15.3974
28.8424
15.1069
15.7071
15.0819
16.5233
30.8851
33.8754
15.6821
16.4919
14.8493
15.4845
35.4348
16.7035
18.3949
29.6289
17.4307
16.1089
21.2904
14.9443
15.2792
15.6106
35.0869
16.0338
14.9034
15.9107
15.7621
39.1334
18.0412
16.7807
15.3335
34.2245
16.9528
31.2378
28.0792
15.3611
14.5251
14.9747
29.8727
33.774
16.2035
15.2883
15.1857
15.005
16.4418
25.0086
14.7604
14.9353
17.6986
16.1304
15.2507
14.6734
15.8318
15.6129
15.2563
15.7533
15.4547
14.9804
32.0316
23.3108
15.2969
27.1994
14.7347
15.4174
17.7475
15.0525
15.2631
14.7452
16.1119
14.6675
16.132
14.9365
15.6895
15.7071
32.4865
36.1731
17.6145
18.507
16.8458
15.7459
31.9113
18.3277
19.286
17.9254
24.6961
16.8339
16.4086
14.4206
16.1617
15.2443
15.6905
14.9438
21.1191
15.5309
17.139
28.9812
16.4323
29.8874
26.7072
15.2559
15.3769
33.7798
17.1505
31.838
16.1459
16.0383
15.463
15.4447
14.54
15.3719
15.1084
15.3477
14.9732
14.8197
14.971
15.1742
14.8611
15.3616
15.4666
15.4699
15.8902
14.9536
30.8074
18.097
33.5834
15.3974
15.4016
16.0052
16.056
15.401
17.286
24.7309
15.0328
31.0944
16.4019
15.2976
15.4621
27.9522
15.431
15.1147
15.9832
15.1785
15.1305
16.301
16.676
15.5572
16.7945
15.119
31.9853
16.2914
22.6958
15.2014
16.6222
15.0834
14.5594
24.5106
23.8124
15.6363
14.5338
16.4661
27.5532
16.6947
28.6146
21.7178
15.48
14.5884
20.4307
14.5647
31.7163
16.5109
16.2671
15.227
16.2536
14.4854
15.2559
18.4122
15.1619
14.9144
27.8123
28.8399
31.7091
21.7985
15.5037
15.7796
15.6104
16.1538
30.9945
29.0685
27.7524
15.5157
24.703
17.4535
15.7196
34.7837
20.5684
20.457
31.2861
20.8813
31.7732
17.3327
22.6412
16.0519
15.6161
15.6468
15.1657
15.4291
17.5575
16.248
14.6993
15.6879
21.8263
15.032
16.7211
31.847
17.6242
42.6354
22.9524
15.4303
15.5545
32.9947
17.1885
15.0655
16.3831
16.0843
18.948
15.664
15.9707
15.983
15.2052
16.1391
15.5284
16.9094
15.4026
14.2229
15.2851
15.6241
36.5403
17.7841
15.887
29.5608
36.5339
26.9235
25.0935
19.4719
15.2335
15.5766
30.4714
18.2288
14.672
14.9384
15.1452
15.5151
13.9916
14.962
16.491
14.3418
15.8094
15.2637
29.1446
20.5937
15.5186
15.7159
15.8859
15.2372
26.2389
23.3273
39.674
30.4388
16.9331
15.9778
17.2756
15.5066
15.9107
27.2415
16.7134
15.684
15.9877
14.9487
16.6362
14.8434
19.289
15.3539
32.7537
24.18
22.8901
15.0664
16.6882
31.2188
15.5753
14.767
15.768
35.83
22.5028
29.57
15.0645
15.455
15.2382
15.184
33.6436
15.9723
14.6608
40.6659
18.8691
22.8907
16.2855
24.3612
14.5608
15.6481
14.953
37.5925
22.708
30.6186
16.8872
15.4619
14.8094
18.0695
36.0387
21.8583
27.3057
32.8736
16.5468
15.0209
15.6624
16.6283
28.6769
15.5377
15.4209
16.439
24.2889
33.4851
17.0404
14.6487
33.239
26.7791
17.6989
14.4202
14.9637
15.2889
20.3631
15.4871
15.6163
16.3075
37.2527
41.0786
20.1457
16.0645
16.2017
15.91
14.7876
28.5644
38.7946
27.6253
15.5777
14.872
15.5825
15.1318
34.0254
18.7937
17.4745
15.6381
15.2149
16.2259
14.5655
15.3971
15.9876
15.964
15.7453
16.5409
15.9632
30.4212
20.3094
22.1227
14.6806
15.7741
30.8239
15.4583
33.4717
17.3561
27.397
20.1036
31.7501
19.4443
23.1757
16.4691
16.2803
14.9609
31.5589
14.8839
43.2186
22.398
16.298
15.1322
15.6935
16.1116
25.4828
15.9278
17.3537
15.1536
18.0636
30.22
18.2602
18.0818
18.9282
17.0826
15.2277
23.9127
35.528
24.7411
33.4197
25.5172
34.5239
36.5211
32.1364
18.2585
15.0189
15.6658
16.5564
14.9658
15.4697
18.2466
27.679
15.1395
15.1289
15.9567
15.6196
16.5553
18.9691
15.1442
15.522
14.9766
15.7145
15.8508
15.9476
15.309
15.35
14.6341
16.0949
25.2387
15.4668
28.2206
19.5335
15.2115
15.3453
16.1616
15.8668
17.2561
16.2837
17.5587
30.2533
35.6788
15.7989
15.8417
27.9883
15.3565
20.8492
16.4054
15.2752
16.2066
15.5579
21.1659
19.9004
14.7567
23.0243
15.4089
14.8664
15.7685
15.7107
15.3658
31.1275
16.467
16.5354
15.8563
30.2524
15.7535
16.5823
34.1783
17.8909
26.1507
20.1995
27.4516
15.1068
15.9516
15.5155
15.3931
15.3093
28.9243
40.4871
37.8328
18.1946
14.9669
15.7317
16.4874
22.9287
17.7349
16.7149
15.4946
17.5722
16.0861
15.8603
15.4557
15.3428
16.518
16.1524
16.0266
15.8341
31.0016
16.2202
15.6212
15.7445
16.2909
16.0429
15.7342
32.8637
27.4079
16.9845
17.236
16.37
15.2915
15.1444
33.8734
16.3765
16.8754
16.0402
15.8948
15.8829
15.3506
15.4316
30.4468
15.797
27.2176
15.446
33.1994
16.7615
15.2126
38.4066
18.2426
15.6621
16.7641
15.8536
29.227
17.0824
24.3297
25.8342
16.11
39.2091
18.7374
16.7585
16.053
21.0647
16.1328
39.7951
17.6248
18.5791
15.6094
32.0957
15.6725
16.374
19.2487
15.4762
18.2791
16.4191
17.1917
20.0667
16.4806
23.8115
16.1543
15.4254
32.3856
16.1237
15.4798
30.3219
17.2572
40.3635
22.9399
15.1766
31.2123
38.1561
19.1798
15.6017
21.0066
17.9608
15.6337
15.8714
16.3644
15.2044
16.5179
17.5494
15.2094
27.4482
34.8455
17.4456
33.1465
15.8031
15.8595
15.5267
15.3494
16.5699
33.0636
16.5507
15.3286
15.4777
16.4943
15.129
15.6826
15.7384
26.5805
17.6348
16.5099
30.1089
16.634
16.2142
29.173
16.0277
17.9843
16.3872
15.9333
15.9686
25.1492
18.8551
18.8038
16.1513
15.029
16.5935
39.5407
18.7663
26.2708
21.6462
16.8208
16.0363
38.5655
24.741
15.1391
15.6237
29.4723
15.1324
32.7186
16.4036
15.6902
15.9114
22.6769
27.7226
23.1807
23.9107
15.5759
15.1864
15.4056
15.7146
15.383
27.3295
15.6984
15.632
16.432
29.7549
21.3338
15.6628
16.3181
16.2295
15.9271
17.201
14.9027
15.5984
16.4126
15.8941
16.1463
15.2016
16.7637
15.5638
15.0255
16.2161
23.9602
27.7838
17.7973
15.7633
15.0832
16.5087
14.8626
15.2084
15.3131
15.6348
16.2904
14.8078
33.9547
23.5473
15.7573
28.2343
31.1241
32.518
16.0935
15.4058
16.349
34.8349
26.9654
15.9512
15.3216
32.2132
26.7238
29.9654
16.0236
29.9768
16.3187
17.6223
14.5623
17.2239
15.5813
15.0736
15.4495
31.8298
16.1909
16.1132
16.004
32.7262
32.3215
16.1199
15.2956
15.1902
32.0272
16.0536
16.0488
22.1179
14.9225
15.9177
15.595
15.6189
14.7949
32.4092
16.6738
15.5947
22.7701
14.6683
14.2585
15.0892
15.8206
24.1412
19.9901
15.5388
15.2301
18.0081
15.4408
15.3164
28.7037
15.6001
14.8515
15.5365
16.7066
15.4429
15.1848
22.722
15.6766
14.6336
15.1304
15.8446
15.982
16.2259
14.798
16.6398
15.6396
14.8062
15.904
16.6256
16.2664
30.4735
20.2506
14.9141
15.333
16.3932
15.8796
30.9693
16.9754
15.1277
16.1746
14.9262
20.3584
16.2761
16.1603
15.1309
38.1264
25.4033
16.667
15.2055
23.8628
15.8402
31.4704
16.4192
15.1461
21.0516
17.5082
15.9219
22.4904
17.4912
35.3868
17.4725
15.3953
39.1752
29.5351
16.4278
14.3958
44.272
24.9547
14.8299
15.4949
16.2628
15.5468
17.3835
14.5399
34.4776
15.4739
34.1718
16.6631
24.4514
16.1592
15.7743
14.8129
15.4809
14.8367
20.2232
14.4547
14.9413
15.2656
29.6712
28.9693
24.6358
15.7288
15.7092
31.7585
18.9266
14.775
15.3549
15.8351
35.571
23.2162
15.38
22.3748
14.6114
15.9983
17.3985
16.2208
15.6613
38.5492
30.096
16.8188
17.9605
15.6272
15.4389
16.1215
15.1147
15.6544
16.3918
15.4276
15.0531
15.8768
15.1197
14.8699
17.1359
30.9372
16.0179
15.5629
17.6797
14.7384
14.1622
24.2199
27.3416
15.2521
14.4657
14.2629
30.3542
16.0214
19.4851
15.151
14.6334
22.2856
20.1485
19.5465
19.84
18.5053
17.606
14.2927
28.7323
16.3764
15.3177
16.0002
15.0523
16.8458
16.786
33.1529
16.2852
15.1374
16.1059
15.707
21.7433
15.8088
37.4487
24.4767
18.6465
19.9159
14.3113
15.7198
22.4474
15.2961
24.6486
19.3172
15.4258
16.0446
31.571
17.0391
15.8132
16.5592
15.8906
15.5654
16.0119
15.7748
35.8636
16.3572
15.5487
15.5298
42.3158
32.651
15.9808
25.0682
29.0428
18.2526
17.5934
15.5726
21.0271
15.9633
15.2093
16.4206
18.449
17.0535
16.1808
16.8001
16.5822
16.7612
15.4276
16.3727
25.3795
16.6104
33.0908
16.5949
34.3134
16.1094
24.5737
27.2739
35.1246
16.8944
17.1796
23.5475
19.6856
16.8026
32.5897
17.7648
17.1447
16.6165
27.3295
18.992
18.3621
18.3707
17.9086
16.8909
17.4934
17.841
17.4149
17.8194
17.6859
16.9674
17.3646
16.1715
16.8425
26.8151
33.0843
28.3733
41.3023
30.2577
17.7029
16.9004
16.4116
17.334
36.3464
18.649
37.3713
18.4724
16.6948
29.8001
16.9443
18.1407
16.9503
34.7908
17.9926
18.0773
23.9257
41.435
21.6716
18.2922
16.8245
19.1119
18.3107
17.3012
27.5284
26.9213
17.4323
17.7862
17.2274
17.8931
17.0635
33.2434
16.7941
16.2825
18.3481
16.3658
19.1272
17.1729
33.4655
18.896
16.8204
16.3609
16.4211
26.511
22.9007
26.2085
23.6686
17.6291
18.7665
17.6773
39.2952
19.9066
18.0881
17.1312
17.2125
18.248
18.0567
16.8326
36.0917
17.3313
17.816
17.5237
17.1819
23.0773
30.7785
17.6566
27.6919
28.5753
18.0184
18.0865
21.7129
18.431
18.6502
18.4966
28.4026
18.6148
18.9505
24.6642
28.0951
19.2145
19.7377
31.856
18.5226
31.4885
47.626
20.9968
45.4146
23.7026
19.7641
20.0011
19.0993
19.1503
19.3812
19.8044
20.2468
20.4497
19.6112
21.8962
19.5928
19.5028
19.5631
20.9151
21.3904
19.3526
21.2209
20.718
20.4586
19.9731
24.9631
20.7407
20.6644
19.6328
40.7942
26.4639
24.7609
20.4451
30.6021
19.0931
20.7288
19.9098
26.0043
30.9964
50.1666
24.7673
32.815
22.0769
21.8211
22.9345
22.1748
35.8844
21.9883
22.9864
23.8883
20.2495
22.0643
20.7417
22.0627
20.305
20.1935
23.0998
20.7523
19.5732
19.6939
20.5909
20.8547
20.399
18.4316
39.6822
19.9305
20.0969
17.2619
19.6709
37.8775
20.9581
18.1393
18.0623
19.9757
18.8404
18.6218
21.9519
37.944
19.2907
19.0183
19.5979
21.4341
19.2984
19.6015
20.0359
18.2959
18.2955
22.3679
17.2902
17.7632
46.641
20.7014
16.6492
17.6374
26.1439
17.0692
33.8739
16.0174
34.934
20.3042
16.6956
16.4646
16.8221
19.7885
16.1116
19.1386
33.1583
37.8259
24.1931
16.4243
17.9266
17.6027
18.1783
17.9861
17.2707
16.2574
17.1225
17.8432
39.0966
35.7756
17.2034
33.7447
16.5023
17.5408
16.0572
16.0999
17.147
16.6861
21.1716
31.3197
24.7818
16.4551
18.8679
16.266
16.2714
15.6363
16.8592
32.459
18.6205
35.2003
19.9823
16.241
16.1648
16.2599
15.56
17.7734
17.15
17.2164
17.8852
22.5348
27.6162
27.5797
16.8491
16.5242
18.0179
17.2554
17.0071
16.8095
31.5467
17.4097
16.611
31.28
17.9821
19.5279
16.9065
16.6894
23.3544
17.1555
28.465
16.8073
18.5242
17.1531
16.667
16.4257
16.8055
16.0704
17.1015
17.3216
17.5951
18.8278
22.5535
16.8784
16.1167
18.6077
27.0246
17.5022
17.8186
19.0419
27.3976
16.8634
17.7487
17.2364
16.6796
17.2272
18.2117
26.8644
19.8235
18.2756
17.8981
31.0833
19.6791
18.5677
30.5243
28.7575
17.7905
18.1137
20.516
19.856
18.4762
24.676
17.8684
20.361
23.7189
19.0619
19.705
19.5826
18.0072
18.3435
18.6499
20.4557
19.4341
19.5638
20.8189
20.7095
21.2033
31.3812
21.9379
22.2207
37.9942
45.1826
23.5412
35.955
21.5979
20.85
22.788
20.6897
46.4007
24.5343
21.1763
23.9505
37.1531
21.1946
21.4788
20.8731
20.757
21.235
20.517
21.0159
21.9472
20.5383
22.6479
20.9666
20.4806
19.4234
19.9507
21.5197
20.1001
38.5091
23.608
40.0575
40.7053
23.5507
22.1946
21.9625
23.7372
40.8138
22.017
39.6763
21.9974
24.3816
21.8094
22.8529
33.9514
22.1625
21.5675
36.6987
20.5886
42.0897
25.7767
20.2388
19.7955
19.7544
20.253
21.3252
33.7255
20.4025
19.0139
21.8539
24.2461
24.1959
19.9072
19.1068
33.7984
20.8261
18.3563
21.3148
19.4352
39.0586
20.3937
25.55
20.4649
34.2231
19.8861
20.3503
19.6348
38.7602
20.7776
34.3019
19.0652
18.6571
17.8579
19.8524
18.8052
17.1261
16.9751
16.0633
36.8536
19.0472
17.0578
16.2168
19.4711
16.4678
23.4211
24.4846
16.4954
23.8516
20.2773
16.5626
24.5511
19.9259
20.4988
19.6514
20.8129
26.1855
34.9811
20.386
17.9256
34.5031
19.4482
36
19.1291
34.213
28.1902
16.6785
15.7497
16.2433
16.3777
31.4876
15.9155
16.8153
16.5047
15.5647
17.5835
18.9995
16.6231
23.4098
17.869
15.7846
17.1968
16.6587
16.4181
17.2414
17.6152
16.8427
24.1328
17.3372
17.2182
34.3624
20.479
16.9925
18.4199
19.6081
16.5412
16.8899
19.1735
16.9145
17.0116
18.2906
34.7723
17.0342
19.5046
29.9317
17.947
17.6418
18.0414
23.8483
21.2869
28.9519
18.8713
17.4823
37.2584
18.4599
18.5864
17.4977
19.1083
31.4176
17.9378
18.2378
17.4558
40.0054
20.741
21.9581
27.6967
28.9233
16.9386
25.2164
19.8647
17.8006
17.8788
17.2657
16.8445
36.663
25.2238
17.5284
16.1429
17.9514
35.9688
24.3744
18.0307
18.0484
32.5483
19.1227
17.6726
18.8398
18.4905
18.9124
18.5411
20.5306
20.0776
19.3874
23.9496
19.4876
24.5691
42.8791
21.3475
20.3115
20.6015
18.5369
18.2465
18.7492
18.9
19.4501
19.6961
37.2774
31.9769
23.708
26.2998
20.713
19.8381
43.1391
22.5802
28.0776
22.4416
25.7805
21.0934
20.0467
27.7021
21.737
20.6925
21.4212
21.6715
22.7898
22.7364
22.3616
35.1873
21.8907
21.3253
21.0678
21.2358
23.3414
36.005
22.5951
22.1212
22.5527
21.8492
20.1712
30.2784
23.0994
21.3409
22.2586
22.9923
34.4576
22.7581
22.872
23.9374
26.1327
51.7518
23.2154
38.1614
22.1414
23.2695
34.0663
39.641
21.8317
21.5658
21.8445
22.5031
35.7617
20.9014
20.5372
22.2273
19.7228
24.3285
30.7675
20.2518
19.3515
20.7122
31.9113
19.0424
18.6089
18.4022
31.3702
20.413
19.4955
37.4129
19.5483
19.3355
38.0313
20.0379
20.2087
20.1285
21.1228
18.7485
20.3823
26.6236
25.1391
19.5049
18.7004
18.2428
21.9031
17.6757
18.4002
17.3697
18.0582
17.8288
37.7321
20.0937
27.3446
17.1481
16.1129
33.7587
27.0699
17.0367
17.4667
17.5504
17.9965
16.6738
38.1437
18.2957
17.3781
18.3018
50.8689
25.5378
17.7449
21.2293
19.0236
26.338
19.8031
18.8036
20.925
18.1959
32.3164
18.2869
18.8334
29.3738
44.7059
31.0759
16.7047
23.7907
17.8093
16.203
15.535
17.3175
16.185
17.1139
16.2939
28.9058
16.0794
20.7181
16.9951
16.8658
18.7332
16.722
26.5221
18.5771
17.1173
18.5258
18.492
20.379
18.3233
17.2105
17.6544
28.7101
18.1717
17.3441
17.9071
17.559
18.022
17.828
19.0474
19.1391
21.3888
23.0326
18.0902
18.119
17.5401
40.7007
29.1414
18.0967
18.5433
18.1137
29.167
18.8375
39.8287
20.4134
34.1161
24.9373
27.7347
17.8839
17.2486
17.8366
17.1575
21.1133
16.1553
16.3702
16.5189
18.7901
38.7721
35.4708
27.9579
33.6783
46.4504
22.0165
34.8361
17.7443
33.079
19.3223
16.5281
16.4747
35.0968
19.6405
31.726
17.3086
16.5709
17.266
18.7903
18.8708
18.2545
28.7354
18.7237
46.2252
22.5133
19.4754
19.1396
21.0819
19.4484
19.8823
29.741
21.8306
17.9493
18.2094
18.9183
19.7031
19.7392
19.5204
20.3523
20.751
20.8034
20.832
32.8631
22.3091
29.7467
20.8496
34.3432
21.8822
22.7926
22.6918
20.9686
32.6335
25.8152
21.3157
32.6553
22.2258
21.3543
36.6399
39.53
22.4795
23.5766
22.0646
43.949
40.1682
21.8645
21.7688
38.2829
35.0316
22.1204
21.155
23.1903
23.0233
21.1045
21.4123
48.8203
23.8844
33.3088
24.9807
22.0095
23.3108
22.7551
24.0777
23.6137
23.4291
23.1093
41.9869
20.6831
22.5346
22.0416
24.3287
21.9479
23.3595
22.93
20.9922
20.5696
20.6399
40.2829
27.049
31.2565
19.8722
20.9724
25.1229
18.9269
19.5779
24.4739
28.4438
19.6673
18.9609
20.2376
19.2421
35.6134
18.7735
43.0527
37.4972
32.131
35.3683
20.8242
19.6231
19.569
43.0002
20.9697
19.3398
30.8675
19.7677
27.9278
17.9721
18.9257
25.1604
19.4622
18.2517
29.1588
35.1254
17.8216
20.7571
20.1689
19.8262
30.3405
18.4026
31.599
18.3345
17.872
16.9442
18.8546
19.104
18.1349
42.2572
17.9356
25.5306
17.9071
36.2033
41.1511
24.9163
18.124
18.6535
18.8283
19.1751
18.4314
20.6585
17.7741
17.0979
18.1791
19.1479
16.4362
16.9165
17.0423
32.6484
17.5984
16.727
17.174
16.8482
36.4888
32.8517
17.729
17.9244
17.7817
15.8281
17.3559
16.8856
16.0344
16.7591
17.5367
16.2642
15.8963
15.9035
17.2773
17.5412
19.6718
18.0931
18.1162
17.4812
20.8027
17.5053
19.8801
23.9227
18.8273
16.1328
17.7011
21.5313
19.1465
19.6252
18.9
17.2868
20.7504
17.5806
19.3791
35.8853
19.6579
19.4833
20.6313
18.1685
18.8594
18.4294
18.7179
17.8106
18.521
17.3366
19.2325
17.6538
19.6647
16.9518
40.3541
33.3547
17.6426
16.8408
18.5005
17.2145
18.6005
16.7255
20.8962
17.6235
33.3984
21.5927
16.4634
19.7525
33.7447
18.0209
18.3969
18.7473
31.4944
20.8418
19.7254
26.9402
20.248
26.7144
24.0948
19.4299
25.2609
18.7033
37.8649
32.1194
24.9633
34.6864
34.7219
18.7622
39.1017
19.8184
42.6052
49.8747
38.6356
20.904
38.5453
19.568
24.717
34.1546
29.1112
20.2581
21.9187
21.5376
20.6459
21.1288
23.1726
20.1731
32.1631
21.3377
21.0927
21.9208
21.8354
22.4947
21.691
20.9261
21.2001
22.0141
21.1938
22.1199
21.8655
23.8953
20.5506
26.4563
27.5291
21.5719
21.5886
20.9211
20.2543
21.7777
41.0815
39.0538
22.3966
40.8374
21.2009
21.8915
22.4244
23.4568
44.6466
23.078
21.4227
22.5004
21.7736
23.3438
41.7821
40.7837
37.274
22.2777
22.0795
20.8615
20.7827
20.6101
20.1463
35.1815
20.6666
21.8587
18.6639
35.3932
27.1639
24.9169
26.614
18.5672
36.7748
22.9125
19.988
29.3958
19.5675
18.4061
20.1836
19.6427
19.0761
19.1771
22.0093
20.0975
19.3928
20.2206
18.9356
19.3642
19.563
38.404
18.3902
20.2255
18.5798
17.5241
19.4725
17.7279
17.2991
25.7668
17.2638
17.3521
19.4749
17.8743
19.5926
18.6724
19.1415
15.8241
16.381
16.7333
17.7164
18.2669
17.5645
19.2181
24.3059
18.7031
17.9333
40.5339
37.5198
17.9608
17.6903
19.6547
36.4625
24.3941
32.6772
17.6141
18.2991
34.5343
35.9205
18.281
17.7394
16.9373
39.3842
34.3338
16.5527
25.363
17.2446
16.6176
17.1974
34.2124
32.5402
17.7184
18.0412
16.3423
26.6294
16.835
28.3666
16.9896
33.9454
23.8527
38.492
20.9319
36.4815
19.1875
36.0391
17.3368
34.0531
19.0323
31.4889
17.7219
21.5612
16.807
28.0246
26.6526
17.4179
17.2979
21.6665
17.742
19.0875
16.7859
17.4395
18.5706
17.5024
17.7517
17.5525
20.8963
27.9663
18.9257
20.8113
20.1025
19.1718
18.8953
18.3669
18.7143
35.6568
28.6076
27.7825
20.7712
35.5635
22.8884
17.7079
17.7606
18.084
17.8162
27.5164
19.5581
26.4498
17.4231
20.1713
17.2698
18.031
25.2237
16.588
18.0146
18.6739
17.5858
17.2015
18.105
18.0722
36.0096
25.8695
18.6287
22.8333
20.2016
18.7079
18.2879
19.6362
19.3926
25.869
37.7698
24.8349
28.2757
18.7606
18.6613
18.9547
18.9254
18.0211
40.557
19.2783
19.9297
22.7298
20.462
19.966
42.6764
22.6021
19.6682
21.1405
20.8707
21.9335
22.2322
20.3854
34.1001
20.844
39.9161
20.7532
21.2757
23.5123
37.0552
40.1048
22.2086
27.0328
22.4434
35.3156
21.7466
20.9421
21.4148
23.4459
22.9532
23.3825
46.0124
23.6902
22.0348
21.947
22.024
35.8946
34.9872
46.382
22.679
42.7078
21.4775
24.6967
22.0131
22.9341
46.5321
31.8339
37.3655
22.0974
29.7855
21.5746
21.6264
27.8828
20.9347
20.9763
37.9233
48.2289
36.1967
21.8269
19.8225
32.7498
31.7291
19.593
26.139
19.2533
19.0471
19.3285
18.6346
31.8183
19.5068
20.0953
19.7213
44.8513
19.5602
22.2948
28.4488
19.7309
20.873
20.6157
23.9506
19.5899
20.4554
26.8264
22.8159
21.3392
18.7391
18.9911
21.8957
18.3995
17.3029
18.1686
20.7008
17.788
17.8555
16.736
16.261
17.6121
16.4158
16.8041
17.9377
41.7684
20.668
30.1089
18.6882
16.331
18.1414
19.2174
25.9539
17.7632
30.2468
18.7782
17.5855
16.1988
18.868
18.9435
18.7226
27.4984
24.0848
18.3705
31.7586
26.2128
19.2655
18.6119
32.4932
17.1609
16.5615
15.7862
16.3273
16.0671
16.7101
17.2848
16.5696
26.8787
42.4683
19.9724
17.5007
30.9988
17.076
18.617
17.579
17.1032
23.0559
16.4916
16.2891
16.999
16.5439
17.4375
16.807
17.2192
17.25
21.464
17.1338
23.2697
19.1373
18.6322
17.6416
24.178
18.2154
18.2423
24.7699
22.1106
17.2419
18.6891
18.8108
36.8836
18.8843
18.287
23.4371
29.4196
18.6406
18.6632
18.9213
19.3281
19.4866
18.413
17.5962
17.7144
17.7974
18.5458
17.6475
17.4487
17.859
17.3879
19.1248
17.0269
23.3024
24.6871
16.8397
16.3741
20.1215
36.9148
17.8861
18.1533
16.5217
16.9497
16.5224
16.5894
27.2174
26.8137
16.8303
29.0027
26.6354
18.3125
18.5101
17.7433
24.1446
23.9053
20.7882
18.9049
18.8745
19.4662
18.8
18.1591
45.493
30.5819
34.3325
49.5116
27.6369
18.8076
17.7484
18.4548
18.8021
21.0234
20.0154
19.501
21.8381
22.0281
20.2745
33.4329
19.7757
26.0427
22.6693
21.8596
21.1946
20.6271
21.3694
19.9499
20.5496
21.0923
45.3771
25.5617
22.1932
21.2915
37.1024
21.3934
39.1647
21.3339
47.436
21.6844
29.4285
21.8606
29.3582
25.7303
21.8516
20.975
20.9379
20.7226
23.9556
21.3254
22.4586
22.6325
22.3261
32.7206
21.6332
42.4036
38.9626
32.5616
23.1322
26.1102
22.9277
22.7065
33.6391
20.669
21.707
22.4016
20.1614
21.4253
23.5307
19.2706
46.5137
20.584
21.0189
36.4766
20.1123
35.6246
31.7453
20.6102
19.8018
18.6446
18.23
29.0363
43.0401
22.032
19.2922
19.8537
18.6649
28.7521
23.9238
26.5902
38.4161
26.9078
20.5787
30.0295
44.8526
32.1439
22.1592
21.1295
22.0665
18.4702
18.1362
18.1353
18.3358
17.0113
18.6896
16.8228
28.6607
17.1451
16.5148
16.2482
16.8686
16.6924
16.1969
22.8043
16.4168
15.6648
17.2991
15.7509
24.4753
15.705
18.3088
17.4613
19.6804
20.1217
16.6963
17.5467
18.3668
18.6524
17.5547
17.2148
17.8385
16.6185
41.7233
18.8327
21.2425
37.7908
23.5353
16.15
18.198
16.3493
39.4089
17.8646
32.0438
26.8446
27.0949
34.4836
18.4608
16.4861
37.4059
26.3705
16.1277
19.228
22.5295
16.8578
17.3274
25.3981
22.5952
17.2707
16.7305
17.0909
17.1387
17.5763
17.2141
28.9998
16.2928
22.5457
42.0616
45.8001
25.459
16.3154
17.2738
19.9298
18.901
18.2084
17.6052
31.8376
18.3048
17.4961
18.005
16.9914
17.2017
17.4214
26.4567
17.1054
17.4836
17.4819
17.509
17.2056
18.622
16.7777
18.5156
17.6595
23.0064
19.6767
30.9463
17.3254
21.7038
38.3738
31.5518
16.9765
17.2484
17.3119
18.3534
28.7861
17.975
29.8845
18.6084
24.4399
28.1973
35.1366
16.1696
18.3628
25.7977
17.4603
16.8321
17.2504
17.472
17.1518
40.5636
20.1058
18.2367
18.4649
18.2025
18.6643
18.7726
19.442
20.8799
46.1078
37.8073
18.5858
20.493
42.3743
33.8096
20.5106
18.7817
21.442
20.0676
19.5202
20.8247
26.194
20.6464
20.9337
20.6878
21.6132
21.6978
21.2256
19.7921
32.8028
20.5169
32.7353
20.4537
20.8928
20.2997
30.0861
21.2886
25.8153
23.6722
21.2358
20.6367
31.9401
22.0222
35.9183
20.667
21.7721
20.7044
37.0463
49.3386
32.0856
19.421
21.2855
21.1012
19.8879
21.4224
20.0197
46.4248
21.3414
22.1766
31.068
24.9804
22.5178
42.1259
24.0538
28.0462
22.2096
22.2622
22.3883
20.8188
21.4663
30.0522
21.7677
20.4855
19.509
25.1486
21.5236
19.9587
19.3417
28.341
19.6024
21.4988
40.606
19.4245
18.5523
18.506
18.3973
30.6524
19.0494
17.8148
34.2965
17.9929
18.2291
19.9069
35.8916
20.5195
19.8698
20.7371
19.2014
19.7397
20.71
19.3451
37.9873
22.3155
26.8971
17.5515
45.9859
24.7665
17.3139
33.9122
17.4089
16.9976
17.8167
16.6812
18.4532
18.0678
19.4783
17.6421
32.3639
16.7472
17.0631
16.3726
38.3097
21.4841
18.6618
17.4816
17.4398
16.8312
36.1822
35.2342
17.4027
31.1049
17.047
20.7679
18.6937
18.0022
16.4155
17.8041
17.7337
16.6972
17.0611
23.4137
15.6024
15.4367
15.8778
16.9436
15.9117
19.1169
26.0578
16.1261
31.4712
16.9124
16.5246
16.2932
18.3399
18.0597
15.5083
16.2468
15.2672
26.7586
15.6456
16.5198
15.9233
15.7762
34.8568
17.3584
26.089
17.4045
17.0789
18.9448
17.5943
17.1205
16.8954
16.9839
37.2348
23.9924
17.1968
17.4036
17.555
18.6767
17.0787
36.0256
20.2332
17.2286
16.8984
16.3383
18.5429
17.9485
16.536
20.1759
17.5302
17.0053
17.3059
25.1781
17.7751
17.2397
18.1291
16.6923
19.0299
15.8562
17.2853
30.8427
18.3105
16.5847
31.8675
20.5859
35.1065
31.4441
15.9521
34.0377
16.227
16.569
17.854
17.213
16.3033
16.9896
18.3274
17.4316
33.6067
17.5088
29.2349
39.5021
29.1145
18.1919
19.3612
18.636
17.6393
18.4272
22.5096
20.0317
17.7178
18.5281
17.5786
19.3234
23.8282
17.5438
18.0069
19.2123
18.0202
18.4561
19.762
19.7259
20.1141
20.209
21.6347
34.3044
19.2192
18.9178
31.0004
24.1133
34.7408
19.7039
25.3253
33.1282
20.7149
21.5134
20.4908
20.2299
21.632
24.4368
26.1708
21.5518
19.3775
30.7357
21.1115
19.9804
20.4464
21.2713
21.468
20.0188
19.3157
25.8976
24.0472
19.2035
21.0181
19.0859
19.6983
27.7897
21.0375
21.6919
21.6047
28.5893
20.7728
21.1624
20.9538
21.1836
34.988
42.3936
21.6436
20.4145
21.5811
20.2919
20.6631
21.014
19.3816
44.6919
23.6641
37.226
19.4517
47.8281
25.9076
19.1275
35.9707
28.99
30.6093
19.3619
17.645
20.7867
18.2089
18.9276
17.7999
46.0067
30.7095
19.4929
34.3482
18.3349
35.0541
19.431
34.6607
30.3868
20.4386
19.7011
20.8722
18.8944
19.7984
17.8739
18.208
17.4387
17.2785
17.0517
16.6658
17.0128
39.3386
27.0352
33.121
27.3206
15.6223
24.1934
28.0778
17.8042
16.0961
16.1381
15.9184
15.6935
32.5949
16.2439
16.987
16.8028
24.9748
17.062
19.0184
16.3817
16.5349
20.5523
17.0764
16.4865
17.7138
21.9829
16.6246
34.4497
17.5805
16.5281
34.0021
23.8395
15.9903
20.6425
15.0514
27.405
14.9573
16.0869
37.9689
25.4518
15.7855
24.6298
16.4794
21.4954
15.5191
16.0692
18.2263
22.8817
15.8714
15.9804
17.0594
18.3845
15.6986
16.5334
16.7053
16.4181
31.442
36.1001
38.3654
16.4914
33.3887
17.2225
24.3515
16.3342
33.9799
17.4958
16.2812
17.2259
18.0789
16.2858
17.6928
19.1469
16.1271
16.1969
35.9729
17.8279
44.1117
28.0657
17.8538
21.4454
16.8781
16.4504
20.6534
21.8476
16.4822
16.353
17.117
16.7033
16.626
17.9434
18.8284
16.4503
20.0069
17.1682
18.0179
16.3334
17.1456
32.6531
16.8316
16.4649
17.5126
16.2368
16.4544
17.5394
30.9624
16.9987
17.1957
18.4682
17.5574
27.0775
17.7984
17.5795
19.3403
17.5766
17.8738
20.3662
20.2516
18.1262
26.7423
29.1886
18.1859
17.7733
18.01
31.2037
17.6273
19.4489
26.0062
18.8889
18.317
19.3636
18.8663
19.5964
19.5669
20.0755
21.8614
18.7096
20.6042
19.1029
20.7513
19.2377
20.4726
21.0045
18.8549
37.8849
25.5198
19.6279
42.2127
34.8877
18.9606
25.2582
19.8807
20.0215
30.472
21.1556
20.01
19.4346
20.7522
20.5837
40.4719
19.9198
18.3961
22.6559
27.95
20.0252
18.4019
18.7439
36.0408
17.3971
43.9381
32.6484
25.6688
17.7608
17.4163
17.813
34.8239
16.6251
17.7606
23.1146
24.8657
40.1952
29.4883
33.0754
17.0445
36.2209
16.5381
17.6948
15.3686
33.2725
18.2035
15.2516
14.9897
16.1144
30.0788
15.4354
24.9238
15.4257
17.4139
21.3052
15.2738
31.7869
29.4495
16.5443
33.337
29.5603
15.6196
19.1186
15.4649
15.4026
15.1212
16.1976
15.7596
16.2282
15.7754
15.8651
14.9364
16.0822
15.0657
16.1103
15.3699
14.7893
25.5889
36.9773
19.1025
16.0162
15.2339
18.2939
14.9515
17.8528
15.0531
29.3742
15.9888
21.1838
19.1057
32.042
22.6467
17.4198