18.1484
16.85
16.4741
19.6149
15.6628
15.597
17.0967
16.3296
29.801
23.8441
27.261
16.5179
18.4452
25.6482
16.5339
15.8727
16.3308
15.7463
16.9544
33.4584
23.8747
16.4662
16.1976
15.2207
17.2507
16.7911
15.9948
16.3245
33.9916
22.8008
16.3037
17.9633
25.0113
17.0264
16.8035
16.2328
15.5943
15.5247
15.9508
25.0346
15.481
17.0716
16.7665
16.1231
16.3531
17.2718
17.5158
23.4081
36.7495
17.675
16.8365
16.2991
22.015
16.6613
20.5841
21.3271
15.8168
21.0592
15.9706
15.9805
15.6979
17.7178
16.3448
27.5671
16.1437
16.9225
32.5494
18.7473
17.4379
18.6596
16.196
16.8254
25.8933
16.4205
15.767
27.4917
16.7586
16.4074
17.2748
16.6248
16.3437
18.8118
19.106
16.3631
16.2139
16.5748
28.1638
16.273
16.5477
16.5368
16.7916
20.7133
15.8528
40.013
17.6904
17.1083
21.4538
16.2767
31.007
16.2567
15.7651
16.1052
27.789
18.7984
17.1483
16.9817
37.1822
22.6119
15.6995
28.7446
17.8873
24.0051
20.6528
15.5294
29.6473
22.2556
19.0428
15.5857
34.7498
24.8079
15.2202
41.9669
25.528
15.6314
19.8534
17.4822
15.4941
15.9703
15.4244
15.6141
16.1482
44.0915
19.6406
36.8603
17.3703
37.2594
16.3714
16.1283
34.607
18.4879
15.846
16.0215
16.3322
16.2752
16.2435
16.131
15.6918
15.8489
17.4229
17.2839
15.6876
16.827
15.2611
15.8309
16.3741
17.9311
16.6144
16.0159
16.0572
16.2249
15.6525
15.6412
16.9769
18.3386
15.7393
15.9522
17.7858
19.7069
30.678
14.9998
16.0124
15.1464
16.9168
16.1791
16.255
16.6957
16.1579
15.9262
17.0455
16.0067
15.6257
15.6901
18.4909
16.1091
16.2802
16.3401
16.2313
32.0531
16.9151
16.2527
16.9729
40.1021
19.8126
16.5414
16.5394
15.8337
15.281
15.7545
17.1686
16.7309
15.6775
24.5926
16.4787
21.8234
16.1198
16.4484
15.4182
17.4768
15.3907
16.5158
15.318
34.1073
19.2016
15.8075
15.5934
15.8199
16.5219
15.9151
16.0411
15.1347
16.1343
16.1715
15.9702
28.7013
20.397
29.396
28.7577
15.7019
16.6651
16.7278
16.2431
21.5066
16.1656
15.8976
15.3356
17.7594
19.243
15.4867
15.6184
16.5341
42.1768
19.2618
16.0587
19.5897
15.7922
15.8427
20.2016
36.0193
30.0859
17.0444
16.0141
15.583
16.1134
16.0901
30.4593
18.1816
16.6351
17.1209
16.2573
31.5045
23.5714
15.5302
16.9634
17.8028
16.0455
18.0437
15.7544
15.4841
16.8804
33.0889
32.9422
16.4523
24.8382
17.1542
28.4914
16.6869
15.7084
16.3557
21.3313
17.1173
16.9932
15.9541
23.0069
16.5501
25.8103
17.2316
18.1568
17.9293
17.4745
15.8958
23.2969
15.5495
19.2643
16.7187
15.543
15.8236
15.9125
28.4532
20.0519
15.6397
32.8677
22.7808
15.7465
16.203
21.0556
16.5494
15.4382
18.6234
34.2029
18.6314
19.1593
26.3881
16.3221
18.418
16.5115
17.2105
25.0306
18.7989
18.2659
18.9326
20.2989
17.6177
21.7183
16.8785
17.5622
26.2509
15.701
15.9202
28.9177
16.4117
18.7271
15.8622
16.6179
15.137
33.8821
16.1875
16.1072
18.3722
15.7257
16.1895
15.5146
16.2997
15.4957
17.8702
16.713
16.1379
16.7918
16.8019
19.6103
16.1091
15.8616
21.0076
15.5024
39.4424
31.5553
16.0362
15.2384
15.4855
16.6836
22.3108
18.019
15.3925
21.1266
19.653
18.0353
32.5184
16.0517
15.5133
15.738
18.1751
15.7924
16.9265
16.2296
16.197
17.1237
17.8852
15.5171
17.35
15.9034
17.7966
16.6389
16.1465
16.7777
16.7767
20.9257
29.4136
23.6505
17.2048
15.9097
16.3662
15.713
36.1787
15.5911
25.7672
17.0206
26.1582
15.9508
25.8704
22.6332
15.773
19.5871
18.8357
27.4938
17.0235
25.1844
31.4703
15.5807
15.6978
16.0782
19.8485
31.0096
24.9446
16.3543
22.0183
15.9292
14.4838
15.2338
16.6308
16.5601
18.5825
15.8022
15.701
23.6114
15.3218
28.8387
17.7934
15.9899
22.3735
17.2694
15.4506
20.3605
29.1353
17.8889
17.3448
16.9277
15.8769
34.3606
16.8968
18.2033
16.269
42.193
39.7817
33.1607
19.1329
15.5894
16.2372
18.2308
15.8647
16.7202
16.5018
15.585
16.0625
27.0836
16.5819
16.8284
21.8093
21.4142
16.3203
27.8093
16.0718
19.4815
16.4262
30.4596
16.563
15.9928
37.8398
17.8366
19.8735
27.0917
22.0688
16.265
21.0902
15.3156
16.418
16.5404
29.8418
22.017
19.4086
17.168
16.9781
16.9237
16.7483
17.6961
16.4955
35.3788
21.7216
16.2894
25.5117
17.0789
16.56
15.8924
17.86
16.0097
16.218
16.2275
15.9527
41.5786
33.093
15.3263
18.5231
15.8285
15.7931
23.8466
33.8628
16.5077
29.1208
27.674
21.2152
17.1904
18.223
22.2477
15.8746
23.2012
15.6466
29.7109
16.0736
32.4937
26.6669
17.8407
16.5388
15.8541
15.5161
24.4669
17.0176
36.4672
27.4501
17.2834
19.3666
17.0632
16.0717
23.4772
22.5992
23.355
31.2807
15.9047
29.1365
16.3427
35.0734
31.2249
27.1629
15.7775
15.7557
29.4783
15.2339
16.9242
23.2171
17.9958
15.6537
25.0903
22.2625
19.9886
32.0946
40.475
18.8365
18.5856
17.1727
15.2727
16.0041
15.9936
23.2213
16.2152
15.6072
15.6251
22.3018
28.781
15.0192
18.1957
23.9898
16.333
15.6752
16.0108
18.1621
22.2032
29.5129
16.6535
15.5562
25.9709
15.8754
15.3389
15.3281
15.237
26.0322
14.721
15.8286
15.5442
14.5481
15.6816
15.7996
15.8047
38.1791
29.4454
16.13
20.8537
15.1741
15.7571
26.4369
16.3029
19.8782
16.0438
28.3966
20.3345
15.8757
15.5213
23.0056
25.5728
15.8292
28.7034
15.6625
18.4349
29.6298
18.7148
17.2625
25.9154
15.3597
24.4572
31.3068
15.3964
16.04
15.8576
15.6746
15.2717
16.5709
16.575
18.2213
25.6293
17.5137
14.6421
16.4109
16.3431
16.2219
16.0608
17.168
15.1075
15.9605
30.9943
16.4129
15.9084
16.8473
15.728
27.1643
21.0232
15.0822
26.1864
15.2699
30.01
17.8276
14.5547
15.7586
29.8453
14.8428
14.846
29.692
15.1376
15.6919
17.3222
14.6957
18.3806
20.9242
14.6815
26.8651
15.3991
15.4378
15.3427
15.8624
15.7508
23.8386
15.5364
14.669
31.8493
16.485
14.4286
23.8951
20.7162
15.8381
15.6884
15.4999
15.96
17.3285
31.6581
27.0127
17.0482
17.4482
16.2134
20.3201
15.9357
30.2479
16.0732
33.5243
20.833
15.6696
21.595
16.1725
16.3339
32.4353
23.14
17.0709
18.0163
15.5419
33.3748
27.3113
30.166
16.7086
20.005
26.2695
15.4011
28.8845
17.0298
28.3597
15.4032
15.5292
16.9572
16.9101
15.0919
16.3301
15.1763
33.2486
18.5223
16.0407
16.4823
16.6746
16.3448
15.886
16.4772
19.0593
16.0513
16.4203
15.7402
23.5611
15.1453
16.1198
16.3251
27.1905
15.5008
16.8222
29.8271
25.6483
16.0359
15.7404
18.4966
16.4914
19.0861
15.7847
16.9553
15.8009
15.5486
15.7072
16.1214
30.1141
17.9877
15.8092
26.4717
17.3291
15.4229
23.3095
16.8894
15.6551
17.4751
15.4976
16.1293
15.0234
31.505
15.6117
31.0066
15.2719
28.0977
15.7892
16.4268
15.0033
23.5685
16.9411
16.3784
15.699
15.3935
22.7227
15.7326
15.9552
16.2849
16.1665
14.6581
15.8901
15.6322
15.2666
21.8804
28.436
14.974
15.3582
16.2253
14.8299
16.7049
16.0426
15.8147
21.2421
14.8718
15.1252
14.7686
16.4887
15.4237
15.3738
19.8073
15.699
17.1865
15.7261
15.4956
17.8591
15.23
16.9635
15.6698
24.4393
17.8576
14.9636
15.5468
15.2547
15.1122
14.979
14.9614
16.9443
16.8148
16.5849
15.175
24.9522
15.7269
15.0696
20.2951
16.0274
15.537
16.9031
15.5923
15.5588
15.4614
14.8942
25.628
17.0621
15.4132
15.9704
15.736
17.0588
23.9841
15.2091
14.8652
15.4713
21.3392
22.3512
15.4081
35.6936
19.8068
15.5418
15.3892
26.0703
21.1912
15.1332
18.1497
16.1254
15.1571
23.293
16.823
15.7946
28.7758
17.365
27.9507
14.9779
16.0238
30.8773
20.9483
15.574
16.5414
14.9086
15.0349
18.5372
14.7549
22.9023
17.6519
25.1268
16.366
33.6264
29.4222
31.4439
17.5989
24.8744
16.5069
18.2841
15.9047
15.3549
24.0587
15.5157
16.9119
33.1418
15.6038
15.9102
15.0082
17.0994
15.7112
16.7266
27.7784
16.4263
15.8827
16.5823
15.8566
21.4432
16.6575
15.6742
15.6281
15.4339
16.0252
15.7037
15.5567
22.4643
15.2604
16.6905
14.8673
15.4508
21.9981
16.915
19.0576
16.0067
16.5865
24.3821
16.2533
27.889
20.5966
15.2537
16.1623
37.0394
25.3141
26.6928
16.0131
27.9388
16.3816
16.1462
14.774
14.4921
16.5787
15.9566
15.9579
16.5662
16.7064
15.2242
16.769
15.9316
15.8984
17.7032
16.0056
16.7003
33.7223
16.7143
17.4617
14.0339
14.7104
20.975
16.4125
19.306
16.1089
15.1608
22.0629
22.8193
15.7988
15.8539
14.69
18.7792
15.6743
15.0985
32.3296
19.735
17.418
20.1047
14.888
15.1324
15.686
15.1236
14.7631
16.1807
18.2356
17.0024
19.6166
17.5979
16.1256
15.5584
17.5046
15.0953
21.8346
16.0064
16.2197
30.2327
16.6901
34.0017
16.5875
15.9613
20.9068
17.743
15.0689
15.4274
18.4314
16.5976
27.2476
15.7051
17.4534
22.1702
16.4598
15.7229
15.7133
26.4809
16.9798
15.8829
24.395
15.6831
27.1699
15.8754
33.1601
34.0639
16.4301
19.0722
16.429
16.0641
15.8821
16.0422
16.639
15.9851
16.6756
15.1875
16.4375
16.624
42.4583
32.0802
17.1623
16.0982
15.8512
30.329
24.5289
15.3329
25.0036
15.7929
18.1329
15.9685
37.708
17.1618
15.7238
33.8221
16.3873
17.0006
15.2468
15.3705
15.6691
16.1951
15.6742
14.8338
16.0438
16.0777
16.1075
15.5008
33.5114
18.1039
15.7026
24.0468
14.97
16.4031
16.2363
15.6138
16.0063
28.8631
15.5767
33.6716
30.715
17.8052
15.5438
16.4357
15.427
15.9691
24.786
17.6623
29.6373
16.685
15.885
16.7606
15.4542
33.9312
17.5218
15.5733
15.3726
16.9166
24.3661
16.6114
20.1376
29.5037
31.6532
17.0282
18.7257
30.6668
15.938
16.675
14.9947
26.2699
16.277
15.6866
21.1745
15.4147
26.998
25.818
16.7347
16.7239
16.2607
15.3935
15.8924
16.7078
25.8728
15.3386
16.8266
16.0857
16.3997
35.2317
15.6375
15.8069
17.4328
33.1428
15.7611
26.3064
30.1797
20.9787
16.9768
16.7499
16.3777
15.9831
15.2394
15.4901
16.2476
16.0651
15.9046
15.9448
16.7007
15.3531
15.5601
16.0036
16.6641
16.5705
16.7302
15.6668
16.4097
15.281
36.9421
26.2759
18.0358
16.6402
15.6761
15.6835
16.2791
33.6667
18.9742
16.5566
23.3522
16.2538
16.5544
15.477
16.1216
15.5643
16.9797
17.7815
15.9329
16.6402
17.3539
15.5387
16.2864
17.5694
15.6669
16.5915
16.3778
16.2369
15.539
38.0991
17.578
31.3864
15.2293
36.2587
17.4035
16.0173
16.0443
16.5438
21.4846
15.5282
32.9285
17.6628
15.1787
15.7985
15.9745
15.541
15.7078
16.0887
16.3049
28.7627
16.0705
16.3105
15.3952
22.2213
15.8781
16.1158
30.6934
15.9059
16.7188
15.503
33.2885
40.6357
18.3138
15.5496
16.6232
15.9308
15.8121
16.157
17.3213
15.9594
17.2437
26.5449
22.407
15.9297
27.5303
21.4943
16.3576
16.2613
16.3938
16.4428
16.685
16.8065
16.3486
16.8657
21.5509
15.9352
24.9983
18.1562
16.0241
16.1002
33.1831
18.6217
21.0446
20.1582
14.89
15.5139
16.2928
15.654
21.6762
15.9538
18.5344
15.7842
32.7198
15.7836
30.7014
29.2424
16.9788
15.1275
15.8365
15.4418
28.2675
16.6115
16.2294
15.5528
33.2045
15.9661
15.6803
15.9021
15.737
16.6656
20.2777
16.1769
15.4402
18.9384
17.2261
16.2044
16.1241
16.2952
15.7566
17.4575
30.9289
17.5594
15.4556
15.5105
21.6221
16.2528
15.4718
15.4052
15.5479
15.0165
26.3767
15.6338
15.5488
19.6252
16.4154
15.1944
15.6881
31.0707
28.2828
15.9566
17.6332
16.3822
16.5082
16.5605
15.5995
15.9416
16.7813
16.0594
28.1644
16.7864
18.1568
15.6564
21.0054
21.6792
15.2548
40.3103
25.5957
16.078
23.6231
15.6755
15.6874
30.8196
20.8384
16.138
15.7723
29.8704
15.2517
16.4419
20.642
15.1944
16.472
15.5436
17.3929
15.862
17.0251
17.1438
15.3238
15.1366
16.5012
15.6606
32.2237
17.0043
15.7757
15.9135
28.6804
19.5659
19.4912
15.416
15.4571
16.9806
16.3966
17.4776
15.7196
16.4963
15.1816
15.9475
14.6664
29.1136
24.821
16.4446
15.5589
15.6225
15.3551
16.5432
15.8243
14.7586
15.4657
23.4982
26.055
16.4139
16.4936
15.668
16.3358
24.4694
15.9718
17.299
17.0758
16.3117
16.2154
20.9659
15.8301
15.111
31.3631
19.1819
15.2582
18.0819
17.4027
15.6612
16.156
15.7643
14.8292
16.1533
15.209
20.0063
22.0063
16.0275
14.8171
19.9681
15.138
22.6842
16.9
15.7235
31.8688
18.8509
15.9771
19.2944
16.2043
17.5506
14.1546
14.6401
16.2069
27.1393
27.7433
15.2206
25.3853
16.3678
16.7766
16.5162
18.4101
16.7781
14.9702
18.2977
38.5611
20.2051
24.3258
24.5459
17.0388
15.0354
15.5437
14.9242
33.4545
15.1396
18.7092
14.6475
16.3351
24.6412
14.9376
32.8655
25.5642
14.9412
28.5083
17.8976
16.0834
18.8144
23.2786
18.8702
16.0387
15.847
15.0263
15.4142
15.2408
17.4181
16.5195
38.1913
19.0046
27.7168
16.2867
16.417
22.2313
15.9314
16.727
19.1791
15.9713
16.0429
15.097
14.8093
16.2684
14.9712
15.26
14.5887
15.5509
15.2853
16.6428
26.3813
19.3427
17.0848
15.3223
24.4136
15.8016
27.4516
24.1579
22.5258
21.3861
32.0818
14.9886
15.1285
33.0757
22.9447
16.155
15.2706
16.1325
15.4577
14.6571
17.8453
14.6755
15.1789
15.4755
14.6873
25.137
14.9427
31.7805
16.279
16.1607
15.4376
25.8613
15.7214
17.7475
32.3483
21.6231
19.3131
37.2855
19.2716
16.7354
15.7113
16.7957
15.228
15.0233
15.354
15.6433
15.3623
14.612
21.244
15.5976
16.8236
15.3653
15.0388
17.8862
15.5167
15.0972
15.144
15.0032
16.3972
16.4695
15.5541
28.0305
16.6589
15.1289
17.8041
15.8164
19.7451
30.5122
33.3553
25.3012
16.5937
14.7331
18.9422
15.6192
15.9783
16.3907
16.1875
14.9496
15.3148
15.9522
15.6059
15.3018
23.7553
16.4769
15.8774
17.4047
20.2809
23.3605
15.1392
33.2908
25.6207
16.0147
14.9432
20.5829
24.564
22.2205
18.7885
16.2747
15.435
17.5906
16.9898
15.0948
15.0736
14.9201
31.6563
38.2484
18.0189
17.0364
16.1903
23.0456
16.4564
16.7041
19.147
15.9083
28.2153
15.9879
18.4092
16.2626
17.544
19.6545
15.5685
17.3651
16.2478
16.6066
16.4874
32.4207
17.6106
29.3454
15.5813
16.2235
15.5549
19.0599
17.4484
15.1963
16.2794
14.2004
15.5268
38.7355
21.916
17.7341
14.8084
16.2195
16.9095
27.1069
15.9313
16.2402
17.315
16.5179
16.8507
17.5205
16.6318
15.8285
17.0544
17.2698
18.741
16.8303
16.2677
18.0715
19.4624
16.9935
29.046
45.6418
28.9275
18.1555
15.9727
25.0081
32.7584
18.0162
17.5696
17.6887
16.4856
16.91
16.8002
18.6697
26.8385
15.7613
29.455
31.7238
19.8574
16.4444
15.7286
15.165
17.4574
14.9901
19.6222
24.3177
15.8317
16.721
15.3778
15.3727
15.66
15.1853
15.2507
15.1152
15.3289
14.7081
16.112
16.0697
26.5614
30.3416
17.3518
15.2611
14.8785
18.1125
15.7832
15.0926
24.0718
15.9476
14.9714
14.8359
20.0513
21.0533
15.8425
28.5193
14.778
14.9947
15.2669
16.2192
15.6122
16.5265
15.5556
15.82
15.708
25.9848
14.6851
15.8049
37.8556
20.3905
31.0433
15.6053
31.5046
27.3122
26.2663
15.6662
33.2721
15.6196
15.5942
27.5249
15.4104
15.6808
14.9462
15.3751
16.1759
14.5914
21.575
22.4141
15.5814
15.281
17.1122
30.6829
19.8282
15.531
15.3563
15.6865
15.6065
14.5204
21.1786
16.0517
15.5589
17.3356
15.919
15.0354
14.2951
16.6253
15.364
25.9775
31.4361
14.6901
21.6514
30.4585
16.2723
19.7785
13.9296
16.635
14.0432
16.8552
18.5995
16.1418
21.7294
13.7454
14.2636
14.1265
22.0926
14.4521
16.6077
14.9334
16.1524
14.9971
15.6269
15.6628
27.282
14.3682
14.7158
16.8228
15.0025
15.5993
16.2698
14.7437
15.0853
14.6013
32.6683
20.0716
15.3857
15.1928
22.7657
14.6307
14.7894
30.7638
20.5283
17.9907
16.7257
15.281
26.7037
14.6585
14.7417
15.7291
29.3637
15.2092
30.7851
34.3815
15.8539
14.7889
16.1721
15.7378
15.5117
25.9853
17.1284
17.8343
16.9942
15.6322
18.1085
16.511
27.2277
21.9773
22.8111
15.0234
28.3909
15.673
32.6149
20.0417
16.3967
15.1373
15.6072
25.2214
15.4562
16.4248
15.3747
20.7805
15.2318
14.737
16.1182
14.5413
16.5204
19.4155
14.5292
21.9643
15.3785
16.1437
33.5311
25.1454
16.5135
14.6779
27.9412
15.3053
14.8586
16.2768
14.7271
14.9223
23.5716
15.4465
24.2214
22.4796
15.6849
17.6309
18.3177
28.3405
23.6812
15.4984
15.7828
15.3781
16.6213
18.1853
15.9033
15.5069
15.8899
16.2653
15.2933
17.5288
15.2272
15.8932
15.7963
16.1664
15.6961
32.2029
15.7795
16.8706
17.0951
17.6396
16.9036
16.0351
15.05
20.6019
34.4486
30.4674
25.6022
17.9478
22.1947
15.1993
32.7142
19.5386
15.9546
23.8712
15.2246
22.856
16.4865
15.5533
25.7577
16.2049
20.6763
23.9
17.2771
15.5567
15.0831
15.914
15.1328
15.0828
16.8958
15.6635
14.9559
17.5446
21.0128
30.1375
15.7067
15.1795
15.7043
15.751
17.6312
16.2678
16.202
16.3528
15.147
15.5058
24.9294
36.1404
17.3359
15.2813
26.8025
28.0097
17.3319
16.081
15.4178
34.5239
22.8754
15.5685
17.0316
20.7705
14.9841
16.498
25.0474
16.3204
16.433
14.9886
15.983
15.8316
14.5357
15.4486
15.1228
25.9745
15.5343
14.4185
15.6858
14.8517
15.0073
14.8092
32.6222
14.999
15.9867
15.4703
39.7235
17.1335
15.6998
26.1504
14.7224
15.2113
16.6328
21.1577
17.3369
15.8795
15.3243
26.7935
16.1323
15.2332
17.0617
20.3839
18.4926
17.1086
30.5379
16.2861
24.7514
15.9498
16.3827
16.2232
16.4652
16.3412
17.1742
30.3722
16.9136
16.9231
19.9492
16.7859
16.9449
16.184
16.9682
17.4679
16.6092
16.7209
17.6298
16.7272
16.8502
17.7882
20.0758
16.9512
19.3773
20.036
18.7582
18.0913
20.9188
24.8722
34.6329
18.8579
21.2675
18.1046
18.5271
19.3976
18.6756
19.9618
22.9691
26.6866
18.2555
18.8965
33.0878
27.9241
19.3193
19.748
22.0554
19.1774
24.7949
18.0877
18.033
18.3261
19.0203
24.2848
19.5924
19.2778
19.6778
21.8874
41.2517
20.3788
21.4273
19.0914
20.1281
33.9007
19.6736
33.3048
20.5526
19.8399
27.7907
20.2852
19.8516
26.9027
20.6472
27.8576
18.6675
20.94
19.627
18.9362
21.1263
22.0763
20.0038
21.4172
19.7982
19.1204
19.5406
18.6519
19.3778
28.5307
28.4604
19.6166
19.6894
19.9987
19.7
19.3305
24.763
20.5104
19.5817
18.616
18.9275
19.551
19.8626
27.9324
19.6698
31.5965
36.2876
20.51
20.1458
19.4146
27.3538
18.9786
24.3245
30.3179
19.7996
19.4176
20.9681
20.2148
19.2671
31.4057
20.2603
20.1861
20.5726
19.6978
19.2766
36.4762
19.4552
41.8033
35.3232
29.3094
32.1692
19.4123
19.5226
20.333
19.4179
26.0646
19.528
34.2538
19.8895
19.0227
36.8289
22.9672
19.4974
44.3442
19.676
18.7183
19.1706
19.1013
33.479
21.216
19.8577
18.8167
29.9555
19.5382
19.4124
18.8912
18.9252
18.4227
19.4901
25.6086
18.5856
18.1902
19.4683
36.7555
19.7679
19.4926
39.2492
22.0834
19.3311
25.144
18.6747
19.0533
37.5467
31.5738
19.0399
38.0455
19.4653
23.2193
18.8102
20.4959
22.9742
23.5127
18.2294
27.2109
22.743
42.4202
34.2083
19.1843
24.9254
19.3866
20.9883
19.8868
34.7981
18.6269
37.8117
19.4737
19.0704
34.6406
30.6605
22.8288
20.5269
33.3985
20.6664
18.6252
20.2136
23.249
18.3399
18.8702
20.2532
19.4259
19.4967
34.154
20.4213
20.6723
19.2671
18.6123
27.4081
18.814
19.3437
20.174
19.1744
21.0634
24.4498
19.0887
20.5778
33.7416
23.2514
18.8218
27.9793
19.6695
18.3299
19.8074
19.4887
18.7703
19.1698
19.1776
19.295
19.2489
21.1285
19.0684
19.0119
27.4411
26.0987
37.759
19.7125
18.7769
24.1437
18.489
19.3118
19.9251
17.7982
19.8428
19.4069
20.1921
18.7114
37.6031
21.0702
19.8849
19.3018
20.2636
20.02
30.0139
19.8776
18.4149
19.6357
20.3573
18.2528
24.647
25.169
20.8573
21.2542
19.445
19.7577
36.0193
22.4597
40.6775
20.6359
19.0396
32.4647
22.1118
19.0585
20.5712
25.6164
19.3364
18.3015
19.5854
36.3385
19.4928
21.472
18.998
18.4463
29.9129
19.5166
18.1817
25.4899
23.4294
24.9993
37.0547
19.9142
19.4642
19.1875
34.0774
20.2287
19.5022
18.0651
35.4343
19.6205
18.6835
18.5977
39.1561
32.0219
20.9792
18.5183
18.6378
18.7994
17.1146
17.0779
21.4544
31.77
18.5114
18.5994
20.1758
19.7846
20.0427
21.9598
19.4127
28.805
20.9236
21.0813
19.3637
19.5184
18.3979
37.8071
36.442
17.9752
17.0277
28.0046
18.7615
18.701
18.3961
27.7937
34.7742
27.3613
18.9782
17.5601
17.7786
18.8375
18.1284
17.7968
18.7793
16.9904
16.8534
15.9915
16.7101
29.56
15.4554
16.8511
17.7265
14.9803
15.917
17.0173
29.6007
17.4688
15.7372
14.6655
15.3699
14.8809
17.493
16.8925
18.6096
15.5582
15.378
15.2414
15.5618
17.631
14.7331
16.0753
15.611
16.644
14.762
15.9885
14.8496
14.6827
15.4083
15.8341
18.6161
22.5589
16.5826
15.6233
15.3297
23.6393
16.9132
41.4052
17.2418
15.7277
21.7788
22.5234
31.1103
15.3203
15.0472
15.8035
15.76
15.7176
15.4261
30.35
17.4834
22.387
23.688
15.0907
14.4575
15.2323
15.8168
14.9982
16.6996
15.2158
18.6537
15.1431
15.4176
16.4774
15.3468
15.1397
14.0817
34.1617
21.0605
23.2011
16.0221
27.8746
16.3932
18.3806
15.9055
32.3537
31.7101
33.5452
18.2937
17.4918
18.1824
15.5076
30.9847
17.9005
16.9662
15.5251
17.2382
20.1093
15.9039
16.4486
15.8769
15.6429
16.3562
29.2929
35.495
17.031
15.1729
16.1742
22.7965
14.8746
28.7675
27.1415
18.5098
22.3026
15.9304
34.564
29.772
15.6711
18.4301
14.9988
15.1824
15.4213
18.5243
15.7647
31.0822
23.7513
15.5309
16.4572
16.3313
15.9824
25.3496
20.9222
29.3567
14.895
24.18
15.1064
17.0707
16.0203
18.8862
15.8841
25.0383
15.758
15.5953
15.8142
15.601
27.9846
16.3494
17.7951
15.3751
16.7846
29.3611
30.4672
18.2843
16.4839
15.6533
31.2722
15.9733
15.9525
32.9023
17.1673
27.3448
19.8644
15.4226
15.775
22.4744
19.9527
15.3659
16.3904
18.9062
15.9441
16.2
18.7364
16.3768
21.4094
15.9848
15.5806
32.4164
17.0324
16.5468
15.4292
17.3473
17.2225
15.6345
17.9131
15.8791
30.0387
19.0879
16.1682
14.9461
20.5534
16.3148
15.4795
19.3148
18.8856
15.9416
26.1634
17.2789
16.3939
18.4456
16.9199
16.3606
15.9443
18.0214
15.8253
16.7607
21.9233
16.8164
16.9253
17.0079
16.3296
16.8113
17.9535
26.0241
16.0344
16.824
19.8951
16.6255
17.1526
30.1109
17.5609
18.0328
24.5519
21.8418
33.1189
21.5763
23.9467
19.9182
22.6166
16.1627
15.1374
17.1981
14.2411
15.9602
18.0916
15.6693
16.7746
21.4482
16.3946
14.9403
14.8005
18.3516
26.783
19.3269
16.0351
16.8166
17.033
16.5449
18.0525
16.2881
36.6387
19.3287
16.4087
17.2654
29.5968
16.1382
17.5482
17.0299
15.7602
16.554
29.3911
15.6587
30.7769
16.0375
16.0782
25.9394
24.9607
16.0163
15.3163
15.2155
15.9981
17.5917
15.2729
16.4953
17.0308
14.6657
27.742
21.3242
26.1824
18.4273
17.45
19.387
14.8015
16.2028
15.1258
23.7939
19.6678
14.2655
15.1651
17.0425
15.8198
14.1742
30.6338
16.1384
15.15
14.2939
14.4581
17.6931
14.2147
14.3935
16.9893
13.8555
14.7537
23.528
27.0453
14.2475
15.1494
36.6738
17.0207
26.9001
15.4161
16.4913
14.474
31.0978
28.7172
15.4649
14.6358
14.5238
14.3552
19.4733
14.0543
26.2456
16.0967
27.1698
15.357
22.0292
35.4925
17.4364
14.6025
16.0925
15.3187
16.9534
33.8547
16.4644
14.8382
15.7639
15.2069
25.5906
15.0143
21.1878
19.1256
17.3009
15.587
15.004
30.6779
15.7971
15.4246
20.3726
14.5931
15.9884
33.5075
32.6041
14.7503
15.3258
16.3512
15.2801
16.0228
15.4766
22.5602
14.3923
17.1641
21.7573
30.6627
28.9413
14.8352
15.5032
15.8363
36.9677
22.4907
15.1498
32.449
26.6052
22.8829
13.8218
15.9975
13.2955
13.4523
13.2091
15.6092
12.9226
14.6135
24.6377
15.0427
14.9549
15.6197
15.1751
26.2314
15.7667
15.1627
14.2098
13.8453
16.7555
14.8964
14.7837
16.3804
17.585
23.3446
15.0232
31.3131
24.4423
17.1832
19.9959
14.9754
15.6767
22.5977
19.4027
15.1351
21.3685
14.7875
17.7267
20.2202
15.4281
19.4698
17.5095
15.178
24.011
18.5372
15.6329
28.6618
14.9945
14.5791
32.1425
17.0985
20.3548
15.835
27.1776
15.3909
32.9056
20.7291
24.7575
27.6008
14.9004
16.303
17.2121
14.9934
15.2303
16.3266
15.7977
21.7612
32.221
21.1555
15.8886
15.8831
17.3833
15.3038
15.6011
15.3655
15.0304
25.0222
17.0886
15.2383
16.233
15.1296
15.2493
35.6757
17.5055
15.4374
16.9019
15.1888
16.9061
33.0504
24.4205
17.1818
15.2358
15.546
30.9001
18.5522
15.6768
31.9864
17.9364
33.1082
16.5347
16.8319
15.0776
15.075
24.4115
22.1441
16.9453
16.5729
32.7087
16.391
15.6383
15.771
32.1834
15.8341
18.5947
16.4547
17.3211
16.2146
15.6054
17.3192
16.3909
15.8165
33.1028
26.1871
16.1393
15.8173
31.8734
18.8666
16.49
17.5393
15.5431
25.5895
15.1131
15.4851
16.3222
17.2052
15.3601
16.2817
21.2744
16.5299
17.4019
29.6672
17.6023
14.6346
17.3268
17.2517
15.4602
20.856
15.9272
36.2053
16.0193
14.96
15.6101
15.2314
16.2444
30.2086
15.9078
15.8345
15.9591
15.407
16.3969
20.8753
19.7011
31.0558
16.9047
22.449
15.1496
15.9306
15.9009
20.0675
15.6798
34.527
17.5034
14.6286
28.8085
15.5184
14.6476
16.0912
15.5897
17.578
15.1896
15.8827
15.5351
17.7982
15.3212
17.0829
15.1688
15.0681
16.2992
32.7084
15.1941
15.2943
30.5657
15.6799
15.7874
17.236
15.8757
16.5162
15.4423
14.393
15.7747
37.7378
37.5254
18.595
31.7152
15.9644
15.9377
17.0741
30.9881
16.377
14.8163
15.9448
18.4543
27.9829
22.0259
18.5558
17.0836
21.0816
15.8753
16.4133
17.5735
16.1846
17.0762
17.5758
18.1104
17.1613
22.4673
27.4971
24.4538
21.0098
16.3209
17.5866
18.3689
17.7386
30.5288
34.0154
17.0509
18.1159
19.1028
18.0812
33.3833
19.3751
35.9738
18.8924
31.6523
41.081
27.0752
22.2638
21.2977
20.1484
19.8136
21.4632
20.7421
35.5435
33.037
25.9414
28.2645
36.6668
25.6175
18.6345
18.6739
18.9677
19.2062
18.3168
18.4252
18.6538
25.7672
19.4847
27.2558
20.7385
18.4091
37.4977
19.2862
31.2588
17.8937
18.5897
19.0584
19.1081
19.6572
19.8497
21.1153
24.9861
22.9247
20.4512
19.7355
26.5184
19.7885
19.9646
19.6275
19.8866
35.978
19.8037
20.6385
41.496
26.4532
21.605
30.142
31.6107
19.7742
19.4596
19.7009
19.3696
21.3884
18.7462
17.6314
19.279
18.642
20.1426
20.4065
18.9232
20.8366
36.604
19.7221
21.6399
18.9138
19.6018
19.5286
18.9883
32.0419
17.9741
30.7219
27.4244
19.3735
19.7728
20.0594
19.7043
47.1541
23.8454
19.8195
21.4782
20.6039
19.686
19.7664
39.9674
19.4311
20.7587
19.0799
20.4226
19.7125
37.0156
36.6957
26.8223
21.3892
20.7479
20.5729
19.6215
21.618
22.8626
23.795
20.2771
19.6492
23.1847
19.1476
21.0689
21.3138
20.4483
20.9245
20.6058
21.547
19.0006
20.2741
19.0722
18.9809
20.0574
19.6017
21.9787
19.2327
19.3009
18.6098
19.1596
18.6095
19.1521
22.5105
19.8531
25.0006
20.1301
29.7408
19.1422
19.1855
19.4663
38.7074
20.0889
18.8035
20.41
19.804
40.3613
23.6245
38.4273
20.0989
18.4284
19.2338
20.6923
41.0303
25.907
32.5082
32.0313
19.6253
18.8679
31.7655
19.1189
19.9496
18.9982
20.6991
20.3493
25.0044
19.517
26.4702
19.8353
37.352
27.991
20.0956
26.5563
21.0633
18.5355
19.5277
19.1136
18.8772
29.6878
19.9552
19.9201
19.7661
19.7196
19.127
19.1414
19.6697
37.2237
20.3792
20.0966
19.3549
19.6762
33.9597
18.5987
19.5967
27.7385
18.9337
19.1258
20.5148
19.1363
38.2455
19.1003
26.3488
18.8132
24.682
19.0004
19.3466
32.4563
19.0279
20.7445
20.5955
18.8241
27.1343
18.9722
19.7694
21.21
23.5179
18.025
20.5689
19.657
18.4043
21.3256
19.0479
19.479
22.5792
20.2821
23.0588
27.9282
25.7831
18.1636
19.0494
38.1089
21.2544
39.2899
25.4622
19.5792
20.3682
19.4905
40.2098
37.5008
19.9957
19.4414
19.1829
20.0298
20.0854
21.0819
19.4599
19.0265
18.8284
20.4746
19.9883
19.4562
19.1118
19.0099
34.9787
18.6301
19.3623
19.4948
19.2653
18.3518
18.6613
36.2468
29.3328
22.9153
18.7802
18.6202
35.9861
17.9354
20.203
19.7369
17.9208
18.0301
17.4675
17.4632
35.6741
18.8598
18.1807
21.9139
19.1398
23.1443
32.061
25.3273
28.8634
18.8184
21.8224
20.6305
19.7562
30.6256
19.8966
23.1705
19.9781
18.8984
21.2577
18.2676
18.4642
18.8825
18.5774
18.0619
19.6536
18.6566
19.6108
16.8455
21.8356
17.7787
33.8256
18.8807
17.1183
17.1088
15.9176
28.3104
35.43
25.3547
29.9976
16.1793
16.519
16.2743
20.467
15.9791
15.9208
23.5257
15.7078
17.3158
16.9418
27.9407
16.9941
33.8681
16.8598
30.233
31.625
15.8888
16.9719
16.3665
21.2299
17.7585
15.0778
16.018
16.0578
15.4003
16.9613
16.777
15.688
20.5315
16.048
19.5498
16.021
15.7525
15.7745
16.3013
15.3993
15.5612
15.7931
14.8195
14.9893
17.7615
18.8364
14.6377
15.7861
16.9111
33.9746
17.0037
15.9719
14.6415
17.2223
15.461
15.4135
15.0116
15.834
15.0648
22.6562
14.6334
15.7067
15.8348
15.6653
15.2219
14.8052
14.9449
31.517
20.4032
19.0596
29.5122
17.6921
14.8921
24.653
15.9023
16.7392
15.9438
39.3053
16.4356
16.098
17.0028
22.8089
14.9292
18.5945
23.6484
15.1759
20.5278
16.4589
15.1001
22.6109
16.2359
16.3664
26.4753
16.751
16.2403
34.6998
16.7483
15.2743
15.0666
15.7246
18.2902
15.3792
16.6364
15.4011
17.0157
14.9771
16.7778
15.393
24.5609
16.5851
15.368
15.8137
15.6284
15.9918
15.3145
20.3448
16.7221
20.5851
15.2725
16.3548
27.3145
15.6303
17.1023
16.2529
15.094
16.6516
15.4521
15.4488
25.5902
15.0318
15.1582
30.2625
16.9089
14.5141
16.1793
18.0293
15.4442
22.3834
28.4025
16.2395
15.5163
15.5996
15.9836
15.6774
22.7314
16.5307
16.6607
18.302
15.5117
15.9535
18.1083
15.1369
15.8129
23.7172
15.2079
18.7664
15.4999
30.4269
18.1243
20.6258
16.0455
15.6984
15.0581
20.6695
29.4236
23.9122
16.0455
22.6753
16.4781
34.2297
16.692
15.7319
15.2654
15.8123
16.4782
15.6751
18.16
17.0166
15.0998
15.1177
16.3447
16.4382
18.7636
15.6252
16.3799
16.5231
15.5867
16.318
16.0906
17.6337
15.685
32.9898
15.756
24.6763
15.5818
16.6145
15.7531
25.2611
26.0884
34.8425
17.1046
31.9719
18.4566
16.3585
16.9228
16.2902
25.0758
22.0828
15.4239
21.6452
15.3454
30.2351
26.131
16.6749
16.3872
18.3538
27.7114
30.8808
16.2341
26.5293
16.3433
41.5819
19.2829
27.1851
21.7747
15.6128
20.3924
18.3569
36.0176
31.9379
16.5492
18.5736
16.5958
18.795
16.842
16.0513
23.7569
17.0174
15.8415
18.023
16.7665
16.1957
17.0149
16.5477
17.0609
18.7123
26.4757
17.3441
20.2495
16.2037
16.9817
24.8209
19.5435
16.8001
17.7611
17.2467
30.0519
25.4465
34.2062
35.0876
20.0536
17.1394
17.043
17.3748
16.97
16.7883
32.1173
17.4626
17.0842
37.7863
17.7955
17.6183
17.6437
17.6223
17.9526
32.5897
35.5558
18.0606
17.4734
18.5929
17.0142
16.8748
33.4444
18.3387
16.8822
17.6574
17.5869
17.8452
17.52
19.5423
16.2426
29.0264
16.7479
17.8038
17.6003
17.9214
18.0413
36.4739
16.8735
16.9742
18.1729
25.3862
17.2128
19.8912
16.8563
32.2032
27.1537
20.3735
18.1152
17.9374
17.0256
17.4129
19.0597
34.9408
29.0176
23.7082
18.3494
17.9346
33.8817
20.5558
18.2016
18.124
18.8003
18.9098
19.6492
33.9045
40.0292
20.6458
18.0154
19.9711
17.7255
26.8502
19.2593
18.2444
18.6854
42.2765
18.4486
18.2461
38.2776
17.9648
20.8826
19.7899
20.1824
19.3619
18.5261
26.3657
18.1997
32.0446
20.4868
17.9276
17.4044
17.3298
28.5213
26.4175
17.7517
20.7152
18.6825
33.0014
26.3568
27.4873
27.0043
33.4794
17.0105
24.5562
23.306
16.8823
17.4159
17.0833
17.9662
17.6758
18.0869
18.9799
17.7145
18.0233
19.2763
19.0669
16.7045
24.5631
20.796
20.104
16.803
28.4161
16.9229
17.2395
26.1451
17.4218
19.6738
16.8645
16.097
17.1328
18.0363
17.1242
18.9468
16.36
18.5192
16.2408
18.1353
17.5499
17.0861
17.9077
29.2048
31.2246
18.6587
16.4066
18.7431
27.5457
16.2021
17.0628
16.9765
15.3537
40.5707
33.0331
17.4039
27.2729
18.6323
15.336
27.8046
15.2169
18.0198
17.8089
25.4538
17.7968
16.0446
21.7197
21.6896
17.5668
15.5263
16.0131
16.2208
15.6062
20.3162
20.8865
15.3479
16.3273
16.8404
25.9277
17.4053
21.0599
24.3761
25.469
16.9691
16.4078
17.9908
18.0211
24.2685
16.0777
17.4578
17.0807
15.2101
16.8625
17.745
24.7929
26.4919
15.6425
28.8482
16.4792
15.5861
34.0058
16.9819
29.6423
16.606
16.0815
15.6005
23.923
16.0337
16.3127
17.4272
15.3366
25.0106
16.028
16.079
18.1312
22.1306
16.5323
16.2044
18.9464
15.5182
15.1272
28.2546
25.735
16.396
15.7172
16.1227
15.3928
16.5513
15.5923
24.3552
15.4373
18.5976
27.9475
18.7306
17.1104
16.4356
16.5759
17.6885
17.0169
15.8976
16.3333
26.4619
21.4754
16.3972
15.999
15.3873
26.3729
16.2463
15.4718
17.0928
16.5833
16.5181
17.0975
15.5027
16.0902
16.1543
16.7146
37.1814
18.8869
16.546
16.2822
15.6301
19.1544
22.2987
21.2773
15.0456
16.846
15.7332
34.8479
15.2587
17.012
16.1529
30.7232
26.048
17.3
30.689
16.3363
15.4257
27.0235
18.3579
15.8327
17.2835
28.4538
19.9892
15.7482
17.5708
15.4826
17.3319
16.9176
34.9054
16.1686
16.6688
16.6964
16.2603
15.7951
27.6158
17.217
16.6021
17.686
26.9721
29.3033
16.8567
16.1244
16.9056
17.13
36.3591
30.6682
23.3678
16.6324
18.1018
17.3762
17.214
17.3759
17.4426
24.8224
19.5594
21.0657
18.3788
16.6962
17.3209
35.4083
28.0073
16.4697
22.6648
22.4031
22.8091
19.0439
16.86
19.8234
20.6941
25.712
21.4296
21.794
16.598
18.3151
17.8156
16.8286
16.3785
33.424
16.4126
16.415
18.3836
15.8185
19.4421
17.4084
18.5069
18.3486
33.6288
21.5774
23.6546
20.6079
15.664
25.5751
16.5909
17.0426
17.1052
17.1582
17.8049
17.302
17.9932
19.1029
15.7368
18.1225
15.848
32.8846
24.6117
17.3579
18.1216
18.329
16.6948
19.8384
16.3296
16.6347
17.634
17.4918
17.4497
17.1389
16.9367
19.234
16.5488
38.0296
23.9947
17.4708
16.9817
17.2473
17.0727
26.3126
17.8966
16.7622
26.7177
17.1105
23.7035
16.7675
17.4873
17.6797
16.4355
34.7039
17.485
16.6782
21.0834
16.7399
17.5011
16.8365
17.0322
18.376
16.5475
17.7375
18.4291
16.6915
17.6094
19.3828
17.0307
20.5031
32.8776
18.116
33.9919
17.2671
17.1503
17.5797
18.2869
17.1233
17.8076
36.012
19.611
19.4682
18.3618
18.3348
34.5875
18.0462
31.2118
17.8613
25.4924
18.5408
18.6118
18.2822
16.7492
19.5532
17.4452
26.819
17.826
32.543
32.5493
17.6852
17.4082
16.9536
17.0303
17.8609
17.1279
19.4265
19.5931
17.2581
37.8769
24.5784
23.0271
23.3291
17.1037
18.4109
25.175
34.2563
28.6071
18.0016
17.5797
19.7276
18.4666
17.8139
17.668
19.5809
39.2688
16.9842
18.7045
17.4297
16.7918
27.2838
26.1019
21.8064
19.6258
22.8005
22.2958
23.0704
18.1537
32.6855
19.0838
31.5128
17.6929
24.9544
18.1082
23.1858
17.7113
17.6906
24.1477
17.249
23.196
18.5294
18.0382
33.7176
17.979
37.0434
18.879
19.9397
19.137
19.0634
17.8763
17.9381
17.6663
18.5805
18.505
17.4562
37.2132
18.4993
18.8601
38.1235
31.2075
19.9444
20.7914
28.843
21.5129
18.9406
18.5722
17.38
17.9878
19.1715
17.4145
19.3182
29.0094
18.9241
18.4601
35.6591
17.5821
21.4986
22.0289
17.8138
25.7053
19.4031
17.8585
18.835
23.5699
19.4288
16.7958
18.5318
24.4546
18.786
26.6072
18.464
27.6405
17.9372
17.2822
34.7316
29.3373
20.1722
16.9762
17.3485
18.8438
17.7412
19.5287
18.3011
32.8594
17.851
17.6941
17.8909
18.9006
28.2079
17.7241
19.0526
18.8065
17.4447
18.1988
17.9769
17.0996
30.839
17.3102
48.0475
30.6751
16.6309
17.7844
20.9119
16.3449
17.1508
19.1772
26.628
20.7542
15.8396
31.8112
23.9494
16.7149
17.6385
16.2004
35.1428
29.8099
20.2087
28.2018
18.8501
18.8745
16.3505
17.6931
16.3147
39.5616
33.5934
18.41
18.7329
16.8597
19.8856
21.7159
16.5971
43.7978
24.6836
19.052
42.5751
22.6026
20.2684
19.8971
21.1574
19.7192
19.5933
41.0676
35.1482
20.7842
19.7052
19.6635
20.646
19.5973
38.3849
24.281
28.8444
19.7249
19.9571
21.2187
20.345
32.7401
30.1326
21.4893
20.6972
20.7477
20.2489
21.6776
20.7743
19.8679
33.5934
40.1506
37.1638
34.7121
35.3876
20.4295
20.6098
21.2911
30.2894
23.1518
23.8448
22.549
21.127
33.0337
21.9695
36.9284
21.6
31.425
23.2598
21.5077
23.7403
20.9657
23.6063
21.0043
20.8975
20.3589
23.2415
37.5094
21.9916
21.3715
21.2217
34.9539
24.5824
46.9301
22.682
20.5846
20.5223
21.1353
19.9033
47.9998
28.7651
21.7649
29.851
22.6411
23.3028
37.3484
21.0172
20.9646
20.6021
20.4014
20.7219
21.3159
21.1216
20.8233
21.3713
20.1185
20.6933
20.0505
20.8813
20.8361
24.2848
32.2852
33.2278
20.2685
30.0567
19.4173
21.0915
26.7961
20.4328
22.9843
22.0171
35.2164
20.7133
20.2156
37.4962
38.7407
21.0393
20.8648
19.5269
21.2448
20.4563
19.6097
21.3264
29.1134
21.1128
19.7248
21.8162
20.7484
21.6642
20.2698
22.5374
19.2598
20.6577
23.3693
20.2877
20.6738
26.4963
20.0518
26.41
33.0952
24.7957
21.1166
42.2071
20.4956
36.104
20.5966
21.5113
23.4
21.2763
20.7275
20.9533
22.4581
40.8579
23.7846
32.9242
20.0273
20.8659
22.5194
21.2379
20.4879
19.458
25.5114
20.5145
25.3358
19.8791
20.1592
20.9208
39.1
19.8056
20.636
20.698
20.5279
21.0155
21.2539
20.55
20.272
31.394
19.8142
21.383
20.7367
38.7771
20.3142
22.9148
21.8493
20.6567
20.5373
22.0333
21.4872
28.2613
20.3681
20.8002
20.3004
36.7502
32.3656
19.7662
19.8856
34.4864
19.8312
20.4253
31.1124
22.2931
29.248
21.8991
19.7628
20.6019
34.6674
30.3172
20.7204
21.3799
19.7848
20.3863
20.7744
20.5457
22.193
22.2219
24.5707
21.444
20.3363
23.8279
25.9213
21.8216
21.8571
20.1782
20.5155
22.0244
20.9493
20.6576
26.7607
20.7883
21.3593
28.8693
20.9499
20.1982
28.7092
20.5457
20.6149
19.7441
21.8158
20.936
20.8273
21.9242
21.5997
22.103
23.5481
27.686
22.2037
22.2758
21.2546
37.9341
21.3021
21.5218
20.531
36.1836
22.8845
22.2421
23.9065
22.738
21.4555
22.0062
22.8326
23.9944
22.9059
23.1323
23.7684
23.4862
24.1555
32.545
22.8254
22.718
23.5702
24.0078
22.8018
22.8488
22.7046
21.2177
20.4775
38.4741
21.9935
42.0524
20.4124
21.5396
21.0066
21.2686
19.8752
21.5081
19.6357
19.7016
18.4119
19.3567
19.905
22.6006
38.6538
31.0251
34.8316
40.1972
25.1478
18.0778
18.2796
17.5566
28.6814
18.6733
24.216
44.6993
21.1247
17.54
17.1411
16.6047
17.4761
18.503
16.9797
17.0074
17.4341
17.8855
18.1483
19.2418
28.4996
17.7763
35.5453
19.1271
18.6552
17.9732
25.912
17.9268
29.6383
37.2087
21.0635
18.8275
17.2607
36.6798
25.9285
28.3628
36.0627
20.0571
17.7964
17.3004
18.5547
22.8089
18.7477
17.797
18.764
35.0302
20.7462
18.2636
17.7686
34.1551
23.6227
30.1042
17.8619
17.8295
18.3772
40.509
17.8737
17.2758
18.1936
18.9083
19.0042
18.8554
48.3386
28.4834
18.9942
18.4237
37.0012
21.2829
21.592
16.7737
26.431
22.8642
19.1527
18.0959
17.6694
20.1854
18.3865
18.1719
19.4801
17.795
28.9475
18.7365
18.214
18.2489
19.7068
17.8842
19.2965
38.2114
33.031
17.4507
18.1776
18.3987
41.1106
26.2518
25.103
17.2524
18.1277
17.9855
18.8497
17.8778
20.3481
22.7373
19.9941
19.5534
27.3495
25.3572
17.9526
19.599
18.3424
20.2627
30.0545
18.3023
18.5384
17.5968
17.8854
18.493
18.3099
17.6136
18.5657
29.7457
25.361
17.6045
40.168
41.1598
18.8442
17.5515
19.1362
17.4873
17.9168
18.0313
20.5121
17.8126
17.7786
18.785
17.9635
18.0668
17.7449
34.8726
36.0867
18.4453
17.7209
18.8012
17.6989
37.1134
20.5952
18.4831
19.0537
19.2282
25.9454
20.0215
18.2051
17.7701
20.9199
20.8728
18.1383
18.6728
18.6925
18.0688
17.8544
25.176
29.0369
18.719
19.6219
18.4458
19.0479
17.6191
33.9356
19.3845
17.5496
19.1419
16.9609
16.8832
17.4251
17.8778
17.7597
18.5859
16.9474
18.8169
20.1155
17.5469
17.2914
17.1915
22.1856
16.2553
17.2164
17.0401
17.1634
32.472
19.256
19.1955
16.6085
19.2863
17.1765
20.6202
16.86
16.4618
17.926
17.1938
17.2166
19.7231
17.7466
17.7701
21.0316
16.8504
18.1651
18.3607
17.171
17.1499
17.5989
17.805
18.9394
17.5357
21.8838
16.5192
18.2746
17.6916
17.4994
17.7731
17.7227
17.8875
18.3278
22.2172
17.8292
37.5639
18.2978
24.415
18.2118
19.3275
17.3461
18.3986
18.2606
17.2024
19.3656
17.4842
17.7889
18.3466
17.0279
26.3308
22.5794
21.0529
16.22
19.4322
19.0044
17.7896
18.8241
18.345
30.1876
23.6599
29.3424
17.2855
31.6355
40.7576
18.7811
24.0301
16.4737
16.1702
17.9053
34.0796
16.9313
16.6905
16.4078
17.3713
25.8736
16.4907
19.6124
17.6021
16.5563
16.7614
19.9187
16.7365
16.6449
19.2399
19.2091
18.3869
18.6597
16.5475
17.7203
17.5388
17.4095
24.7362
17.6507
17.9752
17.3084
18.1913
16.4016
17.9059
17.5461
16.0439
16.9747
39.3238
25.9848
16.5456
15.8634
17.7031
16.9847
18.527
16.8597
25.3245
26.1999
17.1274
16.6025
16.7281
15.6455
21.6626
19.3431
15.6859
18.4018
38.3073
18.3688
15.7077
16.1214
18.7753
20.6578
32.753
16.7992
20.1091
17.4655
19.2285
20.084
16.2833
19.6935
15.4464
21.011
16.1615
17.9201
15.7429
16.8561
15.557
16.0417
16.1975
16.7425
16.3471
15.1907
15.5806
16.024
15.484
15.3206
23.5884
34.66
16.7694
24.2296
17.6944
22.8934
23.335
15.7098
16.5002
16.3971
30.2735
16.4917
15.8187
15.4143
18.1375
27.7217
15.4563
24.9512
16.8283
18.1335
16.4175
20.2315
15.1113
16.367
15.3717
15.7543
15.7148
15.4937
16.3227
21.0251
16.5274
16.784
15.3545
15.7698
15.8187
15.7957
15.4776
14.7612
15.4031
16.2768
31.3062
25.2884
15.3911
16.4502
16.2236
15.0236
15.4331
15.4872
14.9184
24.829
16.5043
16.2399
15.9783
17.2238
16.867
18.5343
15.6749
25.4049
21.8181
28.7153
16.4484
15.6269
14.8959
17.3861
15.9117
15.9011
18.8156
24.0867
17.0545
16.6618
18.0927
15.4225
16.1968
33.4834
17.6187
17.7232
16.0016
16.136
15.9579
17.5067
15.665
19.4206
16.4219
16.1746
16.9703
22.9597
26.1706
16.2104
16.5244
17.8649
17.2474
17.762
24.0465
15.5358
32.9829
16.8246
15.634
27.4872
16.6993
15.4928
16.7129
29.2102
17.6077
27.718
17.0748
17.0031
15.405
28.4231
17.0046
16.4969
15.3728
16.1929
16.1783
34.4365
16.4506
32.7454
16.0582
16.5583
17.3488
16.7023
16.3398
17.9125
16.2104
29.2425
22.7432
15.8603
38.7966
21.1766
16.9281
17.9659
15.8961
17.0194
18.049
16.9069
17.253
16.2997
16.7454
18.2981
17.6449
17.8673
16.5964
24.1694
18.417
17.6679
19.119
28.9212
21.7267
16.4219
17.1965
18.378
18.176
29.9632
17.8213
18.2362
19.1769
17.8635
17.8243
17.198
17.432
16.8355
17.4019
17.2536
19.1432
16.7651
16.9442
16.7071
19.4949
16.1879
17.0379
16.9157
16.7743
16.4075
17.2992
34.0787
34.9161
32.9916
25.2311
16.4903
17.3213
18.0229
16.1558
15.3887
31.1843
17.9887
17.0532
17.7461
16.082
16.7509
30.3958
18.0511
27.783
16.1142
17.0028
16.6755
18.1081
18.4371
18.3941
29.9311
16.5565
17.8758
17.2506
21.6574
16.446
18.6716
16.4123
34.4238
18.7479
30.0039
18.3837
18.3883
27.8785
17.1838
17.9578
18.3855
22.0221
16.9732
22.7726
19.7334
17.0645
16.8555
17.6516
17.1103
17.1314
17.3845
17.8078
25.1006
23.7399
21.7505
18.7306
15.436
16.2886
16.442
17.6861
18.4027
16.4282
16.1792
17.9802
17.7965
17.6461
17.6314
16.3841
16.2727
40.6282
26.4827
18.3856
25.2484
23.2466
17.8077
16.8853
17.4143
16.9507
33.0988
17.0741
25.1608
16.4234
28.9448
16.2021
16.3198
23.9174
16.9912
16.2448
17.338
17.1534
20.5335
16.7819
19.447
17.5253
26.0995
16.6978
15.5733
19.8294
22.2025
15.9368
15.7265
17.0665
19.9952
15.7031
15.7522
15.6144
15.6926
16.7681
15.7421
16.8797
19.8047
16.1329
16.5469
16.8647
29.6061
21.7261
18.1423
18.6403
18.2584
19.4109
19.8696
18.3053
24.4552
34.7361
22.905
20.6952
40.6022
20.7497
20.5316
19.3568
19.7648
21.1934
19.7208
20.0782
23.2623
20.3837
20.9072
20.9598
19.6556
21.1807
44.4766
19.7341
20.4344
22.8071
20.4833
21.1736
19.2874
21.2389
19.8543
33.5142
18.8679
20.2206
27.8433
19.6681
20.0381
20.8406
24.0463
20.4298
20.509
41.3717
20.3379
21.5693
20.8587
19.7262
20.2805
21.1018
20.5194
21.4173
20.083
19.7291
19.4151
20.5052
20.5104
19.3183
20.8254
19.8876
20.5515
20.2923
19.2656
28.0042
19.4526
19.4938
19.5473
19.905
19.407
19.5032
19.1375
27.7621
19.9435
20.6697
39.3772
20.6856
22.6418
21.0103
20.747
35.5589
20.9287
20.1637
45.8453
28.8366
21.03
33.6735
35.813
19.7857
20.6472
19.599
37.3354
25.1136
27.0735
20.8997
20.5357
21.0215
31.6519
19.9384
32.6624
21.4932
19.9385
20.0405
21.5727
19.6668
19.2051
21.0213
19.7887
20.3697
30.3772
20.5074
19.4101
33.9368
20.0628
20.3181
20.871
21.4144
45.8671
20.4417
19.8693
37.924
20.9014
20.628
20.4364
51.4357
25.4403
20.2105
20.2716
19.3645
28.0371
29.3907
20.4696
20.6112
21.6934
20.3132
19.6568
20.3645
20.3383
20.2829
36.7629
20.7555
20.2213
38.6748
33.511
23.3479
33.0444
30.5052
20.987
29.3879
22.6391
26.5888
21.5486
36.8164
22.9183
19.6127
19.8051
20.5453
20.7906
20.2604
22.9023
21.8881
21.3206
20.1237
22.1901
21.2998
20.8721
29.8578
20.4703
20.0288
21.0233
20.3645
20.6164
20.8696
37.6223
21.01
21.6259
25.4464
21.1072
20.5628
20.7785
20.7573
23.4892
21.8462
42.5398
38.0074
22.037
20.312
20.8036
22.0794
21.4763
20.4568
20.7373
19.9271
26.3003
20.1423
38.7295
22.1736
20.0298
35.4952
29.0732
20.6826
21.5436
20.188
20.6401
20.0393
21.2205
21.0069
32.4644
20.2752
24.4832
21.68
40.8622
21.1147
21.1634
20.8739
39.4006
22.8209
20.7247
20.6868
20.7671
50.5035
23.2683
39.4235
40.1249
21.7338
30.3549
39.7866
21.5971
21.0356
21.6831
23.904
22.8235
30.7392
23.0349
20.8746
22.3561
21.2226
21.4815
39.2053
21.2242
23.2541
21.2797
21.1184
22.1211
21.7413
20.5595
28.3549
20.8007
21.2691
20.9684
44.7185
41.1018
22.7922
21.3575
37.3825
56.6067
24.9969
21.8703
39.5956
31.7801
39.1537
21.2668
21.6326
21.9465
29.2833
21.9156
21.2044
22.0899
22.1654
21.4459
21.8725
45.5458
37.0982
23.244
22.363
29.9713
24.2034
22.7849
40.1888
40.7482
24.0432
24.1364
39.1446
40.1056
37.5486
22.0549
22.1597
22.1042
23.6657
35.8863
23.8718
34.3911
22.4779
29.9964
37.4956
26.5844
21.3531
20.7863
21.6753
19.8177
20.337
21.5694
21.0587
19.645
30.2757
20.721
18.3552
20.7623
18.5774
28.3373
27.3557
18.274
32.0079
19.7281
28.6417
27.3385
17.5887
26.8189
29.2253
29.8602
17.6889
17.3239
18.0482
17.7286
34.3045
24.7289
17.2391
35.5208
17.6178
18.9275
18.8359
18.803
17.5386
17.2217
18.2332
17.5461
18.6566
19.5855
19.4563
17.8035
17.7527
18.8876
17.6688
19.4075
17.0129
17.1193
17.8652
17.5093
43.909
32.1085
21.9466
21.6441
17.9314
27.4011
19.4185
17.3008
20.5794
20.0559
27.8519
17.4216
17.5182
18.0926
37.1697
18.5245
17.3894
17.9819
17.2726
31.2043
18.8393
33.3724
23.5438
17.6556
28.8627
17.8456
17.6694
18.1459
17.9463
30.9388
43.8897
20.9216
17.7077
17.4744
16.8534
32.7414
17.129
18.185
18.1857
25.1881
18.3392
19.3524
19.4878
20.4003
17.1433
17.4824
17.633
18.0821
17.49
17.558
34.6927
19.4432
17.9878
18.3691
16.8463
17.9626
17.7779
16.821
17.5542
18.1188
17.1858
17.8299
19.6127
18.4027
18.9721
27.6658
19.0839
17.5638
25.0251
21.143
20.5805
17.3152
17.9282
18.1788
26.3413
17.9139
35.6621
18.148
19.1087
27.7112
39.0524
20.0696
17.6178
19.0331
43.5839
19.8936
18.0524
17.1306
18.0742
19.3344
18.3175
17.7559
18.3275
33.0922
18.4777
24.3138
38.1791
19.688
28.2801
18.6171
23.2811
19.6812
18.2858
18.2513
17.7239
17.7866
18.1795
18.4266
35.3179
18.2875
41.5665
30.3687
18.3242
23.1999
18.4926
19.6496
19.6533
17.928
19.6743
33.7847
28.5929
19.4339
19.4757
17.1449
28.7808
20.2437
27.4265
24.8037
18.8103
30.8369
17.762
30.5534
18.3037
36.5107
21.6497
18.1931
17.8544
18.8958
19.3317
17.6389
18.4557
18.5525
18.1485
19.0485
17.5376
31.0377
17.8793
18.5985
17.5196
18.0008
18.0054
36.0278
17.6645
17.7753
18.2606
17.6645
18.4154
22.4117
17.646
21.0238
17.0366
24.6325
18.8168
18.3124
30.3434
19.7682
18.5308
30.4216
18.5837
17.7109
19.6069
17.6619
25.2606
23.9484
17.6742
20.4802
24.542
21.4962
18.2543
18.2409
17.5117
35.4984
18.2647
17.9688
35.4461
39.4938
34.5893
34.7425
17.6478
17.324
44.8798
45.2644
31.6894
17.6823
16.6744
24.1687
27.9492
18.0907
16.5678
17.2092
30.0782
18.2485
19.8026
17.9738
17.6409
17.859
19.8098
17.4166
17.5598
42.2701
19.4238
44.872
36.1093
18.4258
42.8927
28.9736
19.3995
31.675
19.8634
28.1026
17.927
18.2151
19.0726
18.498
23.1182
47.5144
41.4164
26.4477
20.7205
25.6909
19.6402
18.1616
31.9373
20.5184
23.6561
37.4271
18.289
36.0467
22.5899
19.0544
18.3561
19.1048
18.919
18.5839
28.5767
18.4359
19.2003
19.7247
18.639
18.8818
39.2317
21.142
18.7715
33.8199
18.7902
18.8044
17.947
20.1654
17.8761
19.3523
19.8186
17.9423
17.8009
28.4747
18.2242
20.2988
37.1068
35.5164
19.447
34.1969
38.5375
34.9605
18.2033
40.5626
29.6444
18.367
35.2429
18.4665
19.2632
18.279
20.6446
18.3106
44.1632
41.9263
20.969
21.1411
18.4349
19.6734
19.433
18.7435
18.6763
22.7502
19.5526
18.8998
36.1674
18.9757
29.2205
19.4722
20.2615
20.2013
32.1472
25.4537
19.6545
19.3843
19.3102
42.373
39.705
19.8127
19.6243
37.2427
20.2388
26.3787
42.0463
18.6891
20.2714
29.2854
35.8894
27.9831
18.5814
19.0952
31.0533
18.1535
39.7878
21.6982
48.4163
26.5028
17.2084
18.1721
23.8068
36.3402
26.9073
18.251
18.4102
21.0881
18.1709
22.68
19.9728
29.0099
19.0913
18.7303
25.2635
21.867
18.9199
24.4968
17.7041
28.0293
30.34
18.6208
17.5849
25.9109
24.1448
35.5179
18.5439
16.9883
18.7001
16.737
45.0833
27.6296
24.4701
16.7007
16.9851
25.202
15.9416
35.5122
16.5642
17.8052
37.1177
16.9967
17.1299
24.2608
36.3381
34.1018
17.4118
16.8631
16.7126
16.4096
16.5832
16.5985
32.6095
19.9811
32.0155
18.8379
20.6609
17.0232
19.0556
30.2525
19.7091
16.8262
23.8985
17.2646
18.7565
15.6985
19.894
17.1522
17.8905
19.3267
17.3347
15.2622
15.4979
16.1828
17.377
24.4363
16.1854
32.6516
18.6554
18.7413
16.554
17.0376
19.8604
17.1457
22.3332
17.7569
16.2718
17.2915
27.5036
17.1681
32.4526
40.1516
21.2898
16.778
32.0329
19.4593
16.149
16.8073
31.8659
24.0176
16.1151
25.8429
16.2892
19.3065
16.3055
16.5233
16.4981
15.3634
16.696
17.6445
15.4436
25.1987
16.7399
16.0441
20.9555
27.6342
16.1001
17.3148
20.3292
24.7715
17.8132
30.3486
15.835
27.4612
17.5661
17.9371
20.941
29.3076
20.1751
16.735
22.0535
29.669
17.2601
43.2077
21.7901
37.3647
19.3001
16.1917
17.0186
17.3347
19.7923
27
30.1051
23.487
17.0516
17.2079
18.0096
18.0454
15.8273
17.1534
17.7206
16.1133
17.6474
16.8841
16.6428
34.0074
17.0329
18.4815
16.2945
35.2213
26.7268
16.7369
17.8381
15.8248
16.5662
16.5884
16.3258
17.0322
21.3025
22.0597
22.0506
17.6757
22.3454
16.2272
16.1697
16.1587
16.5229
16.3587
16.8084
16.5101
18.2316
25.5616
16.0663
33.9406
25.4396
16.4314
17.3577
16.9639
16.9824
24.84
16.9972
18.5911
17.2216
17.4266
17.152
17.9109
18.5042
35.6113
32.5108
28.8237
24.4076
17.151
35.6843
23.7263
28.2943
17.5981
17.7969
32.4389
17.8148
18.2631
38.3446
18.4343
17.7595
18.1983
42.3154
44.0346
27.8393
30.2466
18.116
26.5629
30.7042
27.1178
28.1724
17.8253
21.6908
29.1779
17.1282
18.6674
17.6266
16.4897
29.5898
16.9594
18.5764
16.89
37.3787
20.3851
19.4057
17.4747
33.0326
16.7415
26.1852
36.1927
16.8811
19.8173
18.8634
18.8646
17.1021
31.8032
17.8541
17.0769
18.6722
17.4072
33.2131
18.4407
36.2837
34.4651
17.5171
17.6628
17.7998
16.6216
16.9753
17.5865
18.0522
18.085
19.1961
21.2076
18.4958
18.7386
18.5227
19.6222
17.8643
18.5994
18.9335
19.9262
18.2342
18.2648
19.8583
31.1064
18.2886
31.2704
19.2892
17.8147
37.0673
18.4428
17.5466
18.8128
28.0827
18.229
37.0718
23.584
22.7654
19.1592
17.0611
18.6989
18.5017
29.1961
28.6568
17.3602
16.8997
37.5245
18.6229
17.3777
37.6343
33.2813
17.4817
17.9531
17.906
17.5822
19.9388
18.7966
34.2919
16.7952
19.0833
16.9699
17.3439
17.6973
32.0253
17.5427
18.4918
18.6141
19.5461
17.7108
36.1258
19.4541
17.818
16.9113
45.1759
34.461
17.5653
18.2818
18.1889
18.2053
19.6865
18.5175
18.6574
32.39
31.299
29.1973
17.9322
20.3132
17.7127
18.3303
18.135
17.136
18.9325
19.7919
20.302
18.2372
18.1575
18.2845
38.199
18.1933
20.1646
17.4277
33.8981
34.1352
32.7544
27.7994
19.3368
18.0941
22.263
20.2729
17.9719
19.3538
19.077
21.0515
19.6907
19.1594
34.62
21.516
30.3063
21.3886
20.6428
22.2552
21.1115
21.3115
23.8533
36.067
43.4162
21.6417
35.9242
21.4209
19.4341
20.3146
20.1739
20.4149
20.6727
19.3142
20.0209
19.9873
44.5541
20.6535
23.4941
20.9
27.4464
20.9826
21.2737
19.3723
20.8519
21.0884
28.1408
20.1085
22.8057
21.8441
25.3198
27.5559
21.257
21.3153
37.4411
21.3794
21.5402
20.8549
31.8132
26.7329
21.3761
21.0143
22.0915
21.1991
21.4897
20.1707
44.8901
38.0169
22.6581
21.269
21.1889
35.928
23.0833
20.5275
20.5286
20.7911
20.1543
20.5096
21.7582
37.2746
21.5486
21.2852
21.1392
25.53
20.8884
21.1005
21.7603
20.3797
31.6163
21.715
20.5294
47.0175
24.4548
20.4725
20.5146
20.8514
32.2003
20.1652
22.0178
44.0942
36.2262
20.8503
48.0986
28.789
48.8763
22.7197
20.9188
22.3933
21.0815
21.2723
20.6786
20.3316
38.2227
36.4087
25.6272
21.3585
20.9642
21.5538
22.1607
20.9229
22.5247
20.0433
21.4656
21.5522
26.1286
32.1558
21.2462
22.58
27.45
20.7216
22.3112
19.7699
20.9514
20.5704
20.2492
35.2384
20.1933
19.3118
20.0788
33.4795
37.2827
20.3698
20.2677
21.0917
20.9818
20.5875
19.6297
21.054
23.4274
22.2516
36.5555
42.362
26.2083
20.8871
21.2896
44.9142
26.7899
21.1214
19.7621
20.649
21.0882
19.8067
38.3049
22.1189
20.6423
22.8604
21.0768
24.6473
21.9087
20.5787
36.8103
20.5613
28.4766
28.8318
21.6384
20.9314
20.7479
26.4563
20.8479
22.6312
20.062
21.2951
21.3837
21.992
20.5756
41.412
22.6558
21.3095
20.6823
22.1338
21.7138
22.9702
28.7084
22.0833
21.8916
21.2543
21.1101
21.3896
21.1178
21.4233
21.6898
31.4161
22.4744
21.1456
26.4215
39.8016
21.1804
21.2741
23.3952
28.9693
22.6634
38.9289
40.8672
20.3278
20.6499
20.2345
20.6911
21.6979
29.142
28.1806
21.1769
21.6279
20.1381
30.7805
20.3669
20.9059
20.7515
20.2254
20.9336
21.2372
20.9183
27.2209
20.7658
23.1446
22.0339
20.4093
21.4917
21.6945
22.0904
21.4891
20.7829
20.352
21.6981
23.1852
20.5317
20.5557
22.5941
22.0422
31.2485
20.4829
20.3499
19.8344
21.4036
20.2761
21.0585
21.7218
37.8585
21.6959
20.4282
19.8929
27.3455
22.4426
21.3342
20.0165
21.359
20.2153
21.2246
20.5257
24.1282
42.6439
20.3389
36.3897
20.8833
20.4322
20.908
21.4999
22.0539
20.0805
37.5825
21.0943
33.8428
36.2856
22.6258
21.3117
21.2737
33.3421
20.5061
24.8113
30.4139
20.7457
19.5086
21.5076
20.5225
20.256
20.4571
21.204
20.5628
21.7581
19.6876
20.3034
32.4693
29.8088
20.2684
20.6114
20.7591
20.714
35.6402
22.9963
21.0395
22.9478
20.5784
20.9607
20.3157
21.1903
20.446
21.4741
40.3334
21.765
23.435
20.4158
33.5621
20.7977
21.3665
33.9189
23.0447
32.7178
22.9849
43.3191
29.9255
21.1313
21.9581
21.7748
21.9704
22.2012
27.8274
22.8815
22.2397
21.1786
31.7551
21.7089
20.0598
21.6592
21.3488
21.9037
22.0645
21.4198
43.0471
21.083
39.5864
21.4654
22.2571
31.6954
22.1319
28.7974
24.0907
34.4839
22.4853
21.6245
23.0078
23.3367
22.2199
22.8053
21.9809
27.4346
32.7542
22.959
22.507
28.4224
28.2706
30.2781
22.3865
21.8759
39.8639
21.766
23.1668
23.7745
23.3962
21.8027
36.9304
22.8741
23.0958
28.4911
21.1013
26.1324
23.0432
23.0385
22.8177
21.2208
21.4955
22.6593
25.4047
21.7714
28.7648
21.1072
21.8904
22.5091
21.0377
21.5012
22.171
20.2385
20.4526
19.5231
50.7382
24.8957
19.7053
20.9617
19.9493
18.7151
26.312
19.009
25.3956
18.9117
19.5952
18.7659
19.0813
19.4587
19.9939
28.7994
18.9581
19.5137
19.6869
19.1351
17.5458
19.9532
18.8115
18.421
17.9265
18.3703
18.4125
19.3234
19.9012
22.7269
18.7379
18.7013
19.0455
39.7901
23.4814
21.083
32.4129
17.7959
19.467
22.638
17.8509
33.8177
33.293
22.5404
26.2369
18.2625
40.0316
27.5704
19.3404
20.7166
19.1735
18.6633
18.5511
18.2291
18.8114
29.6296
18.9661
19.9646
18.8839
18.1734
33.5798
28.4239
28.1226
19.4292
19.0264
18.6178
31.2865
22.92
17.9245
17.6818
17.9112
43.4794
19.6492
18.8434
18.2167
18.4258
18.7039
38.274
25.693
18.4976
20.2948
18.2655
20.0937
19.3515
17.7405
32.8502
18.3951
20.9047
19.3237
22.6747
20.1232
19.0614
18.5523
23.5458
29.5121
18.6959
18.9845
35.0738
18.5155
35.5138
18.1495
19.8766
19.2272
18.4002
18.4541
36.0373
18.0104
18.2748
34.8065
18.9381
18.0695
18.4151
30.0293
21.6606
20.2022
17.7169
18.4278
19.1186
19.9383
29.4838
19.0278
19.3634
28.5041
17.7949
18.494
18.7148
19.11
20.2252
18.7474
37.3117
32.9718
19.7659
21.4043
18.2275
18.5278
19.6611
17.5559
18.1826
20.6349
17.4366
19.0563
18.641
17.0659
17.9355
36.6647
17.968
33.606
40.8063
49.7653
22.9331
18.6565
17.9376
42.5992
40.5443
27.0013
18.0646
19.4025
18.3254
17.7257
17.9498
18.4191
18.1821
41.2488
18.9217
34.7164
20.0751
18.6119
19.7753
33.9724
19.5679
18.3832
17.9384
32.963
18.1153
18.4287
18.9711
25.2994
22.0274
20.7525
18.2276
17.9425
17.4625
19.4158
18.6555
18.2221
22.6912
40.371
26.5982
33.2246
31.3113
19.0056
18.16
17.9676
19.6836
20.6712
17.9444
19.4305
18.7736
20.0735
36.3009
19.4816
33.0608
21.2665
20.8842
37.897
27.698
18.1183
23.2204
30.0407
17.7625
20.6694
18.9171
18.7857
21.1534
37.894
28.8729
19.1524
18.2725
33.0153
20.8557
20.2979
19.4733
18.8482
18.6317
17.4041
17.5566
17.7096
18.2735
17.341
35.4611
35.725
36.9976
17.5504
17.5396
17.7144
17.2909
16.6945
18.9365
18.1404
16.982
17.4983
19.7646
18.098
33.36
24.1029
37.4852
33.777
18.7749
18.5589
19.3154
18.3297
18.3856
17.9085
19.2219
19.8265
18.4624
17.8492
28.7267
17.7777
18.1602
17.4056
16.9834
35.8482
29.4285
17.0057
17.9199
16.3377
18.0186
18.9562
37.079
24.9864
16.5399
16.4944
17.9283
16.6317
37.3722
17.2985
16.6824
16.7015
16.8112
16.3794
19.3822
16.5451
16.9527
16.8399
33.3374
25.2199
18.0996
37.5216
24.2226
17.3802
17.1138
18.057
16.7936
16.3316
32.1081
19.1663
15.171
17.8766
16.4744
34.4506
21.828
27.8237
16.5491
16.0348
16.3933
22.1645
17.8263
16.9545
28.8291
28.3633
30.1958
17.1811
26.8536
17.1512
17.2967
16.3713
17.4526
30.0471
16.6469
32.1535
16.7499
26.5683
15.7632
36.7319
16.9866
45.8629
35.3529
21.6107
16.961
27.2852
18.7897
16.3183
31.6207
38.3319
46.9241
39.7826
31.6411
17.8998
20.6889
19.2005
16.65
15.7316
16.1693
16.6645
17.3634
32.5506
17.4518
20.2499
16.5284
16.3691
17.1767
29.0493
30.7993
21.9914
16.4868
36.1204
19.4361
16.93
28.4726
16.8289
17.5204
16.1335
22.1131
23.8263
17.2124
17.3506
16.9725
32.5178
17.7068
23.9705
17.2623
17.7233
16.6532
33.9765
26.3367
16.697
17.2589
33.3755
17.626
20.0466
16.2299
17.1209
33.2969
17.9986
16.954
33.9871
16.8993
17.506
17.1408
16.3922
32.3597
17.1752
16.6166
33.4458
31.1277
17.2615
36.2234
34.7861
17.8563
38.6297
24.2013
16.8328
17.193
16.3363
36.6976
16.2561
34.6539
16.676
16.9624
30.7523
17.8914
16.8572
16.8658
17.0138
16.2076
33.9175
20.762
15.9764
17.1737
17.2353
19.8131
20.3676
17.2597
16.522
45.8514
27.2868
17.7256
16.3617
18.8366
16.2088
16.2684
17.4467
16.707
17.438
28.4461
24.4851
24.8661
21.6604
16.9056
16.8053
16.5607
27.6718
25.155
25.24
17.1248
18.1247
38.6246
30.9824
17.4383
18.0057
18.7356
19.3904
29.9652
17.5519
20.6372
29.7086
17.5594
19.4759
17.5658
17.3827
17.9247
18.9821
16.7297
31.2776
27.3727
17.845
36.7215
18.564
17.8779
20.2552
16.9801
18.2462
41.4101
45.0311
35.6447
34.8273
18.7917
18.8754
17.2364
18.3091
18.0716
17.6816
16.8328
23.0586
18.2758
17.9592
18.2578
17.1247
27.0369
18.071
37.8949
32.7868
17.0318
23.217
17.0273
21.951
18.0994
21.1204
37.6771
29.6156
17.9023
24.3689
16.9004
16.8513
20.1676
16.1093
17.0786
37.06
25.6461
18.3196
18.1763
18.2836
26.739
19.7818
21.4692
18.1939
18.8784
19.2682
39.2627
20.4856
34.7325
21.205
19.2938
18.5905
37.8387
32.4129
18.6464
17.9421
18.6675
26.4075
17.3921
20.7364
35.0256
17.4765
30.2509
16.779
22.191
17.1613
24.2956
18.1635
20.0015
18.1179
17.7684
19.1734
17.2882
25.4086
19.6278
33.4751
17.4418
16.8295
43.8199
24.4765
20.0717
17.0913
17.4706
17.5425
17.2685
19.0103
17.6814
17.49
25.3993
18.2918
18.5233
29.6324
34.476
45.7688
19.5764
17.7253
17.2057
17.8437
17.4753
17.8659
18.2413
17.4177
17.1265
32.9132
18.4174
18.1548
16.809
39.6319
18.5302
34.6107
33.3772
19.1636
17.5952
16.1169
35.7484
32.1963
19.8589
17.6967
18.4067
17.8969
34.1818
17.8081
19.1073
17.7103
35.7277
18.8987
17.7377
18.85
16.942
20.8078
24.9265
43.8057
22.0255
17.6611
31.5381
17.5646
40.7904
19.5648
26.2102
19.2702
39.015
36.1552
18.743
18.7414
17.548
17.9849
17.9901
17.8172
19.0618
17.6182
19.6852
39.7294
17.8245
39.1488
18.6573
17.4654
17.7932
19.087
17.9048
17.5618
18.0845
17.0572
17.3589
17.4565
19.0257
16.9939
39.7448
25.3049
20.4406
17.8704
27.9693
18.2293
18.2094
18.5633
18.6927
16.7732
18.1141
18.2894
17.4136
16.9746
19.3453
34.1754
34.0608
21.4505
22.7196
18.2404
18.1377
16.7317
18.1166
18.7442
18.0659
18.5643
21.5766
22.6169
20.4722
17.3602
19.1326
16.9453
28.9332
17.9208
36.3643
32.6781
29.704
19.0844
23.5393
19.4034
17.6584
30.4993
17.5247
18.4322
18.0377
19.7566
17.103
17.8392
17.679
16.823
31.3311
18.532
17.2549
33.5977
19.1797
20.106
16.8546
32.5057
37.7433
19.2049
25.0435
17.6615
34.922
25.1479
17.4453
31.3239
18.5771
17.2327
22.0542
17.2029
21.0754
18.1413
17.5647
16.9023
33.5384
18.2878
18.3412
17.9913
18.4353
28.5488
25.8424
22.1606
18.1081
30.2343
17.5547
20.1667
30.2876
27.1551
22.8005
29.0465
35.028
18.0304
24.2721
19.445
18.0422
28.3579
16.9651
17.596
16.9666
17.589
17.8438
17.7179
24.8887
25.6883
18.2834
19.6934
22.5657
22.1852
28.5298
17.9852
18.5337
18.4948
40.5395
36.4154
18.8448
17.9195
19.0667
18.1385
27.115
17.736
31.9078
17.7814
37.9372
18.4301
21.2738
20.4346
19.2978
18.1266
20.9814
19.0123
19.5433
21.3226
20.6238
19.8995
23.1161
20.3336
19.6626
34.429
21.1446
21.3943
22.1703
43.7808
37.6615
21.6204
32.5991
25.5739
40.4121
25.2946
29.9673
21.1592
47.2396
26.0295
20.4665
21.6601
22.5581
29.696
39.0781
20.1263
21.1511
26.4432
36.5229
34.5442
21.7081
20.6281
23.2625
21.0237
20.5782
23.1063
34.6747
22.5189
27.0649
33.464
22.5421
22.8876
24.5868
21.3972
22.0501
22.2834
41.5004
23.7223
41.7207
40.6089
34.4143
21.3812
20.9647
30.4791
21.2404
31.8463
21.1543
39.3157
20.3697
21.3813
44.2735
23.2718
20.8474
20.4955
20.6517
22.4761
33.3043
21.6844
56.629
23.5665
21.1803
32.8101
21.4003
22.1515
35.3242
35.1057
20.6217
20.1305
20.066
37.5915
41.7697
21.3776
43.9585
20.4546
21.0766
21.4198
45.7234
21.0087
24.9054
20.6749
20.3048
20.3637
21.4931
19.7837
20.6006
20.3867
20.3362
20.7039
20.9002
20.4044
31.2383
20.3901
21.5241
20.1088
21.6741
21.1395
21.1182
32.7108
19.9911
20.9443
42.0719
34.453
20.6663
20.7737
21.1859
21.678
20.0982
52.0936
23.7632
20.6987
21.2464
20.1197
31.1356
20.0687
20.8252
19.937
20.6824
25.3566
25.6669
20.3786
32.095
31.4674
21.1548
21.4026
31.2778
20.3113
21.2902
21.3684
21.6026
20.8922
20.1195
35.9677
41.1433
21.8272
22.0247
19.9389
40.765
20.0058
20.1737
20.716
38.0926
24.1941
20.3108
20.9562
21.3508
21.1862
20.7697
20.0666
39.2785
20.6647
26.9014
22.7628
20.9547
20.0029
21.9602
33.5079
34.0109
23.887
21.4755
20.4311
20.5724
21.3172
21.1655
20.4307
37.2488
20.2548
39.0414
20.6391
49.0603
29.0941
20.6114
21.5773
49.3558
37.5942
20.2117
19.9974
20.7896
20.3521
20.7373
21.0043
34.6883
41.6002
21.5488
21.0196
21.7765
36.0576
22.268
21.0959
20.4921
21.2157
20.9981
21.7662
34.5085
22.5119
20.9722
21.8399
45.2266
30.9099
29.5941
22.0654
21.7837
20.8007
23.0561
22.2635
21.2939
30.5976
20.8995
22.3397
28.4492
36.9246
25.3161
21.2595
22.7642
20.8855
20.7165
26.5702
22.3743
23.2132
21.1716
22.1216
21.2975
20.5148
22.7423
22.2321
45.6553
22.9859
22.3084
41.1318
30.1794
29.8951
25.8575
22.4612
21.7689
41.5473
33.3685
23.183
21.6415
21.7058
20.4001
21.114
26.0576
21.7177
21.2155
22.2957
26.4326
22.9396
20.9298
20.8741
21.0592
23.1374
22.4072
21.8541
34.5457
22.1142
22.6161
21.8949
22.2746
37.6998
24.0437
24.832
36.5888
40.2475
21.6294
21.3602
21.5577
22.8437
22.4624
22.2301
21.3588
37.7217
21.9444
21.8889
22.0249
37.6638
32.5457
32.4001
21.4615
22.9249
38.0208
23.1121
22.3831
34.5129
21.375
22.0219
22.2028
19.8133
29.0211
20.5321
19.9995
20.8297
20.739
19.2997
41.2338
18.1215
19.3381
20.4049
18.2205
20.0199
19.146
18.5585
29.0455
23.3729
19.5619
25.6293
29.9545
18.8031
19.2281
18.7741
19.427
18.8487
18.9058
19.7894
19.6866
25.0108
22.3802
20.5615
18.0398
18.7562
20.7262
17.9547
18.3895
24.9787
18.8891
20.2887
27.3027
40.4615
38.9361
22.2003
19.5022
19.8139
34.5814
18.4503
24.3729
18.5706
18.7076
21.6174
17.9045
18.7143
18.6376
18.1316
18.5846
18.4926
18.7568
19.6585
17.8667
18.041
19.5067
19.1266
18.8677
19.347
39.8519
21.1388
19.4929
36.968
23.2989
19.0265
18.6953
18.712
18.0251
18.8591
20.818
17.8339
37.3815
35.7853
33.0403
18.4355
18.5137
18.1589
37.2304
19.7243
17.5614
18.2168
18.2377
20.9577
26.532
26.4721
26.5154
20.6501
20.8919
19.3268
19.7192
35.6925
20.9877
25.0459
18.4403
34.5741
18.9294
34.677
17.759
19.3924
47.0584
35.4383
20.5595
18.7956
19.0547
40.6189
44.3534
27.9915
19.1597
18.1233
18.2906
30.1931
19.593
17.6293
19.1805
19.469
18.1729
18.1235
18.5407
17.6311
18.71
28.7005
17.8591
18.0561
19.7594
20.2892
23.4977
19.0772
17.2483
18.415
18.244
17.3854
18.0603
19.3178
19.4059
33.6576
19.0408
34.47
18.8703
17.6488
17.6288
25.8907
18.8662
17.9944
18.6102
25.0655
41.5433
31.23
18.6162
21.2776
18.0598
22.1439
17.1865
18.0658
42.0023
33.9384
45.5857
36.5469
28.4938
17.5372
19.8034
34.5282
17.7342
40.043
44.2011
23.9645
25.2818
31.9845
27.0662
23.5575
17.4349
19.3877
18.3445
19.0074
18.6042
20.6629
17.7097
18.4749
20.5176
32.2286
20.094
17.574
17.5916
17.5277
19.6557
17.5549
17.1643
19.502
17.9114
17.5567
21.339
19.5373
19.72
17.9751
17.995
22.7147
28.3498
30.5235
18.1719
38.0276
45.1779
34.6162
16.9874
26.2231
17.8615
19.202
17.6722
36.2261
20.1207
17.3485
18.62
16.9
39.7039
20.4042
16.9841
17.4017
17.957
17.2321
22.404
31.4796
27.4421
16.9687
15.8377
29.1311
16.6695
31.5399
15.3713
23.8244
15.4016
16.9418
15.5088
17.229
20.0133
14.5628
19.6915
15.2613
14.735
18.2834
14.8415
15.0189
16.3369
16.2905
21.2399
19.9755
32.8559
15.5943
26.5593
14.8352
15.4135
15.4227
15.4718
14.9698
14.9152
18.103
14.7049
15.7391
15.2585
15.6066
15.1013
27.6218
16.4151
24.5716
26.669
16.3201
15.4974
15.8966
16.3444
16.3478
35.4282
21.4253
34.6709
15.7333
34.3439
36.5367
24.4266
31.3878
21.5488
17.2247
30.7754
22.465
15.5117
33.2034
16.2494
15.8433
32.9535
15.5663
17.4732
16.7442
16.9006
15.5968
15.7959
18.1404
21.8769
25.5824
15.5836
25.3116
18.0301
16.9649
15.9037
21.6009
17.3803
17.2486
15.145
32.3091
33.2424
16.6135
16.3413
33.6725
16.3012
17.7284
16.2988
16.5952
17.0598
29.2075
25.6777
24.5764
32.3586
35.9647
17.9656
16.9069
34.091
34.8682
17.2618
15.8273
18.4005
26.9665
17.3438
16.5184
17.8182
36.6072
21.894
16.2825
17.2988
16.5009
16.5136
18.2316
37.3265
16.2839
16.7191
26.5412
15.6307
29.2222
22.7515
16.3302
16.8409
18.3119
31.7927
17.3545
16.6143
16.2661
15.9964
17.0488
16.1236
16.6725
17.1069
16.25
16.549
16.1485
36.8599
16.4319
16.4611
16.2976
26.2642
16.4665
31.8603
17.4767
35.2187
16.6421
27.0516
24.2943
16.741
16.8192
16.1173
23.4129
16.4984
16.8954
15.4491
16.8055
30.856
16.338
34.2766
21.9777
16.2054
27.918
22.592
39.1117
37.3772
41.4321
27.3676
16.7964
18.1216
17.637
17.5134
16.867
16.0522
16.9989
15.6102
34.8943
17.7652
16.7099
18.624
17.1042
16.1444
16.9216
18.0986
18.0219
34.8222
17.0043
17.012
17.7435
39.5335
18.835
32.7789
17.3578
42.1718
32.5395
41.0192
20.0245
17.1996
16.5929
18.1054
34.1876
16.5543
17.6537
20.4486
17.3355
17.5743
17.0301
16.2898
17.6519
19.8589
16.9129
17.0455
16.3373
16.4045
17.9068
16.1921
16.6125
17.0859
16.2933
20.2462
18.177
16.4244
16.6302
16.4193
16.0544
24.2619
20.4858
15.8374
17.0458
16.8956
15.858
16.2762
17.2007
17.2495
26.1252
24.4433
18.4993
17.2062
36.5359
17.1225
17.3052
42.4266
18.0936
32.6556
16.6991
17.7108
16.568
32.2854
19.1821
16.2066
16.3589
17.1505
16.4803
17.0491
29.3892
17.7082
16.7786
34.3836
16.0589
17.4609
16.9552
17.0744
17.591
16.0611
16.4511
16.8747
16.0639
17.349
39.5844
17.8537
15.1091
17.4717
35.4705
34.4651
28.3412
15.646
31.1789
17.9527
17.0528
35.0134
23.0747
16.4826
29.3384
16.3356
18.7802
21.2716
18.0166
15.6627
16.6908
26.8035
18.3532
16.015
16.9742
29.509
28.3239
15.8705
25.0724
16.9079
16.7148
16.426
27.8736
16.7279
23.6288
37.9747
21.0818
16.7898
38.8293
29.3244
17.4547
17.4647
16.4837
26.1911
15.8969
16.3654
16.4994
24.8504
17.7701
42.6752
25.6078
18.7136
32.3224
16.5426
16.255
16.5186
32.1784
17.215
29.2868
21.265
16.2917
26.601
26.837
25.5495
16.8098
29.2591
20.8668
16.9836
16.6294
17.0287
16.2115
38.7925
31.9492
17.8064
16.2601
16.4558
15.6409
15.6287
16.8499
15.3659
16.1712
15.894
16.3556
15.949
15.7926
17.8332
15.613
17.0167
17.1397
16.6255
30.939
17.0283
20.6111
15.6523
21.4475
15.5771
31.0966
16.5861
15.5557
16.5731
15.5712
34.2442
18.2958
20.7435
16.7575
20.3645
16.716
37.4501
28.1898
16.7554
16.884
17.0572
16.3558
18.773
17.7498
21.7785
16.1318
19.6805
26.627
20.9603
18.052
17.219
16.3481
30.4294
18.2614
16.236
23.5109
16.9165
25.3941
16.8126
16.2797
34.8346
18.0139
16.6487
15.8701
16.8139
19.1198
26.7316
18.9286
16.405
17.2514
16.0304
15.8909
20.706
15.8885
18.2137
16.253
16.0983
17.2567
31.5785
18.3343
17.8416
17.833
18.513
17.0166
16.8152
17.1609
34.9465
16.5386
34.9698
31.8495
17.8713
20.7974
18.7887
16.7081
19.0128
21.1138
16.3358
16.4264
21.2754
16.5911
40.2012
34.3862
16.9548
17.0016
25.9192
16.0905
16.6861
16.4944
27.7544
16.4677
21.3433
19.2242
17.4559
16.1996
26.5173
25.7755
37.0972
30.719
26.7529
23.9987
16.2873
17.1785
16.2535
16.3052
18.3307
38.1428
32.7473
40.1856
22.4145
22.0159
16.7706
22.1135
16.5792
16.7742
30.0729
27.1021
23.615
18.0796
17.32
17.6812
16.5349
17.0203
18.2259
16.9412
16.3704
16.4038
16.6153
17.2242
16.3384
17.9655
16.5063
29.5974
15.7007
29.7163
17.9584
37.9065
20.1868
18.189
16.3856
17.7
17.3511
30.2001
17.0132
17.0487
16.7192
16.9345
41.8519
19.9537
40.0639
43.3915
17.8959
19.4283
18.2507
17.0544
36.9546
18.0766
16.2655
18.9318
16.6558
15.4626
17.2122
16.8357
16.4527
16.875
16.9338
16.544
16.8935
18.7351
16.3188
16.2519
17.0951
25.9101
31.1804
16.5491
16.1762
16.2168
17.3232
17.5939
16.5809
37.3887
22.8423
38.311
18.8062
17.6376
16.237
28.4653
17.2629
17.5371
17.3863
17.7193
18.2122
37.1287
18.6306
16.7775
17.6374
18.1849
17.1664
17.853
17.6201
19.3411
31.6819
18.4817
16.6687
16.5796
18.7589
17.0249
17.208
17.2639
16.6269
17.1879
31.3803
16.3882
16.57
32.8457
17.6806
16.4584
28.4364
16.6215
37.8561
17.5527
17.3157
18.0532
16.7861
16.8679
16.6934
16.8675
19.6028
16.8467
29.3159
17.4986
16.321
18.5668
23.1555
22.7872
41.6279
21.399
17.5844
26.2014
26.1359
34.1894
17.1674
17.0394
17.7501
17.8875
17.896
18.0318
17.2735
17.3737
17.2686
16.9968
18.2356
17.0625
17.985
16.6786
32.9162
17.7249
18.2095
16.8031
34.0699
17.7016
17.341
19.4728
26.504
19.9922
17.0963
16.8633
16.7269
16.6968
17.0153
17.1353
17.9442
17.5023
16.2263
16.5697
19.5758
16.4309
16.9041
16.4301
30.694
16.6132
16.9368
16.8101
37.4488
21.5217
30.2705
17.6465
16.9963
16.7793
16.7791
16.8068
17.258
34.355
18.7279
16.7191
17.067
16.9537
16.9108
18.0134
40.9528
32.8548
34.5106
27.5905
17.3035
17.0709
17.5062
16.5128
25.1447
17.7284
17.083