37.4539
32.8662
33.8953
21.1926
30.6933
18.7703
20.9059
16.7829
32.4218
26.5415
16.8348
19.0643
23.2218
16.3141
17.1763
17.2694
16.6742
17.0447
16.2046
16.8547
31.6168
20.2158
28.3227
23.1001
17.5468
16.0765
33.5645
16.6573
15.793
16.9516
23.9724
15.985
18.3405
16.6779
15.8301
32.4421
17.3914
17.9671
17.2656
17.1221
40.3028
17.5547
25.0467
16.1981
39.6359
19.8143
17.0936
32.0174
16.3851
15.4587
16.7428
16.644
16.4428
16.3936
36.8136
23.0669
31.971
17.4981
32.5486
19.0137
36.4627
17.6887
17.329
16.1533
17.1166
18.6542
38.3792
36.2455
35.6924
16.6862
20.6361
18.1495
18.7204
16.4548
16.396
16.8727
16.9592
16.0668
36.7899
42.1758
19.4047
16.7948
17.3339
16.1904
17.3556
17.1942
32.9842
16.7775
28.9273
31.6173
33.0741
16.0373
17.6313
28.5486
16.4199
27.9793
16.5717
27.4008
18.6034
16.3771
23.1007
17.3081
15.7216
31.4373
16.9673
16.1246
15.9969
18.1099
16.6212
16.9892
17.4525
16.9892
16.3639
18.0494
17.025
21.4027
22.2744
17.8369
16.0998
17.1261
17.0337
16.9983
16.9733
16.8019
16.7988
16.3542
16.8904
19.0307
16.3348
17.3592
16.9864
17.0366
18.9713
16.8817
17.2909
16.5252
16.2369
16.793
16.3913
17.1411
26.7385
16.3836
16.1255
16.8856
33.8757
15.8343
16.7493
16.5322
16.5151
37.8922
42.1246
20.353
17.2207
33.7579
17.2111
16.248
17.0971
16.7874
16.7414
16.0151
16.3021
30.382
17.4882
20.0546
26.3986
16.4853
16.8125
16.5631
19.479
16.138
16.0667
15.765
16.5876
17.0009
16.2848
28.751
16.9917
15.9637
16.3178
17.1368
26.8107
15.9465
39.5114
25.6897
26.5085
33.9719
17.5141
16.1723
16.9877
16.2306
15.9977
16.76
17.2907
16.4308
16.0452
16.027
37.8224
23.0164
15.5051
16.0121
35.9422
16.9484
25.9391
16.0686
21.5528
20.7878
16.1069
18.2675
15.799
17.6397
28.1391
26.6988
32.7786
15.8561
16.0472
18.6598
16.5594
16.4488
16.8546
20.1488
34.9339
18.093
17.4418
15.6945
32.3383
15.8944
16.3552
16.948
32.0329
33.3019
24.4461
26.6194
17.1201
43.3396
32.0284
17.3202
17.4507
16.3274
17.0826
16.1896
17.2717
28.3898
16.4924
32.6487
15.9816
16.8355
15.9683
17.1054
17.0192
18.0891
29.7149
17.0372
16.8087
17.0203
35.8797
17.541
15.9696
16.4589
19.0213
16.3233
16.3729
17.304
16.7466
15.7448
16.7446
16.5934
39.2585
23.1497
16.7761
29.8712
17.3317
29.439
17.0389
18.3212
16.44
18.5425
18.0821
19.6938
17.4259
16.9494
18.2833
16.9024
16.866
16.9826
17.8439
16.4045
17.2951
35.956
21.6775
36.114
19.3416
18.0557
24.1144
17.306
28.9818
17.1275
32.2311
36.5458
35.4768
17.1645
24.3891
30.3424
16.7583
41.8448
19.7823
17.9308
32.4899
33.07
16.0802
16.9957
18.3549
16.6953
17.528
17.8523
16.8877
16.1795
18.2583
16.8632
40.886
18.7359
15.5523
21.3374
37.2587
22.5781
17.9351
17.2659
16.5248
34.8652
16.4281
16.1078
16.4376
26.1693
16.3606
28.7507
16.5232
28.5568
19.5167
16.7872
33.4447
16.8366
32.4488
27.7544
16.0931
16.3703
16.3241
16.3967
40.7377
28.9763
17.3449
42.1653
33.5461
18.0135
15.9795
16.684
16.7542
16.4232
28.5897
16.3474
16.0798
16.6864
16.1704
16.9316
16.1086
16.3863
17.0389
16.7791
19.1033
36.8129
35.7139
26.6148
16.064
16.7301
17.0933
16.0446
16.7071
31.8706
36.2912
17.5863
16.6284
31.4214
29.688
18.1546
32.5728
18.4635
18.1948
17.6093
16.4242
17.2805
16.6841
16.479
17.9684
17.2725
17.8492
17.384
16.4482
16.9525
17.6589
17.2509
16.1128
25.8416
16.643
16.4682
16.0941
17.0162
16.9159
29.1696
16.3804
16.1257
18.4519
16.6473
16.7715
19.9508
20.2713
32.5996
16.8069
15.9803
17.0424
17.5801
16.0348
16.6979
17.1816
17.3217
17.7585
19.6104
17.2317
27.0665
17.9397
15.7367
17.9103
16.6646
16.1691
17.0684
16.1269
16.627
15.1754
17.973
17.5692
17.1882
16.6697
17.3773
16.7777
19.1675
16.2083
24.4902
16.2981
16.6518
20.6873
16.8395
17.1007
33.0842
17.6376
15.7206
26.8893
15.9316
17.4542
16.3126
16.4408
16.4203
18.1049
40.4581
19.5527
17.1582
22.9198
15.9136
15.9902
15.6351
31.806
21.4169
23.8186
34.8226
24.9138
16.7084
19.4615
17.9908
17.6443
17.9303
17.0879
33.3501
16.0289
18.9223
29.744
20.6251
16.4396
16.4293
16.6368
16.4353
16.6819
16.7187
17.1039
24.119
34.8364
17.8654
28.5311
16.4443
31.953
17.2095
17.8749
16.5695
32.0243
16.5657
16.1139
19.3831
15.836
17.6445
16.8779
16.1221
16.5389
15.5229
25.7261
28.9997
21.0915
15.6258
16.6557
16.3096
33.4054
24.8757
16.3884
17.459
17.5032
29.9187
15.7774
16.0183
16.2234
16.1026
16.1656
16.9023
15.4278
21.9634
18.8394
15.9727
16.3919
36.2288
17.7998
19.4924
16.0471
15.9383
28.4104
17.9077
15.7505
38.5752
20.0244
15.6124
28.3808
15.8187
15.4654
16.7353
17.0146
26.1916
16.594
16.0977
33.966
18.4479
34.2498
18.3142
15.8574
16.4474
16.683
17.7939
16.7535
17.0556
29.2276
16.057
18.6212
19.5123
25.0578
15.5497
15.4855
15.5563
16.7531
15.857
15.6955
17.869
16.8931
15.6699
33.988
17.1303
24.3764
16.1566
15.6063
27.0179
16.8977
27.067
15.8717
16.2854
16.1485
15.7734
28.7395
16.3044
16.0825
16.0976
15.7442
22.9051
31.7602
17.6953
15.9172
29.7813
16.7734
35.3751
27.5834
15.5706
22.0051
15.4773
35.6861
16.3998
18.551
39.4256
28.5963
16.2722
34.8923
17.915
16.4627
16.5561
16.5042
16.3965
16.1363
16.1118
17.1006
15.3667
34.5241
15.7702
19.3596
15.6263
15.4498
15.3607
16.1529
15.7853
15.668
15.5411
20.1134
36.5568
17.7274
22.0191
24.8431
26.5856
23.9221
18.2946
16.6939
16.5641
28.372
17.422
16.4578
26.6245
15.894
15.525
15.6478
15.7451
16.8745
15.6905
15.276
16.0328
14.8766
16.4129
18.7816
15.8785
31.3415
15.4171
16.0626
25.3172
31.7129
24.0213
17.2413
30.0492
29.1292
18.0596
15.2242
16.1571
16.4195
15.0367
15.2479
28.6179
15.0568
15.0133
17.5246
15.9962
20.3993
17.1709
17.9334
16.9675
16.179
16.3922
15.4195
16.0649
16.3
17.128
27.9332
28.6296
18.4171
27.3548
20.5042
15.1921
16.7741
16.4899
16.3853
15.6691
15.2566
15.2102
16.6692
15.8102
21.7667
23.5781
15.6068
15.9623
14.491
16.0401
15.4389
14.94
15.8403
15.1921
15.9405
14.8919
15.0419
16.4745
16.5545
18.2131
14.8706
16.3542
14.8154
15.7433
15.5265
16.2115
16.4468
26.567
16.5335
23.5696
14.8971
15.6596
15.7194
15.6689
15.5719
19.2432
17.0165
15.1342
16.7703
14.7163
16.448
15.5141
17.5646
15.72
16.1612
15.6951
16.2147
15.1244
14.4916
16.9673
18.9163
25.4189
15.3538
15.6112
16.5344
20.7856
15.8795
26.6472
15.5206
16.2331
30.4355
24.3684
15.8098
17.6576
16.2675
16.0323
27.0217
17.9152
17.5519
17.016
15.8369
15.8268
15.3648
16.2069
32.2454
22.7437
22.2736
23.679
15.9316
26.1504
17.1025
17.2289
25.8765
16.2508
15.9133
14.5453
14.8924
17.296
14.9026
20.7541
17.0859
24.4934
15.2409
16.0173
31.2625
29.4044
24.9283
27.1835
16.5278
19.8436
16.1423
24.0819
15.9505
15.8247
17.7955
26.0158
15.5184
17.1731
17.1242
17.0416
17.653
21.1806
20.2155
29.9605
15.9659
15.0944
17.3351
33.8046
15.8697
22.1232
16.0244
15.8512
15.5133
18.935
17.6573
15.4648
16.8974
16.0351
16.1346
17.6609
30.3201
16.0483
18.827
15.2505
16.393
16.7924
27.2596
17.0867
15.9033
18.3559
16.0985
16.5904
17.8541
26.3069
16.7904
24.8612
17.2749
18.3201
17.0308
16.2107
26.8245
16.3798
17.3972
18.2848
17.0584
17.0916
16.5981
16.1271
16.6808
17.8831
18.9883
26.9135
16.9749
15.9922
30.6441
17.4314
15.7504
22.0102
15.8787
21.3702
17.0686
15.6302
16.0055
17.3663
16.0906
27.9949
18.9667
16.0891
15.4925
23.7642
15.548
19.5967
16.0197
17.0327
32.172
29.4631
38.1838
25.1213
33.5866
17.6716
15.8861
16.6245
17.7234
36.9037
16.93
14.9009
15.397
20.5907
20.0446
16.4239
22.7536
17.082
16.1755
16.5679
15.5957
16.1333
31.7165
17.0218
17.7903
16.3824
16.272
18.1065
16.2877
17.7917
19.5222
17.1645
27.0054
16.2142
37.2218
20.422
24.5789
16.1753
15.4217
15.5132
15.6812
17.5135
24.8569
24.6005
24.8591
16.2024
35.0721
17.6771
18.6529
17.5908
28.0102
25.2339
15.8028
16.5514
16.0621
16.1417
16.0813
15.4421
16.2892
16.6323
17.7965
17.0779
15.721
21.8018
17.5949
16.9692
16.1146
17.5885
15.0799
31.6774
27.5142
17.4499
16.2558
26.922
36.6833
17.2711
36.8315
29.0602
16.6639
17.3481
15.7353
17.2871
16.0599
16.2398
15.5107
15.5971
15.3394
15.0845
16.6713
15.523
15.9334
15.8045
22.0949
15.1611
16.0087
18.9986
15.4176
20.5506
26.3095
16.244
32.7606
34.8244
18.0165
17.6156
35.4194
17.8815
15.7524
16.6459
16.6207
15.7201
21.6062
14.4598
16.3148
15.7277
26.557
32.5954
16.1259
17.0047
17.9463
15.371
15.8245
16.0517
15.5849
16.9943
15.8201
16.7833
15.6498
15.8126
16.504
15.8885
15.2019
15.2903
16.8169
15.3843
15.8741
28.6926
17.9601
16.7335
16.4498
17.4046
15.881
15.5403
16.1036
15.6512
15.2226
31.4824
32.653
17.9028
16.7955
25.9717
25.0181
25.1298
15.9562
16.3888
15.2185
15.3283
31.2067
15.7179
16.652
16.0118
20.3193
16.015
15.9414
25.9154
17.6171
14.9716
33.5196
16.9585
15.7979
29.376
18.1359
16.0448
16.12
15.884
17.8539
16.3085
15.3927
15.5154
15.6735
15.6089
35.9896
21.2793
16.4033
15.404
18.5634
15.8518
15.8882
18.6102
15.8633
16.8006
32.4103
32.1586
34.1335
30.6659
17.6667
15.435
33.919
23.4805
16.6757
15.9762
16.411
16.6861
16.9542
15.9515
34.1472
19.2502
39.2137
26.9468
16.9991
15.1265
15.5283
16.351
16.0312
15.5418
17.3051
16.2974
15.0356
17.9389
18.6921
22.4276
17.9639
16.9472
15.0642
32.1348
19.5064
27.7895
16.2033
16.3427
15.6441
38.692
21.6291
16.717
16.0439
17.2506
15.4642
33.4777
23.3334
21.7931
27.4014
16.0817
16.5223
15.7823
15.669
16.0029
16.1327
15.4595
15.6515
15.1274
43.2805
26.0522
17.1079
16.0825
16.5468
15.3686
15.5043
15.3258
15.9345
18.9764
15.4544
22.9297
16.5583
18.193
15.3557
14.9683
21.0533
25.7607
18.1421
16.2234
27.5396
16.3658
15.7602
23.3372
17.9789
16.0622
17.7684
29.5845
19.4256
16.778
15.9696
30.3161
32.1202
15.8574
15.451
17.0848
15.5133
15.7896
19.4162
17.5019
30.7347
18.5477
25.6532
15.9571
15.5501
33.13
25.5954
17.8531
15.9998
15.6867
17.2101
16.2464
41.4446
20.0104
16.4719
32.4074
32.2193
19.285
17.9474
15.9373
16.4128
15.2779
16.637
14.9758
16.1549
30.3621
30.3703
17.8384
14.844
29.4235
22.7545
16.4697
15.4102
16.685
15.6488
16.2063
16.7603
30.7389
15.9495
26.3461
16.3641
36.3441
19.8352
15.7846
15.7465
15.1497
16.3402
16.0335
36.3923
34.1123
31.122
16.9612
15.2376
16.1187
15.5797
15.8096
15.6736
16.442
29.6622
17.0264
23.9456
15.7976
32.7364
17.33
17.2383
16.4124
15.6569
16.7574
16.846
15.9816
16.4815
15.6926
16.3782
20.0995
19.3624
19.2198
14.8813
14.9661
18.6735
15.6431
17.252
15.6683
16.6033
15.3502
15.9008
16.6508
15.8644
15.3516
39.9095
20.2975
37.1015
16.8166
16.9986
17.2417
16.0384
32.474
28.1184
17.6623
15.3033
38.437
18.8077
15.7929
15.9704
33.1506
16.4675
15.5205
16.2001
18.1859
35.3781
16.4541
15.5515
15.9121
26.9491
18.5094
15.1747
15.1975
21.9795
34.4669
16.9483
16.4332
15.3976
22.5378
19.1011
15.7557
16.0106
16.1436
16.8659
16.7969
15.98
32.0105
24.5993
23.8307
22.4716
32.9354
16.5803
16.0948
16.3679
16.6334
15.8759
17.884
16.0336
16.0928
23.4616
16.0879
16.1222
16.1846
15.6126
18.1824
15.5084
16.4168
16.8109
15.1908
16.1865
16.4316
16.2782
17.51
22.0848
16.6332
15.4472
15.1852
15.5233
38.7655
34.3659
31.5446
26.3952
21.9671
17.7914
15.7266
15.9678
28.1976
16.5264
22.3644
17.0069
15.9351
20.4744
16.3107
15.0743
16.0856
16.0864
15.9114
17.0826
24.9779
14.925
37.779
17.0431
15.9274
17.3082
15.1772
15.9517
16.1567
16.2855
15.7956
22.8181
16.7708
33.1978
16.6227
31.7763
16.4958
16.8595
18.0058
24.3672
16.6687
19.3465
16.7928
35.9984
16.0933
33.3784
16.3175
18.3957
34.9686
19.8572
15.5329
15.744
16.4336
16.2101
16.8907
17.9557
15.9926
27.9289
17.0639
17.3646
16.539
16.262
17.4772
15.6106
24.835
17.9353
15.0099
35.365
19.8314
32.5991
29.1191
17.0512
39.7754
27.9368
18.2645
20.9345
17.7665
16.0358
19.6049
25.7106
15.7068
15.641
16.0118
15.9078
27.3782
17.4893
16.1074
15.3196
16.2925
33.112
18.7454
32.4883
23.3482
18.6457
15.6395
21.1195
26.5546
16.7902
16.4133
16.8234
15.7498
16.6466
18.9122
17.1829
31.6623
18.0806
16.5839
17.2839
15.8933
16.3687
16.5214
17.2002
21.4683
16.5084
23.195
17.1881
15.4127
30.5932
21.9626
27.5958
25.6498
15.9489
15.3698
15.5349
16.6021
17.7408
29.8299
27.7408
15.8397
22.1744
16.0381
24.3988
32.2861
16.4532
15.4955
16.5992
17.3264
16.5664
17.0274
25.0583
15.4247
16.4475
16.5291
15.9976
16.4247
17.2292
16.0207
16.2222
20.0147
16.5482
16.5728
17.6984
16.9103
29.1578
16.929
17.5762
19.1216
29.9069
15.9943
16.8514
24.4249
15.632
16.6456
16.1252
19.0083
28.3217
16.8696
19.4119
16.8693
27.8296
18.9667
17.5886
25.7689
26.9627
16.811
17.7928
15.6095
16.2831
34.3995
33.7147
17.4244
39.9995
22.6281
29.2084
17.6553
15.9896
25.8366
34.6805
31.6283
16.3172
18.3417
15.6143
17.19
20.1103
16.4236
16.9092
16.061
15.6928
14.9321
15.287
33.6054
17.4395
17.76
17.8251
15.0772
15.5703
15.5925
14.9129
15.3638
15.4756
15.0228
26.3405
15.4786
15.8812
16.1252
26.5882
15.8856
32.0956
27.0531
22.0607
16.405
15.8538
16.5498
15.6233
15.6739
15.1805
32.4631
19.9398
16.1652
16.8821
17.095
29.6511
14.6634
13.7759
18.266
20.5834
15.9211
16.2714
17.0426
22.7567
16.5571
15.532
16.2867
15.5165
15.7653
15.8576
17.7508
17.2126
15.1788
29.6166
15.1389
17.5759
22.3695
15.7553
28.1913
15.6211
16.2174
16.295
19.9847
15.1699
15.1844
16.775
27.9576
15.3968
23.3108
17.5892
14.9456
15.6713
15.1888
17.7312
35.3037
16.1612
14.7899
15.8107
14.8205
24.7167
21.9051
15.342
15.1445
16.8038
15.1378
15.367
21.9351
16.7846
15.2414
15.0787
16.0048
15.3496
15.0173
16.5963
37.7789
25.7322
20.3334
15.1898
17.0653
16.332
25.0809
15.3597
17.5599
34.7432
24.1245
23.6366
15.0987
17.1316
18.2593
26.4746
16.5275
16.2788
16.5892
15.1635
33.1397
16.0607
16.339
25.7252
18.5691
20.6271
16.4255
17.233
16.7883
18.2885
16.1033
15.3325
16.7081
15.2515
18.3716
14.9751
16.6461
16.5557
15.9718
15.7971
17.0902
16.346
15.5522
22.0474
16.3617
23.1454
23.185
20.8205
20.0496
15.2653
15.9873
15.9097
15.5174
16.4603
16.6625
15.2054
15.6646
15.1148
17.0624
17.6723
15.2455
15.5241
16.3046
21.6099
18.0869
15.9713
19.991
15.8034
22.0916
15.0406
19.5505
20.9414
27.4472
21.871
15.5574
36.8752
21.4041
16.4874
18.5568
14.9141
16.1266
16.2413
16.8862
15.7276
16.5065
16.4941
18.4944
17.0846
16.4307
16.9228
17.851
16.1356
16.1134
19.0122
16.5876
16.7496
29.1749
15.7902
16.9438
16.4427
16.7463
18.7638
16.8532
19.5219
16.535
16.2213
16.241
22.6628
24.0834
15.8662
19.0199
16.9742
16.451
16.7007
20.1158
16.8185
16.5163
16.9222
16.4819
16.9571
29.7938
15.937
18.9598
36.1861
28.0397
18.0312
15.8204
17.3512
16.7372
16.1738
16.4352
35.5599
18.4508
30.9144
18.8908
27.8101
18.2842
16.5914
20.1582
18.7805
16.8947
17.5366
18.8982
18.037
17.9143
18.9653
17.4587
18.2315
18.4651
18.76
17.6579
17.3325
39.3409
23.0598
17.5664
16.7513
21.1508
18.0515
16.8958
17.6346
17.8352
17.2395
16.9206
19.9314
21.7741
18.5059
18.586
17.959
19.2008
18.7797
19.7014
16.977
18.8988
18.2772
18.5399
18.7201
42.6994
26.4908
34.9584
34.627
17.7199
18.9906
17.9492
18.5544
30.7102
18.0187
18.0338
20.8934
18.8577
18.9487
20.4912
18.4636
19.8498
17.6453
18.7621
18.8
17.2296
19.4152
16.9979
18.114
18.72
19.0655
29.0719
17.8566
17.7585
17.5062
17.8231
18.1259
19.2465
17.8222
22.2859
17.362
36.2218
19.6766
20.1343
17.1402
17.5697
18.2412
17.5741
17.0554
18.1706
18.0861
24.4366
21.3197
28.2532
18.4484
17.7692
18.4758
16.7532
18.093
17.7553
16.4649
18.3464
18.8045
17.2533
26.2336
29.7868
22.7759
16.7976
16.2434
22.9886
23.1643
23.7981
16.0946
22.7874
22.3864
16.1714
28.5844
19.592
36.076
16.5106
15.9446
31.1639
15.865
17.4637
16.8797
27.877
17.3695
16.2411
16.2787
17.7539
41.3565
21.248
19.0006
25.0749
19.0741
17.5732
16.0768
16.8884
25.1164
17
17.7527
17.5004
17.3069
23.7743
16.0556
32.9515
18.7672
35.698
18.1317
17.9225
18.2732
17.7851
18.2102
37.8896
19.324
20.8558
20.6137
18.8831
17.3965
22.79
33.5683
31.9995
17.5968
17.8647
16.4954
22.8781
17.2542
16.2213
16.6711
16.0738
16.1035
18.6192
15.8805
27.8011
18.8295
19.737
15.9362
16.2204
15.5332
31.5621
16.3811
16.5981
15.6009
16.6752
17.2475
15.4198
25.1698
18.2518
17.3073
16.6146
31.6045
20.9574
17.2415
16.1197
16.6767
16.091
16.4196
15.4919
17.1291
16.4049
15.7115
16.4728
16.2089
15.0981
16.5013
15.2973
15.6334
21.9163
15.0781
14.9245
16.2069
35.4173
19.3346
16.5969
15.9754
16.1181
18.7709
15.9388
17.0352
15.3626
15.5527
23.8671
15.8759
14.9413
19.8906
26.2853
14.8272
15.139
42.1039
20.0628
25.3079
34.1956
21.9332
16.0643
14.8847
22.4635
18.5382
19.5242
15.8081
14.2354
18.3647
15.1047
20.51
27.1294
15.7293
14.5967
16.0524
26.6648
16.0704
15.5708
28.7687
28.9562
15.0138
17.0836
15.7755
15.989
14.9441
15.8855
14.6689
14.5923
31.0169
18.76
15.3881
15.765
14.7043
16.0301
15.5863
22.1799
15.0362
18.1589
23.2891
15.6937
15.107
17.184
15.0513
15.6008
15.5925
33.9034
16.4751
15.4245
28.9905
15.7333
15.73
14.5737
17.6535
15.5257
14.8752
17.756
15.611
15.2508
19.4552
16.6114
16.0643
17.0865
31.543
16.632
16.981
15.2559
29.908
22.6119
30.9863
17.5881
33.8879
27.7368
31.8449
16.788
17.1112
16.1128
16.1162
27.8687
17.5492
22.4287
16.4306
25.5814
16.0496
21.5365
25.8827
17.6889
27.628
16.6279
22.8072
15.8305
16.6195
16.7195
17.2409
31.1596
33.4512
17.4305
15.6157
29.0322
24.4765
16.3882
16.2342
16.1538
16.2268
15.7263
17.1433
16.8018
15.7999
30.1747
16.4351
17.2807
15.8412
15.7906
34.4164
30.9645
17.1011
15.9519
23.2583
16.8053
17.6313
16.1804
16.8238
19.4826
16.5651
16.5187
15.7195
17.0607
17.5654
16.8178
17.4371
16.4125
16.4852
17.4832
17.9021
26.9855
16.786
17.3851
16.7297
16.7936
16.8785
17.2435
25.5194
16.1229
16.5494
28.205
26.5131
16.8019
18.2804
16.4869
17.1378
18.2839
16.552
17.9125
19.0229
16.3115
17.4064
21.5051
17.0916
18.2236
18.8565
33.7061
27.3189
17.7026
18.5319
17.101
18.2546
17.5709
17.7787
17.5609
35.3193
17.7661
33.6022
30.8171
18.0245
17.6929
17.8642
35.4609
24.2124
25.7307
18.8738
16.7774
19.2221
16.7136
16.9467
17.4221
16.6668
19.8636
36.7342
17.4759
16.8898
21.1102
17.2101
19.8594
40.3756
20.4227
17.3903
17.2332
26.5806
26.2553
17.0674
16.9051
25.3089
16.6444
17.7988
17.3565
17.9096
18.0571
34.0697
18.289
16.7201
16.308
16.9409
17.8074
20.0628
24.9132
28.8994
16.744
16.6786
18.6696
16.8058
16.8073
35.1785
17.0569
17.1297
19.8645
18.3886
19.349
18.2643
16.3534
16.5079
20.612
17.2637
17.1431
34.7791
26.5848
18.2669
16.5728
22.9008
25.5301
44.8694
25.2716
29.4666
18.06
31.8434
24.9968
20.4216
18.2713
18.5062
40.2549
19.2598
19.5504
17.6972
17.1508
20.1242
16.684
17.3797
15.7183
18.5777
25.4794
16.1634
16.6354
16.7142
16.9737
27.9642
16.5202
16.3523
16.2969
17.8525
16.3245
21.5866
16.6545
17.2547
17.2794
30.7087
17.1958
20.9266
21.7633
16.8145
17.9184
17.773
16.2774
31.8649
28.5354
17.1621
26.1873
16.5047
17.2985
17.4891
35.0717
23.931
17.0235
18.017
19.2242
35.4006
25.3464
18.7427
29.1567
17.8848
18.2847
17.2745
16.6848
27.3696
17.6809
36.9436
37.7354
17.912
18.0365
16.6326
16.4546
17.3415
16.4612
16.8607
22.6934
16.0222
27.0139
15.888
15.8657
24.3873
23.8767
17.2031
15.733
17.7957
16.043
16.7937
17.7194
18.2004
17.6857
14.7724
14.9307
22.592
14.5227
15.7481
15.7299
21.6742
15.3171
17.5854
19.9265
15.9218
16.6728
15.7242
16.8983
16.5097
15.257
16.6667
15.6852
30.0079
17.3464
15.2001
15.4826
16.9092
14.8393
14.7266
25.6439
16.8803
14.5541
15.4703
33.0347
15.6461
16.9906
18.1484
23.0924
15.9148
15.4541
15.4319
14.5648
16.3859
15.1528
24.8781
15.2958
15.0089
15.7334
14.001
15.4177
17.5775
15.1231
24.5733
16.8039
14.6318
15.7568
15.3608
30.0735
15.2061
17.8579
16.418
14.9119
16.2687
17.4627
15.4749
17.7668
16.5554
16.8967
14.6949
16.8346
16.0177
19.9676
22.3304
14.8709
15.2536
14.4628
14.7038
14.5552
28.8728
21.9802
15.7579
15.2604
14.825
16.3875
14.4922
14.6429
15.4719
16.4703
14.6618
19.8211
14.9112
13.9818
14.3005
16.0611
19.0409
15.0732
24.7075
15.4334
15.6004
27.3507
14.763
14.5425
16.4781
18.0378
14.8948
15.1506
14.8745
14.9987
28.2097
17.4626
16.0666
35.6729
32.7842
30.8078
20.3269
15.9453
33.3889
26.8017
27.9992
16.9029
23.1703
22.8763
21.1527
15.9907
17.8184
16.1855
16.0666
20.2453
16.0485
15.4159
27.9367
16.2679
15.5153
16.053
19.8519
15.4713
26.3493
21.8014
15.112
32.0509
31.0321
17.2315
24.7962
15.4169
16.3827
14.8352
16.1079
15.2503
15.0338
15.126
15.0307
15.4355
17.2865
15.3119
15.5639
15.7742
15.3598
15.0499
32.3488
15.8685
14.6402
15.6485
15.5058
30.7839
15.1278
15.109
14.9037
33.774
15.8423
14.9853
15.7556
15.2301
17.5116
15.469
17.5649
15.519
17.6713
17.304
16.2588
15.8007
15.4268
15.6357
16.3357
14.4452
16.5149
36.762
19.1476
27.6403
21.0564
26.2283
16.9111
15.3606
33.036
15.8669
16.0027
16.5947
16.2727
16.7839
17.2679
19.2958
16.322
16.1403
15.9044
16.6577
24.731
17.105
16.5328
16.2663
17.0264
17.1591
18.176
17.2726
17.7259
19.2328
17.4127
27.7059
22.2551
17.8112
17.6207
33.0524
17.2659
25.2455
18.9773
26.3249
18.2099
29.2471
24.2516
18.097
15.6556
17.2098
31.2324
16.6911
17.1621
24.5696
21.8101
17.9329
17.0285
18.1156
16.9244
17.6535
17.4357
17.6284
39.0052
23.3279
17.5811
27.2855
18.6608
18.2486
17.0272
17.3247
18.719
16.915
20.6485
30.154
17.9914
23.0552
18.4958
19.1477
16.8547
17.4081
17.3938
18.8027
18.1779
18.1226
18.4812
17.8665
17.7192
27.7861
22.7866
21.3671
26.9597
31.9182
26.3736
30.0552
20.087
18.955
17.876
18.4533
19.2759
18.0252
18.1309
18.6492
18.7129
18.0532
35.6353
28.6946
17.8247
17.4602
18.5938
17.6031
17.5844
17.8254
17.9907
19.3003
17.9891
20.2932
17.991
20.3665
17.7506
19.2151
17.7025
27.0161
30.2219
17.466
20.0982
17.8233
19.7813
18.5218
18.0089
17.2272
16.2391
17.9721
16.6062
18.1437
19.3099
18.4385
19.8491
18.2503
18.3586
17.8399
18.2618
17.8176
17.7517
19.2717
18.9578
35.2092
19.466
19.3767
19.8857
22.0148
18.2599
18.63
21.2416
19.0435
18.3341
32.7293
35.6678
18.4439
19.3488
35.5004
19.3255
17.3253
30.3642
17.7643
18.1496
21.0492
18.199
23.723
23.7619
21.4672
18.3447
20.7257
18.1612
17.762
19.9645
23.1684
20.3018
18.6313
17.9563
18.1597
18.8287
18.0781
17.7714
35.6548
17.9238
18.1013
18.134
17.2596
18.7889
17.6017
27.0901
18.024
21.0572
18.1639
36.3297
18.9463
25.2134
20.9717
18.1845
19.0038
19.5505
17.7508
26.7945
18.7627
33.7709
21.1496
21.0268
19.2441
31.6791
23.2362
20.9151
29.8524
21.1956
17.6291
18.7472
18.6681
18.5586
17.5415
19.0842
20.5647
23.2771
19.3417
17.638
17.4579
17.9789
16.819
37.4978
19.6858
17.432
22.9382
30.2391
29.2037
17.3753
18.2709
18.027
19.33
28.1592
16.4446
26.9225
19.4744
18.0679
19.5998
21.5454
26.8812
18.5382
17.745
18.9838
18.7007
18.4635
17.9734
17.6083
18.2251
19.245
34.702
28.34
17.9694
23.0925
26.7395
18.6004
16.9199
18.0725
19.057
17.7463
17.8758
40.0557
32.3642
17.4218
16.9392
34.77
22.9979
24.0367
18.2829
17.1812
18.1273
16.556
17.8736
18.2766
18.3628
30.5703
18.1359
18.3934
18.2912
18.4177
18.3636
17.3422
17.3547
18.3678
17.4677
16.7254
17.9267
17.7421
16.4903
21.097
16.5621
16.4361
17.4745
16.897
27.5269
18.7732
20.2343
16.8835
17.1771
16.9136
17.2275
16.5578
16.2926
17.2719
28.9073
26.1547
16.3161
25.5131
15.7385
21.4701
16.3613
31.7646
26.9654
15.8868
15.6015
16.7953
27.3259
32.8699
32.3358
15.728
16.123
16.0309
16.5302
16.7217
16.4869
17.1043
16.819
16.4759
17.3517
15.9035
16.0307
16.3153
16.0842
18.7236
17.5217
18.4258
17.0487
16.9493
24.6999
16.9518
18.0178
17.6066
17.9444
18.2767
33.4986
21.7181
26.5001
17.0539
19.3214
18.8063
17.3839
19.8217
16.6305
20.9338
16.8956
25.5065
18.2463
41.6721
26.377
17.6795
30.8888
16.482
18.0168
20.9613
18.6162
18.1524
16.8598
21.2322
16.4572
16.6396
15.8958
16.5371
16.8262
16.8358
18.9101
16.7541
29.7442
17.758
23.1371
17.6785
19.3511
19.0998
17.379
17.524
19.7075
16.8188
16.9185
17.0413
22.0257
16.9844
16.4209
17.6602
19.9314
17.5429
17.1123
21.2123
38.1944
42.2623
21.2958
16.7758
17.5065
24.3055
17.9782
17.0004
27.0845
19.7307
17.9006
17.4533
17.1922
18.2101
17.8041
18.7312
17.1771
18.3754
18.7001
17.9261
18.3148
16.9749
16.6263
17.7213
17.5999
17.5671
17.2565
22.0091
17.4307
21.1853
16.6588
16.6039
18.5099
17.3409
16.1285
16.4678
17.6995
21.1906
18.14
16.6404
16.9708
17.1882
17.3443
34.321
37.6667
18.8341
16.3591
17.0701
18.2009
16.6925
17.0604
19.544
17.1143
16.8869
17.6701
17.4166
17.7423
17.6915
17.4062
17.3912
17.5235
16.7309
17.462
33.0511
19.4873
17.9741
18.2089
18.2147
17.6475
18.6963
18.4048
17.8588
18.1681
19.939
17.6702
29.2781
36.8941
28.0307
24.3395
31.0425
25.1283
28.3931
18.7835
24.4357
17.6153
20.1312
17.8016
17.787
19.9777
18.7994
17.7527
19.1484
17.225
17.2866
16.9448
18.2632
17.7434
18.0548
17.468
18.7147
18.4779
19.4975
24.4043
20.5157
17.4559
18.4526
18.5462
24.6536
17.5287
26.6352
19.4174
18.4832
17.5474
19.6345
29.0155
29.4871
31.8277
18.3851
32.6256
21.0482
37.2358
36.9227
18.8657
25.6075
18.3131
18.5542
18.483
17.993
21.3524
37.3179
19.4046
21.5797
18.1434
17.9806
20.3566
18.7836
21.0596
19.4503
18.4871
18.4356
19.4771
35.8894
19.3444
18.2872
21.4853
26.7174
37.4539
18.6638
29.9391
18.5395
19.2688
17.7169
18.4135
21.6248
29.9595
20.2455
18.4834
18.3142
21.4075
17.3097
21.6307
18.4157
36.6376
22.6765
35.1072
29.3924
18.2323
18.4943
17.0437
19.0957
24.8044
18.4298
32.229
20.9806
18.1873
18.1063
18.1004
18.5967
19.3112
19.5911
18.548
21.8016
20.4214
27.083
19.1099
18.6402
17.8491
18.1119
17.7918
21.7243
17.6455
21.0851
17.6056
23.9084
20.2992
17.3133
18.6307
21.0867
18.0071
18.6942
32.93
18.2349
18.7436
17.1599
25.0581
17.5753
17.7437
17.7048
18.2114
19.5572
18.0537
36.827
18.7201
19.3083
17.7588
18.6607
18.4548
17.4772
20.6126
39.7795
29.0455
24.9965
19.6935
37.9171
23.3316
32.5306
17.869
29.2412
18.5388
23.5875
17.3075
18.8449
17.618
19.0847
17.6481
31.235
17.8408
23.3154
37.7296
20.5173
17.3344
17.8565
18.1159
17.4053
16.9902
22.2936
16.9463
20.9591
17.8945
18.1728
18.752
17.7339
22.2062
19.2281
17.6566
17.8914
18.1345
21.2993
24.5604
18.277
16.8099
17.5565
22.5112
16.9147
18.1011
17.5259
16.4708
34.265
18.3736
19.1528
16.8104
17.277
21.4748
19.7048
17.388
26.8818
18.0667
21.664
18.7799
16.7759
20.2551
16.4263
17.8864
16.3627
18.1546
16.223
16.6634
16.9673
17.3525
33.1791
16.2721
16.059
31.8887
23.5305
17.1088
26.7306
17.257
34.3429
16.8288
22.5844
16.5512
31.9889
18.5617
16.086
15.8741
17.1989
17.5132
15.8646
16.531
16.3706
18.1248
24.2025
18.3106
19.4478
36.324
17.6072
17.5524
24.0093
22.4902
20.3457
17.8611
18.852
39.8683
33.4034
34.7989
24.7025
17.4448
17.5239
17.1959
32.6628
17.9376
25.6733
19.016
18.4225
17.7732
18.0016
18.204
19.4523
18.5612
17.7511
17.7295
17.199
32.6636
31.1922
19.0675
18.6112
18.5493
17.7489
34.6458
17.9945
17.7093
17.9229
17.5364
18.5787
25.6801
19.4603
18.0319
18.1108
17.8244
17.3234
17.29
17.3738
17.6102
17.0297
17.0786
19.1278
25.5399
28.5004
20.5913
27.8358
19.6721
17.3876
27.4646
19.514
18.5606
18.396
22.5085
17.9313
27.2383
33.2683
17.3533
19.218
18.1327
20.4523
19.4286
18.6903
18.0516
18.2992
17.3962
17.5939
24.2201
17.1924
19.9087
17.7404
18.0219
28.6353
18.0023
31.5708
19.9575
21.3647
17.4945
18.8655
21.6333
17.8895
19.0353
23.9915
21.5208
24.4991
18.9092
21.11
17.248
17.2403
28.6718
18.7901
17.4121
21.0852
18.7968
29.4395
28.2069
17.4726
18.6152
32.9508
18.0786
18.3423
17.3389
17.3165
18.3479
18.0164
24.9367
17.9529
25.8819
17.2128
18.8849
17.4861
20.8752
35.2645
17.6116
17.2942
25.7526
29
18.2018
37.7719
21.5788
17.2185
17.1079
18.0904
17.9257
16.9327
17.6649
28.5814
17.984
17.4317
25.0087
24.3358
17.2848
17.5221
19.5504
17.2581
17.4331
18.3794
18.6736
33.5805
19.1778
29.2799
18.8113
36.4778
18.1521
21.6625
33.2621
18.5516
20.7685
25.3348
20.6623
28.7763
19.9179
21.8674
20.9899
28.6354
19.2854
31.9404
19.2217
17.8531
18.6451
20.4004
23.7962
23.6545
22.2865
28.9783
18.589
21.5152
27.3895
28.8602
18.3359
21.9306
30.4067
18.8962
17.6411
19.0239
17.9902
18.3389
18.599
22.2523
21.495
17.8317
17.737
28.6316
18.7001
20.8087
34.9709
18.2579
17.8157
37.3916
31.425
19.4007
30.4429
18.7201
19.6173
18.1056
18.7199
18.9832
18.1288
18.272
18.3373
18.9724
20.13
18.4518
39.8433
28.868
18.7675
18.7495
17.9327
24.1977
34.6579
29.1256
18.8741
20.9202
18.3754
20.8107
19.8535
28.3087
19.3024
18.7836
19.3096
18.8564
18.9292
41.7762
19.3164
19.1586
22.4053
18.0837
19.325
22.1221
18.3202
18.5499
22.5597
37.8144
18.916
35.9557
18.5243
23.4124
18.3241
18.1614
18.9773
19.9975
18.1763
19.4128
19.1704
18.2187
19.8139
21.6487
18.2234
19.0305
17.7297
32.9526
17.491
17.5309
19.1947
17.0406
27.2003
19.2998
19.036
18.6206
18.0002
18.5093
18.3921
39.5018
18.0344
48.6313
25.7526
18.5146
20.6478
19.2521
17.5111
17.7244
16.8906
22.9023
20.6311
23.0423
19.0798
17.1018
17.7293
17.5442
19.4226
20.8278
17.8481
36.2181
17.7563
18.92
18.9021
18.386
18.0242
17.2727
17.8655
18.7207
18.6363
18.1024
25.2699
34.2171
20.7093
35.8126
18.1771
25.8553
17.1499
18.3239
32.6064
17.9952
19.5525
18.4859
18.7811
18.7091
17.5063
18.9042
23.3353
24.3283
18.5689
36.5677
18.9188
33.8556
24.1813
20.208
45.4553
26.5295
36.1916
20.0774
17.7337
22.9633
17.5945
18.4094
45.5441
26.8072
18.8308
18.8985
19.276
29.2361
17.8743
17.8565
19.137
23.5329
26.1565
30.8937
26.6153
17.8352
38.7355
37.857
33.7128
20.7325
20.2082
20.6059
46.2237
36.6332
20.4441
40.5514
21.2065
19.2291
22.7944
20.117
20.1467
23.0321
28.5941
21.0227
18.2616
24.2452
18.2967
19.1832
36.8832
22.8993
20.0881
43.7461
24.3672
18.8409
38.0982
19.6416
20.0917
23.7023
19.8146
20.7404
25.6743
45.66
20.7233
37.4105
19.2305
21.4661
18.3421
17.1292
17.6036
18.3597
18.8356
20.7651
36.6753
20.5137
21.5232
22.6925
17.6307
34.4884
18.2185
18.5288
23.1589
18.4525
18.1161
45.7252
35.5279
18.3413
21.8876
21.1011
20.5879
39.3117
19.6351
26.7395
31.5747
19.918
19.2605
18.5109
30.645
19.9253
33.9118
19.4614
18.7029
19.7552
20.411
18.1507
25.319
26.0049
18.3598
20.7886
18.6858
18.5439
17.3756
17.4383
17.9465
17.3109
18.333
17.8512
19.8781
17.7634
18.5894
17.6244
17.7734
17.478
26.9344
35.0392
22.0274
21.0941
20.7396
18.8983
17.6211
18.6873
17.8146
25.4409
18.6473
27.5012
18.6074
18.4677
19.8702
19.7479
18.5845
17.9537
33.8725
18.3178
18.766
19.2392
27.9648
17.439
19.3601
18.1741
32.7655
18.4815
37.3188
18.8163
18.4455
37.2079
18.118
21.2976
19.4082
18.619
18.0758
18.0834
17.7101
22.6377
25.5344
26.6141
18.7983
18.8744
17.7932
18.9029
36.5575
23.4602
32.4673
17.1767
20.698
45.24
23.911
17.4432
18.1523
17.9036
27.7372
19.5229
18.3712
18.2462
25.6175
27.7726
18.5193
32.8937
20.9647
18.2074
22.7466
18.3162
18.2085
18.9208
20.4963
36.4469
18.2297
19.1745
18.3115
18.5839
34.6575
20.7932
19.342
17.5581
18.8472
26.3885
19.1372
18.0065
20.5145
18.3701
23.7903
18.8443
41.7224
18.8611
17.7925
20.9327
18.3341
44.2771
46.9935
44.3059
33.5896
19.3292
19.9115
18.5443
20.9567
17.8742
38.7966
18.7906
44.171
23.5106
17.5299
17.6403
18.0836
35.9226
17.5542
19.0198
18.2124
17.0508
30.6365
17.3476
18.2196
17.514
18.1441
37.1677
17.651
33.3878
34.6777
18.6444
19.7865
17.7067
18.2226
18.5908
16.9168
19.4718
16.549
17.0468
18.7009
20.1348
16.615
17.2178
24.7131
25.9139
17.9266
17.4278
33.0364
18.9249
31.521
17.882
16.852
32.497
19.8754
18.9608
18.4368
35.6231
17.8772
18.9812
33.7427
33.2476
26.2952
18.1564
18.1131
26.3938
24.4636
23.1632
17.8562
18.0986
16.7989
19.5298
33.8085
21.6954
35.9633
25.1347
34.42
17.2241
20.2391
17.473
34.9745
18.0455
17.2843
17.1156
16.5395
18.7992
17.9566
17.3163
17.6062
17.2769
17.5516
18.2123
34.0589
28.2843
27.0314
18.0873
17.5403
37.5353
17.9673
29.2278
36.0273
21.7195
29.8973
17.5782
17.1801
16.986
17.7909
16.6767
17.1233
27.5819
17.8036
17.5178
18.4944
36.7003
20.2068
17.0959
16.8251
17.8016
17.2764
19.0468
18.0778
16.8221
17.7539
19.6128
17.5711
19.5405
17.7342
18.5792
27.1086
19.1897
17.9853
19.1541
18.2749
18.4256
17.9945
17.7838
17.7764
18.3359
18.93
17.6437
18.5807
18.4255
39.3376
30.2148
25.156
18.5343
18.1225
19.7457
26.1746
19.5353
19.0895
19.3839
19.4864
19.8821
18.9826
33.6655
19.4076
25.181
19.9493
18.7905
20.488
19.116
19.1738
19.4779
25.8473
19.2706
25.6849
19.0327
19.6351
28.5323
19.2584
19.1165
29.8168
19.2531
34.8442
21.1612
22.4709
20.5077
19.8135
30.7656
24.0047
19.4172
33.3066
18.8162
24.4367
26.3038
26.921
18.4855
18.5193
19.3181
19.9308
35.2508
23.2262
36.5148
18.8542
18.5378
19.4492
19.3211
19.6185
19.4472
19.4417
18.501
19.4758
18.3611
34.1482
18.4024
18.2261
19.4899
28.6004
19.7782
20.3718
18.9192
36.1452
19.4854
21.3832
19.4605
17.8577
19.6008
18.9097
19.255
39.3738
20.6986
17.7374
18.2718
19.8043
17.55
17.5986
17.7801
17.6648
17.3215
18.627
18.1838
17.0489
18.8064
27.5691
18.702
18.6294
16.7616
34.977
24.2247
18.4076
17.9905
25.6548
17.8497
34.336
25.7662
17.9105
16.6174
27.1748
18.6516
18.4462
18.3839
19.6713
21.1937
16.9961
18.4326
26.8855
19.4005
17.8425
29.2434
26.3317
17.8936
25.3451
31.46
28.9934
18.922
21.402
17.8315
21.2576
20.7213
25.7307
18.1737
18.565
17.9985
18.7132
27.1925
19.0754
20.5716
18.6085
19.4684
28.4467
22.8449
17.9747
18.9882
18.6743
22.7727
17.9377
33.5208
22.4507
18.4747
20.4314
43.6149
46.0439
45.1615
27.8227
19.3025
21.7359
34.3661
29.2357
17.8769
20.79
19.6731
25.1389
19.2512
17.5754
18.7367
17.2399
18.2316
17.9357
17.2986
17.6813
26.48
18.0458
17.3644
17.4063
23.3196
45.548
27.4691
18.9258
29.5654
20.3585
18.2773
18.4486
17.9441
18.7782
18.3031
21.0803
19.6752
18.4482
34.0264
48.021
34.4633
19.6341
18.2674
41.089
31.2128
18.9657
19.0064
18.0815
18.7375
17.7677
20.8328
18.2526
18.5898
19.5793
18.0616
19.3501
18.7674
17.8574
18.8615
18.423
18.8684
18.3226
20.7672
37.3433
19.1361
22.2422
17.6015
17.5329
31.2155
18.0528
42.9371
28.4267
38.0427
23.423
33.5937
18.5304
22.5615
27.9535
23.6891
18.8299
36.1124
19.0726
18.7287
18.0801
18.9544
32.8781
31.5111
25.3533
18.8835
17.7539
19.9796
29.93
18.6506
41.334
24.7575
18.1877
18.9809
18.3944
38.5789
32.0397
17.7201
33.3746
35.1352
18.418
19.5882
18.3014
17.8349
44.0372
20.8118
18.6312
22.7113
41.738
27.0181
17.8101
28.8934
31.479
17.2227
36.5832
18.8296
42.107
19.6388
43.725
31.6837
18.6313
37.3249
19.2332
18.104
17.8992
18.437
17.7711
17.5613
19.0146
18.381
25.1249
18.1165
42.6251
26.5372
17.7758
19.9914
17.9023
42.726
19.1183
17.9778
22.505
18.7538
17.3625
29.6758
17.5025
19.689
32.6186
22.5513
22.5577
18.7956
34.7109
18.2784
30.9986
23.7115
28.927
18.2218
20.507
18.2415
32.1602
26.4574
27.6576
19.2956
53.6249
35.5739
35.9945
30.5241
18.4206
18.9365
17.7591
18.9129
36.0733
19.1124
18.2399
18.1623
18.6821
18.6116
39.7992
32.6804
40.1519
18.5246
28.9987
22.7202
19.0759
37.9218
17.9687
46.6067
45.562
20.4063
18.9749
18.8248
19.134
33.5985
18.105
19.7165
19.1455
40.7948
33.4665
17.4714
37.2303
21.1973
18.2721
17.9471
17.625
18.0793
33.878
18.5704
21.7977
19.3458
18.714
26.7785
19.5288
38.1512
18.6375
18.4961
35.2245
18.7553
19.5396
18.4936
18.8316
19.061
25.7536
30.4159
42.421
27.1694
19.0318
20.7558
37.4178
20.7179
23.171
18.8742
18.6296
34.9881
18.2933
17.7312
30.7761
19.2147
42.5342
35.6297
17.1937
22.3342
47.1663
32.4743
35.2214
17.3615
26.1002
31.4563
16.378
16.1712
15.2326
15.6913
16.5094
15.7337
16.6246
15.5972
31.7043
15.6521
18.8136
17.9006
16.4998
19.8771
16.5193
15.7969
33.2682
16.3846
17.1414
16.5768
15.6684
17.1201
36.1827
16.912
17.2438
20.5536
16.3544
16.0558
15.92
16.2231
39.4733
21.6586
18.4409
16.3468
18.5466
19.1548
19.4711
17.1564
16.6483
15.9064
16.2573
17.081
17.7332
15.6524
16.3998
26.8972
16.8528
16.2297
16.7055
19.1343
17.7197
28.6768
33.9652
27.7783
27.8599
20.8225
16.4795
34.4879
32.3305
16.9719
19.349
16.5411
17.0222
16.5239
16.5977
16.3462
26.0006
19.1632
17.944
30.5372
15.5273
32.8588
15.3999
19.6875
16.9623
22.767
15.5165
30.8341
17.167
17.5834
18.5465
14.4327