26.9703
20.4349
20.8401
10.7296
23.7334
16.5336
11.2939
10.5934
16.9228
18.2572
11.0817
22.7669
22.288
18.5118
16.8408
10.0937
13.1312
10.6472
10.4902
12.2486
21.5148
19.0861
24.6514
12.0618
17.4786
10.5712
12.4589
10.696
24.1954
11.3569
10.338
15.8665
15.7563
11.0103
10.0436
12.4793
16.7359
10.5151
17.217
9.92179
16.5091
10.7613
11.9374
11.4585
14.1354
11.3365
13.1063
12.933
10.6202
13.0248
14.3413
24.947
13.041
11.9561
12.7581
18.2488
19.8174
12.9842
13.0421
26.0739
12.6312
15.3323
23.7464
14.2552
23.9041
28.0579
23.6136
21.8327
12.629
21.8181
11.733
30.1721
15.793
22.4341
16.341
11.6631
13.2019
10.4157
12.3457
22.8732
11.2743
19.7429
11.5851
15.3496
24.5128
27.4976
23.0973
14.7952
10.9851
13.7646
25.5586
23.2414
11.6685
18.6985
11.6475
11.0283
15.4905
10.5818
23.9215
26.9095
13.1478
25.1412
12.1786
11.7259
28.365
16.8965
21.8295
13.0034
12.5586
12.988
10.1092
20.1914
10.0756
23.3204
14.5503
13.4533
15.3784
15.092
11.4105
12.7358
18.9319
11.3264
14.9042
14.0934
24.6317
12.4632
20.4188
24.375
16.7753
12.1046
19.0745
12.7706
22.6331
23.6737
20.0535
16.4924
11.1996
11.6738
20.9289
17.9507
14.8607
21.6692
12.9258
14.3263
9.77873
10.761
20.4495
13.4596
25.3905
13.0238
22.1037
11.2493
18.9191
10.2669
12.8691
28.5147
13.7208
23.5513
13.0217
9.36382
9.62937
17.5215
25.0397
20.2133
16.876
10.2657
9.82105
22.6015
14.3556
21.0501
10.4067
12.3077
13.4937
10.4596
12.5533
11.8763
23.0476
14.7962
13.2919
13.1836
26.6974
13.6753
23.2111
25.0969
23.0263
16.5976
12.3188
23.142
12.1403
16.0926
25.3234
13.181
18.5794
10.6976
20.4787
10.1527
12.8635
11.6373
9.96762
10.9899
9.98007
9.43394
10.0753
24.0649
12.0435
25.3869
17.1485
16.3987
14.8627
18.3168
10.9353
23.4857
24.4787
17.5231
12.0095
16.6466
19.559
12.9688
24.4588
12.9264
11.1413
12.8356
28.1806
20.2066
14.1088
9.57896
10.7724
9.87462
9.43052
10.9848
10.1345
11.2903
10.9746
20.0861
10.6482
12.7086
21.9574
12.9568
9.49055
15.0468
22.4803
13.9
32.689
15.9199
19.7323
20.5648
12.0531
12.9383
27.6138
16.59
30.5098
23.1865
12.1554
33.7478
11.1609
12.3088
11.4459
24.6276
13.2683
26.0663
14.3271
13.3346
10.5738
10.2742
21.3315
16.0587
11.1347
10.9066
21.5024
10.6385
16.5377
11.3245
24.9826
13.7424
26.0346
13.266
17.2709
14.1911
23.6668
17.398
15.2799
14.3359
23.2091
25.1789
15.1447
15.7144
13.6708
20.2108
14.2419
21.952
10.2827
9.11229
9.16308
11.5374
10.6312
20.2053
15.3463
23.3587
23.7631
22.5576
23.1343
25.3114
22.0906
16.4403
20.3568
17.2355
16.7118
16.3016
11.3963
27.307
24.9414
22.7779
12.3871
24.7987
13.2321
18.7327
21.6409
13.8672
24.9944
17.695
20.4869
24.9415
18.3827
13.3957
16.1661
14.8252
10.054
24.3857
12.3285
19.4073
11.0031
11.3248
11.9572
19.4448
12.2277
23.603
11.7458
31.5668
17.501
21.0243
15.8468
11.1436
11.0027
10.1305
9.49835
8.71358
18.3352
15.5779
12.5412
13.9982
10.2832
13.4799
19.3921
8.86033
13.6122
11.7302
16.9038
18.9019
29.0095
16.0478
21.3
15.7662
12.9413
13.7106
18.3053
11.5083
13.5821
12.4618
10.8433
22.5714
11.2299
11.2573
9.41944
25.4488
17.6943
11.3518
12.5418
14.2511
10.1386
9.07501
26.8766
14.6785
14.9146
13.7277
13.0184
12.5147
12.6011
17.2638
18.7114
13.1892
11.1504
10.8245
13.2607
14.8088
13.0841
14.7149
10.9312
21.5228
16.1567
17.6292
12.7253
11.5852
18.556
23.2549
11.658
13.0231
25.0826
12.6016
11.7009
12.3574
10.1577
25.4707
13.5131
21.3047
11.5652
10.6835
17.2388
11.3408
13.8514
24.9624
10.7223
18.4462
11.0166
20.532
12.771
11.0216
19.376
12.4878
11.634
21.5403
18.0033
21.6157
15.0848
19.6892
12.2637
22.765
10.5557
16.9764
12.1188
15.1719
26.9036
20.4306
26.8399
17.0165
13.1564
10.243
19.6436
10.8223
29.2187
10.5445
24.119
12.5328
25.324
12.4473
24.9374
14.9755
19.3079
9.39992
17.9852
12.6082
9.54456
25.8551
13.5109
13.3757
12.324
16.1614
19.3609
14.9995
26.0192
15.8879
10.6407
9.89703
23.7534
10.4625
17.415
9.56631
28.2373
17.0658
16.7249
11.0467
11.0596
17.852
22.6293
19.9628
13.3948
10.6122
21.2318
14.7814
15.0411
16.3418
14.9457
12.4042
19.4028
12.9171
12.3121
19.8264
30.168
19.6116
16.4586
11.2961
14.4066
17.3817
14.0199
23.3563
11.5697
22.4434
11.6643
25.3806
11.7957
23.0209
13.0375
14.4788
12.3133
22.3698
12.7499
30.0952
15.0164
13.5448
14.8854
13.8368
12.6998
14.2976
11.7205
15.0246
19.7471
12.0724
10.8264
25.729
14.0772
26.905
30.4757
14.9743
17.5148
22.6087
16.1775
27.0085
11.8887
11.9461
11.7926
28.0028
23.06
10.4171
12.4567
9.99022
22.8291
12.9804
13.8011
14.452
7.68316
8.31828
10.9314
21.1226
14.0683
10.6194
9.4667
8.68717
8.09523
9.04846
13.2289
16.9607
19.2091
8.95379
19.5144
9.50896
9.73231
17.7526
10.637
8.00416
8.75977
14.136
12.3986
9.78566
10.4982
11.1736
12.645
15.9513
20.572
10.1264
13.2334
10.2627
20.4731
11.1747
14.5607
9.95922
19.7117
14.7228
9.41982
15.6004
13.4278
9.80223
13.4781
13.1566
22.1297
11.398
20.643
12.5119
21.7068
11.2214
26.0855
27.2336
13.4195
10.9945
11.5812
14.4627
20.5038
27.602
13.5392
11.8654
18.4509
13.2652
11.8052
28.2991
24.6906
13.7935
17.9837
12.1891
18.7126
18.3064
9.96971
21.6452
15.9844
12.2697
23.3354
14.7803
10.4406
13.2604
9.88592
8.84128
9.08528
18.5363
9.308
10.8528
12.7757
15.5547
9.99763
10.9615
10.2392
17.8294
10.937
22.4569
10.7133
16.4868
9.96814
16.3069
11.5007
12.3749
10.1531
10.6357
16.6649
15.2056
26.4131
14.112
24.354
12.9253
17.6468
13.8606
12.7066
23.1138
19.1499
27.25
27.3165
22.3281
17.172
12.287
25.5703
18.7241
21.5435
12.4901
12.8918
23.0855
12.7469
23.0286
12.5363
18.3966
18.3676
11.7721
11.717
11.297
28.8132
16.876
31.3913
20.0776
23.1339
12.2813
10.934
10.0986
9.93238
24.7821
20.6537
19.0257
12.0177
26.4894
14.2248
17.1299
14.5572
23.3666
14.0626
21.8557
12.2675
8.41193
8.48574
24.4293
14.579
10.6473
23.5941
21.8636
11.6674
17.3185
23.2151
12.5016
17.1135
16.0178
22.7726
13.9482
14.8396
13.0686
18.4505
11.7331
14.6203
11.3541
15.802
23.6835
19.5361
11.5857
19.0409
10.5835
13.7229
25.2929
13.8169
12.9652
10.3372
10.863
17.8929
11.704
20.5262
10.3647
28.4029
13.8373
11.4257
23.1063
13.9727
11.1673
11.4569
30.1312
18.0991
10.7221
11.1582
23.3145
26.3202
12.6709
12.1249
15.88
12.4198
13.8465
15.3872
11.8168
14.8543
26.1197
11.0913
28.3914
16.1184
26.9125
12.3713
12.9264
19.1782
15.2762
18.7511
11.7556
10.9642
15.4251
11.3978
11.9628
9.77925
10.5762
14.2106
8.54355
11.5667
11.1055
11.4166
12.2772
8.72837
18.6809
13.7754
17.7194
9.71795
27.385
13.494
17.6691
12.3255
11.291
27.4272
25.1394
10.9086
24.1151
23.7245
10.8661
12.5843
22.1575
11.5495
11.8131
25.3184
20.108
21.0222
10.5013
10.971
11.1469
19.0111
12.2731
13.5173
14.1622
11.4454
11.1127
11.2925
11.5144
12.5787
11.2391
22.422
11.1682
13.4048
12.3163
19.678
11.0418
13.8878
15.6022
10.6208
11.2106
21.2984
10.265
27.6538
18.6622
18.1587
9.66862
13.8615
11.3316
23.7969
15.7867
15.6929
17.7392
11.4804
11.3464
11.0931
30.0063
14.9692
10.5534
10.2032
16.4991
11.2524
9.81319
13.1199
24.634
19.8473
21.6874
26.4959
19.084
11.7786
27.1435
15.5063
31.9011
19.8502
17.3928
11.2017
16.8854
17.8546
11.1389
22.5889
13.1485
24.0451
11.2517
10.7564
8.97828
22.1929
12.5377
10.1964
9.42118
9.34612
17.1745
11.2259
18.519
15.401
15.9007
11.0018
23.4418
19.162
13.7185
26.1252
15.1708
24.9941
14.289
20.8034
12.7152
26.1906
22.5425
13.4578
12.5656
12.716
12.5378
20.6735
13.6471
19.1173
19.7266
23.1066
17.678
14.5341
13.6458
13.2939
28.9704
14.3745
16.2029
13.5749
13.5484
23.9969
13.1815
32.3737
14.815
15.7892
13.1399
26.4363
27.8043
26.9229
23.023
16.2225
13.8322
25.9728
11.6265
15.5843
13.436
10.8484
15.1569
10.8549
10.3084
12.7625
23.3687
12.0495
12.1828
16.973
16.4137
13.461
17.8829
24.0957
12.8225
11.6014
25.1952
12.6755
18.9913
13.5109
14.6271
17.7987
12.4861
20.3346
14.8468
14.4675
22.5696
11.6585
16.4773
11.3179
20.652
15.4205
24.3419
14.8385
31.2912
15.029
12.8689
11.812
26.6558
16.3689
13.048
25.5891
13.684
22.2939
10.5922
11.7427
27.6662
14.1364
12.6992
20.9108
22.9939
18.2903
14.7362
13.8308
11.3141
9.9628
20.483
10.501
12.7507
24.3569
19.083
22.142
10.3683
10.2403
14.2299
17.8502
9.76414
10.1545
12.1839
16.584
11.4594
13.4619
14.7473
11.6927
25.1545
13.5961
26.6457
13.744
23.7537
14.1303
12.8991
17.9319
13.8601
17.0165
13.1363
13.0018
13.2618
13.5306
21.2133
13.4368
14.0315
18.0353
11.4846
25.5376
14.9842
22.7943
14.1211
12.577
11.4727
19.4419
24.6263
12.5325
12.8991
16.9203
15.0991
18.2764
18.077
20.3206
14.565
26.1619
14.122
12.0119
13.7199
9.10747
10.0909
8.08873
16.4436
15.1652
9.72084
24.045
18.7946
19.9566
12.0946
26.3625
23.7526
17.3692
27.2314
23.0591
22.9711
14.1456
14.9968
19.1731
14.1235
11.5745
11.6637
25.6512
13.8719
27.2453
14.9163
12.676
11.8753
28.5419
25.4645
13.3912
13.83
11.3301
12.3972
14.2576
12.2838
23.8629
11.9097
15.5746
24.1595
12.0147
9.96611
13.281
10.1915
22.6413
11.4924
16.3063
15.8763
12.3552
14.0531
21.2431
29.0379
13.4216
23.8593
13.3462
24.4812
12.7119
29.6484
17.6523
18.8381
28.0172
20.4101
28.1101
16.7576
10.9307
11.0028
10.9057
11.8962
10.7097
24.3169
21.1999
12.895
14.1066
22.923
14.6239
18.1982
12.4742
17.1807
13.3087
13.1801
12.2546
23.3361
29.1387
19.3269
28.7289
15.1868
12.3104
12.7065
12.6308
18.6827
12.4411
26.682
14.6742
16.4238
16.3944
26.4622
14.5705
12.8024
22.1341
11.994
16.8867
13.4629
12.3114
16.2563
15.6894
12.0884
14.7531
18.1746
16.025
25.7378
13.8605
14.6393
27.4998
17.4279
11.8383
11.3556
12.5864
19.6079
26.6934
21.9042
12.4959
13.2091
22.284
14.1003
28.199
19.2994
31.1901
19.515
17.8864
15.4007
12.1699
17.5518
30.214
14.663
27.8071
14.0345
26.8064
18.5305
26.0484
22.0859
19.6741
16.5767
16.6754
11.0252
28.3352
24.4185
21.5447
18.4285
12.7771
14.9907
29.3805
20.7119
12.7532
27.1564
14.2146
11.3515
15.0047
10.027
12.6932
11.1543
11.5262
10.5347
27.0106
15.9761
12.8498
14.5325
31.0427
27.3375
13.4956
16.139
21.9734
11.8592
16.379
25.5455
14.175
30.5368
17.9679
16.1112
11.4131
13.5246
21.6145
21.4524
12.2022
10.3239
12.4725
19.667
12.2158
18.9402
12.1941
12.1284
22.1679
14.4074
14.4795
12.6565
11.4674
25.861
15.4675
24.5373
13.5226
13.6639
11.6457
17.3428
14.0005
21.1146
12.2024
11.9482
12.0589
11.6335
12.4896
23.2402
14.3142
25.9805
31.0219
14.649
15.0206
12.2267
12.5308
14.4393
12.9027
12.9378
22.7587
21.9693
12.1454
24.926
13.0998
13.8101
28.0426
17.2192
24.4647
25.0729
17.3745
22.5574
13.0508
25.6373
12.4987
29.6421
24.1355
25.7846
26.6658
23.5872
21.275
11.8949
19.5082
12.1474
14.2904
12.2484
14.4212
25.613
13.7389
26.6531
28.0861
13.0473
10.6074
13.5013
11.1572
11.9469
10.5385
12.2805
11.3495
10.2996
10.7047
12.0339
25.9679
17.0771
11.8753
29.3467
16.2485
11.5941
24.4392
12.532
22.0299
10.1794
24.6189
12.5368
22.8036
12.6684
19.4601
11.2683
25.1567
28.0331
21.2871
22.8619
12.2866
30.8029
28.5379
14.166
19.0397
18.6197
12.7652
14.938
11.6989
26.7149
15.4507
12.1423
22.7568
12.824
25.8186
17.1311
28.3519
16.8677
12.024
12.2144
11.6005
12.5106
25.7138
12.9052
37.2185
17.355
26.5742
19.4968
24.1188
17.56
11.7166
10.9929
19.9183
11.0655
10.816
14.1473
13.8597
10.4269
19.5894
11.9892
10.1071
25.9657
16.5382
16.2792
26.5916
15.8473
12.4934
11.6567
20.0073
26.0643
13.8218
10.4739
13.8032
15.1559
9.68222
22.4702
12.0616
25.4705
11.9646
12.9698
9.63481
24.3174
13.0267
29.6127
16.1265
16.9316
14.8385
11.2671
21.712
9.89496
10.2116
19.7668
12.94
15.1351
11.275
14.4039
15.6634
17.3557
12.7893
23.9248
29.636
15.8789
26.5977
25.5414
14.2885
15.1709
30.7961
18.5138
14.3832
13.257
11.8562
25.3223
17.4936
12.6369
10.6515
25.5941
20.4707
12.0626
20.7044
18.8217
20.7599
12.6408
13.9461
11.8628
23.2961
12.6066
11.8521
25.6156
20.2358
23.5336
25.2923
12.4012
15.2404
10.2338
25.6444
23.6685
12.164
20.0221
10.0185
14.4283
10.1125
12.4029
15.8849
11.3764
11.9297
15.0803
10.3275
25.4072
25.9871
14.416
12.865
26.4525
19.8754
22.3395
10.1137
10.1787
9.35731
27.0346
10.0571
11.4924
10.9089
10.3131
24.8145
12.9589
24.2008
13.2294
26.9739
23.3169
13.9016
10.2809
26.9305
17.6246
21.1812
11.6706
11.4524
27.6576
26.2052
24.8071
12.5328
15.0958
10.6144
11.7248
13.1656
19.3597
10.4097
18.8377
13.7632
24.8414
16.3531
17.4899
23.5149
20.2036
14.2911
12.9562
12.4532
12.6683
21.4951
15.1845
15.7995
26.4967
30.1413
17.9173
28.5262
13.4862
20.7995
22.0083
12.4017
30.6558
29.3371
14.4659
23.3617
21.3329
23.7318
11.4448
12.027
11.484
10.4331
13.2777
10.9535
12.9216
11.6116
9.84697
10.1452
18.3835
15.0426
13.7988
11.5413
28.0594
20.0713
11.2412
19.2144
9.76766
12.2765
10.7858
17.2636
17.2083
19.0591
20.149
10.2568
14.1699
11.3722
26.6184
24.6274
24.9995
23.7168
14.3938
11.8502
25.3227
21.1338
13.1553
24.3681
12.298
25.0674
26.4248
13.9334
21.8991
11.2141
28.0456
31.9748
16.0203
16.8703
12.4947
10.3955
10.8439
15.2231
19.6019
21.8822
14.5131
22.4018
11.1508
11.1988
10.4415
12.0288
11.2812
18.7072
10.7868
25.1715
12.9415
10.4573
21.5822
15.3824
10.9781
10.95
23.072
13.3522
22.023
23.955
13.0288
10.1919
16.541
11.7036
12.8181
25.5517
16.1859
12.611
33.1225
19.2897
29.5145
14.4699
15.2284
13.4572
12.312
11.9872
12.7438
21.1508
14.1713
15.004
15.5184
12.3336
12.3568
30.933
16.9195
11.6175
12.8091
12.1892
11.2598
19.061
12.0206
12.5929
10.5628
10.7032
11.3674
10.872
10.5369
10.6051
10.2763
12.0797
10.8675
13.4372
12.464
11.6231
11.1997
14.3307
18.9688
14.4805
14.6757
24.7798
12.9073
23.9406
14.6073
11.7079
30.9114
15.2561
18.9707
16.7766
14.3003
28.2093
19.7283
14.8573
14.5337
26.5086
12.3982
24.0344
13.7517
14.1657
12.9636
11.4943
11.8413
10.6205
20.3904
13.3594
25.2672
13.951
27.4071
13.9419
12.8711
11.3564
19.8072
26.3439
22.2227
20.0039
11.9976
10.6216
10.2102
23.4623
13.8394
33.9626
23.6808
12.8853
12.0462
11.2912
11.8072
18.7792
11.991
32.432
20.9345
11.0883
29.3667
12.8629
17.7166
12.1424
29.0155
15.6018
10.9472
22.3596
14.7227
25.8586
14.151
14.0381
23.7822
11.2272
23.1478
16.7425
22.5957
13.7095
22.5001
10.8294
21.4278
12.7855
20.7407
27.3155
22.4232
19.8227
20.3363
11.7525
16.7295
23.3151
28.1933
19.3684
14.5476
12.1875
19.8493
10.68
26.5884
25.0815
26.5621
14.7461
23.6227
16.7061
11.6568
11.8285
10.1536
13.0656
20.1552
19.3899
23.9895
24.9932
12.9003
13.5494
11.7663
11.0669
27.2637
18.7996
24.9566
13.4143
11.9354
11.1476
17.5777
15.6629
10.88
18.8797
14.4663
16.7924
26.4513
13.3296
12.5471
17.7094
12.4159
12.2087
13.1644
11.0566
12.1752
12.6723
14.7489
16.8754
11.3333
21.3041
10.8178
15.819
10.592
10.0317
25.0185
12.0325
20.4068
11.8798
18.3258
12.4351
21.9842
9.45329
19.3278
22.1886
17.1331
17.72
17.4387
22.5606
12.4427
16.4012
10.3059
21.0991
11.0965
10.5986
9.03851
9.23671
9.98766
10.6848
9.76079
9.85897
10.5801
16.0972
14.2302
25.5328
26.8313
18.8252
16.9284
14.1879
12.4842
10.117
19.5795
11.4901
21.9998
13.7885
11.249
12.8656
14.9521
27.6587
17.9569
13.4729
12.7184
20.9643
28.6457
13.3757
23.2485
14.1644
11.8279
12.6962
13.0071
13.3992
25.6496
15.0813
26.0101
29.7605
30.1346
15.2078
16.1508
15.6019
26.1047
18.0632
14.2033
24.5934
15.1341
21.9612
15.4055
14.8929
24.3027
13.8697
20.8695
15.6477
31.219
17.8562
13.5082
30.9669
15.8034
28.466
19.8008
12.9951
12.1246
11.1119
12.544
12.0596
21.2463
26.4957
13.2831
25.153
15.9571
12.1129
22.7126
15.2172
11.555
11.3236
13.1843
12.3396
11.1478
29.0861
25.8202
20.3208
14.3357
13.4601
27.0829
12.4239
25.6095
13.9066
33.6743
20.068
14.7191
15.2144
15.4388
21.3434
15.3014
14.2253
28.7097
12.7242
13.0136
12.7183
12.0879
11.9229
26.6915
13.6261
22.3911
21.6477
14.1151
15.6608
16.2228
25.8773
27.4124
23.2232
14.8498
11.009
10.429
12.6029
10.7917
11.277
8.17905
24.0595
14.6627
21.1146
20.7286
22.266
13.3121
18.4481
13.4438
9.52448
23.5783
12.3362
16.45
18.9779
15.6156
9.90682
22.8996
21.0134
17.9107
15.2333
11.2476
17.8647
10.7225
7.85181
11.4617
14.4435
12.5715
17.522
14.2295
15.7285
9.04163
19.0514
7.87187
10.529
19.6034
13.1364
9.66145
21.0958
13.6385
25.1841
14.2548
23.32
12.5202
20.8322
14.5772
10.5994
10.6669
13.0552
22.0602
12.3067
36.1062
25.3927
14.9644
15.9317
32.2592
23.0497
13.7377
12.1029
12.2704
13.2018
10.9627
11.4456
31.546
22.3378
12.2324
14.9012
26.5516
26.4679
27.2515
16.8071
27.2744
13.7699
9.85446
14.8621
18.8414
9.34693
20.5557
9.30525
21.9481
15.4882
16.7387
9.70901
20.555
11.8094
13.8484
9.38028
30.293
15.366
30.0735
21.3406
15.8676
31.414
27.2474
14.159
16.288
10.9198
13.682
11.3558
10.9082
19.3919
11.7169
14.2891
11.5112
15.1065
25.1745
11.5905
32.0537
23.3522
10.8644
19.7665
11.9523
12.6804
25.0976
25.7334
13.239
15.7825
10.5149
24.6918
15.0278
19.3889
10.703
10.5049
20.2704
19.4712
17.7788
10.2721
17.6669
7.83664
19.1146
14.7055
12.6024
10.416
13.8224
20.0717
17.3523
12.3721
12.8943
22.0664
12.6837
19.892
17.5117
14.4041
12.5561
22.142
15.4348
12.1473
17.1864
17.9267
13.1477
24.9124
12.4311
14.1024
13.0565
12.2466
15.181
12.636
25.3227
14.2831
30.1455
18.7522
27.6547
14.4496
12.8485
18.1364
24.1388
34.9573
20.7956
30.2528
14.2162
32.3998
15.0266
29.6901
14.1781
33.4444
24.0446
15.2326
30.9796
14.576
28.1294
13.7173
15.3615
29.2717
17.5954
27.7874
17.6012
18.7841
24.6467
11.7739
14.0226
13.3752
11.5735
13.2326
25.1947
12.261
22.4865
17.7907
15.8186
14.2335
10.7012
13.7046
13.4597
12.49
12.2899
13.1883
16.4646
12.8081
12.2898
13.9679
29.8643
25.5066
24.2497
12.9866
28.7827
26.4498
30.7684
21.761
28.277
14.2274
16.0692
23.9756
12.6267
28.765
28.705
28.0245
16.6101
14.052
13.9645
22.3565
13.981
27.8366
14.85
18.237
23.8475
21.4697
13.9799
14.9862
27.6067
14.5194
14.4304
25.6664
19.4778
11.5841
14.1537
19.9508
11.4532
18.705
10.9353
23.3898
12.1116
16.6568
11.5741
10.564
26.5381
19.0098
23.2266
14.37
14.0344
9.52955
19.646
20.8125
19.7894
16.0233
12.3067
23.2454
13.4726
10.9631
10.1905
10.4898
24.1456
15.6614
28.6182
15.5622
18.0129
18.7704
9.92616
15.9114
13.0182
11.5709
11.1378
17.9975
10.196
10.9037
11.583
12.1616
11.4461
18.1143
10.8573
10.8306
22.1642
13.8419
11.6502
11.6144
10.8424
32.0058
20.375
13.6527
10.2019
18.6097
13.2471
10.313
25.9664
17.5817
17.6033
11.4288
12.0807
11.1503
11.2453
11.6972
11.5516
12.3147
11.735
11.2575
25.6226
14.1281
13.948
11.852
13.2498
10.662
10.7301
25.2527
17.3555
25.3545
14.7189
24.6781
13.2893
29.4877
14.1053
16.662
18.8733
12.3288
12.0497
11.8339
11.438
13.7594
17.7838
23.6656
11.6383
15.9205
19.1085
16.181
20.5962
12.8264
15.2223
11.9741
17.069
14.2113
11.5895
11.824
13.8005
10.9226
11.8849
10.5991
21.868
12.694
11.2071
10.9218
10.472
19.7579
10.9048
18.4184
12.6772
23.1271
22.0089
11.9302
30.5093
31.6821
21.8729
30.7211
35.4078
24.5982
28.4192
17.1616
31.0579
16.6136
18.6404
26.5831
16.5731
23.0137
34.5326
19.1671
17.4623
12.2197
23.6889
15.854
12.038
27.2204
23.3108
15.7635
12.2687
16.3138
15.4468
11.0009
10.381
12.8913
11.2668
11.1395
10.7975
22.4595
24.148
12.4228
16.5888
11.01
16.3327
12.0611
25.23
13.1068
26.4963
13.8468
26.2498
30.4968
14.0833
18.0249
25.6583
18.9095
11.9794
11.4307
15.4655
10.1737
12.9012
16.217
17.479
17.9828
8.4237
23.6634
10.2787
18.5749
8.99141
17.8187
8.79137
20.1862
21.6999
10.5486
14.8018
9.94067
17.3939
12.0264
28.4641
23.2906
14.9108
23.5039
11.0284
16.9411
28.0295
18.4919
11.6537
25.06
30.5755
18.3269
14.1304
12.1345
22.0328
18.3799
12.5922
11.3927
11.2769
12.4388
15.4837
10.9084
22.3461
21.6767
18.8053
12.3264
14.3594
27.3574
18.5484
18.7969
12.5442
11.312
13.3602
12.7549
15.0928
12.1259
12.7315
13.7417
11.9486
13.2222
11.95
28.77
17.1906
27.4646
12.8479
22.8841
16.0484
23.147
14.6872
26.6722
15.4781
11.0239
15.2076
10.5537
16.5604
11.9158
12.9393
9.73091
23.3798
18.6769
21.3698
27.6056
17.7311
24.3658
12.7278
10.6045
15.5996
10.7169
12.0611
12.3295
22.1695
14.1765
11.3676
11.363
30.6329
13.7595
11.5225
25.6954
13.0707
16.772
24.9877
22.093
24.5858
11.5278
24.9649
14.2416
10.7523
15.0911
15.0825
21.2595
25.0904
19.8502
10.4367
9.68943
16.048
15.0122
9.98498
8.46336
11.2543
13.9583
12.0566
9.67571
19.3244
18.5298
10.8141
12.9494
19.9741
10.7888
23.8103
12.4225
26.1415
13.7223
18.8918
34.5452
15.4484
14.6085
11.1369
11.3067
21.9277
10.9909
23.4705
10.8133
21.3927
29.1146
15.3438
18.1449
11.1083
22.3755
12.19
27.6876
13.7277
12.8501
14.9373
12.7562
14.5731
10.7306
10.5136
9.49013
9.1628
17.6811
25.4788
20.8691
20.8175
12.4671
14.0473
9.16528
22.9125
12.0966
18.485
12.8783
9.78699
22.7716
12.3415
9.66104
12.647
12.7511
11.0662
12.2215
22.9044
14.3443
23.4232
19.425
8.43005
11.679
13.2145
8.33512
12.6732
17.6078
11.0618
21.2294
17.1376
11.3751
22.8221
9.37758
23.8177
10.9432
15.3427
9.0645
21.5558
11.7827
15.3682
16.0677
14.8495
30.6493
13.6806
23.1384
12.6658
23.7575
13.1571
16.9176
11.5406
19.296
10.9129
13.7608
21.3275
13.4052
18.7968
15.2012
15.6878
13.692
26.7105
13.563
15.4864
21.5472
22.6735
26.121
15.4492
18.2204
11.1128
12.0626
16.8573
16.9945
13.6999
28.2711
11.9547
15.3148
13.0399
12.8322
10.811
19.0111
10.1966
12.5282
11.5133
12.4034
14.8832
11.6827
11.2691
11.4852
11.4624
11.8995
21.8455
32.2251
18.0487
14.0498
12.8995
11.7559
31.3026
14.0202
27.6641
14.0732
25.265
12.8715
15.9887
11.2541
24.2315
12.7401
13.2586
11.0409
16.6581
10.261
23.5313
17.489
19.857
10.1463
12.4659
15.1549
11.7579
17.1346
15.5471
20.0675
12.6339
9.07179
16.8736
12.6129
20.0425
15.4235
9.96253
10.0417
17.2985
12.2951
10.833
13.7705
9.93768
9.06524
10.2715
13.1955
10.3417
21.1986
12.4259
22.2757
13.3427
10.0165
10.8765
15.0452
18.3898
19.7264
10.5931
11.4872
26.5506
18.2208
11.6805
12.2883
23.3086
18.7386
28.8478
14.4881
20.7956
22.4098
14.8742
12.7329
16.0749
15.111
29.475
13.2192
31.4188
25.3292
14.2437
23.2364
19.8675
14.0627
20.3034
18.2393
15.2879
36.1436
23.6946
16.0153
22.065
17.8629
16.3419
24.7757
16.4906
27.2174
18.1441
22.613
20.2898
39.4614
19.5376
32.8809
30.4747
18.2979
15.7182
17.4049
17.8041
18.9535
33.7136
20.8404
22.1426
30.1038
19.5975
16.4473
39.7904
18.192
15.463
11.9112
10.2077
16.336
10.4528
10.0178
12.29
10.5373
10.7988
13.9219
11.4587
11.3495
15.0668
10.7407
11.3807
21.6831
11.2705
13.6613
11.0527
23.4519
11.4791
18.0934
11.0277
11.2757
12.5561
25.6561
18.644
14.2362
10.3584
30.3553
13.3847
14.9362
11.5973
15.6903
26.2653
16.5491
25.0828
20.0535
11.0888
19.6145
13.1419
12.545
12.4935
30.0182
16.0742
26.5306
11.9911
23.0854
12.2084
14.7154
26.6137
15.8963
17.1455
18.3916
12.2213
12.1885
11.4407
10.846
24.1387
13.7721
11.1437
14.7274
18.3979
14.7639
15.8398
20.8115
10.9792
24.9022
12.0792
15.7899
25.1283
11.4542
15.5489
9.58233
10.3867
14.4925
13.7521
15.4832
13.9972
10.6815
8.89622
20.8354
13.8991
9.89308
9.41747
9.63004
16.5873
9.85621
9.77147
14.9934
10.0307
10.6981
19.3371
10.7846
13.9989
24.7359
11.4494
25.852
12.4478
10.0165
22.463
11.8133
15.6485
11.6152
10.0572
11.2538
11.566
26.2355
12.2537
11.9677
11.0307
24.5154
11.7435
21.3422
14.2972
10.2565
14.2352
10.1096
18.2301
10.4024
20.6994
13.8106
10.4725
17.3301
9.65762
11.395
17.8551
19.3092
12.6483
16.7246
12.9308
18.2332
29.6255
14.2015
16.8636
12.0899
12.3047
12.0696
14.2902
25.6339
21.2608
12.3643
12.9986
14.5206
11.9103
32.7525
16.6487
13.9026
18.4117
22.2878
29.5585
14.6389
18.136
14.0272
10.8563
15.479
27.1147
11.8072
15.0959
19.6967
13.2662
17.1009
12.2975
11.1977
11.1876
11.209
22.454
12.192
26.6043
21.6143
12.4284
13.9776
10.2232
13.3507
12.1305
20.4054
9.3144
24.0069
15.1245
22.6682
11.4744
11.5087
19.7506
10.0301
20.0718
12.1184
28.688
24.2722
13.4635
13.8186
12.2952
12.8387
23.8265
13.074
11.1037
19.5332
11.3538
11.7003
11.915
11.5836
19.3348
12.4289
16.8939
14.6276
9.40441
17.5862
9.42266
9.22573
10.3493
24.9589
16.1268
12.757
15.483
9.55386
10.5878
10.9361
26.3445
14.8023
11.7943
23.6284
13.8066
11.8242
12.0789
20.3228
11.8261
11.7482
22.2155
16.2808
23.9123
11.6205
25.9888
23.619
9.51978
9.03562
9.05923
11.4927
9.86505
9.78766
9.9323
11.1441
9.38236
20.3041
13.8824
11.4116
8.80633
8.6599
23.7447
13.6886
11.7213
9.30068
9.98196
11.4759
11.8313
13.8809
16.3543
20.2216
12.9437
28.6608
12.2921
14.2656
21.2734
11.1984
16.4372
9.93886
10.7928
10.1166
9.73846
9.69191
21.4317
12.6782
14.4864
14.5858
10.083
8.50858
8.37755
15.9378
7.9429
13.9369
19.803
20.1114
8.35634
22.5607
22.077
17.8386
10.4214
18.1174
8.59239
24.1545
20.2232
13.5461
13.2206
11.4517
10.3303
10.9861
10.4668
10.251
10.1013
18.3981
9.41886
17.1348
9.12487
16.4924
12.0628
10.02
8.37943
10.4365
8.88051
9.04696
21.0672
18.8419
8.5649
9.63135
14.0399
9.80328
12.7377
20.0437
11.0135
10.8711
9.30892
9.18544
8.75168
18.6283
13.569
11.6607
17.0311
7.56097
11.9934
8.39724
7.88572
8.1949
15.1466
12.9537
12.1866
9.55632
8.55786
8.35474
20.8862
16.3944
20.905
19.4893
16.296
10.5594
10.8368
22.1121
13.1671
11.1583
27.5473
15.6167
20.6534
10.0699
14.0751
17.1227
8.72845
10.5298
12.1258
11.0053
8.67366
22.3795
13.1256
12.8228
8.4998
9.21298
14.428
21.4149
22.45
24.831
14.7225
11.8777
9.33338
10.4654
20.7368
20.4008
20.4914
14.9517
15.1449
10.5735
18.2392
11.9032
14.6099
12.7378
13.5761
12.4902
9.73778
10.8409
22.627
15.7328
18.4018
9.61257
12.9102
28.9364
24.6406
12.1171
11.6812
29.1009
22.6341
19.0381
20.0231
13.8028
11.8571
20.7814
22.8781
23.585
16.7802
11.2496
22.2067
23.6442
16.0413
12.1083
18.4193
23.8398
16.0331
11.9441
16.6196
11.5969
11.3599
11.1419
11.409
33.488
19.9272
12.1936
12.5713
23.0775
12.0219
12.8753
19.0354
13.1176
13.4944
10.8509
10.4341
9.72508
15.1297
18.1797
12.0895
8.85657
9.06496
15.9076
8.54807
10.0248
7.40723
9.58628
11.5614
11.5012
8.8514
7.32697
20.4387
14.4924
11.8875
18.2765
19.3362
12.8673
9.7544
7.76225
16.0958
14.4165
11.0389
13.88
10.6479
13.9802
12.2786
11.1052
9.81945
10.2826
20.1096
22.8357
24.0704
12.265
19.3779
23.4655
19.1638
11.8859
9.52948
27.914
14.6427
16.4761
18.3518
13.7367
10.2746
10.1141
13.0779
11.0612
9.65086
9.87664
10.6302
16.1492
11.4018
18.7256
14.4462
11.2324
10.7382
10.9616
20.0654
18.1354
17.6102
16.4569
21.9394
12.6933
17.8082
11.2427
11.6311
13.4203
12.073
9.71879
10.1344
13.4517
15.8309
10.7274
24.5316
23.4818
9.51425
25.2947
16.9354
12.5272
14.3167
13.3608
20.4384
9.77905
23.8372
11.1879
17.985
10.7753
8.73259
10.6818
14.2386
22.1812
21.0875
13.093
10.1362
18.7646
10.0123
29.259
15.9665
19.7054
12.7104
10.4929
24.7182
16.7443
10.71
16.4403
19.4059
11.6759
23.6589
14.543
25.9419
11.6725
13.4213
24.722
12.8825
15.3723
10.9524
18.0291
13.3611
10.2639
15.2078
12.502
9.29484
14.8159
8.87649
9.98023
16.4283
15.0433
10.4211
24.4144
19.4376
10.6979
11.2777
10.9319
14.6253
10.1244
17.8237
14.976
9.89281
23.0978
12.4079
10.0844
9.65665
10.3956
8.73957
13.2783
9.65782
16.3865
11.5554
14.1553
18.2353
12.8969
8.40814
18.5567
12.5826
8.23699
16.6573
10.77
9.59166
9.64713
10.7609
11.427
6.94129
9.58232
7.74634
8.34149
9.78579
14.1863
16.6985
9.36324
15.5168
13.1518
22.8445
13.0676
25.1469
18.9259
26.1451
25.852
15.804
15.0092
22.6555
14.7434
16.8266
13.6016
11.0639
12.3196
11.1349
23.4032
12.9861
12.6925
12.4741
10.1838
12.0158
16.4119
11.7931
10.7487
14.5704
9.40374
12.3441
10.6561
19.1717
9.94367
27.042
14.16
25.7752
18.4239
11.7398
11.2198
11.1059
11.1315
11.4019
21.1491
19.4386
21.193
32.8643
20.3842
23.3947
15.9163
17.8414
18.2584
13
20.4024
12.8568
10.585
10.4052
9.95796
20.0875
11.3669
13.082
9.32446
19.176
22.4692
11.4213
19.4424
9.38952
20.9152
18.8619
10.0014
16.9781
11.6294
15.2217
12.7652
11.4748
9.85201
16.039
17.9405
10.3222
9.57597
15.5227
9.04274
7.73622
11.2736
8.99337
11.0072
9.62387
24.6157
12.6255
10.0727
9.83635
18.7693
12.4068
18.3387
9.96234
26.4643
14.8083
9.70349
14.7152
10.977
17.9817
23.7675
15.0636
12.6198
9.28004
20.749
13.824
11.5432
15.7899
9.95152
10.7104
23.182
17.4459
10.7486
19.9389
25.9778
18.0726
23.8083
13.7417
12.7945
14.0582
15.8318
29.9511
25.3526
15.2734
30.7532
25.8758
14.0999
11.8688
11.5099
20.0658
12.2643
12.957
25.7161
20.2809
23.0335
11.9807
10.8524
16.3152
20.1566
10.6867
17.0486
11.8552
24.3937
15.2634
15.1298
13.3506
11.2212
12.221
11.6379
26.0682
16.9063
11.5606
26.4864
16.9943
17.1192
11.8022
19.8595
11.9028
14.2493
12.8249
32.5529
16.0587
33.8558
22.6559
13.2714
14.3833
14.097
13.6936
13.6767
24.685
14.0214
28.9135
17.2951
19.6102
14.6789
15.0173
18.7921
12.5345
24.8585
13.6057
17.3858
11.4555
11.2834
16.9641
12.587
21.1528
12.1783
24.5796
23.1753
11.436
22.1074
19.4818
12.2074
11.898
13.1638
21.4342
12.277
14.9152
13.154
10.4876
22.7143
12.3972
11.7382
14.7954
10.2449
24.1091
20.676
11.0412
13.2184
10.5901
16.5777
9.82007
25.876
14.6802
25.2972
11.984
20.8186
15.7202
13.2678
9.5027
15.5956
25.7708
23.1392
13.9554
10.1239
9.47504
9.98256
15.5108
23.7764
17.3075
15.6225
11.8128
12.0313
11.4261
11.1124
17.1677
11.2754
20.3897
12.1999
10.4981
24.2866
12.2369
12.782
16.7266
9.52723
21.9205
21.8625
12.0259
13.3777
13.5756
10.7274
11.581
13.9041
10.079
11.0468
10.6185
27.0283
13.5038
23.9691
14.0821
11.7649
18.4633
12.3334
10.1879
18.216
10.6676
24.9591
23.7029
12.3014
23.3951
10.879
26.7456
17.3699
12.1789
8.9072
13.5339
20.777
22.9744
11.7566
24.4961
10.2762
20.4597
10.0897
16.4375
10.3677
9.63956
18.8795
10.7467
26.7489
17.5002
10.8622
9.70427
9.73196
11.2053
8.97933
15.6975
14.3405
12.903
8.59744
9.31971
8.21837
8.85324
14.7579
7.74692
14.6345
10.4075
9.00271
16.4043
9.07538
11.3348
23.5599
16.0574
24.5319
11.6799
10.3481
23.8564
13.307
27.1156
18.8938
11.7871
12.0698
12.9737
12.7535
12.2057
19.1312
25.4197
12.4707
30.2104
18.5773
25.6098
12.6591
11.2952
22.5491
28.3382
16.1648
16.0756
10.8093
21.7466
24.8252
13.6396
13.3607
11.5601
10.1266
30.9435
18.7298
13.06
26.6495
15.5731
13.8488
9.1877
9.41243
8.69351
17.3748
9.16575
11.396
20.6602
11.199
13.1519
12.2904
12.3347
13.3331
20.5719
17.6358
12.0177
27.1444
13.6412
25.5257
14.2966
26.5152
11.4607
10.6939
9.81111
22.7178
21.7353
11.7252
11.6048
9.50571
9.36409
13.3147
10.0965
12.5307
9.16349
11.1904
27.0731
18.3452
23.5951
12.9552
19.8292
26.4132
18.2132
12.7922
10.1957
22.6058
15.3347
12.8107
11.3074
14.375
12.229
12.6254
18.0523
11.3535
12.2211
30.1372
18.5549
13.1785
18.3682
11.876
11.1185
23.0833
28.0861
12.0312
16.0097
17.5219
12.725
13.4997
12.4342
12.8205
23.0795
14.7188
10.7242
10.6877
24.6435
10.2911
15.323
10.3996
11.0445
27.5653
15.4735
9.34831
23.1054
12.1932
24.195
13.6742
10.1387
8.96924
9.37466
9.94146
10.2762
11.8975
11.3247
10.1276
11.492
9.95474
10.8161
11.8508
11.4481
19.1471
26.4798
21.1064
20.7966
13.8677
19.9705
12.463
12.4031
8.99379
15.3532
14.1643
20.6342
10.3134
12.0896
13.8363
17.0771
11.5452
19.6337
9.95648
15.8912
11.538
10.9677
11.0618
11.0057
10.9392
10.214
20.9541
11.8216
22.6277
11.7065
23.1
16.4927
11.1453
16.317
10.1876
26.213
12.301
19.5026
10.1354
17.3308
15.8573
15.5862
19.5669
13.6003
22.9336
14.6673
18.1421
25.4192
21.251
11.4329
11.9223
22.1439
22.1852
11.1018
16.0737
16.4701
27.2305
10.9582
18.0114
15.7032
13.1828
15.6749
15.3409
11.019
26.1111
12.2398
21.9772
12.0707
22.7093
18.7308
11.4046
16.9849
24.5589
12.7733
10.0217
10.6031
17.5398
19.4269
15.6967
19.3596
10.4453
14.4477
29.9881
15.4246
23.4432
12.4448
23.2108
22.6465
13.933
21.581
11.4343
23.6062
13.0607
32.136
15.9559
23.6995
17.9561
11.56
17.866
23.664
11.923
13.4999
10.9961
11.0093
21.0481
14.9898
11.2967
24.6846
16.441
12.5223
24.6525
11.4627
9.30468
24.7286
14.7545
12.0205
8.61455
12.3456
9.62584
9.66126
9.74071
9.76478
12.5208
17.0696
14.8435
22.8264
19.7949
25.9035
13.7334
12.6647
12.483
10.8704
32.9822
17.9947
12.2597
10.4862
20.1732
11.6743
32.2576
16.134
30.406
17.2039
10.9433
10.6097
14.3098
10.3825
9.28981
21.8052
13.8331
12.8543
13.5347
13.2856
8.99778
12.1373
10.2055
9.23417
22.4863
17.6585
18.1596
19.1724
15.1448
10.7372
13.2385
11.0641
28.0309
13.3207
10.6641
11.3653
24.6296
11.7221
11.2914
19.9245
13.2718
14.975
10.849
10.0152
22.3939
13.7514
8.91156
9.38821
9.30387
9.69038
17.8067
18.5434
20.2151
15.4866
11.1442
13.9565
13.8625
16.072
24.0005
10.9804
12.7009
11.9947
9.43848
8.8157
20.164
21.2967
14.9765
10.7711
8.93238
16.735
8.55496
19.6541
21.2801
14.1248
10.7082
10.6366
11.9634
16.7309
10.8531
8.99195
22.3105
13.6036
20.9119
11.532
7.69226
12.9591
10.4416
12.5094
10.6702
7.98127
17.8029
10.7391
9.61374
13.5908
10.2284
16.2861
9.39965
15.9566
12.4613
9.16303
14.0317
12.0016
17.0143
9.90548
14.5788
10.9933
9.99349
12.524
27.8282
13.8108
26.9604
14.8818
11.2703
12.3404
13.0784
25.1545
13.5596
28.0956
12.6485
10.6739
14.4086
13.0347
11.8843
11.1105
10.554
10.1875
20.8971
13.1807
9.43561
9.93998
10.5218
11.0531
18.7547
17.2819
10.7604
18.1442
21.4211
14.3173
11.886
10.2464
10.0005
13.9324
12.59
25.7601
15.1368
10.0577
8.46865
17.1557
20.5266
13.6738
26.4857
20.6956
11.9719
22.1565
24.2726
14.2139
13.5472
14.1647
12.7423
20.4124
18.6765
13.4084
13.5976
16.4636
12.0144
13.1822
12.2361
30.2481
16.2599
23.3
15.8891
10.9979
13.6422
13.0865
16.1022
11.159
16.1013
10.7558
10.2187
12.5592
17.6135
12.5423
11.9695
24.0485
17.6978
9.93678
23.1922
16.4859
12.5733
12.4181
23.3226
16.4293
10.2131
9.4953
16.1295
9.97232
8.38184
8.99381
21.5097
9.23953
15.5685
18.1217
18.3548
25.3757
20.1811
18.0843
15.5751
10.8269
22.7668
12.7919
26.2699
15.8343
19.674
14.1787
12.3789
13.3069
11.8902
11.434
16.2944
17.6578
13.4164
11.9032
17.9145
12.979
13.3417
11.6566
12.8377
14.9236
12.6307
11.403
10.2085
10.7912
18.3624
26.5732
17.1068
12.1211
22.4833
14.8892
10.0455
12.3488
9.45771
12.6868
11.8552
22.11
12.5033
15.4735
10.7226
21.5659
13.3865
28.2526
16.5981
22.5461
13.7939
30.7311
14.2746
11.8258
21.7167
13.739
14.7239
25.2723
14.3453
28.3061
19.4501
16.5363
14.311
13.6126
16.2377
16.6074
14.2912
13.8585
13.8622
15.6894
28.8686
13.7542
21.1629
13.9281
25.2139
24.4455
18.5601
29.5395
28.8863
12.601
25.9504
13.8252
10.447
24.7744
15.6523
22.9786
23.3629
16.3909
13.033
12.5603
12.3551
22.4772
11.9069
30.5498
18.8184
12.5489
16.7536
25.6433
25.9152
16.9355
12.5703
19.9881
11.8886
31.4093
20.8431
11.9186
12.4386
16.5529
10.7782
14.5435
9.99883
22.4939
15.5605
9.87481
10.371
9.98574
10.9398
12.2517
9.06445
14.6993
21.7416
25.401
22.1185
12.659
11.1091
17.5064
11.517
16.7353
18.3925
11.5591
13.6492
15.3097
25.7733
20.7476
15.027
11.6697
12.7024
10.3461
12.5191
16.8269
11.7439
12.5296
24.8952
12.8475
27.1807
19.8232
25.1945
22.8624
9.28975
21.7083
17.0097
10.4889
9.18902
6.97687
6.10968
5.15161
10.6955
6.78209
7.34465
6.16766
7.56573
11.1409
19.5876
10.463
18.0929
10.3936
18.6589
13.9075
9.25622
12.8157
11.9928
9.46099
9.35327
10.366
12.9523
17.8774
12.0058
15.8792
21.6489
26.6994
21.4238
13.445
23.4022
29.367
9.67848
18.1297
29.748
17.0833
25.5163
11.8127
32.0832
28.6778
19.3982
11.7487
15.6161
27.3134
14.1653
29.4985
14.7293
18.7981
17.9498
16.6765
12.7589
27.0452
12.5284
25.1659
13.2051
12.1827
11.4101
10.5866
12.1554
28.3989
13.4487
14.7731
13.0227
23.2531
12.527
9.65264
9.65896
10.8149
13.2476
10.4377
9.71849
14.6258
20.5348
18.0821
14.7416
8.57956
7.0106
9.38405
10.7302
19.3278
9.09106
20.3141
16.5454
12.8113
17.8456
16.4314
19.3148
14.3125
9.01624
21.8851
12.6783
9.86084
6.65528
5.77343
7.1967
6.33422
13.0125
11.5749
8.28082
8.07892
12.5033
9.18244
7.45672
9.86313
7.81664
9.44001
8.38654
10.9543
22.4696
19.8995
16.8947
24.8521
17.1886
12.0898
16.4817
12.4216
15.0274
25.5705
14.3689
24.7466
14.3136
13.1216
27.5118
26.8133
28.1825
15.7542
14.1504
13.017
26.9123
21.9524
27.9318
29.9579
14.7166
17.8059
15.7888
27.7998
12.6873
33.9057
22.4733
15.1615
12.3787
11.3233
14.1705
22.2561
12.3746
22.7711
13.6508
9.05582
24.6293
19.53
12.5523
17.9399
12.2626
10.1549
8.79291
18.1818
22.0317
15.1079
22.1593
13.353
10.8592
10.0665
11.0946
22.9373
12.5126
9.70276
17.2803
11.3077
10.4654
21.1893
12.209
30.2736
20.0972
22.4157
12.0403
10.5996
8.26682
20.9062
17.832
11.9946
9.55881
9.21098
11.4633
15.8235
12.131
11.0337
7.04175
15.3464
9.19164
14.4414
9.7825
10.1491
17.0368
9.75836
8.21059
7.4451
17.1314
11.4608
13.048
11.4072
8.83776
10.1954
9.08167
12.0474
9.87707
7.22198
6.16066
6.67203
13.2388
9.71427
13.2444
9.5865
11.2933
9.16456
24.559
11.7804
14.1898
12.5284
14.9954
13.584
15.2209
12.4727
24.9651
20.1589
13.6218
13.8903
11.1604
11.072
11.5524
26.002
11.4582
21.6393
13.366
14.8366
10.3938
21.726
12.152
13.9004
10.2867
11.9271
12.3114
15.0172
15.5093
11.3334
14.8771
12.3197
29.5984
22.1777
13.0838
10.8805
10.7065
18.7214
11.1172
12.3917
18.3079
13.1378
12.1514
13.2713
24.4958
13.6093
16.8253
12.0143
28.2197
14.4828
18.0252
13.7346
15.6391
18.4304
15.1131
14.5327
16.5368
30.087
15.1701
21.6692
11.9638
13.5772
13.5399
18.5461
10.6499
17.3855
12.1215
22.4055
11.9858
13.7202
23.0373
15.3627
21.9637
11.072
25.6756
18.6107
12.4786
12.6286
11.8318
19.8741
26.7773
14.1761
16.1352
20.5644
13.3294
12.1218
11.09
11.5445
12.0194
12.8911
11.7581
16.8715
11.5297
11.3886
13.9992
11.5855
10.4299
12.156
22.1223
11.9342
11.9245
10.3699
10.5184
17.5875
13.463
13.412
14.7445
13.978
10.8629
9.08573
10.6433
20.4236
10.5311
17.2773
10.5618
20.3497
10.5593
15.4211
18.4344
14.6064
16.8632
11.0307
11.5558
11.8447
14.1299
11.844
11.1986
28.5565
18.5241
33.8612
14.6742
16.5852
22.7468
13.0581
20.5319
10.8703
11.3064
9.90117
13.9686
10.0999
10.6497
9.82391
10.2845
19.8014
13.2613
10.942
18.0638
17.3814
11.2213
21.6754
12.7789
24.1437
12.0065
8.91766
9.27048
9.87618
10.4964
13.493
12.1027
8.67313
9.27463
11.6876
7.40591
9.27507
10.3969
9.28283
14.854
9.5763
20.9251
11.7195
10.0398
14.1697
9.78462
11.6502
19.819
13.5575
23.9047
12.1602
17.7394
11.1547
23.5644
13.7482
13.1554
29.7801
16.3205
12.3268
12.5513
22.706
12.7132
10.5454
25.3443
12.8548
14.0631
18.3161
24.7134
12.7254
24.1753
13.6856
24.7784
18.286
12.4904
14.9986
13.2946
25.1672
13.009
29.8605
31.1207
20.1409
12.7487
12.4103
19.7389
11.9565
11.0843
11.8488
24.7817
12.5629
11.0355
11.3624
19.8601
10.9371
12.4445
19.1201
12.3678
16.87
14.4627
12.4861
13.7203
18.3726
19.0971
12.3279
13.8363
11.6873
11.4285
12.2304
11.7216
30.1976
15.3486
9.6224
10.3396
23.6922
13.6351
18.9991
13.9722
9.43903
23.9921
11.9876
17.6571
20.2825
19.7078
11.3336
11.6806
21.2809
24.1361
21.3928
19.0079
16.8907
10.027
20.9552
10.1108
12.4813
20.7331
20.1135
10.0093
19.8204
13.554
13.1789
13.2742
9.15527
8.34367
13.1059
8.86289
13.6835
9.44913
18.4406
12.4974
10.6185
24.2108
25.7771
23.3379
18.1089
14.614
19.814
11.9607
12.4433
15.9795
15.2124
13.651
12.3554
11.5593
12.0042
21.0142
14.1712
19.7333
13.5923
14.8893
13.0858
11.4429
10.896
27.0604
15.089
10.7318
16.4077
23.1528
11.6365
23.938
17.6764
12.6231
13.5704
23.4112
16.9338
12.1212
12.3844
11.7219
8.55061
21.8921
19.8852
15.7628
17.9197
13.6859
10.6985
8.31672
17.2641
13.4404
11.5228
16.0895
15.6313
17.335
13.5486
25.2263
9.97175
10.7583
12.9553
12.1273
22.7125
16.2375
15.7785
10.0669
11.0831
27.3068
15.9863
12.9916
26.0059
11.6118
23.0088
12.1527
25.4176
23.5138
10.7771
17.8142
18.2126
23.991
21.0186
17.1465
25.868
18.3863
21.121
14.9509
14.8454
19.6631
9.3858
13.4702
19.0532
19.8967
20.4404
24.8153
20.9419
13.9908
18.7865
9.87017
11.1948
10.1284
14.4115
10.7235
19.1997
17.1495
10.2868
12.9037
13.5401
9.70322
11.276
17.913
11.7319
11.5511
10.8712
17.666
12.3411
22.6921
14.7841
18.7333
19.2495
10.1177
13.2998
17.4025
23.3707
11.2886
9.02255
14.1563
14.3958
11.3349
10.8463
11.088
12.6359
8.75163
16.9689
10.2943
14.6137
9.86574
10.468
8.95314
17.5642
12.8888
16.8158
10.324
22.5036
9.90751
25.5502
15.4164
14.0885
14.6226
19.4325
18.4628
12.2015
18.2414
16.4043
21.9965
13.7216
30.9506
15.5973
22.0867
24.4046
22.6243
15.1042
10.394
11.5226
11.6974
12.5286
15.3508
12.8705
16.0314
11.9336
12.1402
12.8728
11.2596
17.3863
11.5951
12.599
11.7888
12.7125
11.4772
16.405
21.2279
19.6936
12.4766
20.92
10.9291
13.3722
18.9651
13.0068
25.6883
14.2118
10.625
23.3778
13.8132
15.7477
16.2435
11.353
10.2632
11.5896
17.8606
12.3103
10.1551
26.5025
21.5168
25.1343
13.3034
11.5439
24.6742
19.3377
16.1806
13.0412
19.9544
11.6934
25.4403
18.2221
10.5077
19.8199
13.7823
19.87
20.5041
21.2523
12.8006
8.41241
14.8452
11.8267
13.8602
9.34213
10.9489
8.1042
8.81564
16.8821
8.7238
17.2399
10.1445
8.42147
17.2749
14.0992
10.5651
13.8693
9.66852
8.23142
7.22078
10.5335
8.93103
8.83554
18.7995
11.8174
16.2729
16.0378
16.6339
15.3987
22.5646
17.7286
21.699
11.5488
11.8078
12.5808
12.9275
21.9538
19.38
10.914
13.9663
9.62238
17.0489
27.7331
11.522
15.7586
19.5389
24.3841
13.5904
21.9813
21.0912
11.1719
13.2795
13.596
20.5238
18.0455
11.5314
11.343
13.3054
8.86211
24.0391
23.6156
14.0808
23.297
14.3175
18.6204
12.0252
16.5448
25.4487
13.7699
10.6197
14.5443
12.0582
11.9707
23.9139
13.347
18.4603
13.0857
29.9964
15.4502
24.2789
14.4895
20.5214
12.5461
12.3886
14.2147
14.9171
13.4431
13.274
18.0235
11.7296
24.979
14.7528
12.8304
24.2814
12.9695
20.6955
14.3096
14.1352
10.2015
11.3729
9.73605
12.2042
9.39924
17.9907
15.4755
9.3202
8.67549
21.8964
10.2927
9.93522
9.12388
10.9003
18.5381
22.0094
19.2422
11.3042
16.6025
10.0412
11.6693
8.84905
10.8214
9.40916
12.8655
18.2254
11.8695
22.9606
12.8398
12.9364
21.259
24.3407
12.5114
17.9038
13.7146
10.0005
14.6374
12.8478
16.8931
14.0545
11.8408
11.5259
22.9354
11.6877
27.9073
26.5307
13.5094
12.433
12.1216
18.8217
11.3556
11.0963
12.6072
10.798
19.4728
11.3032
11.1578
22.0701
11.2627
9.90403
16.9127
12.6872
10.0612
9.95986
20.2977
21.886
10.3266
23.978
15.1584
16.1855
8.53956
11.9208
12.3613
20.7481
8.92571
25.1043
14.0229
12.1603
22.0004
18.0874
11.3962
12.6461
10.9418
25.735
13.2081
11.4518
14.4046
25.76
18.9424
24.8624
22.7459
13.3676
18.4153
11.8799
14.4124
12.095
12.1084
16.4704
18.7121
21.4815
13.072
13.2898
21.5622
13.4706
27.55
16.1255
18.9932
29.0159
15.3167
32.5372
14.5118
21.2551
26.5258
13.6256
20.994
12.4531
28.3935
13.5344
19.7677
22.777
12.1495
18.4579
13.7877
12.4361
11.4634
25.936
23.1959
12.4613
26.2516
14.6518
10.2434
14.9689
22.7805
16.7159
11.9687
11.4816
10.4411
21.5388
12.5701
15.7277
13.7342
22.4317
19.9315
20.8267
11.2879
27.1877
13.5724
13.9452
12.9693
25.7318
13.9064
16.2454
12.6488
25.8999
22.844
11.1896
21.4021
12.8638
20.3193
13.2698
27.1085
16.0139
12.8572
13.2446
11.8544
10.593
13.231
10.4444
10.2069
14.485
22.3104
9.8071
18.2674
9.54852
17.2912
24.3786
15.5012
11.2206
10.4412
12.442
11.4513
19.992
29.2149
14.6884
21.9089
12.4042
24.8602
17.4624
12.2497
13.1443
17.3052
13.0495
13.2028
17.6447
15.6363
24.1768
13.693
18.8435
29.5853
20.0193
16.3223
22.7184
12.191
15.8132
27.4188
19.1871
16.1424
13.8204
27.2287
12.6175
13.0052
11.3998
17.551
11.4208
21.1322
12.6593
24.3673
14.8039
16.6968
20.4099
21.998
24.1778
25.3794
12.5223
19.9979
12.8874
19.1609
12.8369
30.6422
29.04
13.9823
15.0183
23.3824
12.7699
18.1589
19.3872
24.4149
14.1208
11.9284
14.2704
15.0805
24.4556
13.3634
27.6714
15.5779
12.6544
18.8364
13.6181
21.5416
23.847
14.0257
26.4426
13.4762
17.5429
15.9854
32.3098
17.0434
27.9533
13.52
27.7763
26.4803
14.1385
20.1517
29.684
13.8536
16.1981
15.6983
17.2776
26.3676
23.2283
15.0702
14.7084
12.7128
12.7837
12.5355
13.0259
11.8079
15.1032
12.0177
26.729
20.7756
12.6419
13.8838
24.9367
12.2376
12.6329
17.1391
16.1831
11.107
11.405
27.9301
16.861
15.185
12.6544
12.5261
21.8283
20.1398
12.8423
17.4518
12.0696
21.2291
19.3704
12.1307
12.3612
23.8834
12.5056
28.4952
14.9497
14.897
12.3997
12.4161
23.5355
14.4067
11.1087
17.317
21.6523
20.0392
12.0749
11.216
20.9138
18.3725
17.3625
10.089
23.3733
12.1378
23.795
12.2968
26.8074
21.6716
14.6104
24.9706
13.5506
23.2894
11.9786
16.7151
11.4001
16.6749
10.5135
10.3369
14.5283
21.0537
17.8752
11.0863
27.8024
16.2251
13.2824
25.1884
12.0747
16.47
11.5867
15.1011
11.8831
12.2325
11.3229
18.5473
13.2339
12.4758
14.6885
11.1165
16.1626
10.5352
10.8199
9.91716
25.0851
12.152
12.4632
26.0304
13.55
10.975
8.7758
9.34266
22.2081
18.7303
15.4647
9.85399
20.1748
12.7715
8.22138
10.0656
18.3396
16.2777
19.4787
7.88363
7.60553
21.1521
11.5286
10.021
13.0216
15.9066
10.1632
10.0005
9.02845
11.9882
11.4951
10.4966
11.0634
11.2657
11.1003
24.8352
22.3581
12.6616
28.342
16.3763
12.5477
31.0332
15.0541
27.7714
14.2771
21.8831
12.1061
29.2958
16.9357
11.6923
10.5393
10.1873
23.7636
13.3358
29.9997
27.6641
26.6977
12.6662
21.866
9.34882
11.5594
9.22131
10.7472
27.4132
27.9986
16.3702
10.7895
25.1988
18.5491
17.6082
12.5051
14.7475
26.8844
15.5922
26.5159
13.9287
36.4888
20.2965
15.5217
17.3671
15.5773
31.406
15.4369
12.9399
13.2207
30.6394
28.9039
12.4386
18.628
18.8087
28.6486
13.8211
17.0077
11.8049
29.1583
15.5794
14.5178
18.1914
22.625
19.2423
12.7051
25.2754
14.4139
12.4788
27.9678
15.245
12.4174
16.0576
12.4384
26.826
18.6549
17.0372
26.0941
15.0395
31.1571
30.2199
31.3243
27.927
14.0251
23.1313
13.2281
14.3861
17.3872
12.8243
12.7601
28.8389
20.6427
26.0007
24.3823
23.5517
13.2979
14.7933
10.9423
14.5583
22.8168
25.0844
13.4562
24.0791
13.4796
18.1905
11.9964
27.498
25.2885
12.9227
13.6239
13.6142
21.7613
11.6073
18.1377
26.3885
13.9013
11.5076
10.1939
17.2609
9.98184
21.8014
10.0409
11.0614
20.1276
19.4979
12.8918
23.7654
12.8091
11.9114
36.3891
17.9098
12.6671
14.0827
13.3346
10.5688
22.7974
15.7517
12.3213
11.5051
11.9566
13.7002
13.3742
13.1598
10.0337
15.488
11.2004
12.18
21.2119
28.1972
15.57
19.5495
11.4873
11.3142
9.07632
8.75465
11.4602
11.7963
22.5777
12.8076
11.4643
13.6997
10.1987
16.5563
12.7518
13.4967
16.1412
28.4917
14.8512
12.8599
15.9329
19.8876
27.0606
32.1931
15.1536
17.5086
12.8078
9.41641
9.34266
19.7627
9.84222
15.084
12.3858
19.2724
13.6011
9.1163
9.42125
7.59341
22.1492
12.7526
8.3776
11.5029
11.4116
9.15353
17.4107
12.5662
22.838
12.782
27.0834
15.2439
12.3376
11.4881
13.0052
12.9486
24.9262
13.4923
19.6935
12.1629
24.7157
16.8976
10.1423
11.8894
10.241
9.68114
15.0069
10.4503
14.1898
10.9976
13.6729
11.03
19.4063
10.6915
24.7385
13.4808
18.81
11.3252
12.4625
9.97948
26.6715
14.5895
11.9926
21.3741
22.6562
11.4687
26.0765
24.3567
13.7381
20.524
11.0174
25.3121
15.7972
18.1213
14.7475
14.7811
25.5933
13.6636
13.8242
11.203
20.8403
10.6549
15.4879
13.6158
28.55
22.0983
22.8237
13.7738
26.7614
13.1022
14.2739
10.7831
13.312
11.2447
15.6057
20.9835
13.1972
12.7346
13.9643
26.3727
23.6862
24.6787
18.6598
11.1363
9.97149
16.3539
12.8728
24.1776
13.0641
15.5275
18.4944
10.7067
12.9243
12.7971
24.3249
21.2164
13.1155
13.7505
24.8312
15.5447
19.2094
12.3042
10.7287
18.0393
11.4111
21.3159
12.9625
13.4176
10.5695
22.7104
11.1219
16.2508
12.3487
12.4934
12.0066
11.1536
11.336
9.9683
26.3765
25.6092
11.3639
14.4025
11.0366
18.2927
12.2806
36.3616
22.4758
13.059
15.9932
31.6958
21.5871
14.4486
10.976
22.4139
18.9238
11.1704
10.2751
23.2578
20.2787
16.07
15.1676
11.8631
11.7156
13.9392
12.4204
23.9965
13.4476
16.0924
28.9954
29.0174
13.6101
14.363
24.7907
31.5583
19.3886
11.6839
19.5332
11.9538
11.7735
11.5802
10.0103
18.6315
11.3314
15.8573
14.5567
10.4831
10.9283
20.7521
13.8337
13.3603
16.8822
31.1255
16.8369
25.3673
24.2146
12.3195
11.6446
21.6601
24.7782
24.889
14.1543
17.3728
16.9866
11.4327
9.96834
11.0199
17.3676
20.8549
12.1513
15.2652
16.67
25.5164
16.1359
12.8152
14.0285
12.4758
11.5537
11.1631
13.8502
14.4814
26.1837
15.8726
23.1853
11.3111
18.017
14.9712
11.1008
26.8803
14.1709
11.8619
24.2674
18.2415
18.1785
12.4391
10.0785
12.1031
21.5029
14.0387
15.0196
14.648
13.7256
19.0998
8.78325
13.2914
19.2222
10.5814
20.7786
10.2371
15.8334
11.1247
10.7428
13.3285
14.086
11.2896
11.3909
17.9719
11.9795
15.1828
13.2425
25.3656
24.0762
20.7198
18.5278
11.9556
18.5836
20.6858
14.9262
11.6841
26.9646
14.5662
11.7755
10.9805
24.1084
27.1992
24.4339
15.6323
24.7117
14.9379
10.1064
17.7558
9.46213
20.1274
10.8767
19.9827
12.7015
24.5117
19.2821
19.3718
21.6786
9.44888
18.8159
13.6113
10.4837
10.3867
23.3219
20.0239
17.7739
26.4386
14.5352
19.7525
11.2076
12.2786
18.5777
13.2316
22.4983
28.9613
15.2975
28.6413
21.158
27.8489
22.5183
12.119
24.7372
12.4651
24.1961
13.224
19.1555
11.446
9.7262
20.0066
10.8384
16.5667
26.6676
14.0914
19.6231
14.3538
11.1451
14.7284
27.957
11.3647
15.8399
11.1898
13.0696
10.9438
11.3749
13.7395
11.4003
10.848
19.6831
11.3063
16.7261
13.3026
17.9388
11.315
23.7389
16.7464
10.4504
12.5793
10.0425
27.5593
24.202
12.3386
15.6047
14.5023
16.225
12.5352
12.1098
14.1913
12.5953
12.1308
12.0578
23.2732
18.6214
12.7132
12.2162
27.0607
11.0157
13.6994
10.162
22.2887
9.4076
12.1735
12.5112
23.0977
10.7013
24.4528
12.0483
21.6087
27.0606
14.3926
17.8786
10.8405
11.972
9.73259
24.2194
22.5102
11.7004
11.5106
14.2367
19.3725
15.2226
10.3187
24.6201
22.177
12.5116
16.3587
14.1467
22.2912
11.8277
15.4613