30.655
24.2472
17.125
10.0983
18.1584
11.8889
24.3228
13.0903
12.2544
10.6949
20.3007
9.72139
13.7115
10.2096
15.9613
11.6304
10.8817
14.9137
12.0119
26.4236
21.5577
11.6445
11.2558
10.8066
13.3363
10.5911
10.721
15.2415
13.0235
15.8467
11.3229
16.4046
14.4041
21.4917
16.093
17.4412
23.2653
10.4369
22.9878
20.3867
18.995
23.0076
15.5627
13.128
17.2465
14.5523
11.0723
12.9412
12.0359
11.9901
14.8581
17.7118
12.7403
22.5818
11.3524
16.569
29.235
13.0162
17.1392
15.411
28.4542
21.5046
12.6938
24.0937
24.7545
23.2824
16.3988
19.4587
11.9072
12.2248
14.3932
9.98474
12.139
12.3248
16.381
11.4726
10.9742
11.8675
12.0893
16.7131
12.052
12.6897
15.4326
11.5826
16.0901
10.146
20.1783
13.8904
14.7581
20.514
12.897
26.0959
16.1154
19.5953
12.8488
12.8538
13.949
11.202
15.2161
12.3103
10.7399
14.6722
15.2526
10.5059
11.8837
11.5812
17.5807
21.9188
10.1608
12.454
25.8558
13.0262
24.9667
27.485
10.7396
24.0268
10.2098
29.5372
13.5612
14.2193
24.6714
13.3433
12.9849
10.9984
20.4916
11.0245
13.8786
10.5383
23.0909
13.6138
15.2492
12.4342
17.2793
20.1537
25.1096
22.1463
19.6479
11.2914
12.4668
16.3143
11.664
25.8867
13.1752
22.796
22.0128
11.8324
16.5995
24.5843
22.2306
29.7503
22.9754
15.5838
10.0522
10.0372
26.2733
14.5912
13.313
10.3746
14.6365
19.7404
10.6593
20.9924
10.1642
25.6539
16.4275
13.5396
16.7813
16.9925
12.6952
16.7838
19.5302
11.4558
16.8389
11.8653
19.2043
12.5773
23.8647
12.8505
25.577
14.0142
19.8975
15.2206
24.2874
13.9409
21.6243
12.3586
12.9399
13.4218
16.105
12.6793
22.5231
23.1519
14.6515
24.016
20.5664
12.7467
27.0919
11.897
15.3705
11.6368
21.6085
12.7446
15.4008
11.9765
26.5158
13.0491
11.0167
10.5843
11.7661
9.8306
19.6665
12.438
11.9784
22.5986
14.1235
27.1134
21.9435
21.1567
11.3017
14.8068
10.3732
11.1611
15.3856
9.50133
18.4329
9.70735
19.9013
16.2703
19.8215
12.3858
11.4802
13.0995
10.695
17.2334
24.2045
13.4286
22.2951
12.6844
20.1903
12.3312
11.8833
11.9115
11.0224
22.2746
10.41
12.6069
23.02
17.7019
14.9743
26.7157
17.5879
10.546
19.5492
22.715
13.5129
9.42898
23.1324
11.6109
20.687
13.7927
19.755
17.9896
11.2754
22.8075
17.789
17.0748
10.6564
20.7468
10.7577
14.0203
15.4464
26.9964
18.8265
16.9805
11.4273
24.2222
14.4906
11.4892
16.6417
13.6774
12.5012
12.6446
10.8602
15.3864
10.9418
11.0529
21.6825
26.0365
11.4445
16.8645
10.2949
20.3683
21.9264
21.284
11.6837
20.9406
9.95386
14.9724
11.4668
11.3999
9.78062
10.3598
24.1357
12.4979
26.9396
14.844
11.5311
11.6446
13.0967
13.3896
18.4948
13.137
21.1631
13.0726
26.803
13.4791
13.4282
28.7475
13.2028
17.056
12.3231
12.5823
11.9764
20.5979
10.6208
11.1796
11.1176
25.0037
12.0443
20.0983
31.1495
16.9423
25.3999
14.0426
13.4405
9.57042
25.8886
15.4767
10.5791
11.9473
9.40679
12.2518
12.713
10.1231
22.6437
13.4195
16.1412
10.5535
16.62
28.656
26.914
15.8358
21.4347
31.5769
17.6555
16.8725
22.3074
17.9651
12.0499
13.3155
12.306
23.8361
12.2996
20.0362
12.301
34.0528
20.3423
16.6718
11.3722
16.8817
17.956
25.9606
22.4514
28.63
24.3605
15.9681
17.2565
11.0303
13.3711
22.9604
23.8898
12.9373
13.1668
13.8127
26.5726
13.6235
23.6622
11.464
27.4399
19.8093
24.2402
15.3551
10.7557
12.9559
9.88983
10.442
9.65705
11.4251
22.0759
10.9766
18.97
9.66416
21.0815
12.448
22.0206
19.9057
19.3646
11.0772
16.1052
16.2981
12.0245
10.7335
28.2647
21.4351
13.1818
11.1066
14.6171
29.124
16.6606
21.171
12.8698
15.3119
12.4837
18.1192
14.7095
12.7529
10.8285
10.8194
12.9066
14.552
12.0566
13.661
10.7802
10.3088
11.1422
10.1306
21.3681
12.2335
9.39537
9.24691
22.1814
12.3029
12.2628
13.9236
21.1524
26.384
15.1138
19.5411
15.512
24.8054
28.5704
25.4744
18.5684
22.289
17.6255
22.3635
14.1651
24.4606
15.2503
11.5629
15.212
22.5412
18.9886
11.8846
27.153
20.8829
14.2467
10.36
27.8613
13.2616
19.4779
11.4697
9.33126
16.2256
12.1482
11.219
12.7444
10.115
19.9957
10.6759
14.6251
25.5457
24.9909
26.0346
12.3957
12.1117
20.1675
10.6136
10.7311
17.8274
22.243
12.5815
12.8873
13.8362
12.1529
23.4717
12.8083
13.9705
12.2561
11.9223
25.1683
21.6179
12.6101
17.8671
11.5442
15.9217
11.9983
10.6616
11.4636
21.9226
18.1222
17.497
11.3088
16.523
25.3352
13.2538
17.4107
16.4827
18.1425
13.2568
9.12617
21.0676
12.7753
14.8104
20.7705
12.1732
12.8913
10.028
9.37888
16.7626
9.19607
9.84442
27.1323
16.0338
13.2161
12.7092
9.7122
17.0667
10.7393
12.3541
9.50996
10.3317
9.57189
22.54
13.5168
10.1948
14.0646
27.0333
25.1149
15.1924
13.4338
12.7441
12.4046
12.3285
11.4673
12.2865
12.0122
12.124
12.1792
33.6211
21.3057
15.6361
12.7801
11.7254
11.8841
10.5169
30.1981
16.0761
19.5427
19.9731
12.4537
19.5374
11.5278
21.9596
12.0812
29.6294
18.023
20.4836
11.2716
25.2139
22.0638
25.0921
14.3561
9.96984
21.5029
9.75663
15.0579
10.8387
10.8439
12.1935
10.5652
19.913
10.2147
14.5589
14.7752
15.9178
26.1503
14.3451
12.2183
21.6262
27.5917
13.2855
22.0836
18.8628
12.3822
10.3985
11.0644
13.1327
23.8702
18.1237
12.5668
11.4145
15.5881
22.8002
18.1661
11.4809
13.306
11.5223
11.7276
13.9771
14.403
12.2659
35.1364
17.44
16.0435
19.5688
13.2219
18.167
21.3118
19.9567
12.1534
22.9768
12.01
23.0491
21.7571
24.9828
23.3394
24.4088
11.3355
18.8009
8.55144
13.9768
8.42204
20.1061
9.9217
15.1105
6.83185
16.9571
16.6994
13.5956
7.4516
17.8123
9.28469
12.2357
13.1942
11.0518
7.40051
11.2305
15.1969
10.7428
18.2009
11.8075
11.5289
15.8959
10.926
10.6443
9.78079
9.36488
14.3426
9.32343
8.74074
8.37758
7.75999
16.552
7.44717
20.2977
14.7075
18.7087
12.3079
9.56894
13.744
15.3588
19.951
14.3269
12.5578
24.6508
28.3569
13.9227
25.5468
14.1647
11.6419
22.3123
14.528
22.8338
31.6535
17.675
14.6492
11.1222
25.0709
23.019
28.7699
20.7339
15.0677
25.0147
16.2459
14.6149
19.6069
12.7995
16.2089
26.3363
12.7328
12.4202
10.9326
10.4092
11.3375
9.7871
27.2797
16.5488
10.8024
26.0378
17.6794
13.7183
21.8766
15.2764
13.7587
30.6327
14.622
27.3026
13.8967
16.1812
11.5533
9.57993
10.7859
10.3424
9.48612
17.032
20.13
19.9986
12.5198
14.5708
24.8438
15.242
9.9993
8.77817
18.9879
10.6177
12.9556
9.1335
11.3304
16.9421
11.0618
10.1533
14.6969
21.7242
12.9085
19.0478
18.9965
13.8699
10.6957
9.77141
8.26724
18.0617
9.56311
23.0845
12.1588
19.652
11.1132
23.8069
12.3139
22.0834
17.0695
11.5792
11.7912
13.4827
14.8567
13.6759
19.9121
14.7364
12.841
12.7586
23.2829
14.1244
12.4894
12.8797
12.9528
18.083
11.8747
23.2397
12.2386
12.8031
12.3346
9.92738
12.1361
10.9304
9.56731
17.0705
11.9381
9.7572
19.0135
11.6782
12.2908
19.4044
19.7557
13.3758
11.8496
13.6043
21.5133
11.8259
13.2628
17.2419
10.437
22.4372
24.1852
15.5369
9.78229
23.6623
21.5049
11.9423
9.71821
11.6112
10.3456
21.0679
21.6378
18.7106
12.8974
10.7193
14.1627
12.2092
18.4975
12.1684
16.4792
11.4466
20.2325
11.263
12.4915
11.3332
12.9025
10.9983
20.8846
27.5474
13.6411
14.5493
22.731
14.2271
12.9953
10.5006
11.6928
16.1445
24.2787
15.0068
22.266
14.3364
11.4513
21.6449
12.3911
16.8959
10.1055
13.4337
10.4984
12.6282
11.3021
23.8588
11.8117
26.3021
16.5814
11.7033
11.9035
26.2159
14.9778
12.8048
20.1661
18.2267
13.4497
13.2541
13.567
29.2815
13.0633
19.905
23.1869
10.8433
16.0103
11.4554
14.9264
11.0991
10.6857
9.29731
14.6034
15.2491
8.5516
16.1473
8.15653
10.4002
8.04183
12.2116
12.9582
9.95688
8.95251
9.53224
10.2319
10.3484
21.2523
13.4521
14.5737
13.0451
16.1472
20.0424
23.7929
12.9317
10.065
9.76813
8.94933
15.7288
21.7243
24.877
13.9053
10.4462
8.90398
12.1958
11.7179
9.23985
20.702
19.1387
9.74383
13.4107
10.3988
11.7406
10.2031
20.4055
9.89168
13.7566
8.98406
18.3435
20.3262
16.9227
8.33144
21.292
21.8698
14.4624
10.8532
19.747
12.3103
12.436
15.3953
22.1388
12.7002
17.3711
15.3777
14.4621
11.1557
15.4952
13.3654
14.4024
12.6934
11.1911
10.594
10.0252
13.1204
12.683
12.2447
9.89491
10.2247
10.0955
15.1183
10.5651
10.4509
10.9922
13.8114
22.5214
11.9686
23.5772
23.3902
12.7988
19.4933
12.6486
30.8296
24.0653
11.65
14.3851
20.735
12.6491
25.9115
17.1719
32.5951
14.0268
20.9616
24.4562
30.4507
15.3545
19.9267
15.1542
23.6928
11.8142
13.2048
12.1296
11.224
8.52316
9.17766
10.8691
8.71613
12.9975
9.54995
10.375
8.68702
20.3392
23.5649
14.2953
15.0477
23.6918
15.0308
9.78957
21.9103
11.9471
23.0663
11.1623
24.9337
21.6993
17.3836
9.22949
12.4175
14.9905
10.889
10.8842
20.1913
13.1371
11.79
11.0281
17.0808
12.8035
29.1423
29.1381
16.6533
30.4453
15.8132
26.0186
23.59
14.8067
20.9054
17.9974
13.5152
17.2937
13.9653
13.0402
13.1885
15.3096
18.8594
14.4367
22.1973
15.7107
12.7784
27.3489
20.0476
12.8308
12.2532
28.215
16.2143
14.1723
13.6615
19.3519
15.7658
11.0108
17.3099
11.7804
13.9046
15.1728
12.014
18.6378
13.7647
12.2217
12.3081
27.7592
14.6732
19.3174
12.0513
28.822
22.5868
27.0453
15.4078
17.9474
24.6262
24.1651
19.7054
12.9329
15.2302
12.9105
20.8652
14.3458
26.2618
15.8354
13.4017
12.5294
21.5918
12.1865
14.0473
16.8246
25.8269
12.9265
17.265
12.6965
23.1638
13.4028
29.4949
30.5546
20.313
11.7092
25.0685
22.0912
29.7043
25.6075
13.1046
28.1847
26.4673
19.9255
14.8459
11.0528
22.6998
11.3107
23.341
12.3286
17.8597
11.278
13.1188
12.288
19.4406
12.4307
22.1777
13.3444
11.8241
22.752
12.5265
18.8534
22.07
13.1413
9.98
23.1149
18.4157
10.6126
12.6988
10.447
11.477
11.9278
22.202
20.1209
16.8771
10.072
21.0094
13.5356
17.7588
13.1823
29.3644
16.9638
17.6317
12.1256
14.8983
10.8838
11.1332
30.8343
24.5265
26.6707
15.221
22.7618
18.9021
21.1403
11.5259
12.8485
20.9789
9.53661
21.5967
18.5081
10.3199
8.76529
18.6094
9.41196
12.1101
18.0818
12.62
15.8198
23.4395
14.0202
22.4349
9.95249
14.2475
13.0028
15.8767
14.5815
14.7433
15.4653
20.6672
15.7944
9.66984
24.4728
15.4113
10.9732
24.3847
16.531
13.0508
29.0191
13.7308
13.5779
12.6675
13.1125
30.7146
37.6822
17.9285
24.3099
14.9592
35.3648
32.3673
30.2697
17.0075
22.211
12.3698
17.233
10.2547
24.2139
18.3439
14.8501
10.8813
16.2699
11.1424
10.195
17.9498
12.436
10.3343
12.7556
18.6775
23.0914
16.3903
11.3728
12.6884
11.3189
10.1764
8.47854
12.0632
19.6054
12.9024
12.085
12.4343
18.3565
8.71015
10.458
10.7924
16.1671
10.2999
10.78
22.1002
16.8868
10.8037
11.0909
11.9914
13.3366
32.4414
29.7743
21.9473
28.8637
27.578
14.8796
14.5535
30.2788
15.3885
25.3956
11.288
20.0584
13.5132
23.9905
13.0277
15.2317
24.6912
14.4395
11.1408
13.7776
21.7733
12.2454
10.9253
13.4613
12.9688
14.1826
14.9797
10.1562
11.0774
11.2679
12.749
15.9204
26.0094
16.7704
15.5931
11.7765
11.3921
13.7089
15.5718
25.6409
16.2509
12.5749
11.0949
11.9838
14.6309
18.1359
17.2792
11.7619
10.5703
11.364
13.1584
16.1658
10.4339
16.1881
11.9207
10.9735
14.0264
22.9997
13.4116
18.9063
12.4525
18.8676
12.4012
27.8783
21.3655
22.461
19.951
12.6035
12.0239
12.5069
12.225
12.4307
13.1908
13.7362
13.6561
15.6437
15.8119
12.6628
16.693
12.2431
11.2323
10.6247
20.9575
28.3385
12.6756
14.4745
10.9704
28.4656
17.5417
11.1246
12.1023
12.3431
16.0698
11.2948
10.8397
20.0289
10.0791
18.4364
10.9184
10.7601
22.646
16.28
19.0711
24.2284
13.8796
13.3706
10.8932
12.1918
12.1021
31.865
17.0998
25.6995
20.5121
14.6429
10.3588
30.6561
15.4028
15.7773
11.292
21.9128
11.7426
18.0484
13.2178
11.1764
11.0571
9.64852
16.5596
17.341
12.201
21.0789
8.79604
11.2007
8.19987
16.3672
17.9563
10.4944
18.7812
11.9899
13.528
11.4387
23.1697
15.0149
26.999
19.0317
12.8393
10.355
18.9702
10.3856
11.8899
12.6504
14.0083
23.7671
17.4095
12.3571
23.8655
14.0578
23.8357
17.1783
23.5739
14.3686
24.6157
24.6132
15.9892
11.4515
19.9095
12.722
29.3115
17.7708
11.652
10.358
20.4505
10.9517
14.6135
10.7165
15.1479
10.5209
10.1605
9.99617
10.4807
14.2327
10.4682
18.8724
9.87648
24.8697
22.9432
16.9307
12.3795
10.8851
23.9741
14.7194
10.7164
10.6667
10.2646
9.06514
10.0139
21.2471
10.8755
21.9595
11.6937
10.3395
10.7451
16.8797
10.3382
12.0078
25.0074
14.9018
15.7142
15.7282
16.8423
26.2681
14.6503
26.3845
12.6911
12.4118
16.1831
11.5394
26.1152
12.5536
23.6623
14.6474
22.1048
9.33626
22.1881
29.0051
14.2271
11.962
29.1381
19.492
12.1822
11.8067
10.4161
23.5754
19.4998
12.7799
20.6927
12.2224
21.0279
10.3217
28.2452
13.582
23.2528
12.2032
11.237
10.3777
17.8481
12.1246
10.3861
20.7545
15.1182
14.6828
28.5194
28.4353
13.3277
16.7295
33.0912
22.5351
18.3585
10.6176
18.4479
14.6117
21.5978
13.0719
20.7094
14.4005
11.8308
20.1999
10.9098
12.1878
15.2171
23.0727
23.7577
11.8519
16.2221
12.3701
9.81451
19.8297
10.55
22.448
15.2909
10.7471
25.7268
12.8242
10.776
11.8086
24.7517
17.5588
12.991
11.0113
14.3936
14.6301
11.0309
21.7366
28.913
18.2623
10.7481
17.1625
12.2721
21.2015
9.48923
11.7
20.2119
22.1395
14.7608
9.7107
13.7437
9.75291
9.27111
10.6182
10.0859
11.5661
9.24694
19.1015
10.7444
12.5081
9.84919
14.2184
9.71896
19.212
11.5859
16.7678
10.6009
12.7098
22.5839
10.9016
15.6255
14.0496
15.0408
12.3625
12.1691
14.521
11.4893
11.6876
11.5124
11.7744
13.0309
11.7053
11.5954
13.4187
32.1085
28.7051
12.4379
26.3427
32.1993
20.8739
12.4573
12.4945
12.7625
12.7049
10.9798
14.6452
15.971
10.977
22.5326
20.4437
10.9827
14.0102
11.6129
9.33741
27.046
15.0384
11.8024
20.0177
21.9549
11.1043
19.9675
10.3524
21.5518
11.914
17.4554
13.0225
16.5146
12.2353
14.4978
11.3889
15.9891
10.3033
12.963
10.5521
11.274
24.0369
12.1547
11.5393
10.9054
12.2962
11.5889
22.9564
11.6713
20.3255
12.8462
25.2669
23.41
13.4116
22.8207
27.7668
14.1937
29.6273
19.3917
10.9197
11.5588
13.8769
27.3167
17.0691
12.6311
11.7456
11.065
15.0349
15.9965
10.4059
11.3263
9.60204
15.9981
16.617
14.2156
24.56
13.2452
11.474
9.45692
15.8225
12.8005
9.8561
13.0396
8.94608
9.46136
9.00226
9.87558
10.6573
11.1416
9.57
13.3227
9.90997
14.5866
15.0306
11.0976
10.5826
16.1087
11.2089
11.2661
10.7213
20.9993
12.1276
15.1204
13.9828
14.002
21.1968
15.6635
26.3894
12.9939
35.9872
16.0464
16.7633
11.7226
16.0098
19.6653
13.6916
13.3026
27.9013
17.9522
15.5542
21.8986
24.0949
14.9863
16.9437
17.2042
14.2897
15.5364
24.0872
17.752
13.4025
19.374
30.8461
22.698
14.1306
13.5406
13.2132
15.7248
14.0276
20.83
30.9089
14.7129
38.6047
20.2632
13.5898
17.4258
22.1939
28.115
15.2322
13.1138
12.6342
12.2072
15.2951
12.2288
15.7606
21.5598
24.6355
13.1447
14.6659
17.3543
23.097
19.5643
14.4072
18.2124
14.1325
37.3284
28.4008
14.2598
19.9264
32.263
17.671
19.6872
20.7319
14.7934
27.2508
16.3666
15.1882
36.17
16.4408
17.6567
14.1559
28.5388
15.4113
13.7723
13.6687
22.9563
12.9278
15.8825
27.5862
12.8802
15.1848
12.5347
12.1665
17.0226
11.1585
26.427
9.25404
17.4391
10.1972
14.9311
11.9222
10.181
22.3778
11.9353
17.2637
21.3726
11.6315
9.37814
9.28553
11.238
14.218
18.5298
12.3785
9.87857
18.9272
11.8586
21.525
15.0482
12.8202
9.49131
22.4794
13.538
12.7653
10.0308
15.4504
28.6696
23.5655
12.1628
17.707
9.48527
21.1773
11.2201
14.7026
9.60624
23.047
12.3694
21.2564
11.2169
13.6525
11.2346
10.0643
22.8293
14.3101
10.0324
11.1195
10.9666
10.9527
11.7016
10.5297
17.0799
9.42864
21.8982
7.8974
20.0555
14.2461
17.5831
10.7512
9.55214
7.77435
10.2469
11.1052
13.6668
17.4995
8.0338
9.1471
8.2063
10.2575
10.7748
16.0945
17.6483
11.5988
10.3734
9.41972
14.4397
9.61485
10.1751
9.70181
12.4155
12.0209
11.5521
15.0395
12.0114
13.1529
14.3026
27.5426
27.0375
27.4166
22.9314
16.2756
29.5328
17.262
16.5801
37.4442
38.1971
18.0153
37.8228
36.3308
28.7903
27.5796
15.7956
27.6442
14.9899
25.7008
43.6806
18.7721
27.1578
16.1923
35.16
24.9133
15.1796
13.9816
14.9113
14.3482
25.9291
14.4581
18.0024
30.0119
23.2251
26.86
13.1941
17.1362
28.8976
18.1263
11.9967
22.5017
12.3967
12.0801
13.7921
10.3839
11.3851
12.6805
24.3765
15.4768
25.4721
20.1474
13.3182
12.7167
23.0439
18.2871
19.9841
9.44701
9.34692
18.1668
13.9944
15.5905
10.5841
11.0869
11.5489
10.8473
12.1231
19.3641
10.7844
18.0065
12.1319
26.7606
15.2553
14.1528
17.6662
23.5914
12.3445
30.9303
21.9055
19.5857
18.6078
22.7525
13.8715
25.2627
10.7888
13.4932
11.7015
19.0062
11.7393
14.3379
10.9137
18.6913
11.1868
25.3021
14.8908
17.4449
13.4134
10.3326
10.6311
10.3972
23.7332
16.6355
10.359
25.3892
23.0018
18.6183
12.9779
12.2831
13.8808
24.8362
15.4083
19.2544
16.506
22.0554
25.2201
12.8881
20.2873
16.1848
12.081
10.2533
9.31579
10.7363
9.68507
11.0431
17.8069
12.2165
11.8526
13.6484
18.0759
15.185
12.6292
16.2585
23.6608
12.242
10.7943
11.8182
13.6806
15.847
11.3165
16.2818
31.5066
22.8454
11.7693
18.4144
11.8605
19.8337
25.1764
13.61
25.6635
29.7668
24.9825
15.6006
21.5254
11.1922
20.1299
20.2479
17.4447
20.1051
9.75357
30.8394
19.3611
14.0313
11.233
12.3354
11.5354
12.7779
19.3417
14.3925
15.9802
15.4625
15.742
17.4848
18.5119
36.4039
24.3095
16.7428
29.4818
18.6549
34.9651
28.4565
16.3177
18.0696
13.6061
13.7583
17.1098
28.3979
37.0093
26.365
16.2382
22.1123
10.7424
13.5568
13.6388
10.5277
18.8289
12.1585
21.8362
16.7208
14.831
18.3213
10.5163
21.9768
15.9952
11.0215
11.9539
11.3707
22.3534
23.1384
11.8373
19.6121
26.4195
17.3339
15.1393
11.0901
12.2068
13.0863
16.4522
12.4468
13.8456
19.4486
14.9028
24.6184
16.9637
11.5202
31.3056
16.9971
20.8852
12.6929
8.4935
11.2284
10.948
10.471
8.95853
9.85179
14.1691
8.76687
16.1803
8.19076
17.2716
12.5132
17.9482
9.53991
9.80889
14.1751
18.6854
9.96309
17.7219
12.0694
27.3234
17.5435
12.3784
9.93223
17.4562
11.0933
11.8371
10.4452
19.8149
10.1244
11.4836
27.2221
19.1151
27.0056
14.2093
20.8793
13.7406
12.2007
17.6757
11.2517
14.6289
17.6951
19.9405
18.3413
12.5179
23.185
21.9411
16.8194
9.99539
10.2278
12.3895
10.4768
14.7602
10.0367
23.6391
14.5128
22.9419
11.6859
13.7489
22.5522
14.5536
28.6775
16.4711
11.7506
11.9672
27.0186
10.7963
13.427
15.7485
13.2303
12.4003
10.9313
22.8669
29.5925
17.8742
13.335
22.2456
12.8004
17.348
15.5229
17.295
10.3589
13.8289
13.1436
11.2169
10.2444
21.9057
13.1664
10.0523
25.8019
11.7726
17.6087
11.6425
13.2487
10.7232
9.30999
19.8993
10.7602
13.2007
19.6057
13.22
12.6889
26.5596
15.1713
21.7935
22.9062
13.4201
9.15207
25.3058
16.4445
11.0005
9.14028
17.8041
10.4547
16.5444
13.3639
9.02618
8.32808
7.93229
10.2851
12.3036
12.2153
10.5494
9.183
8.37293
10.2765
9.5237
22.153
15.0378
26.885
22.2046
14.3981
9.6166
9.78185
9.58414
12.4038
8.90646
10.849
9.45246
13.8831
8.57888
16.6407
9.76629
11.405
19.6295
12.6
18.4836
8.90794
15.9635
11.4541
8.38959
16.3337
9.83828
15.8743
10.169
9.96522
12.5547
9.24228
17.7412
14.7029
17.6913
14.914
10.901
10.795
21.0669
20.0311
24.2336
23.765
15.1483
11.3066
23.5975
11.9165
10.1159
11.7819
22.5095
13.0135
18.7534
11.5296
22.1311
15.59
19.9561
28.6165
21.6467
14.3813
10.4048
27.4724
18.2327
14.75
13.7388
11.5791
28.0038
13.6913
11.3929
11.1146
12.5673
21.7368
18.9728
18.9925
15.4644
11.3346
13.1646
11.0475
24.9709
27.8472
14.6038
24.0456
20.7966
21.0912
17.297
15.0179
15.0102
14.6989
31.1463
16.1167
22.4877
12.4196
11.1305
12.3002
19.9964
13.3791
12.7062
12.0963
11.3838
12.2558
16.1729
12.6271
12.9897
16.9447
12.217
11.6693
13.4748
17.2259
18.9629
17.7472
16.0396
12.3327
16.9692
13.6897
12.4406
13.3954
24.2349
13.2843
24.7621
12.0349
14.1707
11.4727
26.7287
13.93
16.9222
12.4019
20.7726
10.8591
27.7281
28.8277
13.3924
23.7905
12.9144
11.8674
10.9713
16.8937
9.05778
26.4926
16.448
12.0552
11.2317
9.47086
24.4119
13.857
13.2656
14.3408
12.3373
12.2597
19.8365
14.7856
12.7777
10.1906
10.1835
9.75419
11.7277
9.36127
17.2259
9.86361
19.9571
20.852
11.5144
11.5271
22.8274
12.1646
10.5523
10.1715
19.6734
9.16051
18.6926
13.22
19.2323
9.50961
27.5189
10.9871
11.4264
13.8407
9.14445
18.9221
12.3832
18.5473
11.3982
15.3736
12.3383
10.43
10.5375
26.7107
13.073
11.9675
13.5558
11.8423
12.9254
13.0887
12.5793
20.7328
21.7292
12.1865
13.2891
19.5408
13.4156
29.1439
17.657
22.1881
10.8164
15.0424
15.9076
18.9368
17.3101
10.9252
11.5878
15.7494
10.4749
10.3952
11.4266
17.6693
11.9307
21.1616
19.9486
19.683
21.5248
11.7158
16.1579
13.3247
11.6916
20.8395
11.6532
11.9332
14.0907
13.4612
13.8115
30.4959
14.3808
13.2169
29.8064
19.6344
12.3991
13.0525
11.437
10.7696
10.841
11.3359
28.3694
12.5826
13.1968
18.4607
11.3895
10.5847
10.2921
12.9581
17.0246
12.185
14.6055
30.087
15.2923
11.4281
27.1801
24.8987
12.5034
16.2771
19.2449
10.942
25.4033
12.7774
23.0715
22.19
10.5449
10.0275
12.7712
25.6376
14.9448
12.1985
18.7277
13.6553
21.6724
12.8755
11.3668
10.0845
25.4879
20.2455
25.0009
14.4825
25.3927
17.622
14.1802
15.843
15.1446
42.0089
25.5278
13.9413
9.79694
9.26065
17.3446
11.8697
18.426
9.6365
20.6534
12.0839
17.0881
30.5649
22.2604
12.4292
12.2618
10.608
13.4718
21.7855
10.3513
24.5256
25.6832
14.868
10.1753
19.7166
10.9864
12.9585
20.2846
17.6398
11.3802
17.259
8.74652
12.946
16.914
15.5655
14.5663
8.17429
18.072
13.9348
11.6505
19.3761
10.8869
11.6272
13.0659
11.3965
20.6207
11.2313
13.3759
9.35902
10.9829
9.1047
11.7652
18.0069
10.9293
24.8385
13.3167
14.7085
10.5544
19.9254
11.4433
16.9991
10.1162
25.4769
16.4652
13.0462
10.5626
15.5334
10.8547
21.6204
11.4002
16.5848
11.56
10.6878
27.6973
16.3954
10.9079
21.3129
10.8548
19.7776
25.5387
13.1804
10.0669
17.8979
12.151
11.8287
11.4506
11.0516
10.9357
10.9279
11.1666
12.1123
14.1892
14.1763
11.3062
15.8558
17.6078
25.0765
11.6558
21.8026
14.2309
10.1653
15.6705
15.8057
11.6568
10.4284
12.3767
18.6973
11.595
10.7633
24.8427
15.6175
25.6899
13.2598
25.574
19.5728
16.5541
19.2631
12.129
11.5751
18.8823
34.4719
18.1732
22.4051
11.8132
13.5907
26.2093
19.1841
13.676
18.1564
13.8372
11.2371
24.1642
14.9841
10.4538
19.2601
10.5516
10.2988
18.9854
20.973
11.1079
16.2145
11.2542
10.2159
26.3248
24.7867
13.3876
27.1876
15.2827
23.4155
14.7927
11.9528
21.0223
24.6137
14.1826
39.4708
23.2272
15.2929
30.9191
20.7517
14.2812
15.2426
15.5549
13.4921
18.1922
23.0331
24.2254
15.1613
19.6429
21.7012
20.9695
26.2274
21.7973
10.3474
10.8767
11.922
11.3147
13.2196
26.1277
14.6687
13.8536
14.5264
11.4269
23.4871
12.9558
22.5706
12.3993
10.3138
11.1946
23.391
15.9999
10.8924
11.1502
10.6902
10.5476
14.1793
20.9204
15.1895
11.6408
22.3271
13.5192
26.1275
19.7566
13.9862
25.6716
27.8071
14.1955
11.9056
16.6538
11.938
11.6331
21.8707
15.5329
11.3414
11.2427
12.8031
17.8543
9.36412
12.9635
12.7695
13.3073
14.3796
26.7209
28.5967
22.1673
13.1097
13.9323
14.4441
19.5678
17.4042
10.3537
16.6023
11.6211
13.5824
14.9297
11.0959
9.28226
16.1089
10.7009
17.0308
11.0661
8.88311
16.4465
10.3961
23.4412
21.9369
17.5318
11.6225
12.603
11.1767
10.3895
11.2843
9.89459
10.7286
21.1169
12.4382
11.6861
12.7253
12.7972
23.8796
16.3134
14.4708
12.3792
11.5967
23.5704
12.0733
11.0522
10.7402
12.6654
12.0757
12.0076
13.1326
16.8356
10.0597
12.0313
20.9752
11.9751
24.477
15.933
9.63027
11.3299
10.4341
9.42723
20.474
9.87528
23.1162
20.0485
9.98233
25.9369
13.7612
21.4101
10.335
10.6114
10.8831
24.6826
18.5923
13.1613
9.9426
26.3468
14.9865
23.0152
24.6024
16.0423
11.0349
22.7068
15.4964
20.6558
16.6224
22.0713
16.2809
9.68101
10.0234
14.3736
10.6792
12.8854
16.8882
9.1092
26.3209
14.4107
19.8241
9.40585
15.012
12.1861
18.3861
14.4482
10.6646
17.0603
16.5722
17.3403
15.6481
23.3871
14.7633
10.7459
10.0819
9.94301
22.29
15.671
11.1375
12.6255
8.88741
24.3691
13.6011
12.6946
11.15
10.1432
20.2183
9.70125
15.9653
10.5274
12.045
15.7071
12.6539
11.1744
12.588
23.7854
27.5619
14.1086
16.7621
18.4567
12.6617
11.8391
27.6726
14.7269
12.5753
13.7732
22.7507
13.794
12.4786
12.0372
14.0497
12.899
22.9297
12.7351
12.438
13.4512
18.4248
14.1113
20.0019
14.8282
11.3666
24.746
13.1666
12.8789
21.3877
9.85596
21.2206
10.3904
11.0831
12.6075
24.3806
23.1318
11.6895
11.0916
9.10792
25.2419
17.3454
10.9474
23.5521
13.3253
20.8029
11.1411
13.5437
14.396
11.0784
23.5033
12.7027
16.4511
21.8769
12.9321
18.6172
11.8547
14.7511
9.88205
8.94773
9.53799
8.80384
18.6414
10.3928
14.2899
19.9801
16.6222
14.3575
13.0192
10.6989
29.2164
15.006
10.478
20.2837
13.8195
13.4297
11.2472
18.5341
10.8024
28.7854
20.7225
20.2641
11.1955
13.9266
22.9759
13.1237
15.8821
12.0234
17.1108
10.4572
26.2081
23.5419
13.4253
24.9575
13.1829
26.2933
13.5501
16.7116
15.9135
10.3015
17.7294
13.1213
19.2904
15.0544
12.2256
12.7914
10.5897
13.6695
27.1596
19.186
18.4713
19.8295
12.1475
11.2351
15.3378
24.5599
12.2431
12.7667
24.817
12.92
22.5959
12.0108
20.7662
11.8077
9.61899
27.5986
20.1504
11.0937
12.7509
11.2368
12.5089
11.7075
18.4233
12.1282
11.6714
11.0023
11.6497
14.0436
19.5602
18.1332
21.8583
10.9223
16.6115
12.1371
12.9812
12.579
14.9668
23.9672
23.5408
22.5643
14.2699
13.786
12.0196
12.1079
13.5911
12.5816
25.016
12.7718
16.8494
11.7267
11.0153
10.9616
19.2357
17.9271
23.5785
16.5413
11.0693
12.5058
10.4846
10.2665
9.19349
9.0812
10.4641
9.75543
20.6839
12.3206
9.23534
12.5546
9.53036
19.6452
11.3219
9.83028
15.6764
16.3499
16.2385
14.194
22.9532
24.6731
14.2844
23.1093
29.6202
12.8294
22.0697
22.0484
11.7553
17.0002
9.12483
11.9092
8.54427
8.04299
19.2404
12.6949
9.11499
10.1626
19.9525
11.7978
10.2204
6.79872
11.0518
11.7768
8.81026
9.15815
20.1797
14.6324
10.617
10.5297
7.67743
15.3468
9.06904
10.5635
16.5433
15.3238
9.79971
14.5865
9.89207
8.88582
11.7102
9.20223
10.1919
11.3301
19.7771
12.6259
30.9918
19.0657
18.2548
12.3809
11.5294
13.5099
13.075
13.6862
25.1358
15.4006
10.6709
13.6762
22.4874
12.0366
14.093
10.5646
20.0526
20.1287
20.2965
20.6237
11.2573
16.0667
14.3827
18.3361
12.9976
22.5429
11.45
11.2143
11.2155
8.83326
21.1059
9.91658
19.9851
12.349
9.67449
9.75482
9.87414
10.0906
16.5902
11.2485
11.4375
20.3362
15.8158
10.8071
8.45596
9.47965
9.28879
17.8333
11.7399
12.9565
10.6156
8.92467
9.66309
9.32839
10.5881
23.8824
13.3486
19.4882
11.4481
33.0603
16.0384
22.9246
11.9893
19.4749
24.5427
11.6784
12.3841
20.9548
16.0423
28.2505
12.6931
13.8905
10.6931
9.52361
10.8292
9.94519
22.4203
13.595
10.716
14.1384
10.3496
9.75385
10.2811
10.12
10.2674
22.668
14.0286
12.2236
12.9704
10.8869
21.7329
13.3512
20.7543
20.3707
20.702
12.7646
9.77672
12.0847
11.841
17.9568
12.1049
13.3506
9.30435
10.5047
10.526
20.5227
11.3777
9.23714
19.6619
20.8718
25.5073
19.1289
10.6407
11.5496
9.8343
10.7519
8.96063
7.98826
9.29873
19.2357
16.7538
10.9839
21.2244
14.0774
12.4536
15.0738
12.0749
18.5691
20.8544
10.535
23.7314
14.3647
15.3119
11.7715
10.8221
13.4886
11.8583
22.6001
12.1252
10.617
10.3065
14.1305
10.9172
13.6682
25.1725
14.4005
12.2056
21.7895
12.5203
10.9897
11.2071
10.2488
10.6647
12.1823
10.2094
22.9838
11.8315
12.1581
26.6403
14.002
25.3929
14.7119
28.8176
15.0755
13.1476
13.0733
11.873
16.9759
13.1237
11.9612
23.0673
17.2631
11.8192
12.2792
11.7864
11.9666
14.5106
11.0842
15.9162
8.63783
8.53151
18.1317
10.185
10.9848
10.4446
10.918
24.5838
14.2456
13.1574
22.7911
14.6873
14.4525
13.128
25.1781
16.6958
28.0685
16.6656
34.1333
16.0109
22.2794
24.9727
16.5468
13.9145
18.1353
24.1181
13.2279
16.1582
13.5296
17.3799
30.1082
40.354
22.6502
17.7965
16.7361
22.939
16.2897
17.5963
23.3926
19.1399
12.6417
20.4998
10.8669
12.7785
27.7481
17.0228
12.7219
10.955
10.1654
15.2646
21.0961
12.1054
18.8458
14.629
9.93931
11.9168
10.0437
13.392
11.3667
8.32554
16.003
19.9635
12.9819
17.065
11.1193
10.0805
19.681
13.1302
10.8186
19.2384
12.1885
14.404
10.3189
9.30766
12.868
11.2065
8.35965
22.2056
15.5139
22.5961
15.5152
26.0459
20.995
11.3811
15.9897
12.292
12.6792
10.041
12.3851
19.0057
13.2034
31.3943
21.8967
13.7707
11.4035
11.3926
11.7247
12.7173
12.3042
12.1515
12.9091
16.6424
16.6246
13.9795
13.9908
12.3514
12.6076
16.1532
27.2443
28.2128
15.0715
30.7537
16.6134
17.7814
19.7814
13.7654
10.5869
22.3881
11.9871
30.1263
19.577
11.0445
21.4878
20.0379
18.8478
18.5276
12.684
13.3716
10.2558
26.2573
13.244
27.8601
15.2292
11.7953
24.1596
14.0097
9.51781
13.3668
21.4161
9.18286
13.8544
9.29546
9.71047
10.2406
9.92277
10.6475
10.1581
15.7523
24.7121
12.2554
10.8101
23.199
15.9976
10.0517
13.8265
24.2119
12.7961
10.6602
12.8986
10.993
12.1388
25.675
13.3157
11.1909
11.343
23.1615
13.5735
17.2105
25.6504
24.68
16.87
12.5225
11.9392
16.8245
11.7136
9.5587
11.7089
10.0137
11.8245
24.5381
13.5563
15.4438
13.8057
12.2008
9.57614
14.2523
10.4275
18.2808
9.60202
27.764
15.4927
24.3857
13.4578
19.4851
10.6631
11.051
12.1029
8.74034
22.2208
17.8734
26.9154
22.5071
13.2993
20.173
12.7048
15.0836
11.1152
19.3909
23.5944
12.8035
17.3363
23.8899
12.2448
16.632
12.1946
12.1229
16.2757
14.2921
12.6693
18.9492
25.9197
14.6219
15.1912
11.9786
11.5419
11.2332
17.6004
29.4716
15.0631
11.2221
20.0815
14.4741
10.3655
28.8087
14.7352
15.842
17.0394
11.7656
10.5819
21.4701
12.6766
19.0175
9.86916
16.5141
10.527
25.628
28.2284
13.3207
22.073
11.0075
13.7604
18.0116
11.3614
24.8692
19.6099
11.5276
25.6064
11.2809
10.4802
11.7816
10.9295
20.329
13.7892
14.4114
9.77483
20.327
9.66547
14.896
12.0261
19.0215
10.2526
27.6688
11.9639
10.216
14.5506
20.1824
21.4244
12.8263
13.8777
22.7906
14.1055
19.6118
12.6581
12.2344
13.6383
13.1033
14.0495
29.4898
16.5043
21.0087
18.5258
16.0758
27.1275
15.756
14.9977
16.0861
32.5136
15.3704
31.468
16.5636
33.8709
24.8387
19.7403
34.4623
28.6068
23.1172
13.8247
16.4847
12.4866
14.9149
14.12
12.2207
24.9407
12.0468
9.11806
9.69032
12.0243
9.69223
11.4067
14.1655
14.1968
9.71963
16.4028
24.9487
14.7688
20.9544
13.8659
26.0109
15.0483
15.8331
13.4529
17.5891
11.2008
12.2294
26.8927
13.6435
11.9437
11.8615
10.3441
28.957
24.4389
14.174
10.0663
10.3242
24.5513
22.8059
14.1526
11.2107
12.5619
12.7433
18.5862
10.3441
14.1869
11.8759
9.54684
9.72654
9.18364
9.27117
19.3602
11.2854
26.4354
21.6431
12.6522
20.5481
13.3094
11.8197
11.52
10.342
10.7095
11.4386
11.3076
19.6944
11.5516
15.6318
10.6354
18.2362
10.2145
8.70665
11.4266
24.7566
22.7784
19.1421
9.94541
15.8793
18.1519
12.0184
20.6657
11.404
11.0517
11.1723
10.8842
12.2742
10.2218
23.4791
12.3597
21.1133
16.6145
12.8187
10.7834
17.6239
11.8113
22.7315
21.8797
12.5262
17.8042
22.3424
13.159
13.1909
11.9541
10.2546
22.8769
16.9656
9.76232
24.4906
21.3371
13.2372
10.2946
11.2499
9.54125
13.1267
10.5916
10.5383
13.5345
21.7482
12.105
30.1001
21.6271
12.3813
10.5423
10.4775
10.7158
11.2685
26.2761
17.6461
19.559
20.0738
18.0636
8.85558
8.58523
12.751
12.4813
8.59772
10.3306
9.54285
11.2697
20.7845
8.24568
23.0398
15.7884
20.9306
13.8927
9.46268
25.7245
14.1924
20.1114
23.8995
16.9708
10.3138
9.57028
12.5471
9.89646
31.099
17.4289
12.7758
16.0671
12.4355
11.9221
12.362
14.2761
11.8224
14.8754
10.8107
14.489
14.2658
8.46263
10.2767
10.2314
14.3174
14.6098
10.9872
17.9581
18.1691
13.0167
30.3313
24.2006
13.8548
30.0298
13.232
12.784
12.5688
16.8714
14.4209
24.8657
10.4464
18.9775
15.0706
12.6409
15.9278
11.0879
10.3797
19.3793
19.8973
11.7178
9.8763
9.82184
10.8615
10.0013
11.1539
9.91917
12.5859
23.0774
13.9667
12.9861
12.5112
12.1913
31.9359
16.5019
21.4608
29.5543
20.8054
12.934
12.5256
25.6222
13.4453
10.8392
9.16391
9.40395
11.2758
11.5474
12.0536
24.0114
15.5031
12.1906
25.7877
14.6278
26.1895
23.4713
11.6972
20.6549
12.7035
10.718
13.7077
11.5706
29.7746
24.7495
11.8104
15.4252
13.351
23.3373
13.904
20.8399
30.4895
15.7829
15.4833
19.8147
11.8189
25.908
13.2976
16.34
9.08638
20.9997
15.4291
11.5683
19.7386
10.616
28.0771
24.5536
25.5426
14.5512
10.549
15.8969
11.6004
10.2283
13.4518
22.8771
15.5076
11.1992
23.4167
18.2257
28.1437
15.8154
10.5774
11.2435
19.1923
12.2654
15.1682
13.4302
23.6685
12.7328
22.7716
16.7917
21.8709
21.5642
12.6677
14.3035
12.9653
10.139
19.7031
11.3272
27.8593
15.3542
19.4013
13.1837
12.5358
13.0543
22.8807
14.6841
15.3404
30.1861
14.6447
16.7148
17.6593
13.5878
24.6349
15.4689
11.7426
12.4777
20.3412
13.1686
16.2405
12.2915
21.1407
15.4898
15.0099
11.2958
12.1151
11.2944
19.4761
11.5011
28.0502
21.8299
22.3561
26.4729
14.1935
18.5794
11.6034
24.5912
13.65
23.4069
22.6872
21.1705
12.4491
11.5761
20.7803
10.6456
22.5893
22.2081
21.4649
14.4147
12.1078
12.4713
24.1298
12.203
13.999
29.695
19.114
12.5169
19.4401
20.6256
19.2005
28.3002
24.2223
16.276
25.7449
14.0683
13.4866
10.5273
20.1931
12.3115
10.2656
10.5878
9.95538
24.3796
20.7147
11.4813
11.2331
10.6224
12.1292
10.2964
14.8458
14.0442
20.6045
11.7058
24.3648
12.8644
18.6883
13.9491
30.7013
21.07
19.1204
16.6438
17.0647
16.2162
16.3437
14.3325
32.425
15.8586
34.8257
33.4051
16.8788
19.4589
10.634
22.1295
10.4103
24.9356
24.0208
14.57
24.4827
14.534
24.8965
13.1932
28.02
27.0341
15.3108
18.4685
27.6757
22.8871
11.4004
11.42
12.2505
19.5207
23.6089
14.0375
13.4817
11.9053
24.3073
13.2841
25.2096
11.2988
18.7241
10.8909
10.3434
18.513
11.4004
13.0764
9.22182
23.0502
13.0083
17.1715
16.6151
11.7751
12.9269
10.1235
9.92229
9.45885
22.0198
10.6797
9.34271
20.3653
13.6759
11.1304
17.8111
10.6937
22.4908
22.0248
11.8671
10.0739
18.4305
9.8415
10.6011
9.97484
19.0224
9.39576
22.9714
12.3747
8.96826
24.857
13.7932
10.5814
9.02629
18.78
10.89
11.2712
9.21927
8.87562
8.04054
8.50845
9.68232
8.34707
12.2959
14.8195
9.6181
24.4422
12.49
11.9131
11.51
16.5764
19.3763
11.168
16.1873
11.662
30.3428
14.6945
13.8508
13.9176
14.6647
24.276
13.6385
16.2939
13.4256
30.4132
14.9553
16.3677
19.0047
17.3216
25.7914
13.9062
12.4588
34.1096
22.3843
15.4912
23.8763
12.5379
29.9874
20.0899
29.4422
15.096
17.3858
11.4582
16.8669
18.7486
11.9657
12.0199
31.2409
16.7707
13.792
16.7254
11.4736
21.0179
13.4827
19.7323
10.8989
30.6146
13.7767
15.9855
12.2333
12.4565
9.29891
17.0523
12.0155
20.497
10.3558
8.91718
9.30416
10.3277
16.4375
17.5077
14.9558
16.5079
7.98853
10.963
11.1276
8.54317
8.5762
9.9313
17.8857
8.94483
13.9521
14.4631
10.9978
19.8813
10.3244
11.5985
7.67593
20.4893
11.9055
22.1944
13.729
15.4203
22.5645
20.9012
21.5646
14.1044
22.0267
15.9337
11.6624
19.0496
12.2833
19.8929
23.4853
12.1936
20.93
12.2248
11.5734
19.7396
9.03693
19.1135
10.8585
16.5266
11.0511
10.8552
14.189
11.1593
19.4542
10.2322
18.9093
28.922
15.2964
10.7378
19.9302
12.2734
17.9483
11.5536
17.1744
11.8797
11.8217
18.8462
30.2364
25.9651
11.972
14.2647
24.2101
14.1622
28.2053
23.8885
12.6328
15.343
22.6687
24.9181
16.5606
13.7511
10.9405
11.0448
7.28076
12.373
9.73679
8.45194
10.2344
8.72101
10.5603
9.84118
16.9903
10.0555
17.053
10.4449
22.7171
16.6279
11.3744
10.3201
10.7219
23.9382
19.1124
15.0593
13.3314
12.4416
11.79
25.3843
17.5487
25.9163
13.9656
13.9403
12.0011
13.6633
12.4402
12.141
14.8696
11.7133
11.6064
30.1285
19.2607
11.5531
21.5216
18.0565
15.8823
11.0692
9.38909
13.9007
9.77034
10.3635
10.6819
9.90657
16.1086
9.9509
19.712
23.2638
22.4267
14.9988
14.7452
17.9531
25.7993
13.4814
12.8825
16.3476
14.0135
11.0413
14.8637
11.4739
10.9443
14.7714
11.4929
10.6698
14.6091
10.3116
11.0185
10.8592
11.3926
14.9678
21.945
21.41
19.7026
10.6753
12.5036
11.9964
9.86272
16.5382
11.4802
11.9734
25.4417
12.0727
20.726
10.5649
11.3131
14.1997
9.41877
16.0616
17.1354
20.1491
19.1017
20.2273
14.8225
11.4006
15.1419
28.6748
18.967
25.2479
14.5833
15.3895
21.4943
13.0724
26.578
30.1554
22.5259
35.2459
17.4402
16.1219
11.546
28.3542
15.491
26.0448
11.2616
20.4997
12.4238
22.7455
13.3539
26.8931
21.6739
12.0244
16.331
10.0825
30.9991
19.6743
23.8857
23.4105
13.9203
12.0655
11.4218
15.6358
11.7926
11.7044
12.4085
12.2951
17.4427
12.6937
20.3068
12.8975
16.0497
14.9857
12.908
12.1972
12.605
12.7075
12.311
12.1663
11.0325
17.4845
26.1618
14.2172
19.5209
11.1297
10.1243
15.3976
13.821
10.0492
22.9613
12.658
10.9054
28.8137
23.1593
24.6609
14.6228
12.495
23.895
12.739
11.206
11.3768
12.0645
11.6696
18.8317
10.9203
15.5461
21.7274
11.4298
11.8329
9.88118
17.6521
11.4183
13.9596
15.3962
12.9791
9.98986
13.1459
21.9666
20.1654
11.7014
11.3957
19.7688
12.31
24.6226
11.713
24.2628
13.8417
18.462
10.0478
8.618
12.1481
9.33435
11.4296
10.1084
17.2185
23.0763
18.2277
11.2937
10.6487
25.7661
12.6128
11.1997
11.0634
12.3572
26.5336
20.1977
11.8459
12.141
13.5955
14.0795
12.2356
13.3118
22.6566
15.2861
15.6457
10.652
17.2782
10.8572
21.0007
11.1569
23.7841
15.8653
18.9893
10.6386
16.7111
27.0941
14.0166
13.3996
18.7075
15.949
19.4146
12.1959
13.7939
11.0289
26.5166
15.7713
14.469
15.7496
13.2934
11.1661
14.1498
11.9457
10.749
16.6299
12.2624
11.9993
24.6315
30.9145
29.187
16.7816
19.8398
15.109
18.4846
23.1674
20.4934
22.4133
13.5442
27.0418
12.5045
19.5724
14.8918
10.0892
13.3367
18.4129
11.2158
20.4987
12.3596
11.1422
9.1687
28.2862
18.4845
21.7543
11.4497
19.593
22.2501
9.57325
18.9724
9.82402
24.0823
13.3754
22.9437
17.8271
14.4169
13.027
33.1796
26.5655
15.2296
12.5891
15.2771
11.5805
31.1563
18.4859
31.0572
24.3049
12.052
15.0047
14.1086
12.7414
12.2291
12.1737
15.6297
11.6975
11.7561
12.051
15.5275
11.4908
12.4103
13.892
11.3226
23.2519
13.7057
9.90152
9.47824
24.7135
22.2915
8.24854
11.2896
18.3326
17.4979
8.64503
24.234
15.6928
11.661
14.2279
11.0218
12.131
17.7164
12.3279
12.7469
22.2362
12.3211
11.9971
18.115
21.7268
15.5015
12.5442
8.68101
9.1078
14.6973
7.97649
10.5783
16.2184
12.5436
14.3877
16.5343
18.6596
13.8233
7.87331
14.4893
17.131
11.7086
10.5461
17.6151
10.4373
8.765
18.4132
8.42166
11.8282
9.73756
9.88085
10.0764
8.21544
9.96578
25.001
18.4574
14.5581
26.8044
12.5746
22.6628
12.7269
12.2823
10.7518
13.2776
11.7088
18.4318
11.1287
23.2842
11.9632
23.3463
24.9248
13.1443
18.1499
14.2376
15.8117
10.7044
10.8298
11.3561
24.7604
13.944
24.4945
24.9735
13.6048
12.013
11.3951
11.8397
15.1562
11.6363
29.6696
27.3516
13.7368
14.5681
14.4416
11.7933
12.4565
17.0388
21.5153
12.7123
17.4359
22.0313
11.7243
17.3458
11.517
15.2373
10.4225
25.0341
21.274
13.9621
10.3289
26.3184
17.5694
14.9941
10.5606
17.2425
16.9814
8.32369
21.979
12.6106
25.7102
14.335
8.83442
19.5081
11.3519
16.0169
12.1743
21.3872
16.7494
15.5958
16.4506
18.596
11.552
11.0757
21.376
12.2698
9.01717
17.6552
11.576
13.29
10.898
10.5197
8.06723
7.58749
9.73874
8.29427
12.1815
11.4101
24.6159
14.2868
10.3743
13.6914
9.37475
11.4113
15.667
9.13365
11.4013
9.15615
8.74859
18.8248
22.5107
11.7012
14.6299
11.4332
9.48511
19.4199
10.3467
9.52301
12.1727
15.4849
15.2233
11.9243
7.76199
15.6161
9.16352
8.89311
8.80997
12.9152
13.3353
23.3815
12.6894
9.8393
11.2554
14.7509
11.6211
12.292
12.5356
13.2364
25.4726
20.8018
26.2228
13.6795
17.9257
11.6444
11.197
11.4112
12.9035
10.0425
18.9817
10.1855
19.751
14.9359
12.8827
13.2112
28.187
25.5532
15.3227
12.1361
25.3088
14.5419
9.4807
11.4207
11.8377
23.6069
12.1788
22.6857
11.0989
19.0534
20.8786
11.6899
14.7158
10.065
9.1618
13.0817
9.15193
10.9946
19.4359
12.0905
21.3329
10.2175
17.669
10.4366
11.9612
17.3265
11.6725
19.9131
12.3554
13.2127
25.1512
20.5076
9.9805
23.9894
12.4116
25.7713
17.4847
18.9745
10.0984
13.3931
25.8115
14.194
16.4891
12.0162
22.993
13.9937
31.0398
30.9984
17.1571
13.6875
13.3908
27.3477
31.8631
15.1727
13.3615
13.5363
9.80717
17.4316
10.2944
19.0024
12.5045
9.92273
20.9745
11.6727
22.1006
12.0592
17.4243
12.0231
13.0343
15.3298
20.9775
24.2815
18.299
10.7642
13.1384
9.79356
8.34505
12.1608
9.98393
8.0706
12.9425
12.5448
9.54352
18.6185
9.88072
13.8866
12.5015
9.75364
20.3165
17.0213
11.9618
13.1021
20.5598
21.6928
24.1364
13.8924
16.8229
21.8909
11.8494
14.2834
16.5219
11.3776
18.5931
12.2894
15.2671
14.2023
11.9521
26.3601
14.8636
22.3181
13.272
20.6972
11.2106
9.97023
16.5945
13.0208
15.8336
11.5518
9.82311
9.98322
14.2585
9.86778
10.2389
16.1208
10.0725
14.5838
24.5966
12.7949
12.7193
15.9124
24.8397
21.2918
10.1314
22.8757
10.6051
13.594
17.9027
13.2318
11.2478
8.53512
19.6781
11.8295
9.72947
9.56064
9.00512
20.8528
11.4313
19.0195
13.4793
20.5262
15.9439
19.3553
15.3296
17.3481
16.3125
18.3445
12.8107
16.6261
10.1639
19.7048
23.4573
13.7608
20.078
15.1476
9.35142
7.53401
8.3409
20.1518
12.4838
20.2455
16.9511
10.2954
10.4461
11.1554
11.4389
10.2033
19.5129
12.513
19.2659
14.9926
26.4573
14.4201
19.2991
11.9706
10.6552
11.2166
9.81689
18.4847
10.1793
18.6311
14.1131
15.4824
14.8217
17.0977
18.7007
9.71422
13.243
11.6332
11.6039
18.3037
11.4385
12.7051
9.94464
9.07933
9.61265
9.05621
11.8199
7.39605
19.1342
9.691
11.2263
9.50371
7.39989
7.00255
9.54036
7.23855
18.9623
17.5139
16.3847
12.0872
8.5741
19.1658
10.0592
21.1324
17.3977
10.3442
20.0606
12.1994
20.2069
15.34
20.4174
16.8572
11.6257
17.2879
9.31663
25.5773
23.1978
24.0305
12.1052
15.5237
19.2
12.2665
8.8342
18.285
11.85
8.52531
10.5776
18.8208
8.79943
13.2139
13.891
18.4323
17.087
11.2696
17.3896
10.3622
12.3434
10.5274
12.6456
9.80623
20.0115
13.3987
12.8354
15.2856
9.19071
12.4331
18.6379
15.0034
11.472
18.5913
12.7231
23.4758
12.8969
12.3263
10.0776
8.70423
8.96091
13.3717
11.7117
8.91114
22.9603
21.0331
14.0828
10.5709
9.44304
24.6791
15.8685
9.80644
11.1072
11.416
26.3437
22.8284
26.5952
16.2951
14.7482
17.2257
15.2179
13.6028
25.3003
26.2344
18.9138
11.5325
15.6393
10.57
9.63028
14.0676
12.2237
10.6313
10.1917
13.4313
21.3112
18.2709
12.069
15.3184
11.5156
11.886
18.171
23.2144
15.3309
14.9906
14.1015
22.5046
11.026
17.5204
20.7927
18.0628
9.6502
23.8019
14.8662
9.63342
22.5879
15.4897
18.9739
21.8405
11.9113
27.3477
23.4618
16.7465
12.3115
12.1932
30.8548
13.8178
14.9247
23.5661
12.4517
29.2369
14.9719
29.8615
16.0375
12.6412
14.0416
11.8909
11.7767
11.8459
11.7542
11.8904
27.262
16.2671
13.0774
13.8464
13.3033
31.6782
14.7224
22.6749
13.6005
16.975
25.7422
19.1579
18.3306
19.9392
14.0165
23.7005
13.4189
15.8063
28.2452
26.8954
11.9937
30.0438
19.7859
14.6128
23.0534
19.9007
26.8676
17.6852
26.5647
20.54
17.3112
26.3138
13.7724
20.4644
13.7769
18.7619
12.1662
11.869
11.1014
11.2809
11.3977
18.572
11.6886
30.035
22.9588
27.5402
14.5073
11.6533
24.8206
14.9131
21.3972
21.4721
12.8106
24.0386
12.4254
34.8506
29.6481
19.9237
12.532
12.4531
31.65
14.5722
30.8593
19.8103
14.7299
11.8538
15.152
30.3708
14.9825
17.0919
11.7304
13.3367
11.2671
23.0875
11.7739
26.5912
20.8353
15.4414
26.0601
22.0859
15.2805
11.4339
18.0486
15.2735
23.8064
11.5785
21.8278
10.9139
11.4964
12.4213
10.7766
15.0731
10.5213
11.4044
16.5404
12.1057
26.2957
13.9933
11.6145
19.1363
22.1425
13.9063
13.3018
28.2604
26.4929
15.65
11.0098
9.81336
12.4196
9.91042
11.4655
9.15489
10.1513
12.3221
22.7812
13.8435
12.2315
14.6464
10.4107
9.29834
21.4038
13.0165
15.282
27.1048
16.1832
15.2537
23.4891
16.0095
29.5221
17.8399
10.4767
19.2301
10.5078
11.088
10.6693
9.65767
16.081
10.9041
10.9041
21.4612
26.4387
20.2394
13.8549
11.0967
12.0222
23.8162
16.234
9.85366
24.9223
12.0606
12.2245
24.2494
11.6702
26.1406
18.4598
22.8461
16.7812
13.868
23.1045
12.1366
12.6144
9.2572
12.4802
18.8426
10.0877
15.6113
16.1115
10.363
15.2809
19.6743
11.6844
14.3873
25.6452
14.4613
14.3406
10.9024
11.5149
24.7245
23.2673
15.5334
10.3212
11.4058
21.6391
26.1992
20.6095
28.4697
31.2277
15.1007
32.7832
15.7422
14.35
17.8275
20.7806
12.9801
15.0307
17.585
29.5312
13.759
16.0208
9.96243
10.0935
9.03451
8.45167
8.43492
8.94524
8.03631
19.7426
13.9034
14.0247
26.9868
11.8093
18.269
23.5973
28.1127
20.4602
11.7433
22.0589
12.7298
14.124
15.5609
21.1059
11.9999
9.46269
10.4428
8.50102
8.41357
20.1904
14.6006
14.4188
9.83937
10.6414
23.0545
20.2078
27.569
12.7263
20.4806
26.59
18.5752
13.0942
23.957
20.3191
12.1243
10.9565
9.63816
9.83415
10.1828
10.0589
16.7603
9.16529
21.19
10.0997
18.0065
9.67247
11.2142
10.6286
12.5361
10.9831
13.8855
13.4715
22.2806
23.7496
13.6244
26.4102
13.9401
18.9898
10.6953
12.5005
13.4098
10.8719
11.2846
11.8857
18.568
10.5921
15.4745
18.1662
23.1664
11.5623
9.74009
11.8829
26.4502
14.1396
15.089
18.0372
10.7822
11.2983
9.76855
9.72039
13.5703
24.9832
11.4306
13.382
12.9536
9.88762
11.6727
9.12871
21.1838
17.9649
20.1362
10.5412
9.77129
9.40557
10.4027
11.6794
18.9347
10.7371
16.8228
10.6266
11.9644
11.7643
16.1854
11.1878
13.6657
10.4173
22.8505
12.5204
21.5873
14.1446
12.0395
10.168
11.1678
16.0777
12.9059
23.7376
20.3695
22.6846
21.4903
9.92047
19.9498
21.5279
18.7576
11.455
26.1399
13.8586
21.8228
12.7638
12.8432
12.3562
12.4414
21.4107
11.7506
30.2835
22.376
21.5217
22.4364
23.7286
22.8588
24.3338
12.0487
30.9127
14.0827
23.8956
24.7706
14.8507
24.8286
12.7257
11.2858
12.3718
11.3543
25.3733
13.3098
24.8976
13.2971
26.6801
20.1795
22.1529
16.2051
11.7238
10.7349
22.3427
20.2731
14.8389
18.624
12.9491
17.7433
12.4039
33.6649
27.2299
19.936
11.9878
34.6242
16.769
25.748
23.3866
12.7453
25.3185
16.1406
12.711
31.4887
16.6128
26.2515
25.9769
23.3179
11.4026
10.4463
19.3076
13.5602
14.3787
16.2987
11.4229
13.8025
22.3097
11.6343
13.1083
25.4943
16.2048
23.2611
13.0244
12.7851
11.5895
26.3399
15.6287
22.1852
12.1057
11.5116
18.9557
15.3198
11.7095
13.5951
11.3662
13.7517
13.5098
21.7657
12.501
28.1561
13.046
26.0268
26.4333
11.3342
15.5872
11.7324
20.0339
12.4522
14.1426
24.9734
14.3817
25.283
15.4606
22.557
12.69
12.6242
10.7734
10.8918
21.976
12.3182
23.9266
12.9292
13.6465
12.8894
21.1684
11.4019
17.1749
15.3102
33.3424
26.3591
13.1225
12.1562
16.8008
23.162
14.2855
14.2799
28.2288
13.8205
13.4119
27.4958
21.6278
19.5837
13.1114
14.1195
29.8423
14.3473
17.0904
15.4203
21.9393
14.3705
28.7758
25.6585
25.4018
27.087
13.5209
27.1215
13.7782
18.1501
14.2677
11.5822
16.8579
11.2831
22.2078
26.6997
11.9259
12.8156
13.4703
12.4581
15.6101
15.8754
9.9273
22.9779
24.3578
17.6276
10.7289
11.0807
10.968
13.0276
17.6542
25.4981
15.4937
23.5841
19.923
14.6357
11.2115
19.5397
11.2947
11.383
11.6088
10.6871
20.5764
15.7428
15.5882
14.6514
11.2754
11.4176
13.2495
14.3915
11.0651
12.2591
21.359
31.0151
20.4767
14.2257
21.2106
12.2726
15.3453
12.1918
12.5567
24.8963
19.7725
26.9
14.0617
18.1343
11.3211
9.9241
12.7857
10.2744
18.5493
12.235
12.9449
24.2363
27.1314
27.2328
12.4856
9.83278
18.6252
10.8949
11.8545
20.2552
11.4873
13.7067
13.1577
12.2482
12.4485
10.8242
12.3551
12.8494
10.9193
12.5182
19.3314
14.7182
19.1481
11.2232
24.0965
11.5452
13.0609
13.6205
9.91514
16.0265
8.94967
13.1851
16.2275
10.3883
10.271
11.2549
9.79983
17.0761
22.7725
12.9449
18.474
10.6987
13.7641
21.941
14.4946
23.4311
22.7695
15.8332
10.7014
21.4709
11.3776
11.0002
10.9787
25.76
14.6075
26.0086
11.4503
14.0664
9.75828
20.1593
10.5077
11.2286
13.8929
27.5997
13.7232
28.2963
17.083
22.4519
11.9464
23.9533
11.4673
22.3984
9.89267
8.72918
18.5046
8.61051
11.9998
10.36
24.5251
13.6646
23.1811
22.1195
17.9273
11.6065
26.8298
14.4623
12.0282
13.1269
9.49877
12.8354
12.506
14.9769
10.6404
19.8425
11.5913
12.1723
10.7077
21.1329
10.3202
24.6407
14.6451
23.0024
11.654
15.6757
11.0005
23.1727
22.8559
12.6126
18.4329
12.345
11.897
11.9063
10.4037
13.3514
22.4852
22.5859
14.1987
17.5828
11.3288
16.3597
22.4858
10.5113
10.3103
12.2761
11.2151
14.5331
14.0046
19.0971
21.8547
17.1371
24.0331
23.933
22.8701
14.9347
14.0281
20.3153
13.1603
23.2951
12.0874
11.5561
21.353
9.90567
12.7557
15.3141
10.9539
13.2757
9.61987
11.1971
17.1919
12.3977
13.083
15.4256
11.8379
22.1552
12.8332
13.7376
17.6129
10.9342
12.5244
11.2291
11.9188
17.6709
16.3598
11.7122
9.70744
23.5546
14.5804
16.6925
11.145
16.1666
11.3882
11.939
11.2892
10.8578
12.6379
14.3601
10.4645
10.3924
12.3123
20
16.4785
17.4612