20.554
27.2121
14.0022
26.8834
13.4896
14.5506
11.3886
16.3146
11.9205
10.5953
10.8051
24.1014
23.1508
17.7505
10.9132
20.4259
13.45
28.2547
13.3626
27.7173
14.8962
32.2103
22.3466
17.8133
10.3928
11.8986
12.5021
11.0647
12.4781
30.329
13.5435
15.3463
11.4327
27.2692
12.1749
16.4444
11.5844
11.3306
15.7199
21.5338
13.6371
13.4367
14.9771
13.1471
20.4684
12.6098
14.4251
11.7772
26.1978
18.411
12.0643
25.0853
12.533
22.3975
12.1357
24.6083
14.276
10.5902
18.7442
10.6457
13.4842
26.3181
16.2302
13.2658
11.4782
14.7386
24.9712
13.5062
24.7709
21.9227
12.6343
21.6799
14.6478
22.9073
13.8069
26.7614
17.5378
11.766
25.9767
10.6249
12.6837
10.6255
18.5484
13.4879
14.0343
14.2629
23.3047
12.4086
20.186
10.824
16.1975
17.8391
11.8431
18.7298
21.0795
13.4256
14.6862
14.0288
17.2463
10.9814
15.2962
25.5332
14.5752
12.4739
18.0554
12.1169
14.6139
14.5675
10.4918
19.2217
10.5129
20.5716
22.2284
16.3408
10.3206
24.8808
12.791
12.7282
20.7683
10.6707
16.3392
11.0777
22.6477
13.541
25.8694
14.0325
10.6704
10.9316
12.823
19.2349
13.3683
12.9362
23.0184
23.0764
15.4482
10.6646
23.2401
12.8001
22.6183
11.7613
16.1767
10.653
11.5132
13.3481
13.4029
16.0842
10.448
15.3376
13.834
22.6024
10.468
22.8096
12.128
15.4529
10.0582
9.76679
11.1527
13.3773
11.2321
15.5908
10.787
12.9952
23.7178
12.0591
13.1534
13.4801
24.3951
24.7339
20.5078
14.7485
11.3965
13.9042
13.0568
24.3564
10.9717
32.7327
17.653
22.1917
11.0812
18.4045
11.7785
15.2702
11.3331
15.0283
21.0928
10.7619
14.0632
10.8088
12.9488
23.1884
10.1986
17.2404
11.4829
10.4597
23.7449
23.6693
11.0853
27.4336
21.2334
12.431
11.9747
25.7266
16.0871
11.8336
23.1493
23.8873
12.7354
16.0574
11.037
12.4733
25.011
12.7198
12.7452
11.4679
16.2265
18.3197
21.6829
21.2027
14.0291
21.1023
10.6382
15.9556
12.7148
22.2421
11.1582
11.1842
12.7846
10.2592
14.0949
12.3451
21.7683
15.0769
12.3427
19.0591
26.1107
14.7534
14.7836
10.4595
26.9597
17.1463
23.343
18.3413
19.0958
15.5604
16.3664
17.4702
16.0742
29.9399
18.992
28.7606
13.2493
25.1753
19.2337
13.5961
19.6565
25.6734
13.0186
21.4203
13.6706
24.4453
11.4923
15.8942
14.1336
11.9875
26.6194
13.5223
13.8074
12.9176
12.9357
16.8563
11.9103
21.1453
12.5969
27.84
13.7985
13.7615
27.5397
13.5033
11.9311
22.2918
12.0141
10.9169
12.6406
10.8379
15.5311
11.7722
23.0974
23.9898
13.4983
30.0462
16.4263
23.5317
13.2377
16.6261
11.0456
13.0179
18.6669
11.9715
11.2593
11.2484
18.0341
19.6861
22.501
11.8128
10.8072
12.7628
15.8969
11.2658
23.3462
12.4162
20.5612
20.6855
12.2484
14.3051
32.7237
15.4362
17.9946
12.8089
11.8606
14.1392
12.2247
13.9015
23.1585
11.7951
26.7973
12.2828
18.8988
13.0912
19.9928
12.4337
14.3582
12.2087
13.5405
11.0056
23.4859
16.7897
24.9079
15.2081
15.6551
22.0577
11.0097
16.5261
10.4213
23.8495
11.5945
13.9971
15.3072
24.8589
15.8273
20.5235
10.4707
14.6731
13.191
21.0136
10.5132
23.8694
14.4537
9.95953
24.0392
18.0615
12.3183
13.2223
12.7171
18.7413
10.992
15.9949
13.8127
12.9606
29.8037
17.9338
12.5321
12.7087
25.5544
15.0391
14.1646
22.6195
23.1605
11.9613
21.6701
12.4052
26.5922
15.0572
26.2735
14.8952
24.4446
14.1683
29.6348
28.2724
28.5639
26.5234
19.9634
13.5495
23.1884
24.6714
17.0275
12.0153
11.383
11.2969
18.1367
12.7013
28.8446
12.2098
23.9611
27.1025
18.1387
26.9579
14.6485
14.1604
11.0592
11.6457
12.718
12.0092
22.1797
11.5407
11.0707
22.3648
16.3283
14.9107
12.3632
10.8018
25.8742
29.3364
24.0411
19.5347
17.5403
11.0391
14.104
13.9752
24.7563
14.6899
12.8368
24.0904
11.6376
14.5066
11.6431
10.9871
23.8302
13.7466
18.4976
11.8381
25.1261
15.4228
14.684
12.3086
13.3381
10.6439
22.8664
27.761
13.4567
28.3841
16.4893
10.5002
10.3145
11.2846
20.8386
13.1322
21.3048
8.67552
20.0412
9.56818
16.7477
18.408
26.3694
23.9751
13.0436
27.3136
13.253
9.49156
15.153
16.6364
12.5639
20.9958
10.4936
9.61565
9.994
8.9432
11.0297
9.92775
10.3784
8.31529
17.7029
14.9762
15.4357
10.9446
22.5028
10.2063
22.0815
13.5101
10.7255
12.1856
14.3481
12.9332
26.5691
24.3035
25.878
18.0778
18.3835
12.8747
14.7572
18.7399
27.7443
14.636
26.0684
14.6363
19.268
11.7526
20.3043
25.525
13.8028
21.0143
11.9777
11.3692
11.3551
11.7357
10.0288
12.9765
20.0085
25.3861
13.1527
21.6925
10.9649
11.194
11.4681
11.4571
11.2325
13.527
12.7938
16.258
10.9843
11.1668
10.7115
20.8976
13.1324
13.5226
24.4668
14.7247
26.1327
12.8847
19.0815
12.1351
13.5785
10.6991
18.9278
11.7769
23.651
12.6784
29.2091
19.6142
11.4423
14.4149
23.4022
12.345
23.0718
13.0889
24.7558
19.5379
23.5535
18.2298
12.9781
23.6408
12.6319
17.2501
12.2454
16.259
12.6082
11.247
11.1083
12.897
13.5334
16.2263
29.6921
20.6756
10.3988
26.8738
25.0922
13.6576
21.4043
11.3706
24.328
18.1237
11.5335
10.4186
14.8199
9.37795
14.5811
11.9713
9.5889
11.2012
19.1705
14.0603
17.4641
11.4115
14.5872
13.2083
9.3373
11.3309
13.2721
12.8971
10.3598
15.5326
10.3754
26.308
26.9165
14.2714
19.1216
12.2196
13.2272
31.5447
19.0143
18.7834
25.8822
13.9184
17.2415
22.086
12.9851
11.6591
12.2708
11.5974
15.3556
22.0556
10.1746
20.8331
16.2613
28.7155
15.5052
18.9626
21.6595
12.4731
13.3454
11.1003
13.2561
11.201
21.6274
22.8036
15.4818
13.7377
20.041
12.3189
25.9177
13.018
10.2648
13.8141
19.0575
13.6551
12.7059
11.9422
13.3981
12.8822
12.7068
22.2836
14.242
24.8798
15.6548
12.5268
11.8049
12.9524
16.5651
10.9176
25.2112
16.7621
11.1564
27.6291
14.8765
28.578
27.098
25.9716
13.9975
25.6863
15.8923
11.5418
14.9475
12.4683
17.4583
25.9017
25.6613
13.5565
16.9499
12.0052
20.2539
28.7463
15.6912
26.1544
13.1812
12.519
13.2959
23.8839
12.8205
27.6783
12.7693
11.3417
25.6266
12.9463
10.2238
14.4004
9.29263
23.3343
18.7936
8.58399
12.09
16.5647
17.2107
15.5996
13.2061
9.74311
11.7589
19.5976
12.2659
26.4331
20.9062
12.1082
19.3383
23.0363
15.3094
14.3474
15.273
30.4148
15.7767
33.3075
13.0451
27.8896
15.509
12.744
11.8315
26.8122
14.4542
25.4058
20.8585
11.3214
19.5474
22.1354
19.6951
12.8413
24.5623
14.1003
17.3089
15.5337
12.1605
9.63688
19.4688
10.7802
8.13872
13.9383
14.0698
10.8981
12.7394
23.316
18.7763
21.8504
14.8635
14.4386
12.6577
12.3517
11.6379
25.4372
12.6147
25.5278
17.9241
26.4944
12.6761
15.927
23.2682
13.4716
15.521
25.6673
22.8208
20.6539
24.7614
13.817
23.4033
14.9192
18.7344
17.7222
10.9186
24.7789
12.7565
24.023
10.8463
25.0935
18.3949
24.0044
15.3094
12.8809
18.1869
11.3595
14.0617
16.0055
15.6603
10.7463
11.3877
10.1207
25.0116
12.0989
13.6506
25.0658
23.3955
22.5241
18.9994
10.6024
24.4971
11.7238
23.4942
14.3898
9.94592
25.9748
10.2296
16.9692
10.6406
30.1101
14.2969
18.1368
11.9501
14.9079
24.6964
13.8245
19.7617
10.9502
22.9271
23.7957
10.6538
18.5193
11.6253
23.8205
12.6794
25.0239
14.7337
11.8138
13.2337
10.2524
10.6632
14.9993
12.7507
23.192
27.4616
13.7984
23.8829
28.0816
14.1466
14.7473
10.2106
11.8177
18.6681
25.5453
13.937
18.0971
16.0497
11.333
13.6681
29.7899
13.9088
22.0494
10.9166
20.988
14.9608
17.5615
29.2924
16.4726
11.7301
11.4384
12.6097
10.6852
21.7529
10.5466
22.5684
12.2448
20.4022
10.5739
18.1223
25.5342
14.8361
11.3291
12.5383
28.1105
13.4354
13.1024
14.633
12.2336
11.2556
23.5805
26.807
15.068
27.9085
13.8931
15.9553
12.1149
12.4905
12.8977
10.0664
20.4229
12.3338
10.9249
15.2398
10.9038
13.2038
25.6509
19.8313
12.0852
10.9512
10.6445
30.5575
14.5199
26.4793
18.096
11.3338
11.7489
10.775
23.5775
26.9211
14.2424
13.3301
21.6735
13.0227
15.8369
11.3409
12.1936
12.5574
12.0636
11.4038
25.6513
15.8474
13.0435
19.3182
11.8971
23.7669
12.6507
12.3642
14.5636
18.2242
22.6045
18.0798
10.723
22.1899
17.5207
11.3317
15.3781
23.4368
13.2243
25.7573
16.5234
24.3253
14.6057
26.8697
10.6232
24.6483
21.2209
18.2827
13.2509
21.9263
20.6711
15.2314
13.0815
9.81695
9.81439
9.43848
10.2922
11.6674
21.6114
11.6751
15.9763
11.8988
24.4141
13.6019
10.6925
12.8512
22.021
13.7449
17.4049
11.9263
23.0621
19.5253
35.3775
11.7986
16.1619
11.9185
13.7011
15.6823
12.1294
23.3985
15.9461
11.4395
11.818
13.7789
16.3432
13.2614
26.8805
13.8088
30.4458
15.9961
11.3993
14.4134
11.7428
24.6524
23.1997
11.9816
13.9953
20.6122
13.8283
12.6195
10.9996
10.2702
16.7082
12.1105
9.82121
16.7942
12.4279
18.5273
9.51758
18.5899
9.04509
18.2826
7.58743
16.5565
9.36223
9.88685
12.7566
9.31846
9.89176
9.38866
8.70913
9.43624
12.5923
17.8225
10.8661
8.78258
12.0841
9.71465
11.1657
11.4989
7.95617
11.0756
13.6719
21.587
20.2751
21.6496
10.4448
15.4725
13.3773
12.7362
24.4658
13.4889
22.5001
26.6576
23.9306
14.4437
10.4696
29.394
12.5294
19.05
12.5207
16.1639
10.6561
13.3545
10.756
19.2952
11.4716
12.6853
18.1357
10.9116
13.3184
15.0742
18.7364
25.3581
12.2318
27.4896
12.9535
21.6683
13.0827
22.5142
14.0503
11.6862
25.5437
14.6961
10.4498
20.479
11.4539
19.8591
25.6636
13.0012
22.0836
14.5886
25.7395
14.526
10.8439
10.2163
14.371
27.0142
21.5492
12.5352
12.0724
14.5003
12.496
11.3161
12.3363
14.1752
9.97254
13.4392
9.72013
19.9499
15.4388
12.2194
15.9495
26.3041
14.0531
10.8641
10.6688
22.5401
13.5582
15.0885
27.5416
19.0458
15.3384
15.1625
10.8487
13.1168
32.1163
15.5014
14.1192
25.3035
13.5629
12.7514
10.3796
13.2186
11.9388
13.2827
12.7485
15.3619
14.7577
13.716
13.0662
10.8656
11.6553
12.0315
22.1193
14.6061
16.4212
14.7139
24.2039
20.4693
11.3257
27.8384
13.4523
12.5034
21.663
18.1247
20.7024
14.0726
25.7232
14.313
29.3418
14.7774
14.1922
16.0898
13.5619
26.139
13.22
27.926
21.8312
27.8649
12.5112
27.5352
10.1748
12.9502
13.5948
11.8315
16.7279
10.0413
14.8994
10.2507
11.84
22.8213
13.313
22.0218
20.2007
13.1124
9.82218
8.29867
21.9864
14.456
17.0711
10.3891
21.9504
10.6632
16.8731
14.7897
21.2685
11.7202
11.1605
16.9691
13.1505
11.6917
19.0532
20.5595
9.80639
17.2684
13.5423
16.2966
13.3714
13.9244
24.126
13.0204
19.9137
13.3704
35.2626
18.8469
14.3606
31.9984
17.0398
12.2633
15.1798
11.0571
21.0721
12.9177
19.3299
13.4506
20.5036
12.5359
14.3952
13.1135
15.2144
14.5951
35.5669
16.627
12.6544
14.5817
13.8632
18.3834
13.9805
12.7918
15.636
13.774
25.4761
11.799
14.4098
21.2305
14.3353
20.4428
11.8539
15.0257
14.7885
14.8026
15.7475
13.7142
20.4648
15.3649
12.2953
12.5892
19.4541
12.6132
13.8152
10.426
10.3354
21.4625
9.51869
20.5858
18.8013
11.6896
24.8854
10.5537
12.4215
26.5675
14.8534
23.0614
16.0007
15.1962
20.9699
25.4627
13.75
14.3176
18.9543
13.3142
14.457
14.9247
12.4952
24.4986
13.9292
30.5381
14.8405
13.5499
31.6464
15.9562
17.6132
15.8085
15.9413
15.875
21.0473
19.2377
15.3813
34.3642
16.353
33.5639
15.1746
24.7507
15.3851
18.7137
16.4551
22.1066
19.3224
16.1261
15.5472
17.971
17.0378
17.1729
16.8968
28.1617
16.9777
27.3147
27.5791
19.0785
33.0999
22.889
15.9724
19.9196
16.7777
27.1426
17.23
23.5381
17.1863
28.6499
30.6413
19.1686
35.4607
26.0454
21.9979
16.7578
29.3944
20.8362
29.0286
25.1947
19.9265
20.1621
19.4178
37.1629
23.2096
26.8371
24.2681
20.3814
37.1637
20.856
43.1252
19.618
22.3268
31.5193
22.5016
26.7463
19.8828
33.3939
18.9724
31.0009
19.3109
40.1737
19.1524
27.4382
35.5045
21.1743
28.7668
33.4602
29.5905
32.7556
19.523
21.2103
20.007
18.9527
34.4486
18.8179
23.2842
21.3508
20.5569
25.4759
19.303
31.9635
18.2605
18.6517
18.6555
31.5608
19.9619
40.8138
19.2017
33.7627
18.8691
34.2693
18.6358
18.5222
19.8002
34.2291
42.2374
22.8855
32.7444
16.9334
47.2161
20.1893
20.4864
26.7183
30.7642
15.6814
15.5223
22.7503
18.0779
20.9241
15.9666
14.3509
14.8509
16.7406
21.4742
14.895
18.9596
16.6428
17.8985
17.1775
17.872
18.5054
17.1821
38.4972
18.0579
17.1256
17.5923
34.2115
17.3303
29.0283
33.9614
16.9048
29.9338
32.045
17.1141
30.2806
17.7306
16.8956
20.9492
17.8239
36.851
17.0826
20.4065
24.5648
17.0741
18.9138
17.1407
16.5348
25.4542
17.7852
22.0211
29.0287
31.7996
18.5229
43.4302
24.2201
18.1772
17.0279
19.5001
36.5598
17.5466
19.9102
38.5264
18.9959
36.7053
21.8769
18.5576
18.7541
18.528
21.5267
18.9679
18.6862
18.9511
27.6862
31.7416
18.1201
18.4884
19.7956
16.5894
31.9239
18.5948
24.6483
32.9306
21.2931
29.305
20.1042
19.6058
18.4078
35.4068
18.8531
37.3815
18.5677
36.8055
18.0746
18.2498
33.4355
31.5824
18.3985
23.0538
18.3529
21.6133
37.4039
36.5416
22.0006
16.2146
28.7738
30.0133
15.528
23.7765
20.672
37.7712
16.4034
15.6724
16.4041
16.9446
37.517
24.5026
16.1771
36.0695
35.0162
24.1896
33.5905
17.538
18.4446
18.4998
17.6065
18.2018
18.2806
22.2215
18.5704
17.6212
17.8912
31.5129
17.7148
41.4458
25.0834
21.2137
32.6948
17.6974
25.4324
17.9791
18.4952
42.2695
25.2293
17.2289
18.0502
18.9644
26.2966
18.6642
27.8317
19.3533
27.3578
19.2023
18.8709
18.2526
19.0492
28.7541
35.4729
19.2035
31.0437
23.595
21.2019
17.8028
17.5919
31.034
18.5576
22.9279
18.1752
17.8872
20.7047
17.6742
17.3984
45.8123
23.4235
24.1719
18.0772
25.9771
18.1487
22.8648
17.9797
17.0177
17.6976
26.7823
34.7032
16.6956
23.3913
32.3542
22.2543
20.2083
18.7162
38.5187
24.5084
18.4963
29.9746
18.2708
20.7941
34.0732
16.9889
22.9268
34.039
16.4825
17.1221
16.7355
37.0929
26.9074
16.5373
16.5953
34.2672
32.6698
17.2082
27.4805
25.434
19.7681
25.3966
16.298
32.2565
16.4779
18.8709
29.0421
16.6344
22.8943
17.967
30.8308
15.9644
22.8921
16.362
19.0576
29.4183
32.0092
17.625
23.1883
32.6682
26.1461
16.9099
16.6948
17.9936
18.4484
19.2023
23.2363
19.7093
16.9248
27.8585
16.2806
37.5
28.5637
17.9333
17.979
23.8807
31.8372
18.3454
29.5431
17.5397
29.9048
23.0165
23.0167
18.5877
31.7901
17.5413
19.5463
30.9954
17.6037
19.3181
18.9882
17.9026
16.9514
17.8796
16.5341
17.1306
17.3493
16.8347
22.3389
37.7209
19.1165
26.2971
15.7678
15.678
27.9495
20.862
15.8429
27.2909
15.3777
27.6373
15.6318
19.4422
15.3221
16.4899
15.916
17.8666
16.1706
16.2776
29.5317
15.9602
19.153
17.8995
40.5443
17.7728
23.7417
17.2342
15.6122
28.2246
16.1917
20.3133
33.7615
33.6766
18.2045
28.5896
16.979
21.7398
17.0054
15.7367
27.9646
18.4252
27.7607
15.3025
28.7899
31.8977
19.2317
16.6207
24.0819
15.228
20.4101
28.3102
15.8873
31.9949
25.2762
25.4022
20.5028
16.167
15.1836
14.4198
14.836
15.1822
16.2678
26.1809
29.7034
27.7008
16.9129
34.5449
25.0672
27.1444
16.1136
29.7827
16.044
18.7303
15.7399
21.3799
15.8099
15.7423
31.0653
15.3709
33.8214
15.6484
36.6787
36.6165
23.7448
28.4052
18.3065
25.4967
16.8668
27.665
24.8181
23.6446
32.5909
16.8873
16.2952
15.8242
33.8646
25.669
22.1193
30.7585
25.9904
28.3242
15.4612
24.151
15.596
18.1843
16.2673
15.2908
23.358
15.1535
16.2037
31.7012
37.1895
15.8085
23.9539
14.6129
16.1072
21.6562
14.8852
30.5788
17.0404
15.0796
15.2964
20.273
15.2151
15.4643
15.4774
28.5444
21.8404
15.2226
15.1136
18.5729
20.8342
14.9168
28.9258
30.2939
14.1111
29.539
15.1797
22.796
18.423
20.9575
31.2416
15.7591
28.2006
17.3896
24.8599
16.6407
21.9682
20.2873
15.5745
35.7476
16.7657
26.9784
15.5334
14.631
20.6379
15.3507
20.5744
14.9928
33.3215
17.4072
15.9462
32.7924
33.4676
16.3272
24.3201
15.1298
23.9021
14.8323
15.113
16.0047
15.5593
26.6469
15.9474
15.5619
15.1186
22.919
15.5892
16.1438
20.115
15.4519
18.1704
15.4735
21.7167
14.8608
15.224
15.6795
16.8159
16.9102
15.703
21.2011
15.6142
30.4317
30.4535
32.1152
31.9875
16.657
32.348
31.7899
22.163
22.0076
16.0551
24.8158
16.7081
27.3811
17.6018
23.5285
23.168
17.1542
19.9468
26.9114
17.3755
27.2066
17.7955
24.5013
27.9155
23.6237
30.8653
23.0135
20.5128
15.9607
17.2618
23.2579
22.6527
39.9
21.3728
41.0001
29.6444
18.1078
31.3057
18.8558
23.8419
30.9544
23.1001
16.5228
16.7888
16.4145
16.6663
17.6698
19.7547
17.845
28.3472
36.1798
17.2104
34.6882
35.1852
17.5936
16.2492
16.0558
20.4546
27.5544
18.6983
21.1244
16.3194
17.0081
15.9991
15.9514
34.6866
15.9422
22.3466
20.4649
16.726
16.1314
25.0142
15.7422
18.1563
16.3725
16.6902
19.1545
23.6789
16.2594
15.8986
16.3517
16.4995
23.2313
25.7965
17.0816
18.617
16.3558
17.909
16.0451
32.6371
16.1361
32.9583
16.9435
35.9174
44.9183
25.0605
22.5238
14.1251
15.3961
14.3938
16.2141
31.8473
14.6318
38.2252
29.5274
17.4743
33.0424
21.4553
23.8804
16.0162
18.2633
25.5044
15.613
38.9479
16.3996
16.0479
14.8458
15.7104
14.6121
22.4035
18.9617
27.7522
14.7752
24.8581
14.4476
30.0953
15.7349
23.0749
14.9477
14.843
15.1077
37.8616
17.7003
29.7408
15.4448
27.358
15.1502
21.622
16.2478
15.0123
33.8654
16.2756
17.3488
27.2459
18.0071
14.2237
13.5789
14.2699
14.7628
14.914
15.1502
14.5152
14.6888
22.6305
14.5651
28.2271
14.4463
24.6267
14.1897
36.7598
27.8634
16.063
22.6631
33.8338
24.8881
16.9942
15.2334
14.8175
19.7737
32.8917
16.6813
34.586
19.5258
15.2816
18.8175
30.451
39.2475
29.5779
17.4968
33.6276
20.9122
17.4957
16.561
15.4668
27.2382
16.0574
28.8553
40.6281
17.4389
23.6393
14.2729
27.0876
16.9434
32.6787
15.6265
29.2579
14.6634
30.0505
15.8529
13.8408
17.0268
17.5798
15.1391
14.9739
20.936
14.8967
26.1438
16.6398
20.2439
32.4967
15.5136
25.576
15.7098
33.6315
24.9565
19.665
15.1396
17.9839
23.4501
15.3652
27.7961
16.1094
20.9272
26.5789
15.1286
17.1799
14.6919
27.1774
16.7476
29.7168
14.5473
24.9532
16.1036
31.9747
14.7891
20.7626
15.6558
23.2108
15.4223
14.3773
26.8331
14.7331
25.5386
14.4096
15.0482
14.542
28.2856
14.6422
29.5445
16.1441
14.2972
33.0689
14.8426
19.9569
14.9162
26.4255
14.5079
37.6957
17.0971
36.5745
18.1792
18.4492
25.0597
25.3248
15.4365
25.2417
18.4376
16.2546
14.2717
14.8168
19.7759
14.9198
29.7673
15.55
20.8144
23.391
14.4689
16.8031
30.0226
20.7125
25.7687
15.0436
25.1483
12.7416
25.051
12.8051
24.1718
12.6537
23.1244
11.7878
14.579
12.8293
12.2301
15.4386
11.7127
11.814
11.8978
25.1563
26.6528
21.4703
12.4406
14.4986
15.0761
27.5489
15.436
25.5225
19.7346
12.664
16.1701
12.1854
27.8459
32.2339
15.1472
14.8704
28.5641
20.5259
27.8105
31.3746
15.1249
30.0569
21.3028
15.5411
18.9645
29.0396
16.3565
18.7261
12.6167
13.3758
31.0377
15.522
24.8064
13.5745
24.9814
13.9
27.9731
16.0416
17.2832
17.0989
25.0251
23.9152
14.2948
27.8118
13.8851
13.8772
13.1544
13.3413
12.2628
24.7253
12.3126
14.9161
12.8978
12.8993
21.2021
12.1344
15.197
13.405
13.564
13.2783
12.7305
13.2524
18.7812
13.1762
15.0437
13.5437
19.2915
14.3353
22.2336
13.3318
15.3951
13.747
13.2741
30.2335
15.5699
27.6551
14.7534
24.758
13.322
37.8521
22.5274
24.9028
23.073
31.0336
15.8485
17.2049
13.8635
19.4263
14.24
17.3557
23.7419
21.5893
14.3766
14.249
14.3666
20.4883
16.5334
25.7464
20.7476
13.907
14.5863
14.5554
14.6297
16.4643
24.818
15.6158
17.5615
33.2516
27.9908
17.7151
19.896
37.9508
16.4488
16.4278
14.3406
23.0527
24.5849
23.3103
22.0247
14.3141
34.0117
16.5415
31.5987
16.1926
16.7334
17.0622
14.8657
13.7559
14.6056
17.0739
15.6962
22.9176
30.3967
41.8129
25.9641
24.2173
18.4751
14.2468
14.7353
31.8817
14.9056
13.5389
25.3066
15.0471
17.7527
17.7982
23.4157
18.5802
23.9315
15.8061
32.3558
22.4156
14.4666
13.184
14.2758
14.2851
14.036
29.4546
18.8199
14.0015
14.2517
13.5911
13.9001
13.9624
13.6279
26.7408
15.1454
33.0771
17.3026
18.7971
15.2683
32.6171
16.9591
30.8272
16.1017
14.5117
14.2132
15.9755
22.3534
17.271
39.4491
17.0713
16.4926
14.438
15.0285
30.5011
23.0164
13.8993
13.7215
26.6099
19.2371
31.5095
24.14
21.5729
13.9262
15.6782
13.8168
14.2131
24.9454
16.4739
38.5102
17.446
14.3259
15.0647
13.3242
13.9198
13.6167
14.2798
13.5837
14.7524
15.4642
13.0909
14.4107
23.2707
14.702
29.3205
13.929
18.9582
13.0644
13.3701
26.5414
14.7657
23.9677
18.4768
13.2499
12.8302
13.5746
23.5047
13.7416
30.6294
14.42
13.1957
15.844
15.1329
23.034
13.992
23.6935
30.6294
14.921
12.3815
13.3978
18.3046
14.5263
21.5098
13.9628
26.0164
27.8924
17.3442
24.984
15.0818
31.9395
27.633
26.2981
18.6237
19.4282
28.8426
18.0889
16.7567
15.9685
15.3257
13.3217
13.1689
26.9205
17.3507
23.9446
13.4153
29.0024
18.3517
28.7765
13.3271
14.1709
13.3131
13.4221
29.5658
14.417
27.5393
17.1738
12.8822
19.0723
13.1148
26.034
30.1121
18.6199
28.5133
16.532
15.8344
22.1502
13.7377
13.8611
13.3274
12.9643
13.5524
13.694
13.2219
22.4947
28.538
27.0597
18.7072
20.8177
14.3234
13.8067
13.5446
14.2634
32.7525
16.912
15.8198
27.7251
16.4394
28.9431
15.2066
15.6996
14.7566
19.8055
21.8606
14.7306
14.1987
15.0231
39.886
18.1139
18.0406
14.6022
17.4526
37.4574
17.6181
32.7148
21.6116
15.3858
31.6903
17.0583
41.4011
20.128
32.26
42.0182
26.6529
16.9339
16.1233
36.275
25.8013
21.9335
28.0089
28.8248
18.9124
20.5533
15.7644
15.9818
20.2154
19.0911
16.7383
16.5803
16.208
15.5487
26.1208
16.0651
21.8937
16.2973
15.9451
16.0145
16.5893
26.4726
16.236
21.1686
16.0881
35.0918
18.9324
16.303
16.3182
17.0054
16.2107
32.4648
16.256
34.0371
39.5685
19.3962
33.1613
21.8868
16.1595
16.6643
19.8471
15.9719
29.8991
16.1541
35.6394
30.0385
17.7585
22.3534
17.1564
21.841
15.6999
16.6729
25.5432
17.5498
16.2317
31.5061
16.2123
17.2152
35.1805
25.5679
15.4756
16.0049
25.4353
17.8138
16.0919
16.9005
28.9455
16.0259
27.7353
15.9115
30.0204
16.3415
22.3993
38.601
17.1402
18.4689
16.3565
16.1903
33.7348
18.8105
15.8277
16.3781
19.8514
16.5118
31.5368
19.2643
15.5761
15.0323
29.5031
16.4779
22.7939
16.7781
18.398
15.6203
28.7778
16.8717
16.7824
15.7387
16.4353
15.826
33.9325
15.2238
27.1203
23.4555
16.2324
15.1674
16.8249
15.0501
27.5955
15.4216
20.4422
16.3323
15.7637
34.459
16.1546
29.6225
22.3099
16.0656
18.0766
14.7792
35.2518
15.8081
17.4146
14.8196
18.7089
25.0109
15.351
20.2803
15.0145
15.1121
16.9695
14.8662
23.5237
22.018
15.5565
26.8977
16.1726
22.0513
15.4212
25.0297
33.8334
16.0586
31.0752
16.3406
21.2228
35.4083
15.8808
35.347
16.8721
35.0237
15.3543
21.3714
14.9871
14.5609
32.1809
20.4968
25.691
14.4155
17.3896
18.8804
23.929
26.125
14.2426
16.9034
13.8374
17.0047
14.2782
17.7647
16.3269
37.5766
22.1244
15.0704
30.2107
14.4005
16.4573
14.1665
13.8151
14.7961
14.6077
15.0702
18.4937
14.5574
17.1583
16.772
14.8962
27.784
15.0755
29.5306
18.1912
13.7591
22.4559
19.093
16.8677
18.9092
15.9176
14.3747
24.7513
14.5683
29.6425
15.7486
15.2096
14.1821
14.4127
28.4312
15.1392
30.6016
15.5444
26.3556
15.3003
16.3192
26.4001
14.9223
16.1985
17.7188
16.7663
33.6758
17.9213
25.8283
15.8914
21.7715
26.2913
25.8498
15.6885
15.6944
31.5886
15.6866
28.4069
33.5871
16.3932
19.8082
15.68
27.9991
15.7397
18.565
15.6135
19.1582
30.7789
17.6574
35.5234
20.6905
24.5042
23.3558
15.6977
16.3079
25.9427
16.2735
14.9927
17.1202
18.0226
15.6539
19.653
38.4634
30.4093
16.9355
27.5223
17.8145
38.861
37.1713
16.3121
30.7074
29.2624
24.7205
16.0317
22.2516
16.2603
16.9169
35.7458
17.3897
24.168
17.7251
39.5388
19.3211
22.9593
15.5501
34.4363
16.6821
18.5317
15.7626
32.3207
21.5518
16.3328
21.4822
16.9123
15.8679
29.5468
15.7645
17.6116
24.2222
15.3862
20.1706
15.8719
28.0448
15.1533
17.9003
15.9009
17.558
22.4784
18.6056
16.025
15.4032
14.9617
16.0403
29.726
17.4373
39.9226
22.4576
18.2384
18.757
15.8563
22.6572
19.6277
29.4
16.2496
15.4869
17.081
15.3676
16.2711
16.0248
15.133
15.1782
24.3677
15.7022
15.5031
23.442
15.9221
17.4207
16.9339
17.0241
15.7534
24.4099
16.4414
20.7733
15.5587
32.3286
16.0257
15.7162
15.213
15.598
15.5895
21.1525
15.1737
30.0266
16.0949
20.4968
15.3694
19.2097
15.1964
19.0335
15.7435
32.4471
31.4075
18.1326
20.4654
15.3329
15.3259
17.8387
37.336
19.0218
37.8645
17.7017
17.2187
21.6962
16.1404
42.2923
25.1888
29.9457
21.5783
17.517
32.135
36.262
17.7693
16.2423
29.0777
15.3579
43.7982
33.5418
31.9449
16.4392
21.7892
16.3201
37.2499
18.3434
16.8346
16.5108
19.1663
28.4976
19.3197
19.9572
16.6483
29.9089
16.8693
24.5839
17.2102
17.2763
23.573
16.1852
34.5992
16.8264
24.0835
31.3857
30.5674
20.0726
16.8908
25.5407
18.424
22.5008
38.5347
18.5828
19.2398
15.162
19.7239
16.447
16.8794
18.8411
22.2657
22.7454
17.5371
20.2219
16.0771
31.6851
16.432
19.1543
16.0386
30.7699
16.7878
17.6198
18.2242
39.4496
18.8032
40.75
23.2353
18.9501
17.3127
26.894
16.6653
17.6206
17.9622
15.4815
15.7593
21.9628
15.2259
37.0456
15.5871
21.6347
15.4342
17.0101
15.5904
23.7061
20.3871
15.1343
16.0024
27.7399
22.1325
32.9847
32.5196
25.7537
19.527
17.384
18.8985
15.6995
16.0315
15.8763
36.2537
18.9961
17.1539
17.1713
15.7698
18.0615
15.6477
14.7769
15.9392
15.5528
16.0268
16.809
25.0872
15.1396
26.0833
15.5798
25.0406
14.1443
32.622
20.664
15.2684
17.2617
14.9675
20.6425
14.8145
19.8107
28.3282
20.3781
31.6151
25.9008
17.3374
14.9034
14.9849
14.7356
29.8948
24.6296
14.2808
23.2212
14.1708
14.8514
17.8451
36.7938
25.9918
17.0816
19.8266
16.8579
16.1722
14.9815
15.5252
15.7741
15.7055
14.7975
18.6914
15.5833
20.4486
16.3227
27.8339
17.3958
40.562
23.6856
16.8295
17.598
14.6484
16.1585
15.216
15.9004
25.7495
15.7113
16.3029
15.4493
26.8145
17.7907
29.3445
15.7195
18.5694
16.2479
15.4319
16.5447
15.5194
24.885
15.7245
15.3671
17.305
14.9334
27.9074
16.9376
18.1939
24.14
16.3075
23.2526
15.1915
19.4691
22.2331
23.5664
14.6329
22.0172
14.5048
18.7662
15.5429
25.9896
16.004
21.88
14.6456
40.009
24.0812
16.6087
14.1899
26.7146
14.9034
30.6886
16.4482
34.7995
17.5005
26.0399
14.8485
24.1189
14.0104
15.3061
33.9753
15.7513
29.4244
32.0438
30.0246
16.68
13.8927
17.3298
14.0369
14.1824
14.3497
20.8228
14.3379
26.0645
14.3712
32.5784
20.3606
18.7147
20.4639
24.726
14.9707
19.7801
14.4897
14.1811
31.1504
16.7931
38.1204
16.3862
24.3555
18.1349
19.6878
22.0291
14.4275
23.1934
14.4041
20.968
14.07
14.532
28.5627
14.3187
29.6981
14.7809
14.3726
14.5771
14.7055
25.7143
14.5145
25.042
30.4132
15.755
19.654
14.5661
16.4072
14.8761
15.398
14.795
15.918
14.6576
14.6897
14.177
25.1588
29.4444
40.5395
20.8134
14.7385
25.9123
21.5394
15.104
19.6234
14.5148
14.0934
14.9017
15.6369
14.6697
15.3786
36.2523
16.3223
26.9442
14.8098
14.7253
15.5277
14.8113
34.3423
16.2928
16.1866
17.1776
25.7804
29.2986
16.4095
21.6314
15.529
24.8352
20.946
14.5552
14.4652
40.1636
17.8758
16.9574
15.1192
32.1391
17.2379
21.7049
15.9547
14.7032
14.6159
14.6406
14.2426
14.3497
22.9465
14.3903
21.7426
14.6595
22.873
14.2933
29.9077
16.0877
26.7897
30.9913
28.9982
19.1294
17.4074
23.4248
14.871
14.6377
14.2217
22.8912
15.2961
15.8792
27.9806
14.8336
16.2429
15.1575
15.1405
15.0838
14.6811
27.3088
36.9074
17.1011
17.1628
20.8211
19.5469
14.6808
14.8239
22.7444
14.7627
25.3388
14.5804
20.6097
14.2645
17.4863
14.5899
15.47
14.8164
14.4134
20.4165
14.328
30.8601
21.3756
14.6525
14.7585
15.216
15.6152
15.1592
15.3965
20.7193
15.548
15.7722
22.0503
19.4568
14.0906
18.947
31.7978
16.5802
16.6315
32.0754
15.7007
40.4274
20.7805
33.6429
15.6669
17.3473
34.4927
16.1769
27.1103
14.8172
19.8512
17.6789
36.4809
17.9898
28.5478
15.4901
25.4278
14.8037
19.2244
17.6092
20.7703
14.2105
31.6737
15.6664
20.0138
19.7677
14.4427
14.3797
24.7699
17.8169
14.8344
29.9128
14.8979
16.7684
15.0884
14.8505
14.1609
32.4429
16.3029
31.5017
17.1417
13.8909
31.6457
16.4152
32.3724
20.5018
15.5367
14.0454
32.0184
15.8929
25.2177
14.1083
30.9456
20.3585
14.882
15.1854
29.1674
15.4484
17.5455
17.2629
19.7182
15.9427
14.6537
16.2101
15.0806
15.8207
15.4479
31.5816
36.7962
18.1097
33.9096
23.4959
15.9266
15.4471
26.6475
30.287
24.9818
20.4388
15.389
25.1696
15.1092
33.428
16.1278
33.654
22.9482
16.0087
15.246
16.0685
20.3496
25.2623
19.2915
15.1669
38.2891
37.2451
25.0624
14.9057
28.9882
19.6903
14.943
14.8476
19.2182
16.5568
14.7623
36.8639
23.6356
31.6937
16.5796
27.7799
15.1828
29.077
32.8215
15.7435
19.1895
17.4473
14.6739
14.936
25.5299
15.3883
14.9654
18.7905
21.9344
15.0905
17.5362
33.5152
31.7476
16.195
20.0105
17.3841
16.0074
29.735
15.966
26.0023
30.8746
16.1248
15.843
15.6988
16.1891
15.8122
19.8357
21.6828
14.6152
31.1179
31.4067
16.2239
14.3517
15.7512
31.0764
23.356
14.461
31.0087
19.7347
14.7684
25.505
14.0906
35.2898
20.9627
16.7496
17.3136
13.8171
29.5247
14.9778
15.3306
20.0883
12.269
12.6496
12.4541
19.8456
12.9583
17.7363
12.928
20.1922
29.228
21.1039
14.3633
13.8756
12.4814
27.5575
13.071
27.6444
13.5428
16.9258
12.5704
20.4065
18.7219
25.4091
18.9994
29.5699
15.7961
22.5565
21.1915
19.5505
16.5528
12.0438
22.4179
12.1896
25.1807
12.6061
11.0956
15.8975
12.0598
26.9694
14.2502
11.6957
24.9965
13.4343
12.3379
28.1752
13.1933
13.8533
13.0358
30.0898
14.5205
28.6112
17.0771
11.861
29.6788
26.5165
13.3612
22.6344
16.7495
13.0171
37.4795
21.8523
15.5409
14.4359
14.0729
13.3015
12.8986
13.6375
15.3564
13.6377
20.4337
14.3154
14.689
12.7805
14.534
13.2269
14.2305
27.149
27.0978
16.206
17.295
13.2702
17.0263
13.8378
13.4726
26.6468
23.7644
17.4817
15.1031
12.9753
18.0049
13.8171
12.2409
12.7204
12.7936
25.0793
13.2955
26.1738
28.8482
16.7889
23.9674
12.9699
23.8508
12.8383
28.0216
18.999
13.9057
23.7372
13.1588
21.5619
14.2937
17.2416
12.6335
28.2285
27.4579
28.7454
13.991
27.0658
15.0624
22.6926
12.8866
24.4985
12.9316
22.6572
12.6332
22.1798
14.201
15.5071
12.177
14.9514
12.5111
13.8706
12.8267
12.5771
14.9451
13.0776
27.5591
21.7919
27.5818
15.2848
16.2923
15.9086
16.9939
12.906
15.073
12.5451
14.3773
23.7683
13.4585
20.351
13.6052
13.4899
30.4181
24.6807
23.8972
13.798
17.1537
30.6089
14.5982
27.4543
25.2083
20.0593
26.5434
14.6803
20.531
15.1239
27.6434
21.58
13.3884
25.6857
14.1089
26.2531
18.6348
28.5127
15.216
16.9732
12.5178
26.6041
14.4575
19.6141
18.2819
13.1854
12.4947
12.2028
12.0302
12.2622
12.8196
16.2254
13.3112
18.9712
20.2783
14.2395
17.7765
14.0674
12.6437
15.7271
12.656
37.1128
16.3989
34.5627
24.7964
13.9586
15.5465
14.9374
12.3723
21.7345
14.1122
12.8094
18.8133
17.5725
18.6818
14.8209
30.3085
14.8923
13.9523
12.8855
30.9196
15.2043
29.9509
33.1319
15.7741
15.8894
12.3181
15.1523
17.446
12.9178
12.8795
13.8575
31.0844
33.1432
29.4418
15.4993
26.5243
33.1804
23.0241
17.5907
14.3284
13.761
29.0588
15.1703
25.0455
29.6341
25.838
14.012
31.4812
15.3487
37.8655
25.4273
16.9732
14.4989
13.9655
14.691
15.6805
14.8843
20.5853
15.0945
35.9085
28.5727
16.2115
16.3324
16.5815
24.0631
24.449
42.9169
26.414
19.9742
19.9857
29.7024
25.7767
19.036
19.9851
19.9434
36.4191
20.4769
44.4513
23.7336
19.4002
19.1385
49.5418
25.7957
23.0677
20.4652
19.0542
46.6208
23.6114
23.5689
19.6413
37.2415
19.4754
18.0201
37.6848
19.0107
21.471
22.8546
18.853
27.8779
19.6776
35.2127
19.7886
39.6214
17.8751
25.2744
18.7075
26.0158
19.7265
31.1534
20.4461
38.6865
30.2361
20.3226
19.6424
23.8384
28.3282
21.1836
19.5398
37.4945
33.2934
21.2706
38.7754
20.6873
32.2028
20.2645
23.3172
19.6744
19.984
21.6841
36.5625
20.0987
19.7401
26.057
21.995
24.9072
20.3072
20.345
21.3768
20.8453
37.8187
45.2129
20.9298
31.9761
21.9899
21.1125
20.3267
21.1145
48.9256
20.0173
23.6611
20.8898
33.3505
21.2731
20.9596
22.5993
21.896
20.1203
21.8508
20.3935
20.9787
31.7731
21.6869
20.8787
36.9355
20.6704
20.9331
21.5415
20.7361
22.3575
20.7491
21.0996
20.698
21.729
20.3195
20.0085
40.6772
21.0623
44.2455
51.5753
22.3939
36.6101
21.1164
23.5042
23.1588
27.5862
21.7095
46.079
27.0124
38.1715
25.217
22.2321
20.6884
26.1799
22.3219
21.8504
20.1691
22.9865
23.5682
22.4426
20.6472
21.2604
43.4196
40.796
21.3601
21.9186
38.3634
34.4944
37.4805
24.8573
24.3636
21.2385
20.9639
22.211
36.4808
46.7607
35.7473
19.6471
43.1013
23.3121
35.7004
21.0576
25.0839
25.9339
30.2072
24.9196
20.9332
21.8025
49.7396
30.2276
27.6077
46.3048
21.3967
20.5076
20.705
23.0355
22.1815
33.064
21.1683
36.4726
21.8283
22.0148
26.2535
21.5309
22.5985
20.4091
35.3447
20.4807
23.423
22.4133
22.2117
21.1645
20.7538
36.3703
45.7768
27.8829
21.6538
19.5846
20.6293
19.6229
32.9266
20.4249
19.9672
45.107
49.7536
22.6022
23.7743
19.4535
22.5062
20.3609
19.4824
23.3167
20.8889
19.469
22.9962
20.1474
23.7887
19.3408
19.4538
20.6515
25.5778
25.7549
41.0604
20.1322
23.2272
19.0453
37.3404
24.1982
35.5772
23.4206
20.7051
18.7513
30.8274
18.0715
19.2302
21.3354
33.5832
19.2464
34.3482
25.3267
19.9328
19.9928
19.9686
19.3707
18.8482
19.3373
37.1071
19.9706
34.999
20.9033
20.7018
22.447
23.9546
20.6128
38.2942
19.0231
31.125
17.9043
22.5725
26.6603
27.5074
20.3587
18.8424
22.2066
20.0126
21.7982
26.6494
18.7641
31.6367
19.7232
18.9043
41.2195
19.4949
37.2248
19.8282
26.8533
25.7886
36.2161
18.7012
18.9095
32.0716
43.1811
21.7001
23.0768
30.6212
27.1891
24.9729
28.3304
20.7313
17.9944
18.4174
18.0718
18.7395
35.8564
18.9492
31.043
28.0429
20.5767
31.8477
30.3793
19.8294
20.3571
19.4071
28.5067
20.741
20.229
20.3852
20.6758
39.9585
42.1081
20.5703
36.3635
23.4514
21.0345
21.7615
21.2109
34.4038
22.1543
23.8711
39.0247
27.8899
35.9334
23.7489
21.5928
20.9726
38.7156
29.1934
35.4147
20.9641
26.4203
20.4394
24.2377
21.1687
36.3121
20.492
32.9912
20.373
25.6245
19.8626
20.4285
21.1707
32.3393
19.3485
18.9675
20.0616
22.8379
18.2481
21.7601
20.2542
36.1717
19.0261
19.9791
19.2362
19.1858
45.7423
21.0543
25.107
37.7705
19.1993
19.4158
26.7901
23.2513
22.7715
22.8389
28.5548
19.1894
18.8729
18.5827
19.8655
28.5477
19.1791
19.8698
25.1272
19.1445
19.3372
17.8119
27.5596
18.1136
21.922
20.8372
18.3895
22.3735
22.1446
20.2402
17.9434
18.1166
18.1497
35.8317
20.3124
18.9743
17.8434
48.7875
23.0541
35.3233
17.8451
45.8523
20.1128
18.6775
22.9693
38.6428
37.7607
18.2484
36.9268
19.4427
18.975
17.9014
20.5263
18.5818
19.6323
17.5683
30.6685
18.538
19.7631
50.083
27.047
19.726
22.5604
19.3421
48.216
21.0394
37.9556
19.0359
23.2495
25.5472
20.1193
43.2027
22.8725
25.2389
21.3103
22.1449
19.6165
18.8522
18.9437
20.5781
21.5761
19.8039
18.8558
18.3372
18.766
17.888
19.7967
25.286
38.6232
22.9598
31.4982
20.9792
29.9143
19.5963
33.749
19.1074
31.4022
19.1224
22.401
22.6717
19.1106
39.3596
24.6809
19.5314
36.6667
24.7929
20.5734
34.052
25.2332
22.5485
18.6908
37.9926
26.8812
22.6594
20.4057
20.4591
26.8708
19.6215
25.3079
21.0677
32.1817
24.0532
19.9681
19.1877
19.2201
35.631
21.1953
26.171
34.3813
19.5484
40.7634
19.9844
28.2836
18.7402
20.0045
20.8395
20.104
20.607
34.666
19.3866
34.287
28.5246
39.5948
20.3152
30.5674
21.4261
21.8624
18.2369
35.0724
18.6426
32.6171
18.6221
35.4314
19.1529
37.9015
25.8686
19.1585
22.3347
20.4051
19.7136
19.6686
19.9973
38.6465
19.3887
20.2242
47.452
18.6048
46.4111
27.7541
31.8883
18.8923
26.4151
19.36
24.196
18.4033
19.8273
25.6756
21.5505
26.6273
20.3688
36.803
20.217
19.0449
19.5305
20.7034
35.1307
33.5748
18.5942
36.9396
18.7326
20.0636
18.9868
18.7553
19.2445
21.3037
18.2198
25.5257
26.2694
18.8734
34.3619
47.3081
23.4931
29.7681
40.071
19.5369
22.5963
19.1721
18.4754
31.1746
18.7009
19.5859
43.6479
19.1117
20.9964
19.7789
17.2622
17.9786
17.9685
18.362
19.8569
20.0928
18.2283
31.6513
28.4092
21.2535
18.4348
18.3415
18.5458
18.4086
18.947
18.0752
18.7027
20.0839
18.7556
18.556
19.6829
28.9557
18.4953
20.4389
20.9096
18.7653
18.0858
26.3626
42.689
20.727
23.702
30.546
19.3685
23.8815
30.3726
18.4246
36.2275
19.926
22.1138
19.0447
19.6928
28.4592
34.3876
18.6737
34.9114
29.1123
25.6379
19.3047
31.0813
20.9012
32.8773
21.1534
18.9572
19.39
19.4195
36.2201
21.5144
19.4339
47.6783
25.4501
24.7717
20.0505
32.7866
31.5688
19.6384
22.4202
28.4322
19.2729
38.9083
19.4526
37.4967
19.1227
30.8089
18.0569
28.1222
18.2465
18.1717
17.9141
44.4487
20.5581
37.3548
34.6668
17.5738
19.7945
18.6753
22.2952
17.815
26.5282
18.3009
18.4403
29.1223
18.8367
18.1886
18.7996
31.7258
18.4475
25.8357
28.1621
18.9898
18.5614
19.107
18.1459
19.7481
20.2143
32.9098
18.3875
25.4675
22.0283
19.1074
19.1775
18.9405
19.8013
18.7562
38.4948
25.6576
23.9077
27.6923
19.5381
35.3994
18.0653
47.8945
20.4891
26.786
19.3445
30.355
33.5094
18.8185
30.8013
19.733
27.3715
31.0759
21.6593
17.9696
17.9987
19.9096
16.9445
36.4905
22.6629
23.5477
18.0396
19.5142
17.54
18.3026
19.9189
35.4056
19.8375
35.8057
38.7478
18.7647
22.8044
37.2853
18.5257
36.5392
19.4148
19.0351
36.3641
28.0263
19.5564
30.575
19.8308
18.8925
19.8383
34.6038
18.5317
29.502
20.0048
32.0888
36.4953
21.0019
19.8839
18.5391
27.5192
19.0187
18.9689
23.1111
21.6282
18.6198
20.6135
18.8843
35.3779
19.5135
29.5715
23.0413
20.8645
43.636
24.1781
19.4517
18.9618
47.0173
32.6615
36.615
32.034
19.358
19.1756
38.4154
18.1292
46.6225
27.3279
23.3696
19.8136
20.7295
18.3553
46.5792
30.5801
32.0877
18.4841
23.1391
25.2265
36.693
21.1667
18.9699
18.3277
19.159
18.8911
22.4989
26.1345
19.0924
42.5162
18.5808
25.7569
19.2763
19.028
39.2903
27.6989
20.1164
30.4066
19.7799
21.5145
20.9858
20.5692
36.9138
38.4588
33.9074
20.5792
26.2871
19.8293
39.6498
21.2751
22.0407
35.5056
43.4148
20.949
18.5713
18.499
18.4085
20.8894
33.7506
18.0447
34.3423
18.0666
27.3316
18.2796
23.7805
17.6539
19.2051
33.6459
19.1253
42.5421
22.5534
23.2363
17.3359
25.1523
23.2331
31.3341
25.817
33.5652
19.754
21.1089
19.9524
36.4537
33.5667
19.8308
23.0691
23.1581
19.6098
18.6979
21.6081
20.5684
40.6953
18.0618
22.6688
17.7459
17.8307
17.7249
35.1067
18.0395
17.9663
18.4319
23.0145
19.2076
18.4048
31.0695
24.2692
18.9642
20.8727
17.8243
17.4026
31.7641
17.8121
37.0775
18.4195
25.7728
18.6751
17.6813
38.509
19.4303
29.628
37.0025
18.3291
23.5051
24.0967
19.3817
19.1339
18.7837
40.6337
18.3663
52.4158
16.6801
17.5251
35.555
17.7897
36.5709
27.6928
31.2353
19.0323
18.7725
18.297
42.2885
19.0731
18.6948
17.8636
20.5526
20.276
32.5787
19.2763
17.9188
19.5131
21.3881
18.161
19.6988
18.3422
23.0416
18.8645
18.2055
35.3372
33.2205
18.123
22.8433
18.8212
38.2514
25.0659
34.0747
17.3092
28.4805
18.1586
25.161
35.26
19.1506
36.6644
18.9265
30.4692
24.9448
24.7796
21.0556
21.2279
19.2484
19.3371
33.7927
30.8495
19.8245
47.4576
18.8167
20.92
19.5486
18.1856
20.4461
19.3144
21.3971
19.2858
30.9451
19.9203
19.1113
34.4779
20.2332
20.5375
39.5842
20.5798
19.5287
18.8557
19.796
21.4137
19.7823
20.0008
24.3678
21.7403
18.8058
18.3166
32.0779
18.1335
18.7637
18.9564
19.3498
18.2728
19.1201
18.9754
19.7054
35.839
19.0003
20.4033
18.933
18.327
29.7628
19.9009
18.9162
37.1968
21.5063
23.7051
21.0646
18.0777
17.9737
38.1166
36.6448
17.6963
20.771
22.1198
30.2634
17.9708
20.0454
16.7075
19.8134
28.6232
16.1599
21.8637
15.6143
28.9989
15.4389
18.0349
18.2903
15.3501
35.8014
15.5108
21.9325
31.5654
18.0206
16.3539
17.3096
18.5004
16.4913
16.5022
14.9096
19.8895
15.0203
25.7672
14.7189
26.5321
14.5547
21.0323
14.8734
17.5188
29.6527
16.7582
25.9729
15.7549
30.3549
16.7132
25.0699
18.1513
15.9691
26.9483
18.4491
20.7935
17.7782
24.9486
15.3963
18.769
15.7434
20.464
17.5676
15.7198
15.0564
16.2217
15.9824
16.5699
15.8325
18.0517
29.7654
15.1245
23.705
19.5989
15.4428
27.5125
16.2211
17.4373
14.4967
13.749
13.6917
26.65
26.8765
14.2782
23.8149
14.4434
31.046
15.8739
20.7629
14.9588
14.8185
16.0017
29.9776
15.8986
29.2438
24.8601
29.6662
15.6603
14.1463
16.4394
13.1548
21.723
13.2584
13.1287
17.0267
12.9257
19.7533
26.9094
21.5594
16.3222
15.9013
12.9251
15.5946
28.0193
16.0369
17.8518
17.402
18.5642
19.2902
23.8136
17.2052
28.9399
17.1168
37.5188
25.5097
28.1069
22.6432
15.2361
17.2898
16.5268
17.2979
32.6606
19.4606
19.4373
16.824
16.3974
17.2532
29.7581
15.6425
27.9391
16.0709
23.1212
18.1586
17.3417
18.0443
28.6912
17.2216
20.11
37.1537
22.1756
17.4107
16.6307
16.8118
17.2394
33.9014
16.8161
17.7252
18.3411
16.9099
32.0274
16.0524
22.978
16.0694
32.2326
17.4703
16.617
19.8838
25.5218
15.6548
38.7627
24.639
14.9513
23.2338
15.34
26.0461
14.0319
28.9716
14.9402
25.9468
13.4732
13.9925
31.2991
16.2811
17.8051
35.3275
18.5149
15.9965
12.0291
27.7083
11.8446
30.9634
16.0802
21.9717
11.562
28.2855
14.7899
11.2764
11.2499
31.6054
19.623
25.0329
16.0169
11.6498
22.7237
11.6676
10.8385
11.3073
11.0622
11.8854
19.5732
11.8421
21.3129
11.3515
21.5139
11.0879
22.7693
14.2818
29.8192
15.5358
26.5862
14.3404
17.7447
25.1674
14.2512
12.7254
22.87
14.3671
17.2852
14.5528
23.7719
14.7699
12.3193
27.7165
22.8955
12.7131
12.7694
31.3826
14.4952
18.3854
12.437
21.3982
15.1603
12.4493
13.1766
26.0461
19.1843
39.1212
12.649
11.3842
17.8145
11.61
25.1488
18.9805
12.5504
20.4731
11.455
11.2815
19.3123
11.7939
19.1575
11.5748
17.409
29.5988
13.603
24.5524
12.8398
28.4455
15.7234
13.6081
13.8146
13.8289
13.6179
13.6482
15.6679
14.6966
18.5256
13.3058
14.3262
15.6235
28.4903
17.6526
14.2697
14.0251
15.912
18.2597
21.5207
28.9873
16.2392
24.8793
15.3552
15.2487
16.2491
15.5881
15.3462
21.8483
15.6928
15.4769
16.5649
15.2784
15.8074
14.1978
15.9499
18.9793
14.5194
24.4819
15.5042
15.4164
21.661
14.5271
16.949
12.9195
13.9675
13.6991
14.0866
13.2779
26.4309
13.7792
23.4271
16.1361
29.6981
29.7231
30.6929
14.5827
18.2925
16.0389
13.9416
12.9874
14.7409
22.6674
13.2071
24.142
28.12
25.4241
26.9583
23.0384
13.0505
28.0456
26.9403
14.4986
13.6847
13.8644
24.7468
20.7817
13.1971
13.7861
13.8849
17.456
17.0888
17.4136
13.5504
15.9135
13.5409
25.0303
14.3141
13.1231
12.6373
13.9636
30.9425
18.0294
13.5143
16.9293
13.7748
31.0052
14.9727
15.1533
14.3255
32.5446
21.4295
19.0035
13.3689
13.6594
27.5591
16.7042
13.3529
14.2636
13.8656
20.7467
32.799
15.8211
12.5651
17.6595
12.6784
17.4078
12.9277
23.9363
12.7784
18.7618
14.5777
13.3005
12.8285
17.3524
16.7067
14.3652
15.1224
14.2737
22.4063
14.2881
25.1392
13.9518
14.3013
20.5775
28.0308
14.9555
18.5525
12.9132
15.7797
13.2236
13.5562
14.6828
12.8073
12.7061
12.5868
12.8862
13.1028
31.8808
16.1427
14.7252
27.613
18.0319
13.0882
16.4062
12.3985
24.2167
12.2612
25.4405
14.4315
14.8612
31.9839
17.0731
14.9025
31.3078
16.8047
25.315
13.8753
19.6895
14.768
18.0545
15.2926
13.9364
14.9938
15.0785
15.9426
30.9818
16.5713
14.087
14.8236
15.038
15.1414
13.8356
27.2319
14.0992
30.6819
35.9246
17.4639
40.1676
24.4418
26.2435
14.3015
18.788
15.3848
20.0182
17.5104
14.7361
14.3669
15.0155
30.6163
20.815
14.7473
15.2256
14.1946
15.1364
13.9976
15.277
15.8743
14.9198
23.5159
14.7022
39.3193
34.6614
29.654
14.1142
27.2261
15.6037
16.1013
25.4817
14.7917
25.7992
13.8443
16.2042
14.3796
13.6045
23.1218
13.7059
25.9445
13.8908
29.3675
35.2261
28.0266
14.8184
26.3013
23.7607
14.167
13.54
15.2639
13.3504
13.2668
14.3222
13.8043
18.5
14.5467
27.2318
16.9111
17.4031
13.1278
19.5297
14.5789
25.7801
15.3615
23.9429
21.6288
14.449
30.6344
14.8169
20.4505
14.6088
15.6852
14.2559
14.208
28.0589
18.1031
15.907
13.2806
13.3533
27.4794
13.4803
19.6769
15.1491
21.5004
16.1216
18.4644
13.3991
23.2724
36.0609
14.7353
19.1542
15.1845
24.1568
14.4446
27.3459
15.8448
39.9881
27.1714
18.9935
13.1036
24.4498
13.3496
31.8832
14.5882
27.9525
14.0134
13.0922
14.3533
13.6402
14.2114
13.6213
17.8406
24.5795
15.5233
15.8158
13.5858
18.7551
13.3002
13.0744
13.3411
12.3546
15.3858
13.3272
12.7119
13.5983
21.986
26.3938
14.3756
15.0872
27.2855
13.9939
24.6823
12.578
17.0887
17.5232
14.2276
12.9405
13.5281
23.5842
12.2307
12.1856
15.2936
13.9134
12.5554
24.0694
28.4542
13.4105
14.0082
28.3705
18.7926
29.1701
19.5812
13.1378
13.3137
13.1498
14.5792
13.6354
13.4647
13.629
19.3505
12.7915
16.2413
12.9795
16.4673
18.127
12.6774
14.0437
25.0888
14.0396
29.2743
16.4863
16.3857
14.8803
14.0287
14.711
13.5543
13.8542
39.5682
23.5897
15.603
18.4229
14.7569
15.9026
31.4052
16.8097
20.7607
14.4206
22.0509
14.8973
23.5073
19.0666
18.8605
15.3179
14.9307
21.9461
15.352
19.9553
15.5918
15.5828
15.4596
15.6226
33.2671
14.7539
17.8974
26.4438
14.8697
14.6354
21.6962
13.9651
20.1671
22.2031
21.6578
18.0892
15.4159
15.2893
15.3733
21.7063
14.5746
14.4111
14.3666
20.5009
14.0888
35.2023
24.2117
13.6433
32.5642
17.6682
14.8706
14.366
29.2006
28.3985
13.2468
17.7748
31.2076
19.5442
22.261
13.1528
25.6991
17.6118
13.5899
13.0253
14.4671
12.7588
15.2449
15.6825
11.7461
12.0418
12.8458
21.111
13.0322
22.1487
32.3596
14.5398
20.6802
15.4534
14.73
15.1241
14.8769
14.8455
14.5555
14.3102
35.3705
16.1061
26.421
13.9481
30.7918
15.1831
28.0879
12.9451
16.6224
14.3737
16.2534
13.4991
13.8697
17.0541
14.1457
28.9963
13.4218
12.3173
14.0025
12.5411
12.8249
11.2285
16.9135
11.4068
11.1102
15.5817
20.0612
11.8766
15.5728
12.2622
18.4969
11.0545
10.562
10.8509
25.3543
13.5515
14.3922
21.7917
11.6216
16.6006
17.9723
16.7314
10.3021
10.6973
9.94336
20.5891
13.5862
19.3278
12.6495
15.7029
18.855
10.3624
12.2067
11.6814
12.1535
24.6311
15.3587
14.2665
15.8509
15.1758
14.6149
12.8196
14.3297
12.5572
11.3889
12.6713
11.9931
18.1202
11.9509
11.5155
12.4931
11.5043
27.0948
14.564
12.7522
13.3925
18.1657
13.5508
13.4257
13.6072
17.1722
19.9028
29.9114
14.6482
13.7288
16.5965
20.0573
13.6692
36.1152
18.1577
30.3762
16.9931
18.5017
16.2158
13.6918
32.2374
19.0095
16.2886
25.4757
12.8779
14.2531
13.112
15.6696
16.5514
13.1193
15.1191
21.5131
20.2162
15.7152
12.9004
13.5605
24.725
13.429
15.0051
12.8441
13.0114
24.732
26.6337
37.0767
23.4918
17.753
13.4946
16.3905
16.0962
40.6663
21.0345
15.4173
23.9943
27.4024
14.5855
32.64
15.4637
16.342
29.038
16.0694
17.8465
17.009
22.3313
33.8902
17.9867
17.2087
28.7264
17.6316
42.3043
19.2985
19.7594
22.4241
24.0257
20.5636
18.3111
24.4472
18.5759
31.7547
18.0453
53.3182
24.8892
35.8707
19.4643
24.9928
18.0976
45.8594
20.5081
24.7338
17.7797
18.5335
25.4135
20.7084
21.7512
17.7092
34.629
32.483
18.2277
27.8464
35.9966
19.7746
24.7482
18.0963
18.0133
18.5048
20.4355
17.6585
30.7395
19.5625
23.4414
21.2941
29.3581
18.8915
23.78
19.0484
18.2158
34.1812
16.653
27.0588
17.5593
35.1366
31.0818
20.8298
16.419
15.9997
16.1396
18.839
18.0059
21.4141
15.9166
33.429
18.4007
31.8084
16.2716
34.6012
16.5865
32.171
16.9908
27.6981
16.8145
33.6328
18.5722
18.3936
17.9623
28.224
19.0747
44.548
20.758
42.9061
18.9893
29.0212
17.1695
41.2536
25.7143
18.3048
17.1383
19.0489
17.848
34.2002
16.7505
26.9782
19.3764
21.8287
36.9775
17.1506
33.6271
34.5711
18.035
33.584
19.7156
17.141
30.6385
17.3503
33.6298
17.1403
34.5614
17.2834
16.8951
31.1276
16.5653
23.7191
31.1696
16.7535
29.1936
16.6672
22.9834
16.1207
36.0597
33.9501
16.5215
17.2
33.2807
17.3038
32.6567
15.974
19.2066
16.4791
28.1329
16.6057
31.6765
20.8407
23.8172
31.3013
17.2212
16.9003
16.2366
20.4839
19.4241
19.7479
16.9299
17.3984
17.0407
16.3226
16.1337
16.003
29.9804
39.4706
31.2964
16.1181
16.5379
21.188
16.6511
37.096
15.9431
17.3397
24.0836
15.6036
21.8829
24.6658
23.5128
17.0285
32.9758
29.6647
24.4324
14.9219
28.3875
33.7112
34.182
18.1935
18.4921
16.8836
36.8295
17.9259
30.0664
23.5147
23.5269
32.0453
20.5065
33.4361
36.3891
17.8112
27.9711
16.6008
15.9811
17.0294
36.2143
17.2756
32.2766
17.882
30.6473
18.0736
20.4092
18.2685
19.9598
17.8176
18.3445
21.5438
25.4055
18.5179
22.6504
19.4493
27.4878
19.6718
19.3814
18.7494
30.1287
19.0415
20.9386
19.83
20.4784
38.1817
19.4611
20.9957
18.9319
19.0404
35.8238
21.6423
24.2853
18.1382
18.911
18.2917
20.2283
18.3014
18.3801
32.2318
32.1304
40.8983
18.6561
32.487
44.4341
20.6214
29.7208
18.238
35.1859
20.6742
17.4561
31.3621
18.1784
24.0851
22.1659
18.3047
23.6824
31.3269
17.7158
31.0762
18.531
20.9105
37.2741
18.3589
18.5351
17.912
38.5158
17.7898
45.3709
47.228
19.9749
21.6254
18.648
35.3699
17.562
16.8945
23.3237
19.6534
17.2043
17.4248
18.6784
18.1466
19.3051
16.7136
17.4747
17.225
16.7326
16.4417
41.5353
30.1583
36.7288
16.8986
17.1833
17.0504
19.2262
16.927
18.1951
17.4791
22.3474
23.8262
17.96
16.6965
16.1397
27.5124
28.7701
18.036
16.9712
23.191
21.1615
28.3609
16.8668
16.5205
18.9126
16.815
17.2152
17.2723
33.6641
17.5068
16.4181
16.1227
18.6249
19.804
16.7655
17.8343
17.9842
16.7726
32.0163
17.3642
22.4131
17.4736
33.4815
17.8617
33.0935
18.6419
22.9534
16.9048
37.0743
25.7179
17.2153
16.8364
18.412
18.4652
17.57
41.9887
34.7313
18.4131
17.5359
17.3098
17.0299
25.731
22.4031
16.598
17.2095
31.207
16.4216
17.7599
29.9252
37.2616
16.9735
42.3567
19.6548
20.3767
16.9564
35.0659
17.4304
29.4627
17.0258
37.7326
21.7455
32.6605
17.3506
22.0769
34.239
16.9679
23.0715
19.3639
27.1614
20.5005
17.1959
19.8377
17.4977
20.5693
30.3775
16.2823
16.5534
17.277
21.7894
29.503
32.6153
17.5072
26.9011
17.1379
32.6267
17.3256
22.3709
17.2684
32.579
30.5148
18.4991
32.4581
18.5599
25.7332
20.0658
23.5225
17.1927
28.2626
30.9905
33.088
24.5956
16.5136
20.3518
16.2629
17.808
17.1706
18.7089
20.6032
16.1665
20.5754
15.8968
18.4792
25.2942
16.1456
18.6925
16.5003
22.7522
17.8362
28.8671
16.3221
41.5782
31.619
22.3866
23.9806
17.1288
17.0542
15.3219
19.3296
17.5597
16.7627
18.1076
18.1839
21.8807
16.4729
16.1406
16.8238
17.0479
16.9377
17.9928
17.2255
30.8783
18.9416
35.5372
34.6421
16.7698
32.1944
17.7415
24.5836
33.5035
16.3097
16.814
27.7342
16.6912
27.3925
16.6432
27.8794
33.6212
25.9906
16.8438
17.8146
21.2375
21.0339
33.5321
23.6384
27.7423
17.7718
23.8571
35.0539
33.1748
17.6965
19.8783
18.1248
17.4354
32.4683
18.8787
17.4963
18.5723
18.3865
25.5018
17.0481
16.8984
19.0363
19.0438
20.4608
17.533
18.5565
16.8328
25.9246
16.6071
23.0508
18.3753
16.3654
28.7878
17.5105
21.9235
18.6532
33.4387
29.4375
30.5083
37.6878
16.5948
47.8485
32.4903
37.0268
24.4223
43.5871
23.3842
35.3679
16.9398
24.4007
23.2606
18.4454
22.8506
32.9189
16.5595
29.786
34.1933
16.5391
24.3475
16.773
16.5378
16.9304
20.7263
41.4662
32.5959
16.5754
18.5639
16.3551
16.0205
18.2151
17.8126
16.1609
18.7431
16.0614
16.3817
16.4548
16.9619
34.815
17.1899
19.0484
16.5896
17.3859
16.192
16.7849
36.9189
16.9792
19.6425
20.8059
41.3832
37.4413
28.0703
19.1719
16.1776
16.9661
21.7649
16.9984
33.5167
17.4373
24.5511
16.181
16.5359
18.065
31.0398
15.9304
21.3132
16.8045
25.2886
15.5513
45.2326
18.3224
19.0525
17.2799
15.5252
28.773
15.2831
18.5219
15.8922
28.3429
15.5426
18.5928
15.0214
19.1291
15.8334
16.218
15.3912
16.6591
15.538
34.1207
16.0477
22.4465
15.1648
18.5184
35.5861
23.1232
14.5512
21.585
22.6127
15.9003
27.9624
14.4966
27.6197
17.6153
15.9732
24.7098
15.3367
17.4033
15.262
30.9548
22.9439
14.8779
19.9075
14.1012
15.076
23.2172
37.9067
42.8268
25.3582
17.9194
15.6921
15.0953
27.0284
17.7687
14.9843
27.2709
15.0113
35.8752
16.1013
35.184
26.8239
16.576
16.4794
14.0733
26.913
15.0906
14.9445
23.986
17.5663
14.9772
17.6612
15.9539
15.0684
15.0618
27.1361
14.9499
16.4091
14.1966
15.2798
15.3563
14.5491
29.0833
17.9662
20.0326
15.7898
23.8082
15.388
14.8945
15.0148
14.9679
15.9274
15.241
16.4732
22.0566
15.1975
20.2816
15.0145
18.5405
28.6743
15.0612
15.5249
29.7088
16.1514
32.1928
22.2285
33.451
17.6711
18.4953
21.5088
20.7732
25.9592
19.7146
15.9896
33.7711
15.906
29.7727
16.0663
35.5379
17.1807
21.8384
27.3516
34.1585
25.8489
25.6831
15.7091
16.3233
16.8115
15.7399
16.2264
16.3881
17.0793
29.964
19.4863
22.375
28.046
17.1442
17.778
27.9977
16.7256
28.961
17.2358
19.6711
19.1706
15.332
24.417
17.2327
26.5695
16.5815
21.2918
15.1053
15.8694
15.2557
17.8867
28.781
19.6286
21.3372
17.4548
16.4066
15.6675
18.597
15.3959
22.3705
18.1511
26.6711
16.615
33.0673
16.621
16.4675
29.4657
17.0951
37.0897
18.3183
23.3397
16.9232
26.8114
22.7725
40.2142
20.3199
17.6654
17.0222
17.6437
19.9439
23.4267
16.2798
18.6603
34.2331
16.7522
19.6947
17.0577
33.7849
18.0097
15.9413
15.7741
16.7848
24.6144
34.446
27.4372
16.0339
33.5214
15.427
17.9972
15.4821
24.3551
15.5642
32.4057
16.6379
15.3169
15.7894
16.6513
15.5185
17.2045
15.0336
19.7399
15.6771
24.6162
16.2786
42.0783
21.1314
15.3176
30.9655
19.3189
15.6466
15.7025
27.0107
15.42
20.4328
15.3421
24.9329
31.1651
15.101
28.987
17.1342
19.28
17.877
18.1208
15.4124
17.7649
14.7959
14.916
33.1457
17.0444
16.4221
14.5214
22.8224
17.1255
18.865
30.307
16.1389
25.4539
20.3057
18.9365
14.5873
16.6107
31.9372
15.3395
33.136
29.9093
15.3456
14.1344
13.7712
27.6602
27.6903
25.1371
19.4272
18.6744
16.516
13.8085
13.8887
16.34
22.7577
14.7131
20.5391
30.8261
15.8081
18.2752
21.0939
15.6365
15.3754
15.6773
22.083
14.7525
16.015
15.6992
15.5351
14.9879
14.4921
25.9545
14.3293
19.4941
29.5617
15.5584
15.4951
15.8368
26.9864
16.2245
33.3295
20.0966
28.2493
14.8601
17.1463
23.9161
14.4114
15.3674
40.9025
20.0484
14.3184
22.0795
14.7895
14.1639
14.8608
15.8588
17.8789
16.666
17.02
15.4345
20.8111
14.4108
14.8871
37.9212
17.4074
19.4738
14.7483
14.918
14.1036
17.2352
14.5555
14.6013
14.8517
32.5964
17.5395
22.7563
14.9183
32.9261
29.5502
15.0535
14.3358
27.6861
23.1437
14.606
15.3045
20.6881
14.1894
19.1034
14.3845
15.0583
15.017
14.396
29.4995
26.6954
18.002
17.1223
15.2594
30.3203
14.4237
31.8675
18.0543
31.4677
14.5343
25.4512
14.0151
24.6132
14.6177
14.2778
14.1391
20.5257
14.4067
21.7715
13.3893
30.5789
28.192
14.7249
32.8911
18.2202
14.0321
31.0217
22.8917
25.007
16.6581
17.78
12.2562
14.7207
31.4112
14.5856
20.2916
15.7041
18.5816
12.6301
24.622
25.2287
25.4977
13.0868
13.9022
12.4427
13.3016
12.8773
17.1622
12.5628
23.278
19.7598
14.2557
18.2112
28.0535
17.4369
12.981
21.1018
25.6591
14.499
29.4573
13.1493
23.2706
15.0928
14.6176
17.0763
12.1271
22.3881
14.9407
12.4206
11.9797
12.1701
16.3855
25.0766
27.866
21.9127
17.2235
12.1864
12.3789
11.9854
15.9363
21.0204
14.6114
23.6674
29.3068
22.5255
14.2071
35.7453
16.5821
18.9147
13.3833
15.0116
21.3766
12.7396
17.9822
13.2272
12.5449
12.3945
13.6786
34.6957
18.0909
13.7612
15.5476
27.694
17.4716
13.112
13.6048
14.4047
22.7558
21.5326
13.5872
17.3565
15.8248
25.8209
13.5618
38.8098
30.9895
15.62
13.7204
13.8453
15.0208
19.8184
13.9937
15.4369
14.3823
14.5098
14.743
31.8403
19.3085
13.524
21.3477
23.545
15.6275
14.5293
14.3671
14.1151
13.7758
24.372
13.8139
35.1274
16.2007
13.7842
23.8259
25.404
13.4751
29.2596
14.1901
14.3019
13.729
13.6177
14.5306
14.6327
28.6361
14.9601
33.2871
15.9141
15.0609
17.8997
13.4137
17.1618
13.9707
13.8688
16.0057
23.6047
13.3538
20.1536
14.8437
30.6399
14.0332
13.5104
20.6191
16.3201
21.9942
15.4567
22.5102
15.9763
22.167
14.0287
14.6406
13.4207
13.4931
13.1021
28.6502
19.742
12.8564
14.395
13.9231
14.5268
24.0703
13.1593
29.2695
14.3012
15.6884
12.7327
17.3244
13.2167
12.7543
25.0003
12.6972
15.5374
13.3535
13.1285
12.684
13.1887
21.8765
13.4219
26.3483
14.4301
13.061
13.2183
30.6464
21.4036
26.5192
18.3278
13.1075
13.5952
13.6416
25.1597
15.6158
19.479
13.4175
13.5834
13.0575
30.738
18.0297
32.4255
24.8922
13.7
19.5224
13.6619
12.9051
13.2201
14.9785
13.2269
13.3696
13.4158
16.3586
13.1497
12.7253
17.3264
13.1713
19.5414
14.2911
13.3478
12.5573
13.4725
13.4631
12.9489
14.1513
19.7078
23.9799
13.4546
13.0052
13.4855
18.6819
13.238
14.1358
20.7389
23.3002
13.1568
31.8871
16.9322
13.1199
13.2122
21.3764
13.7346
18.959
12.8376
20.701
26.5828
13.946
19.2292
16.1795
12.9387
23.4141
14.3863
29.0626
14.9202
17.6591
12.9773
15.7122
13.0892
13.2676
13.9133
14.1193
16.0692
19.1256
21.1665
16.9367
20.2343
13.5975
26.8262
28.668
20.6468
15.2843
13.6646
13.2434
29.984
16.2834
12.7397
12.7066
12.9448
13.4367
13.4379
13.3458
19.1056
29.6724
15.9105
13.4525
15.3357
27.6184
15.0529
13.362
14.0819
26.0069
27.6254
25.302
14.788
16.8482
13.1166
13.8062
13.5364
18.7157
13.2314
17.346
13.1542
13.4601
13.7346
14.6146
30.8843
15.9169
23.6891
14.5647
28.4413
24.358
16.1156
15.1153
18.7858
25.7648
14.3177
16.7566
15.2639
14.0464
21.5457
14.4183
19.8248
14.4125
19.0519
15.2696
14.7531
36.5136
29.9523
16.2832
14.8833
15.5792
20.0202
16.0349
17.9098
15.0612
16.8908
16.4424
15.9349
15.4015
15.2957
17.8543
17.9964
16.0655
19.2876
17.2655
15.7469
24.5359
15.9391
25.4356
16.1701
31.6765
33.0357
16.6517
15.5673
16.0808
15.402
23.9988
16.4524
17.6493
15.3809
30.9001
16.0181
16.1407
28.6309
28.362
26.4626
15.7264
40.8477
21.4532
15.8864
16.6569
16.3872
18.8863
15.7041
33.6341
23.3445
18.2906
19.0322
16.1664
22.6422
23.5976
15.4487
32.5056
16.0815
17.2878
15.3144
16.3785
31.5978
16.7984
35.9849
29.6118
16.0892
27.7722
17.4574
15.2255
18.9151
15.7518
41.112
26.8081
18.9883
19.396
20.8227
30.8801
16.535
15.6895
22.1738
15.1474
14.8709
15.8176
31.481
18.3728
15.5631
15.6219
17.0204
34.7741
16.7038
21.5475
15.7935
23.3061
26.814
15.9778
23.1531
14.6538
14.4367
25.5597
15.1925
15.1227
27.367
20.6127
15.9408
16.6508
16.0543
31.0711
16.6993
15.1151
38.0392
30.0618
16.8862
22.0409
14.8869
15.9921
21.0887
45.6056
18.9075
21.3878
19.9109
15.5688
28.7621
15.9488
16.0836
40.4533
30.1011
15.8684
14.8926
38.2108
16.7632
30.0998
17.5223
33.7888
15.3624
19.4959
16.5867
19.8567
29.9188
15.5356
14.1786
30.6805
17.9842
19.9802
14.0534
14.3006
14.4432
14.6411
14.6591
16.5379
15.9012
14.4811
15.2247
32.2746
19.3712
15.1015
16.1001
14.5137
19.1579
36.3783
18.9851
35.3743
13.8627
19.8038
14.3798
17.8424
15.0748
17.448
14.554
23.3865
14.5222
14.6961
29.2325
15.1355
15.4908
15.0427
14.5813
15.7176
15.3445
32.39
16.2135
29.6877
16.6475
15.8481
27.1086
15.8023
15.5396
14.8283
15.0972
15.2047
14.7946
15.1748
15.7234
15.4281
18.1622
15.5221
34.3494
24.0756
18.571
15.3244
14.8501
16.7828
23.0985
16.17
28.9091
25.3739
17.7243
21.3316
17.2563
17.7132
15.609
33.7353
16.6752
31.9673
19.0289
21.1459
15.4448
33.3028
16.4411
34.701
15.7481
15.9645
38.469
20.4812
29.3502
16.5768
27.9349
16.4429
19.2139
28.2227
27.401
17.0454
21.689
16.6288
31.5799
40.7815
34.1367
33.8835
17.1244
17.2841
16.1995
16.0148
35.5999
16.0688
19.0426
15.9988
15.7093
16.1541
15.9986
16.8969
21.2826
34.8576
16.2967
18.7373
21.3292
28.108
16.0849
27.2653
37.6338
23.2558
16.8267
34.625
17.2719
15.819
16.1742
36.0186
17.5898
18.987
29.1417
35.0643
16.4404
16.8984
16.5979
15.4507
48.9232
18.0564
35.2075
16.6192
16.6668
16.0846
26.3622
15.9975
40.6914
16.9457
20.5914
29.4241
19.7582
15.8526
32.999
16.7833
25.3173
29.3259
40.9798
20.0674
16.4584
37.3078
22.0664
16.0864
16.118
17.3022
18.6813
15.974
29.3666
33.0941
15.8952
34.1333
21.1804
16.6895
15.9042
18.1793
15.4863
16.3209
21.2364
15.0534
17.9383
15.6207
16.9487
17.6121
15.1002
17.4543
16.9491
14.9628
32.6316
16.6521
28.3909
22.0438
14.4903
15.5073
15.6229
32.0155
34.1286
21.9528
40.4477
29.025
15.2255
25.7723
15.1159
15.3322
25.8906
17.3782
15.8674
16.3235
15.8568
15.9983
15.0029
15.6786
15.5792
15.8844
16.3572
25.1462
15.5686
38.3576
20.2265
31.2242
21.0036
32.9926
30.6683
14.8645
15.0935
30.8898
16.8204
26.9796
15.4408
29.3748
17.6955
15.6961
15.8071
15.2203
15.623
15.9558
15.7004
16.8654
29.0151
17.1495
15.753
15.8696
16.671
21.8857
41.0821
25.0446
36.8085
16.7833
38.4861
20.6802
18.2474
17.834
15.7652
15.2352
16.4248
16.2609
16.2221
28.7381
15.7222
36.5079
17.5684
33.9721
17.8052
33.6026
17.711
19.6928
28.6081
15.5008
21.1704
16.6675
27.6698
16.3925
25.4568
40.491
17.9574
37.591
23.1932
20.7054
30.807
29.7896
18.3218
18.3969
30.9181
21.4952
32.1519
17.597
39.2433
17.8876
16.654
24.2523
15.699
14.5847
26.855
15.1956
23.24
30.7685
20.614
15.0657
24.1742
30.7285
26.0192
14.5446
38.7008
19.2523
19.9008
16.1082
30.2756
16.291
14.5167
14.7138
26.3702
15.007
20.4205
14.5582
21.5303
37.2414
31.2197
16.3615
31.5047
30.4663
27.2294
37.2546
16.5001
23.3351
15.2085
26.7721
14.7935
29.6368
18.8497
15.1282
23.6466
14.9718
21.9291
15.1249
26.6323
14.9453
18.8141
14.8849
14.5663
15.9927
16.3474
21.6505
32.7881
22.7683
15.2627
40.0518
18.7133
17.4362
35.7685
16.8965
19.8893
14.5632
28.5022
15.9699
21.2761
33.5251
19.9782
14.738
23.2141
14.4889
15.2474
15.3558
25.5179
16.9258
23.9825
16.0217
24.2241
21.8574
14.4864
15.2864
24.5405
16.1109
31.3268
38.6794
16.9693
16.0334
21.905
32.2248
23.2705
16.399
18.332
16.4035
15.1922
16.1907
31.1476
16.2148
27.5847
14.9352
17.5886
14.2247
22.9539
15.5
29.2837
15.8629
32.8098
16.9055
19.1021
15.2628
16.1766
19.3512
19.3765
14.4748
15.4023
14.9709
15.8193
29.5752
15.3794
24.1818
32.7764
14.7559
34.373
15.3895
20.5548
14.2549
19.8655
13.8342
29.0669
24.9247
23.9996
19.4257
15.2522
12.9915
29.0496
13.3536
23.1947
13.3479
15.5656
13.4274
16.3672
20.2263
16.2345
15.6604
13.7206
29.0989
15.4197
26.1375
25.9907
29.083
16.8095
28.0757
25.2698
13.7793
13.9865
13.708
21.2034
14.0765
25.1178
14.2324
13.8376
13.7794
14.2403
14.3646
14.7928
13.0568
15.2671
18.2019
13.2054
16.1043
24.9088
13.6639
13.9303
13.4395
14.9136
24.3192
13.7233
16.742
13.7533
14.0494
13.7168
14.0739
14.3611
32.2938
15.1062
26.2408
30.0057
17.1107
15.4317
15.09
13.5575
24.0186
15.6361
21.0762
23.3201
13.905
25.5809
13.4358
19.682
13.8735
22.1901
14.5432
13.3946
26.8422
33.6026
16.4145
26.2361
14.6567
15.2761
15.2007
20.7437
14.2043
15.55
25.6127
23.9101
22.761
14.4849
14.8667
20.2003
14.1174
21.3947
24.8965
14.2523
14.1173
19.9941
19.9371
14.0068
36.0924
24.1292
13.9964
22.2232
14.5317
14.1319
30.8637
19.4303
15.7307
14.0467
17.576
14.1154
22.5066
15.3642
15.204
13.5566
31.8784
15.1061
27.4158
18.3972
15.3475
14.9484
19.9237
13.8273
30.2083
26.7612
26.3484
17.5899
24.8685
31.7727
15.0578
25.8279
15.6719
14.1911
15.8045
13.9421
19.9613
30.2679
17.2273
14.4963
14.5194
14.6064
14.7288
14.4027
24.2907
24.1956
17.255
19.5498
16.7842
20.295
14.0451
14.4864
14.3966
24.9298
13.6149
14.9118
19.6669
14.3093
15.9966
18.0419
14.2218
29.6322
15.0696
15.3303
25.6727
14.2373
34.1848
17.2322
29.8649
14.5718
24.3315
28.8626
14.9392
25.2286
13.5819
37.5738
17.573
33.5953
16.4108
14.7196
19.643
15.8153
31.2047
19.1684
31.863
17.7877
25.7991
14.8132
16.3883
20.0803
28.7902
19.5396
26.7112
13.5274
29.7439
15.5329
25.0206
14.1032
18.3526
14.618
14.805
23.9808
13.8315
25.7806
16.8336
25.8099
14.1577
33.6448
15.7493
32.0353
26.3918
15.0931
21.8115
13.9719
24.6256
22.3071
13.5408
31.1551
16.3749
14.4377
14.8161
15.2527
14.2396
17.067
20.7667
15.131
14.0804
41.22
20.1064
15.547
35.7268
17.7617
37.8806
16.9078
15.3653
20.7247
16.4751
28.2724
30.3357
25.8531
14.6198
30.7455
18.9948
20.1838
20.3495
25.9643
14.8728
24.4022
15.3502
16.9233
15.078
37.2384
16.1363
21.0587
16.0431
15.0465
14.6203
17.6681
17.7371
17.2744
24.9469
15.4176
14.81
15.4472
19.537
15.9598
18.5002
16.4521
15.5447
20.2368
18.1386
15.4814
18.1429
34.0074
30.9453
27.8841
15.0846
17.1564
16.1329
14.8751
17.6964
14.7985
14.4188
31.4355
24.5385
15.3426
36.2773
19.4206
33.7539
32.2487
22.2503
18.2871
13.4258
13.8226
32.2675
20.2374
31.2107
17.067
14.0705
20.2477
14.9369
14.8661
14.5358
14.7291
14.2985
31.8114
31.5884
19.0443
21.3089
22.5498
13.7245
26.4268
22.0168
13.9288
14.0357
25.7648
14.8859
19.9241
31.9809
14.9
30.7725
21.712
15.0594
13.7166
15.5618
21.6381
13.3278
36.2014
16.1433
35.7284
17.2486
26.6618
34.3422
13.1919
20.679
13.786
18.3548
18.4828
18.6124
13.9996
15.6813
13.0247
13.2542
14.8002
30.6033
15.3208
17.9442
18.0104
13.3594
18.3355
25.7431
13.5526
29.6966
16.4825
30.3839
24.4802
17.4402
13.2132
19.3257
28.4461
13.3024
16.225
17.0586
14.8719
12.9844
12.7066
12.9042
12.5561
12.8194
23.9785
12.8614
20.6201
28.9023
28.4746
15.9748
16.9237
21.1633
12.2325
17.6849
27.7305
22.6623
16.8834
17.9599
28.5758
14.5296
25.8073
13.6308
32.9326
16.5847
22.919
20.6033
19.4809
11.9845
24.2861
14.3081
12.983
15.6383
13.3521
28.5839
14.339
13.9913
12.2195
12.4358
14.5398
17.9006
12.5181
11.8261
27.6306
28.4104
20.4346
16.8926
12.8707
27.8944
15.2783
26.3645
15.7044
16.1715
13.5105
13.6907
25.4339
15.0046
28.1448
21.1984
14.4596
14.5921
13.8598
17.4514
32.0946
21.4536
25.6754
33.9895
24.2795
13.8615
29.5298
23.9561
13.8339
30.9457
15.7516
16.4415
13.3574
16.0362
18.1845
14.1759
17.1582
12.7231
25.1131
13.0771
13.8051
23.0849
13.2176
15.3215
12.9433
18.7467
13.2915
20.6023
14.6241
12.765
12.3629
25.8664
17.5781
12.365
25.1552
14.8833
33.4875
18.1969
12.8758
12.6037
25.5882
12.6043
13.7887
12.5876
20.7094
12.3547
21.1312
13.095
14.4732
30.5856
15.4603
13.3921
21.5513
12.3607
24.8226
12.4027
29.7414
12.183
21.6973
13.4212
15.5421
12.0935
28.8461
19.8521
12.4867
28.4093
16.3918
12.2445
11.9608
24.3593
13.698
17.5298
16.5433
12.4714
25.0441
18.0543
13.7419
28.2349
13.3565
14.3914
20.1817
14.2747
22.9243
12.3832
15.452
16.0926
13.1286
19.0286
21.1929
25.0158
14.0842
18.2382
13.7351
13.0268
24.9668
12.497
25.8891
13.136
15.4067
22.5926
35.9431
15.6217
13.7854
28.8721
17.9285
13.8286
15.463
15.2495
16.5277
15.4427
15.2592
12.4312
15.7762
27.8859
14.3247
16.2256
12.1406
23.0921
12.9546
22.5901
23.2235
20.4259
11.7442
13.099
25.1967
19.815
28.0431
22.6616
14.1369
12.5716
12.6643
12.3096
19.2094
12.215
14.3377
28.279
18.0631
13.0483
12.9757
27.7297
15.123
38.0569
17.2564
24.1356
14.7999
13.9976
14.7265
16.5708
20.2726
16.4807
17.0709
13.8465
18.1666
18.9565
30.9507
16.5895
13.9332
14.6751
14.065
14.0921
14.0464
25.2673
14.3095
16.6137
16.0457
15.3967
18.4843
15.1892
18.6483
16.1607
31.7875
19.4038
44.6416
37.5331
18.2448
22.7328
18.4466
25.2198
18.7779
18.4565
24.533
19.1966
21.1859
17.97
27.004
19.2142
26.4378
34.1995
23.4591
24.318
19.4314
23.7553
37.2534
18.9334
44.1491
27.5544
38.4141
34.6327
18.6849
18.8104
19.4509
19.7762
28.445
19.4516
20.9674
18.6371
18.885
23.2178
19.3434
19.3928
19.5271
19.8376
20.1233
20.0432
20.3211
27.6061
20.7122
43.2212
26.6372
19.2655
32.822
31.9396
21.5106
23.1595
21.0436
21.0596
29.3081
20.3234
20.2735
20.1047
18.9183
21.6519
20.4528
19.9054
31.5584
20.206
22.8646
23.5209
24.3143
21.3774
20.7968
26.2535
25.2478
22.4091
20.3955
27.1762
21.0923
23.6793
21.3691
27.9968
20.8447
49.5122
39.9771
35.5851
20.9814
27.3761
54.0336
24.484
45.0763
26.1405
21.7786
21.3454
21.4062
21.2368
20.9821
27.5123
21.1489
46.8807
23.7752
32.4643
30.0051
21.0776
37.0379
20.7465
36.2559
20.0802
38.7115
27.686
20.8137
25.5926
21.2437
21.2663
24.1367
20.2623
23.7113
22.9515
34.131
21.5915
21.4079
21.4789
20.69
33.6017
26.9267
20.8933
33.8716
40.644
22.267
39.5229
34.3535
22.3902
36.0095
39.0316
22.8853
30.6287
36.8531
23.6117
24.3857
21.7427
20.4297
21.4849
20.5678
20.1755
20.232
37.0404
32.8846
26.3631
26.8752
22.7709
21.6374
37.3917
24.2348
20.755
36.1041
41.4827
30.5627
38.3032
21.4632
24.1035
28.0165
21.4775
21.4392
21.5049
50.0203
21.7739
37.3759
20.7386
21.4701
26.9423
22.245
21.5526
26.4864
47.5104
40.9659
20.9101
20.8375
26.9835
25.6357
24.8123
20.2759
21.5323
27.6736
37.3129
26.5915
20.9385
21.7393
20.3673
45.0468
21.7259
26.9369
20.8685
21.1917
20.5665
25.6849
20.6858
42.645
26.0953
20.5087
19.842
37.5826
19.7814
35.274
20.6638
38.6777
22.2975
25.2627
20.4318
20.3293
30.2793
37.5572
19.9604
30.8012
34.982
18.8025
33.5546
20.0911
32.6506
20.2676
20.8546
22.4862
20.6218
20.1609
20.3312
19.6996
31.6347
20.4698
20.0362
19.712
20.4033
20.2966
19.2849
32.8344
33.4764
19.3074
22.6392
36.0504
26.328
30.1994
18.53
22.9391
34.2544
19.2909
22.8924
34.0822
22.2478
43.5008
21.0113
20.3137
19.7432
31.0014
19.8306
19.6784
19.3605
29.2792
25.0049
19.2224
47.6674
22.4369
22.3079
17.396
25.8285
32.7758
19.6768
39.4173
20.4288
43.3516
21.0653
38.3337
36.8456
42.238
19.376
27.9011
21.2238
36.694
21.9752
25.818
39.1765
20.6233
19.2784
37.3416
17.2648
23.1065
19.5552
29.4799
34.4229
18.215
20.4296
19.6469
20.7874
25.1816
20.2474
27.9248
21.7152
48.0285
36.6855
21.4297
23.7454
22.1536
33.3207
40.2338
21.8533
21.0394
21.3894
21.4231
51.4838
22.7065
27.0897
20.3317
21.4045
20.1093
19.9738
27.8145
21.7432
20.45
20.658
20.6385
19.3752
19.7222
38.6207
20.5825
22.1897
19.8398
29.2699
29.0896
35.9836
18.0102
20.0327
20.6653
35.6553
17.8566
36.8734
22.275
17.7793
20.8649
18.728
29.0688
20.7365
34.5454
28.0934
35.6401
18.3046
19.2516
18.6613
39.3279
19.0269
36.5843
35.8768
18.8757
23.1956
19.4715
20.2768
18.981
34.2486
19.2609
34.2515
26.824
19.2576
40.7427
24.5727
19.1232
37.0137
36.8982
18.6473
35.4983
18.7774
24.76
18.4425
46.2646
27.0005
22.5237
40.0256
19.8888
21.6861
19.1314
25.8752
19.8352
28.6697
19.2093
17.4188
29.7751
34.2886
21.628
23.8198
20.7805
17.3611
21.7326
17.875
47.0299
32.2267
18.8104
19.7294
19.1881
20.6193
22.3532
33.885
29.7501
23.2694
31.6308
18.9906
19.4615
18.7827
29.1212
19.6418
44.3241
19.2076
21.0686
18.9338
18.8088
31.6111
35.5507
35.2238
19.3356
21.2222
19.3314
35.2342
20.1978
44.1748
21.7641
30.8412
19.7433
38.5689
19.4963
25.2059
19.2014
26.4776
34.8548
19.2152
21.5612
21.9149
20.0133
19.196
33.2777
26.8144
37.3201
27.1744
35.8863
19.9631
25.2734
19.3709
25.1362
20.1269
18.4636
19.9732
19.2934
34.6177
25.2663
20.7016
44.5181
21.5735
29.8441
20.3992
22.8785
39.5989
24.7
20.818
36.4668
38.5281
22.4053
20.3911
26.5234
20.3457
39.3973
22.5712
40.1268
35.8579
19.6104
20.5174
32.0453
30.593
23.4313
18.8903
38.6924
22.1615
24.3933
18.8905
19.6911
20.5201
27.1489
20.0499
30.0636
23.4238
22.9239
19.0906
20.1875
19.688
22.2033
26.6198
22.4367
23.6468
34.9148
19.985
30.4141
20.0322
44.3804
27.3295
23.4256
19.7178
19.8514
31.8293
19.6608
19.2868
23.8009
22.2378
20.1655
39.7879
21.6646
26.2625
44.9069
20.1819
20.8878
20.3298
36.868
21.754
40.3678
30.3683
19.107
38.399
19.4095
42.5168
37.0982
23.9553
21.4265
20.0243
33.8145
21.1962
33.6108
45.9095
24.641
20.6445
32.0526
20.2094
29.5166
19.64
20.0136
19.2342
33.5913
25.6817
41.1338
19.3949
55.1406
31.0594
35.6946
21.1535
35.7009
19.7248
43.3899
19.6008
19.0927
19.4162
29.1436
18.9746
24.6741
39.348
19.1792
39.7327
24.7775
20.9478
17.9679
36.5693
17.8304
24.3576
18.9092
22.5779
40.1821
26.6766
18.0165
32.2034
19.1126
20.2008
18.7234
21.4575
21.467
18.2146
25.977
18.2321
20.2871
18.0277
21.9249
22.0322
26.3811
22.6216
21.2542
20.131
21.1543
21.6377
19.4039
21.2734
18.4333
19.5549
18.6086
36.5018
23.5534
35.2287
38.2455
21.1366
18.4333
18.6843
26.175
32.9363
18.7042
18.0097
17.6476
21.1801
18.0975
20.6558
22.1262
21.2404
38.2899
19.6439
28.0538
19.9679
21.8282
25.1159
20.4611
37.5743
21.0799
21.4413
27.0489
31.8766
19.8845
20.7089
19.9761
19.9541
54.7224
26.0583
38.0497
19.8252
26.7631
19.1559
24.9706
28.7704
22.2252
31.6657
18.3738
32.2624
19.183
23.093
18.6375
18.2124
33.568
24.7126
19.7885
24.6454
17.4415
17.611
20.5334
35.1896
17.3592
25.8276
29.8101
28.5444
17.4567
19.744
16.9634
22.6477
16.3214
36.3144
31.6093
17.5923
38.5127
36.3298
22.1378
20.7967
21.451
19.9196
17.0134
17.2859
16.5834
16.6143
21.5025
19.2558
34.8063
17.0828
28.5406
17.8632
26.8248
16.3245
16.2193
15.9306
18.3435
22.1532
19.0284
19.3907
17.9632
15.8896
20.1246
16.3113
18.5158
16.0176
15.8227
18.4098
26.333
17.2166
16.3237
34.4093
19.6619
31.8176
15.9177
25.5852
31.2188
14.8555
27.8447
21.8104
28.462
32.5686
19.5983
19.0046
17.7114
16.8397
32.776
20.2511
16.611
12.1607
20.4625
14.8457
12.8206
16.157
12.9527
28.9247
14.5841
16.6056
13.5204
17.0292
11.6379
10.6666
20.3045
18.228
24.8531
12.7076
18.5421
13.418
11.5205
17.5397
14.1348
11.5406
12.5311
25.2948
17.6156
26.5357
16.2286
14.6323
27.1088
14.7846
13.3907
23.2988
14.5673
25.0771
40.0558
24.9845
16.5821
19.5946
15.2029
21.793
36.6221
16.9017
33.8559
28.4512
14.6877
18.7044
16.4648
14.0353
12.9538
20.8291
13.4263
16.4806
13.6047
19.1613
16.7863
20.479
13.554
13.3395
14.8226
23.3671
15.016
27.1877
15.5926
17.4507
38.9779
22.0209
20.5892
28.3861
37.7814
32.8587
15.3835
14.515
14.9415
29.0584
14.9863
17.1747
14.7512
15.7377
39.1501
19.3915
16.008
15.6261
16.599
22.9176
20.978
16.8928
16.0553
14.2718
15.3878
16.6078
21.3819
31.3712
15.2903
14.2078
24.3152
13.1158
30.0696
14.1939
23.7925
14.487
23.4434
17.0985
14.2687
14.0946
13.7924
13.2736
13.2949
25.4749
32.1928
15.8113
14.5086
14.4171
22.8869
12.9403
16.6382
13.3623
25.083
17.9983
17.2071
12.9527
13.5429
13.8601
22.5795
17.5885
17.4861
15.9485
19.037
13.0009
16.5296
13.0651
12.8562
21.913
13.4909
16.3813
14.0498
25.451
18.2983
13.956
13.4886
14.0259
35.3663
22.9936
29.8037
15.846
32.327
26.3443
15.1696
30.0575
15.1962
16.2753
21.1973
14.7102
19.7869
14.7553
13.4578
30.8449
13.8795
21.8672
15.7208
17.4355
14.6192
14.6076
21.8176
14.577
24.1635
14.2383
26.2643
14.8669
13.8185
16.7112
15.5991
13.5081
27.8232
15.8258
27.4585
21.5277
14.798
20.0755
32.9177
15.1631
15.6565
13.5323
15.7329
14.8511
13.7824
13.7408
37.5233
30.1637
15.6406
14.9151
15.793
15.1419
36.7691
17.3206
31.7206
16.0173
19.0777
15.6183
16.7382
15.8919
23.0962
15.8746
29.5259
31.6844
16.2077
22.2547
16.1433
17.0366
18.4136
17.8813
26.8865
17.5498
33.2695
17.4088
17.3064
29.3129
17.9077
18.7122
42.872
22.3424
18.849
17.6374
17.6294
17.8669
17.3077
27.2654
18.0206
22.1172
30.5519
17.5778
18.0805
17.4067
29.4437
17.81
27.7707
17.5035
23.5727
18.1676
17.2904
16.0683
18.3324
16.2506
17.3574
16.2225
16.6628
17.1644
18.1864
17.027
17.1146
28.3306
15.9962
34.4
16.523
29.7018
18.3224
20.5916
23.0118
15.853
14.5751
14.7741
21.1089
15.2017
18.6811
16.5119
40.0745
20.8523
15.1585
14.3171
24.6435
14.2288
19.1913
17.9327
14.4885
15.2183
14.1673
13.5611
29.3955
16.898
12.7398
21.9877
21.8183
12.8045
18.7611
13.004
12.7891
19.6379
13.8466
12.8381
14.1729
16.7561
20.4865
32.0308
15.5619
20.5862
30.936
23.1307
15.8697
19.714
30.6607
27.0122
14.873
15.7612
23.0403
15.6271
29.9674
15.5781
26.944
16.7074
20.3802
18.2964
16.3531
21.4406
19.3909
19.5337
21.25
14.0957
15.8113
14.8894
16.0268
15.5757
30.7316
15.4454
20.1887
17.9308
17.6675
17.9327
22.5714
17.286
26.0919
15.9056
25.5601
15.0569
32.2536
16.3487
30.0176
20.8796
31.3432
29.3745
15.3371
15.3254
19.5272
16.1943
15.395
15.797
18.7435
15.1166
22.4837
15.2377
15.6861
19.1986
24.5507
16.5676
28.36
15.9619
16.5473
16.423
14.9092
20.5546
14.7905
17.1905
15.504
26.2748
14.6422
17.1976
14.1293
14.9433
13.2584
17.8373
14.5683
14.7876
15.9271
16.182
14.881
25.4465
15.8448
26.4731
15.9594
18.6174
17.5032
24.5102
28.2215
18.8887
15.3565
17.2548
25.4508
15.324
17.3136
16.1187
16.6609
14.5716
26.079
31.518
15.5497
20.0246
25.2322
15.629
18.7358
32.6465
16.2974
30.3068
26.6848
17.3394
28.0614
13.7028
20.943
15.7186
17.826
15.8056
13.3835
18.9487
14.2738
25.0069
13.8652
22.4613
14.4456
16.9185
29.0432
25.5242
14.2975
26.3918
13.0583
26.3605
23.0827
15.3404
15.9891
13.9802
14.6785
13.2824
14.0207
14.0545
24.0555
15.6176
13.5447
15.7518
18.2588
14.6355
30.0689
16.201
16.5123
21.3511
15.311
15.6365
15.2754
21.2594
13.8582
17.8636
14.1805
19.9021
22.4871
14.1931
21.6035
17.1429
24.4416
20.9476
27.414
15.3052
41.5566
17.1288
25.0582
15.606
27.5787
32.3646
26.9127
29.2713
25.6473
16.5826
14.9512
15.7072
14.5987
14.917
14.8303
28.319
23.1454
24.032
14.8601
33.7173
16.539
23.9425
15.6772
32.4807
16.0744
17.0364
16.5752
38.7377
22.0636
29.7787
23.9588
16.2994
26.213
16.4711
16.4954
21.7265
16.3567
26.7243
17.8175
17.3897
17.2346
18.7619
22.8512
33.6589
28.7914
19.2723
19.1496
23.1804
17.1945
31.4681
16.6793
20.4404
16.1306
16.7718
16.7502
16.1321
24.4691
36.4604
16.5671
19.8272
19.4353
26.9464
16.9249
18.0419
18.0877
23.9144
17.1351
18.0876
17.0752
17.6902
17.3747
18.6968
17.5328
17.7698
23.9315
26.863
35.1871
23.724
16.601
18.7981
18.2592
30.3521
16.4815
18.3437
16.0038
35.1855
19.4338
16.3334
31.3049
15.9711
32.6343
17.1076
17.5721
41.4282
24.8626
15.4082
16.3712
16.6227
17.0014
30.5759
29.3032
17.8239
15.4933
17.491
23.2544
15.8539
25.1271
15.4682
21.9225
22.6751
14.8423
27.9024
31.1848
19.2131
26.3053
14.2495
21.0474
15.289
14.2787
14.839
15.8162
14.9021
15.2392
39.5963
24.7174
25.1435
33.4631
16.3394
27.7559
33.909
16.672
24.4717
18.1682
16.8099
35.5023
17.2021
17.891
31.6673
18.8144
16.2146
15.9189
15.6088
16.2968
31.5107
17.5799
36.9575
16.3632
36.3738
16.9994
19.4668
17.7859
18.0881
17.9797
17.238
22.6431
16.4149
32.1352
23.4148
17.6564
23.4199
18.9214
18.4513
24.198
16.534
19.1891
21.8251
16.7104
17.5858
16.6908
23.2062
19.7361
16.7876
16.736
17.132
16.771
30.5615
17.9189
17.606
24.0043
16.0103
28.2261
17.6393
16.7644
16.5661
29.1567
18.173
19.1352
20.366
35.8839
18.9962
17.8131
27.3701
17.2838
17.3808
16.4582
31.2904
16.8807
16.4914
18.2061
34.2503
16.4222
35.1629
16.6885
34.0281
17.4401
24.0566
23.5112
16.7942
27.5347
17.0762
33.6423
17.3236
18.987
26.0754
17.6476
38.6891
19.3781
19.4346
15.9831
32.6513
17.303
15.5359
30.3621
30.4774
14.7637
28.0359
16.7002
40.9218
18.2022
21.5354
28.5246
15.1835
31.7998
16.123
21.0229
15.5167
23.9402
30.4871
25.7726
20.3287
16.0641
21.8771
15.3697
16.8449
17.2111
18.0404
33.5684
16.6093
22.646
32.6351
17.0508
16.2027
18.2385
22.824
19.5159
17.0578
34.4958
17.8592
15.6909
29.4098
15.6584
17.7563
15.836
18.8095
20.2996
16.0272
28.5535
17.6638
23.6089
15.2946
27.9802
15.4447
32.4781
15.8065
32.6442
17.0411
27.922
16.8443
21.8798
23.346
39.2207
27.6626
16.1862
16.0276
15.3763
28.4737
18.9348
16.8288
20.4235
30.0917
17.5805
15.7417
16.4548
23.0196
15.9599
27.999
15.245
18.1207
18.445
15.6901
20.8495
14.8077
15.2509
15.5428
15.9692
16.1171
26.8797
15.3058
15.9921
24.0862
15.6212
17.8481
15.2391
14.7853
35.3474
22.5154
18.8703
14.8433
26.957
25.7373
15.2653
35.042
15.6139
31.3623
17.3806
23.5453
33.2505
26.6469
14.361
31.219
27.1527
13.6669
31.7682
29.2882
23.4316
21.0926
13.9034
13.2594
17.5829
16.6656
16.1689
13.672
12.7867
13.0919
18.3753
28.8719
14.6155
13.5629
12.6174
12.559
13.2388
29.0674
14.4139
14.3839
30.6574
16.5893
19.2247
15.0284
16.3238
15.9899
20.1003
16.6584
19.6392
27.7868
18.3905
16.8897
17.6222
15.7424
19.7985
26.6046
19.1442
15.8124
19.6179
17.4375
18.698
17.2664
17.5293
18.589
31.4283
17.3628
30.5686
16.6327
18.5777
17.7636
17.0301
18.7896
33.5892
15.7902
17.0377
19.3585
15.5443
18.6951
27.1862
15.5948
39.2286
21.1353
43.9937
30.0688
35.0474
19.191
17.7325
17.4006
34.5676
17.1778
20.4827
28.9715
17.3015
29.3005
16.2834
15.4992
15.9431
24.7175
15.1152
30.7217
32.4635
19.5579
15.3383
16.0093
27.08
14.8717
14.8055
24.5075
15.0346
22.2731
14.4374
32.7818
28.6578
28.4972
13.8156
15.6439
15.9199
12.4205
22.4728
12.2179
14.2378
12.5773
13.1152
21.9056
26.7024
20.2432
18.8773
26.5028
19.6436
13.8446
20.4557
13.8828
26.0196
22.3365
13.5917
16.0378
12.26
19.9755
31.0177
18.1608
19.5385
12.7325
13.3678
12.0279
21.7543
25.8015
21.8837
12.1102
15.7293
26.7987
13.2263
10.2047
18.375
12.3473
8.91282
22.2966
13.2842
11.7937
21.2079
17.4286
16.918
15.4509
9.57252
9.21166
10.318
16.9115
9.00389
25.665
14.6101
18.169
10.3339
27.0885
11.4958
15.3173
15.4089
20.6766
11.8881
28.4624
14.7356
14.0656
9.8859
13.0002
9.59832
22.7557
21.3031
12.692
16.1075
13.0185
11.6953
23.0967
9.56132
22.3121
12.9938
16.3221
15.6304
13.0051
12.4376
13.0153
13.9477
19.5064
13.3396
20.2328
25.025
12.271
13.7735
13.705
13.2616
28.2693
14.4959
13.4235
18.021
13.4631
24.3112
14.501
38.2313
30.1761
28.7877
23.379
13.846
20.063
12.6895
18.213
10.5915
12.6452
9.87733
20.068
12.2439
13.6532
11.6915
27.1736
16.706
9.864
11.6406
9.03166
11.4199
19.4748
18.068
12.4319
8.7267
8.4894
11.1742
9.3106
23.266
13.9794
21.8566
13.9068
10.8717
10.6586
24.1856
13.0851
19.6568
12.1986
19.5198
14.0697
18.8209
15.0286
14.0797
14.2517
16.2743
14.7111
17.5186
15.5719
14.0871
13.7894
13.2859
13.0464
26.1551
15.0377
12.8661
30.8978
12.6416
10.7494
24.8997
24.3594
12.3713
10.3879
10.7434
11.0257
9.55828
13.4686
10.347
9.7031
9.31519
11.4923
19.4511
12.3056
9.897
13.1734
18.5669
13.1789
20.217
9.76744
17.146
23.2378
12.0075
17.6414
19.0386
10.565
19.5491
7.37213
9.0515
8.97829
7.52178
10.5657
8.37471
20.2748
11.7112
12.1198
9.39954
8.51024
8.22542
7.80184
7.69126
8.35338
17.3013
19.995
8.17149
12.3236
18.9369
14.313
8.38795
8.57691
14.8626
19.6751
14.5854
19.3234
16.6079
9.16171
10.2298
10.0143
8.33702
9.46286
9.48681
19.7619
13.6528
14.623
21.9444
13.7081
11.1152
12.2207
24.1712
10.7314
15.321
14.6851
11.0291
12.8865
22.3899
14.5819
18.5462
11.2325
10.4968
12.2938
10.3722
11.5504
11.0004
20.6982
11.7403
21.0135
11.1615
9.45124
12.7421
10.9289
20.5256
15.6849
15.9555
12.163
27.2771
15.5784
15.5911
11.4526
11.0571
9.03683
10.0447
18.278
10.843
17.1186
9.87273
25.1518
18.2973
30.0838
17.5547
21.7901
11.0948
14.6501
11.9792
24.8131
14.0166
13.0243
12.3659
12.1417
11.1705
24.3467
12.0137
25.895
13.57
20.0512
12.4992
13.8154
13.2056
13.8037
13.1967
18.8832
12.6713
13.5044
12.899
21.5319
26.9214
13.0825
13.6828
21.7533
12.8456
12.6381
11.795
14.0451
14.7524
12.7329
15.9684
12.4548
12.9627
12.1791
26.62
23.1606
12.0333
27.5347
26.1063
14.4149
26.1922
13.8782
12.493
10.6571
13.4989
11.1022
26.3675
14.2442
29.3141
20.3495
12.2721
11.4744
13.981
17.2972
11.3856
22.0842
11.8643
22.3998
20.3321
11.0761
27.5719
13.1864
11.4165
17.8592
15.997
12.0643
12.0009
21.3537
16.1091
11.7396
11.6343
11.4555
19.326
13.9889
14.316
24.7121
21.4104
19.2474
13.0228
11.6418
13.4741
27.1061
13.7083
25.1949
12.0475
10.8437
24.104
13.4312
26.5664
15.79
18.5244
10.7986
10.9006
20.041
13.9557
18.3504
12.8663
9.73923
17.2995
10.5047
18.761
9.57217
13.0998
10.569
10.0201
10.8957
16.1218
22.2963
12.6506
17.735
11.6924
12.444
10.6621
13.3072
10.3444
11.8429
14.7726
12.1495
11.2476
13.7379
10.2685
24.8842
12.0619
10.1836
11.9983
11.4339
9.60761
22.4657
14.772
19.8672
13.3841
9.70762
10.8444
10.6241
17.1142
20.7059
23.4426
11.4746
19.3569
9.94501
24.9396
19.6933
13.1912
11.0667
24.0443
23.5452
17.8762
12.3107
19.1719
11.5139
24.6413
12.8853
25.2812
15.2509
24.8149
13.8331
17.2202
19.0955
19.2344
19.8722
12.2772
18.1714
10.82
9.94866
23.3937
12.9222
10.2547
11.0746
16.8804
11.6502
9.69943
11.5498
19.0628
11.7175
17.4524
18.2746
10.9503
16.7463
14.4992
12.5326
12.8884
13.3264
10.1159
16.6916
18.6612
24.0985
10.255
12.6367
23.1303
9.95611
15.6566
11.8912
12.4174
23.996
15.2318
22.1051
11.8265
24.4877
13.903
11.5698
23.1572
19.2315
13.9294
13.3423
23.5008
17.3168
17.5127
13.0301
11.4695
11.2505
11.604
11.6148
13.2233
20.1736
13.0259
27.5428
26.2209
14.0707
11.5855
16.048
21.7582
19.9765
23.8737
21.7357
22.9762
12.1635
22.4561
22.6001
18.7574
15.8752
16.6854
11.022
24.141
11.1221
9.72824
7.33931
10.2182
14.0434
10.7016
10.1296
18.4197
14.697
22.9754
25.9454
23.449
13.6043
18.7653
12.56
13.9077
13.7714
18.1278
21.5803
9.882
11.8925
15.491
11.3012
9.46966
20.9261
10.3123
19.4192
8.55554
23.997
18.3649
23.1567
13.0742
21.7856
11.1285
9.80602
19.6755
18.7344
11.5808
12.1261
12.2468
9.86021
10.2718
19.2155
12.5543
13.336
23.4918
10.8961
19.9287
9.1036
13.632
12.7823
12.601
21.9447
11.6962
23.8001
15.7479
18.3103
13.2041
26.4391
16.4154
17.7735
14.7019
11.8791
23.1207
14.0636
12.8518
14.5377
11.7625
13.3042
12.6156
12.4401
28.0435
17.5727
14.7288
17.5712
27.7305
19.4414
20.1185
31.4944
17.1085
32.0577
28.9359
24.4098
12.9897
13.6043
26.9752
13.2342
25.1573
14.7234
15.5659
28.4024
18.8998
10.8985
14.1369
12.0392
11.0314
16.2721
11.7425
13.487
10.9815
21.0337
14.5012
24.1592
11.8986
18.1693
22.3841
12.4412
31.7306
16.9793
22.3623
11.2682
25.5732
17.6441
22.2747
14.6268
16.0394
23.8267
22.6016
15.3096
14.623
10.8725
11.5421
16.1102
9.89716
10.5588
12.3771
17.2627
9.98963
15.8632
20.6053
13.9374
22.9386
20.8963
12.8287
12.3786
14.4074
25.7681
16.7738
12.6043
11.8255
11.854
18.1043
19.3657
19.5047
11.2668
15.7348
24.141
12.4145
25.3268
13.4259
18.4364
18.4638
26.84
14.0599
17.4598
16.7034
24.1105
13.7317
21.8842
12.1714
21.3073
13.2999
10.3275
27.6885
21.1265
26.3846
12.671
14.1134
8.97417
11.8443
9.61974
9.48922
13.8447
23.1182
13.3835
22.6926
13.7725
15.6414
9.19006
10.7983
14.8668
8.86791
17.7635
24.5869
13.5296
25.0263
21.6794
14.2248
22.4465
17.5614
11.5788
12.9675
13.1892
11.4692
11.2174
31.6748
15.0857
12.6327
11.8547
12.968
10.8826
11.9729
14.9721
11.0558
24.0662
25.3051
13.5118
26.4525
17.8169
13.081
12.7861
28.088
18.4729
29.3444
14.2851
13.1268
37.7344
22.1705
13.2689
14.1342
28.3934
16.1352
13.0414
20.8227
28.939
26.3478
14.231
21.9155
13.6248
20.8528
22.9524
11.6202
17.0869
12.2403
17.892
11.7179
21.2474
11.7339
17.8245
12.3588
10.4453
17.7801
14.3881
14.4367
10.1219
12.3968
10.1623
11.99
23.3828
14.0024
11.4339
23.5474
23.0479
25.4367
18.3847
13.3544
13.9629
12.5831
10.2313
14.1593
14.9025
11.1518
10.6094
13.4957
10.6424
11.8687
9.39256
10.775
9.78363
10.6681
19.6302
11.7357
16.1033
11.6703
32.9118
15.7452
14.3718
13.8808
13.5761
23.8724
15.5706
16.2951
14.7055
17.8808
15.2738
25.6559
14.2987
24.9417
26.194
19.9186
8.81314
19.8412
20.7934
12.1952
16.6322
12.8033
9.84849
25.0573
14.1418
21.6414
23.2968
22.5866
24.7005
16.3064
9.82702
12.7033
22.3027
11.5396
18.1847
10.1364
14.1119
9.92267
16.5731
13.9686
23.4717
30.2836
14.9219
22.6181
11.2173
27.1669
30.1489
14.442
28.0806
18.1641
24.6182
13.5096
20.9222
14.63
11.5694
11.4458
14.7455
12.6014
18.9792
12.2829
20.0849
13.0299
22.2551
13.3031
21.5574
18.5315
13.6721
16.5145
37.9125
19.2166
15.587
33.7895
16.7292
15.684
29.6505
22.6103
12.2856
22.3539
11.0336
15.3449
11.6509
10.1323
13.5056
26.2551
13.9012
20.6611
15.787
17.5896
31.1645
14.4194
16.0157
11.5056
10.366
13.4203
14.8817
13.8286
16.6977
21.6901
14.249
17.1824
11.1833
12.1667
11.503
18.1394
11.9429
20.1014
10.743
9.24055
21.3712
22.469
22.0888
16.2977
11.0938
13.4479
22.6301
10.2059
14.0716
16.6373
21.3611
11.4482
18.9979
17.4684
11.3687
16.0423
12.1652
24.2907
12.8626
17.6399
18.2504
11.8408
12.1658
26.763
11.8623
30.5512
21.3001
11.7967
15.2993
12.7284
12.6384
12.2925
20.9589
12.7647
16.1386
12.7467
30.9851
14.8851
13.2999
12.0441
10.144
23.2565
17.8481
30.2876
29.2289
13.4177
19.3662
12.4605
12.595
17.6525
25.5031
14.741
17.429
20.1365
9.03432
16.7127
11.3233
14.5448
10.5257
24.6276
15.2439
13.5441
10.7361
11.9693
23.1076
11.8482
12.3204
21.1455
10.838
24.2218
23.2277
21.9138
14.1908
12.3118
23.715
30.5972
20.3231
14.2147
23.0525
17.0227
24.4058
13.0608
26.4348
30.8536
19.7904
11.5584
13.7373
28.8019
14.0149
11.3434
32.6161
14.3593
14.1227
22.9602
22.3918
11.6622
14.9642
12.3279
16.0952
19.2563
11.9922
14.5719
25.5644
18.973
11.0702
25.4457
14.0883
18.6562
16.0195
25.115
24.1627
14.4565
22.884
12.7254
10.8955
12.0634
13.0812
10.4915
10.355
12.8107
26.6993
18.1112
20.3256
27.9908
14.0976
16.9733
14.8385
11.4126
22.0003
30.6135
18.1534
25.4787
17.2523
10.4521
13.0806
11.2816
27.261
16.0226
18.9322
20.4031
13.6385
15.6671
13.9554
20.8675
14.018
10.8673
10.2772
17.251
11.6039
24.9983
20.011
16.4947
24.8102
14.6346
11.9378
12.4297
20.5834
23.8517
28.9948
13.8538
13.2604
15.8859
11.6366
17.0401
18.7594
28.318
25.0146
31.8046
22.9921
12.6129
11.3358
12.3172
14.803
22.542
28.1542
15.5035
21.9321
11.59
26.8182
23.1622
23.5984
14.1435
26.3323
18.2169
22.9332
27.1554
14.2884
21.6832
12.9897
25.6345
12.6888
14.5002
13.4044
23.8839
20.0439
14.9222
11.8837
14.0147
12.1915
12.5425
21.9858
11.2608
23.7481
15.5307
21.9404
21.9787
22.3265
20.9719
12.015
18.5487
12.3816
16.201
23.9327
21.6122
18.8536
14.4298
17.0255
12.2824
12.9185
11.3936
14.7155
10.3467
20.1722
13.0316
12.7723
11.1704
15.8629
26.5607
12.9968
21.7963
15.3949
15.8351
25.0552
11.7249
24.0197
16.9457
26.3319
30.6662
16.0673
23.5024
24.2714
16.9727
11.6467
16.9411
11.3212
26.659
14.3673
22.5283
11.5586
26.7172
14.1586
30.7386
16.2746
29.8108
13.7692
15.0402
23.6916
15.2319
16.1763
22.2678
13.0376
19.2683
17.9976
12.864
15.399
11.0556
11.8187
12.6541
23.0838
13.0898
18.8866
21.7497
13.7012
23.5709
26.4908
21.4389
20.7844
11.8768
26.9153
16.353
19.7835
18.1462
22.9187
11.7304
17.2659
26.71
13.229
19.0688
21.9264
10.9658
27.5976
11.0074
13.836
10.2819
18.9583
19.9574
12.1424
19.7063
12.5382
13.5179
24.0038
13.6233
12.3044
16.3433
24.143
14.2743
15.9599
17.5087
10.6987
13.3341
16.4429
12.2098
20.4981
15.673
12.6898
11.0301
26.1543
14.1422
14.5408
23.3093
11.883
23.1223
12.279
12.3921
11.2897
16.6172
21.9237
13.2083
24.5478
13.4961
13.6831
22.8635
12.4496
17.2599
20.0905
13.2017
20.4861
21.4995
10.8988
27.8331
12.9323
21.4827
10.8395
19.7706
10.4361
20.4551
24.91
12.9751
18.6896
13.6149
25.0002
12.5428
18.0639
11.3334
13.2431
10.8702
20.9126
14.5983
27.0121
25.7003
19.2825
12.6651
11.1869
10.7066
18.2825
12.2111
11.2045
25.1355
16.8641
23.5755
12.11
25.9513
14.3401
10.9986
11.4152
11.7076
24.362
13.2548
13.4064
16.2071
24.5567
16.4816
11.3844
26.724
14.6713
10.8709
24.8115
25.3864
17.6627
13.6155
12.9795
26.8287
13.88
13.5256
21.6901
24.3391
14.1664
22.6126
14.3421
14.4627
18.8199
15.9129
10.8622
22.1992
25.7174
12.6699
27.3089
14.0525
16.1738
25.4575
13.1643
24.2629
17.1258
14.5338
12.6354
10.4709
21.4656
20.0754
11.2301
26.2284
14.9404