13.9835
18.1513
23.1301
12.7326
37.4064
29.0395
10.1638
11.0511
10.5358
9.98659
13.9431
13.2451
11.2449
18.5117
15.0293
10.5862
12.7825
9.71133
10.3379
9.9042
10.3123
15.2974
11.7772
19.7927
17.9624
14.6841
13.0277
17.8557
18.9558
12.2044
23.1712
12.1987
11.5831
11.0027
13.6803
10.6745
11.0244
20.6069
19.4081
11.0276
26.5532
12.807
12.5718
21.9082
12.0435
10.8036
21.2383
10.0327
16.0428
16.3809
14.1658
11.9183
10.6806
13.5446
19.7593
13.2842
15.9221
11.5031
10.6849
10.7596
20.9821
10.2789
10.0887
14.7313
12.4213
10.6912
15.0554
12.0823
19.1975
10.9625
26.3091
16.002
16.853
12.5042
10.5792
21.339
12.9048
11.3367
14.9007
10.726
24.9053
12.3922
13.3117
18.0619
13.097
16.7664
11.4344
12.8301
25.3843
13.5717
11.6016
11.5608
11.4362
15.0416
13.575
21.8608
10.5834
22.4923
10.7486
28.0162
25.8088
24.5929
11.719
15.2559
23.8373
12.3229
26.9113
13.8546
19.4985
13.5877
17.0801
15.9281
11.6841
15.1175
23.8077
19.9438
10.9776
17.3715
11.7822
18.7292
13.0613
17.1385
11.4595
24.8996
17.1987
11.5464
21.5074
19.1655
17.2308
11.5859
19.7651
20.3986
25.6934
11.918
13.1506
21.7874
12.4573
27.6335
19.786
14.3376
21.2378
10.7889
22.1678
11.8787
25.5018
13.2876
26.1386
12.6699
20.5227
15.386
27.2772
16.9252
13.64
12.8324
12.1149
13.7056
24.3499
12.1023
28.0601
14.691
12.4631
24.8681
13.9195
22.0732
27.1368
12.1286
11.3673
24.4438
13.326
10.9553
12.5667
20.4923
19.82
29.866
20.9309
15.7813
10.2124
11.8048
17.4511
12.6765
11.4429
20.3625
13.4692
12.699
13.1883
17.8708
13.2056
14.2825
11.6624
25.3486
15.2781
16.2336
12.8206
11.9214
25.6889
12.0444
21.7886
12.8804
13.8287
27.5903
14.6583
17.0882
24.033
24.2659
13.0437
13.6168
13.398
20.3879
25.2485
14.7579
17.7272
11.8846
20.1774
23.1891
23.8773
12.6262
24.922
17.7841
15.8955
14.2894
15.1894
9.7368
10.8232
10.5927
9.83217
14.2505
15.3098
9.77138
23.6596
13.9063
11.7219
10.7519
13.288
12.9671
17.5225
24.5152
13.0608
15.4681
12.4774
17.3804
12.9494
15.0363
24.228
15.0441
19.7749
19.5352
13.7705
27.0995
27.6493
12.3109
29.302
18.0843
14.3114
9.6325
9.58964
9.88658
9.95622
18.6783
10.7473
13.1136
11.7021
8.99002
9.91044
23.4269
16.0211
10.6171
20.4275
13.1488
13.2951
12.3309
11.4975
11.8956
11.7062
13.2378
13.6408
11.1088
14.7101
11.3929
12.4365
13.5888
22.9326
14.5827
15.2191
27.0154
13.1261
15.2497
25.1587
12.6258
21.1268
15.1367
11.4302
17.4903
18.4988
21.8762
23.9891
11.4473
19.8783
14.0258
13.496
13.8708
24.5647
23.2004
14.5825
26.1752
14.1353
17.1551
22.0249
16.1204
30.4982
30.997
12.1169
15.184
21.1771
20.6536
15.9293
25.0777
12.7694
11.784
23.8836
9.08458
21.0329
9.70052
12.666
8.57686
18.4743
15.6446
11.9236
18.1799
11.0173
15.2945
11.7838
10.1062
11.4955
12.7691
9.89512
16.0961
11.3806
17.8744
26.7766
27.8494
19.407
25.691
16.9737
16.173
22.2661
16.9749
11.2831
19.1545
12.29
17.9232
25.6493
19.8104
10.6917
25.1345
25.8049
13.0638
15.4835
10.5583
21.1114
9.41153
14.408
10.8899
18.0503
15.8004
12.2305
10.0304
22.497
23.038
21.7043
12.3384
16.4384
10.8997
30.8508
17.1011
24.06
14.9327
15.8846
24.8874
36.5631
30.9317
31.4613
15.803
15.36
17.4516
11.123
12.6405
15.9743
22.348
13.0865
27.161
14.8542
20.455
10.065
24.0382
11.4233
19.2286
13.7297
12.4272
15.4088
13.0966
10.0841
24.1965
17.8294
12.258
12.7192
13.6379
12.1641
13.7668
13.6692
11.2287
14.9813
15.3507
12.7227
14.0885
21.8108
13.9714
16.9273
11.0889
14.1717
25.7393
14.058
11.2514
20.8163
11.5762
17.2372
11.1959
23.3657
14.1179
11.9498
10.9794
24.1519
11.9975
28.0337
16.5242
13.5528
20.0609
24.9695
16.8903
20.3409
24.38
26.5188
13.2996
23.7347
23.9438
17.742
11.0479
17.2826
12.2738
9.43432
11.1769
18.9445
15.0035
11.1073
21.4315
23.1304
13.4023
11.8407
29.5471
16.8303
27.2073
19.9552
12.0803
11.0914
11.2768
8.96363
24.3443
21.0994
13.1804
23.0428
18.9413
12.2666
24.8207
13.6732
16.1434
21.2946
22.4588
17.8414
21.3227
10.012
14.216
24.7085
11.1049
33.1142
28.6483
26.1115
15.459
31.5809
16.2818
17.176
14.7909
9.76168
9.15386
10.0198
11.4863
9.31283
11.5652
9.43586
10.9265
12.0171
9.94805
11.0688
13.9009
15.151
14.5625
20.2003
12.8043
12.6131
14.5699
13.4302
18.4093
15.2724
12.5953
14.8079
19.8795
10.9381
11.7096
8.60806
10.7196
21.3485
21.6139
19.6709
11.714
20.2753
16.2138
14.4836
13.3145
13.9253
31.3417
22.1069
24.2031
12.1877
13.543
10.8724
25.7194
14.4034
10.4758
9.20325
11.5302
21.3653
21.5251
23.7313
13.4061
12.0776
13.0408
13.9126
11.0722
11.4696
23.8331
15.0483
28.9947
18.4385
25.7442
21.1668
15.1499
11.7036
15.3083
23.6481
13.5548
17.6396
10.2624
15.6882
14.4075
12.4369
12.2428
20.3044
11.9145
17.4491
11.5494
15.9208
27.8003
12.6926
19.6273
18.0733
11.5898
10.7954
19.0996
22.4774
24.4189
18.5996
15.9333
12.4196
13.0632
10.6357
10.5732
11.0762
21.465
14.5345
11.5805
10.5275
27.9164
28.0827
13.4707
22.3683
12.174
15.4907
12.7566
10.5986
12.341
12.5041
23.064
12.2902
20.2441
10.4684
19.9042
10.2256
15.1478
11.4706
11.0492
20.0622
13.9597
10.628
12.295
12.2025
15.0295
15.0441
17.1309
12.8198
21.1679
11.543
18.5159
14.0916
20.6677
15.7892
22.7777
15.7367
19.6389
21.7297
11.3693
10.5633
21.2938
10.0448
25.8272
14.7959
12.3787
15.4384
13.092
10.0564
24.7434
27.1612
12.876
12.8858
10.7029
11.191
9.93065
24.5205
14.6089
14.8796
14.6767
10.2995
10.9295
12.0789
27.3625
20.6359
12.7251
15.2119
11.3054
12.3948
24.023
12.5504
15.8068
11.5046
15.2109
26.6234
15.1446
15.6483
26.3556
10.9658
25.8173
22.7719
17.6774
21.4051
12.5729
13.2448
9.50368
8.86026
10.15
23.0408
14.3844
20.1344
10.0531
19.6951
11.9438
21.8065
14.5427
23.6369
14.2967
12.8008
29.7949
17.833
15.1192
24.62
13.2836
21.5107
25.9974
12.6935
14.0215
21.4988
11.3973
25.6244
12.9451
14.3001
27.9471
29.9447
15.6902
13.203
26.6032
13.5375
13.6683
15.6829
25.0429
26.3961
18.3776
12.578
15.709
18.0153
23.9751
12.2009
19.4798
22.2653
13.6022
17.9141
12.0594
26.5041
11.6337
23.3282
25.9159
13.976
15.5094
26.4934
15.6153
19.2099
11.4289
26.6014
13.7889
24.9562
13.2935
17.4615
11.6883
26.9209
28.9317
31.698
19.1569
21.0322
16.8797
10.021
25.3733
11.2897
15.8863
11.8444
19.0103
12.4351
13.7897
11.503
10.7845
10.3985
14.1232
11.0745
26.1633
15.2802
10.2307
17.0199
10.1756
18.1009
12.1928
10.9113
10.0802
23.7837
19.3992
10.4527
18.9021
13.0123
27.9763
21.932
14.4297
12.4245
12.3141
13.4949
12.7619
15.9819
13.2335
17.8884
13.3089
12.8742
17.3641
12.3119
17.8808
28.3136
13.6686
25.1765
19.0977
22.035
12.4048
10.7239
13.2659
14.6686
10.4221
11.2099
10.4491
19.4606
27.1415
23.128
17.339
20.7231
11.505
10.395
12.0203
11.428
26.1913
19.5352
11.9493
21.8189
10.558
23.9644
13.3681
24.4701
14.5797
15.1743
23.1185
10.3083
20.2298
15.2404
21.4112
14.9591
24.2685
8.69218
10.1082
11.9201
11.0525
13.5158
10.5221
10.1039
9.55136
13.6421
12.0989
12.1337
11.8819
21.0185
12.3321
12.3254
11.1053
10.4
10.844
11.0618
11.5989
9.68867
10.1067
13.8084
10.4276
10.6633
9.65409
9.71651
9.2071
10.9797
22.9718
14.4038
15.0099
11.3545
8.96597
8.34612
7.90689
18.8442
13.6149
10.4119
10.3396
12.0678
21.1136
11.5233
11.5493
10.8621
13.9795
15.9877
23.9517
12.6205
25.3378
15.8316
20.6132
24.9896
12.2888
15.128
12.2868
12.6742
10.8458
11.2088
9.93757
20.5644
23.2716
11.88
24.5703
12.2922
20.0169
9.43132
20.6548
12.4958
12.2781
9.25947
10.9222
17.398
15.1001
15.3408
15.7535
11.0103
23.2339
13.724
11.3638
9.10786
10.2537
9.09149
9.89125
17.5837
18.5439
10.3786
23.6643
17.0591
11.6255
10.9413
11.0663
25.098
14.0776
11.4647
10.2503
23.8186
13.9111
19.7598
19.6837
16.7982
11.9202
14.31
12.5739
12.1069
15.235
15.4703
26.5089
15.8886
12.9447
12.8603
12.6835
11.6122
11.9578
11.779
23.855
11.7394
16.7257
12.9299
11.7081
20.8934
12.8421
12.9955
22.6258
11.7221
10.804
29.5126
27.0188
16.9025
16.5424
11.8862
9.89821
16.348
11.0789
9.25504
16.7994
8.19418
11.3056
18.4132
20.981
11.6578
10.2452
9.8934
23.9207
11.803
21.3442
18.7336
21.3903
20.3633
11.6786
17.5563
13.6848
11.6185
14.2976
14.1483
12.2111
12.6199
13.4689
14.7856
14.652
14.4914
35.0058
17.9409
15.1587
24.2505
13.3413
21.5388
16.138
24.3194
12.763
12.6162
22.4757
11.9677
35.9115
19.374
19.5686
27.0827
13.5321
27.6682
14.4
15.429
27.0367
14.3074
14.8901
12.5535
24.0493
13.5713
18.3756
19.0763
25.0046
16.7375
14.9461
14.8467
15.7654
15.2063
14.6646
17.2154
22.5766
35.9284
31.3603
32.7391
16.0971
16.3853
29.8777
28.9328
23.2764
29.8174
16.5755
28.1823
35.8681
17.219
17.2124
29.9064
16.7529
22.1107
16.2712
16.7303
20.2329
15.8314
21.4099
22.4464
16.5496
19.9738
16.925
17.5024
17.4411
17.5257
18.1522
16.8471
20.2524
16.9196
36.8366
30.4643
32.2426
16.5361
16.2952
16.6533
17.9359
17.026
16.877
27.9461
16.2423
31.8109
16.6177
17.0627
16.8248
16.4799
16.3843
15.4985
16.2848
15.4243
40.4513
20.6988
18.1942
39.6872
30.3928
34.1164
18.3981
14.7864
29.2303
15.4986
32.0118
16.1695
32.6591
20.8474
14.8588
14.3137
27.1274
28.7206
14.5923
25.9588
15.9707
21.6213
21.9096
18.7781
14.3703
13.662
27.3566
14.2702
28.5906
15.5809
23.1488
13.5288
16.5549
14.6066
24.9856
13.5374
22.673
22.9988
19.2553
13.2484
28.4391
16.5466
30.8216
13.6508
18.7374
16.3822
21.2077
23.2253
14.2166
32.4883
19.0758
22.704
13.6956
24.7968
13.7262
28.5635
13.8543
23.7017
13.5072
26.1759
24.318
16.1758
18.344
13.0029
17.8897
13.4343
15.5174
12.9021
29.3252
23.9901
13.3526
28.9303
30.7479
14.7829
13.9326
14.7016
13.9306
14.1929
13.8665
13.6888
14.1582
13.2723
17.1338
24.9381
15.7107
25.6115
16.1298
24.1585
15.4182
17.4618
26.3215
13.8826
22.9545
14.4482
13.5456
35.0431
19.7939
27.1431
14.2724
16.905
14.2933
30.8576
21.4646
16.083
14.826
20.5832
15.3261
41.8823
18.7225
15.5942
18.9161
15.4936
18.0794
15.6433
15.3266
19.7377
15.8935
16.2399
18.1028
16.566
22.2415
19.8245
29.3314
16.2174
16.6698
21.8618
25.8128
16.8122
43.333
19.2693
34.066
31.548
30.0885
25.8388
16.9442
17.1606
17.1759
16.2821
35.5026
24.572
16.6004
22.7976
16.4291
16.4936
17.0457
17.6098
16.1047
34.1112
19.4362
22.6874
17.2333
25.2836
16.4356
21.5039
15.787
35.7404
17.7343
46.021
27.5237
15.6398
17.1304
33.8037
18.2741
22.3056
26.6264
37.3572
30.1209
30.9256
28.2235
19.9298
16.4028
22.5527
31.6567
16.5003
16.2087
16.635
21.6127
30.6938
16.5433
18.2256
17.9213
31.7252
16.8378
29.5092
16.4674
22.2633
18.514
18.9904
15.6895
16.6382
16.4452
15.3863
26.5381
15.7892
18.0806
19.6889
22.1244
16.1188
23.4076
24.7646
18.38
26.5108
16.715
33.6851
16.1255
22.6432
16.8492
34.1742
17.2084
27.9173
16.7695
23.0679
33.6412
19.3081
18.1892
16.1273
27.1313
16.3446
27.2054
34.2462
14.8401
15.8317
15.1071
15.8575
14.9197
15.6799
37.1325
21.2066
21.4588
19.2242
14.2549
15.6524
15.1296
14.8108
15.3211
14.912
15.2034
14.7454
16.5706
31.2273
15.2556
25.2159
16.8854
14.027
13.5611
13.3063
23.5671
25.4207
35.623
15.6115
18.2715
26.9703
15.4077
32.619
15.8043
32.9464
25.9005
13.4486
13.258
13.1288
13.8168
13.7128
25.9727
13.3524
16.8005
12.7542
20.9547
13.4343
12.5145
25.6588
14.4145
16.8869
18.4757
15.5622
13.9296
27.8273
30.6645
16.5975
13.2663
14.5179
25.4172
12.5613
29.3524
27.9835
22.4233
14.6266
24.8059
17.1326
14.5972
17.8239
11.8014
23.2837
12.6221
30.4658
21.5279
12.3744
25.2226
15.7692
17.1082
16.9308
12.537
19.1583
16.1104
12.3052
13.5129
13.6172
12.24
19.0248
30.0277
20.4349
17.6166
12.2335
26.6557
14.3936
28.3416
15.1469
31.3351
15.6773
26.4939
16.9745
23.9807
11.8375
25.838
13.6593
33.2072
15.9788
14.2255
12.567
13.5788
13.7218
14.4475
22.684
16.552
21.7881
24.5089
13.7944
11.4792
12.3803
11.5804
11.7097
11.6396
34.2982
19.7016
17.2053
12.1584
11.2467
11.851
12.1759
11.7906
12.1937
23.2186
11.9122
17.2297
29.7384
21.8176
20.9505
35.3368
18.3364
13.5222
13.6475
12.6921
14.7256
24.1409
13.0396
33.7894
25.0201
13.6928
23.7452
27.9933
14.0104
15.1839
13.0219
28.0502
14.709
35.4168
24.5112
13.9397
16.0725
13.6863
16.001
18.916
14.8193
15.5885
14.59
19.4009
13.0387
29.4288
18.2877
29.867
20.526
13.5291
14.576
13.8208
12.6347
12.7867
27.9441
14.7464
25.8206
16.2212
20.4146
13.0433
14.4719
12.914
21.3725
25.0284
13.2059
16.0333
11.9847
11.9901
12.1915
11.7409
13.6821
25.4525
16.0689
30.6936
27.0099
12.2851
10.8896
13.8432
11.1269
16.5372
12.0668
20.3231
17.5429
11.2563
15.7693
15.7957
13.7806
22.7118
13.6553
13.0507
11.5348
13.102
21.3061
14.4832
11.5138
11.0742
27.0137
26.1189
16.1685
15.1906
12.7699
17.8607
13.4473
28.7235
17.036
13.8329
18.4271
13.3939
21.0204
13.2035
21.8066
15.0352
29.6211
24.6873
11.6439
26.9694
13.8023
11.5431
11.0757
15.716
11.4841
30.1245
18.9244
11.8292
25.0323
15.8625
13.8017
18.0748
12.2631
11.0999
14.5511
11.585
12.9289
26.3776
18.2269
11.6132
10.8612
10.561
10.6227
12.8589
10.9328
14.8293
17.1755
12.1798
12.2646
13.1456
11.8409
10.8105
12.5924
11.7168
10.9046
11.1503
15.7511
10.6859
23.7906
17.2267
16.6793
12.3323
12.9221
13.0404
31.207
19.0454
24.8886
15.7751
11.9068
30.6126
15.7013
18.344
13.1051
12.2971
11.3281
12.2422
12.1897
13.949
11.9016
14.5485
11.6772
11.5006
27.6672
15.494
13.6118
22.2437
21.6294
28.272
22.1879
28.639
24.4067
17.8645
12.1932
11.6532
21.6016
13.4835
14.6726
12.9415
14.5883
29.2523
16.7793
11.7524
16.4558
12.7899
11.1847
19.9111
11.9439
22.6453
13.2025
11.9475
12.5056
12.1357
15.5455
13.189
12.4469
20.3502
22.5975
27.3009
14.4113
27.1464
15.1122
17.2672
32.8074
30.0433
26.4515
20.7737
16.8011
15.6845
14.0866
22.5553
11.9495
19.0069
21.6454
18.5742
10.5842
11.595
10.1491
15.7868
10.7656
12.1849
11.2615
18.9701
10.46
15.5947
12.3935
11.7093
11.304
18.4475
17.5757
12.3504
10.863
11.289
25.8238
18.2792
14.3189
11.7285
11.3719
11.2086
15.9023
11.4081
13.5672
25.8976
18.1908
13.5638
12.1149
21.2339
21.215
24.1404
21.3642
15.5955
17.9128
21.6087
12.0133
21.5354
17.5419
13.0344
21.9417
27.4481
13.8936
12.808
20.3833
17.9857
12.4355
12.355
12.2649
11.2714
11.6827
12.7624
14.5176
28.6671
23.4798
15.7719
12.2073
12.964
26.1661
22.7292
20.45
31.614
13.45
12.4697
15.1945
11.3859
13.7807
18.7801
10.5501
24.4957
12.8447
30.7046
29.3029
15.7803
25.744
13.3382
30.1522
21.5665
28.854
16.3746
11.6678
14.8246
11.6183
23.0737
11.9842
29.5239
17.6641
11.1202
21.7796
10.9835
19.078
12.0592
14.829
12.219
15.2926
14.9762
15.7646
11.5927
11.9507
26.2259
14.985
23.6288
13.5499
13.2429
11.3483
12.4536
11.6615
25.6382
11.6107
21.4239
12.3298
11.7054
12.1815
17.7318
12.3811
22.8442
20.8205
12.9297
16.838
24.6392
14.0871
21.6263
29.5791
14.5466
14.4758
12.2418
18.1179
14.2587
12.2803
11.0359
19.8851
13.3283
14.1755
11.6706
13.0042
12.0982
11.4981
15.6765
11.4146
24.1959
13.4602
11.1242
11.2801
11.2823
11.0792
10.8714
13.4269
10.5292
12.1097
28.5859
15.5456
24.7337
12.3325
10.2559
25.6877
21.5756
22.5387
13.6458
25.2075
14.5268
25.7841
13.8506
26.7592
15.0548
13.6416
11.8737
11.9357
23.045
12.9784
25.4864
12.7141
11.7088
24.8098
12.44
11.053
12.8635
10.8268
19.1607
13.0178
14.3675
12.1347
11.5584
12.2855
11.5923
18.2774
12.8502
19.2791
12.3112
15.089
16.3597
12.2309
21.669
19.0551
24.92
12.4682
11.4663
11.7062
13.0683
13.2349
19.5428
19.6234
15.9204
12.198
13.8194
30.5621
17.532
18.8921
28.264
15.5297
23.3222
11.8008
19.4594
12.0565
11.9395
12.1573
12.3429
12.9619
15.212
21.5787
12.4342
27.7476
22.0052
16.6451
28.5794
20.1165
18.2759
16.2254
16.2105
12.6705
13.895
22.0477
12.7816
18.9809
13.1269
13.0503
13.7887
15.0397
15.0464
12.381
12.8694
15.0797
29.2728
13.6605
18.074
23.5403
15.0194
24.4607
18.0899
14.7306
28.1431
15.6045
13.3665
12.9549
22.3151
12.5453
26.9616
14.8264
16.3508
12.8934
15.3869
23.1059
13.2195
13.0878
16.2741
16.8749
14.068
14.1282
12.73
15.2127
13.9274
11.7167
12.1499
14.6242
22.2416
12.8862
20.5289
12.5898
13.1459
13.3573
12.8337
33.8495
20.4556
14.2018
23.7752
13.6814
17.7842
19.4714
12.7104
32.264
16.5073
16.3505
16.166
16.3992
15.9113
12.0183
16.5155
12.2245
14.6506
13.4852
11.4241
16.4033
12.0943
25.0759
14.6453
14.4923
12.2342
24.2416
20.2517
15.467
12.3236
11.9161
13.2166
12.1124
12.4652
11.3652
15.2335
12.7301
29.6379
27.6173
28.1948
14.4539
16.4658
13.4585
12.938
12.3404
12.9252
12.6865
13.414
16.2369
12.7962
12.3661
15.4202
14.1585
11.3306
13.0273
10.9054
10.8613
22.854
15.8605
18.1545
20.6026
22.1383
31.4774
17.5818
19.3632
20.0423
12.9989
21.5657
15.3432
17.3483
14.5044
33.3308
25.1049
16.0126
15.3411
42.0856
22.0646
23.425
30.0789
18.1098
22.5947
15.9625
17.9858
24.8637
33.9051
24.5107
31.4894
16.9887
25.2404
41.9643
19.2876
17.9991
14.3189
25.3657
15.5725
22.2372
25.6013
19.1328
19.3049
14.1526
14.4097
26.115
35.6224
21.1932
14.1243
25.6457
29.9588
24.1369
13.9763
25.3193
31.1505
16.2146
16.7142
28.2904
27.0048
29.9047
17.3082
13.6641
27.0811
14.0519
20.692
14.8166
17.6753
18.4769
27.8172
17.193
19.6676
26.0608
16.928
21.3746
13.6753
13.2176
32.2329
15.4387
14.6109
13.0355
29.6151
16.666
25.5428
13.4419
22.0246
14.5964
20.3657
14.9035
16.4444
15.7024
19.9731
18.5799
16.3722
13.4524
14.8745
13.3371
19.0461
15.7738
27.594
15.8729
37.9341
27.4693
32.9677
15.7
16.8614
14.084
20.0453
15.1513
35.5565
23.2401
14.5936
23.6103
15.2974
37.253
23.4624
27.0599
30.6561
15.4111
17.0413
35.7265
21.5515
29.227
16.153
26.239
15.2049
16.3138
13.6223
16.9651
31.8239
15.6057
17.207
18.1785
30.9045
16.2902
14.8033
29.1692
33.4559
28.4051
17.8102
27.6613
14.6118
13.8788
12.7906
18.8881
28.0877
16.2477
21.3097
15.8195
16.5485
13.2912
37.431
17.4686
18.0262
18.6928
27.945
14.6524
22.8922
24.4553
23.4008
14.2981
25.4084
28.7623
15.1359
25.1919
13.8837
36.0495
20.5074
25.274
16.217
25.8019
13.6414
26.5521
13.3742
26.4461
20.471
12.0382
14.3077
23.8115
14.2505
15.0312
14.7765
12.4083
14.1689
13.0234
12.9611
13.0119
13.4669
13.7865
11.8724
13.073
12.6262
23.3803
22.1057
13.5986
26.614
16.3523
12.2453
16.5818
21.5773
13.3828
29.6942
14.7869
32.8379
16.3448
30.6957
16.6058
15.2902
16.3021
14.7865
30.1771
39.9551
18.6945
20.3122
21.8261
37.4447
16.5874
39.9383
18.6832
33.5096
16.3795
18.4059
15.6199
38.5196
17.9842
18.7677
31.7542
16.6612
34.7945
25.8294
18.6516
31.6643
21.0395
25.3113
15.4233
22.0599
15.33
33.0187
16.3656
32.481
15.9875
19.5143
27.4687
16.1356
21.8537
26.7812
26.7617
17.2479
28.4256
15.9832
18.5473
16.4462
27.5715
34.8098
16.4745
18.4511
26.4165
15.8149
15.594
28.6978
16.4027
15.7242
15.6459
33.9839
17.8771
14.545
14.9428
16.971
16.1647
22.3041
16.7195
18.7915
28.0858
16.1343
16.9914
15.5339
35.7217
17.8454
15.2207
15.3994
15.3457
33.7493
15.7768
20.4831
26.1742
17.56
28.3721
18.5033
19.1699
15.7125
18.209
22.5616
33.8694
25.5774
36.8586
16.2874
23.4353
14.9701
17.7086
15.8974
15.6862
31.9344
17.9879
16.5533
22.3739
15.2028
18.9039
23.0904
18.108
30.96
16.0501
27.954
27.1516
18.6643
14.992
25.0316
16.2703
26.5942
15.647
37.6164
18.6796
15.1521
19.0661
13.0289
15.7382
13.3566
13.8685
14.3908
13.1827
13.8887
14.2371
13.3507
15.2517
13.9454
27.5338
13.934
18.8913
16.246
12.4233
17.0762
13.1795
12.7759
23.0626
13.6501
16.5919
15.4921
27.2767
18.0017
18.1988
15.7044
14.8143
21.923
16.7432
30.1411
15.1949
30.3191
16.4407
27.2025
14.0342
34.783
16.9633
15.97
22.8621
16.5431
15.644
13.5182
25.4669
14.1301
23.1721
28.7909
28.5139
15.7621
17.5563
17.014
16.3791
16.5707
14.9708
16.9492
14.9877
15.5503
24.8919
16.9123
21.3305
14.041
28.4889
15.0689
26.959
26.2995
18.9286
15.1153
14.3388
27.6215
29.7223
14.1963
27.7867
16.81
26.6253
15.7798
20.1681
26.6376
14.2677
15.7301
29.4734
22.2285
23.6929
15.3686
19.2095
14.1714
24.6095
13.7416
18.5858
14.0194
14.7365
23.1377
15.3023
19.3914
17.4188
28.4316
18.1796
24.1948
15.0478
14.9038
25.8207
15.7789
26.3712
15.1458
15.3829
31.2979
37.8813
18.6397
15.9498
14.8373
30.0144
30.9965
31.5053
14.6556
15.2252
21.9739
18.4083
15.1157
14.0046
13.5382
14.1068
13.5693
21.1652
15.2736
28.6494
16.1707
19.575
16.1334
17.9495
17.6379
38.5768
26.9758
33.1969
20.3924
16.9722
16.782
15.8452
15.7974
15.3147
31.7618
31.3241
16.3201
20.6614
14.4821
14.628
19.5261
14.696
15.0905
14.2623
14.5773
15.6622
14.5851
17.5746
29.2545
26.1894
16.5245
15.0079
14.5081
24.6482
14.999
26.7384
15.6869
28.1228
17.4477
18.0531
23.0913
14.8207
21.6123
16.5585
14.7016
21.9737
14.3725
33.1401
28.166
13.7743
15.6941
13.1094
12.753
29.4886
19.4407
29.2033
16.3828
37.3696
22.0147
15.7843
13.6682
14.5044
14.4699
29.8258
26.4882
16.7428
23.3101
16.7074
14.6358
14.4167
15.1784
24.1806
31.3246
15.2721
14.492
14.6208
15.393
17.4229
14.9243
14.5729
31.4165
16.7712
34.9953
31.4066
19.3424
17.234
15.2232
25.2496
17.3983
17.4765
15.8656
15.1524
15.9633
28.4765
16.4824
14.812
29.2001
15.0208
17.9418
15.0645
38.4224
21.496
30.869
17.7848
16.045
34.2769
16.1668
14.6413
20.5117
17.0792
27.7305
16.2546
21.3921
18.5486
25.7059
15.1397
39.4522
18.0844
29.6024
16.8789
17.3726
22.5923
21.6473
27.8239
17.011
24.7959
17.9008
23.4817
42.3698
26.38
17.8051
30.3159
16.8949
18.6292
17.6555
16.731
22.9667
16.8316
17.8407
24.0619
37.3764
34.1044
20.7756
24.9044
17.8669
18.165
18.8238
18.2242
18.1427
18.168
17.366
28.174
17.0831
34.3843
17.7618
28.309
35.1433
17.2578
33.8321
18.072
20.3784
18.5872
17.9981
17.9861
18.2256
19.0416
31.1518
18.3862
17.7165
28.4738
20.3385
21.7059
35.4569
21.4152
20.8152
21.2877
18.261
19.5558
30.6466
27.2791
17.7698
35.6219
27.5664
17.6045
16.5788
27.4399
16.0438
34.9075
17.9246
37.4581
23.0408
30.7173
18.6156
19.5647
17.5266
20.1814
19.0693
19.1441
37.1965
27.1526
29.7479
32.9999
18.3921
20.418
20.4169
17.6641
25.891
16.7345
17.7269
18.5496
17.764
32.9411
17.917
26.0542
19.1993
15.8103
37.3678
22.9865
17.0126
17.0075
18.3006
18.233
19.4974
18.2961
29.7762
31.302
35.2576
17.8044
46.8765
23.2945
20.2354
23.1393
21.5697
35.7269
27.1944
17.2097
26.6774
24.216
18.3994
34.1913
36.6977
32.1472
20.4244
21.2471
18.4821
18.9206
18.5546
28.9979
22.7083
19.5205
18.7167
26.8055
18.0937
17.9232
17.1676
17.4694
17.9526
26.6717
17.2975
25.9983
21.1211
18.4554
17.6213
30.7965
18.2407
34.5518
19.6916
41.6314
19.7911
20.9955
22.1968
18.5947
18.711
30.8916
41.7094
36.3758
38.3878
18.3572
18.3024
18.0025
20.2538
29.2261
17.8883
21.1532
35.1328
21.3828
36.2664
30.8829
19.5514
23.0805
17.7935
33.9645
18.2323
30.5464
33.9515
35.6758
18.5009
36.0432
18.2427
31.3357
17.6243
23.4021
17.445
16.9581
15.7531
27.7998
16.991
20.5118
17.5275
27.0446
27.6128
17.6457
17.8475
18.3953
18.1249
17.9488
17.8014
19.5511
16.9262
24.9426
27.1468
30.962
16.2416
32.8588
36.2577
16.7732
39.3266
18.3544
24.0727
16.589
25.6627
17.5151
16.7676
17.5353
28.0963
33.5558
27.453
17.831
16.5316
20.9308
22.3923
17.1628
37.3838
26.6758
24.4669
36.2376
27.7702
17.9665
27.8587
18.2758
33.8776
16.7685
33.7152
19.2776
29.2393
16.8259
23.0712
15.6437
16.1235
16.4991
22.8259
18.7145
15.3311
17.0123
16.6151
26.6828
17.7523
44.0944
25.1649
32.3665
28.4459
25.5727
16.9448
20.155
16.3793
44.37
23.3444
19.0293
18.9438
27.1555
27.613
26.8692
16.8034
36.3165
17.1518
18.2912
36.093
16.9786
23.2765
17.8316
16.7102
22.3697
16.9313
17.2156
19.2439
29.4252
30.4344
25.7274
15.9024
16.4395
17.9005
15.4936
16.4745
22.4528
19.7095
20.5927
14.3273
22.9709
16.0726
17.1275
29.0522
40.2481
26.9161
17.8402
32.9109
15.6479
15.6621
16.705
16.5248
16.1963
26.2015
15.5658
22.01
16.013
15.1896
24.6414
16.1552
36.9461
18.1657
22.2034
31.5409
16.8734
34.5565
20.4938
17.1986
18.8942
15.8311
16.3763
15.73
15.7527
15.4389
16.283
38.2066
18.4775
25.4128
15.8049
27.1871
17.4667
32.8947
16.8094
19.6022
20.3631
35.8019
18.6964
18.8146
16.2062
28.5296
28.681
17.7208
33.2107
33.7505
17.071
33.0338
32.6135
31.1155
26.2072
28.0861
28.8337
14.56
20.6257
18.0801
37.4662
17.6314
17.6464
15.6445
16.2358
16.7452
18.3338
22.8196
16.5803
17.4259
16.925
17.5559
16.1829
29.5093
15.6807
21.9925
16.4715
32.7618
14.6155
35.9744
20.5838
30.7469
22.1356
31.6286
16.2857
30.5938
30.312
18.6762
23.502
28.6019
17.6626
33.7921
29.0448
16.3962
15.1719
14.9231
45.7613
21.9691
28.4249
15.6424
17.9574
30.9846
16.3756
19.6362
27.3058
30.4833
17.1234
22.7216
15.8402
17.0493
44.1295
29.3971
15.9176
19.2138
15.6062
15.3085
16.8194
14.8964
22.9188
15.968
25.81
15.2455
23.807
15.621
31.1133
15.8204
31.4051
16.0303
15.739
15.8192
21.9132
15.1675
25.1277
19.8684
15.4097
14.7405
26.5459
15.7417
16.6425
14.3745
19.8027
15.3383
17.2211
15.3906
36.9336
17.6707
25.2385
27.2336
15.4574
22.7107
16.9339
16.4026
24.7279
18.27
26.8928
15.7718
18.3178
21.2571
23.3743
15.1094
39.895
26.2093
33.8063
30.3079
18.5392
41.222
33.2381
18.5554
46.139
26.2817
28.2605
18.4522
35.2476
19.4598
27.2011
15.322
19.8286
14.629
14.4438
21.6431
14.6972
25.6876
13.9873
15.5403
33.2948
17.0379
19.903
14.3619
13.8475
29.778
19.1189
18.7012
17.8643
12.9523
13.287
12.6136
13.3705
28.741
20.2623
11.9851
12.2866
10.7373
12.1349
12.2778
13.1229
15.7001
13.5785
14.7706
12.7258
28.6037
15.1753
13.002
13.69
25.5057
14.3781
18.9132
13.6021
28.9721
22.8913
14.3131
12.9053
15.6816
27.1471
21.7493
14.934
15.8686
28.9064
15.7952
27.3145
13.3386
33.0254
31.5888
15.104
27.0102
13.2725
15.0323
13.5671
27.2283
27.2796
22.097
25.4361
14.7487
14.6587
28.3216
17.1286
26.5912
14.1221
36.0521
26.3953
25.5871
18.7692
13.1554
26.2102
14.2784
12.9007
15.1987
13.8444
13.8728
26.1667
13.5973
22.2726
14.0967
11.9377
28.4874
13.0139
19.6144
11.8425
24.2325
13.9825
12.8986
20.5849
12.4892
17.6608
25.0903
11.3481
15.7938
16.6923
11.7373
22.8474
13.5917
16.2607
24.3389
13.3353
26.4599
13.0418
24.0004
13.4067
20.2736
12.6605
18.7141
11.8082
14.0205
21.921
18.5268
15.1819
10.4471
23.1678
14.2486
10.6565
9.91931
9.88399
10.9901
21.2635
26.2273
18.6057
20.5563
18.6454
33.7699
25.8415
23.5454
18.1698
27.3175
14.1865
21.6843
11.3119
23.6664
18.1096
13.0012
24.3741
11.3592
14.0463
10.9979
9.84238
11.3187
11.4253
9.57271
12.6022
15.7785
16.4984
18.8214
12.5937
12.2988
11.1943
24.1491
11.4616
29.0834
24.6437
23.9616
17.9645
17.9496
18.9532
17.7526
12.9588
14.7995
12.9261
14.4563
11.7898
19.1621
13.7908
24.6884
12.6694
34.5259
18.352
14.9229
14.2355
13.1677
26.0066
13.3688
18.9102
12.76
13.331
15.8784
13.2837
13.5307
24.1449
12.7383
27.2043
13.6951
12.0421
25.1956
23.3853
14.8323
15.5109
12.1085
15.9569
13.5614
28.105
14.5737
31.5251
22.5366
29.7637
19.2012
16.2128
13.2747
12.8073
13.7709
13.7329
12.9728
14.572
12.5724
12.1719
12.389
19.7184
30.3688
14.1034
13.1511
14.1214
13.7133
23.0856
24.3646
13.4666
18.1667
23.0806
14.1761
23.9863
13.2584
12.834
14.3089
18.6439
14.9938
12.3416
12.6386
17.6656
12.8736
23.7747
13.563
26.6833
13.1333
32.3237
17.7863
20.8874
14.8872
30.8115
18.7514
12.9928
28.9586
18.2802
27.8406
14.2422
21.4545
22.6236
12.4511
19.0484
12.5307
25.495
19.3481
25.8553
23.9954
13.1815
15.1454
29.5781
17.9217
28.5775
13.811
27.1611
14.67
16.0524
13.0799
13.5397
12.8401
13.788
15.5063
12.3257
13.6617
13.0925
17.823
18.9458
21.5815
28.4868
15.5236
21.5834
24.3989
14.8036
27.1859
16.7542
17.1479
24.626
14.6468
18.1535
28.3225
14.1255
27.5391
14.0343
16.9887
27.9504
14.3603
23.2716
23.8028
14.3298
24.3627
29.9852
15.0734
22.2036
13.6249
14.0193
14.2095
24.2515
12.5871
18.0252
14.3145
18.1259
18.9596
18.1937
13.7893
16.8537
12.8475
12.8911
23.8842
29.4278
16.2297
26.3335
13.0575
25.9753
13.3069
31.3738
16.3909
14.164
15.6144
15.4353
24.4142
15.3518
19.1422
13.7127
19.5177
14.0833
27.1562
14.7558
22.1728
13.7708
13.5703
14.0201
17.6514
17.7597
30.3804
19.3083
17.9969
26.4508
33.8537
20.5105
15.8364
14.3283
26.2638
15.6336
14.7507
14.8163
14.1158
12.9012
13.94
12.1844
12.7723
29.9017
24.156
19.118
13.3973
16.642
14.702
14.9596
14.823
15.5601
18.1321
17.0218
13.8614
27.0821
21.6931
13.2206
15.5737
13.9235
12.588
23.77
13.1881
20.1923
22.8611
13.9607
13.6808
14.0217
13.5352
14.3598
27.0042
20.4977
15.7319
12.6566
23.7576
14.9924
23.3265
13.6577
18.1628
14.4839
14.8971
32.7999
28.6766
14.1583
15.4463
13.8355
13.6143
14.785
14.4669
13.0687
26.4077
18.1357
23.4271
15.2723
21.7823
18.9476
15.152
25.3397
14.5176
28.5283
21.7653
17.5046
32.0133
14.7671
14.2911
11.3307
12.9502
11.7186
13.9666
13.2803
12.8483
26.7491
17.9135
19.2524
13.8283
13.658
24.6301
21.2996
13.0645
17.8452
11.9805
21.6683
12.5551
23.2381
15.492
23.618
22.1204
30.7947
15.5797
15.0585
32.509
30.0308
18.1983
12.6276
12.4645
11.5101
12.5101
13.0012
12.5702
29.9866
26.7778
18.0688
12.7015
19.4282
13.9466
14.5796
13.4191
13.7696
13.3493
13.2843
13.0816
12.8494
26.5984
13.519
14.7147
30.8296
15.2814
18.4028
13.4849
13.1221
24.4912
13.7698
31.7197
14.8545
17.5096
13.9234
16.37
15.1795
13.2651
28.6657
30.6233
24.6672
28.4426
13.1524
16.6341
12.2771
14.521
22.6582
15.2
15.5703
15.3666
13.9192
18.4589
27.1712
14.7073
28.5241
15.1847
22.6777
23.8874
27.8927
17.1104
24.6245
24.5581
17.0477
23.0004
24.0798
13.39
29.1895
14.4561
28.615
32.4046
33.6384
15.1171
23.1731
22.3313
12.9644
13.0589
12.356
18.2388
13.355
12.843
12.4574
12.6116
29.964
15.5378
33.9639
24.0503
13.6177
13.593
23.4958
26.1361
12.8626
17.9995
22.7638
19.8123
13.651
15.7163
12.8959
15.8341
12.8866
25.0959
14.6724
19.7251
12.7942
26.7612
16.9978
29.2738
14.3135
14.4263
30.4994
19.4553
26.2204
13.227
16.5392
12.7672
14.2106
29.8582
16.0008
13.935
21.5969
13.6136
14.5922
13.1727
14.1645
13.081
13.1687
13.7611
13.4348
13.1806
14.6241
27.9449
21.8584
15.4843
15.3757
24.0035
13.9478
36.6153
17.1976
33.8096
26.2662
19.0658
18.1681
14.3305
14.5149
14.4972
14.0206
16.5294
14.5262
33.2248
28.5092
14.7402
18.906
25.3351
15.0205
27.7703
14.2935
18.2597
14.3614
21.7548
24.7691
14.8647
33.1994
14.5245
16.2624
16.714
14.1887
13.9767
36.5966
27.1761
15.7133
14.8115
14.4465
14.0439
16.3264
14.3512
14.2487
15.4054
15.351
15.4404
15.2448
25.7119
14.582
17.4331
14.6262
18.488
26.6749
15.9366
14.9416
15.0224
14.9224
24.4586
32.5916
16.0513
32.6832
26.472
16.9531
15.0416
25.7568
14.8382
29.4151
14.8775
17.678
32.2558
14.9943
17.7386
14.4941
26.5392
15.0225
15.434
14.3714
25.7663
14.9979
14.3078
32.4898
19.8653
21.4417
14.4144
29.3678
14.3848
27.895
24.0454
14.8966
19.9708
31.2499
15.586
14.2916
28.8618
16.4632
30.8945
17.4973
31.1084
18.8973
29.8333
15.4806
31.5062
14.4318
31.1298
14.5418
29.8619
14.9793
20.6039
25.4173
15.6388
20.5419
15.5496
17.8505
15.4182
13.2094
20.4294
16.2668
21.8069
16.5941
13.7918
13.403
13.2582
18.8242
14.478
13.4913
25.4299
21.7508
16.2088
13.8444
13.9358
13.7624
14.5605
12.9604
22.5969
13.9575
17.0803
22.4326
23.8504
13.8413
14.4053
27.4295
13.939
12.3045
13.5546
11.8953
12.8492
31.5888
24.0864
17.03
12.7619
12.8078
12.7338
12.3459
12.5387
12.0532
13.5915
15.7465
28.7669
13.2598
18.2847
13.4739
28.2953
14.1582
13.0901
13.7849
30.4203
15.0064
27.7258
23.8612
13.8512
20.9802
16.0269
31.0107
18.4126
13.8661
18.2872
14.4742
15.1935
12.5264
28.1123
12.8403
33.0339
29.8987
17.1801
16.7587
20.91
12.4028
21.0391
14.3807
26.4162
23.7186
14.8607
12.6717
13.3807
30.1389
22.3272
34.7608
21.0312
21.2964
28.1202
16.7547
13.6944
13.5505
12.84
20.6816
13.0331
16.4864
14.1366
14.4814
28.1271
15.0403
26.6727
15.4536
20.1462
17.0522
15.1775
14.7593
15.8524
16.7151
18.1354
20.6654
18.005
15.3799
14.7376
14.9633
14.9946
17.2886
23.9673
31.1906
30.3068
15.4954
20.1409
13.7378
14.291
14.4695
26.5687
26.6404
15.7223
29.9053
39.7207
19.7237
31.6037
28.9471
19.1777
30.4549
16.1404
26.2143
22.1905
30.9595
34.4168
31.9411
14.3921
35.2777
22.9479
17.8513
14.9229
26.9784
39.0312
27.8851
19.0019
14.1262
15.5938
18.7572
13.5339
24.726
13.7366
20.0508
26.1771
14.2832
23.8628
14.968
17.6594
19.1491
14.7492
13.05
15.5388
27.4785
14.9796
13.1232
13.5766
15.8437
22.4611
15.0942
26.4802
15.4719
19.3263
26.5587
14.4531
23.9698
14.3672
13.7997
23.86
13.6085
14.5589
14.0448
14.8097
14.5419
15.429
14.6131
14.291
13.4514
13.4131
28.572
14.5569
28.7848
14.6904
15.1644
16.1179
32.3462
16.1963
15.1741
12.8964
13.4256
13.7022
24.0985
34.9327
19.6747
27.0644
28.551
22.8743
14.3897
23.4151
18.5888
24.1423
25.1051
15.8267
17.3585
13.0814
13.7453
13.6117
21.0836
15.1911
29.6497
14.8541
38.8191
20.5978
22.7944
14.4645
26.3103
14.2186
24.1327
29.3465
14.7378
28.868
14.4051
27.8096
26.3243
17.4713
33.7654
24.1509
18.296
16.0026
20.8911
15.4886
16.2968
17.3903
16.0717
14.8115
16.6167
17.5461
13.8455
15.2101
16.9893
14.9258
14.3817
14.5312
24.421
31.1417
15.7818
15.8407
14.8078
25.5772
16.3087
36.7335
26.7102
40.8563
32.987
18.6833
19.4477
16.518
15.3373
14.8922
15.4797
14.9885
30.6099
36.9719
27.3877
15.7527
15.9535
15.4255
16.1616
15.9737
20.8811
20.8239
16.346
16.5114
15.2142
36.3008
17.3617
22.3508
31.807
16.4106
20.419
16.9994
17.2013
16.1839
35.5909
30.3172
16.1899
38.7029
38.0817
29.456
18.6585
23.8109
16.0483
36.2113
31.4487
33.5535
28.14
18.5562
32.7442
17.7124
17.9137
14.8526
25.3253
18.0198
16.5196
16.9613
36.0291
16.24
16.5263
15.37
15.778
15.8962
15.8806
15.3136
26.9012
25.1522
15.9875
25.3485
15.1271
38.8847
16.6901
38.3826
22.1517
33.1029
15.9601
31.3394
21.8249
18.004
27.2528
15.8275
17.9508
37.1086
19.2409
18.2205
20.8553
30.933
15.7353
20.5949
18.0272
26.1864
34.4495
16.942
14.3756
14.9634
24.8566
16.157
20.6703
16.1832
20.734
14.7854
17.2671
36.0295
20.683
20.1799
13.9424
34.1282
28.6288
16.2289
17.5353
32.7164
17.4211
28.6537
21.1672
15.385
27.7426
15.4935
36.4989
26.8273
15.3858
26.8357
13.6808
22.9678
14.2618
33.3104
16.9235
26.84
20.8521
14.0523
15.823
22.5096
32.3447
16.9394
35.9427
18.8929
17.0213
14.5166
23.5208
14.9894
14.2368
15.1726
14.1323
14.3517
31.1275
29.496
14.4502
16.5169
22.3305
14.3392
17.1067
20.7841
14.8394
14.4993
14.5109
15.2522
14.6205
14.1693
17.6005
13.7024
15.065
14.8069
14.1211
14.9011
13.5765
14.7917
37.7424
18.3583
15.0769
16.1982
14.047
28.3799
15.3417
14.0072
14.6691
21.3188
14.2341
14.6662
13.9597
15.457
13.7084
15.8869
28.0049
16.5972
14.1557
15.4791
13.9339
14.9999
13.8432
23.4375
17.4319
15.0726
24.9655
13.7446
31.3413
17.5767
24.7958
14.5817
30.6022
15.2165
34.1377
16.2446
15.7669
20.5832
27.9197
14.6934
17.8536
21.0249
15.535
14.9855
14.2973
32.9193
20.7651
14.4614
15.2139
26.1002
31.6464
15.6102
14.0695
14.9917
31.6192
24.839
16.1508
23.6946
21.5781
19.7414
13.8679
20.5406
13.5436
14.5772
20.0496
28.8581
14.4554
31.3554
15.4483
25.2786
16.2566
18.4232
15.4067
16.0543
14.4949
18.3627
25.2755
16.1646
38.6137
25.5236
17.0371
15.7197
21.1426
19.4584
25.6156
14.6102
25.7374
36.0961
22.3238
27.1595
14.26
18.9308
29.5235
32.1822
18.0134
38.9933
17.6748
22.2062
15.3374
14.3137
15.5874
19.5905
14.0946
13.7215
19.4395
24.5217
16.4943
24.3327
17.1732
31.1014
14.6245
19.6133
16.0923
16.8749
13.435
30.3153
15.5743
35.502
21.9541
14.9821
35.1961
25.0015
14.829
16.5032
14.8474
14.9288
14.1727
14.0021
14.0802
14.1021
14.973
14.3286
14.0729
28.4418
15.3334
29.5696
16.4056
19.7881
14.6618
18.7277
14.7099
16.8269
13.2699
24.4817
15.195
24.7796
14.8121
35.6915
16.4521
22.9369
25.7847
15.6426
14.1516
14.4773
13.9876
16.5757
14.1808
30.7281
28.5793
15.9558
16.3454
23.8773
14.745
30.2589
15.6097
16.6314
33.0582
15.214
29.7311
14.8955
16.955
32.3086
15.9258
14.0806
30.9224
14.7455
19.0589
13.6133
14.27
12.8168
13.707
20.0579
13.3532
14.092
30.8782
14.5644
17.7819
25.101
21.2954
15.3566
24.6024
26.6089
24.6758
23.9438
13.8212
15.617
14.0408
35.7624
25.7704
25.4594
22.8341
18.2424
26.2909
14.0614
17.6915
12.5935
15.5985
12.7202
14.3147
13.491
26.8564
29.865
26.8909
14.3771
19.975
13.3575
22.1976
14.9456
19.5327
16.534
29.6824
14.6346
25.5626
25.0031
13.6167
18.5465
32.4675
31.9113
15.7335
20.3409
15.2819
17.3885
13.2163
25.2161
14.9813
14.5165
12.2538
17.5788
12.3567
22.1629
21.6126
14.7484
16.8479
18.8055
13.3627
13.2178
34.5394
20.9809
12.3932
23.1497
27.2315
15.598
12.8722
30.1007
24.2362
19.6895
12.0673
15.1868
12.7272
13.3079
12.2313
12.3286
28.9585
18.7793
12.4999
34.7612
15.1093
24.4126
12.5434
17.7304
12.4026
22.8994
11.9081
31.1721
17.2449
21.4817
12.1053
24.0933
14.4695
14.0521
13.4685
12.5494
12.3135
25.5348
17.4212
23.5214
13.702
12.0335
12.2537
24.4851
15.2607
17.2675
19.9204
24.2956
13.3102
15.054
12.5112
27.3058
21.0666
13.8303
23.8068
12.5455
16.8594
32.3491
14.9036
26.3546
17.4285
15.7667
11.9229
20.8146
13.4551
17.2573
12.3402
24.8887
13.6288
25.155
14.6797
21.8275
11.7254
33.4469
19.0489
30.9556
19.347
15.04
23.6694
22.5051
13.742
28.2467
13.9823
16.6889
12.2967
12.0898
29.7418
14.451
17.6283
12.3134
12.8584
11.7515
11.8161
21.4977
12.1671
21.1929
25.5354
18.0759
11.811
11.7416
16.022
18.295
11.6206
26.2722
13.5298
18.6917
25.0948
16.4602
12.4512
17.0281
28.4201
13.7007
23.6118
12.2207
27.1033
20.4694
12.1733
29.862
14.7895
13.7973
13.4996
12.0286
14.0193
15.7254
20.4077
18.5703
13.2421
18.5211
12.8679
33.0666
25.9897
14.0709
18.1275
19.9022
19.4853
12.2077
13.287
12.2227
12.5674
25.4578
27.3568
14.1169
31.5391
14.2965
17.8754
29.8032
17.7533
18.7543
13.4049
12.7476
13.4207
12.1854
20.0319
13.6003
25.172
28.3319
21.6848
33.3562
16.826
28.8532
29.8954
14.3564
25.5988
12.5226
15.1133
13.3941
15.0719
12.4067
21.9236
14.5406
27.7734
13.0154
29.0426
15.2016
22.4659
13.4936
12.1703
31.0733
14.4436
28.6792
22.731
13.4357
17.4856
12.9983
12.8692
18.4633
13.2447
12.9221
10.6746
11.9784
11.8531
13.5133
20.6784
24.4527
27.8588
13.5454
21.6739
19.827
20.3763
14.9994
24.5789
21.7401
13.1979
31.5663
14.823
23.6094
24.7262
15.2491
17.9631
27.1053
24.4558
29.3294
19.0838
13.4644
18.8727
15.9556
26.672
29.7179
15.1592
13.2798
30.3129
17.0283
14.9201
14.6328
18.0147
16.2841
32.8284
17.7724
25.3276
26.9293
33.4928
16.8074
39.723
17.3654
40.0184
17.7862
30.2538
28.5044
28.4672
16.0713
16.1848
29.4929
23.8637
15.2373
24.2964
14.5282
32.3753
17.9561
14.6449
30.1448
30.3193
30.9916
35.7845
17.9183
14.4587
17.0611
14.3053
21.0792
15.2631
41.5198
25.6842
30.6227
35.1269
19.6201
16.5399
28.1817
15.4683
16.2934
16.0588
41.2144
21.1431
38.9361
17.7259
27.0336
16.0209
26.5439
16.346
22.4709
17.6067
18.2058
17.7601
16.7314
26.6434
16.7674
22.7579
24.4869
22.6688
17.7393
22.0717
16.9637
41.0701
30.7877
29.1305
28.5361
16.1914
21.5486
19.7168
16.5727
18.278
15.6926
16.2681
28.6072
16.4761
31.8138
15.2812
15.6975
28.0614
31.9177
15.4801
19.1527
15.8354
39.3188
21.3219
22.2716
16.3442
16.1686
26.0346
19.574
21.1129
15.1779
33.8641
26.7561
19.3503
27.1826
23.2899
16.8197
15.2974
16.9508
32.4584
18.7574
21.5853
31.6717
16.3455
16.8172
15.6914
15.6165
29.7582
16.3605
26.3059
16.0471
31.1141
16.6319
40.6211
37.6741
23.5645
32.8778
20.6859
15.2359
23.8985
15.822
32.7335
16.2782
18.1467
15.7281
16.7895
15.9335
20.1663
21.2561
15.7129
28.9316
16.116
18.277
15.6941
14.9288
15.456
15.5998
19.4711
19.2142
42.042
20.7846
17.8393
37.0683
17.1847
16.1903
15.3836
15.1734
32.7148
27.1952
29.7769
19.1971
18.3367
20.6518
25.7065
17.0996
18.7545
20.0824
28.9729
17.6029
29.3581
17.8069
25.1147
17.8303
17.5732
18.2058
23.9861
17.2619
18.21
18.517
18.3315
19.5481
18.6545
18.7747
17.4145
17.9243
28.5187
17.6163
30.6816
35.0008
18.0256
35.0159
17.3953
21.4818
28.5472
34.483
32.0887
30.0036
18.2672
19.0005
17.5789
16.3877
23.964
15.1634
14.7756
15.3508
14.3314
24.4075
14.1626
34.6316
16.0668
21.432
22.3052
14.6846
24.0339
13.2563
36.6695
20.7111
31.7381
15.8024
15.0531
25.2879
32.7342
25.3743
29.9888
20.4493
29.5189
24.7246
15.2463
21.1834
19.3088
32.079
23.5906
15.9499
31.9481
29.016
15.3499
41.6397
19.6611
29.4317
16.7609
15.7624
14.5738
14.2996
14.0999
21.6689
14.8339
26.1527
15.9606
25.7755
13.9211
14.1754
24.1314
14.0322
33.7862
17.4035
28.7047
13.4262
22.0845
15.8957
13.6507
14.683
13.3566
14.4409
31.5415
16.2004
17.4875
38.1468
28.8174
29.8554
15.6414
33.249
17.5106
25.0681
15.8656
38.0688
16.9997
24.6548
24.2681
14.5475
14.2204
28.5218
15.738
15.7663
15.5562
32.6963
16.6838
26.9228
16.6768
26.8407
32.9744
16.4794
38.3172
18.1242
28.0825
16.1851
17.1593
21.8701
43.4511
18.3561
25.7307
25.368
33.9591
19.6682
30.1546
14.657
18.0749
18.5296
16.0012
15.121
16.6149
15.2103
17.0937
16.2477
23.6865
18.6122
15.4806
24.1547
15.8983
25.4737
15.9746
23.688
26.9898
15.1742
19.1159
14.5758
24.9694
14.2607
18.1591
29.9539
16.5895
25.3411
25.3338
13.569
31.3149
14.5301
15.5596
19.7774
18.9881
14.1242
13.0972
12.8742
13.8283
32.8979
16.4486
24.9581
13.4396
18.5886
14.8714
18.2922
13.9637
28.9295
19.2741
24.3246
24.3183
15.6497
30.286
20.3444
14.0891
18.0308
20.8604
25.7416
14.2625
19.9997
13.2999
19.5418
14.1723
28.7674
15.5593
29.1885
16.9465
25.7112
27.8857
14.536
32.0568
33.0934
27.8315
27.2592
14.4794
20.9599
32.0941
15.9507
21.6926
16.1419
17.9597
14.9242
21.5563
14.421
33.0588
16.1258
16.2962
17.6801
14.2975
14.5895
31.6396
15.8389
14.9531
25.0781
33.8498
29.5882
15.1927
21.038
15.3244
15.951
26.753
18.536
15.5528
14.5752
23.0986
14.4376
18.8149
14.206
18.4258
33.1982
18.917
29.8789
13.598
24.6411
14.2288
31.4397
18.7428
31.6905
21.3315
16.2966
37.7484
26.643
29.7914
14.0147
28.613
13.5823
29.606
30.1691
15.672
22.8878
13.0807
22.5741
12.8855
30.7772
14.5325
25.739
13.8123
20.2832
25.3146
32.0568
15.171
30.322
21.8418
18.1063
13.989
15.7986
13.2191
22.0494
13.8887
30.9194
17.2265
12.7955
18.2203
23.7874
14.0472
13.7952
27.1405
14.8156
20.7887
14.4772
18.3406
22.1853
13.6583
24.5289
14.2915
33.8917
16.2047
16.3882
13.2579
12.803
21.3053
14.6272
18.7446
34.5552
16.507
30.2097
15.2524
21.5345
12.9257
17.1286
12.5116
15.3765
12.9258
18.6703
13.442
24.7896
13.0113
18.4892
13.7494
31.4348
24.8721
18.5075
13.3662
13.2372
27.6851
23.7467
14.0314
16.456
23.7073
14.2627
12.8535
13.4462
27.5935
14.3248
13.0022
12.6771
19.7001
15.3078
13.692
27.687
16.8025
13.6636
13.6527
13.4298
24.3363
27.308
16.9125
19.0904
13.0932
12.931
15.4322
12.4668
25.4669
13.1194
28.5097
15.5536
15.0738
15.8298
14.0411
22.404
17.4454
30.0997
14.9988
19.159
21.9071
17.2458
12.6655
30.0215
14.476
13.0567
14.3567
24.7948
14.4877
16.9444
14.0826
14.0923
25.1811
22.5222
27.769
17.2267
33.2963
28.0177
13.1833
25.594
27.3945
15.7147
13.6663
24.3571
15.4833
13.1895
13.8655
13.0327
13.2883
25.5076
13.2556
20.0882
30.1193
23.3449
13.7453
13.7701
13.3425
13.5374
22.5027
32.6935
26.2624
26.7007
14.1362
17.1309
34.844
21.2228
14.2043
13.4358
13.8267
17.2408
14.0695
15.3459
27.7897
17.5536
21.943
15.8419
14.0498
14.4575
29.7231
14.5287
15.9137
15.0051
14.5742
22.0735
14.946
20.6539
14.0719
14.3233
30.2572
25.0737
15.7614
33.8977
15.4456
30.0786
14.3909
20.7204
14.4857
14.8481
25.9334
14.9554
15.8189
14.3747
20.7166
32.5973
30.1752
15.3108
20.3255
13.426
25.2329
20.8661
14.1308
14.0947
14.2141
14.9018
13.2714
34.4154
22.3361
14.174
13.4476
15.3407
13.813
13.4451
13.7089
13.4155
20.1517
13.8645
17.6827
13.9329
30.1879
14.2911
19.9895
18.6485
13.4634
23.892
25.6775
19.3126
14.229
13.9498
28.2463
33.2286
32.1393
20.5778
13.9961
14.4084
13.7845
29.8023
17.6062
13.8592
25.4575
19.1564
40.9888
18.5904
23.2854
14.1236
14.6876
26.4373
13.7139
22.6259
15.1547
14.9534
16.729
24.3346
19.7222
13.7675
17.9734
14.9014
18.5131
32.0803
16.8133
28.8513
19.4371
28.7018
15.4028
17.3886
14.2421
15.5821
14.7026
28.9856
14.9186
23.7236
25.0576
14.662
15.9415
14.216
24.7942
14.7127
22.759
16.2129
19.7306
15.3145
14.1185
15.9735
25.9871
26.1337
14.0822
22.2047
21.5706
13.8175
30.9434
13.9213
29.9735
16.0625
23.8618
15.1376
34.3638
28.9858
17.3555
14.1693
14.4614
25.0403
14.099
28.7959
17.8125
14.0214
13.7008
13.7061
12.9725
14.9234
24.2311
21.5274
14.0451
14.863
18.2861
18.9619
15.0634
14.6172
13.6618
14.487
21.8586
15.8205
19.899
32.6745
15.6144
14.1109
14.0056
13.2863
13.7578
14.6489
37.3021
16.6493
29.5114
32.3514
32.1604
14.4715
23.5436
28.6063
23.3572
20.014
31.508
17.3642
30.0852
15.24
32.0902
19.5984
19.1261
13.9255
12.6653
13.0894
14.2796
14.3886
14.4591
13.421
24.1555
17.3721
19.0921
14.2053
16.29
28.3204
14.896
29.7406
15.6355
14.66
14.0568
27.9841
15.0282
22.5081
14.7458
21.011
14.4755
17.0477
30.7066
15.615
16.4698
13.5961
13.947
28.5831
15.2037
15.6052
24.9033
15.2724
16.8465
25.1967
15.9604
27.1156
18.7466
26.1996
25.5128
14.7906
15.3452
20.8513
25.9072
16.7999
21.363
30.9669
27.5231
15.2259
13.386
16.5419
16.7612
28.4946
25.6688
14.4815
15.5129
16.9519
32.461
15.5482
36.2541
15.8372
20.1088
29.4564
14.5012
26.1116
14.3466
19.9803
16.6666
13.8316
29.9562
33.4797
19.0556
16.7968
17.5693
31.0924
17.7967
35.0042
19.1372
18.2257
28.8703
16.1144
24.8552
14.1662
15.7894
17.7244
14.9686
17.4848
14.7639
13.3147
15.4117
29.5911
15.3782
30.0902
15.8167
17.827
14.9751
13.8791
16.1785
31.6529
15.783
27.2049
22.4662
17.7894
14.5226
29.334
14.0919
14.1054
15.3261
14.8394
25.3688
25.6906
20.8775
16.0863
15.3321
36.5323
23.0976
26.9889
13.8179
22.6494
13.436
28.5518
15.9291
18.6592
13.218
27.7652
29.5452
15.6274
23.2647
14.6304
31.0261
32.7641
24.8484
15.0913
18.6052
18.3923
28.5579
33.5763
26.0417
31.6239
29.8092
21.0022
13.7334
18.9112
13.2515
13.9054
14.1004
13.5521
14.3593
25.6897
13.8558
25.1122
13.4476
14.297
26.1811
13.3673
25.0589
13.9536
17.8463
13.0253
30.6215
21.3963
15.2089
16.4597
24.5722
14.2459
24.9106
20.9138
12.629
13.7775
15.9435
19.499
14.3795
28.7836
15.9425
22.4024
23.7987
13.4136
17.8032
14.9248
21.986
12.4969
18.2074
13.9196
12.6284
14.8324
33.8828
29.7037
18.2492
16.1204
14.3861
14.3832
12.6285
31.5315
15.0667
19.8913
19.5945
14.0001
17.6894
14.5732
13.2594
13.3713
27.1565
13.574
22.1542
26.4358
17.0912
29.3478
15.0297
31.3829
14.374
28.3813
24.1145
23.5671
13.0748
31.6445
13.4577
26.1942
15.812
24.0904
15.1872
19.3519
13.0209
30.1061
15.5894
13.0644
15.9983
23.8586
31.1028
15.0634
16.0741
26.0666
13.9918
28.2583
13.9733
18.9598
32.5133
15.1181
29.9641
16.2538
18.2909
12.7622
24.8001
13.8368
30.0389
15.0081
14.1127
13.7007
14.491
12.7422
17.4514
13.4645
17.656
12.362
15.1186
12.7693
12.6887
14.1771
12.9556
26.4071
30.5831
21.1995
15.9309
28.4248
16.2563
12.8316
20.0758
13.1982
41.3376
24.0168
13.4905
15.8142
23.4575
13.4686
22.9323
13.4719
22.8377
13.1465
18.8229
13.7581
15.0732
15.9385
20.7771
16.1285
12.8885
25.104
14.491
23.857
15.0452
14.8611
29.6526
14.075
26.9146
14.9293
25.168
14.5042
21.8281
14.1425
13.3592
12.2225
26.4989
32.834
16.0972
24.6354
25.361
12.2842
20.5969
12.9355
14.0388
36.5042
15.4849
22.5331
23.8713
17.2321
13.043
12.8429
12.5505
23.4927
13.7528
21.8464
15.6654
17.843
13.2561
32.9788
16.6605
23.6382
12.9078
26.7352
13.6218
17.5654
28.8019
15.0769
28.7816
14.3319
14.2078
18.6996
13.9169
25.9746
16.8891
24.1986
14.1936
28.3549
14.8402
13.4102
13.7249
13.416
14.5319
24.1771
14.2937
22.1466
18.232
26.8294
14.787
17.734
16.9035
13.862
19.502
34.4771
15.97
16.6709
16.3817
17.6496
14.6239
14.3151
24.6794
23.0619
18.2125
20.0833
15.8914
15.235
14.3026
22.7556
16.4487
22.4053
15.5395
30.8931
22.7883
17.2714
24.7244
19.1677
13.9299
13.53
13.477
13.5156
14.0943
13.3054
14.4742
13.1601
14.8448
37.8495
26.4011
17.5808
12.7884
28.1393
14.0126
20.2623
12.7616
25.0205
22.0136
12.4476
19.9573
12.6221
14.3019
12.7554
20.8436
17.8625
12.65
18.9987
14.9041
22.9272
29.2252
13.8897
25.0689
11.5398
26.3709
12.5873
18.2044
12.7248
10.815
14.0146
27.6742
27.7612
14.8612
26.509
31.7406
14.6352
24.6255
12.5095
13.8543
28.7968
15.0253
12.9674
25.5121
14.707
26.1384
14.667
14.6671
12.2902
28.4368
18.3485
18.5614
26.2902
12.1356
30.4578
21.0225
26.0101
14.2336
20.1947
20.8245
17.7417
15.6109
15.8751
23.5971
14.5963
13.8575
13.042
35.3914
23.3525
14.227
12.5865
13.0798
25.21
13.6966
14.496
12.7059
13.066
30.0591
14.8893
28.977
14.7413
26.922
16.3826
21.6208
15.9298
14.1779
14.3026
20.4015
13.2689
19.1079
12.6857
27.3596
14.3753
29.4686
35.3072
35.3165
16.8153
14.872
13.5238
23.7559
13.6421
15.7555
18.044
13.9118
30.3489
15.6168
32.1646
14.0815
12.592
12.7815
26.0899
14.5262
22.8218
13.253
37.4667
20.924
25.1241
25.5442
25.1924
13.3663
12.3494
29.1195
15.601
12.606
27.9756
13.5576
27.2417
14.0675
27.6711
21.4428
14.1622
32.6912
28.1773
37.4764
18.8784
21.4048
18.6931
12.2375
30.2183
16.0013
34.8529
15.5084
27.9467
24.1473
12.5389
23.2931
14.9456
26.0574
13.5031
28.7012
16.5924
15.3721
24.5658
31.4148
15.9629
18.5215
12.9715
16.067
26.1001
17.593
28.7671
14.1988
37.3446
20.038
33.6762
22.1835
32.231
19.8139
31.6596
30.364
18.1668
13.9869
15.5018
14.9158
25.4614
15.4287
21.0053
30.5935
16.0873
14.2297
14.9982
14.7311
15.9967
15.3949
15.5195
15.2166
34.6644
18.2529
31.8038
15.0701
17.264
14.953
29.9401
16.0124
18.733
15.939
15.9182
27.961
17.137
32.3461
22.8247
16.002
41.0815
32.8057
26.8838
42.8829
22.502
16.5816
15.1545
14.5117
22.0818
27.4299
13.3378
27.2059
15.8819
13.2903
15.0461
13.3453
13.9007
25.6165
18.1042
16.355
13.8252
22.6521
19.817
14.6765
14.1633
13.806
13.5653
29.5663
32.4875
15.6147
16.0607
12.4966
19.4891
15.0081
21.033
12.5802
26.3687
14.2746
26.8937
16.9071
12.9301
31.3237
14.9654
32.6371
15.7876
32.3535
14.9462
18.4477
27.2724
27.0173
16.2355
31.7984
16.991
15.9514
33.323
17.1959
18.4754
32.6731
17.4666
17.4619
15.4372
18.7914
20.9255
17.0672
16.1143
17.7445
20.3351
40.6764
25.5003
32.1091
15.9567
17.4034
21.0294
17.0775
22.4395
22.9603
19.0462
18.8256
17.0276
24.5742
17.3957
16.9902
17.2119
18.2399
16.8722
36.233
26.5776
24.5387
18.0647
17.2506
16.9684
18.1879
15.8102
28.0408
31.9907
19.6406
16.3758
19.9595
16.8665
15.9305
23.7688
16.1514
36.0514
17.0514
19.4623
32.1481
23.076
22.1736
34.9607
18.0971
19.6201
16.5819
17.3701
27.5256
16.7538
25.3743
18.005
16.9328
19.6266
28.7367
17.6682
23.0986
34.2213
16.7906
16.4347
22.9891
16.2036
33.62
28.2826
18.1417
27.2029
16.7557
19.6479
24.341
16.5625
22.7011
34.0952
17.7102
21.5115
17.5816
25.521
17.7319
18.3644
17.0933
46.5465
24.3099
19.7766
31.5099
17.6296
17.0078
43.9574
37.9026
18.1587
21.6057
16.4759
29.2167
16.8695
47.3786
34.2946
16.5196
34.8602
31.5677
32.4458
16.1606
31.8988
16.6588
17.8101
18.3593
28.5108
16.7343
17.2009
27.98
33.843
20.4897
18.5381
26.0869
29.4463
18.02
45.6252
22.9777
18.9271
16.9452
35.6395
17.4489
41.8639
20.3173
19.4915
16.7806
19.5549
34.0758
17.395
18.8869
23.5283
17.0535
17.0632
20.2981
16.6083
17.7055
28.383
15.8847
21.297
33.6686
16.911
16.4895
35.6857
16.1814
26.4892
16.62
18.8137
17.4676
22.7824
18.7379
38.3378
17.1401
19.8715
27.2441
17.2663
28.8765
17.3114
23.2358
16.5914
16.5857
20.4373
35.9308
31.2668
31.2229
19.0644
24.4486
14.9037
29.2892
30.045
15.3054
24.6165
25.0662
41.9482
30.0002
16.4431
18.2372
16.2039
15.2209
15.315
14.97
29.2109
15.5381
29.4256
16.7798
27.2677
19.3893
28.1736
18.5893
21.1639
17.156
17.4102
17.7286
41.4124
22.3224
18.8187
18.6898
20.9398
17.8619
17.8172
18.3888
28.8881
40.4069
30.4822
18.4563
39.5919
18.1072
18.5468
18.7166
17.5947
43.3122
19.9623
18.8416
16.6494
21.5012
26.7883
17.5512
23.253
47.4183
19.1517
35.4555
19.6704
19.4639
17.2984
16.5022
23.4529
16.3895
16.8322
15.7215
17.4745
15.1911
23.0312
15.2257
29.7323
14.9393
15.6606
14.6821
17.3127
14.2569
23.4344
34.4847
18.0886
23.9721
18.4243
16.9922
15.2838
34.3344
17.4426
29.1829
14.9656
29.8238
14.4214
15.9334
35.1584
21.5674
13.8504
27.1878
23.8288
28.6098
23.0716
12.7898
14.227
23.5918
12.784
16.7676
13.2752
25.7073
19.0928
14.2099
16.6564
11.8273
10.817
21.2972
10.6644
17.0891
11.8446
10.0351
11.8269
13.0664
21.8552
17.5871
15.4519
16.6146
12.2744
16.4675
15.5523
18.7644
21.3116
18.4626
12.4312
10.4839
26.6387
14.3462
13.7191
13.7185
14.2122
16.7059
12.9602
25.4204
22.9123
11.4891
33.6752
20.7613
13.7255
27.983
14.3494
11.1012
19.6792
20.5057
14.1749
12.1403
12.2825
16.4706
12.5057
13.3237
13.2315
14.0177
12.1805
16.21
16.0719
13.7227
11.9691
11.5027
13.3634
11.3309
19.7675
13.2639
33.8434
22.295
16.8116
13.3347
12.4019
13.9923
12.7887
13.2457
22.7542
24.247
14.0685
28.1931
14.5635
15.9992
17.7366
28.9806
15.8451
12.475
12.9222
22.7387
21.5568
14.8104
14.0187
14.1814
13.6369
13.3197
25.4313
12.4142
17.6652
13.6124
13.9254
18.4132
29.4197
15.527
14.8759
16.4706
12.9371
16.092
13.7312
14.0591
16.596
13.7599
26.0994
12.9429
33.1347
22.0564
13.9169
34.0732
15.3292
15.5969
15.9211
12.0137
25.8669
13.6832
12.9802
24.9714
30.2744
29.7822
14.8734
13.1873
27.1761
15.9985
12.0409
11.4782
11.6436
11.7491
14.3731
19.8423
11.8689
19.32
12.0102
25.259
14.0453
26.6498
17.3515
30.0648
27.1881
14.3803
24.8917
14.4726
12.6006
11.6397
17.7228
12.9079
28.3822
18.2767
22.4586
13.5984
24.2004
15.9459
18.0616
28.4145
40.646
26.6396
18.7058
22.2883
36.0952
18.5995
18.219
24.0578
30.7033
23.1162
20.7286
33.5379
19.66
14.0363
13.2719
14.7837
16.157
13.8436
30.971
22.3701
19.3534
19.6626
13.8156
13.1697
29.103
13.8709
21.0559
12.7418
14.6639
24.4921
15.8309
11.4241
25.8954
14.1468
18.3126
17.6132
28.5649
14.4672
10.6115
14.7862
10.7068
17.0529
12.053
19.2222
13.561
14.045
10.5894
22.8882
12.4949
19.2777
19.5025
17.0855
28.0483
10.793
12.1746
10.6526
12.2693
20.7923
13.7285
10.5923
22.8064
12.4628
20.0126
14.0634
12.8752
11.8175
10.1113
12.071
21.288
14.2328
13.6613
25.6456
16.2314
27.9129
17.3896
24.3119
20.8048
16.7343
14.8732
27.6734
40.6138
24.8415
15.4312
16.4089
16.9653
16.6905
34.5177
17.4221
17.3231
17.7879
32.602
15.9705
16.1096
14.4447
14.6775
37.778
20.3221
14.9587
38.4526
22.0646
14.2975
30.85
31.3099
22.8364
14.414
18.1202
13.6705
30.713
18.1175
31.3102
15.4168
20.486
13.5657
14.0541
23.7166
13.0171
19.1542
13.5684
14.4321
12.5297
27.1388
15.9229
28.0878
16.3962
18.5913
32.5012
17.2004
25.7296
14.208
27.2586
14.4052
30.4941
15.3639
20.9885
13.5572
16.6326
13.0021
15.2242
30.1477
15.6636
12.7434
13.3131
13.627
13.8477
14.8249
14.4998
23.3214
23.2706
21.5648
24.1103
30.4064
15.6876
17.0391
20.0128
14.2527
25.2774
15.247
23.6961
13.9899
15.1669
31.1446
15.0254
13.7496
14.1257
13.1752
13.092
13.905
13.5048
14.08
25.4621
19.6038
18.1943
13.5825
34.7244
17.7193
14.9183
28.7207
27.8949
15.9795
17.2385
12.8046
14.8385
21.7603
14.6171
20.8595
17.9914
15.9956
30.3402
16.0171
18.9256
30.4794
15.7712
18.1284
19.7913
13.6737
14.4289
18.1764
14.0631
15.0929
12.7802
18.9729
31.6109
17.9455
35.8815
34.3364
17.6513
15.4098
13.4672
16.3902
14.4615
13.92
13.8932
13.2664
26.4225
15.8465
31.4027
15.7989
24.0627
13.7293
16.8422
32.9062
16.65
27.824
14.9265
15.7289
27.3631
23.7638
15.7124
13.3618
18.8306
16.091
33.3633
18.138
19.6747
26.2451
15.9436
19.9922
12.5331
17.6173
21.0186
15.9499
12.9589
12.6596
15.1376
13.7435
23.2566
17.2769
29.8265
15.9055
23.0994
12.5192
37.1053
33.0502
15.5244
14.688
13.3885
20.5831
12.8254
33.9324
19.9091
13.4021
16.6551
13.489
20.4209
15.6248
13.1418
14.3036
13.0932
13.7118
13.8452
13.5958
13.1688
15.8458
12.917
14.8505
13.5448
17.2343
12.7149
29.4433
14.7049
26.937
13.4596
24.381
38.4755
30.6782
29.4711
24.93
16.2836
25.8621
16.8383
27.2175
28.4686
15.2712
17.3633
30.5244
14.43
36.5323
17.4062
14.5256
22.1522
13.4214
15.9427
11.865
12.5176
13.7408
17.0528
27.4199
14.4086
33.5697
18.7299
19.6946
12.542
30.2857
14.2247
15.7357
12.4666
12.1287
26.4673
20.441
12.4842
32.197
14.4529
14.4146
26.0824
16.9281
12.9721
17.1994
14.363
13.3834
11.8956
24.1148
27.2606
15.1184
15.8811
32.3887
14.1754
27.5371
14.2521
13.8955
18.553
17.6342
25.6893
13.4564
26.9804
18.9868
16.7081
19.3501
12.764
28.2011
18.8603
24.5992
13.6012
18.0686
13.1527
29.6114
27.5866
25.1061
14.4866
16.6464
33.9296
17.38
13.0152
12.4342
23.685
15.0859
28.0054
22.6958
18.1788
17.4836
30.0196
15.837
13.5813
13.2521
15.7159
14.0394
18.069
13.2097
13.6451
13.2503
34.6944
19.1784
13.6879
12.4663
12.2474
12.6934
24.6702
18.56
22.3128
27.252
14.6272
25.0562
12.88
13.381
15.4075
18.3747
13.1769
14.2332
16.4997
23.0681
10.9593
22.6024
14.7542
14.7978
11.9077
12.1563
28.7734
15.4734
14.9358
17.543
11.8955
22.5057
15.9288
21.1866
11.1223
16.8457
12.1865
20.8632
12.4333
21.4233
12.0164
21.4712
19.4919
11.7976
11.0866
11.4588
20.5342
11.5681
13.5769
11.4189
18.0321
21.698
14.8991
20.3415
11.3847
11.3311
11.6813
27.4467
26.1857
13.6813
28.8777
16.4854
11.1975
12.1125
13.6241
12.2807
12.3738
18.5919
20.7176
13.057
12.8471
24.9058
12.7165
29.5318
19.0763
19.3036
13.5795
15.1224
24.2895
14.6864
20.5057
14.7657
17.8429
14.1
16.4422
13.2593
13.7462
25.2634
22.0188
14.38
13.1815
13.5512
14.7948
23.245
13.0403
30.4556
25.5638
14.784
20.4707
29.1474
16.8323
15.1654
13.429
14.7407
13.377
32.7801
23.0713
18.0762
13.9975
13.4971
13.283
24.2851
13.7732
26.5257
17.7062
12.1383
14.4221
30.1927
21.2826
12.7197
12.3618
22.6779
13.89
14.2785
29.9981
22.7578
26.9724
22.0033
23.2998
23.3603
30.9317
29.0526
17.0795
16.8815
13.0351
30.022
13.85
21.928
13.5973
19.6702
12.4012
16.1901
12.5861
26.2565
18.2481
15.5234
14.3605
12.0502
17.6133
20.4413
13.1719
26.2979
15.0396
15.4777
11.2032
17.8697
11.5996
23.0463
15.6641
25.4128
13.6443
14.6186
16.9944
11.8523
12.7669
25.8811
13.8823
11.602
11.9722
24.8999
22.1015
13.1376
28.2002
15.3529
23.5047
12.0861
19.2675
12.6105
23.9074
12.4848
25.6303
21.4899
12.8778
17.2623
15.1939
13.928
17.6596
27.811
15.4832
24.0945
13.5964
37.9583
16.7082
27.0282
32.4021
27.7408
13.8168
30.148
14.4606
31.2216
15.5751
14.3921
19.2217
13.1594
39.5066
22.1892
13.4641
12.9941
13.1554
12.9374
13.0344
13.1981
13.4101
25.9693
18.1642
21.8788
33.5829
23.7821
14.0894
14.4436
13.1523
13.2073
16.1519
27.715
14.2469
28.78
15.7497
13.5898
13.5304
13.27
22.2802
13.2734
25.3355
19.0855
14.6515
16.7916
14.977
19.2894
14.1566
22.1107
13.238
21.7592
12.5009
27.5158
26.022
16.6456
13.6475
13.5123
15.9407
12.6307
13.2351
27.3692
16.4921
11.9352
28.3746
14.9844
25.3549
18.5117
12.7944
13.1482
28.5209
26.8441
17.2295
14.003
13.6667
23.9029
27.1054
14.2096
15.7246
24.3354
11.664
28.9597
14.1469
17.6309
15.6562
13.6656
13.6238
14.2758
14.7811
29.7769
24.8547
12.6566
30.256
19.0014
30.5482
15.346
26.3285
20.7314
13.232
15.5179
15.4994
20.8247
14.7002
29.4051
14.1422
28.7625
17.9739
15.7439
17.6976
32.1146
17.0834
22.0001
35.635
24.2416
32.5165
14.803
32.4943
16.107
31.5603
26.0655
14.482
20.2808
33.4301
16.6135
15.6106
22.4151
17.8498
31.0524
30.0535
26.2926
16.5467
32.8968
23.0202
17.4993
16.3229
15.9055
16.6144
23.2077
15.3818
20.7208
32.9865
32.9434
19.0701
15.385
15.3172
14.8868
16.777
16.4288
16.8126
16.6055
23.1597
19.9114
16.2727
23.6133
16.4226
16.5592
43.6756
25.7192
24.8974
23.9699
16.5676
15.5627
16.205
14.3132
26.4569
17.4284
14.2113
16.2318
24.7585
14.4284
18.0251
14.3706
14.7684
23.3423
14.671
25.1246
16.4446
16.5516
14.4494
25.5745
15.7267
24.273
33.8292
16.3932
15.7951
34.9025
16.628
18.493
15.9475
28.3704
31.9446
27.4321
36.2266
17.0872
29.2499
33.1928
20.9822
21.3854
20.2322
16.59
15.8164
26.52
16.2109
20.8525
14.8725
15.8352
17.8351
14.3264
18.4523
27.8064
26.7996
15.7529
24.132
13.6838
26.873
16.8773
15.8797
13.9166
14.0188
13.7462
32.0472
15.3245
25.2108
16.1489
22.0854
13.1394
25.7716
15.5927
36.6284
18.9042
24.4413
13.0591
26.6694
14.5363
14.4288
30.0198
24.47
16.5949
34.3635
23.6844
15.9085
13.2968
12.2422
19.0772
12.8488
14.8058
15.0478
15.6854
14.8596
15.9612
34.3505
18.208
28.7452
39.4496
31.7609
17.3224
23.6315
19.0084
22.6291
16.3028
35.7377
16.7464
33.8408
15.8379
30.0756
17.4713
31.3913
16.6249
39.8911
32.4963
15.4767
19.2779
24.2047
14.9841
21.0666
43.6194
23.7874
15.9867
30.871
17.1399
16.6849
17.0241
24.7311
15.6695
22.5375
23.1202
15.4684
29.2851
16.9709
15.2177
22.5997
33.9724
27.6722
16.6053
16.4673
14.6047
13.8687
16.8795
24.1463
31.6405
25.3382
38.1841
22.8984
14.3193
14.7853
14.8928
34.5908
17.5844
20.9994
18.4171
15.3574
16.3902
32.3186
17.0418
31.3001
34.5514
16.0604
18.6171
15.8325
16.5017
25.2101
26.2726
37.6348
19.507
21.2564
18.3068
15.8972
17.4951
17.0083
17.0844
17.2289
22.895
17.1155
25.3893
17.1176
19.298
28.3503
18.3416
16.7137
16.433
17.5576
16.7299
16.8897
16.8397
17.5437
16.4104
39.6641
38.3427
37.4718
19.462
35.7572
19.9191
16.3824
15.7366
16.4526
25.5034
29.0337
27.1545
28.1851
23.7263
32.8165
16.5084
32.9029
16.7925
28.2009
18.9159
33.1623
31.588
16.027
28.1561
35.4771
17.4146
25.6367
26.9507
16.4571
22.3275
16.2723
27.743
19.5355
30.4953
16.4059
29.7122
16.6438
19.405
32.9754
17.2361
17.0347
15.6792
21.2484
20.3324
16.5167
32.4849
28.3959
34.7207
17.648
30.0797
18.5758
31.851
16.0517
15.9566
15.6733
34.8811
18.2009
15.4524
16.3327
31.3455
18.6131
30.7407
33.2851
25.9111
19.8923
16.158
17.6427
16.1228
16.0266
16.7112
22.429
16.0628
17.8957
27.6068
19.0693
17.5842
29.2888
17.1753
20.2051
19.3231
17.4608
18.7353
28.9867
16.9029
19.9396
19.5161
28.141
19.3425
17.4929
30.8523
27.4005
18.0794
24.7213
21.0513
18.0383
29.5533
18.6012
24.6658
25.4687
18.6601
36.574
18.0945
22.3385
18.7773
20.0551
17.4169
35.6936
22.1281
18.3872
18.3363
19.4612
15.0784
33.5507
16.9739
16.1805
27.2801
14.7959
25.2348
29.6048
15.879
14.1472
14.7823
14.6502
13.7121
25.528
14.8456
31.0476
20.4744
35.8508
18.2551
17.9587
29.7986
14.5799
13.9662
14.2601
14.8509
14.9157
12.446
10.204
11.9294
10.127
11.5036
20.5156
16.3946
13.1287
12.7296
12.0374
19.5641
11.3229
16.7713
12.3212
24.4911
12.7245
10.9552
10.1058
11.3009
17.8453
14.3973
12.7892
12.1569
11.4657
26.2639
14.9882
17.2096
20.687
11.3211
26.3664
12.2434
22.6171
16.2251
25.0422
15.8002
10.9118
11.959
31.3941
17.3915
28.2841
13.5956
24.022
12.4817
27.3756
17.8517
13.3377
27.0436
17.047
14.0224
13.2227
29.36
17.1999
15.8982
22.2577
15.345
16.2642
28.9416
28.9268
14.9036
16.3277
11.9802
21.1798
12.6339
13.1789
19.0197
19.2935
12.8379
12.4525
17.2601
14.0215
12.6153
25.1991
17.8611
13.499
20.4943
12.6277
17.7585
18.7056
14.8487
11.5942
12.7449
28.2916
15.4733
28.9139
20.4521
13.4765
12.6947
12.4756
26.1846
14.2376
13.9273
31.5365
22.5658
24.8687
13.8303
17.2696
13.3234
16.0128
13.6587
26.2059
13.6525
19.54
29.9712
15.5714
29.6067
31.71
19.0381
16.3634
13.551
35.5356
16.7155
14.0858
13.5812
14.8979
32.1587
18.5049
13.5619
13.4583
13.4083
23.476
16.9588
13.7009
13.7892
13.7059
13.0487
12.5909
19.3156
25.9413
23.0893
13.3817
12.7751
30.9088
15.8871
29.7615
25.451
23.4318
25.1641
13.9786
13.5078
13.0094
13.5651
22.9732
13.2087
13.2734
14.2429
37.3529
28.8247
14.8693
16.4897
14.795
19.3882
39.5294
18.6091
15.3958
19.3423
13.6323
28.6175
14.5488
13.9833
13.8045
13.7914
13.1083
24.7717
13.7919
13.3447
14.0899
13.5774
12.8862
13.7954
12.7773
13.6936
13.1926
18.0932
14.1142
12.8979
12.9168
25.1867
15.6082
26.6053
13.484
14.4067
14.7659
36.9121
19.9586
30.2399
14.119
22.7264
14.1515
31.0572
18.8228
13.9915
15.1435
13.7574
13.1033
18.6781
15.2332
13.4552
29.7102
15.0516
20.6634
16.5825
34.9961
23.0594
22.1251
15.168
28.4446
16.0268
22.4576
14.7548
25.49
15.2679
23.0816
14.05
25.8546
36.5333
18.3589
32.0174
15.2696
13.3848
31.8833
19.493
34.2237
24.391
13.5572
15.7292
28.3598
13.3839
13.4231
14.3153
23.4267
14.6048
20.1277
14.591
27.292
24.0839
33.3565
14.181
19.2553
24.773
19.4872
13.1726
15.9074
13.6444
35.3421
22.6098
25.4802
14.0862
20.2555
37.6042
16.634
32.8478
15.5008
24.3802
20.109
15.9619
13.7069
30.443
23.2654
15.2912
14.6508
14.5976
25.1874
14.5993
32.6271
16.3805
15.3803
20.1521
14.8319
31.3381
26.2281
15.3343
31.317
16.0294
14.6235
18.2025
14.3723
15.0793
14.2376
14.8966
15.24
28.6823
16.1937
27.5444
15.208
33.7526
19.2194
31.8296
16.5313
30.8852
15.6527
17.6964
13.9877
14.1358
14.6985
24.5876
15.4563
15.2559
14.4856
18.9194
14.4745
17.3124
14.9912
19.2426
15.9964
33.5182
28.6588
14.8641
28.4121
15.232
33.5711
21.8734
29.7573
15.6225
16.7382
30.4961
14.9276
21.7421
26.666
16.5442
15.8106
15.2824
20.78
14.5299
18.978
17.7027
24.544
17.412
16.2574
19.6574
16.1704
25.7302
25.4979
24.0106
15.3365
15.8729
39.3088
24.7138
16.5019
36.0184
18.4089
19.2415
18.1077
17.3721
18.2202
16.2092
16.0897
29.7802
14.8659
20.8323
17.1807
28.9459
21.7748
20.3238
15.2946
15.3577
16.2425
21.9034
18.6991
16.5766
16.4536
16.9728
16.7589
17.0943
15.3568
15.3544
15.6107
15.7246
19.517
35.8682
16.8253
26.4133
19.1585
33.4888
18.4615
16.972
36.8874
28.1701
15.9065
15.6708
15.4497
24.6081
15.394
17.5749
15.5035
22.233
14.8515
15.3943
23.5451
15.8207
18.5555
16.5932
19.9112
15.6992
37.7823
30.1329
15.2163
23.6918
22.9316
16.5828
14.9044
14.6699
20.1718
16.1516
14.783
25.1804
14.6686
19.7249
14.1015
28.8322
14.8088
22.6052
14.5002
18.7529
14.1382
14.5952
14.6352
18.3622
14.8683
29.1555
25.8881
26.6665
15.5821
33.9518
18.1857
31.248
15.3681
22.6916
14.4814
31.6618
14.8068
38.6518
26.1097
25.1909
31.5816
16.4005
25.2358
17.5598
24.5792
15.841
15.0215
24.7976
32.3593
15.3434
27.8112
15.6424
27.0975
15.3572
27.6096
15.8372
40.0969
23.9537
32.0032
14.5456
16.5824
28.0755
15.1839
17.7401
14.8266
17.7648
14.3109
14.4022
14.1749
13.8482
18.9088
16.8955
19.3916
17.1749
16.983
13.9457
16.1214
13.8694
15.181
15.0435
29.4061
22.2757
14.4251
23.2588
27.5249
16.0076
14.1174
24.7627
14.2932
20.5436
15.0124
13.7708
13.6557
13.9821
23.6026
14.035
15.4531
28.5695
15.7297
17.6636
35.7168
29.2766
36.8648
16.4728
39.3706
17.9808
27.1395
14.457
15.0728
27.3374
15.3705
15.3617
29.3496
19.355
14.1087
14.4444
19.1543
32.0127
14.874
31.8935
15.0435
22.6725
23.6177
14.0372
24.6566
14.1632
25.1132
23.462
28.2728
14.5349
13.3265
13.2607
13.5865
25.1428
30.4071
16.812
32.62
16.2279
24.4984
13.3864
20.6165
13.6838
27.9106
16.1212
27.4132
16.1735
36.7893
15.3698
38.568
19.1314
13.9104
13.765
23.0201
13.7573
33.3744
14.2873
27.7769
25.6405
13.524
17.4034
17.6118
25.0207
13.8781
15.6491
12.6964
35.7347
28.0674
15.3677
24.2101
13.121
31.8109
14.9935
15.5219
17.5527
16.2095
12.7333
16.2194
14.4376
12.582
13.9494
13.5805
25.5344
27.6591
13.9534
18.2355
31.4883
24.8724
15.2787
24.1286
27.8548
15.3163
13.7539
21.9593
13.6427
15.7045
34.174
16.2359
21.5559
13.4373
14.4453
12.9553
25.3094
23.4514
14.3938
15.6884
14.3336
24.2155
13.4445
18.5304
13.1202
12.6754
13.1673
14.5281
14.2034
13.972
13.2465
32.3738
15.5664
26.0775
18.6289
12.4005
12.1515
12.409
12.3922
12.1106
25.1983
15.8843
25.5565
17.1211
15.1972
27.8573
13.2526
18.3436
25.1989
16.3181
13.6321
19.7376
14.6275
17.2745
25.5815
14.1995
36.8557
19.3913
21.4035
23.1809
34.2758
15.3268
14.3187
14.9495
14.2148
13.5899
24.7955
13.8759
18.8069
13.9966
25.6862
14.0697
16.2254
13.4555
27.7204
16.3125
32.8825
16.2404
13.3426
29.7965
14.8126
13.717
29.5309
14.0896
28.114
21.7254
16.6888
13.5376
17.8444
13.2211
13.1409
34.2677
16.1352
14.0958
13.8032
30.0174
25.8123
14.2994
12.4115
13.7437
18.2231
27.6763
16.2379
14.4691
12.5112
12.9329
15.7396
12.3487
13.7607
21.1632
13.0411
21.8175
21.4339
13.3072
23.4518
13.8051
17.7709
15.7156
13.9082
13.8599
12.9724
13.4774
19.9311
12.2448
14.4845
12.8687
19.947
13.4235
14.8331
15.2441
15.5051
25.2724
25.8521
35.4816
23.7994
14.1875
27.2534
29.1545
14.876
26.5749
16.3802
25.6279
15.6733
33.4291
17.2964
19.3576
24.5798
31.4646
24.5127
17.5517
20.2532
13.7714
20.3054
25.6695
14.9965
16.6591
13.7269
16.3365
14.1874
15.2347
19.5529
27.9683
16.9672
26.2547
29.7661
17.739
27.2406
21.3678
15.1588
12.9158
13.6139
14.8414
14.406
13.2191
13.914
13.1719
14.3115
14.8701
15.539
15.0805
25.5193
15.0054
22.9296
14.1862
18.1131
19.8783
13.9704
26.7467
30.2809
28.9061
15.3807
14.1092
14.1453
14.8663
13.7325
27.8116
30.8494
16.8267
15.7383
15.2612
15.3
18.3691
15.1178
19.3639
15.7348
14.6501
16.409
37.916
26.5226
14.8508
15.2129
14.2054
14.8615
14.023
14.7002
14.7403
19.8842
16.6557
24.0046
15.4401
27.2194
14.5235
32.5285
16.8647
18.2305
14.2399
16.9592
14.9974
24.1248
15.7283
27.2371
26.3537
15.8014
13.7683
14.1929
29.91
16.6801
16.4391
13.8906
19.2626
13.9374
32.7539
24.6609
14.6927
28.9706
14.875
26.1762
14.1537
26.7645
22.8577
19.1932
13.9994
12.9121
14.6519
12.9245
18.238
25.6556
13.941
25.0468
13.862
18.2069
24.1541
19.8166
24.9682
31.2915
18.4254
14.4928
14.9084
26.12
15.347
15.1723
23.4468
12.6999
13.7064
17.5245
18.6971
13.7364
13.1838
27.4363
15.7986
14.1437
13.4711
22.8041
25.6603
14.5112
14.7504
18.1384
16.1717
16.3119
17.8876
13.6998
15.0913
14.3
15.0825
16.6386
16.9239
15.166
28.1172
22.8687
15.2223
22.8451
15.4492
15.2665
14.5805
14.7471
23.3468
25.3538
14.7535
22.7264
15.3926
13.8263
37.6714
28.5771
22.6611
14.6309
15.7748
32.7232
16.1408
14.7427
13.4199
12.9857
14.6393
14.791
14.033
18.3134
13.6326
16.3072
14.4973
15.2866
19.4764
14.1297
15.8494
14.3451
25.435
15.7119
23.3897
23.4954
31.0476
19.2915
17.4153
17.6835
15.8708
20.1938
16.638
16.8698
22.2241
24.5841
14.6425
30.1016
19.5329
29.7231
26.8057
19.1635
14.0553
30.536
14.8896
15.685
15.3924
23.4282
13.1844
24.5632
13.4093
37.7788
20.8995
13.7434
19.5044
13.9124
13.478
14.1987
29.8592
14.3831
26.0492
20.4326
14.0759
30.3614
26.7234
21.5168
13.7447
15.3742
13.5586
13.2924
12.8913
17.8583
13.3416
12.8544
13.9796
13.5007
13.0282
13.3108
13.3522
13.3324
14.5932
12.7746
13.4301
12.859
28.6545
18.9924
22.6865
12.6487
24.6763
14.0366
12.7415
12.7808
12.7923
13.5324
13.0064
12.5182
17.5777
15.4137
13.6192
16.3384
12.154
19.323
21.8889
13.016
14.1625
11.9239
11.7265
11.7031
18.8354
12.8827
12.252
12.8644
12.383
12.9352
13.0287
20.3369
13.8925
11.6696
20.512
13.5149
17.1283
12.0746
20.3727
13.3638
14.1715
24.761
16.3745
13.9942
10.9185
17.1245
12.8704
10.3918
11.18
17.4672
11.2181
19.6016
14.4178
12.1801
12.0541
13.5993
11.4156
11.8273
12.2804
13.718
12.8025
12.1367
20.7686
12.4208
16.8683
19.548
13.8535
11.6313
16.4406
12.0843
16.9998
12.2515
10.9103
24.0834
25.0595
13.4794
34.6339
24.1226
21.6462
16.0774
18.1138
14.9818
27.2807
17.2055
30.9003
15.5483
44.4269
22.7798
18.5616
34.7708
21.9568
31.3032
15.6406
34.328
16.7394
32.2962
17.9094
26.62
15.7059
32.2608
16.7067
26.3668
16.221
39.8124
18.5514
16.7853
28.2156
24.4422
18.155
14.8003
26.5578
14.9296
24.0731
16.1246
14.7652
20.6117
14.4223
20.0282
16.1698
15.5663
42.0486
21.2949
15.6637
36.3181
21.6345
14.7302
32.2969
23.5894
13.9034
14.5762
14.0606
14.2222
18.2049
13.5792
16.3108
25.9215
31.5935
16.2878
15.963
14.9779
27.378
14.1085
25.9954
25.8272
18.321
18.7923
13.7532
14.7559
14.439
17.0633
14.6739
30.8624
39.5415
28.0223
15.5073
19.1165
26.6632
15.2654
31.548
16.2715
30.0229
19.6012
16.1495
16.2843
31.3939
17.2577
16.2161
13.8183
15.2288
14.9463
29.9626
17.2079
24.3054
14.7639
17.0218
14.8639
13.7421
24.4503
14.2969
20.2116
26.3342
14.2471
17.9122
14.0018
24.5405
39.0342
33.7362
23.0968
14.5305
21.3784
25.1306
16.3127
14.735
17.218
26.1049
14.3
18.8043
27.4225
14.3756
16.7563
13.8756
14.5117
20.4531
14.7278
14.3499
31.2779
26.2003
14.5987
14.401
23.464
14.4017
17.1878
14.912
15.0004
14.4877
14.7246
14.3973
14.4693
45.9132
31.8811
14.9769
13.713
13.3076
15.4361
13.5118
22.2864
13.6677
20.1349
13.5852
32.606
29.8811
18.2314
28.6698
14.6012
29.0997
18.0084
24.7843
33.5541
17.4554
28.4404
28.2998
29.3428
21.9229
29.3794
19.1882
21.916
13.0041
28.6191
28.2363
13.5845
30.9095
19.5201
21.1779
28.6837
14.9505
14.4217
12.9723
14.1396
25.0271
13.8834
27.2232
14.4886
16.1253
13.1732
32.5328
14.4318
25.1226
13.5109
21.2522
16.1755
12.3573
12.3473
28.4531
14.4095
27.0264
18.8877
13.2235
13.5652
13.5057
12.9739
13.1457
15.2641
13.9613
20.3775
14.7333
19.2421
28.0127
15.4736
31.2435
15.0235
14.5302
22.8654
17.1664
37.426
18.4585
24.8348
22.0515
18.3853
24.223
32.1949
17.6543
19.7163
14.3881
14.5437
13.7632
18.1085
19.6833
14.9614
15.6026
14.0845
21.0051
25.6184
16.1405
31.311
16.3826
21.4415
33.0555
17.1123
15.2155
27.1264
28.8664
15.7888
27.693
15.2677
18.7789
14.939
17.8908
14.828
18.4066
16.3291
16.7475
15.2248
17.5311
19.2898
29.7277
13.4636
15.8797
29.5578
15.8343
20.4227
14.6059
35.2646
18.429
12.7952
32.5691
15.5653
26.6088
15.7685
22.7208
11.8959
15.8048
14.006
12.1879
11.4664
11.7496
24.9775
14.2292
11.6773
11.3788
11.3965
30.4618
14.7079
12.0227
13.1781
27.2977
17.7047
12.6575
26.7065
14.1393
13.0357
13.657
11.5487
20.1376
13.5742
22.1723
12.3298
25.3005
31.1541
26.8602
25.1588
13.693
21.2528
12.1224
22.0969
12.8622
17.607
28.7528
18.99
14.909
14.7442
27.6299
23.7781
17.1765
28.1075
14.8762
15.2447
13.1143
18.0963
28.1973
16.4447
26.609
13.9298
19.5803
13.4101
15.4585
12.753
11.8551
13.4805
24.3445
12.5896
13.6948
18.5597
15.3408
13.0924
22.0239
16.5411
14.2374
26.3897
14.0825
25.9303
13.998
19.2065
12.5627
28.624
14.0938
15.8038
14.1457
11.7404
11.6058
24.1486
12.4314
32.5281
15.6862
12.3579
11.2965
10.6938
23.027
14.7274
24.5085
12.0425
33.264
15.1745
15.4301
23.6187
13.1124
18.7004
26.1392
14.2331
22.7589
14.8593
22.3856
13.5246
16.3981
13.5066
25.0887
12.8532
27.0395
15.0602
15.5447
17.2311
14.9554
13.4512
14.5848
12.2725
20.6181
13.6389
14.7905
18.6696
29.1716
14.2166
20.7811
30.0455
29.3428
25.3202
15.3385
21.2863
28.5335
18.4251
14.3065
14.2081
12.9822
15.2931
18.5981
24.0355
13.2595
24.1316
29.1629
14.7074
12.906
15.3364
13.6962
20.05
13.4706
26.0679
15.5783
12.9769
16.557
14.43
20.0188
14.9548
26.7577
13.5104
36.4517
16.3417
28.59
13.483
19.0746
16.0589
16.3163
13.3769
15.834
14.1426
37.1734
25.7307
16.8304
15.6589
15.1541
18.587
26.0988
15.5199
25.2062
15.0866
38.3795
18.1919
28.7987
14.9077
30.1684
13.8889
31.4218
19.8006
13.7311
12.9315
14.5818
12.5953
27.0606
18.8365
18.1836
28.1962
26.2999
15.4459
25.7267
13.9228
22.8351
25.2488
14.5826
11.9852
24.5456
15.0589
24.1647
15.674
11.0284
13.6925
11.242
11.3325
11.3431
12.7858
13.056
21.92
14.4976
16.6466
11.6314
16.1134
34.0179
24.7213
13.6482
11.9327
11.8533
23.4622
11.7326
21.9791
11.6609
26.2562
14.8492
15.4931
12.1695
22.2222
24.4951
17.5071
19.5056
24.498
13.3318
20.5489
30.2733
17.4269
25.1488
15.5585
24.6388
13.0629
20.207
16.4534
13.6931
20.3858
18.536
21.3022
29.4212
23.1936
14.399
13.9504
13.3128
14.409
17.3126
13.095
28.005
14.3447
25.0729
18.5139
14.9486
15.8387
15.0554
16.5122
25.3235
27.4206
16.7464
20.9378
15.7149
25.4925
16.0828
22.5652
16.3727
40.1057
25.6065
16.9858
14.4911
36.4805
16.4874
16.2081
23.7695
15.7533
16.3049
13.5795
29.9633
15.2375
24.5553
14.686
13.9263
14.0012
14.8767
12.3115
13.4869
21.5501
21.1957
20.5389
23.7828
15.3272
14.1732
29.2774
13.7568
30.9361
16.8474
13.73
14.431
14.354
15.0324
14.4085
13.1331
14.2699
13.2644
14.5785
15.4251
13.0212
12.7498
12.5325
13.8983
13.1464
12.8863
26.7682
13.4729
12.9799
12.2377
23.0581
12.7836
32.7496
15.8184
14.7451
33.4332
23.6129
17.3
12.8302
13.9573
18.3723
13.1823
26.6635
14.7576
27.0574
15.7941
13.4417
12.8712
14.9519
26.568
14.0081
23.3847
18.5893
38.4599
18.3937
16.7157
14.9939
13.29
19.3767
20.7548
28.6226
21.1136
12.8351
13.9041
19.7114
25.3976
16.035
13.0698
15.6835
13.0448
12.2491
14.706
12.3321
19.1784
11.7238
13.6606
12.2869
13.5001
11.0143
17.1401
11.7908
29.8652
15.232
25.1199
12.142
20.5816
12.1988
21.3838
31.5261
28.0716
16.006
27.1572
15.903
12.0746
12.8586
24.222
12.679
16.1899
13.7979
17.6771
13.2777
14.0111
12.9262
13.5573
19.8468
16.4051
22.8994
13.9739
19.9089
14.3503
19.9462
25.5048
14.9792
30.267
15.255
19.6006
15.0433
30.7724
30.1609
14.4305
32.4736
15.1022
18.8605
13.0367
25.5483
13.9268
15.5836
14.6964
14.6696
21.2426
14.3447
35.7484
15.4204
29.7651
37.4658
17.5443
21.8141
13.6921
15.8603
14.5443
24.6144
15.4336
24.4633
17.6601
30.0648
15.875
27.2997
14.3612
13.5052
30.1448
15.0012
23.8933
30.1588
19.0502
23.3745
30.8323
15.3778
14.1575
15.0575
21.654
20.1769
23.5468
13.6422
14.2239
28.1236
31.9345
16.4046
16.835
13.5841
22.0798
14.0748
28.8174
16.6761
27.5112
29.9857
15.6061
19.6727
29.6224
15.2356
21.6998
26.6573
14.9031
37.9485
27.6395
16.1004
13.9235
30.928
15.3413
18.0585
38.5708
21.7923
22.4933
13.0447
24.537
13.6644
15.8479
22.4511
28.0983
19.014
21.017
25.3571
12.374
12.7591
15.0429
34.2103
25.1828
13.3718
28.9595
23.7564
29.7479
25.0533
13.6723
32.1812
14.1887
16.4803
14.4398
22.607
13.8458
16.5071
24.1112
14.2453
18.7511
27.4957
15.4998
30.5393
29.7247
15.5017
18.5083
16.4124
13.6907
16.0167
27.3611
27.1955
13.9649
27.6592
17.3041
15.5724
18.5437
31.3873
13.6687
14.0135
14.2706
14.382
14.4659
24.558
14.8968
19.2861
15.5716
21.5007
14.0901
13.5329
23.3688
14.4022
14.7094
13.8742
22.8969
14.3007
14.3236
12.9676
13.111
28.4476
15.1385
12.532
33.8282
16.9727
33.3006
18.8182
23.8343
13.148
17.8801
30.2885
26.2763
18.5627
21.4008
15.0369
13.0155
16.6273
13.1012
12.9369
31.0921
20.731
24.0674
13.1078
30.8584
14.482
18.7039
14.2778
14.72
12.5604
25.4344
25.7408
15.6507
15.4451
25.3114
15.038
23.4385
13.8623
14.2493
14.6899
13.169
11.1707
14.3604
11.8242
22.1662
13.216
23.6697
13.4979
13.1967
25.269
16.0117
12.0749
27.5134
14.9318
14.2059
21.1796
22.9934
12.8374
17.8223
17.9985
15.802
13.7371
11.9395
11.5111
11.5259
26.4248
26.1582
15.506
22.6386
18.5307
12.4872
11.9405
11.7575
13.5021
13.0025
12.5058
12.2682
26.9291
14.2484
27.4209
18.2795
15.5399
24.1543
9.95764
16.3807
25.4749
13.8319
11.8841
12.1563
21.817
18.2351
11.5324
20.1191
13.9663
12.6668
23.0739
12.7606
28.328
13.9652
17.7373
21.7758
12.9619
27.998
13.8192
27.8444
13.7945
20.2169
12.0919
12.1851
12.118
12.4946
12.4154
14.5766
11.9504
12.6702
11.2843
20.7618
20.0218
11.8855
13.8904
17.2241
11.2584
13.4655
18.6824
12.5973
14.1733
15.4522
14.3511
21.6624
13.3292
14.3809
11.8041
13.7934
12.5683
11.2151
29.1034
12.4527
23.5789
11.4599
24.6855
11.6624
10.8592
21.5915
11.5395
20.1204
29.1088
20.1305
13.0641
10.5611
17.5067
11.7994
22.8044
13.0145
27.3914
14.1213
16.5379
12.2591
12.3263
11.4126
14.1313
20.321
11.3623
20.1042
12.4793
21.643
11.2004
19.3426
11.3385
20.6673
13.2735
27.9712
24.4649
14.8347
11.1468
26.0561
14.2738
10.8806
20.9256
16.0994
12.2382
12.2606
27.8146
14.2968
16.4431
11.9415
11.2523
12.0507
11.701
14.9792
11.8068
26.4034
14.2366
12.7954
12.825
31.4904
15.6183
18.2186
12.9527
25.514
17.5556
27.4075
21.0966
30.9432
16.9833
31.1439
14.9458
12.5544
12.4524
13.2362
25.8817
14.3251
31.3246
18.7009
12.7372
12.9454
23.6957
12.6287
16.0544
12.7079
17.2899
18.2811
32.3288
19.1492
17.5864
12.9896
13.6645
14.2309
14.1453
13.7855
12.6832
30.5941
15.5146
12.7991
24.5073
12.6248
29.1432
17.2267
22.371
25.927
19.9792
14.3456
14.0282
30.8776
28.886
18.2767
29.7546
14.786
32.4661
20.9093
26.1029
14.1352
20.7009
13.9592
19.5101
16.1298
14.4491
34.9146
31.5032
15.6096
14.7486
17.8992
14.8098
13.605
14.2469
21.8562
24.739
31.6149
16.4481
12.6166
13.5519
17.481
12.4226
12.0684
27.0105
25.4094
14.1054
23.2626
13.5577
25.8941
13.611
13.6376
13.1276
17.0834
12.2486
14.4758
12.9754
13.7848
13.323
12.2246
33.42
17.7977
25.7688
13.3632
25.1771
19.3913
13.072
13.6183
13.5332
27.112
22.3179
17.1981
13.4879
13.4815
21.3918
22.3974
13.7649
37.4398
16.3788
15.2359
16.3762
26.061
13.9536
31.5276
28.6742
17.5653
29.8778
13.3912
30.7305
30.106
14.9477
18.3805
15.4125
26.3958
18.7893
21.6027
21.69
23.7997
14.2358
31.8528
16.7827
13.8713
30.3196
28.4231
14.6641
26.9427
16.4768
16.6573
24.1867
13.3177
28.0552
13.1545
24.1908
13.7803
21.624
14.4603
13.1687
13.934
18.2332
13.1386
15.9021
14.3645
17.3988
13.4497
16.0023
13.7472
13.4554
12.5485
26.2539
13.4381
16.4137
12.2321
27.5992
16.3191
14.4992
16.0773
12.553
13.5687
18.7648
11.4044
22.0705
16.8211
12.7396
14.9519
12.5276
13.4275
12.866
33.056
24.9062
18.9361
28.0326
13.5069
23.8942
12.9569
16.0965
30.2451
27.4031
14.1814
19.3165
12.5567
11.7929
13.5733
28.0715
31.5677
30.4071
18.5658
11.6948
21.7669
26.9891
27.4607
16.1324
27.5641
16.1951
13.108
17.9148
18.378
12.7344
11.3316
13.3617
24.8069
14.1621
11.6305
11.2559
20.8051
21.7324
17.1558
12.0919
11.1949
12.7143
13.0113
14.7617
21.2536
11.8986
24.0457
27.1624
13.2245
23.588
13.5347
31.3681
16.1889
12.4465
11.2347
13.9867
27.8407
21.6142
16.4117
12.8227
12.0602
13.0309
14.7224
28.1596
21.6369
30.5508
15.89
33.0609
18.9978
14.3821
12.6186
12.1762
11.7296
12.2841
12.1302
28.9236
20.2041
11.5843
27.582
26.6073
13.5675
13.2616
17.1662
11.863
11.7692
11.142
12.565
11.4579
30.9749
23.9297
13.5838
20.7926
23.1761
14.7396
22.0262
28.4808
13.9805
27.2418
13.9431
28.0919
14.728
17.3524
12.7619
12.0679
26.2172
14.0401
16.0921
33.204
25.197
13.218
28.1377
26.3657
15.0881
16.3814
11.9309
26.2764
14.7339
23.0697
12.4631
14.5591
16.67
12.674
13.4789
12.1143
35.2931
27.6439
13.3159
28.0671
15.1802
27.8235
13.3031
13.7018
13.2906
26.3576
14.8785
15.2223
19.3494
20.2461
26.006
15.114
14.1327
26.8228
15.2258
23.065
14.4925
16.4622
14.0266
16.692
17.6376
15.6817
16.7496
13.9848
14.9379
17.2203
29.3394
29.7333
14.9151
39.5791
20.2575
31.9661
35.2511
32.0435
23.4652
14.3204
22.0022
20.8128
14.8296
16.8427
18.2093
14.7059
26.7075
22.5078
17.1365
22.358
14.166
27.2408
14.3214
27.3641
35.6946
18.4746
23.9362
15.3529
19.7391
14.0473
14.2008
15.3647
14.0251
16.3388
28.0924
13.7056
20.7119
13.5059
19.7207
14.8101
13.972
24.3381
14.071
39.3201
18.7787
37.5484
17.5365
21.0919
34.2264
17.772
17.8387
13.0337
24.5468
17.0235
37.0977
25.7925
24.7538
14.3626
23.9867
28.939
15.4907
14.2774
14.0549
14.5613
14.1676
34.4025
16.5655
14.297
13.8653
29.556
15.1502
13.6427
30.2422
27.6136
14.549
15.8765
22.9635
13.4705
18.2294
13.5631
21.6934
22.5512
13.7448
25.9369
15.5292
23.9882
14.3222
16.4668
22.7642
14.3757
17.2954
32.3265
27.2618
20.5424
14.5498
14.4167
18.9083
23.9028
21.9955
14.323
31.8987
29.5872
16.5904
25.6622
13.8385
24.4229
14.3681
15.1484
28.4707
19.3681
14.8415
32.4776
30.7927
22.7721
26.5319
21.6283
13.5275
28.2855
28.7277
15.9602
24.8036
20.6154
25.9859
13.2435
33.137
16.2852
31.708
38.2573
27.4566
15.271
15.0656
21.1857
27.3189
18.191
29.2256
23.7843
20.5698
15.8731
23.8875
16.856
32.8055
18.143
32.9086
19.2311
37.4081
18.0333
39.0272
27.6745
40.1054
28.1587
16.7883
17.2588
23.3525
35.7434
28.9104
17.1323
23.48
28.2657
25.8137
23.5923
26.8957
30.7897
23.1819
18.3215
32.7075
17.3466
20.5855
22.6408
40.5856
22.7974
16.7147
16.6786
34.7021
20.1033
26.2893
18.9833
23.3647
17.0374
19.7108
38.4064
23.2153
18.5363
18.0412
42.4363
23.4926
17.9277
16.8766
15.939
22.1137
16.0993
30.3353
16.8576
26.6985
16.4167
22.9884
17.5709
27.4876
31.9557
18.4713
31.6481
16.8774
39.418
16.8058
43.1809
34.231
17.3781
35.3485
21.1537
36.8293
27.0023
27.0934
17.8694
20.7429
18.8687
17.1191
17.9338
38.0877
17.9926
27.9993
18.2682
18.1503
18.3829
17.9625
27.2477
16.7921
20.2923
18.1639
17.1873
17.9151
30.2314
17.6078
17.6595
40.9477
26.4755
30.7771
20.0378
16.7952
19.1075
18.5904
17.2835
15.9475
15.428
19.1047
16.6348
16.4507
19.6694
22.1163
32.4377
17.5547
19.229
17.0182
18.4076
16.7888
16.1708
29.1783
17.7312
18.5587
17.8489
17.5275
18.6184
16.5642
31.1328
17.4072
20.8859
32.826
17.7048
36.6682
29.6011
20.3528
16.7665
32.4082
16.8381
19.0275
34.2626
17.1145
20.6336
16.6606
26.8005
17.8472
34.686
17.4283
18.7984
33.8219
17.6443
24.2719
33.6109
18.7402
30.308
23.0245
17.77
19.6712
16.5368
17.788
18.5663
32.7486
23.9933
27.1556
17.5736
27.2015
33.7773
18.2571
17.9686
17.7157
34.908
20.0692
32.617
27.4662
19.1919
21.9273
19.1604
18.8668
18.4812
18.9861
19.367
19.2378
19.7532
20.5475
22.6566
26.2199
19.7274
28.9326
18.3587
23.1656
28.0509
17.2418
16.5518
16.7773
20.2248
16.982
22.301
30.7299
19.7992
21.9736
17.6346
18.948
18.5192
19.2711
24.252
16.7014
26.6236
15.933
17.0935
16.0153
17.2643
33.777
17.1736
20.0169
43.4608
35.9917
37.3172
36.4717
29.7069
17.1834
18.8806
26.2777
17.789
34.3543
16.8071
23.9684
25.7225
16.8394
24.6357
15.201
15.0445
18.19
15.1501
20.3409
26.8894
17.5228
15.0432
18.7532
34.4963
30.4018
15.3851
20.5895
18.3396
15.672
13.6283
18.4879
14.4788
13.0424
13.4446
29.6081
14.1318
14.2423
25.1619
33.4428
32.7441
17.423
13.0664
13.9825
18.274
15.5983
29.9123
17.3357
13.1736
14.3621
13.6481
13.4835
14.0495
20.1688
14.5764
19.0895
14.201
13.5939
13.5633
33.4123
19.2685
28.8073
15.3442
18.2212
14.0692
30.815
16.4498
25.0933
13.6994
22.036
23.4601
28.6984
14.238
30.2975
27.6826
27.9829
15.8361
26.86
26.8487
14.4
19.5692
16.9092
15.8823
26.8701
18.2745
28.2815
16.8626
19.9043
16.1171
33.1839
38.8554
30.3857
18.0251
15.9175
31.2075
28.2828
14.6153
16.2172
31.8349
28.5161
32.3632
15.3627
29.4709
15.4041
19.4187
32.0849
15.7382
23.9676
14.542
27.7905
26.2856
14.9348
17.786
25.9987
29.4928
15.9715
23.1026
14.1354
10.2455
22.3985
22.2459
14.8553
26.7616
18.5153
12.4705
8.72352
17.293
9.49201
17.1748
11.6045
16.6147
11.7015
10.7699
20.0056
13.3713
12.4119
19.3573
12.0609
14.5403
24.0377
21.2216
17.1269
11.3429
25.1918
13.8077
26.2775
27.5188
21.8003
24.8295
20.4205
12.0588
21.8802
23.4595
20.8519
11.5134
27.2741
12.9052
23.4863
11.0397
10.1113
19.1002
8.25712
19.5465
11.1717
15.9094
9.41267
13.5413
16.3266
13.8116
15.0016
11.9741
10.9864
19.3613
12.1045
10.7601
9.35899
11.5792
11.1563
10.4826
28.6152
19.6582
24.1417
11.4334
10.227
14.1858
10.7277
9.73646
17.2427
13.423
22.1844
12.223
11.6514
11.5186
9.59156
10.2563
9.96445
11.4111
8.61522
12.6773
22.6183
14.4228
12.3724
15.7044
16.8214
13.9544
10.9186
27.3288
24.0927
21.1762
13.8887
9.39225
10.0231
9.97572
10.1396
23.912
13.9792
10.8755
12.4127
21.6893
18.6635
8.20786
18.557
10.181
20.3951
11.9059
16.879
22.4692
14.3688
20.5299
16.8037
17.0077
20.4978
11.2545
8.81807
9.6849
19.2147
17.026
21.3966
14.7291
13.666
23.2845
14.0261
25.4439
14.0276
14.5775
21.4027
11.1031
26.6077
21.6298
14.0995
11.4926
14.2769
11.7794
17.3549
12.3664
15.6367
14.081
13.1678
13.9419
11.7296
18.1247
23.0488
13.5549
19.5583
13.3642
9.71511
9.98727
10.4282
8.85214
20.2856
22.837
11.7604
15.8857
14.6147
13.5988
11.9324
9.99393
25.2921
13.2109
14.9894
10.7455
18.1974
22.0069
16.1541
10.969
18.2941
19.9606
9.83859
11.8887
19.0405
12.0004
9.88728
8.90789
8.78834
17.633
10.4178
8.26659
8.54941
7.21099
14.6278
15.0361
21.3136
11.0602
20.5873
10.5785
8.86257
7.60018
7.0185
11.2879
10.3317
20.0754
14.7427
13.3619
19.8504
26.6315
20.3612
13.8329
11.907
10.3581
12.3167
18.3485
12.2767
21.4713
13.2741
25.3241
17.3201
11.8813
28.7095
13.6825
18.7242
19.4017
24.1656
13.6346
10.7452
17.7758
20.2213
12.3547
12.1686
10.4318
9.68236
10.1806
17.392
15.1319
20.6209
17.5983
11.7034
21.7678
11.8363
23.0562
27.9079
12.4091
21.4528
15.5323
10.1358
15.9698
19.4935
21.789
27.2299
20.3559
13.8251
10.9855
11.9202
12.4738
13.1795
30.4668
19.9792
15.8463
12.5679
11.1298
10.9909
12.1162
21.4312
16.4231
13.5729
16.2633
12.2509
23.4684
28.805
15.9481
15.0169
12.8691
12.7704
13.732
27.1209
15.4072
30.9717
17.6839
15.1987
18.2448
13.0072
15.6448
12.0196
14.8516
19.2116
13.9871
12.6892
14.4714
13.4933
12.8069
23.6324
10.9454
14.3709
21.7918
12.6404
13.3454
22.9438
18.2199
16.3108
12.3684
12.7351
10.8954
10.9375
13.8096
27.0475
13.0983
25.1788
34.0947
15.426
25.4997
26.4787
15.2123
25.6717
13.9809
13.121
14.6594
12.514
21.6212
24.7809
16.9374
12.0746
13.6179
14.2646
19.2822
11.2681
24.4751
14.967
14.6316
11.6817
26.0555
14.1274
12.9178
15.2117
24.7089
14.3086
23.3991
18.2955
13.508
21.1374
11.2399
11.5003
10.5274
10.9865
20.6035
10.0506
15.7218
11.1055
15.5819
14.1936
12.4315
14.9425
10.9105
17.4744
9.37702
22.9686
13.7089
16.8947
20.1406
12.3172
9.87221
10.8172
11.3733
10.4258
10.713
13.6096
12.9746
29.0719
14.1917
22.8904
12.0725
20.7038
14.1982
15.3079
11.8407
11.5612
10.5285
22.6643
14.8222
10.3154
20.1008
23.2297
26.8764
12.4887
11.9163
12.1795
23.8711
14.3186
11.2639
10.3365
19.7599
10.6083
13.4672
17.8163
16.0806
22.8552
16.4174
23.2866
14.0212
26.8726
18.9725
20.2686
13.7045
17.6846
14.0942
25.4126
13.3787
22.0649
12.0957
10.5761
12.0698
18.2798
15.7614
10.879
9.55902
10.5722
12.9204
19.0899
12.7953
20.5683
13.6333
10.6624
18.3367
26.9353
15.6843
14.1864
12.9624
14.5615
19.3068
12.6665
22.7341
15.5706
16.2364
17.7382
10.9214
15.467
22.0304
10.7823
20.1485
10.5206
15.6436
11.0351
22.787
13.8229
17.3356
12.0432
9.27437
19.3931
10.1337
19.1828
23.483
22.1343
29.142
15.8454
13.3501
13.0357
33.8007
21.7694
15.8215
14.9886
17.3712
27.6192
17.5113
10.186
22.1685
15.7501
20.2367
9.92515
21.8549
10.5466
9.77005
17.2346
13.463
15.3968
25.6036
18.7325
25.2631
13.2416
27.4707
12.3793
27.9305
25.8831
17.4959
22.2923
16.9591
18.6747
13.1746
13.9129
21.3769
25.5301
12.7316
27.3234
14.7415
21.195
9.7772
23.8622
14.5476
15.9393
15.1965
25.6017
12.7812
10.6974
19.5222
17.2264
12.6219
12.9307
22.9146
28.6536
23.0565
11.8477
28.2182
19.5496
12.2812
10.3323
12.3464
10.9736
10.3403
13.9639
10.6381
11.2443
26.5173
13.2261
13.8801
22.7407
26.5009
12.8445
11.1526
11.9886
20.4267
20.3136
13.6547
26.3269
13.9688
12.168
22.9895
13.4995
26.9635
22.7014
26.1292
17.0175
16.9213
10.9843
9.72016
13.5399
19.5845
10.7387
15.6786
28.4203
14.8414
25.148
29.2199
18.6607
20.0795
21.6624
22.6511
13.0354
27.253
22.9359
12.9899
26.692
16.583
18.3699
10.0031
19.0216
10.9685
9.47752
21.4617
15.3796
14.0994
29.7511
22.7774
14.2404
13.7881
11.4891
12.5813
20.705
14.1386
10.8291
22.5622
12.787
24.3006
13.1011
17.0142
15.7401
10.6156
20.2591
12.1002
26.8403
15.9806
11.8525
9.68149
9.03246
11.4962
21.1334
18.9137
21.8282
12.44
18.9986
15.1076
28.0693
15.4327
16.1494
11.2127
13.4477
12.7479
13.7057
17.5851
11.6046
19.2254
10.1623
24.573
19.8975
8.72847
13.5534
10.4652
9.27887
17.5406
10.5147
17.271
11.662
23.7578
12.6155
18.109
29.6783
17.391
14.3971
12.8643
11.3837
12.2366
24.3227
14.7463
27.6466
28.3423
27.6336
11.4628
12.916
15.0422
14.9364
13.5722
16.6731
11.9713
9.58545
14.5797
11.7063
22.37
17.7049
11.7276
25.2799
12.7652
20.5722
15.986
27.9649
14.8716
20.2947
21.151
24.3129
31.5054
15.6598
30.4617
16.5082
19.6699
8.7939
23.6036
13.9889
11.9921
8.06678
12.275
10.8846
14.1415
11.0763
11.767
12.4549
12.5965
22.7788
11.909
17.6898
11.6745
28.0629
22.5913
18.5368
11.2402
18.2265
11.8277
12.33
11.2427
9.49264
10.3434
8.60421
12.4365
18.1886
10.6531
8.36773
21.389
13.8606
9.2902
10.0767
25.3841
11.7074
27.8038
14.8769
11.9017
30.6657
19.9324
13.2244
14.5433
12.2
21.4414
13.6678
25.0891
17.4696
11.5987
11.0846
22.1658
11.4178
13.8196
15.6214
10.2353
20.5646
11.6365
9.69615
18.4877
12.6569
10.2411
19.767
20.3947
12.3088
24.5053
11.5623
26.8097
12.8815
24.1515
25.5295
18.9035
11.9858
10.6611
12.8789
15.5448
11.3926
11.2077
9.03591
22.0613
12.0403
30.3967
18.2458
14.1526
12.476
12.3088
11.5293
27.3483
17.4334
13.6829
27.0166
16.2806
17.2572
11.2235
15.4656
26.4777
13.2066
24.735
11.5206
19.7194
10.6918
24.0064
16.066
16.9181
24.6949
13.8448
20.7265
12.5031
27.3889
10.5547
10.1421
17.5222
17.4032
20.0543
14.158
10.7841
10.1311
10.2617
25.5513
13.9054
15.4022
11.4919
10.4908
18.9606
15.0527
17.4523
14.9294
17.8817
15.3601
9.24686
9.02847
14.5378
19.2866
9.51818
15.3654
10.8084
12.8749
9.57945
23.9963
17.1061
11.0501
10.5172
11.1124
16.0928
14.0045
19.2591
12.7348
30.7317
23.7221
12.17
12.5369
13.2329
24.4416
11.403
10.0196
10.4748
13.3337
10.7273
15.4786
10.6146
22.4442
16.6389
20.1985
14.1749
16.8271
24.5222
14.2743
23.7519
13.124
14.1456
20.9636
12.6251
9.90373
11.5829
11.9426
12.0385
12.1372
20.0775
14.8005
11.4017
22.7969
19.0417
17.4561
25.1771
16.2822
22.1162
14.8134
24.6575
13.7208
25.6322
13.3233
29.9214
13.7405
14.5675
12.7641
19.1561
11.6777
12.8013
17.4658
21.1783
13.3058
27.6441
18.1378
12.302
11.8148
12.8224
15.531
23.1051
23.3631
18.9024
18.6826
12.123
12.6421
21.3572
14.652
18.3769
11.3821
11.5423
12.224
10.3585
20.1931
10.938
23.8081
11.7674
10.4073
22.8669
11.2597
18.5372
10.5664
26.7377
15.7828
12.0058
22.6075
14.3482
10.0275
15.2781
24.3932
13.9895
12.1175
26.3637
14.3575
24.1088
14.044
14.9342
22.4307
26.3723
14.0067
23.9899
12.7816
13.2842
13.4693
19.9265
15.6943
23.1714
12.4308
15.8387
15.7684
11.2737
12.7818
14.3583
11.9611
12.8385
16.2301
13.3692
12.5692
12.2717
12.4794
21.5099
13.12
19.3488
12.8423
14.2439
21.2625
13.7464
29.8085
15.2498
15.3114
11.6259
12.1413
29.1853
21.3974
13.2502
23.4847
20.6305
16.1135
12.0122
14.2218
13.5715
24.5834
17.3927
18.0814
16.9083
26.5119
29.6988
14.1913
25.5602
16.2773
18.4115
14.3198
13.0498
27.2622
14.4056
11.5198
23.0853
12.5129
16.0421
11.8027
12.07
11.5647
24.3144
21.252
13.4405
11.2087
25.3974
12.8662
16.2805
18.5605
11.4839
19.6034
21.98
11.754
25.4538
16.3177
19.0962
13.0781
12.7875
14.0777
12.7631
13.3477
21.7965
24.0127
19.7963
20.4254
12.9552
16.5177
24.081
12.9535
27.6796
28.148
20.0133
15.6341
25.4498
13.0784
25.3536
12.2139
14.618
11.2732
9.56019
12.2944
9.8603
19.3575
13.7889
20.8944
11.8907
17.3293
20.4723
19.1808
13.6892
12.4183
12.9785
10.1016
20.4495
11.6608
17.7265
22.3711
14.8306
15.2446
11.5217
10.9825
16.3667
17.2106
11.5297
21.8128
21.1228
12.4998
19.5332
14.1433
13.3596
22.7518
11.5609
27.5097
13.9434
15.9817
26.0485
13.2837
21.6706
15.5446
11.6402
25.0579
16.5128
28.9606
16.3784
21.7903
11.1806
26.5596
18.9404
10.6648
16.2651
9.77093
11.8973
11.3187
17.2303
17.2822
11.8732
24.8191
21.6035
9.52948
11.4434
10.3052
12.4746
11.4974
23.7958
12.2341
24.0796
25.4735
18.2751
23.7077
15.5272
10.1973
13.4912
14.2505
10.301
18.9691
11.5044
19.0901
26.9825
15.5687
21.8033
14.5453
16.6531
20.6878
13.2025
12.4595
29.6186
15.7638
19.2868
13.5783
25.8376
12.9885
14.1069
10.6096
10.6384
23.33
14.3172
13.6547
29.567
16.0927
12.0609
14.0357
21.8929
25.827
21.6125
19.4344
20.2143
17.7299
10.8936
27.1648
23.7528
25.8482
15.093
12.1105
12.0803
23.7433
25.9955
11.9223
22.1762
13.379
13.4443
11.4738
29.0842
18.6257
12.2168
9.89013
24.7768
19.643
11.9378
15.7133
11.8245
17.5128
14.6478
14.5002
15.4657