6.25942
10.2324
14.9642
14.1079
12.8105
12.6631
12.3573
13.2095
13.8898
12.7877
15.0761
8.8981
11.536
10.2837
8.48748
17.5148
12.0008
7.94635
7.80184
8.7401
13.3168
14.5372
12.608
13.8246
14.754
12.8772
11.8742
14.4041
11.2691
12.76
11.2869
13.7787
7.68868
8.59402
9.712
14.6654
14.5365
16.5212
13.175
12.5734
8.04037
9.19713
13.5777
11.0545
8.06264
15.6424
9.8368
11.0007
12.131
14.8597
8.59207
14.799
11.5488
8.2084
15.6346
7.73026
13.5715
14.3661
11.1745
10.7937
9.32053
13.4536
12.3454
9.10654
8.35937
16.0324
14.016
12.5043
12.4267
11.362
13.6825
8.896
8.93914
8.94824
10.3918
11.1413
15.5906
16.8031
12.4732
10.76
11.542
9.20789
9.15962
14.3626
7.78197
10.8105
9.82472
17.0454
14.3607
14.9929
10.5204
11.9928
17.16
14.6743
17.3251
9.91871
13.2131
12.2358
10.4482
10.4233
17.7312
14.6613
14.1485
15.7124
12.3573
12.3989
13.3942
10.3225
19.994
14.2874
7.92407
8.97057
11.7383
10.688
9.81456
9.66562
9.21808
10.2275
10.0205
12.7664
13.7135
15.3384
15.5214
12.8828
15.7306
10.7126
8.89417
14.1788
17.6681
10.9909
8.97956
9.32085
13.165
7.9554
10.488
11.4536
11.4016
17.156
14.7221
15.2753
17.2601
7.80566
9.51691
10.7099
9.89156
9.77277
14.7996
12.6296
16.7813
13.3464
17.7486
11.8429
9.69374
12.9427
14.4891
10.0261
11.3599
18.3768
12.3313
18.3042
9.40738
14.6771
12.2928
8.71347
15.4171
7.74089
15.1433
12.4865
11.3371
10.8402
13.715
9.24099
11.6526
14.8692
15.159
10.0592
10.7815
10.6123
16.2167
16.3058
13.4146
15.0154
11.779
15.8805
15.6837
10.5799
10.5784
15.1796
17.0323
11.2892
14.7319
11.5923
11.2106
14.4394
20.0266
13.187
14.3537
17.0518
11.6725
12.2897
16.6033
8.45751
17.5607
12.8681
13.9868
12.0487
8.67625
11.6014
12.1055
9.41294
13.4109
14.9093
14.7248
13.7951
7.32925
9.99341
12.9132
11.793
11.3023
17.2705
10.7054
16.1895
20.3447
9.84061
14.0159
10.819
8.58547
12.6532
11.7221
17.7097
13.2721
10.7136
16.2923
9.75029
11.2006
12.2678
13.5161
9.34334
9.84264
15.6862
9.71858
9.80346
12.4043
14.7133
9.54622
13.1746
15.917
8.60686
15.7841
14.7411
9.00052
19.4088
13.7076
11.8744
16.2065
9.79085
8.07736
10.514
12.597
8.70872
10.7696
16.8931
11.9212
9.56597
9.41073
13.5404
11.3879
11.1243
18.265
13.9279
11.8256
10.1025
9.53431
13.4693
15.3495
8.17799
9.55496
8.77708
16.1332
11.0382
19.871
16.9298
10.1558
12.5008
19.0098
11.2052
15.3284
10.0424
9.75316
10.2562
13.3277
14.7383
13.2781
18.3336
13.2804
15.4857
10.747
11.2877
10.4936
9.98417
19.0776
10.8372
13.6047
13.6803
14.1844
13.6215
12.7828
13.6724
12.6983
16.8587
8.4985
15.5698
18.0185
20.6883
11.3156
10.401
15.4212
12.496
15.4998
11.0747
11.0166
13.4354
23.7406
11.8858
12.8125
8.72447
7.35282
10.2422
13.2498
9.24131
11.5201
10.3606
17.9643
10.1276
10.1697
9.06423
12.4301
13.0694
13.468
10.6604
14.2942
17.3843
11.9376
10.2816
11.6597
13.8615
12.04
13.5638
17.6284
17.674
12.8496
11.3996
13.3987
13.0379
9.53624
11.5312
10.0754
17.4544
12.1725
11.4333
12.7563
8.69447
12.5664
14.549
13.355
16.1236
13.1403
11.8385
15.9728
12.3754
17.2396
12.8576
17.2737
13.4996
10.7439
17.0208
16.6277
14.6305
17.9187
11.9981
8.78144
13.5035
10.0642
11.7471
16.1435
18.4131
14.1632
17.6804
9.02385
9.02417
17.2924
12.8577
14.4084
9.66011
10.5584
17.3324
11.2189
13.8547
8.63573
9.29683
15.8059
12.1821
13.9266
11.7097
13.2106
15.2786
10.072
18.3752
12.0607
11.5639
16.3806
11.5966
15.4981
12.1583
16.1391
12.6672
13.0155
13.7577
10.8597
10.8959
14.6825
9.40256
11.1991
11.5048
13.1041
10.2842
8.55686
16.6929
13.2103
12.3991
8.30463
7.84089
9.37149
13.6664
11.4798
12.9995
9.10595
11.6598
10.2693
18.5853
9.89069
16.8026
11.3173
13.0763
11.9368
14.101
7.52142
7.81748
13.3528
19.0798
10.1841
10.8164
17.1636
12.4267
12.0405
13.9248
14.9869
16.5163
11.819
8.87323
11.1627
9.5027
16.4974
15.0719
10.9213
17.2106
11.3214
12.955
12.1414
10.7886
12.4337
17.0174
17.7579
16.0684
11.4934
12.1484
14.1938
11.5292
11.5988
12.6575
13.5821
17.9377
14.2706
17.014
23.011
13.2357
16.2313
11.1523
14.5501
10.0993
11.3418
14.4752
12.3546
14.187
12.9555
11.9721
12.635
10.1744
11.3149
16.4517
17.8531
15.6008
13.756
17.0215
13.8612
13.4585
14.1761
18.257
15.3296
19.1937
15.0307
15.2261
12.6257
11.8694
18.2852
17.3861
10.4539
17.0648
9.91303
15.5703
12.344
13.5196
12.6133
15.5594
16.496
11.1654
14.5398
14.9881
13.4433
11.6921
17.0076
10.9551
14.4461
10.2333
11.2041
12.8995
10.834
11.3937
12.5164
10.1864
11.913
15.654
16.491
14.7841
15.8867
10.6294
11.0248
10.8626
11.556
17.0909
12.7454
17.4191
13.9061
12.1607
10.4765
10.2882
15.1515
13.5168
13.3266
13.055
10.8146
13.2843
11.5931
8.35426
11.5444
7.39093
8.35477
13.0947
11.0318
14.4398
14.2746
15.4088
13.8718
17.7793
18.0195
12.5643
16.6276
14.8219
15.8968
18.5474
11.9285
15.2015
16.8346
11.8739
9.89197
16.7818
9.47751
13.4463
13.15
8.52123
15.6477
16.5424
16.1334
12.3749
14.0723
9.61412
13.0996
14.6868
14.3885
9.23936
9.60576
11.6534
10.7788
12.2522
13.2954
11.962
13.4401
11.2811
9.23823
12.8396
14.1569
12.5141
15.444
9.33723
11.4951
9.44001
11.2399
8.89323
14.1428
16.4317
12.4566
13.9888
15.2245
13.8906
14.6637
17.0485
12.0657
14.9629
18.1343
9.27534
16.1371
12.0808
13.646
11.8331
9.21176
14.0041
11.8675
9.86243
7.89357
11.8681
10.118
8.45603
11.433
12.4315
11.9656
13.3726
10.6086
9.30924
9.70615
12.8967
9.03035
9.4538
12.6308
10.1987
15.4284
17.4629
14.5766
14.3635
15.1788
9.37723
10.0984
12.3002
15.7951
9.33603
14.6519
19.7766
16.1573
14.3288
10.515
14.0805
13.1225
11.159
11.001
14.3391
13.233
8.13156
10.5075
10.7807
13.0053
14.643
10.4527
13.7042
8.97391
8.7387
7.64122
6.04071
8.42526
12.7244
8.14755
6.15474
10.1267
9.62421
10.4523
8.86768
10.5751
11.1706
13.6031
12.4112
10.9065
7.96985
7.84662
14.13
11.9475
11.643
8.17881
7.72544
9.97768
12.6832
7.29209
8.34872
13.2923
6.49201
8.11727
8.71794
16.0348
8.10044
12.7102
9.20877
10.2144
10.1803
8.70261
14.0196
8.51716
11.2091
7.49854
12.5614
8.02106
8.08384
7.94664
8.07325
7.94967
9.71838
10.6946
9.28313
8.85321
9.31888
9.754
8.99393
9.46235
8.71077
10.7559
11.0691
9.11765
8.25699
8.48366
9.50703
10.1581
10.122
12.9256
11.4313
9.40717
12.8032
8.58251
8.17893
8.66639
9.93033
14.6981
13.8447
7.94869
8.56245
8.86328
11.2472
13.4464
8.01428
6.65851
10.7867
9.46112
8.02604
10.7989
9.55448
7.78277
12.9667
13.3816
11.4724
10.6537
10.2659
14.8538
9.39391
13.4358
10.1521
15.4983
9.93363
13.9517
11.9743
12.0629
8.59465
9.27553
7.03657
8.06816
6.93707
12.8014
13.7302
10.8107
15.9771
11.7865
11.487
7.11643
11.0428
13.962
14.8122
13.1337
13.4541
12.7068
9.61254
7.80861
12.0947
10.3623
8.70455
14.7864
16.1666
10.7354
10.9125
11.265
8.56313
7.33743
7.70254
8.59083
9.56389
7.14324
7.95118
8.17697
9.47678
12.8953
10.919
14.5026
10.0177
15.6758
9.9059
14.3434
8.83307
9.36641
11.1249
12.4535
12.5125
11.9044
10.9169
8.59163
10.8984
16.1877
9.56582
16.0908
8.16541
12.0258
25.3109
9.92788
8.92651
14.5676
13.5403
10.8933
17.961
9.47135
10.5242
8.59151
9.61395
10.5295
16.5405
13.6813
11.2381
10.206
9.15871
13.7262
14.8639
9.92493
9.33991
8.17964
11.3912
9.18463
8.92269
10.9592
12.332
15.0392
8.31173
9.87633
7.97495
7.58924
7.52542
8.09128
16.2146
10.3328
11.5229
7.89102
11.1927
14.0463
14.7892
10.4592
17.0022
15.6432
16.4316
11.8135
16.9025
11.5602
11.3979
9.75512
14.9722
13.3108
14.7001
15.5802
14.6669
14.2063
9.67073
13.5079
9.59772
13.511
14.4486
12.2918
11.1411
8.6216
11.289
10.6763
14.2445
15.4857
16.8591
11.4738
13.3743
9.30427
13.2624
12.7294
12.1359
13.9095
10.2657
10.0357
8.97718
7.8705
14.375
14.3852
13.3836
13.7746
10.7178
12.8991
15.404
10.7709
9.88719
13.8076
12.8284
13.8361
9.57419
14.2999
11.5583
10.7851
11.1447
12.5337
11.5141
11.5301
11.1809
10.3148
12.5728
10.003
13.0364
12.6508
13.3512
13.1189
12.7825
14.8382
15.4294
9.75778
9.78669
6.93174
6.79992
12.5161
14.9751
13.2258
13.4236
17.0503
11.0842
12.2338
12.624
13.5274
15.2281
14.5278
11.7349
12.9807
12.8298
10.9604
21.3269
11.3175
12.2378
10.9548
10.1294
10.1998
12.2693
14.4466
12.2636
11.8827
15.3618
15.6246
18.8808
13.7362
12.3541
9.74206
9.62758
11.3348
10.2077
10.2232
9.62719
12.0349
7.78753
12.8398
9.70632
12.7203
11.3128
8.70675
9.41279
12.4631
10.9698
13.8615
13.614
11.3807
11.6057
11.3329
12.8786
14.1818
10.1375
13.5236
16.9519
14.8708
10.4279
14.3991
9.80278
9.42441
11.5839
9.44978
9.43371
16.838
14.4972
11.6918
14.8673
14.1653
12.2858
8.73182
10.3428
10.6582
13.6654
11.9214
16.1184
11.7691
12.7271
12.8063
14.5664
14.034
13.8001
14.8299
11.6208
19.9288
11.2203
16.0509
14.5278
12.2923
11.0222
15.7049
13.7589
14.9969
14.1424
12.2686
10.5106
11.267
11.7492
12.6643
11.9917
17.4639
13.2727
16.5633
16.0856
13.8107
14.8572
12.8709
20.0406
18.5101
9.8709
15.8967
9.78571
14.4978
10.9814
11.801
11.3953
13.5045
16.6862
14.9154
13.1387
8.33436
11.8271
21.8488
11.8423
16.2084
15.4303
12.3423
10.7755
12.9207
12.8646
17.7101
11.5426
14.4467
12.2664
9.29676
10.8677
10.1436
11.3544
17.2188
9.3675
14.7745
12.3232
9.06684
9.31081
13.8812
12.0315
18.0873
14.5734
10.7294
12.1573
9.16937
16.8952
15.5995
11.4873
11.7391
21.552
10.2115
11.9279
11.584
13.0506
13.0448
10.9717
13.8373
16.2041
12.9778
14.2669
14.2945
13.4582
10.4343
14.3798
17.4258
13.8145
11.8271
11.9174
10.0143
9.96987
15.0234
9.59142
15.1437
10.3239
11.3259
10.0212
15.09
21.7562
16.2342
14.3699
11.6222
15.604
16.94
13.9334
18.4492
14.731
15.1234
14.9162
13.3063
9.28518
8.10944
14.6861
13.5828
13.4202
15.7328
10.067
11.672
9.00916
13.3896
9.8834
11.5112
10.8871
12.625
11.9085
12.858
9.78323
17.4882
16.5484
19.061
14.6427
13.2667
15.0345
16.9185
14.7212
14.9118
15.6902
20.412
12.4245
11.2796
14.6637
10.7482
13.6769
17.2007
12.2423
6.98467
9.12265
11.0341
8.37192
13.1888
8.69658
16.4333
9.39226
12.3844
9.82753
11.2744
16.1898
12.4624
15.1334
15.1109
11.1124
12.8531
10.1828
9.66845
10.5773
12.9714
16.9661
18.153
12.8231
16.4098
15.3175
10.0035
14.1595
13.0207
10.22
14.9276
17.1426
12.1616
10.8217
8.44511
9.95785
10.3976
10.8742
11.7917
14.4621
18.8406
13.6198
15.8726
13.6688
12.0507
14.0011
14.4249
12.8359
12.2828
10.2243
11.7733
12.6233
19.3087
10.5228
17.2024
11.8871
12.2498
14.5048
11.4106
17.2246
10.8276
10.832
15.1634
16.8311
14.3429
10.4914
12.6443
16.4133
12.0947
13.5903
12.6394
17.9411
16.6211
16.1661
9.70736
15.8507
9.09168
16.0084
13.8046
11.3846
11.1002
15.8462
11.0888
10.4916
13.8524
14.6632
12.183
10.6331
12.3023
12.0377
11.1494
12.7688
12.263
11.3415
11.1753
12.8641
13.026
15.5528
10.0515
15.9853
9.91869
13.2231
9.67578
13.014
15.405
15.526
22.135
10.7672
19.5441
15.418
14.5952
9.52035
9.47958
10.1392
8.27905
10.3252
10.8524
12.7525
9.16115
9.89035
9.26393
13.4234
15.7546
13.2684
15.2753
13.0301
14.4286
14.0879
14.4212
8.7345
12.5051
12.9221
14.046
9.92785
16.4837
15.3133
16.1338
9.65829
10.7317
9.31843
10.4809
11.1387
15.6011
9.54568
12.5949
17.6762
10.8218
11.0764
10.2153
14.311
15.662
13.1505
16.709
8.41429
9.1605
8.48801
14.3887
18.2485
10.6901
12.5843
12.8716
14.5417
14.5231
13.1524
13.4231
13.3189
14.1697
11.8367
15.266
12.0597
15.8812
17.5067
11.0592
19.1944
10.8479
14.493
13.2268
12.9283
11.415
18.1376
9.78555
15.5641
15.397
11.8614
17.4974
10.9779
13.6122
14.9043
14.5343
14.3742
14.8402
10.1113
16.2974
15.3794
15.4739
13.8277
17.7749
12.9572
15.0311
8.94051
12.3979
12.568
13.2665
16.319
7.51147
14.8968
12.376
12.1577
11.3226
9.1123
9.93106
15.9711
10.2477
13.5143
16.8285
9.0701
14.9575
12.3444
14.6165
14.6197
12.3625
12.2747
12.1823
11.1144
13.2449
9.95597
12.2011
10.1099
15.9464
7.98498
13.0382
16.2277
12.9458
12.0199
9.89328
10.2496
12.0497
15.3424
17.2069
14.8446
16.5059
13.31
8.55722
12.1739
14.2344
12.1196
15.6067
11.9616
13.8759
13.2999
8.99604
10.9371
14.1685
13.1012
16.8235
13.7716
15.8469
15.8694
11.911
13.8134
10.9984
10.0496
9.5039
16.816
12.2282
11.365
13.2515
17.8916
9.53552
14.1979
11.891
8.56358
10.5951
9.51276
12.2807
13.683
16.1866
11.6638
16.1881
8.04992
10.3371
7.94889
10.6733
14.4902
14.9549
14.3845
10.8447
15.0715
8.63761
13.0675
12.9393
21.751
10.9893
15.7561
15.6853
18.6084
17.2652
12.1292
16.5743
12.7172
18.5295
18.9375
11.1255
12.7777
16.5752
14.228
10.4981
15.0621
13.8926
11.861
15.4369
11.4144
10.3139
14.6108
12.363
12.5372
12.3869
13.0703
12.3274
10.7119
11.5313
15.0708
15.3429
12.9381
12.8914
13.4446
13.978
14.7285
11.2292
9.79893
12.2097
12.166
9.30287
16.3922
12.4863
11.1211
13.821
12.1804
15.2263
12.1051
14.3304
10.6655
16.7422
13.9461
16.5998
14.8463
11.4923
14.0317
15.0763
12.4055
15.2782
14.466
14.6828
13.3059
18.0489
13.9488
20.9373
13.1739
12.3902
13.8407
9.10797
15.123
16.3051
15.207
8.76166
16.8713
12.5565
14.5271
9.61546
16.6917
13.0867
11.8685
13.1875
13.4061
11.3282
13.6546
16.4454
13.018
15.1346
15.5471
12.7901
15.8232
11.1077
13.4107
11.9421
14.191
10.0281
9.98427
13.8752
14.4453
12.0128
16.1531
14.0859
11.6572
13.0615
11.8546
16.1643
21.6062
11.3533
12.9742
14.7552
12.5211
12.736
12.0123
9.45066
14.326
11.5091
13.7202
13.2775
13.7033
8.73315
21.7646
11.3487
10.7544
13.2218
10.3673
14.8262
14.6701
17.9661
12.1077
12.2161
11.5026
10.8704
13.5373
12.5431
17.2993
13.573
11.2487
9.41056
9.88531
19.042
14.0951
20.296
6.86356
10.1481
9.91977
15.612
15.2832
13.3579
17.2934
17.1415
12.695
18.1447
16.422
11.1892
12.7139
11.2874
13.8298
14.6271
12.9319
19.6095
8.58547
14.2324
15.3334
14.5552
13.401
13.6901
12.9849
10.0553
15.7445
10.2566
14.0193
14.9061
12.382
15.7549
11.0598
10.3119
16.1494
12.5098
15.9031
12.2059
10.2703
9.78421
12.677
11.8594
16.7383
17.4751
13.5248
22.0957
12.0566
12.6812
16.5334
17.5639
13.0976
19.2913
13.0038
15.361
15.9356
10.4338
10.2789
20.235
14.4819
15.6091
17.9268
17.0058
17.3592
21.9307
14.7896
18.6403
15.4465
17.4505
15.98
9.91955
16.1581
15.9415
14.7855
19.8659
15.7749
17.2966
11.1614
15.8123
16.0336
10.3774
16.374
16.8514
22.4976
15.6323
12.9199
16.7334
15.8897
13.6217
11.104
13.3777
15.6113
13.3641
10.5009
14.8124
17.6333
12.4863
12.6691
9.54929
9.96255
11.6365
11.413
11.6142
16.6454
19.7938
12.8986
15.863
14.7382
12.4553
11.1627
11.7579
13.4401
12.8612
17.6873
15.7382
15.9517
9.84085
17.3762
11.1534
14.9218
14.722
16.6038
9.79694
11.9185
15.7319
9.99551
10.0016
12.9677
11.445
13.6498
16.0445
14.1534
9.99409
13.1634
10.1283
9.62158
13.3855
11.5583
11.7285
15.9869
9.36745
8.48425
11.8381
8.55886
12.5898
11.1342
10.1309
9.34164
13.8598
14.9283
12.2478
14.7545
13.5727
16.4266
13.4991
10.5106
9.80931
11.3436
8.0923
7.9437
10.9406
8.73596
7.72756
9.16816
10.783
11.2931
13.606
13.1804
14.9392
14.6317
10.5204
8.54667
12.9079
15.5931
16.4762
12.6872
14.7225
13.4802
14.339
10.6081
12.7416
16.7795
10.8313
13.5901
12.4201
11.1163
17.16
14.3811
12.2205
13.0758
19.4364
12.4245
10.2407
9.73848
11.7987
12.0714
11.525
14.4806
13.5705
15.1635
10.274
12.3586
9.67043
10.9499
14.0956
10.4463
11.4556
8.49929
16.0769
15.7015
14.1135
12.4298
10.3357
13.2595
12.3123
12.2953
8.85994
8.41106
13.5289
12.7234
15.1352
11.2466
12.901
11.5053
12.8801
17.5455
12.1686
13.4977
15.279
10.2361
14.9096
11.8445
9.56503
11.4101
13.7773
10.0649
15.0133
12.8765
17.2485
13.8687
11.55
17.2304
13.9617
12.5698
13.0129
9.09939
17.2741
14.679
16.6754
13.8862
17.3927
17.5292
20.2939
13.7069
12.9979
12.2194
16.3376
14.1433
15.5336
12.5501
11.8948
10.4132
13.8886
9.34246
13.4914
15.9127
16.6607
11.7693
13.4955
8.9007
9.49735
10.2505
12.794
11.6446
11.9782
14.3596
15.168
12.0677
16.1472
13.9426
12.9612
11.3095
10.0818
15.2879
11.584
10.7732
16.5915
11.5699
12.3127
14.0743
13.6867
13.2441
10.2074
13.6694
17.355
14.7485
15.0483
9.01629
13.8393
16.4449
9.49385
15.0768
16.7689
11.0711
16.7839
10.4874
12.179
14.3986
18.4487
14.0092
13.9351
12.4654
13.4028
13.5971
13.6254
15.2953
15.545
15.394
9.32398
13.2987
15.7053
13.6885
8.57048
13.3182
13.266
9.83916
10.9698
10.7678
16.8008
16.3472
12.3238
11.9655
10.5612
10.6727
22.0491
12.1127
13.1829
15.7007
16.719
12.8931
10.5948
9.11232
16.9969
10.3547
11.4336
10.1639
13.0333
10.9353
10.6482
11.4994
13.6536
10.7689
14.4545
13.7927
17.4296
9.22166
12.0324
11.2393
17.7012
11.9802
12.7945
12.9391
12.1824
15.6942
16.2618
15.0624
17.7246
14.5815
9.81808
10.0073
17.2394
14.7285
12.9965
11.8011
13.0699
17.8276
12.3167
11.7054
15.294
19.9621
13.482
12.337
16.1264
12.0186
10.8098
16.0729
14.7957
12.4433
13.1274
12.0803
9.08978
11.1341
9.19771
12.0092
12.5983
13.3655
14.9891
11.5285
14.1506
9.25905
10.5957
9.81219
12.9698
10.398
20.7368
12.253
14.6665
12.3955
18.4074
16.445
17.1819
13.1635
26.5357
12.1732
10.5743
17.3322
16.0256
15.7564
11.9749
9.56766
10.6494
16.1776
18.1293
12.1014
9.93122
9.88356
9.17452
8.34754
13.2928
17.4458
10.6631
12.4968
14.712
10.8295
10.8314
10.4452
13.5562
15.5457
12.643
15.1113
10.621
10.4413
13.052
9.58331
12.5511
11.2518
12.398
16.9454
9.87997
9.88197
15.7269
12.6972
16.0329
17.4968
14.5388
14.4488
11.1135
9.35776
9.54174
13.8339
13.4149
11.1266
12.0455
10.9273
15.3093
8.92824
14.2684
13.3595
17.8001
9.747
7.81883
11.7818
14.6175
11.9404
14.1673
16.226
11.4954
10.8957
8.87644
13.8259
11.4944
15.4105
12.5778
13.7016
14.0567
17.9378
18.136
12.4197
11.8574
10.2698
16.3486
10.3491
11.2004
18.2091
9.94878
11.3214
13.6208
15.1556
11.5403
15.1439
16.6916
17.1187
19.3139
11.3989
18.3836
17.2286
11.858
10.2838
10.1061
13.9571
13.731
13.5079
12.7323
17.0299
15.7594
11.5625
11.3445
11.8664
16.2044
23.103
12.6043
13.532
13.619
13.1429
13.5657
13.8979
14.3788
15.7885
13.6369
14.7938
8.79022
17.7205
13.0913
12.5616
13.1477
11.9317
11.5998
12.2382
12.8267
8.86553
9.26162
10.6478
17.258
11.5813
10.4224
11.1543
17.416
16.5162
17.2774
15.1011
17.4754
10.6716
12.032
15.0953
8.16286
9.49784
12.8079
10.0681
17.4226
10.8926
12.6707
13.2164
14.2904
11.9254
9.63116
15.3198
12.1872
12.2575
11.3195
13.8638
10.0363
13.0843
14.6488
11.7769
13.2516
9.88228
13.2881
15.3194
11.4482
12.8813
16.3376
13.9157
13.4743
15.7044
13.3132
13.4414
10.2604
12.1125
8.41006
12.525
9.86143
17.1944
14.3292
14.4425
14.1653
14.0553
12.0792
9.48239
9.42132
12.1264
11.1016
12.6104
14.599
16.0644
16.2163
10.4889
9.60067
15.7213
15.4855
16.3186
18.3141
12.7745
14.8303
9.7959
12.0571
17.2711
14.4922
16.9615
8.66721
15.5981
10.7837
11.3196
8.45241
15.713
8.94036
14.2993
17.0606
16.5373
12.4756
19.6113
11.2313
10.5709
11.8058
17.1489
17.5554
11.4891
18.3152
10.561
21.7178
11.5394
16.7043
10.84
19.2773
14.0901
14.4099
15.379
11.5768
11.8968
12.2596
20.28
9.58223
8.37912
8.81011
9.57058
16.227
10.577
13.618
11.9522
12.4447
11.3918
10.1451
10.6501
9.56011
10.6079
12.6898
9.97326
17.5576
12.0162
14.1333
10.507
17.0357
9.51179
12.7484
13.8028
19.5019
12.467
12.4092
15.3574
19.0868
15.1377
13.3594
10.766
14.6618
12.1296
11.5473
12.5382
9.89598
10.7609
11.137
15.6467
8.78202
10.7767
12.7096
10.644
15.9565
16.1638
18.0544
10.6198
16.3751
15.4143
14.4765
12.2757
18.8194
13.3159
12.978
14.1164
16.9044
14.4551
14.4159
13.3211
10.8387
8.66956
14.6357
12.8771
10.3365
8.44391
10.153
8.57785
9.90778
8.23344
15.2069
15.651
12.7155
16.6805
13.6079
12.8568
12.6502
14.3828
9.77443
17.1795
8.63335
12.276
14.6901
10.0272
17.3833
15.3074
11.3754
18.5338
8.99821
11.1617
12.0087
18.8238
14.5734
12.8313
17.7697
18.3507
11.7878
11.2722
18.0236
11.6356
11.2355
11.2678
9.02682
10.9692
13.0251
18.612
16.0469
14.8349
9.92113
12.76
11.8723
11.1
13.2613
15.196
14.3186
14.7309
14.5769
18.9121
10.5848
11.8124
16.1454
11.5314
13.0816
16.96
15.2364
15.7769
22.0507
14.4023
11.6368
12.4519
12.1293
9.80438
9.75917
11.3172
10.7149
13.7819
13.8817
15.4864
12.5746
16.6944
18.284
12.2827
16.9392
12.879
13.8171
16.7702
12.905
16.5648
12.3201
12.6658
8.86822
11.5706
8.81986
12.7893
15.1104
9.49763
9.01365
10.223
15.0588
12.7757
14.5166
15.3147
10.4232
8.10064
13.3284
13.5471
12.6794
16.8915
15.756
11.38
8.89782
15.1931
17.4417
12.9484
11.0941
11.2385
17.1308
13.6227
10.2352
15.3972
10.9094
9.91541
8.85603
13.9167
10.2871
13.2425
12.8771
9.871
12.6213
13.0125
14.3071
8.69824
9.23954
12.4349
13.0798
19.2525
13.0809
11.5321
10.5777
12.683
14.1533
14.3286
14.4996
8.12312
9.18452
10.8673
15.0332
10.9468
10.4711
9.69266
11.515
14.9658
13.2683
18.4581
16.1363
11.4219
12.4096
11.9097
16.2842
14.1508
14.5298
12.4741
12.0714
11.998
17.1984
13.1209
11.1301
10.6032
15.9282
14.3423
16.3143
10.2237
16.7034
10.0106
13.7259
14.2132
10.8328
14.353
11.2753
12.6671
21.8177
16.545
12.8897
9.84858
12.6843
17.9647
16.5521
17.8615
12.7223
13.1805
14.5258
10.5773
11.3266
20.1024
17.5899
11.23
15.8494
18.6098
14.0168
11.5545
12.5028
8.90747
11.4169
12.258
13.246
13.5501
13.0516
11.0762
14.4733
10.8661
17.9765
18.5722
12.007
12.6147
15.2282
12.3687
12.1815
12.8973
10.3563
12.1707
9.78085
9.85626
10.3807
9.10665
12.5255
12.8371
11.1579
13.0763
8.2675
7.65932
11.1844
12.2195
11.0477
13.0236
8.04953
9.84474
11.6866
9.86853
12.9062
8.96895
16.0693
16.0144
9.78433
17.5168
16.3066
12.3116
15.6877
15.2902
12.3546
18.7447
13.7519
14.811
14.2156
11.2442
15.4733
13.8234
16.1022
16.3661
12.6192
11.4968
11.4297
9.77547
10.9779
9.59278
8.29507
16.547
13.2802
17.3719
13.694
10.3222
14.8876
10.2471
8.80255
10.381
12.3438
10.5323
14.1092
9.44503
10.631
14.5416
11.5844
16.7305
11.9953
12.336
9.24998
10.5957
12.393
9.78113
11.6181
11.9083
15.9095
16.8434
15.946
19.7082
13.9589
11.3082
11.169
15.0741
9.23319
11.4637
10.6377
10.159
12.7079
14.8066
11.6409
15.6685
6.90787
6.51595
11.7552
10.9406
8.89987
14.0282
11.4024
11.4223
12.0041
9.84346
10.7965
14.8172
15.1346
14.0672
10.836
12.6728
17.1623
19.3067
15.5548
16.4137
14.1539
16.6781
12.4738
15.1581
13.7351
12.5769
10.8907
12.8174
22.3478
10.047
10.7743
14.8608
16.2468
9.69212
16.5056
15.1064
18.2481
11.6645
17.943
16.1667
11.4301
13.007
15.5838
12.6424
13.0559
12.4706
9.20095
12.2009
17.5753
11.1611
11.1957
12.2439
10.8332
8.90397
10.8681
14.8285
9.65054
10.391
11.3998
14.4177
10.989
9.99981
13.5289
13.5254
11.839
10.8423
12.4284
13.976
16.5953
16.4547
10.5212
11.0337
15.4292
10.1609
14.578
11.3319
10.6317
18.8762
9.92361
17.5704
15.429
12.9176
14.585
16.3454
16.5825
11.5427
18.2107
10.4614
13.0239
22.5527
11.7929
16.5215
9.4796
12.4353
13.3907
11.9822
16.9156
14.7181
9.75808
15.964
10.3319
9.04772
11.7354
13.2074
12.8074
12.2932
8.49186
8.12522
11.7023
14.3451
12.5785
8.63744
14.6889
13.0991
8.41493
8.39938
7.57637
9.71989
13.2707
13.2704
12.6622
13.024
14.7831
11.2018
11.2422
11.8985
10.9073
8.24552
9.59536
10.9468
11.2548
12.1396
11.3284
9.69532
7.94167
5.40591
8.66574
8.49466
11.0916
11.5049
12.2654
11.4468
8.49764
11.5373
14.6276
12.088
9.30658
10.9729
12.799
11.6143
12.4945
11.0088
7.94711
11.1337
11.9122
11.9081
13.9977
11.4931
17.9604
16.1532
12.0681
14.8427
13.2585
17.0927
11.5288
9.56335
15.0806
16.4891
15.3344
15.7264
12.8845
8.1964
11.1043
13.4138
9.11507
14.4415
13.5334
14.6597
9.66744
15.1134
7.50488
8.94755
11.3966
9.28412
13.9273
12.0125
7.98806
8.71563
9.94826
10.699
12.6788
14.5461
9.76734
11.2899
15.3339
12.5481
15.7654
13.9593
14.4592
15.0175
15.2892
12.0162
10.3891
12.2894
14.6846
15.8236
11.2593
15.3713
9.76633
13.3041
13.2873
13.7267
13.5554
12.9965
11.6618
10.8207
8.27991
15.1489
13.0094
9.87834
8.65117
13.0593
7.72487
13.47
10.0026
8.35884
11.8077
12.6809
13.6594
9.02062
13.0959
17.0297
8.73472
16.8424
13.9519
10.2136
9.19019
11.5675
11.7274
13.4435
10.9506
13.504
11.6183
11.9252
10.586
10.4286
8.36432
11.7235
14.384
7.76246
13.1915
10.9276
10.8441
11.7943
8.61183
9.03412
13.066
11.8552
13.9084
10.0465
13.5046
16.5462
13.6466
17.3297
13.0758
11.1307
12.7429
11.5148
14.9744
12.8901
12.6327
12.0534
9.15137
15.0579
19.2098
12.6189
14.6628
12.1017
15.0802
16.5892
13.0367
16.3236
11.6463
10.4692
13.1523
16.215
9.64119
10.3873
13.0894
15.9513
12.3281
14.6121
11.4685
10.1957
12.4201
22.4202
14.8258
14.3548
12.0091
13.1354
12.3199
14.0746
14.1993
8.70683
10.4363
11.5208
14.8463
13.7347
12.2181
14.5797
16.5202
15.5121
14.5189
10.2407
10.4916
9.97269
9.34989
9.78116
13.2507
12.3438
19.2797
10.1968
12.2457
11.385
12.2437
11.0192
10.201
13.7712
12.9025
12.4074
11.9286
11.0394
14.7326
11.0642
15.5249
15.7865
9.64566
16.3222
18.2567
13.5943
13.9575
17.7808
15.8773
15.0087
9.92478
19.0838
14.8192
10.8781
18.4812
16.6392
15.1358
14.8969
12.1839
10.1386
14.3428
10.7301
16.1771
10.0028
10.2877
17.7462
13.5435
11.5957
11.6267
14.0304
11.8534
10.6866
12.4131
10.9861
13.5325
16.5681
9.20599
10.9351
15.3808
10.8093
17.4826
11.5654
10.6972
9.82472
10.9105
11.9692
16.0933
9.8814
15.3229
15.7742
10.4923
10.3651
15.3707
15.5648
16.2124
13.1425
16.1599
10.2023
11.9098
14.8159
13.1084
11.5814
16.0134
7.98672
10.9459
6.38928
14.4888
11.952
13.3087
8.13506
12.9281
15.6277
14.5433
15.305
17.3253
13.8167
10.4038
10.5693
14.5571
12.8931
9.28803
11.9531
13.6873
13.229
8.50176
12.558
17.3233
13.5066
17.3888
12.799
11.7629
14.1619
13.5261
12.3135
12.5936
12.4646
22.8751
16.1726
12.8484
13.8802
21.8344
13.226
12.4161
18.1149
16.4397
13.817
26.8215
13.4656
14.1433
10.9767
14.7453
16.1434
18.2696
13.1295
10.495
12.8157
11.4371
11.344
16.4658
14.7728
16.6759
14.0348
10.2522
10.538
13.0677
17.0391
16.7012
16.8144
14.6158
10.543
12.6768
11.8835
7.97415
11.3627
11.8005
13.1948
17.633
17.445
14.1823
14.2074
14.6252
15.9529
16.1706
12.3667
14.269
13.2787
20.1795
12.1847
12.5587
14.1237
14.9162
11.1862
21.1404
14.4547
11.4407
19.2033
12.534
11.8782
10.2449
10.6322
13.7532
11.1103
15.7415
13.603
15.4406
12.7147
11.35
13.127
14.0087
14.1282
16.9272
14.8991
12.6721
10.7583
19.5532
12.4722
15.4286
15.0246
9.64668
13.4076
12.7952
19.3702
14.6112
11.9343
14.1124
8.19727
18.1498
10.3725
13.9362
15.0401
9.89581
10.6742
14.0933
11.4682
16.1525
14.2807
17.1267
11.9415
12.7688
13.7528
9.43548
15.2481
13.0968
12.0113
16.4128
13.6422
17.1949
12.4998
16.57
13.3068
14.817
17.7554
15.7609
13.6293
10.8055
12.7668
12.0175
22.5149
11.3294
18.1222
9.48732
17.7658
13.7652
13.9331
10.3828
13.8907
13.3297
13.3851
12.2851
11.7277
17.4224
12.6878
9.69468
11.1311
9.70998
10.6462
12.4039
9.19979
12.4766
8.33638
13.9094
13.4435
12.0382
14.5769
9.08773
17.854
13.8534
18.3262
11.7544
9.49978
9.31355
10.4699
11.9533
10.1518
9.65272
17.2947
8.66467
11.7373
10.1807
20.0231
11.8257
11.5054
9.57957
13.6248
16.2951
14.3837
11.9779
14.3012
12.0782
13.0208
16.3841
8.81428
8.87539
15.8165
11.4822
13.9989
10.3646
9.91555
15.1047
16.2775
10.7557
15.3222
11.7501
15.9787
14.77
11.7634
9.10548
17.8462
8.8819
8.92887
11.4181
10.819
14.8974
16.0902
13.381
15.598
13.6924
15.5765
14.8181
15.0479
15.8602
11.2852
8.95833
13.7276
9.39378
16.4554
11.5695
10.0399
12.3397
10.2467
15.9637
19.1638
9.41314
9.79784
15.7015
12.3841
12.7659
17.0151
15.1815
18.37
10.9402
12.8872
10.5585
15.029
15.8713
13.0781
12.6762
16.2316
11.0733
12.8636
13.9074
11.7869
11.1585
16.1261
11.8412
15.1822
14.3847
14.3707
17.2772
11.6522
13.6192
11.7547
16.178
15.4431
10.9373
13.2772
15.1472
10.1915
13.5347
9.585
10.243
10.8491
15.4958
10.1176
14.6313
14.8835
13.8129
10.882
12.9958
13.8658
14.7502
8.41822
14.4663
11.9416
12.5272
11.9062
14.9104
8.76027
16.6507
12.8693
9.21879
9.43615
8.71556
11.0515
15.7781
14.6564
13.7044
9.66579
8.90804
14.8912
13.3934
15.2318
13.3231
11.1966
11.4026
18.9164
10.671
9.58685
11.3363
10.6119
13.8337
10.4806
19.5687
12.5148
12.0925
11.7629
11.7141
14.6512
11.8671
21.6176
14.6925
17.1709
11.2538
10.9975
13.7488
12.643
17.1048
16.119
7.44782
10.7923
13.063
10.9212
12.9548
14.5367
16.2997
15.8009
12.0618
15.0465
12.209
16.08
13.1101
10.4452
13.0737
16.5325
15.6257
8.40544
15.9985
11.2534
10.5426
15.8149
14.0278
15.1292
13.014
10.834
14.6561
14.3206
12.8135
12.4386
14.1391
19.3405
13.989
17.6012
14.1246
18.4414
11.7749
13.6053
15.3638
15.1497
13.1435
13.5246
9.50748
11.3441
15.3932
11.8525
13.0415
12.1118
14.3551
13.4287
12.2653
15.0305
9.33427
17.1555
10.5613
13.9603
15.1032
12.9445
14.917
13.9566
10.4352
11.6489
13.8526
19.5701
12.4579
12.8777
10.6449
9.94223
9.57209
9.04886
14.6374
9.25035
6.88708
14.033
12.7035
12.9323
10.3801
13.2363
17.2504
15.2639
15.04
17.6875
12.5664
9.03128
15.731
13.8082
13.2122
8.11993
15.1731
16.5121
10.4551
14.2101
13.9943
15.0786
16.2054
13.2847
10.3514
8.79663
11.8851
13.129
18.1607
15.5633
14.0351
14.2838
17.2148
9.25363
14.6664
8.72155
12.7703
10.3587
12.85
10.9674
12.9057
11.6797
10.6536
11.1402
8.93012
9.63269
14.791
8.00524
10.7625
12.3103
11.9033
16.4289
11.5603
10.5873
14.3367
11.6223
14.1936
14.3473
17.7897
13.5889
10.6056
8.47263
9.47428
10.8924
10.0755
11.245
14.2385
17.0635
18.3502
8.3443
13.1777
19.1449
12.2837
15.4863
9.27176
16.4059
16.3191
17.0392
17.0144
13.5783
18.1965
13.7577
15.3348
12.4702
16.5016
9.32777
10.4583
13.5465
10.1001
13.1971
10.7153
17.6388
18.414
12.9312
14.3893
14.2153
10.8318
15.458
14.1721
11.1181
13.4887
11.6066
12.7285
10.7426
10.2046
9.99668
14.4842
17.0677
14.2637
11.5793
11.9043
14.1988
13.0077
11.6479
20.3452
9.89652
9.28608
13.5094
7.37101
16.7691
15.9084
12.7982
16.1961
12.2628
10.444
12.2072
10.7014
17.7464
9.91844
13.6326
15.9166
11.4701
17.0123
12.769
14.2502
11.9556
15.9988
13.609
11.8297
13.045
15.8166
14.3952
13.9835
12.3827
10.9172
10.58
8.98628
10.4483
11.5543
19.3447
10.6002
19.5312
15.2458
12.6585
14.0713
16.884
14.0134
12.3442
12.7648
16.2055
12.5746
13.8232
19.6373
15.2481
12.8505
14.1887
14.6368
14.5326
15.1758
13.8776
12.6286
16.1331
10.5376
17.1207
14.4381
15.6301
12.1859
15.654
8.71394
11.9407
16.5132
14.7471
10.2609
8.92995
13.2956
13.9449
15.623
16.1731
28.3964
12.5756
13.0099
15.5527
13.203
10.6417
13.6003
20.5335
11.7651
13.751
11.7403
20.7836
9.937
11.4723
11.9351
14.4984
10.2328
16.4537
15.041
14.023
13.441
11.4051
12.6951
10.2337
17.2244
10.0173
9.41848
10.213
9.68818
9.68908
15.4359
15.8303
10.2449
16.8079
9.38167
15.9029
6.07125
8.1414
12.4437
10.9689
12.1144
10.252
11.1002
8.55833
14.6155
13.5052
14.2264
12.4304
12.1051
11.3447
12.4455
10.4822
15.751
17.9068
12.8066
15.2009
8.95713
11.4362
11.1309
8.94148
8.977
11.9742
10.3646
9.75493
14.2456
13.9871
12.6093
13.2759
14.6681
9.15274
12.6821
15.7066
11.0548
9.87756
14.4549
12.0205
10.7067
10.4024
14.9033
10.6836
13.3358
10.6789
8.97584
13.4429
11.1441
11.1791
8.88639
14.5992
11.0409
11.2613
9.67408
13.0179
9.4023
12.9005
15.592
10.5061
11.9149
16.7966
19.0033
22.9827
12.6723
12.6743
10.488
14.1536
16.9566
20.421
9.44804
6.99072
9.14356
6.24268
20.1419
11.9294
9.73153
13.3832
13.3626
13.3983
11.3171
16.401
11.6098
9.28168
14.2402
17.7802
10.173
12.9894
13.2068
17.3862
12.487
14.2345
8.41453
11.3293
9.07988
14.5563
14.7577
13.0076
17.7408
13.9343
14.315
17.9848
16.7826
11.8674
9.70456
10.121
9.6029
13.2703
9.84703
9.63581
13.0622
11.6072
16.8481
11.9477
14.7093
9.8904
9.42464
12.8467
14.8126
12.0166
9.64955
11.621
11.0043
8.94584
10.307
14.6259
11.9181
13.4391
12.2758
13.3465
14.1344
14.7061
9.66866
10.0018
13.5933
17.6718
14.12
13.8065
12.8683
12.6686
13.2558
12.5623
12.0904
15.0029
11.4793
15.7754
18.0027
13.4467
14.1757
13.033
16.2866
13.8744
9.34839
8.43297
13.6899
9.21838
14.6761
15.3489
17.0543
13.5718
12.8959
12.8753
13.2037
16.8622
12.1238
11.4868
10.8367
14.9939
12.5567
9.73579
19.2474
10.524
17.4899
15.2591
17.2698
14.2912
11.869
13.9221
12.0485
16.8634
12.34
14.964
9.96828
10.1654
9.9296
10.0792
9.52477
8.22899
8.8065
10.3468
11.7865
14.257
13.1097
13.8838
16.27
11.2271
7.65652
8.27902
8.9692
13.2193
10.4577
10.7537
13.1391
17.0843
17.2979
14.7232
13.8141
16.5996
14.5727
11.2029
11.5897
9.38956
13.1668
14.3766
16.1357
15.2424
12.2343
14.0047
16.275
15.6045
19.6051
9.87471
10.9849
14.8619
11.5882
10.3944
9.50495
13.1172
10.726
16.6307
11.5218
16.4278
13.8063
10.1452
19.8406
11.5223
15.0932
12.3556
11.4159
15.3984
10.9666
17.2345
11.704
18.2455
10.3471
17.6942
12.8651
17.0078
11.946
12.6302
19.7785
14.6437
11.2852
17.9763
14.919
21.4302
15.3995
14.5398
15.8735
15.1775
17.4777
13.8958
11.3272
12.2787
15.5315
10.9498
13.4053
12.5972
15.4427
15.6999
17.2726
15.0337
11.2106
6.89036
9.47551
12.5668
13.9396
12.0861
15.8361
9.49226
13.9994
11.0438
13.9248
17.0395
12.5518
9.41981
14.6107
9.99485
11.5865
13.5338
13.3255
13.0584
12.9862
16.9931
14.2768
18.2278
13.3041
12.2341
19.4134
16.9387
12.0335
10.5529
13.3765
11.5072
17.4217
12.8565
15.9651
14.6694
13.6116
11.6616
18.7366
12.2597
14.2243
15.6247
10.7171
15.3872
11.0788
14.3435
12.018
10.5947
14.3052
8.18801
11.7789
16.5459
11.3753
14.3415
14.0868
12.2661
14.6625
11.5542
12.9392
12.0932
15.5481
21.0308
13.4481
12.5904
12.2944
17.3116
12.0085
16.9398
9.62811
10.7532
11.564
9.53178
9.05354
11.8311
11.8977
16.6338
8.46492
11.7611
13.4029
13.8901
14.0398
18.7615
9.0845
12.0583
12.1499
11.2503
11.1243
11.8207
11.4109
14.5095
17.7196
11.6037
11.6558
20.8435
8.97168
9.3051
13.7173
10.6046
10.298
9.25107
14.5048
11.3806
17.5239
10.3164
9.84368
8.97967
10.2958
12.5526
11.7692
8.21808
10.773
11.8905
13.3451
13.2308
9.85891
11.8647
14.5892
11.4796
11.0893
14.6206
15.3004
11.872
11.5598
9.58983
12.0105
9.37052
13.0339
11.0299
10.361
10.7986
14.9463
12.2419
20.0363
11.5497
14.1152
14.4238
12.1854
8.88489
9.9806
11.0866
10.6969
11.6564
11.6939
8.84431
9.93752
12.1256
12.9008
14.472
17.6849
10.7197
16.3068
10.2696
13.2334
9.41867
14.5386
11.5328
12.2946
12.7368
16.3317
11.7691
8.85782
11.656
12.7231
18.4571
14.4091
19.2646
12.4362
11.2037
7.55827
12.361
16.8191
8.80472
11.976
10.7588
9.01164
11.3006
8.39378
9.10801
10.9772
17.0191
11.2693
12.5652
12.3361
8.92994
10.0281
10.5582
15.3673
11.658
12.8856
10.7506
13.7624
10.2473
14.4421
16.4059
13.3761
19.429
12.8499
13.6595
14.4252
14.2878
10.2951
15.2776
15.0444
11.2297
11.5079
15.3281
15.3276
17.7869
9.40646
9.98579
12.0342
13.3522
11.8883
11.7706
15.4114
11.6891
14.6298
12.6574
12.1747
14.8627
14.9274
10.0201
8.7342
14.7685
11.8873
13.4908
16.1982
13.1884
14.7193
16.1932
19.5671
12.3028
21.1116
14.2027
11.08
12.2049
10.9634
16.0048
19.2185
15.8176
14.2334
20.2375
14.992
14.4304
15.9875
15.6913
9.37546
8.90848
16.0298
13.4295
11.1537
14.0589
16.1586
17.1629
11.1109
13.9829
10.7579
9.65193
11.3865
17.7897
14.9676
17.4714
15.5927
12.3499
11.4038
15.6546
13.3091
18.1563
12.0562
15.5333
11.7688
10.8549
12.1936
11.5922
13.229
13.5106
19.6489
11.6863
13.5495
13.7313
14.4068
13.3266
16.5861
13.4069
16.1874
15.8466
14.8068
15.3707
9.35542
15.1772
8.21706
11.8414
15.6197
11.1019
10.7051
9.53
11.221
8.8554
17.6896
9.3621
12.1384
11.805
13.9754
13.51
8.79581
11.5189
12.9187
9.52188
11.3441
16.874
15.0441
12.1849
13.728
11.2979
18.2278
14.0759
14.5938
17.3958
17.5349
13.3709
13.9173
13.4577
12.5289
9.63387
10.0095
11.9667
12.6183
15.6157
13.4023
15.7898
9.97926
12.995
11.66
16.853
9.10245
14.0546
7.88766
9.23854
12.3599
11.207
13.385
12.0193
11.8551
8.58913
11.4202
11.1979
11.7394
8.27802
14.4376
14.5194
16.415
14.714
15.8989
16.6195
13.5307
16.5365
12.3834
10.9441
13.4625
12.5033
11.6486
15.1261
21.1537
12.8849
15.2895
12.269
13.6449
11.1518
12.8815
13.1643
9.78478
13.2886
13.1427
13.0427
13.3822
10.8032
14.3272
10.7665
11.8592
15.8726
19.308
14.7236
16.0188
14.5497
13.9282
12.6067
10.5072
13.8072
9.48949
10.5705
14.9155
13.4584
12.571
14.5794
10.476
11.2256
14.373
15.4119
13.2593
17.2432
12.1954
12.3647
13.8566
13.9658
9.2524
10.6433
9.37028
11.8404
13.5657
11.3656
10.9552
11.3954
13.4568
12.6908
13.5689
12.0274
9.48164
14.1667
15.8616
14.2086
9.65199
10.9033
10.3303
10.3691
12.8515
11.1072
15.3275
10.2187
16.6545
12.9285
10.9673
10.2758
9.61031
12.577
12.0198
18.5085
11.1959
15.3677
15.0589
10.7219
19.536
11.6619
11.8303
15.3866
13.8844
16.9861
15.771
15.2881
14.74
19.6466
12.4658
14.9324
12.9488
10.6622
12.4993
9.20606
10.456
11.2548
10.3247
10.3049
9.26436
10.8491
13.2225
10.3119
14.3128
11.8677
10.2596
15.0168
12.9674
13.9973
21.7771
12.1974
12.2449
15.1548
12.1206
9.85268
12.8859
17.4826
15.6242
11.5738
12.5327
12.8515
11.6712
14.1876
13.1645
15.5168
12.0857
12.658
17.0344
11.8348
16.6487
13.3962
10.274
10.2238
8.8482
14.824
9.20968
9.95761
11.8948
13.9808
15.5788
15.3306
10.8651
10.8494
6.16274
10.3667
15.7814
12.9695
13.7064
12.5681
12.2587
12.3963
11.1513
10.3702
16.1433
15.4222
17.5622
13.8667
18.1419
17.2711
15.4472
16.6959
17.3494
17.599
13.7705
16.5822
14.8452
13.7603
15.6048
12.5705
17.8044
12.8872
13.9975
15.5965
14.1818
13.9979
10.1482
11.6593
10.8864
14.9038
13.2036
12.1946
12.2489
9.59536
16.0259
12.6741
12.774
12.3475
14.6542
9.95713
11.8086
10.6497
10.3402
19.7176
10.5391
14.3497
12.4471
16.2336
15.7131
16.807
12.2594
14.6251
11.0752
13.454
11.7926
15.1257
10.0677
11.725
12.1126
14.46
15.8244
9.37585
14.8834
18.8757
14.293
11.1647
12.1496
15.6243
16.1673
12.6586
16.1666
15.0076
13.5172
11.266
9.72131
14.4458
19.3159
9.95041
19.3206
16.1457
9.3125
14.9652
14.4111
10.9454
16.5533
10.9648
17.8501
12.798
16.7355
8.59341
10.5765
9.94577
15.5215
15.2099
14.5274
12.8238
9.995
16.0438
12.4148
18.3372
18.5068
13.8951
15.2087
15.5667
13.52
14.0731
15.2631
15.2816
14.1552
16.4209
14.0391
11.8282
15.5133
12.3263
12.5991
17.7393
18.1898
12.9673
17.01
11.166
9.47413
12.9587
10.0192
17.2243
13.0256
9.86246
12.8759
9.86036
10.6715
9.28984
12.1338
9.41063
9.25605
15.2634
9.93476
14.9802
7.98993
15.8893
10.97
12.842
12.7176
16.5686
15.0462
12.5615
14.0373
12.8963
12.782
13.1224
8.62418
10.4136
11.3906
11.4919
10.7714
11.1947
10.7664
10.7172
15.3572
16.2861
12.2791
18.159
11.7654
11.0006
12.365
11.6042
13.6394
17.1344
18.4022
11.4323
14.0682
17.9666
9.30303
11.9571
9.68478
10.9504
9.97861
13.1014
22.0384
11.178
14.4153
14.2751
10.9827
20.1947
14.7461
13.1716
15.8654
17.2311
17.7757
7.50631
5.81342
8.08968
14.5117
9.44381
10.387
19.0181
11.9273
17.2723
10.284
9.94249
13.2583
16.2955
13.5465
13.4584
14.4231
12.0101
11.0647
16.3329
16.5036
8.66657
13.3993
14.7799
12.4359
8.49808
9.64998
16.8967
17.6004
14.6161
12.7972
17.4048
16.398
11.7043
13.339
14.5364
13.876
22.4181
14.3225
12.9163
18.2353
12.73
18.0073
15.2785
14.9218
11.8158
16.2489
10.2066
10.3841
18.5841
11.8394
13.723
18.803
15.0887
16.1392
12.7208
14.667
8.2341
15.3696
16.8269
11.9974
8.7281
10.7097
8.53103
14.5099
12.7262
14.5196
13.7941
13.5934
11.6307
12.0505
10.9683
17.7191
11.0208
15.7071
12.5472
12.8039
14.186
15.8739
13.1345
11.7066
12.5617
15.3346
14.3357
11.3007
12.4879
16.0262
18.0316
12.8388
18.2186
14.6706
18.9836
9.43638
16.4835
14.9198
16.6626
11.9703
19.5039
13.914
10.668
11.3626
14.9744
11.8873
17.8889
12.7584
15.6539
11.4202
17.3846
12.0747
12.0219
15.1068
14.8834
13.1131
11.312
15.4747
12.8095
13.2543
12.8812
18.3301
14.0937
15.4011
16.7041
16.5443
15.2172
16.8512
15.9126
13.2205
17.6643
14.2989
13.4938
12.681
17.3855
14.3849
11.9517
13.0204
11.8626
17.4707
14.245
11.6123
10.9003
18.3021
11.7322
16.4273
16.8905
11.0558
16.6349
8.18297
13.1023
9.34683
11.3852
12.2517
14.9247
7.67574
14.3806
10.0859
10.4509
12.8937
12.0342
11.9957
12.0616
14.5897
15.663
13.5866
12.4099
12.3529
14.4827
13.1328
12.5606
12.4475
16.0715
13.5091
10.8532
8.80854
10.4352
12.0999
14.9435
14.6168
16.3029
18.1939
10.4984
13.1237
11.7371
16.9493
13.2571
11.6183
10.4541
11.8577
15.5302
10.7758
9.62059
14.1651
13.5925
12.0692
17.0161
6.25769
5.37868
5.24212
10.9304
11.6651
14.1594
12.0398
10.3776
10.4324
14.5784
10.7016
10.7252
9.65767
17.4536
8.42914
9.38509
8.81715
14.7509
12.0849
12.0699
14.8492
13.3254
10.7598
10.6228
12.6256
12.5947
9.10243
10.2822
12.6013
15.9921
10.2411
13.619
12.8099
9.19897
14.1171
17.3562
14.7172
9.99532
16.3284
15.2759
9.79832
12.81
13.7093
16.429
14.0844
15.7993
11.0551
12.5425
14.4143
13.4039
14.8463
17.2535
16.8031
11.7295
9.55782
11.7089
9.38599
10.7322
13.7932
14.1044
8.27901
9.11404
14.2168
8.6231
8.44895
15.1005
13.2696
15.566
14.2737
13.1348
10.6834
7.83592
13.363
12.7433
13.3492
11.948
11.2954
11.3729
12.5922
14.1726
15.1185
16.3062
11.5157
15.8245
13.3332
16.4355
16.1129
12.7492
11.0139
11.0582
14.8966
13.1107
12.4941
12.3256
10.8162
9.0156
10.1503
16.2912
12.4327
10.6163
13.012
13.1939
11.1931
15.5164
11.974
16.3931
14.1016
15.2004
14.0257
13.2208
9.99567
8.50024
11.5744
14.1301
15.047
11.0401
10.7393
16.3166
16.5276
11.331
14.537
15.9531
14.6554
10.9964
12.0893
9.76209
11.3357
12.3586
14.5853
10.6609
12.8995
12.8914
11.0149
11.8918
11.8962
12.2121
10.2438
16.1054
11.9255
14.5093
12.9513
10.4539
18.1158
16.0175
13.1654
11.6823
11.9911
14.7713
9.29352
16.3819
14.2045
11.7186
14.9376
11.7482
11.2753
16
14.9311
11.7609
13.0494
11.8769
12.3156
14.5062
20.726
15.8991
13.1823
10.5223
10.5803
10.6088
10.6675
16.2867
9.56024
11.2119
14.4189
15.8295
12.4618
14.4857
10.9645
12.0838
13.581
13.3486
15.5932
16.9169
16.5623
13.2233
15.8794
16.6737
14.5553
13.1828
14.4211
12.185
10.7642
9.2353
12.7086
12.761
14.1388
8.76509
19.6519
10.3018
10.6298
9.97969
13.492
13.7976
10.3986
8.24774
13.3402
12.2925
19.3224
11.1426
12.5843
9.18849
10.733
10.1072
15.3692
8.20473
13.2877
9.46518
11.8227
16.3471
12.0451
13.4884
12.3857
12.1892
13.081
13.2482
9.54493
16.4667
15.3854
19.5109
13.0553
19.9136
14.6117
17.0155
9.43175
16.8539
12.6918
14.604
15.3974
18.3128
11.2945
13.7325
19.2148
16.7047
15.2667
19.4243
11.3044
17.7639
14.6056
10.7766
20.0297
16.4497
12.0981
18.0765
18.3655
19.1173
11.0461
20.2774
14.0656
13.2893
12.4989
9.99681
19.1625
15.2966
13.7452
12.9569
13.3627
14.6855
9.73493
16.7978
13.0897
13.8092
15.4839
8.96495
10.04
13.5015
18.1579
15.1723
13.1031
13.6541
11.9349
8.37734
13.8539
14.5528
13.9982
12.0449
9.42658
11.2073
9.77641
11.5965
13.9961
7.94616
7.80562
13.0935
11.648
16.5536
12.2281
15.3625
12.6846
11.2478
10.3662
10.1091
8.1989
11.2854
18.5734
10.4558
13.7768
19.9424
10.689
15.4941
14.3879
14.7876
12.371
12.8356
15.3669
14.156
13.2076
9.80818
10.1819
15.224
10.5517
9.46225
11.7031
7.94165
8.98829
15.4791
8.26371
11.5609
10.8252
13.1592
6.33686
10.2134
10.0383
15.4747
7.97206
11.398
9.80811
10.5023
19.4243
14.2918
25.1752
14.2553
14.0895
13.2429
9.56404
9.16081
11.423
14.6229
12.512
12.1372
13.5098
10.8675
9.55535
18.8188
9.0969
10.0325
17.9614
16.8992
14.7064
16.7472
15.5011
11.0963
15.3367
10.3288
9.87197
13.5486
13.8839
21.1042
12.9759
10.8125
15.104
9.71694
15.1008
10.2326
16.2119
11.189
14.4236
15.4125
19.7881
15.152
14.6349
9.81925
11.7698
13.8839
20.1017
19.0556
12.6743
24.4646
13.037
13.2881
12.8013
14.162
13.3446
15.2979
12.3657
15.9122
14.3371
12.5711
13.2007
11.8145
9.95951
11.6276
13.5297
16.2842
15.6812
12.3697
18.1219
9.30447
7.28326
13.9878
10.8208
12.8635
12.4513
11.6744
11.6217
11.3021
10.5977
9.1517
8.27119
10.1398
12.4995
10.8516
12.7562
12.5189
11.7488
14.341
16.9641
13.4856
10.1603
9.93398
18.0582
14.1913
13.2248
10.1774
10.8344
13.5394
15.6767
11.8026
13.2064
11.6393
12.2397
9.64622
16.1601
12.1053
12.199
13.6271
14.271
10.5368
10.2315
10.687
8.97311
8.96667
12.4129
10.9527
15.9083
18.9573
12.3047
20.4461
11.1381
13.8376
11.2126
16.1225
13.7482
14.9018
20.5657
13.4367
15.0458
15.4075
18.5576
12.0392
18.3422
12.5127
13.8866
20.1884
16.955
12.3202
16.4332
17.145
14.9795
14.7974
16.9283
18.3074
13.2816
11.0767
10.6273
13.3815
9.91686
16.1879
12.8993
12.5988
13.4851
14.1387
13.9334
15.9977
11.5604
15.8977
16.6884
12.7433
13.0671
13.1848
21.098
12.6357
11.3071
16.9374
10.7144
17.1993
14.056
15.8269
12.8415
18.5722
14.3123
17.6156
14.2323
15.3333
15.8899
21.0714
13.1239
10.4331
16.8576
14.1
9.4795
11.6245
13.4782
13.9153
10.4124
23.103
19.3714
13.5231
11.7559
20.934
13.5745
11.9864
9.39537
9.49435
9.30303
20.6249
17.0184
18.3427
13.2234
12.6732
14.415
13.8917
15.4635
16.3617
9.96017
10.0719
12.1553
11.4748
17.4719
13.2212
13.1074
16.1161
16.2764
14.7259
17.9252
10.4613
17.4206
10.2613
11.2421
20.6669
11.917
14.7668
15.1242
13.8768
17.2997
10.1741
13.7738
9.91784
11.8127
18.6608
11.5557
16.7367
12.6676
11.6007
16.1326
13.9587
15.2394
14.8902
13.1445
11.2719
11.7278
12.4167
15.8354
13.8247
14.7997
16.2168
18.8605
12.6854
12.6721
17.4084
20.2423
19.2468
12.5456
13.8107
15.1723
9.20174
16.0577
15.092
21.3152
12.1158
11.6262
12.3302
11.8469
19.8743
12.8708
13.6817
9.50779
11.557
9.76581
9.90366
13.647
16.1654
12.6887
11.8832
13.6049
11.4423
11.0036
12.9638
11.1712
10.7018
18.7566
13.7111
10.7657
9.85426
12.8386
6.87251
11.04
9.81257
15.4618
11.4856
14.3524
16.315
12.6206
17
13.3434
21.8176
15.1855
14.2626
15.0841
13.2711
8.73359
11.8472
8.49982
9.10032
11.9375
10.4035
11.5745
13.0131
13.0339
15.9272
11.538
14.2903
8.80925
8.99968
10.8266
12.4247
9.69429
12.9231
11.3112
11.5596
10.1903
14.5374
15.0853
11.4695
10.1611
9.63888
13.834
8.79228
12.2081
10.6598
14.3428
13.2993
11.9093
11.2916
16.9746
16.0548
16.0068
13.823
16.1658
8.65339
14.7071
11.578
12.7435
16.9944
14.6543
10.4552
11.6479
9.82872
12.3054
19.3171
15.1241
13.779
9.04275
9.90515
15.0767
18.734
11.1711
10.4946
16.5984
15.4188
11.7199
14.2704
11.4928
15.3617
14.872
11.7876
16.3061
12.1614
13.671
14.7169
10.1049
11.4885
10.2715
17.5004
13.6863
13.217
10.1688
11.1617
13.0384
10.9086
11.497
11.0188
20.6032
9.73238
10.2659
11.8837
16.0031
19.6455
13.6258
5.95563
9.12222
12.8468
11.9086
9.23324
14.4499
9.26166
12.6091
15.7307
20.9671
11.729
13.4818
10.7907
8.51849
8.52436
9.44202
10.95
17.9875
14.1801
10.2617
13.3158
10.5772
16.0477
14.5434
15.0264
14.4771
14.3471
12.9366
11.2048
22.6615
12.5405
11.7979
11.4746
10.61
11.2258
17.5865
14.8473
18.8415
14.5058
9.48649
10.8559
15.666
14.8872
15.2047
13.0983
17.735
14.7765
11.1607
13.0691
14.0545
14.762
15.8342
10.0518
14.3171
16.5455
11.4297
12.919
9.58127
16.0272
9.32686
13.3987
13.8459
10.565
17.0015
19.9966
14.0417
13.576
16.1539
13.5628
16.598
15.0332
14.4967
9.75443
13.7618
14.1941
12.7725
10.5157
13.3563
11.5875
14.4992
16.3839
13.3576
16.5043
13.5709
10.954
10.9486
16.9681
17.564
12.7055
19.6159
14.0564
13.2149
12.261
16.7265
16.7288
13.4148
16.3091
17.8116
15.763
14.1404
12.8092
11.3394
22.155
17.3035
11.2151
11.5549
9.12333
9.51539
18.2944
12.4658
11.8001
10.3768
11.9961
12.434
13.0286
11.3137
14.0904
12.1001
15.9884
16.5218
13.0887
14.8084
10.6102
9.68244
14.1205
15.3618
11.6623
13.6655
10.9087
9.83503
13.466
9.79672
11.4657
9.65843
17.3238
11.5053
14.4953
11.6805
10.8793
11.6531
9.22177
13.6351
14.4744
15.4745
16.0066
16.0406
11.5533
10.673
17.7354
17.4746
13.7548
11.4824
14.4497
9.8902
15.5202
13.3443
13.1912
13.4345
14.7771
17.4936
13.7735
17.2742
13.8248
15.5025
15.899
16.4502
18.6113
12.7254
12.1952
11.8539
10.6281
11.4116
17.0743
10.4939
9.72123
11.9562
11.9929
13.2138
13.0733
10.8207
10.8092
12.5671
10.824
9.42432
14.0349
16.6556
15.4616
9.25115
10.0389
14.5352
9.87826
17.2013
10.2544
17.2336
10.5202
12.9631
9.62092
8.52173
9.89374
11.8913
11.5699
10.2252
16.9949
14.5963
14.2454
14.3091
15.536
14.1822
14.5859
18.1395
16.641
11.1594
22.4746
11.455
11.4378
10.824
16.1797
12.5346
11.3628
8.82058
16.2822
12.7054
16.5006
13.4444
14.7387
11.7109
11.0118
12.5232
14.7398
13.5532
10.5291
16.5925
14.9435
17.7318
11.4254
11.7691
17.5532
14.8498
9.11711
15.8205
15.9691
13.9193
14.7133
15.1789
15.7339
10.29
12.6692
15.7214
15.3333
14.5852
13.7117
15.9989
11.48
18.5874
18.2926
14.4377
18.7403
14.0182
14.5701
11.0659
12.9161
15.7812
13.0062
10.3482
13.6212
17.0265
11.7875
9.11525
9.9912
10.2253
9.96595
9.63141
10.384
17.781
16.182
14.5466
11.6367
10.3428
8.82338
13.6533
14.8561
12.2727
12.8772
11.0798
8.19619
10.2907
17.1766
10.0929
9.97292
11.4939
11.113
14.322
11
10.0921
10.8006
14.0265
16.9149
15.9978
11.5
16.5824
12.5122
12.5152
12.0511
12.4173
15.5502
9.00211
12.7585
11.5654
15.0541
8.12068
13.0272
18.2291
14.3333
10.3288
13.8058
16.3818
10.5104
16.4312
9.54216
12.7322
7.77429
14.5709
16.5786
13.4865
11.7557
8.29191
10.3802
11.4328
12.6931
9.76947
12.3323
7.86474
11.8268
12.2365
11.5657
10.3402
9.31104
10.291
11.3659
8.95352
17.0982
13.0495
17.7673
8.97026
12.5213
8.80111
8.94052
14.6863
10.6814
8.53813
10.548