14.5718
18.3133
15.6498
14.5849
10.784
14.8022
8.33761
9.71679
13.5851
10.607
10.3405
11.26
13.05
13.0272
14.4356
13.3707
13.4286
9.40603
15.1196
16.8026
14.2289
14.8793
11.8674
11.9605
9.39088
13.6399
8.53803
9.00197
15.6516
10.5575
8.9762
10.8625
17.5346
12.8244
11.1777
18.5311
14.5144
16.427
17.1163
10.2541
13.2318
18.5181
7.41382
12.4193
19.2989
13.1541
15.769
9.05622
9.80049
9.07838
14.0325
12.7421
12.7481
9.81347
13.7457
14.5363
10.8537
16.1492
13.8254
13.4794
14.302
16.6069
14.8623
14.6831
10.8661
11.9416
20.1093
10.3484
18.9368
15.2841
10.8735
11.9023
15.2606
9.96413
19.6342
11.6273
13.6896
15.8953
12.2918
17.5782
16.3273
9.79334
8.5467
18.2476
12.3039
13.935
11.8865
15.094
10.3561
13.5095
16.3159
15.4877
17.3599
16.9476
8.66032
19.764
12.0835
11.5657
9.19273
17.0036
11.758
12.1239
14.2782
12.6284
9.3022
16.9453
10.8338
14.2999
16.7535
8.52515
9.13602
6.39204
8.28191
8.86641
13.4009
15.4755
16.8295
13.1119
14.1736
14.1416
15.4392
13.6158
11.0343
10.3306
16.4079
11.9455
18.3412
13.3032
16.4489
11.3338
9.69646
10.5798
16.7768
15.5271
15.0117
10.787
14.5149
9.73606
15.3543
10.0448
9.67931
11.9266
9.87427
16.0652
13.5765
14.4146
10.3992
11.2783
15.3273
9.05757
12.4773
12.3567
12.8843
10.7181
14.3798
11.4585
15.5933
12.053
11.1348
14.6801
9.35218
9.45839
10.9353
14.6952
13.8666
12.7902
15.9845
11.6628
8.26132
17.626
15.8442
8.91095
15.7737
11.189
14.987
13.5803
10.6255
13.4508
17.1591
15.95
8.83644
13.7391
12.175
16.4613
9.73355
10.5172
17.1893
11.5654
17.509
15.5161
14.4107
13.93
8.09952
8.87004
11.8304
13.2008
16.0255
8.99249
17.5019
13.6042
9.97119
13.5912
16.7143
14.4573
15.3309
18.6528
11.5529
11.0331
9.90798
11.1165
12.4816
14.5247
9.30513
17.0943
12.7243
17.6554
14.806
11.7225
12.7212
18.3107
10.0801
15.8845
14.0695
11.6825
8.2307
10.344
18.667
13.4332
16.2065
12.8079
15.3164
18.7184
9.63026
12.9019
12.9324
16.1773
16.4531
12.2534
16.8593
11.7192
11.73
9.17377
10.2075
9.91739
14.6866
10.8078
10.2539
11.1354
9.31158
9.51575
10.2171
18.5994
13.1213
9.69095
11.5079
14.3533
14.9255
9.83739
10.7069
15.5308
14.191
12.8497
12.9156
12.3162
11.8283
15.6932
12.8712
19.5875
12.204
12.6077
10.848
11.4373
14.724
9.77244
14.3306
14.7682
13.0386
15.2643
10.8529
15.0537
16.2346
11.2345
7.71301
14.9853
11.4213
12.3257
14.8565
8.44462
15.1364
12.4124
8.52116
10.298
15.2903
7.40886
15.2104
8.57391
9.51137
14.8134
8.96859
16.5385
16.4302
14.6853
12.8338
14.7735
13.4491
8.87498
14.3966
15.9317
11.6398
10.1308
10.1617
9.08419
15.6521
8.47215
10.6197
12.0768
17.799
12.472
17.6677
13.2469
9.31185
13.3236
14.1417
9.12462
18.1582
9.99943
17.9495
13.1647
8.75293
11.5968
12.2081
16.3815
10.8222
15.2492
14.6426
15.709
8.84767
11.3488
8.77861
9.46284
11.1662
10.9585
14.1401
16.1549
11.6799
13.912
9.77895
14.9578
12.0938
13.333
12.9456
10.4648
10.5187
10.6022
14.0116
9.64803
16.0886
14.1839
10.5328
13.3703
9.24627
9.32434
17.8674
10.1154
10.5726
14.4724
8.98204
11.1223
15.4038
12.9721
19.4423
18.8443
9.46377
17.8781
10.0726
16.7859
19.5281
12.4113
19.0424
16.2399
15.7804
16.0481
9.56693
14.1195
15.1175
11.9534
13.9299
15.7275
10.3521
11.17
15.0419
12.0409
9.52007
16.895
8.50769
17.2581
9.13465
10.2854
16.2427
9.77131
16.5322
13.4662
11.9127
15.2725
15.1701
10.8321
11.0255
8.69613
18.4137
10.4303
11.9061
17.6741
8.72844
12.0046
9.80788
10.8765
10.1131
9.6868
9.9981
16.0457
9.4393
13.2165
12.362
14.6009
20.2925
13.3393
12.6415
8.79471
10.6249
12.0337
9.90167
10.4756
10.7596
9.46889
11.3831
11.6265
16.1684
17.1649
8.51512
18.4961
12.8703
11.6721
11.3633
12.984
9.71637
10.8873
17.9735
11.0657
13.2082
11.401
15.7609
13.4068
11.0271
13.2058
8.47764
8.54991
11.8174
8.30399
11.1573
16.8328
12.3565
8.81136
8.65361
14.8688
11.2368
8.9464
12.987
8.93857
16.1477
12.5476
15.541
16.1883
13.1148
9.61856
13.6577
13.8903
10.4484
12.1788
8.4937
11.8975
7.74788
12.8644
11.4705
9.03807
16.3779
12.4855
15.0211
14.4039
11.8852
15.2618
10.0358
11.4207
11.3563
10.6606
10.0183
12.9722
13.0592
9.8462
12.1056
20.2654
11.0877
17.8724
9.38453
17.95
13.7976
13.3209
21.5842
19.0579
13.8916
10.7212
7.23819
9.1476
7.5368
9.04862
14.3852
8.23298
15.9129
10.0035
13.5329
14.9737
15.7661
15.3277
10.7586
9.33627
12.3924
9.53922
16.0887
10.7196
16.2492
17.4673
15.4453
9.87556
11.5527
14.5947
12.3945
14.31
12.6684
17.5089
8.3656
13.7615
15.7755
12.0532
7.76236
16.1198
17.232
14.4173
13.6674
14.87
17.5883
15.2415
15.7105
15.6519
15.1837
12.1467
15.1962
19.5862
12.8301
14.9281
11.2797
16.8907
12.8426
12.5725
9.21789
15.8335
12.9525
15.7532
17.4967
15.6384
17.0745
10.0206
10.5976
14.7049
13.1463
10.9033
13.9546
10.9096
10.7038
9.2131
15.491
14.7046
10.7094
11.926
9.40555
9.54521
10.0612
19.9697
10.4479
13.1387
13.4713
13.5109
10.2685
9.60127
7.16979
7.48127
9.04114
8.05764
13.9409
12.0672
11.2116
10.5132
20.6877
18.1177
10.6197
10.8319
11.9782
9.35598
14.7788
17.072
19.5514
16.0223
17.7806
11.8951
10.2516
11.43
10.8185
19.9683
14.6927
11.7946
8.46339
8.6573
11.6801
8.41279
17.1941
11.1754
8.79079
10.0492
16.5785
15.2922
13.0489
9.8259
12.7394
12.3759
17.8829
12.5124
12.4731
8.92336
11.4689
12.348
9.46953
16.1855
12.8786
15.212
9.33437
9.83146
15.0637
15.8434
9.89712
12.8174
15.973
11.2087
14.8003
14.2659
13.2302
11.8485
8.53977
19.233
15.9257
10.7235
12.0194
12.1839
15.1436
13.9477
14.9512
13.6832
9.91714
16.8662
10.1236
14.415
9.70877
16.5192
12.784
12.4794
14.1981
10.7121
10.8556
12.3256
9.89393
10.594
13.114
10.5625
19.6531
8.67363
12.2759
23.8193
9.46583
11.3858
9.3708
17.5254
13.5937
15.3114
11.748
9.28125
9.50155
16.6836
10.2204
8.23649
14.4299
14.6775
16.7364
8.44302
13.9284
13.0082
12.0443
11.8135
10.2144
9.62464
12.2156
9.56191
12.3106
11.1011
9.6773
17.946
15.7008
12.7357
12.9907
8.7295
9.29361
8.45651
10.0759
18.6608
14.933
14.4988
15.0509
14.2292
10.3857
9.13129
16.7568
13.2468
13.0003
10.9174
9.87717
10.5066
14.3675
12.6166
10.001
12.8234
10.5113
16.0263
14.8679
9.94628
9.33495
13.4452
13.9117
14.2807
14.7885
16.7785
15.8592
14.543
13.4614
9.89964
15.6656
13.6437
12.3744
13.7457
10.058
9.59209
18.164
18.7635
11.0059
13.5504
8.13614
11.6528
13.0808
14.7692
14.0992
16.889
12.7745
14.1775
21.4568
12.0429
9.46602
16.1685
10.9316
11.0001
8.71366
10.1482
9.68711
9.88593
8.12114
13.3449
12.3442
10.6447
14.7034
18.5649
17.3288
17.6383
12.1819
15.0769
15.4431
11.6888
13.4251
14.2886
15.1071
14.2612
13.0078
8.6356
15.6283
11.3626
17.5512
14.0965
10.5772
16.1582
11.7314
12.0198
11.7574
9.82338
15.6363
10.4942
8.82062
16.6499
11.9919
10.9576
15.8534
10.8827
18.0045
15.6002
11.3767
12.8436
15.2607
14.7741
21.7794
10.7398
14.4812
14.3302
15.0181
16.9856
12.4522
16.2019
17.2839
14.6054
18.0381
12.4412
13.1945
12.01
16.3964
18.6693
15.7922
23.131
10.5307
13.7622
9.15751
16.4086
15.6483
8.81358
17.4202
10.3241
8.85057
16.3724
12.0282
13.5344
16.3279
11.3616
17.4391
11.4348
11.0349
13.1826
15.5919
19.7901
14.8176
14.5517
13.3997
11.3227
17.0784
13.5737
17.5182
11.2937
18.8614
16.8878
13.1981
12.8986
12.7165
14.4249
12.9296
16.8131
13.9176
11.0898
10.9661
12.3024
9.3153
18.0746
9.64532
9.35605
9.88741
9.21478
9.90931
9.38201
11.8914
17.1813
12.9531
10.0099
18.62
11.9368
10.0071
13.056
13.3019
18.5724
8.9894
9.36447
11.3317
10.115
11.3145
11.9776
14.5015
13.85
10.2633
15.2145
12.1053
19.3714
12.1305
15.6769
17.0543
14.2872
8.91302
8.68665
14.9112
10.9181
14.3505
14.269
13.597
16.0895
10.9918
11.5495
7.53847
11.4859
11.9283
12.2762
11.1439
12.9168
13.6331
11.1598
14.3607
9.38805
13.7855
11.6601
13.373
12.0443
20.0937
9.56662
12.8378
13.5261
11.3905
8.53442
12.7269
10.0996
11.7021
12.9038
13.6702
16.5226
9.12472
10.9434
15.7394
12.9234
15.7947
14.8894
9.08769
9.56515
14.7495
11.5826
16.2524
12.4789
16.9747
16.2787
14.0475
16.6383
17.4584
15.2549
15.5946
11.6702
13.5625
16.1435
12.7245
15.6069
17.768
16.4542
18.3264
12.462
13.1172
15.7197
16.581
18.1279
14.3324
14.577
19.052
16.6168
15.681
11.7283
17.9528
12.3267
11.9487
18.6336
15.6495
11.8772
14.7633
16.4956
11.43
17.3169
9.53764
17.9401
10.512
15.9388
15.6561
18.5515
10.2961
13.6667
12.4447
15.244
10.5476
9.76238
9.62939
9.03559
8.29018
6.56086
7.87162
8.32142
10.3762
9.74019
9.37373
7.90269
10.2988
8.87296
11.3765
11.2167
10.0254
10.1097
11.8701
11.5969
8.76056
8.33362
13.9774
15.6081
9.712
11.6832
12.3961
11.7021
10.0166
16.4677
12.1486
8.56225
10.9628
12.6815
16.8322
12.282
9.74802
17.1581
12.813
14.4352
14.7257
16.1363
12.1893
15.3298
15.504
12.4403
13.5492
15.8328
14.5771
13.019
11.1694
16.558
15.4509
15.7947
16.1011
12.3634
14.4739
17.4708
12.7409
14.7028
11.3127
15.344
13.1439
17.7119
14.4227
15.6071
13.5237
12.6159
16.3743
13.7663
12.1196
14.1451
13.4613
11.4324
11.7509
11.6554
16.2977
13.1758
8.5371
16.5401
12.5843
16.7882
12.3012
8.98665
9.60007
10.06
15.5175
8.74249
14.0726
10.4345
12.6571
8.5914
12.9809
10.2224
11.0349
8.22801
10.4471
9.33662
13.0201
10.7583
11.279
9.28549
10.5884
10.0933
13.7325
13.5943
11.249
10.1785
13.6408
13.1988
15.5331
15.6219
12.1336
8.51555
8.84722
7.61042
13.7814
12.1286
11.391
13.0476
10.3279
11.6048
7.65676
11.9634
7.66198
9.35841
10.1996
19.1065
13.4355
13.0368
15.2852
11.8849
9.56767
13.9338
8.95164
14.2359
11.5995
9.85457
10.0193
11.3421
10.5074
9.076
9.50751
10.4211
12.4194
10.9408
15.3437
15.8783
9.27736
13.5741
15.5023
11.1196
12.6593
10.0565
11.6041
12.7292
9.84218
9.56666
10.3666
10.4873
9.76612
10.6932
16.3267
11.8607
11.4514
13.432
13.7542
9.77485
14.935
17.6426
10.0008
10.7637
7.56451
15.2917
14.8013
13.8193
7.47247
18.0223
10.1856
13.6925
13.1695
11.3094
11.8957
9.85249
13.8846
14.2956
13.3462
13.3063
10.9668
13.599
14.2978
9.99666
14.7419
12.4203
17.6255
10.8057
12.8437
10.4418
12.0916
10.8723
12.5287
17.1354
19.6937
20.5378
15.8508
14.3961
14.4287
10.275
11.0127
9.2231
8.51295
16.3896
15.5724
18.0974
14.1813
12.2074
11.8764
10.4819
10.0572
10.1149
9.75092
9.98965
15.3002
16.6829
11.4771
11.2092
16.0556
15.5746
12.3295
10.2669
19.3308
13.9295
11.18
11.6417
10.6407
15.7538
11.1306
13.7262
10.1386
10.5672
13.392
9.66204
10.1786
14.1074
12.0248
13.3158
9.311
9.00479
10.5469
9.78635
10.442
9.74143
8.21793
8.28412
10.6557
10.9274
9.71216
10.2353
9.67937
8.74008
8.89271
14.3686
11.034
18.1567
19.2529
12.0354
12.4
12.8314
12.691
16.8444
13.5608
10.6234
18.6849
11.4982
13.5981
25.3752
15.7068
13.1304
18.4166
12.1221
23.5872
17.7691
16.111
14.4732
14.0115
12.7813
20.1162
16.9024
12.9366
24.9198
12.0462
25.5755
14.5607
17.1506
26.325
17.0903
12.3852
13.5684
14.4668
16.2139
12.6298
20.8443
13.7778
13.811
15.8588
13.8071
31.4228
17.1372
22.174
17.392
20.4304
16.642
15.1277
11.1964
10.0403
16.252
14.4563
17.0481
12.6408
13.411
13.4073
18.8688
15.0264
18.0241
12.4151
13.0286
17.4901
13.2086
14.3074
19.1344
13.7698
14.2437
12.5922
13.3505
20.9838
19.1235
12.5903
13.2584
24.212
12.886
13.9301
12.2875
11.831
12.697
11.734
22.492
14.1414
15.1618
21.4725
25.8377
16.4328
24.9232
14.8209
14.3514
20.0985
13.0763
25.791
16.3814
18.9658
13.4867
12.9676
15.0617
17.0368
13.7622
12.8572
13.7035
19.8907
16.7572
14.0024
14.8375
10.9578
18.8848
20.4413
23.6472
15.916
17.4922
12.3208
19.5561
13.1244
23.8722
20.1139
17.9819
16.2435
11.91
16.5999
11.8966
12.765
10.9285
10.2133
11.5274
22.279
23.7135
15.6542
25.0119
18.2734
19.6138
17.8027
19.2735
20.6223
19.7706
12.2749
13.8882
14.9915
12.8757
14.8651
14.3927
16.5575
13.4143
12.8246
13.0135
10.9356
13.8165
18.7157
15.0321
12.7145
12.9298
23.3818
17.595
15.1958
13.3249
14.0084
14.5115
15.02
16.4563
14.848
20.8134
14.8185
14.0946
22.9335
21.0786
22.4795
17.1717
12.1176
21.8529
15.2689
11.865
12.8599
26.7068
12.7847
14.472
16.0604
15.8592
12.1724
11.8565
17.7359
14.7388
21.514
15.9875
22.8478
15.6169
16.3291
15.9898
31.5612
15.4051
15.0469
15.9271
18.8375
12.3726
18.2465
21.6403
20.6838
19.7055
14.5352
14.728
25.4176
16.0614
23.5943
17.257
12.0285
17.0193
14.5509
20.6198
20.855
21.9056
13.5668
15.8919
20.929
22.3877
18.2935
18.1927
14.7399
13.7991
21.7195
12.7259
13.3457
17.0856
11.3798
14.039
14.8375
11.4641
13.3279
18.3561
23.9106
21.0148
14.9119
11.7548
20.9955
14.557
26.6405
14.4027
15.3602
21.7285
18.615
14.7471
17.3015
13.1864
14.3952
17.1232
20.4158
19.0817
12.1118
15.7508
21.2932
13.5362
23.5317
22.1876
20.6031
15.895
13.2837
28.5201
17.8176
18.0932
10.5997
10.7142
12.3434
14.8745
13.2115
15.8873
23.5249
12.6698
17.658
19.1923
15.2543
13.2589
14.9289
20.4817
12.9752
11.2757
17.8298
23.4168
23.1315
16.1832
24.7094
13.6587
11.7608
14.2793
22.51
14.6659
20.407
13.0033
25.9954
15.2072
7.05747
18.4514
23.7612
18.7643
17.6072
12.1327
23.7978
14.7866
13.9321
22.3235
19.0643
25.369
18.7605
23.81
15.9486
21.3712
14.3898
19.6688
15.4668
14.0043
16.2421
11.609
14.7092
12.575
14.0773
20.7842
21.2704
14.132
22.6771
14.033
12.364
13.9819
14.6329
24.3257
13.7208
20.7011
13.048
13.3036
20.9217
20.3044
12.6384
13.5896
14.129
21.6849
17.2972
12.8415
16.4667
14.9805
22.283
16.4547
21.2518
13.0241
28.2834
19.0018
14.7693
23.8237
23.2273
14.9066
17.091
13.8711
24.9345
21.4486
20.904
14.7057
15.3644
20.6724
14.4421
18.0741
13.5134
22.5096
18.3658
22.1473
16.7867
22.7782
16.9958
11.8214
22.6229
17.2167
11.7632
12.2808
29.0501
13.7769
23.4152
13.5858
22.081
15.2381
21.9021
28.4901
14.1451
13.8135
13.8143
12.7957
12.4465
18.957
17.5928
23.3368
20.1741
12.7296
15.6771
22.0289
14.6346
12.3369
20.3381
13.5276
16.0726
16.6684
20.0018
16.8725
11.0954
11.5455
12.8584
18.0294
11.2797
13.6317
18.0303
16.9204
15.0589
13.157
13.3609
12.0749
15.0163
20.3536
15.1534
22.5558
12.4732
24.7677
14.597
26.2654
19.9694
13.9093
16.1002
24.1643
12.8292
14.9467
22.6868
14.6489
15.9426
13.6708
15.6818
12.8507
21.3881
18.8145
16.5863
13.6379
11.5001
23.8347
23.5262
22.0524
20.1272
13.7088
20.6955
13.4018
14.6804
13.0317
19.8747
12.5438
17.6779
17.3026
25.7383
22.1104
18.796
21.738
15.5092
11.778
22.479
20.1286
10.4559
13.9359
15.356
17.2889
11.9494
23.2212
15.6638
19.3846
15.0777
13.2586
13.8493
22.5816
17.7417
16.1995
18.7948
14.4123
12.7822
12.5763
11.7749
12.3532
20.5403
13.9116
14.208
17.8397
13.3156
12.0103
13.6554
15.2
11.5721
24.2768
11.6172
25.7056
22.899
14.5117
16.3565
16.625
17.6843
23.7513
16.0052
14.2783
11.458
20.913
13.7469
26.4731
28.2907
14.3707
25.4877
20.9786
13.4775
13.2458
21.5712
15.0713
11.7866
12.7081
12.6573
11.997
11.2718
13.5072
11.4236
14.5225
17.9405
12.6398
11.3152
11.7586
10.945
12.3485
21.5954
15.5763
11.0236
14.1817
11.6109
11.2422
12.1978
14.4886
15.1018
12.2209
20.3864
12.6078
17.7306
12.2135
20.6893
11.5156
22.8471
21.2806
20.7724
16.6681
13.4033
14.204
17.6816
11.9275
23.0062
12.7479
22.4582
18.6136
14.4794
14.7431
14.8779
12.6444
20.7677
14.4761
26.8885
23.3359
16.7237
18.8773
19.5596
24.099
22.2282
15.2742
13.2317
19.755
24.6678
11.3797
17.0323
11.2172
15.322
25.3686
16.2049
22.3491
12.7952
22.9409
13.3959
13.8893
18.7573
17.1909
14.8706
12.742
26.5092
23.3789
13.7912
21.0427
13.6823
16.192
23.4877
20.9594
13.1314
15.5334
12.6792
13.1834
27.9777
22.4714
20.7854
13.4906
14.4735
20.6426
13.4639
13.0381
22.7306
18.1674
13.4329
23.8681
12.744
14.0296
12.7956
14.3419
21.8937
12.9069
23.0509
15.5771
21.1167
14.8819
20.4106
17.0643
20.4797
13.4536
24.1135
14.4386
15.3037
17.0164
12.9088
16.4974
14.8733
14.9967
26.7791
11.7166
13.3596
11.785
13.7384
14.3894
16.6722
11.0539
14.3677
15.4321
13.5304
10.5999
12.3367
12.4706
15.2853
13.3
21.5402
13.486
12.79
11.4746
19.1824
13.7011
11.8668
13.9674
19.1933
19.4836
22.4282
12.8479
14.9902
14.6976
13.2997
19.4356
18.2082
13.1845
12.1808
11.449
21.0675
12.3258
11.6597
8.07858
10.4708
13.6981
12.235
10.7226
27.6724
11.4901
15.0021
21.6197
13.6495
16.0066
11.1054
21.3536
14.8607
11.8944
12.3725
13.7226
12.5566
15.3836
13.0405
15.6247
13.3115
13.4099
12.4076
19.4824
14.2104
17.1393
13.2532
22.6507
18.1099
12.3605
10.6719
14.866
12.392
11.9468
13.8826
13.067
12.1274
12.9955
18.1723
16.501
11.354
11.425
14.7895
14.361
21.0637
12.1898
20.6788
13.5592
11.9515
21.4602
18.4328
11.1965
17.0028
13.334
10.7657
12.8413
13.5575
16.2174
28.7365
15.2704
20.3656
11.6337
11.9857
19.3585
11.378
18.5616
18.4632
13.3165
24.0456
17.2498
14.5038
19.9032
15.2158
20.8569
18.7222
12.5461
12.3934
13.6052
16.2697
10.7868
18.603
10.4031
19.2009
22.3083
21.7747
15.9194
19.9548
13.9699
11.2988
12.4097
20.6432
16.2541
15.507
16.2591
11.8007
18.7939
11.6779
21.5186
12.0244
24.6418
14.0437
13.6495
10.6436
22.2439
23.6108
15.4843
13.2075
13.1146
14.1338
14.6799
22.759
16.7049
16.4661
14.5771
14.3675
14.0414
15.6557
16.7944
17.3154
18.1401
20.2123
15.12
15.4109
19.8294
13.2326
14.0553
13.7138
13.3059
15.3736
14.0392
13.0865
19.8758
11.9151
16.5369
10.6074
15.2506
11.3737
13.0746
20.3613
12.282
13.9279
12.4036
14.2582
21.0347
11.6222
13.728
11.2503
22.5038
17.6834
18.5474
17.3795
11.7723
13.7451
11.0418
14.0506
11.8974
11.6559
10.739
19.4956
17.9482
17.5366
15.9455
11.4905
11.3374
21.3633
22.6896
22.3841
18.5015
14.7322
13.4868
10.5693
10.9996
11.8923
10.7513
12.6065
11.844
16.1991
15.8397
11.2786
19.6356
10.5462
17.7277
14.8514
12.3428
10.4628
12.9843
13.4034
10.0193
11.8642
18.8192
19.1943
13.2593
16.0164
17.5208
12.7061
11.8168
11.4187
7.9035
10.0133
20.6152
18.9683
22.6689
14.1104
11.8704
19.3851
11.9932
18.2963
12.9429
13.2
12.4603
11.1387
18.0933
14.2515
10.7081
18.0751
12.8606
17.5728
19.2578
12.6723
14.7291
13.754
9.20895
10.0073
11.9115
9.57809
17.8473
11.8077
10.9374
13.9951
11.3017
10.1317
22.7775
18.9567
10.7751
17.4693
14.2261
14.7986
18.4238
24.1842
11.1605
21.6683
13.3628
14.2757
11.9856
10.9412
20.1755
13.2977
11.6945
18.0674
20.336
13.5755
21.461
14.8946
16.9445
19.8776
14.3733
11.5708
8.75861
15.8052
12.7936
10.4742
10.6172
10.7619
10.6769
17.949
17.2255
16.4881
13.0853
11.7215
10.0272
14.5283
12.1962
12.114
11.9168
13.7678
18.3484
17.6843
10.9527
15.0613
10.5006
22.274
17.3204
13.3631
12.4129
11.7953
14.0038
12.2743
18.7768
19.3447
21.2026
16.6216
20.0406
19.835
15.214
14.913
13.2123
15.1195
12.1237
15.4474
13.3707
10.7571
21.5677
11.8173
18.1741
17.8359
12.5542
12.3988
10.6331
17.2328
9.2728
12.6854
10.392
12.3653
13.2395
18.2337
16.3327
14.1347
15.6555
11.6655
11.1259
29.3667
16.3893
11.6917
19.8101
12.1535
13.4331
19.2211
12.4304
13.3418
20.7422
21.0563
16.2989
13.2277
10.2869
17.402
11.9771
13.7523
13.9851
16.8604
18.4287
13.1197
11.2765
11.7721
15.208
12.0725
20.5988
13.7602
16.7274
13.8898
10.9803
11.0978
21.3748
14.6249
12.6861
17.7214
18.1829
18.682
20.78
19.3067
13.803
17.6768
18.4737
16.0838
22.7904
11.8604
17.0683
10.4773
13.7876
9.90072
10.8173
16.4341
13.8367
13.8138
12.4736
11.6409
10.4001
27.1177
16.4387
10.1901
12.614
11.697
9.65036
11.7139
10.5323
11.0689
18.1361
11.3775
16.3974
18.9624
13.281
11.6473
17.3864
12.4407
18.4011
10.6496
8.79776
8.70629
8.77318
9.61624
9.97941
9.27697
11.1512
21.3819
16.7229
11.1557
23.4227
16.4202
18.9397
13.1442
11.4318
10.4912
21.5867
10.6901
16.5508
18.6832
19.4944
18.6586
13.9108
10.2808
10.1775
17.3124
11.4819
23.5038
19.3778
11.2648
21.6165
19.7866
16.5696
11.2804
10.7862
12.0437
19.0529
12.2862
9.896
15.5532
11.451
10.7758
12.6712
10.2544
14.8932
14.3724
16.2097
19.1997
16.8335
10.9713
10.4243
9.82218
12.131
11.1734
22.4216
11.3623
10.8688
11.1644
11.5562
12.7049
15.2335
9.88055
15.725
12.4011
13.6882
13.9386
13.04
10.2341
9.46444
12.83
12.1476
19.9589
23.4971
12.9504
15.5337
9.87026
13.4432
10.7008
12.4175
8.9252
11.598
17.7374
9.89531
11.5466
13.0228
16.7103
18.9554
14.2077
10.6424
11.4277
11.3178
20.6621
13.124
13.063
17.4891
10.0733
21.007
12.688
14.3141
10.9476
18.1427
9.94591
16.1783
10.1296
11.8972
8.7046
17.6862
17.5266
14.3955
11.0306
10.3356
17.8979
11.36
18.1814
10.3151
12.1522
13.5969
10.5432
10.5416
18.7481
18.8509
20.6831
17.5727
15.7206
11.3492
11.5836
17.487
11.2565
12.2963
19.0792
15.8032
17.52
12.7204
17.0362
16.1212
13.7753
21.8783
15.9976
10.2233
12.1235
13.6002
13.4461
20.9751
11.6675
28.2824
18.3191
16.608
19.3142
11.9154
12.596
21.5784
20.4619
13.5734
12.1063
11.1395
10.4523
14.9016
11.9607
13.2796
12.7107
15.8577
18.6279
15.8448
18.6976
12.2641
12.1207
10.2298
15.1469
14.4739
21.4275
16.2753
12.3109
11.3785
11.1477
6.95256
16.0605
20.0312
12.564
14.7759
10.8964
22.8011
15.6795
20.3279
23.9685
14.2165
17.3297
7.29097
10.1338
7.11967
11.464
10.995
11.5662
19.017
15.7082
11.3764
9.83762
19.9695
18.8958
18.888
14.5495
8.5368
15.3902
6.63469
8.0977
14.9941
12.7195
24.7502
7.38851
13.6766
13.5274
12.7317
21.0712
19.0342
12.2727
12.6769
12.1988
20.7978
13.4814
14.1488
21.5033
13.0947
16.448
6.24387
11.8775
21.3091
13.0214
12.5347
13.0507
12.3196
22.0059
17.1437
10.2553
11.953
17.8939
19.9137
10.7372
17.1782
18.4908
12.7913
14.7967
16.7943
13.3202
10.406
23.1468
12.7521
12.2151
10.4454
10.8839
13.2844
15.6162
13.0286
15.0551
19.8247
11.9213
20.1546
12.7502
18.4928
11.9194
14.6994
11.4671
10.8997
18.1954
10.4368
13.7283
16.4237
12.0854
10.4274
10.1744
20.9342
21.1807
12.0082
14.4691
21.3195
18.5253
14.8705
10.3151
20.4495
22.718
12.9862
13.3081
19.3582
15.6883
21.8439
13.2282
8.8127
16.3958
19.7043
7.6752
17.0621
11.8163
12.1912
15.6047
13.2468
12.8266
11.9369
19.786
12.3321
13.0406
12.649
11.9624
17.5782
12.6864
14.6659
17.4632
16.2277
10.3324
12.9302
13.9624
10.0664
24.7219
12.8896
12.5005
10.8828
12.704
14.3879
13.0429
18.5409
12.8602
22.3846
19.3886
18.7268
14.8743
13.4336
14.2789
12.1545
15.2131
9.9222
14.2929
23.813
13.1016
10.4295
13.0534
19.6725
15.9255
12.6365
14.4406
12.1517
13.066
11.3817
14.331
5.67499
19.1039
21.0983
14.2633
15.5616
11.8303
11.6784
12.2779
9.95458
19.3308
10.2424
16.8652
23.2098
16.238
22.8766
10.5224
16.0087
12.3995
14.7532
21.4149
11.3763
21.3331
18.6496
14.1404
13.7593
17.2218
14.9385
15.9042
12.25
15.0043
15.3045
14.6093
21.8593
11.7533
19.0803
12.8552
11.6543
19.8623
13.9052
13.2282
12.4995
18.3769
11.6331
11.8473
12.3495
11.4716
11.3394
14.5621
10.3867
11.8742
12.9777
15.0253
19.3881
7.02091
15.8655
8.64274
9.60617
18.7273
18.4201
7.46412
12.3923
11.1929
10.4213
13.3124
11.8645
15.1525
11.68
15.4217
11.251
13.7493
19.8659
14.4471
13.4328
11.7677
21.0327
13.7886
19.706
20.3073
11.8473
14.0823
16.7795
12.8232
14.5162
12.1162
20.691
12.8269
19.7193
12.4429
20.9371
13.0309
21.5083
12.9993
13.8138
11.5832
14.1242
18.9983
17.8347
16.8429
21.9336
13.6778
18.3916
20.2363
14.06
12.454
12.6277
19.394
20.4379
18.7149
13.7004
24.4154
20.2574
12.0093
14.9799
12.016
13.684
15.8378
11.5745
11.8434
12.2525
10.9376
21.1006
15.072
12.9386
11.3185
12.4469
14.2456
15.2819
13.9027
9.83653
20.163
20.4333
21.9224
13.9142
22.7292
14.1478
20.589
20.7264
16.3034
11.1016
12.9168
12.3924
16.4297
17.3511
13.3175
12.0326
15.9064
15.8881
11.8081
11.4766
12.9917
14.0172
10.6667
27.4383
19.7242
13.7567
12.6706
22.6922
20.0885
14.5547
14.7793
13.0706
11.8015
29.3856
15.8875
24.4028
20.3928
11.5136
15.296
15.2741
23.9315
14.3038
16.2671
12.3998
12.6228
11.8388
10.7317
12.375
12.6596
13.0085
25.9066
24.8194
16.1414
18.9589
11.7357
16.5315
11.8583
20.7303
13.087
22.5066
16.8421
12.7652
26.6253
14.3976
17.9302
12.8123
16.9233
11.8105
12.9312
15.312
16.5655
12.2704
11.7991
12.8529
11.3226
12.2235
11.8362
20.0696
18.204
20.8176
21.1016
17.2542
11.6029
14.0916
10.7418
11.144
15.0939
22.8915
22.3717
17.9027
19.8189
23.0192
15.6791
11.9189
19.4378
9.75525
8.54593
18.6525
15.1588
21.0314
17.411
19.5899
17.9975
14.3614
12.2286
25.7643
15.6646
10.7949
17.4093
14.6588
21.7784
13.264
10.9257
11.9132
8.17001
13.7818
15.9441
14.2055
23.1697
16.1385
19.7957
13.3338
11.9403
14.9321
12.1129
13.0955
13.1638
11.4357
19.7652
25.7708
8.77601
10.1298
12.6696
14.8419
15.4825
23.4313
14.8453
11.8936
10.8627
10.6965
19.6555
20.3761
21.3096
15.1568
14.3878
10.4549
11.5915
9.95013
12.878
9.96596
21.412
13.6118
13.9997
14.0346
11.6501
11.5816
15.9823
12.5152
11.0154
13.3522
14.1671
11.5185
13.164
18.2733
11.2783
15.1972
11.8216
20.5755
18.2953
10.6844
10.2962
16.3028
13.4828
10.2772
10.0974
16.5185
12.0365
16.3438
14.6611
10.4244
13.3753
13.409
19.1632
19.5781
16.9827
18.9326
14.2874
17.4766
11.3695
11.093
15.7687
10.5489
11.796
12.5973
10.5972
20.8505
10.9142
12.7614
20.9551
13.1712
12.9158
13.024
14.6451
11.2635
21.2652
14.9498
18.7191
13.7974
15.9651
13.5292
11.7168
13.3087
21.8721
13.2837
10.6331
17.5959
12.6912
18.8403
19.4441
15.721
13.5889
19.7532
14.5696
10.9351
11.4045
12.9371
14.3605
24.0027
13.4365
10.5857
20.0931
20.5904
14.7959
21.4018
11.053
15.3252
12.2504
15.7693
14.6559
11.4828
12.5722
16.1182
11.4797
15.0942
10.5115
10.2285
13.7299
10.5676
15.1132
12.6682
24.9849
20.6601
16.2528
19.6136
11.5475
19.4668
13.7393
18.5806
18.9885
22.2934
14.7172
14.6872
12.4638
13.2849
12.003
17.8355
18.2437
15.1095
19.289
13.6775
13.2193
11.3137
19.853
18.3729
14.4766
12.9803
13.077
14.5971
14.4007
12.0622
20.9877
14.6706
12.0698
20.1452
28.2875
13.3421
11.6723
9.95349
20.8162
16.429
13.4537
11.2829
16.4332
11.8934
15.0356
10.0053
13.6451
11.4306
12.9305
17.6915
10.0656
21.7567
16.9079
14.5665
19.6998
11.2261
11.1574
13.8162
22.171
16.1666
19.1318
16.3155
11.663
16.8886
17.707
21.5273
19.2815
19.9552
21.007
17.3239
17.6168
12.8559
13.2167
14.9207
10.897
8.21113
13.6413
14.6597
22.2457
23.2899
17.3335
10.7395
15.6647
16.4786
13.0175
17.761
14.1246
13.3726
11.8436
15.1751
21.5002
15.0474
19.4207
17.0883
12.4478
12.5768
10.184
14.391
10.765
11.201
15.9734
12.1513
10.8854
13.6141
20.1284
20.3563
13.1329
21.9882
18.9089
13.3186
14.7721
12.962
11.1618
12.9196
14.564
17.0606
18.6082
13.2398
13.3258
12.0194
16.4403
23.8167
13.614
21.1527
8.85674
14.8917
18.1658
11.7435
14.025
24.9984
18.054
11.4203
20.2476
13.0151
21.4575
16.9587
14.062
26.5308
20.9602
15.4403
13.6759
11.1735
11.1081
11.4847
20.2353
12.843
17.7332
11.0893
11.6589
26.6154
13.9111
15.4572
12.627
12.4781
15.871
13.2169
11.1281
12.5515
15.2566
19.1731
19.3732
13.5689
10.8979
11.9219
10.6958
11.3854
20.308
13.8931
15.1408
11.395
11.9319
19.2622
14.0948
11.1157
14.2144
10.9225
11.6229
20.2011
27.3798
16.3008
21.1555
11.6372
16.1957
16.8504
10.8822
11.1241
12.2317
13.8778
11.1027
18.3764
11.9108
22.2961
13.4224
20.655
14.5543
19.8279
17.3916
17.8332
15.7724
11.4118
24.8794
19.0695
18.9087
18.803
11.0663
19.701
12.8526
18.3731
16.3196
10.3262
10.4688
9.89549
21.3232
19.0206
14.7095
18.9905
21.5217
18.402
11.0892
20.1872
13.104
11.263
13.9454
9.54869
10.1909
10.8134
11.7875
13.8746
12.4119
17.9827
9.606
18.7338
13.7869
15.1028
11.3768
15.5175
12.671
10.2096
20.5356
24.7222
14.2792
15.9393
14.4291
11.5444
21.2728
18.3092
12.6472
16.4131
11.9527
13.1415
21.9218
23.5769
19.534
12.8362
11.3486
13.79
11.7059
19.0697
19.4012
20.2242
13.6905
12.2176
11.3629
13.913
9.93165
16.047
11.4723
22.1202
12.7296
15.1034
18.2174
14.2109
15.5453
11.666
11.158
17.9687
10.8192
11.7757
13.4749
14.3412
10.2778
22.313
17.0571
12.8414
12.0855
22.0184
13.9907
17.9826
20.5562
11.8253
13.0412
14.342
12.7671
14.1805
10.2786
15.9707
17.6275
10.9865
16.8402
13.1525
15.4262
18.0639
12.2627
21.8568
19.9879
20.5065
23.0618
12.5161
19.0307
14.9734
19.272
11.0511
20.6316
15.3311
16.0181
15.4741
12.8218
12.3859
11.3051
16.4282
14.0348
16.0047
11.7117
11.0355
18.8994
13.8146
14.8805
11.7919
12.4273
20.517
14.8794
11.9176
16.7768
10.3206
12.8486
11.381
11.5284
13.5534
12.1684
17.8473
11.173
17.9399
17.2938
19.336
12.997
16.5203
15.3663
11.4608
10.6604
15.6941
20.5623
17.3302
12.2549
13.4516
11.1345
16.9416
19.239
13.2396
21.1379
18.4421
12.6295
13.9145
10.5187
9.32725
19.1965
12.85
18.2397
11.8264
10.1593
15.1367
19.4399
10.3475
21.2115
16.7552
11.6334
11.9991
11.7112
10.0677
12.0776
10.7381
13.4512
20.031
10.5843
16.7927
15.8234
13.4275
19.0501
13.1442
11.3022
14.3307
14.2924
11.754
9.09149
8.76325
15.6704
8.51141
10.9173
18.445
13.3744
14.7613
12.9115
17.8143
18.0183
13.9116
14.139
15.424
12.1234
10.3606
10.4008
10.7486
10.7777
14.621
10.0847
13.0133
11.2492
11.2338
11.1064
12.1733
20.5181
15.5333
16.3068
10.8438
13.6706
11.8508
14.6495
11.5676
11.7893
12.0254
11.1943
11.4905
21.5197
10.7253
13.6567
12.7033
13.5825
21.2168
11.144
12.1143
21.847
13.2044
20.1848
19.0701
18.6009
15.7426
10.8075
12.6675
22.521
14.8345
12.2983
16.7923
19.4028
14.1949
11.792
12.5759
19.6891
14.27
20.7835
12.9657
13.2036
11.3536
16.3538
9.62526
13.4794
15.7019
11.4856
11.789
23.6276
14.0645
16.4922
19.1052
20.7162
12.3374
10.6602
9.87265
16.1617
12.8853
8.50965
12.0696
10.4228
15.7238
20.1016
12.3079
11.5173
11.0325
13.2359
10.6169
11.5668
22.2068
14.0673
21.5022
19.1636
13.0347
10.7266
10.1203
12.2004
11.7622
21.7089
19.2644
16.6035
10.4717
11.1018
16.765
18.971
10.3733
20.1995
11.5886
11.7556
18.8764
11.3001
12.5774
12.3037
14.1406
16.7167
14.5864
15.7516
16.4704
10.4359
19.1253
13.8174
16.8654
12.8639
19.2912
10.4499
20.692
11.7302
14.9227
12.4831
18.1296
9.99542
17.7483
13.974
24.8907
14.1349
13.7606
20.2627
12.1067
23.092
20.3404
13.8698
15.6184
13.0837
16.0481
11.7146
10.8139
20.843
14.5927
10.9854
11.4947
12.7645
22.2946
12.9401
14.7363
14.0784
11.7517
12.9785
12.0831
11.7879
20.3779
12.2342
11.622
13.4356
12.9757
10.123
12.9809
13.0684
19.9671
15.1838
10.151
10.9824
12.321
11.5756
20.3516
18.4406
20.6989
12.8509
13.6509
15.8394
11.7985
12.1927
14.2272
10.8016
11.3205
15.6079
12.9829
9.96814
15.4024
19.0084
20.2202
14.2283
21.6704
12.9003
12.7534
13.5023
14.1929
12.3475
11.6431
20.3564
15.7647
11.2549
12.4625
11.3827
14.4545
22.2232
13.3226
14.1239
14.6315
19.3546
14.0216
11.4514
12.5732
19.4079
18.1763
25.6219
13.7189
19.5231
15.4247
14.2594
15.1497
12.816
13.9562
27.6634
19.1285
14.4107
13.3514
17.046
18.0863
13.7241
19.2658
22.3809
17.5624
15.4778
24.86
21.3359
19.0167
15.8301
15.6002
18.0808
13.3159
16.1082
13.7468
21.1422
13.178
26.459
22.0536
21.2724
25.1434
15.5582
16.9216
24.8108
24.9774
14.2831
17.0857
14.5444
24.737
25.1168
15.2796
22.7444
22.9906
23.7955
25.7171
14.6825
15.2533
17.0788
32.2634
17.262
23.0611
23.0395
15.13
23.5711
24.6415
12.5306
17.681
13.4615
12.7056
14.3166
13.5548
20.6809
15.5054
19.0666
13.9895
13.8087
20.8385
13.6696
13.7462
15.0928
14.747
12.4802
12.9918
12.9814
12.7199
15.773
21.2717
18.0613
14.1468
21.3352
14.006
14.2475
13.5406
21.3678
17.4162
18.3575
23.4261
25.6235
13.1472
20.0774
26.1457
16.4374
14.106
13.6066
21.5488
12.8535
14.3537
21.6177
22.0061
21.1552
13.3225
23.2311
14.8967
20.0782
20.7157
22.1443
14.5653
16.1946
14.6263
20.943
12.8666
14.726
25.1211
17.4678
14.4723
14.6556
14.2947
13.7487
9.31669
15.6273
27.7802
16.0404
29.2552
14.51
26.5541
19.7671
17.7778
16.2589
13.0887
22.9427
17.4936
14.5738
18.065
13.7953
15.3698
18.1288
14.7114
18.1386
16.3435
13.3017
22.7243
18.8818
17.0974
21.6116
22.7854
14.6114
20.8089
24.721
23.1439
13.7288
16.3402
12.7947
14.8671
24.6307
16.4083
29.9173
14.6905
17.0129
16.4721
18.8847
17.9554
14.7752
13.9867
25.1239
23.5184
14.8253
16.0607
13.1574
17.3417
22.442
21.5448
25.2718
16.5919
19.4861
21.2339
27.6258
14.4048
13.7675
15.2316
13.8497
23.5843
13.1201
23.4419
23.4176
25.1752
15.5715
23.6683
16.2892
17.2902
16.5249
17.3335
23.53
19.659
17.9456
13.9657
13.4317
17.7902
14.2026
24.736
17.8176
22.472
14.7536
15.2712
20.2402
13.5275
13.9581
18.8933
12.7659
13.7088
19.8343
28.5264
17.6299
14.1959
24.237
15.205
15.7071
17.5416
15.6979
15.2493
20.9768
13.6913
14.8442
14.0545
18.288
24.9491
8.55462
16.6579
14.8804
12.4952
15.4596
13.0375
18.206
16.3406
18.3956
22.7555
19.1961
14.7545
16.276
16.1038
22.4877
14.6475
22.1311
21.4952
25.2051
19.4572
17.8373
24.5287
24.196
13.2406
19.1619
16.9575
13.6432
15.4288
15.2788
16.513
12.2003
22.6849
18.6631
16.8443
14.4437
14.0324
13.9598
14.8064
13.7188
19.4627
18.1183
13.0265
14.8973
13.1184
15.8935
16.5935
13.1302
33.3614
14.4019
24.6879
14.6471
13.9964
13.5543
29.9097
28.3253
18.2266
13.6231
18.3962
14.1443
22.8579
24.1927
14.1927
20.8613
13.9502
13.6468
13.8585
13.144
14.4753
13.8176
25.7687
23.1481
24.1709
21.9191
15.598
16.5516
16.6796
13.602
26.651
20.5782
15.3561
28.1415
15.6426
24.1271
15.3728
21.2137
12.2747
16.163
15.13
25.241
17.8027
23.4342
18.8738
12.9695
13.0539
18.3144
17.5027
20.1902
13.13
25.2346
13.743
15.5007
12.2822
14.0856
14.5449
18.1229
13.8067
12.9683
15.8436
15.797
13.4186
20.7911
13.9599
12.8017
28.1491
14.1455
22.6547
18.8419
15.9473
29.3225
18.6464
19.1527
13.3867
14.1328
12.3808
25.6287
14.4006
18.3212
14.0336
12.9497
19.3848
12.4504
17.0253
16.7706
24.4447
15.5019
23.918
13.7163
14.7215
13.9439
27.2969
21.2868
13.8112
14.6871
15.5907
17.6809
23.1831
16.6089
23.9562
18.1509
26.3154
17.7847
16.9102
12.469
12.948
17.0404
12.3414
14.1944
16.2742
22.3891
18.8598
21.6041
16.3063
15.2017
16.1273
19.9366
17.1931
16.7286
20.4098
20.5589
13.7995
20.2003
13.5038
17.9928
13.1378
23.0783
14.6474
11.8231
13.4776
12.5548
14.2926
19.2583
14.4615
12.4833
12.8735
15.0332
13.258
23.9358
20.9328
13.3781
13.2238
19.2422
21.756
13.218
16.0785
12.9973
16.265
15.8146
24.5178
13.4728
23.2779
17.8533
13.9428
21.0271
15.4197
22.867
24.7836
17.1545
12.9918
24.5682
24.6525
14.2559
16.8307
16.5404
21.3587
19.0779
23.9809
16.835
18.4468
14.3599
21.458
18.9395
17.9826
25.1655
19.0703
18.4907
15.4419
17.6365
13.9205
21.9742
14.3654
17.919
14.7706
17.8696
12.4865
14.6216
17.9242
16.0252
13.9765
14.6877
16.6793
20.8835
14.5815
16.0706
15.0245
16.0471
12.8798
18.0425
14.5358
24.6052
16.7699
11.7834
14.113
13.3368
13.6477
19.3278
14.205
23.7574
18.5471
18.6793
16.7803
27.1254
13.3641
25.8607
15.3347
21.1625
23.5426
17.9739
19.1252
14.1975
15.4043
20.0062
16.8983
17.1256
22.1909
13.7881
15.2142
25.3532
14.9762
17.0289
16.8829
13.8694
23.485
13.3759
12.7811
16.3936
24.2276
18.963
18.5434
17.8102
14.3696
17.5665
18.7941
13.4376
21.221
21.4186
13.5616
25.1852
20.5514
15.8476
29.0954
14.2897
23.7994
15.8374
20.9024
23.4402
16.9176
12.6471
17.2767
17.4941
25.9138
13.7056
20.0474
17.637
21.3201
13.9418
26.8002
17.21
23.2766
18.4172
28.4282
13.0467
12.982
27.8203
18.9054
23.6245
16.217
13.678
16.3051
14.2233
14.4848
12.8652
17.7613
20.7635
20.775
24.4985
15.8913
12.6778
25.415
23.217
14.3582
23.9518
16.0662
16.0517
14.4649
17.8166
16.9163
16.8313
16.1687
12.8584
13.5922
25.8462
23.8793
13.7241
28.9445
27.8736
24.0436
22.4751
29.7748
17.6889
13.8994
23.3171
23.4697
13.294
15.9127
14.5188
20.176
11.2964
18.3889
12.1419
13.5242
15.1128
11.3397
19.1747
12.4065
21.4038
16.4199
17.0429
17.5548
14.6649
27.0364
20.0681
13.2468
21.4506
23.9855
16.2466
12.5458
21.3097
18.2283
17.5034
15.6502
17.2457
15.9596
15.5868
13.9083
23.5073
14.9065
24.6266
14.9634
18.1351
24.9571
16.1053
24.3869
22.6857
13.0869
14.1601
18.0726
12.817
22.1537
14.9065
14.8162
13.0415
17.372
22.861
20.4184
13.6386
21.9566
31.943
16.7377
20.7034
12.8112
8.11653
21.5784
15.5505
13.8742
16.8987
15.3426
24.6592
14.2719
13.6309
20.2178
19.5581
13.438
23.3583
16.084
20.1538
14.3188
24.2205
14.3603
23.0059
13.3243
15.6825
14.5541
33.7819
16.956
22.6822
22.1099
9.75718
10.516
14.2384
16.253
14.2599
13.7572
15.9976
16.0884
13.3651
14.4271
18.3289
12.786
25.1668
15.2753
13.2273
26.8546
23.6812
18.6986
17.2778
23.0939
18.6078
14.1949
22.5813
13.139
18.5226
14.149
19.0361
21.2697
14.505
25.6078
25.2357
13.3406
24.3925
14.4377
15.0089
18.8732
21.0095
12.7711
17.2795
26.3218
13.4487
14.1485
24.9183
25.227
13.3751
23.3665
13.8759
12.5059
22.4233
15.4182
14.1436
15.4257
13.6472
12.6468
22.2863
12.1504
15.4207
13.6983
16.5383
16.2707
19.4062
19.1378
15.6349
20.665
18.4502
13.0835
11.8973
17.6151
21.0014
12.9993
17.7299
14.0824
13.5084
19.1371
11.9734
21.5128
14.1244
16.9492
14.7271
7.08862
28.7239
17.1506
23.6568
15.0047
23.7729
25.5443
13.6656
19.9608
13.9232
14.6582
17.1612
15.0356
20.4598
25.0929
16.709
15.2291
20.5367
14.7819
24.472
17.1753
15.4077
12.7533
13.64
17.1852
14.0315
12.6838
18.6368
17.2443
16.7899
13.9951
19.0764
20.2638
21.8958
13.2029
19.7431
18.0176
15.126
12.761
14.5088
12.2071
14.5362
15.9308
24.8516
13.7691
20.1172
16.556
19.8683
21.6718
18.3457
14.696
13.4938
16.3362
12.2153
13.1854
25.4059
19.2402
14.0728
25.4807
13.8422
14.7156
13.3032
24.5657
13.4104
25.4043
16.4322
23.5482
17.0424
14.0505
19.6902
21.6173
13.7358
16.3805
13.3182
19.918
11.4727
13.2503
13.8207
18.3005
14.8084
22.6589
13.8649
13.739
23.0067
15.5045
23.7254
18.6412
15.4224
20.1414
16.3786
15.9711
18.0471
12.8846
14.6696
18.2754
18.1988
15.549
30.442
18.7433
16.092
17.3957
20.3861
19.4542
11.6955
12.0305
13.9393
17.4948
15.1901
21.9883
17.0367
15.1364
14.3737
17.0201
13.6663
22.2743
13.0373
15.7371
28.9021
15.5473
16.9869
18.0623
14.1523
14.9659
14.2465
13.1165
17.1929
22.9607
12.7511
27.0596
17.2837
23.5797
14.7576
9.32653
13.1577
13.3691
16.0482
13.7885
13.5649
17.1171
19.7206
18.8597
21.6992
16.1025
12.832
14.4548
26.4757
13.5507
28.9497
26.0746
14.9812
14.6952
12.7343
22.5858
23.7485
14.386
15.6321
11.4639
19.1399
27.0013
20.9471
18.5502
12.8858
24.7569
17.7912
24.274
13.7251
16.3161
16.4358
20.1723
13.0024
19.2996
14.6977
12.8958
18.7613
14.1113
23.917
16.5384
17.3517
25.2986
25.9118
23.061
16.4121
18.3147
19.1306
12.3234
19.949
12.4468
18.396
13.1036
23.5904
12.5638
20.8775
14.559
14.6905
12.1676
15.9847
13.7308
14.3238
15.6344
12.1711
25.3123
13.4274
15.1051
11.6195
12.4812
24.1564
16.9488
14.0645
20.4929
16.7959
16.4807
21.6268
22.1042
18.4353
21.0728
17.9794
14.6943
26.3495
13.314
15.631
16.3645
14.0827
14.1199
16.7569
13.2365
15.9124
16.4872
16.6194
15.6493
12.963
14.8906
13.8032
14.4114
15.0283
18.43
15.9571
13.6955
21.8501
15.4169
11.9543
12.0474
19.872
14.7052
20.5364
14.1529
20.3055
15.6262
18.8935
15.8363
14.7826
11.5497
14.2952
12.5782
22.6129
16.1287
15.7876
15.7789
11.6397
15.5527
22.2745
13.7793
19.0277
12.1557
12.1585
19.7858
16.6853
19.0698
16.9062
10.7027
16.3856
15.045
15.7431
16.1322
10.6756
11.9098
12.7417
14.8882
14.328
11.2159
21.5116
13.2036
16.7702
11.9409
13.8904
10.6044
19.2178
16.1714
12.9174
10.8508
14.4593
9.87291
11.9636
13.4198
12.9684
12.2096
10.2197
12.1842
14.6867
18.8261
16.2869
12.8263
18.063
14.2307
15.4476
11.5424
11.9667
11.2469
13.7566
11.8521
14.6822
14.1648
14.3409
11.7082
19.4538
11.3086
12.0306
10.649
14.5553
12.784
18.1433
13.8574
15.6072
15.8136
10.7511
17.5408
10.4059
12.4642
19.3074
13.2141
13.6054
12.4128
19.3975
20.4326
16.7674
10.9683
24.3374
9.95378
9.03949
8.2297
9.15858
12.6398
12.6364
11.106
10.1587
15.089
19.9551
14.6963
14.3004
26.0855
13.7943
24.9172
13.6345
23.1741
18.1858
15.0348
22.2795
11.4613
22.4615
15.7599
17.3024
11.4933
13.5492
13.3095
32.3236
15.446
18.8815
16.8245
15.8271
12.2983
22.8284
13.2579
13.0069
15.0626
11.5849
11.8567
13.2975
19.9301
14.2523
18.5377
13.9173
14.8041
17.0754
14.9373
12.1793
19.0753
13.7886
14.3735
17.5079
11.7685
12.6802
13.9214
16.45
15.0682
18.5756
13.8312
12.6412
12.8342
11.4999
15.8791
17.5109
12.8539
14.0096
12.8639
12.301
12.861
12.9798
15.3289
14.2852
10.4829
14.4001
18.1176
11.4551
10.5826
9.18744
11.3177
17.7898
10.4238
11.2732
11.9375
10.9621
10.8319
12.1081
12.4815
15.1377
11.5242
10.957
9.2469
12.0186
10.7856
11.9849
9.92901
12.7256
9.9771
10.7544
10.1872
13.2417
10.0571
8.83622
9.5949
10.185
13.4451
8.64184
10.0474
9.35139
9.28331
13.1123
10.5269
16.1582
18.2503
12.9668
12.1617
11.7137
17.354
10.1772
20.6994
13.0352
16.1884
14.544
14.1253
8.88238
10.7419
9.58754
15.4649
12.8294
9.56656
13.2279
17.385
12.7357
19.0893
9.54249
13.1287
12.4557
10.5346
11.7876
15.1631
15.4721
11.0207
9.7005
10.9734
20.0158
14.8588
17.3114
15.8595
13.9523
19.2732
12.8857
9.57552
14.3891
18.5997
11.8025
14.7815
10.5118
15.026
10.7757
19.3446
13.0712
11.1498
11.8609
17.2768
11.6776
14.348
12.7313
15.7409
10.5299
18.0246
18.5662
10.447
12.7971
17.5814
11.9009
10.9571
12.751
10.563
12.0029
19.3209
13.0301
11.0606
9.80475
9.45743
11.3337
11.6423
10.005
11.3013
17.4791
17.6603
10.9682
11.9194
18.5324
13.1983
12.9833
11.1136
15.2495
10.5716
10.0444
13.5469
11.6854
16.259
11.2571
19.8894
16.6537
18.7308
16.4506
10.9157
15.0707
19.4965
10.7471
12.6137
7.2288
9.35825
11.1952
9.47877
15.2425
11.9757
10.7512
18.9079
13.784
21.7373
14.5375
10.5355
11.1264
12.1814
18.0129
11.6277
9.84471
11.1459
12.0182
19.2642
13.0391
20.5117
15.4871
13.5454
11.4257
18.8093
10.1267
12.6661
15.7645
13.5131
12.8757
12.9946
18.0175
13.3867
12.6193
9.96445
20.6064
19.6024
12.1148
17.5194
15.1494
11.5984
17.598
12.9882
10.4589
12.1181
22.9069
13.4124
18.3423
11.8189
23.0701
16.3172
11.0582
14.9285
12.6275
11.1924
11.5458
10.5053
17.7853
15.7036
19.6633
20.4653
13.5362
13.9387
11.5033
10.8544
23.9355
13.1767
17.2831
15.8015
15.748
21.9763
21.7086
15.9913
12.2518
17.1345
12.2153
17.7366
14.3787
12.3807
15.6439
12.7764
13.267
9.84719
10.3974
21.4441
13.9405
12.6408
21.2884
14.6266
11.1423
18.1343
13.3033
15.5382
17.6238
18.8231
10.0763
19.7354
14.8202
17.4747
12.9798
10.8917
11.1146
9.78135
18.6535
14.1546
10.8087
11.1073
10.8348
20.0143
11.6106
14.3903
12.2541
29.1689
15.0232
12.1203
12.2988
12.2649
17.2779
12.0548
13.9584
11.1191
14.0273
17.8549
15.4514
15.417
11.5276
15.1451
13.3023
19.4703
10.6138
13.2817
10.3608
14.3815
11.2443
12.0842
10.7399
12.1039
11.579
11.4071
18.0322
12.379
11.9305
15.2441
11.3383
11.3644
20.0782
23.0325
15.5867
19.5061
21.0648
10.2661
13.9469
17.4369
14.2966
13.8372
13.5347
9.59916
20.2436
14.7572
14.2945
10.9744
10.1913
11.1914
20.9587
12.5592
14.4975
10.5503
12.3274
11.8645
15.1723
11.5862
12.0244
10.9634
11.5963
13.6175
14.3856
15.9889
11.0579
18.7924
10.0679
11.9327
10.9745
10.7209
13.737
8.98418
10.0276
10.9654
12.4673
21.4599
12.6708
16.8852
13.1232
13.2519
13.246
10.5136
15.2381
10.7234
14.3465
12.5863
10.5102
12.0672
17.0477
8.88413
11.2537
10.398
11.248
10.428
11.8979
22.1679
21.2672
13.2478
14.9531
15.5148
11.5157
10.4258
13.8338
12.0699
10.778
13.1328
18.2375
16.9434
14.08
12.7218
13.7878
13.7982
11.3786
12.4864
10.5513
11.1861
19.4825
12.0118
16.1626
10.9346
17.1001
10.6495
18.4118
19.6258
12.1175
12.0518
17.2102
13.365
23.9268
11.0326
11.6906
18.4142
11.2353
13.1973
16.5152
11.2071
21.0374
12.9929
15.3274
11.2051
17.4136
9.65422
9.44073
14.0561
9.89162
9.93383
21.1793
9.67849
11.088
8.99959
13.5389
21.2127
12.1312
11.1931
20.1821
12.2233
13.2018
10.8657
9.17986
10.7469
9.33536
10.1633
23.8679
11.9949
12.5886
20.4172
21.33
14.9372
17.5867
12.5806
22.4133
12.6999
14.2906
12.4536
10.5211
21.7686
14.2566
10.8917
10.6753
19.0547
21.6637
16.0202
12.2251
10.5979
10.2719
16.3778
10.1892
21.5769
18.1989
12.4662
20.6182
18.8212
13.6765
12.474
18.9355
16.9821
18.193
13.0118
13.3768
25.6678
11.4365
11.89
13.5239
11.1306
12.9398
11.7061
23.5565
13.1168
16.7933
11.8108
12.1476
16.4051
11.0758
18.6416
12.4661
12.5748
19.9361
20.2798
13.3096
14.2532
20.3179
12.1981
12.7211
13.1002
21.2535
16.6504
13.8505
11.8571
13.1347
17.4551
11.5449
10.088
15.0637
9.9511
11.4886
14.3116
13.7153
18.5016
9.53672
17.4197
11.1133
14.2817
17.4728
10.4598
16.2829
14.975
10.7317
10.5581
12.7044
11.0972
11.845
14.2309
13.3535
15.9889
12.6788
15.4707
12.5977
13.3599
15.7855
16.2359
21.2059
12.6574
19.3702
16.439
11.9643
17.31
14.1799
12.1706
8.96555
19.3615
12.4176
10.827
12.4497
10.8004
11.3181
12.8173
10.8537
10.419
18.139
10.8025
19.9262
12.4347
10.5249
15.3805
11.8454
11.0071
27.6694
17.5448
13.5479
16.1445
18.2694
13.38
8.60365
13.2248
9.24121
14.1461
9.7096
14.4487
12.9935
14.0159
9.50188
10.2498
11.0831
13.1908
12.495
12.254
14.5554
10.4281
15.9053
14.5495
18.5724
18.87
14.4413
10.9458
9.17467
11.2049
9.72891
8.24583
16.4123
8.35044
17.8244
13.5298
16.924
16.7544
15.8556
17.2116
15.0568
10.2831
15.6098
11.7882
9.68591
8.46161
7.21615
8.36914
9.05733
14.1117
8.97216
11.3294
12.8963
10.0049
11.445
10.1126
11.8691
10.3376
9.92194
12.3355
11.0638
17.2544
13.2396
9.90204
15.4205
11.1245
12.9442
14.9067
10.5706
18.9382
19.9617
11.5147
14.8704
19.3889
13.4053
16.92
11.4531
21.9675
12.8127
10.5531
11.1117
18.2181
10.9636
18.1263
11.3321
10.8554
14.9408
9.99811
13.8747
14.5658
11.9875
21.0985
17.4748
11.9987
13.1367
12.5321
20.2317
12.2005
19.46
12.1437
17.8642
12.2927
13.9351
12.0446
18.9286
22.7081
17.0091
12.9928
12.2369
12.994
11.3075
17.7158
19.9418
12.1841
15.8418
13.0341
11.7708
11.5959
19.3502
15.8526
13.684
12.3325
22.4645
16.8679
22.6956
14.9277
15.81
19.5162
12.6903
12.1017
12.0139
12.8834
24.9255
19.3155
12.8536
15.0597
13.4825
12.0519
13.8941
21.9717
14.6575
17.264
13.0622
14.0436
15.4923
13.327
16.6289
21.4506
15.4556
22.5758
13.8383
23.5449
14.5384
21.1452
14.3958
18.0732
20.5193
21.0172
23.4869
17.4839
12.132
17.1037
13.1197
15.1896
16.0956
14.2164
13.2924
15.0301
25.0847
18.3732
17.2116
13.5563
20.4187
15.2837
24.6447
19.6673
23.5412
15.6609
14.5163
16.3098
11.5221
22.6012
12.69
25.9655
15.6312
18.603
14.9426
21.0847
13.1242
13.0177
23.6026
12.8293
12.2598
12.6917
19.098
21.4938
19.9747
11.9339
21.046
13.7475
23.5506
13.4772
15.9488
10.1467
14.0011
16.2583
13.0418
14.7213
18.5999
19.8913
11.7507
15.7702
13.9653
13.1393
16.1163
12.4575
22.6511
14.1271
13.0104
12.0869
15.506
12.1711
11.6072
12.9538
16.573
16.0774
12.7632
14.4305
15.6436
22.1725
19.1048
18.2226
11.7874
12.3561
13.4047
16.7772
10.5893
15.1764
15.8364
22.98
14.5255
21.4053
13.5724
12.069
14.2531
18.1787
20.3234
18.3412
17.9425
13.8946
14.9335
26.9662
17.0248
17.854
15.1805
16.379
16.5447
11.8639
13.5255
11.8927
12.6792
15.7391
12.3854
12.2327
15.6471
15.8159
15.4924
11.8925
21.1842
19.6514
13.0118
24.2312
17.0734
15.2365
12.7873
13.4346
22.4881
14.573
11.8419
22.2624
14.0218
12.0433
25.9034
14.3187
13.0585
24.9391
12.5897
13.8658
15.3978
23.4857
11.6522
14.2149
13.6805
21.9619
18.1949
17.6024
12.4796
18.212
21.6764
13.7922
23.1628
25.7186
21.2241
20.8707
13.5864
14.3172
15.5924
24.0191
27.5941
13.1305
18.5305
12.7751
19.4786
15.6485
11.5126
22.9005
14.5339
23.3361
14.2271
22.7648
19.567
23.3859
19.2499
25.2192
13.4449
20.6806
13.0986
13.6168
20.7166
13.3538
22.858
13.7918
15.1056
14.3087
12.6215
12.5888
14.4437
12.2612
16.774
28.7893
24.0991
13.5168
22.4983
16.3707
22.3918
19.8999
18.7707
15.4454
14.1455
25.3155
14.3749
13.6727
13.9528
18.9861
17.992
13.5336
19.077
12.5085
16.7573
12.8865
13.183
22.3901
15.0625
12.3193
20.9378
17.2504
18.9449
13.628
22.4329
13.2454
14.9755
18.0687
12.2446
13.0686
13.0625
22.1432
15.1637
14.2965
13.6238
22.028
12.2821
18.471
26.3349
12.2133
22.1079
18.8558
14.3576
25.2842
20.6594
13.2615
25.7409
17.8681
16.3737
20.4459
13.9372
20.5348
19.5615
22.1849
16.4739
15.8921
15.6117
23.7755
24.791
24.6989
15.9344
15.4071
13.07
17.844
13.2098
25.0529
17.4179
23.3916
12.0694
9.44139
9.35205
15.1971
11.719
13.8355
12.9589
25.4773
18.4967
22.8844
20.2923
24.5403
14.0096
15.0015
13.8261
11.8014
17.5368
24.6324
17.2508
14.5441
28.5239
13.4883
12.2417
19.4899
12.752
12.5724
12.7798
20.2867
14.8135
17.1348
15.4049
12.9262
29.4735
18.2088
25.5333
26.2179
16.2656
14.2664
15.2876
24.9734
18.6564
20.312
11.7398
14.4209
13.9121
17.6685
12.4432
14.2417
14.6702
11.9813
29.3068
20.0384
20.0219
13.905
15.3214
12.3046
12.327
15.4581
12.6387
14.1017
14.989
12.2015
25.4666
13.4026
20.0205
14.1121
11.993
13.3503
15.7153
11.1372
15.3071
12.8823
12.8819
13.6158
13.3934
18.8765
13.7771
15.4036
11.9756
29.4491
19.198
21.9231
17.0748
19.1056
21.9763
13.643
16.4464
12.2928
31.858
21.6155
16.374
21.5174
23.9255
15.2566
14.5268
13.9865
13.0018
12.6688
16.2345
12.7765
25.4813
15.2754
24.31
22.7355
14.3836
13.4616
14.2734
12.2165
22.8044
17.279
14.817
12.9666
13.3406
14.6492
15.6115
13.7489
20.3032
11.7436
21.25
19.8094
14.1939
18.1629
17.2209
13.261
14.5162
13.6961
21.0087
12.9587
28.6855
13.2441
24.9278
24.5776
16.7312
12.6129
13.327
12.6581
20.0143
12.4694
14.1949
32.9803
17.1835
15.7614
20.1186
15.5921
15.0079
17.8861
12.0057
21.7598
14.6606
21.6096
17.9077
23.3578
14.2045
14.5173
17.2709
12.7095
25.359
17.2583
22.0338
13.4752
18.911
15.2559
11.6856
17.2865
22.8484
18.1396
15.3358
11.8047
12.8494
12.3911
16.7591
12.5981
13.468
16.4066
12.4478
15.155
12.8195
18.3524
12.9618
23.1212
14.3331
16.6629
22.6264
14.336
19.4367
14.5705
24.7058
16.9195
14.0689
13.3433
12.6366
18.604
16.0816
11.7185
23.6531
14.2114
18.6719
12.5594
18.8156
25.2544
11.0543
10.1928
12.4727
14.3877
14.9178
12.2595
13.0173
12.8744
13.0648
14.3304
18.2686
24.6404
15.9755
12.6437
14.8446
12.8357
20.0537
11.5068
18.6515
13.0349
13.4129
13.7427
14.0633
14.6898
14.3045
13.6822
25.2152
19.6638
16.5197
30.0283
21.3617
21.1185
17.0386
16.8186
15.9083
14.8471
13.1785
14.2312
14.5002
15.4774
12.9591
19.0875
20.0593
21.7682
16.7175
13.5779
15.8909
17.0035
15.5689
15.7116
16.2555
12.4282
27.1909
12.5945
15.5709
14.0681
13.0429
19.2125
12.6773
17.3674
12.0642
13.7192
21.1535
19.7184
11.623
15.2061
19.5221
14.9802
13.1119
20.445
15.0323
13.183
12.1098
13.7693
19.9811
10.9581
13.0081
17.3024
26.0125
25.4033
14.8069
26.1525
18.1438
22.5813
15.715
17.5609
15.5715
15.3668
14.3085
12.2873
12.4774
12.4144
12.1074
26.0661
16.8072
14.4784
17.6105
25.6736
15.2577
12.8046
24.678
24.2344
21.3583
13.7836
14.5432
24.132
17.9352
16.9746
17.984
13.4325
15.3358
15.2161
13.7636
11.0527
12.9467
17.2598
11.7347
13.8202
12.5637
19.5438
17.6486
12.1511
21.1991
13.8164
12.3956
10.5024
11.3015
20.6611
13.5408
14.1853
16.3983
12.8167
12.6486
21.395
13.5119
11.5737
14.7064
16.2128
11.6246
25.596
11.2803
27.9926
12.6586
16.8059
11.2104
12.8979
19.7892
12.8651
25.6161
12.1335
20.7587
12.1359
24.4085
12.1801
19.7531
12.9232
16.9751
12.0631
22.4503
14.3658
15.8742
22.552
18.1871
15.3136
22.8534
13.6489
21.3911
14.0757
20.7413
12.747
14.8402
11.6166
23.0713
16.8524
18.7812
12.6809
15.9459
24.201
16.9377
14.6923
12.3073
17.9939
13.5625
23.6669
19.4242
12.2791
16.2204
12.6233
18.6704
14.4324
11.6873
12.2044
24.305
24.8152
23.4691
15.2044
26.0265
27.9393
27.8126
12.5325
11.4046
14.2817
13.3134
17.6979
13.7577
16.9411
12.4779
13.3886
16.912
12.8528
11.8813
12.8902
13.9222
12.5622
17.7827
11.6072
16.1024
16.2437
14.6656
16.276
10.7256
22.4816
13.9087
14.166
14.1832
14.4392
22.0353
15.048
26.8145
13.0973
12.9876
13.3825
12.3243
15.5252
21.3717
13.9584
11.4678
21.3824
22.3958
16.1944
13.5691
24.7165
22.1518
13.1871
18.3003
14.9147
14.0125
13.7823
20.6293
24.2462
15.1186
21.8902
12.0233
15.4626
12.4901
16.2147
13.5935
12.2198
11.8198
13.8212
19.8515
15.6554
16.3409
12.7073
11.3152
15.4903
11.7325
22.5505
13.6075
13.7249
23.2842
16.3591
15.5136
11.663
12.5099
12.0804
15.5054
10.4243
11.8337
13.3807
11.6773
21.1799
14.6881
11.628
13.7032
13.6425
11.1895
12.5046
24.564
11.3321
15.5799
13.8519
10.4607
14.8821
13.8618
20.5372
12.6849
14.222
14.4766
19.5842
14.0401
10.6886
18.75
13.208
21.6667
17.5385
19.3767
15.3942
25.5981
13.2469
12.0359
10.7801
12.0637
11.268
13.944
13.6897
14.2467
23.4296
18.9082
12.1438
11.1924
11.2324
15.1199
14.0599
17.2371
14.202
17.6862
12.9691
19.3871
15.1606
21.2432
12.1429
19.5882
10.8523
24.7255
15.5065
23.3781
13.3021
17.7319
11.1852
16.5771
28.3321
13.3635
12.3166
14.0899
11.7987
18.6418
11.6214
17.2414
17.0928
11.7856
21.6039
17.515
14.3417
23.1392
17.9234
12.1125
12.8399
15.1424
13.382
23.4517
21.2446
12.5342
22.1839
12.841
18.051
14.4979
13.526
13.2165
14.8187
12.5253
19.7176
13.0885
20.5386
14.01
13.963
19.9628
15.6766
16.4078
12.9637
15.9265
14.3988
12.8225
11.1539
11.8407
13.6318
18.3485
13.2817
11.7224
13.1741
17.804
16.6252
11.9152
11.9388
25.7338
17.8617
12.7178
11.4976
20.009
13.4546
12.2685
9.5532
13.8423
12.5974
18.333
13.1356
11.3134
12.5554
11.9653
12.2243
13.4472
18.5113
11.4679
11.7792
10.2513
20.5761
13.3105
16.7981
11.6419
12.5675
18.983
11.1094
15.4274
13.5579
19.363
10.1189
11.1702
20.5767
13.5821
20.0332
17.9875
11.2751
17.7294
12.8512
15.4687
11.2137
22.952
13.8786
15.5909
12.203
18.2653
13.8816
22.4472
19.901
12.1374
20.7601
15.5919
10.3315
11.2342
15.5277
17.3248
21.1826
15.2956
13.3648
12.7541
10.1496
14.1968
15.9483
11.541
15.3857
14.7232
20.6738
15.8905
13.8727
11.6974
19.5701
10.2939
17.5301
12.1191
19.8363
12.6846
10.6527
12.6616
12.7812
10.3011
23.3231
22.0507
13.7423
17.2802
11.1248
15.6547
10.1409
18.3462
16.1648
16.4628
12.6294
14.1942
10.8206
16.1918
18.2035
10.1231
17.0127
10.0915
13.9965
13.3108
16.0375
18.7808
13.839
12.4953
10.3521
13.0574
19.2489
13.7708
14.777
17.033
10.8185
16.2609
9.1369
14.8413
9.99057
16.0155
11.2346
12.6535
12.7951
11.1862
8.67724
10.7888
11.0632
10.7879
9.60638
18.9941
13.1242
11.841
9.79009
9.11435
10.5791
23.1426
12.727
12.5581
11.1693
9.12192
19.3542
9.69332
21.362
15.2789
13.0191
12.0109
15.7663
16.0441
19.6531
12.6531
16.1219
9.94262
13.8984
10.1749
17.8584
18.713
18.5832
16.0864
17.4259
15.8992
20.6192
12.3154
19.072
10.6542
22.4171
17.7974
11.5792
10.5365
11.6265
18.8519
11.8827
18.4382
11.0899
19.1964
20.318
12.3921
14.4509
10.9571
15.4093
19.16
13.0875
17.6537
12.3564
11.2877
10.9284
21.0343
15.2984
9.66978
17.2518
11.5421
15.2998
17.536
13.82
10.1709
10.0555
10.7485
11.2316
11.6839
15.3075
10.6991
10.7476
10.8302
11.5535
9.66895
10.3037
16.9281
12.3418
17.531
13.7436
16.7014
14.6584
12.6377
8.79582
10.1893
12.8776
12.954
12.8288
13.028
16.4358
10.6573
9.84699
12.8119
15.4162
16.9789
18.6423
11.0257
11.4372
11.2779
13.0408
10.0834
12.0503
13.4648
10.9211
11.4833
12.3774
19.5927
11.3163
10.512
10.327
10.1661
9.86516
12.3306
12.4093
9.66968
10.2654
22.1146
12.1255
13.3522
11.093
15.4023
14.6659
9.58895
11.0522
12.3293
9.75256
12.9867
9.78973
10.711
20.2222
10.7466
16.9214
10.0607
11.7088
15.0735
13.6894
10.909
10.5494
10.4476
13.7302
18.4734
18.8242
9.64724
12.0129
19.4935
12.8548
11.4031
29.9323
10.4913
18.9494
21.1643
12.4473
11.6537
10.4306
12.816
11.1199
17.1192
13.1112
9.25154
13.3283
11.4319
10.5037
17.9088
14.1707
15.9968
10.8591
13.3022
10.5804
11.3289
10.4239
10.417
17.5561
13.4445
10.1336
17.3964
10.5609
18.8067
11.8293
19.698
10.7167
12.358
14.947
16.4975
15.7254
10.8432
11.8338
9.84608
11.7767
10.6287
11.001
19.0243
11.7035
11.3549
16.8428
13.5877
15.4967
15.24
12.485
10.5028
18.761
11.744
17.329
14.4512
21.4514
13.3209
19.5684
17.1775
12.5915
13.1653
16.8696
18.9863
13.5547
13.2466
10.4245
10.6614
10.2904
10.5443
10.9158
10.1235
9.68006
18.7216
18.256
10.9019
13.6001
20.9724
12.4228
13.316
10.7306
9.47157
13.8025
12.6579
12.282
12.2254
21.3268
13.1482
15.3929
11.7159
19.7726
15.4334
13.6926
17.7485
16.0264
11.4319
10.929
13.0667
11.5341
14.2164
14.7085
11.881
13.1929
11.105
12.5015
11.5704
14.2709
12.3924
12.0634
12.7011
18.3156
10.2681
17.8714
12.6244
19.8053
12.8789
15.6118
16.0826
13.1548
13.983
15.0087
10.7236
13.0162
18.3487
11.5887
21.3299
15.1658
14.2751
13.9567
12.8802
15.0859
10.8769
17.1137
13.9582
20.991
17.7339
15.4678
9.60665
9.84452
9.79801
11.4168
23.1568
13.5055
20.6012
13.5365
18.5149
12.1406
15.102
14.9024
11.5695
16.9877
10.3079
10.5727
14.5737
17.7769
12.3359
10.9959
12.5576
15.3651
21.3077
16.2997
20.708
15.7977
11.1608
13.7564
11.0201
13.9921
11.6941
13.1009
19.9456
12.4871
12.7973
22.6888
18.582
13.069
13.1503
13.4073
12.9218
11.9078
15.0673
11.444
14.154
14.8919
11.4927
11.6174
21.2523
12.4511
20.1068
14.0395
14.3271
21.7796
13.6665
15.4112
13.7544
12.8985
18.7093
12.4643
14.9586
13.8666
12.3374
13.9181
11.7012
15.2985
11.4902
11.0351
16.4577
11.8933
19.94
17.7409
10.3069
16.9293
12.913
17.1872
18.3413
19.0362
12.8171
22.1506
15.681
16.2043
13.8245
20.9887
20.3514
20.755
13.782
16.7222
13.1345
13.8467
14.5188
12.2307
18.9931
17.0626
13.664
10.7964
11.0232
18.0288
12.8968
13.8194
17.307
10.4612
11.2477
11.7187
12.9591
19.6302
19.7949
18.2634
17.3846
13.6271
11.5286
18.9109
11.8228
19.6398
31.204
12.908
18.7329
13.0809
15.0127
20.3448
17.5136
12.8588
11.8587
13.3973
12.4306
12.5973
15.5177
17.9055
13.3434
17.8738
10.6738
11.7873
12.3616
21.4263
13.4369
18.9396
14.1214
14.4573
21.2467
11.6536
15.6423
10.3583
18.5502
10.9471
19.2801
16.7287
10.7904
19.2148
13.2644
19.3706
12.6009
12.4131
9.85041
11.4575
11.2333
10.7174
13.4025
11.7152
14.4445
12.267
13.3017
10.7202
11.4345
12.4307
21.4228
13.4983
26.3145
14.7431
26.3103
16.8603
11.4902
11.2966
21.6741
17.1228
12.0014
12.4059
10.3697
9.94353
17.6622
12.564
12.431
19.9015
10.9682
13.0965
14.8969
14.0119
14.2836
13.9011
11.0442
12.0028
14.4535
12.2846
12.7593
10.8498
12.5743
19.5921
20.3692
15.505
13.0505
19.3642
10.1109
9.60449
12.0793
11.5764
11.2873
15.7407
17.2353
12.935
13.0794
13.2643
14.1878
18.8135
13.3621
11.8317
12.3523
11.3394
12.7755
10.7133
11.6279
19.5664
11.6545
12.0561
27.2049
17.1973
11.088
20.7495
14.1287
11.8208
13.7739
11.7341
14.0386
11.2656
16.004
11.9444
12.5824
13.7566
12.2601
18.9883
18.0419
18.3411
12.3373
12.1152
14.9937
12.0632
12.739
24.0516
19.0055
14.4015
16.3431
18.5846
12.8368
12.1878
13.3716
13.923
17.4435
21.6061
13.8073
20.5869
17.6022
11.1483
24.3838
16.0628
11.6197
13.9127
11.9899
11.1477
11.0049
13.4599
14.9725
11.275
19.8165
13.7093
31.1671
21.4043
13.6585
22.9351
11.1709
15.1108
16.8621
25.7046
16.2063
22.4
16.3327
19.8553
14.3654
15.9206
14.0636
16.2172
12.9868
19.557
19.0614
19.8207
17.5108
13.249
15.0146
21.7844
18.1148
12.3808
23.0307
16.9892
14.6397
16.1211
23.3367
15.8598
18.6032
14.0796
11.867
13.439
10.5005
21.2209
12.6584
17.1588
21.2269
20.9018
12.3939
20.6389
14.3631
20.8
14.961
20.3514
10.9052
10.5353
16.0112
14.2478
18.1617
17.7986
12.0403
32.389
15.4066
20.5342
18.3177
19.8002
16.026
12.4373
14.5452
15.3234
11.9619
19.2791
14.7054
15.3495
10.7079
24.5857
14.8218
14.4962
11.5314
12.278
11.9761
12.7358
11.3915
23.5779
20.114
14.7583
11.9393
21.7415
19.5113
18.0037
13.0417
13.573
12.6952
12.1855
15.2997
12.3038
17.59
10.5044
19.2108
14.8797
10.2332
14.7635
14.738
11.536
20.9406
15.0614
11.4545
17.2144
12.9629
18.8785
18.317
22.9058
12.874
13.8713
10.9992
13.9855
12.4933
12.1979
18.2471
13.9814
22.5405
18.0488
17.0734
11.4446
14.3506
19.7829
31.6637
16.7424
13.0161
11.2958
19.3005
10.5381
12.3659
24.6953
10.8756
9.52742
13.1194
10.5914
19.4569
13.6882
7.82299
11.4227
18.0568
13.4413
20.0896
12.5692
19.0364
12.5166
22.0391
23.3837
22.5437
16.9252
19.3247
14.6203
11.2948
10.4014
21.3089
16.3989
12.2966
9.87855
12.5715
20.8028
18.541
18.5747
18.742
12.1183
27.0667
17.6754
15.6598
15.1956
15.7879
10.859
18.3662
16.1469
13.1661
11.8405
12.1639
24.3601
15.2649
17.3374
10.0207
26.7449
15.3241
10.4222
22.17
18.2888
14.307
17.0344
12.1242
13.3348
12.1711
16.7383
10.9554
18.1761
22.3097
13.4494
13.055
21.208
11.1689
10.7855
19.0149
13.258
11.4087
15.3441
9.32051
10.3479
25.4747
15.1993
21.0054
12.5804
19.8682
23.6122
11.1061
14.0535
9.85175
10.9826
16.1451
13.5628
12.6097
14.2902
10.6682
12.7791
12.2239
11.0988
10.9018
19.0654
10.362
11.607
22.6788
17.784
10.8317
10.5096
19.4649
16.0119
12.0669
18.608
15.1095
13.4501
21.5861
18.8599
13.2695
16.3387
16.0622
15.7736
10.085
15.7436
11.6794
11.2793
12.0529
15.1597
11.2937
15.9623
11.3146
10.5424
13.7442
20.5954
19.0506
15.4164
10.6586
21.002
18.8272
12.5311
11.5179
12.5359
19.4704
12.6363
10.8312
12.7012
10.2304
20.2043
16.8075
13.1959
11.0875
10.9693
11.6265
11.1905
10.6796
13.0126
25.086
20.2472
10.6774
12.2863
20.8175
15.7473
17.8906
13.7359
18.0257
16.4337
12.9789
12.7528
10.7234
11.5408
9.70966
16.4976
9.79007
14.1728
19.4881
10.4806
12.9845
11.8713
19.3212
13.7292
9.89958
10.3453
11.6323
10.9427
14.2222
19.8723
21.0151
20.1008
18.9908
15.9681
12.5358
18.6832
11.9204
13.6242
9.7982
14.8889
15.7786
10.5734
18.5866
11.9688
10.8005
9.91092
11.6554
11.4874
13.5576
10.1723
19.6936
11.173
11.8013
12.1783
11.3218
10.8791
10.5793
12.0856
15.2105
12.9989
9.29704
10.7142
12.8472
18.3589
12.8236
11.8286
27.6991
16.9497
15.9722
11.1298
10.7545
12.597
10.408
11.3484
19.1936
22.4886
13.1435
9.42282
22.3862
20.1916
13.8225
10.6089
21.5132
11.6033
11.7154
20.4536
21.5938
13.8048
20.7648
12.0347
14.313
13.3331
22.5642
15.0464
16.9737
12.2427
18.5339
9.83954
21.0056
18.0526
11.7723
14.8942
11.1126
9.88178
10.8614
19.4372
16.7496
19.7187
12.0533
22.382
21.7431
15.2603
12.8792
17.4736
12.7964
11.7796
15.1219
11.0439
22.3219
12.9264
18.1488
11.8199
10.9704
6.68302
24.3314
15.9054
10.2178
10.6578
20.8526
18.4151
14.0486
20.6916
12.5622
23.3982
12.2365
12.3986
14.5374
17.8426
17.9169
12.2168
12.7378
10.8406
23.709
20.0316
12.0163
12.8151
12.3379
21.8645
12.5227
7.94441
14.6379
12.9947
15.4283
18.6612
18.4528
21.617
15.513
24.6891
15.5257
22.8029
11.3065
12.5028
10.1146
19.2092
13.5865
22.4711
16.488
14.7571
12.9526
13.1191
14.114
19.1278
10.8143
15.7936
11.0875
12.5013
11.2423
16.319
14.3216
22.476
15.2206
15.1095
17.7969
15.1777
13.983
10.26
19.7748
10.1489
19.9428
18.0775
14.136
14.3858
11.7979
14.3011
9.85139
12.3494
12.2985
12.4405
11.1937
19.2442
15.9841
11.5091
13.7972
17.4888
10.5817
13.151
11.1185
20.8558
12.8052
18.9962
10.3361
18.4927
13.2214
13.2352
18.8617
17.0988
19.115
13.5209
11.7891
10.8386
13.8815
10.8762
12.2235
11.8703
13.0184
16.0453
14.3739
10.0703
22.0592
13.7834
12.3586
19.5727
17.4189
14.0473
17.2252
13.9508
14.0424
12.2641
13.7509
11.2453
11.8534
10.9817
23.9954
15.5069
17.6288
14.2669
17.7554
18.6769
10.4276
22.4704
15.868
20.7878
14.7039
13.506
10.9313
23.1488
25.4361
9.40608
11.4172
10.6941
11.1912
10.3071
12.0209
14.8328
11.2726
12.6706
16.6979
12.0875
22.6376
16.3705
12.5217
9.67832
13.0785
12.6717
16.9108
13.4924
10.4062
11.4555
19.7348
19.8662
12.0064
22.3758
14.3047
21.3022
22.4963
18.3754
12.1493
12.3385
14.5746
14.6703
16.8588
10.3488
11.9141
9.92188
12.345
11.3336
12.6309
11.2835
16.5334
11.173
19.4399
13.7083
21.3082
14.3005
19.3455
16.418
17.2335
14.81
10.9606
12.257
16.9158
10.9907
11.9588
11.0466
12.0934
12.0859
25.2379
16.348
11.1394
22.657
10.9415
22.9299
14.0938
12.0219
11.7556
10.9417
10.6416
17.4989
16.0676
12.2556
10.6209
11.5236
11.5709
14.5717
12.0067
9.69028
10.8346
18.292
11.8027
16.0765
17.5501
10.8335
12.0429
9.88695
17.1511
15.9735
11.9123
12.1323
10.2099
15.2212
10.3132
22.137
17.8537
19.0876
10.9527
10.9285
12.654
12.6862
9.94624
11.7241
13.5245
13.5414
13.9203
12.2095
13.1696
12.735
12.3246
10.5875
19.0836
15.9438
10.8334
10.7046
9.78771
9.01005
10.9601
10.9649
9.18656
13.6304
10.2457
13.92
18.4027
14.6205
17.6794
13.165
12.1149
11.1525
10.9986
17.944
11.3547
10.9622
19.5864
16.4262
14.1608
12.2201
9.63746
19.548
11.5146
13.491
11.7791
17.967
12.3492
10.3095
19.5013
13.311
22.9611
20.9624
15.5967
13.2767
10.7316
12.0026
10.6802
21.3537
16.8804
26.4384
15.1518
18.1372
18.238
12.2885
14.8085
24.2509
23.8624
14.3733
20.5271
12.0603
11.7012
18.1674
12.1476
19.7664
22.3487
14.9543
12.5923
11.7784
11.7478
11.9506
13.1686
9.92496
16.9169
10.2728
10.3014
19.3018
10.0319
11.6174
21.7049
16.8823
22.6552
13.1711
18.003
10.479
11.5392
10.9909
10.1092
10.0336
13.9455
11.8547
10.1834
9.58288
9.64736
7.68926
10.1453
19.6724
14.2667
14.3907
9.7805
19.4089
12.541
13.8499
22.159
20.4541
19.8883
17.8413
13.3375
19.1677
14.8667
16.9479
13.3291
9.26347
18.2066
20.201
14.2914
20.5398
14.082
10.4803
15.3062
20.6038
18.5842
13.305
13.051
11.3902
13.51
11.9927
10.9633
11.1659
13.9874
11.2632
16.2887
13.6685
10.963
16.0794
13.868
9.9855
12.7114
17.0868
11.3057
17.4048
16.4472
14.6911
11.7597
10.8693
12.3285
12.8936
11.3404
11.5106
19.4746
11.3342
12.292
17.5692
11.9903
22.581
12.5745
15.2205
10.5854
20.8204
13.7123
10.5577
11.5067
15.4905
12.4717
20.3793
22.5886
22.4384
22.163
19.4871
22.2216
14.6188
12.0062
11.0568
10.9475
12.1968
9.83103
15.6478
12.6116
13.8733
10.1859
16.8114
24.2332
11.3932
22.4752
17.381
14.4995
15.2447
9.52547
20.6135
15.1287
16.059
23.3132
17.6368
13.0277
12.2721
11.5998
11.5683
22.3332
13.4667
17.9367
13.1911
23.6845
12.2114
24.9941
14.7186
14.6311
11.2885
20.9644
11.2609
11.79
10.743
12.237
11.1731
12.6534
20.4354
19.1049
19.7221
13.4512
17.8481
13.6297
12.9788
16.0895
11.7194
16.879
13.952
13.5325
15.0898
13.849
15.8734
16.6537
19.1092
15.951
18.1396
15.1719
12.4533
14.9973
15.3611
16.3916
18.2285
28.4974
13.8778
37.0746
22.2965
18.1682
14.7021
15.7025
23.9488
15.8482
14.2678
18.3061
17.0617
21.9
26.0268
13.578
19.3159
13.9595
17.0678
13.4966
16.449
14.9134
15.0686
14.163
14.4895
18.5104
17.718
20.4412
23.9408
21.8231
13.935
20.1595
22.481
15.7703
14.0819
19.3111
16.3606
14.2631
14.1197
24.7239
23.1382
15.7785
22.5564
17.4487
18.521
12.9333
17.3951
17.9592
15.0131
9.78403
17.3154
13.0255
14.1687
13.1863
18.099
26.0597
25.6731
16.8327
23.9125
19.4432
13.635
15.7501
14.2037
20.914
14.4047
13.4024
23.1213
15.1645
21.2366
13.2737
18.8451
14.3159
16.2602
26.8298
13.3814
15.6339
12.7131
14.5367
16.3661
21.6788
16.4202
8.26339
21.1324
13.3693
14.7484
14.4508
21.5749
21.89
13.764
18.9641
14.514
18.0785
18.7645
13.3682
13.3045
15.1912
13.5267
14.2987
26.2578
13.994
14.9774
14.5458
18.6442
16.4143
17.6263
14.1054
16.4566
15.9698
16.4899
20.4025
13.6463
21.2699
24.0814
20.6741
22.6853
18.0138
15.286
12.6893
16.7169
22.7111
15.5064
19.41
14.3499
20.6783
18.344
13.4891
30.4615
31.9909
14.6396
14.892
23.2425
18.2345
17.7001
12.7479
15.0188
18.5301
18.4108
21.0493
18.9784
15.0518
15.9017
14.6064
14.1028
15.9462
13.9266
17.0662
17.5593
12.6831
13.9399
13.055
16.0177
26.1436
21.8152
18.3899
19.9017
15.4378
23.7711
16.0109
20.6413
13.3301
15.0825
15.0789
17.4686
12.9171
17.2621
18.025
13.3354
15.2149
16.1225
13.7356
24.8218
13.8922
20.7084
14.3778
26.3549
22.6122
14.5925
22.143
14.1212
25.9236
15.3783
22.1914
14.7776
19.9916
17.4354
16.3322
14.1411
37.5771
16.213
19.3986
13.3678
20.7677
16.3104
15.7434
15.0683
28.5741
14.7474
18.3287
18.2762
14.2671
28.364
18.5248
9.66977
14.7564
23.5414
15.8652
15.4576
14.9658
15.3102
12.8447
15.3874
13.7044
21.5101
13.9332
20.1672
12.3979
11.6426
12.2796
13.7823
13.716
16.5185
13.9096
20.8083
14.1198
14.4185
14.1445
26.4719
17.1642
14.0785
17.1941
26.2563
16.5467
17.2152
19.0122
13.2689
14.0797
21.0947
17.4764
13.1118
17.8677
12.7482
16.5268
23.8904
15.9393
15.2641
22.6176
14.0038
15.0326
14.0675
13.8997
15.7931
17.3477
12.7043
14.8822
18.8281
20.2025
28.9454
14.8481
11.5193
10.4526
14.6234
18.5353
23.6446
14.6636
22.8337
13.7085
19.6249
13.6484
17.7646
14.5178
13.008
16.3684
15.5312
12.1446
20.8204
15.138
18.3477
24.5788
14.6446
13.4025
19.0483
22.9222
17.3586
14.7011
12.3017
27.1754
18.2358
13.1273
14.9793
18.4252
15.853
14.0683
21.6765
17.3166
21.2113
12.251
25.6884
18.5955
16.8464
17.2762
13.9306
21.1968
25.9266
18.738
11.6768
26.7211
16.8686
25.9233
14.3244
16.5943
11.8269
23.088
13.4943
8.72424
23.8923
14.7201
18.1391
15.1778
13.2019
20.0117
14.1516
14.6069
14.1042
15.5855
17.42
20.5046
12.49
25.2855
15.9465
16.8807
15.2978
13.3845
15.3527
14.5695
13.0776
14.605
23.5587
14.4672
14.4329
14.8599
16.9688
22.1967
14.8267
16.9989
19.6491
15.3489
17.4414
14.1568
17.4344
12.4514
20.1561
13.6676
17.4593
13.2206
16.2797
21.2562
15.1564
15.1545
12.8914
21.4168
14.0433
23.4388
13.9246
13.6456
21.3864
12.6358
11.3034
14.7793
23.1111
19.8904
12.203
15.8003
15.1441
14.1124
13.7497
22.338
21.4896
11.3004
22.4973
8.84033
13.0312
13.719
15.6316
12.4069
19.9016
21.728
15.2707
16.4245
17.3269
20.6671
11.5968
26.3919
15.5892
16.0829
13.4322
14.5943
23.0571
15.0183
14.5005
12.7928
22.9732
14.358
19.4334
16.5053
12.5698
20.1048
12.6246
17.6354
16.2765
12.4644
14.3887
14.4133
13.6345
26.1206
14.217
14.8104
13.8125
16.5906
14.5664
13.4367
22.6172
14.0185
26.5916
23.8214
17.8791
13.8907
22.0132
25.6215
12.7869
16.961
23.5683
12.412
16.1202
16.7845
16.3365
23.3379
16.2705
12.8034
19.674
21.5711
14.4656
24.1522
18.1436
15.9495
13.8655
14.7189
30.399
15.6172
20.8075
14.8966
14.8962
18.8949
25.4495
13.4735
14.6737
14.3821
13.0112
20.7912
12.2584
13.6442
16.696
23.9805
17.3044
21.8757
14.2146
19.3391
17.3577
19.2555
14.7632
16.6331
18.3165
13.4707
17.5864
27.9253
14.2712
14.3536
15.6274
15.7807
22.8879
18.8577
13.5274
28.523
13.6085
16.5738
37.9303
18.8978
17.6977
15.9041
21.8708
18.3299
16.2429
14.0491
23.1497
13.8696
15.1651
21.7059
16.768
14.6801
21.1667
14.5751
14.9829
13.2086
15.6169
23.8044
13.7204
13.307
21.4148
15.4903
14.0017
14.2582
24.556
14.1834
22.4488
17.0256
21.102
16.1471
13.6335
21.7693
15.5317
17.0249
13.4437
15.8415
13.3981
21.8877
14.6438
18.4101
15.3226
25.687
19.4369
13.3963
15.3406
14.3658
19.7268
17.9912
12.7365
15.9147
23.4313
13.5157
25.9546
19.6041
16.8785
26.6837
16.0706
16.4328
15.0604
14.1445
25.204
12.6621
14.1615
16.1128
15.136
21.3674
15.2222
13.1331
21.9246
12.0056
24.0799
11.9294
19.2419
15.8771
12.3931
20.7201
20.0968
24.5052
18.5366
14.8926
14.6405
15.5148
15.8418
15.994
13.733
21.9937
13.9403
21.4024
14.2759
13.456
23.913
15.4477
25.746
26.7799
18.8725
11.6944
16.7153
12.8848
13.5572
19.8154
14.5519
18.8955
13.4222
26.6909
17.5582
16.6789
13.651
13.7223
14.1371
17.1982
12.8739
15.5369
15.3061
15.9971
16.5133
13.28
20.3713
12.4388
15.3328
15.3056
17.1696
14.1207
15.0028
17.3763
20.7183
19.9368
23.9909
13.6277
16.1903
13.903
15.5428
22.4767
12.9477
13.5429
18.7686
27.5314
13.812
13.8721
13.9473
19.4804
12.6981
19.5908
14.1806
13.1337
21.2813
12.8143
24.4464
16.6134
16.6178
24.4244
11.2291
15.6245
12.1491
27.5673
17.6492
14.6414
13.3825
14.5469
18.864
12.3675
12.8454
21.2369
18.1284
19.5145
11.6401
14.543
11.7891
18.1718
10.8612
16.8555
14.8083
13.8632
18.06
11.1574
12.5955
19.2868
18.1108
27.8867
12.0855
9.90527
10.7089
13.7222
16.868
14.26
14.8303
13.3523
11.7171
22.3968
13.5092
16.7766
13.9475
15.0684
15.0387
23.0528
12.1937
12.6581
15.2888
28.1736
14.5905
21.3602
14.0474
11.0042
16.7064
21.5429
14.688
16.3941
19.1874
10.583
11.4233
8.24086
11.3837
9.53293
10.6497
9.44895
12.4186
8.18284
8.3315
9.63366
11.4899
9.24656
13.0221
13.6508
9.36817
9.68919
15.0985
11.0689
14.7888
10.3208
13.7826
11.6482
12.6292
12.981
10.9414
11.4863
12.6155
12.6578
13.6917
13.3934
17.6821
12.3034
19.8028
11.1652
21.3669
13.5943
12.1199
12.1477
17.6001
24.3204
13.7778
13.6486
9.96237
18.9123
14.1518
10.9694
11.618
19.2227
10.3529
19.227
20.4437
11.0664
15.4171
10.7608
13.461
17.8549
19.7221
13.0166
18.4975
10.5417
13.8797
12.6612
14.6042
17.3564
19.5344
10.7871
16.9585
12.24
15.8509
14.5999
16.6862
11.5197
15.759
13.736
11.1507
15.7031
17.2882
15.073
12.5041
20.2115
11.7462
13.949
21.878
21.8471
16.7202
12.143
12.9863
12.1741
12.8619
11.0365
11.1874
14.2882
18.7066
13.9903
14.7775
14.2191
10.0136
12.1611
12.1781
12.8943
16.7616
13.225
11.3856
12.8992
11.4781
19.5343
12.7667
12.4434
15.7066
10.3696
11.4384
11.3875
12.4437
15.8409
12.1036
12.211
10.1391
11.1327
10.3191
11.1019
11.5995
17.8748
12.3924
16.9777
11.2438
12.0736
16.5635
10.1051
15.8145
11.6679
15.2999
13.1122
15.0614
19.4157
17.7524
19.3584
19.8126
17.6545
15.2341
11.7858
16.8566
18.0683
15.9171
16.2531
15.3711
13.952
11.9733
14.682
12.1926
15.7958
10.9251
10.8405
13.4862
17.7435
13.3242
22.2768
11.8804
19.8717
14.8714
11.3799
14.14
10.1927
11.8084
17.6251
15.3353
17.7995
10.3733
12.6817
11.7489
11.4313
16.1751
23.0859
10.6195
11.5851
8.49976
13.4402
9.38082
11.2724
9.39701
12.377
13.1346
11.5907
13.414
27.5483
13.1128
19.6131
20.8024
17.9113
16.7945
12.9534
15.536
11.5209
14.093
21.1211
14.3238
22.3938
22.0117
12.4648
14.9882
17.916
11.8765
22.2545
12.9352
12.8838
13.0992
20.6471
12.8031
21.7853
15.3923
15.8552
13.7307
13.0936
15.0793
14.0085
21.7796
18.5475
14.1889
11.2137
13.3064
16.8763
10.7216
14.9758
14.2231
11.9746
24.6732
14.8677
13.0829
13.5908
19.324
15.4694
11.8953
23.1673
11.6896
21.6021
15.1709
23.4982
16.7802
13.3549
14.4083
13.0042
11.1777
13.3018
10.5146
19.0144
11.5763
20.3034
13.7053
18.972
19.4325
14.009
18.7023
13.554
12.6599
22.1903
13.6553
11.163
16.9549
25.965
19.0917
21.8809
18.4745
16.8625
11.4301
16.7094
10.5776
11.9476
23.238
16.2285
15.8598
14.9832
20.744
13.3312
17.9723
10.1429
24.8764
19.8299
17.3979
14.1605
9.95944
11.7903
17.0926
9.6205
14.1636
17.4346
13.8061
23.1971
15.9467
18.0158
12.9817
11.8888
11.9131
11.1879
11.8557
11.7441
15.9706
11.0079
12.7059
11.1246
11.7217
14.0894
17.9286
12.1381
12.5904
10.3556
24.3677
12.3572
14.2729
21.5801
14.5757
20.266
12.807
15.9035
11.7904
18.5219
11.202
12.4145
11.1499
19.6319
25.8442
14.7436
12.7886
13.8085
18.1303
11.685
11.8304
18.4913
20.232
18.0643
18.2257
14.0035
15.6096
18.7882
18.2421
20.1103
20.4885
14.3844
11.6587
12.8253
23.7466
15.6668
20.5398
19.0353
11.5795
11.304
18.4867
12.6313
15.947
22.2189
25.5358
12.8592
20.3059
26.4347
13.3869
22.7156
19.407
30.0272
15.6215
19.4516
19.6299
12.315
20.5046
17.0662
24.029
15.0883
12.9142
10.8428
18.1443
12.0576
18.7824
13.5579
16.8346
12.829
19.8449
12.9632
11.9648
21.9941
15.0381
9.02901
11.2587
9.82077
12.7473
11.3385
13.9005
18.8863
14.4944
12.4392
10.7275
12.333
13.7046
13.5142
11.8527
17.4384
11.8274
17.553
17.9052
18.7355
17.1426
14.0184
11.912
20.4825
12.7198
14.4157
10.6482
14.5617
13.4841
11.2911
13.2437
19.2327
13.6196
10.3363
14.3018
10.7184
9.69473
11.5385
11.8028
11.008
17.5034
13.8777
12.2031
16.9041
20.638
10.1795
13.0991
13.6492
16.3981
14.4513
18.0562
14.985
13.2455
18.7394
11.9181
13.8509
12.2784
21.7477
18.2762
18.8218
13.0879
18.2917
20.9573
12.7998
19.5984
18.4783
12.2954
12.1261
12.5112
12.6294
12.5327
15.865
13.9018
13.3533
20.1303
13.8148
11.7711
13.2275
12.9205
11.9317
13.8755
13.7867
12.1869
11.3616
23.5172
13.9485
14.5121
13.5279
21.0293
27.3768
15.981
14.2568
12.3005
16.7876
11.1447
12.9843
11.3747
16.7536
12.266
21.5421
19.2668
14.057
10.6256
19.7112
18.9672
16.6895
15.9518
19.4281
17.3806
12.1361
21.1171
14.9559
13.6593
11.9044
21.1386
11.6342
13.6114
17.9812
18.31
13.746
13.2824
11.2565
12.1811
14.4542
14.7479
12.3184
11.5662
22.2744
14.4359
21.5489
22.1722
13.2482
28.1604
14.3424
20.7346
18.2067
11.2786
15.1598
12.9513
16.3708
10.2827
15.1953
14.1307
22.3642
14.1363
21.5933
15.3966
15.2303
12.0726
16.035
14.2568
12.6771
11.752
16.7941
11.9815
20.4257
20.3512
21.3462
19.5905
13.9262
15.0627
18.5543
11.8613
11.6235
20.9856
12.8345
17.3511
13.0417
25.2947
15.6356
23.3692
15.8916
25.1377
13.8792
12.7295
19.1231
12.4328
22.7371
14.1184
16.1389
15.5384
12.2773
12.2272
13.2751
12.9157
16.9973
15.6936
11.6646
23.0164
14.7755
15.3074
12.0994
13.0853
14.4682
11.9395
21.4116
11.7369
16.4005
11.3299
7.46572
11.0001
10.6481
18.935
18.8318
12.6951
12.6967
13.3497
17.2135
22.2881
14.4179
19.4957
14.0202
13.8932
11.4612
16.3476
13.4036
15.9044
12.5426
20.0035
15.342
14.3908
14.3139
20.4035
11.3563
7.82494
19.9816
14.6208
18.4465
14.0721
19.0541
15.9511
14.0122
17.6433
11.5801
16.5534
13.5129
12.1139
22.1949
16.4431
11.1658
16.1085
20.1602
14.5715
13.1453
19.8222
21.3261
19.8628
14.1624
19.6229
14.3276
20.7616
16.1709
11.1454
14.5603
11.5931
21.6801
20.428
22.9199
13.8859
21.2776
11.6411
13.8898
19.4714
20.717
17.1545
20.1352
24.5277
12.92
23.5343
19.7019
18.6448
14.9812
15.5158
11.9385
12.4985
19.8272
15.1772
11.9945
12.7906
13.7202
12.9485
26.084
21.5356
17.4034
20.0009
21.5602
16.5152
16.3565
13.1438
22.1537
21.2165
14.28
14.7797
15.9468
20.7457
15.5483
24.5675
17.6603
14.3772
20.9496
17.4223
21.1745
15.4349
17.6155
9.51798
16.3666
10.7869
16.4215
20.4006
22.2902
14.1537
14.07
13.3057
15.0545
12.9892
13.8726
14.9385
18.8123
13.909
17.4366
16.0624
24.3532
12.0698
16.0181
18.0014
11.7216
12.2526
15.9545
10.9538
15.8841
14.3827
11.7723
14.5256
11.7876
22.2055
17.2585
15.7102
12.6158
11.7633
21.8963
12.7117
22.0745
14.6596
19.2761
21.8118
23.5754
14.6696
17.6985
18.4704
15.3834
12.9369
10.5516
13.5993
16.342
18.6038
16.8073
13.5842
22.9329
16.1986
23.5081
23.2334
19.699
13.8002
17.692
15.0078
11.0617
13.0604
15.5304
12.6666
14.9616
21.9027
12.5597
14.612
16.0447
14.0713
10.5597
13.427
12.3076
11.7233
15.585
22.6971
13.2633
23.0015
15.3676
21.1509
16.1162
18.9903
12.9872
13.0023
20.7347
10.9731
18.5687
12.6458
11.3682
19.5686
11.7315
15.1795
16.5059
19.2849
10.8235
7.97844
8.79224
9.46485
10.3796
18.5149
13.0593
18.3072
13.0015
10.6253
10.9324
17.0155
9.65953
18.8499
15.0625
10.195
13.2647
17.5981
11.3664
26.035
12.114
14.5004
10.1544
13.4044
14.2328
22.182
19.4523
11.9744
16.6478
10.5709
11.098
14.7504
11.9786
15.5715
20.3593
12.4013
17.4223
10.9417
14.5318
18.5105
14.4624
12.9088
10.9858
19.8301
12.6372
17.1493
11.9573
15.394
22.4803
14.4124
20.4687
14.8928
21.53
14.0954
12.5046
22.1012
15.3592
13.0949
14.274
16.2391
25.3669
15.7848
18.2938
11.4379
20.3733
14.6349
16.4731
15.256
11.5458
18.983
13.408
25.5845
17.543
18.7526
14.0028
22.4531
19.7732
13.0148
13.9244
14.8215
15.9086
16.9416
18.4327
12.741
13.1685
10.781
20.8338
12.034
16.2928
18.4999
15.0246
14.9517
27.1363
20.5335
19.6632
13.3396
16.0365
19.3464
16.698
13.1743
12.0772
11.3545
20.146
12.072
22.4675
15.4252
10.6351
15.8352
14.8934
13.5047
15.5208
14.0362
19.7895
13.5404
11.872
12.9724
8.96565
10.8198
11.6318
11.3638
16.076
11.7224
16.26
11.991
15.1666
11.1746
15.9047
9.47279
12.1183
13.4059
10.2318
10.3656
16.2859
11.5792
11.4982
13.1552
13.641
11.1482
14.9395
14.6348
13.2772
9.32471
11.0544
18.9648
14.3854
12.7484
13.7896
10.3549
13.6328
10.2661
8.61376
13.6686
9.7909
14.7093
11.7277
11.4257
13.4351
8.95242
17.1363
13.992
17.9079
9.54567
12.6399
13.7663
10.1027
9.58707
16.0767
9.84037
14.7081
14.2237
17.5584
10.4177
18.0753
16.1746
10.8306
11.6741
9.10469
11.0113
13.9587
10.9137
11.4626
9.11693
9.22927
8.54045
13.7494
11.4815
10.1977
17.6294
10.9581
14.1778
12.7274
13.3334
17.9867
15.3132
11.0096
13.8577
17.2246
10.1361
11.3695
10.9085
15.0894
11.1858
11.3269
18.5175
17.9044
12.3183
8.6317
10.0772
19.6495
23.3295
12.1766
10.782
29.357
10.0858
13.3437
17.8814
18.5699
11.7362
8.96128
12.212
11.1117
17.5317
10.0827
10.0687
14.8627
12.3305
12.2511
9.23987
8.17655
11.8685
12.7181
7.86205
9.36466
13.5836
11.1016
14.3356
9.12867
14.4129
9.00247
12.9992
14.8425
11.5293
13.5809
16.4893
8.7905
9.2446
15.0446
14.3599
17.9822
14.9052
14.2885
12.5394
16.9309
10.6512
15.9995
16.2748
12.7952
11.2203
18.7429
13.5808
17.2337
13.867
11.2742
12.2008
20.7728
14.1105
16.9404
11.8013
7.48946
7.5922
10.6695
9.39946
8.66589
7.46997
11.5663
11.2288
8.5697
10.9388
8.98697
9.64545
11.2184
10.9165
8.48973
11.1637
11.7614
12.5917
13.1058
8.48931
12.5774
12.5735
9.83444
9.06954
9.66713
11.2526
10.2073
9.44513
12.0094
8.95769
13.3385
15.1639
11.914
10.0947
12.2698
8.94154
10.4973
13.2576
11.6551
11.5204
16.1645
12.697
10.0145
17.4565
9.45518
12.8716
14.4837
11.9638
7.59076
13.0529
8.27932
13.1506
12.6277
11.1575
15.8676
9.61652
14.4716
10.3963
13.7147
12.8648
14.0559
11.5065
13.7887
9.59071
11.1174
13.8072
14.1671
15.3569
11.6423
10.6994
9.7952
12.0988
15.9864
14.2583
14.3908
16.4484
12.0958
9.96654
8.18461
13.2821
8.81942
10.3873
12.4786
16.1285
11.7157
9.35551
15.3097
12.7886
9.92704
12.6626
9.06826
9.05977
10.5824
9.81358
10.1471
9.50385
9.00363
14.748
12.6004
11.7564
11.8283
9.07974
9.08249
7.91336
14.2412
16.8578
10.8138
17.8553
16.3514
14.5104
10.7756
20.4051
12.6197
18.5907
11.8422
11.4712
16.3324
11.7183
12.7921
12.5229
13.5305
12.243
10.6968
10.724
17.5492
15.6694
15.7086
11.0922
19.5304
13.2552
16.7113
12.1782
10.4389
9.93303
16.0369
9.84928
17.6805
15.1588
9.5045
14.6473
10.701
11.3305
13.799
9.33329
13.0006
15.4489
9.80262
12.6501
8.39721
8.59968
15.5775
12.2179
10.2862
12.6537
15.5205
10.7396
17.1667
9.66638
14.2794
11.8223
16.1834
17.3505
17.0994
11.2892
13.2095
15.0324
9.14251
9.90808
15.7325
13.3155
13.5085
14.8142
19.3622
13.6904
8.89652
11.1388
12.7154
9.3912
15.8488
14.2784
14.7851
20.1363
19.3517
13.6715
10.2838
14.4582
17.398
10.5936
14.4579
13.2465
10.5472
14.3974
16.5355
10.6064
17.3244
9.897
14.8999
18.9448
13.6668
14.1657
13.9268
11.2918
13.1571
8.85099
10.8498
11.7298
17.9398
14.1505
12.3896
12.0052
10.3682
7.95491
8.34486
8.75838
8.57695
9.74167
10.8482
14.7409
13.3749
11.2671
9.22199
17.9033
9.90958
9.63684
18.6571
12.3669
11.2185
10.3087
9.87209
11.2192
13.2278
8.96379
17.8099
11.3941
17.8925
8.17478
8.46447
13.9084
9.39072
10.1208
14.0295
14.4001
15.3733
15.4023
12.1046
13.6686
12.9429
14.4734
13.4606
9.89226
13.0178
6.93815
14.1205
11.8388
15.2729
8.54057
9.92597
7.54706
13.1581
12.3992
16.4418
11.8861
13.1146
11.5794
9.28778
15.3095
15.908
12.6586
11.5726
18.8781
10.9875
16.0564
13.7075
11.9161
9.75782
12.156
10.6707
11.8506
12.252
11.1777
11.9077
13.1587
11.712
8.5692
11.0654
8.85411
14.3188
10.1667
11.9857
12.2242
8.79334
13.4722
14.4555
10.6261
9.31847
9.80635
9.99204
9.59286
11.2412
10.7834
9.68496
12.2341
11.4635
14.7012
15.983
16.854
12.7968
18.5592
13.6167
18.1829
14.2779
11.7738
10.6252
12.1535
11.5034
15.4952
17.5397
11.2106
12.5865
14.3164
13.9224
8.54754
12.7023
14.933
13.1143
13.1663
13.9161
13.0117
10.5877
20.6331
9.99142
10.3254
16.4372
15.7589
12.0458
13.7561
9.77852
8.84417
10.7283
11.4777
14.7858
14.9541
12.0336
11.9324
11.929
13.663
9.80211
7.70379
8.30845
7.41478
9.7498
9.74138
9.63261
14.1953
10.5586
15.0601
9.58155
12.4609
12.1104
13.1909
21.827
13.1002
11.9693
10.1436
20.0249
13.8673
13.4869
13.3591
17.1397
13.7724
10.292
9.75117
14.8713
13.8395
9.684
10.8845
10.4179
10.4744
9.26682
17.0743
9.19256
13.3595
11.5932
9.14501
9.53651
8.25249
11.737
13.8842
16.2517
12.6019
17.3839
11.3459
12.2114
15.588
11.929
11.4276
11.9948
15.6276
13.0927
11.3572
16.6373
14.5874
16.0333
10.8544
19.2346
16.4097
9.77374
12.0878
15.3292
11.9638
13.0966
13.9651
15.2765
14.1789
10.6376
11.9889
10.8045
9.25358
8.97087
19.7052
16.9816
12.3158
12.6135
13.7486
12.9023
11.8578
16.3625
16.8423
11.6082
12.8534
10.7893
10.9575
9.6143
15.8244
9.20372
13.0701
9.34023
13.1069
17.4801
14.3534
16.92
12.7123
10.6123
11.7928
10.5052
13.0351
16.3507
17.6163
14.1945
10.5387
9.78271
10.1111
11.3651
17.309
11.5108
26.8998
21.2153
10.4989
13.918
13.0309
13.9213
10.1811
10.0161
13.334
14.7201
11.3228
11.7258
10.2584
9.28093
9.86065
9.12715
7.76235
11.2426
10.389
13.8492
11.0305
11.089
10.0537
12.5035
16.7274
14.2607
11.6019
17.4026
11.5953
19.6437
13.688
9.45268
9.92253
11.6733
10.9021
11.3874
19.8649
10.3854
22.7506
18.7216
13.6882
22.5654
16.3802
18.9358
16.1009
14.5185
16.3389
11.0211
21.6694
14.7896
15.0304
10.7817
15.6659
11.2924
9.89119
15.0543
9.93263
13.0233
18.6491
16.7275
10.3937
18.0828
15.9511
11.0088
9.9602
10.9459
11.3471
9.69951
7.81953
8.59981
9.7586
12.9453
9.50656
11.344
24.2991
6.51142
10.6459
8.19196
10.1368
11.0049
10.8021
11.6167
11.0749
10.0285
11.5946
18.7353
13.1889
23.239
11.3416
16.2276
10.1754
9.97602
11.6535
11.5867
16.337
10.3363
13.6708
9.35249
8.2428
11.9187
6.61075
8.97193
10.1789
12.2746
16.4287
23.3665
23.0886
10.4946
20.7938
12.5779
16.548
13.4866
12.705
19.0409
14.1148
13.535
8.89954
10.6566
14.7055
11.8568
13.1213
16.2489
14.4939
14.4405
12.1173
19.9646
13.82
16.6713
12.4621
10.3268
13.4567
10.3585
12.6968
8.98917
9.92372
19.886
12.7079
13.6849
18.2192
11.6049
13.8195
8.38977
14.4065
9.08182
10.6266
11.2657
14.04
13.2791
8.35337
15.6426
12.0296
13.0423
14.4782
8.95672
11.0838
10.7705
13.8518
9.90438
14.0873
12.006
12.447
10.4787
13.2013
17.1401
15.8918
18.1724
17.9452
20.5136
10.2264
19.6925
16.0361
13.8224
11.8913
14.2267
15.431
17.2828
17.2291
15.9831
9.86911
12.8202
11.2652
9.31002
12.916
16.2102
8.41168
15.6107
10.539
16.3336
11.1445
9.85361
12.8076
13.6421
16.9947
12.2759
10.3085
15.3189
9.2369
10.761
11.1647
10.6493
19.8773
10.053
13.6758
16.1539
11.6132
17.5475
14.6481
14.9289
11.3171
10.2234
17.9278
16.9154
12.1518
15.5228
10.3052
11.2504
13.6104
12.7281
13.2521
10.4528
11.1573
15.8379
18.4649
13.2999
9.92601
15.7408
14.0915
10.7339
10.3806
10.707
17.8097
18.171
12.0695
12.4017
13.5525
12.0519
17.7577
18.2597
14.7336
16.8313
11.3231
12.2167
11.1933
15.8459
13.6634
10.3468
8.98942
13.4996
14.922
12.8148
10.3716
10.5713
9.24015
15.3051
12.8619
10.284
9.58537
9.92274
10.2308
15.502
15.6278
18.6703
12.75
9.66906
9.4263
13.5454
15.2822
18.3605
12.7076
10.2234
12.1026
10.2493
9.20769
9.98068
12.8939
9.97934
21.4474
15.7154
13.4705
16.2254
12.1505
14.3984
13.7268
12.9713
14.8902
17.4759
18.2571
13.4875
12.138
10.5112
9.16659
9.98514
14.201
17.6249
13.4995
15.7831
15.3835
9.23485
11.3302
10.5436
17.6504
10.9198
7.26422
11.4835
10.2201
11.7557
16.0047
10.9411
18.0538
12.497
11.8395
14.3463
11.7292
12.8433
14.4342
9.2713
11.6353
14.0197
13.0532
11.9202
16.4947
12.1578
13.8081
12.6774
13.9672
18.3975
11.61
17.3401
15.658
11.2387
10.9819
11.849
11.5356
15.9694
13.1343
14.5932
18.2144
14.9781
14.7253
16.2165
15.979
11.7716
15.4305
10.989
11.0117
12.9921
15.0285
16.2735
19.654
17.6082
11.8816
12.4805
12.7602
16.2406
15.7459
11.5959
13.8389
11.2038
14.4787
12.5976
14.7128
16.3942
19.4775
15.2651
22.5735
16.5151
20.009
16.3417
19.2904
11.3964
12.3584
8.64705
10.6178
11.8252
13.5619
11.409
11.8249
12.7212
13.7736
15.7576
10.0145
13.4512
11.8388
12.0477
15.2861
17.3196
17.962
16.8313
15.5076
11.5049
11.7994
11.7501
11.2258
20.3635
16.9296
16.455
18.6074
18.3482
15.0831
14.6182
15.5024
13.1207
10.2376
15.0865
14.1388
15.1239
15.485
10.6791
13.096
20.6779
9.86169
13.5834
13.2778
23.7886
11.6219
17.5806
13.8373
11.6153
12.3138
8.20657
10.7664
7.86433
9.20862
10.5265
13.8944
12.329
16.136
15.1922
18.265
16.1002
16.0506
12.9508
14.3051
10.3297
15.0833
14.055
10.4243
14.3348
14.4855
14.3467
13.9656
15.2257
14.5193
13.674
11.318
11.0948
18.2691
15.3533
10.419
14.4147
15.7911
13.1708
14.0124
12.3207
23.5387
11.2972
14.687
13.7105
13.8958
14.5602
17.8328
9.79793
9.92086
12.2759
12.1838
17.95
17.6364
11.7578
14.446
13.4637
12.1169
11.0234
11.2096
12.3652
11.4995
14.1845
10.1952
10.9844
11.5965
8.41994
11.3322
13.3779
13.3267
14.2141
10.8802
12.7133
22.9015
13.9797
15.0222
16.5736
11.282
17.9961
12.5337
10.7477
10.2932
10.74
13.9593
8.84301
14.6753
11.3901
9.90871
9.20969
11.9367
15.9287
14.1444
12.3935
13.4298
12.7364
12.254
11.3903
10.2064
11.5348
16.0104
12.3956
13.2068
10.8731
17.3358
15.3044
14.9405
12.4838
11.7066
13.5808
13.8589
20.7256
18.1531
16.0479
17.8815
10.2636
11.9031
18.2698
12.5368
17.9127
12.5909
15.346
18.9125
16.7501
13.8781
14.501
10.0055
16.0754
15.5947
12.2725
14.2195
13.0331
12.2225
18.6165
15.3935
11.8207
17.3719
13.4505
13.9183
13.5842
17.8476
17.2152
13.3393
15.8056
17.6859
16.2323
16.9432
17.8718
17.5432
16.9039
16.4728
11.1997
13.0054
14.4727
11.1844
11.6866
12.5532
12.1665
12.868
18.2422
15.4421
18.5329
13.301
13.2352
9.20408
19.6468
14.4785
9.08253
16.071
17.3446
23.4626
12.1499
16.3246
16.6964
15.2643
13.9754
13.7497
17.3091
15.5387
11.2656
16.9288
17.1566
14.6456
12.1882
14.7429
13.3488
17.1622
16.462
18.0258
13.5288
17.6684
10.3206
15.9038
14.5748
14.6444
13.9381
12.015
10.6221
16.8344
12.76
17.1908
17.1663
13.2459
11.9401
10.1213
16.966
13.1403
11.1289
11.5492
16.4334
15.6801
10.9358
16.599
17.0586
10.3379
18.7038
14.4533
16.5733
16.6507
14.2661
17.1071
14.485
9.99699
17.1548
16.546
15.7934
14.3534
12.2585
23.0287
11.3426
10.9132
12.0217
16.3468
18.0765
13.1902
14.6946
12.5207
15.575
18.1978
17.582
12.7267
17.2851
9.44868
11.9212
15.318
13.0317
11.9366
10.1318
12.6446
15.9086
10.6905
8.62934
16.5034
18.113
8.98797
12.1062
13.5241
8.40518
14.547
17.4791
7.62643
15.7475
9.90038
16.8266
10.9727
11.1934
13.5242
18.4617
10.0914
16.2751
10.8121
9.02344
9.84423
12.158
11.2675
8.49977
16.8069
8.99652
14.3976
9.98837
15.1674
11.8675
13.5901