23.4204
19.6978
33.0643
19.3772
21.8676
22.358
23.7971
32.8551
28.5118
38.2245
20.7796
20.3393
36.4438
22.1984
25.5481
22.3475
20.1145
21.0609
22.4132
23.9928
21.0579
24.5279
38.5573
22.13
20.5344
36.6714
21.0118
20.9651
33.3405
19.9125
21.8357
20.7203
24.7896
22.9699
28.8842
23.1599
40.027
25.1882
28.7923
22.087
40.8929
23.4439
23.4561
23.9457
22.0831
21.9939
39.7892
22.3125
27.7006
27.2855
24.2647
22.5057
22.0427
36.4654
22.4198
33.0664
22.8307
40.6132
26.3302
27.6069
22.1615
21.6048
22.8307
45.3878
27.5313
22.2172
21.6831
20.7876
27.7312
23.6109
40.494
27.8642
38.6636
21.2456
21.9709
31.857
20.8427
20.7722
30.4215
23.7352
20.6429
29.7699
35.4021
29.2448
22.2539
46.1696
22.4151
22.5175
36.2013
25.4166
35.6213
22.2219
22.7683
22.3257
24.6615
20.4364
24.0587
23.1641
26.1721
22.8966
21.8419
22.7218
22.1296
25.6938
21.9536
22.6402
22.5702
29.3051
38.6695
29.4098
27.4304
21.1487
41.6717
21.7088
37.3227
20.3387
36.3666
21.3557
23.3594
37.2075
22.2441
38.6983
22.6945
22.07
24.4744
36.3562
21.3609
23.9979
27.7286
20.5634
34.2159
21.4358
24.8796
22.3841
22.7287
21.6765
22.6503
21.9852
22.0331
21.0339
23.0096
36.8814
23.4768
28.4618
22.5535
23.0056
25.7378
25.0177
21.0584
35.9721
27.4043
19.5349
23.1819
19.8463
22.1625
44.2579
23.7603
36.2463
20.6764
31.3221
19.5495
38.1116
20.8027
33.2359
21.1691
39.3201
27.3625
23.2962
22.7317
22.9938
41.0214
22.2218
23.9432
37.857
23.8441
23.418
23.3318
35.3784
22.0952
35.8995
21.4089
30.5904
22.726
22.3365
23.1416
22.5047
24.9276
24.6741
23.2575
20.4472
34.8033
27.2446
20.5772
45.5302
22.5161
23.6908
22.9296
24.9053
24.5919
23.9555
40.3529
23.1403
39.7094
23.9073
41.9288
36.4038
23.0417
28.0731
35.5386
20.277
36.4201
21.0636
38.2014
20.8937
38.0649
19.7218
30.1198
32.4913
20.3364
28.7026
20.9631
35.2222
26.1893
23.0806
22.6234
26.0574
20.5018
23.7533
18.2648
20.8818
23.3854
22.3754
25.3205
24.8679
28.132
49.5586
24.9643
29.2127
24.2072
23.5399
25.4096
23.5917
23.9451
25.8503
23.623
23.006
32.1402
19.5727
35.1263
24.5822
23.4643
31.7506
20.5158
21.5356
20.2236
22.3092
22.6692
23.9013
18.0999
36.3477
17.6191
22.7253
19.4984
19.1641
36.8027
23.1186
26.4806
19.6597
19.2811
23.1482
32.171
25.8055
23.6486
28.2983
23.0868
34.8475
21.5625
30.8301
21.1257
21.7519
26.9201
34.8436
20.1314
28.24
21.4225
24.524
21.83
21.2972
24.1386
21.5369
21.8084
33.2383
18.1923
27.8909
20.5216
28.3627
20.1262
20.6102
20.3629
20.8082
20.3767
20.3367
20.5161
33.7049
22.4957
39.5221
27.1545
24.0558
24.2161
24.506
24.7907
23.613
32.6755
25.6987
32.7184
24.5337
27.5127
22.3848
39.4528
24.5526
26.1687
37.5196
21.8351
26.4249
35.5751
24.3024
23.8448
27.4454
21.8547
32.9752
21.1086
43.8057
36.3412
30.6858
20.6305
20.43
20.2509
18.617
21.8444
19.5281
20.6929
18.8554
42.5754
22.5323
21.2386
20.5167
23.5915
20.8684
21.3846
22.368
38.4632
20.8337
31.7713
23.6862
26.8843
23.1485
24.5678
26.2668
23.7962
24.4644
23.2647
27.5815
28.7068
23.4193
23.8596
25.6345
26.3521
22.5321
43.3638
38.1356
22.9516
22.1071
32.873
21.9521
33.648
22.2001
26.552
37.7173
23.9277
27.7474
22.8215
23.0465
23.5962
22.1905
28.2814
22.7254
21.5346
20.2453
36.1148
23.1869
35.3771
21.336
25.7439
29.1435
18.6316
20.0191
20.0107
42.3439
17.6029
37.2323
27.0557
19.1094
21.987
21.6683
19.0321
19.5627
19.3263
20.8028
17.8893
28.6143
23.1539
23.046
33.5949
40.6251
40.6456
22.1313
26.129
25.6118
27.0743
36.8415
27.1493
25.8278
26.5724
25.1564
27.237
27.0071
21.5304
21.4137
39.0769
35.6152
23.5999
22.8588
21.8639
38.9922
19.6197
26.371
34.9408
22.671
26.6411
17.0661
18.0145
18.5435
31.0668
37.3856
20.8135
22.021
21.6889
25.7542
26.9511
31.0085
25.005
34.7078
29.3918
26.8038
42.179
27.3839
31.1932
30.778
35.959
22.671
29.577
24.0492
22.9345
23.5273
22.0736
23.864
33.1972
20.6512
24.6728
26.0006
20.9114
23.2864
23.9522
19.4213
42.1574
26.2999
38.4156
20.9244
21.2528
25.2409
20.8785
19.9527
21.2651
21.4706
21.1155
21.8768
21.4049
20.7295
22.4706
46.4373
28.495
21.6534
23.0596
22.4055
23.9844
23.7517
31.6512
23.4893
34.8617
24.9477
27.7535
24.6075
23.4405
23.3355
43.5851
21.5997
29.9119
20.587
33.7147
20.7344
37.8372
25.6824
27.6261
26.3504
21.5686
32.584
34.8482
20.122
36.9297
30.428
25.8917
26.7852
30.2106
20.1332
25.9726
17.6351
18.4536
17.8176
24.6023
20.0079
18.8212
19.1012
18.1519
18.6833
19.4028
19.0945
27.3746
20.7217
28.3336
19.4485
20.354
19.3748
32.3085
19.7929
39.1531
30.1641
20.7714
20.1837
35.5055
25.1468
26.5899
25.7156
25.6151
27.0409
24.7138
24.4143
35.2265
24.704
28.5848
26.7892
25.9556
26.6114
26.9988
24.8362
25.5348
23.7754
22.2554
22.5322
40.9892
37.1781
30.4422
23.3277
22.127
22.9585
21.713
32.5911
22.3937
39.2642
32.6545
21.5269
22.8862
20.8826
24.1793
21.921
30.9457
29.8901
21.6355
21.6291
33.736
26.7372
22.8384
25.1687
18.5112
21.0203
36.0301
21.226
24.0752
32.5881
36.4545
22.6861
25.0451
28.3268
37.3293
24.1313
26.7126
21.8919
21.514
22.0548
25.5999
20.1555
21.3474
29.8603
19.7173
27.5283
19.1078
20.2305
21.0538
22.5067
21.8544
43.2212
39.3538
26.0786
29.7185
36.1884
24.5562
33.0537
24.9232
27.5322
54.7603
24.5904
24.0464
18.618
33.4634
26.2482
17.9604
46.7596
37.4571
36.104
20.3997
17.9061
20.0281
23.1263
16.0137
16.92
15.292
15.1272
15.6795
29.3774
31.8576
18.6328
29.5795
16.0516
32.5634
14.9619
27.7868
18.0159
12.7964
28.9884
17.2338
25.8077
29.4591
18.6973
16.4254
28.8332
26.379
18.5568
21.6769
36.0506
18.9651
17.311
30.3179
17.2537
26.9984
23.5669
15.1238
29.907
16.6644
17.1676
29.9192
19.4096
20.4008
43.5818
31.1169
24.6048
21.306
21.5559
19.7488
27.4596
20.3342
21.3457
23.2774
21.1329
23.5351
23.2839
20.6634
21.6607
22.0333
22.2845
20.3235
23.5622
21.7166
21.896
36.7415
24.0865
23.2636
25.2893
26.9277
24.4101
22.2035
34.7459
21.0702
22.098
19.9985
29.5612
19.4839
23.7876
20.1367
20.187
21.0822
22.363
24.4232
26.8388
24.252
37.6287
27.6749
33.6469
25.5613
24.7368
23.3518
20.1136
20.9437
19.2595
21.9621
19.7224
20.0292
23.893
18.0187
18.6461
16.3291
22.8365
17.0618
18.7551
23.6371
23.8497
28.0946
29.5333
30.0539
28.3316
16.3119
20.1413
19.1399
11.6474
20.7718
18.4225
18.2264
23.6854
21.5191
18.1997
18.0513
21.498
17.5092
20.9905
19.3508
17.8916
21.1464
21.5297
18.4377
35.4049
25.027
21.0228
21.6704
20.0527
26.0823
26.7734
28.8612
60.9562
29.6591
40.5733
31.75
24.951
32.8514
26.1801
28.4439
25.6554
25.0331
24.752
36.9799
25.7053
29.045
40.5704
30.0438
20.7773
21.4596
20.6026
32.4209
21.0239
22.9107
20.7577
22.0575
22.5218
22.9897
34.7651
20.8195
25.4951
22.4683
23.0883
22.9061
20.8762
34.6148
21.0125
20.5702
21.354
25.2391
19.2458
21.3927
17.7435
20.13
18.5046
27.4424
21.0527
21.3748
30.7083
28.2015
19.8918
22.8912
32.8322
21.9426
23.5655
31.8851
44.7121
23.4265
24.6222
23.2629
22.606
23.2848
22.3029
44.5822
22.94
38.755
25.096
22.5305
23.4669
21.9231
24.3392
31.3741
21.0781
23.1773
23.6421
20.6339
19.2282
19.2394
31.8214
19.3878
28.2012
20.122
28.5704
21.2102
21.1592
20.6461
35.0655
21.2995
49.5207
37.1287
22.4933
26.1805
32.1338
24.9804
25.3869
26.3557
38.6643
24.9345
25.6708
27.8153
46.4152
33.8403
27.9466
27.5813
34.3337
22.6923
20.9824
19.9547
20.439
19.6409
20.2377
19.5273
20.5985
31.2286
22.1581
17.112
16.702
16.6386
17.2071
15.6143
23.1877
16.7572
16.5905
17.0518
36.8455
40.6024
35.6927
18.0602
28.7761
16.8981
25.0259
30.0741
18.047
20.4461
42.2401
24.9064
32.5688
18.924
34.71
26.1499
34.0772
20.1865
19.4247
24.5834
19.1191
32.2958
18.8308
15.0783
17.0737
16.6037
15.4424
16.301
16.0602
26.183
19.2403
14.6469
22.8702
15.4556
23.2044
27.5569
24.3531
18.8621
18.06
17.3008
30.5422
16.9747
35.4384
18.5219
21.2631
38.7752
22.6048
39.8369
20.477
45.0009
23.6947
26.708
24.2733
23.1841
22.0178
44.2339
21.5459
33.6647
20.5674
31.5626
22.2655
19.4114
21.7282
30.7414
22.2475
20.3968
21.5518
31.0105
19.0229
44.9291
32.8538
20.4
28.7745
28.166
21.3738
22.819
22.0862
25.1807
23.2252
53.6978
26.1429
26.6892
23.2426
22.0204
29.0132
27.3167
24.2652
23.109
22.3454
27.891
25.8406
22.3
40.989
29.5623
25.6011
22.9219
23.5952
20.9736
17.5609
26.6076
18.583
19.3155
29.5322
17.6289
18.0656
17.3842
31.3191
23.3885
21.4319
19.0325
19.0206
28.8032
19.7763
20.4022
22.0431
20.6707
17.7345
21.3228
19.5845
19.8995
18.9182
19.8463
20.7526
29.0211
21.0204
28.9253
25.8761
55.8599
30.7938
39.6747
24.9032
25.0114
24.8454
45.0952
41.2336
27.1761
28.2729
28.1692
28.0052
29.1685
45.9943
29.2644
28.2131
29.0866
25.8365
25.4476
25.2877
41.5683
40.3984
25.877
25.6385
41.1295
24.3475
29.6099
23.6901
38.0433
25.7032
26.0925
41.1002
26.4686
24.9727
25.0494
25.287
26.4989
24.8531
24.9993
24.5421
29.3933
25.5517
38.3672
23.6803
28.9171
24.7156
22.9063
40.7331
25.3533
35.0252
24.8363
45.3052
27.1904
26.8963
30.2832
26.1388
26.0935
36.9001
27.0789
28.5298
25.9342
37.3838
26.6296
42.1224
25.591
34.9496
25.2422
49.7128
22.6439
42.2864
23.9572
24.8029
24.4054
23.6933
26.0309
23.3922
39.5952
23.6256
22.1095
25.6078
24.2036
20.209
20.099
36.9334
36.8362
20.7416
20.6194
28.4375
32.4862
39.2175
26.5142
22.885
25.3555
28.2642
44.9552
24.2292
22.6404
25.7145
25.3356
24.6156
25.4823
24.9336
30.0584
31.157
22.9247
35.8182
19.2051
22.6935
17.9845
28.446
16.793
20.2744
33.1252
17.3423
34.4227
26.1126
21.1917
19.3992
18.4998
18.7605
21.2207
19.0977
23.9174
28.1466
22.391
22.3585
50.2761
39.0776
22.1196
24.2263
27.0627
27.0979
48.5909
23.8743
41.8034
22.7279
28.3551
21.082
21.536
25.4472
23.4933
20.7243
27.8915
17.882
21.9396
26.3604
30.1291
21.1988
25.1748
18.9505
21.6204
20.4067
20.3209
21.0661
23.2569
25.8209
20.7191
27.9817
20.1262
32.7709
21.3139
38.1424
22.2309
31.2727
24.3741
24.8465
29.2321
22.1943
28.7685
23.3397
22.9194
26.5382
24.7544
36.3211
40.4556
26.7103
26.7975
26.4662
28.0417
27.6438
40.0047
25.1204
35.1289
30.8946
25.4897
24.4876
41.098
23.6953
32.0645
23.2945
21.4966
18.3348
17.6017
30.7386
19.1216
21.1978
18.9521
21.5667
19.4759
21.3813
21.1515
20.0063
19.2576
20.3963
23.7053
20.442
19.2272
31.9124
29.9247
16.3588
28.3891
19.3736
16.8298
30.7938
31.921
17.5537
17.1554
37.1285
24.8403
28.4601
20.8454
40.1781
24.7229
34.8898
22.688
36.5814
24.0168
24.0239
32.5219
22.7115
24.213
23.4486
40.6453
30.315
23.8154
25.8956
21.96
27.1678
28.9918
25.8185
22.4824
28.1221
24.0675
24.6265
21.9149
24.3991
24.0403
23.6433
31.5058
34.7311
24.7502
26.4045
24.4419
36.1608
23.1445
21.0899
23.9795
23.6915
24.9036
42.359
43.0196
23.443
26.0138
23.8838
22.2184
29.4821
23.7619
43.3721
24.0464
25.0544
22.3631
21.4283
20.2811
21.1069
26.5422
20.6077
21.1402
25.1803
23.6856
23.951
23.2687
22.7917
21.6803
28.9835
23.017
26.2983
28.2501
27.4106
21.0224
23.3476
24.0239
36.1311
24.5485
27.0677
24.8013
45.8547
31.3694
26.1682
28.5026
27.3623
29.8615
28.2061
38.6199
25.3564
26.8809
44.3556
23.9605
25.3434
21.9316
23.0022
21.6818
33.1111
23.3852
22.4518
24.0029
21.1573
21.8952
25.0677
24.2154
22.6574
36.2892
21.9021
18.3884
17.8067
18.859
19.5618
21.7687
17.6226
23.4262
18.9884
21.0497
23.6373
21.3657
21.603
21.8817
21.7333
29.5956
29.8854
20.9505
21.6622
22.2539
21.3046
30.7217
28.853
19.2787
19.61
19.3925
18.3933
19.7975
17.6213
34.5531
19.6286
17.8941
24.7895
18.1721
19.182
21.1225
16.3536
16.6
35.8807
25.6299
18.5722
21.4069
21.3093
21.2021
20.1334
24.8249
20.6143
36.1768
20.4547
20.73
20.9986
21.0538
21.7625
24.017
21.2619
22.6723
36.9858
21.0651
23.7929
22.9975
46.8415
21.846
32.0511
33.6536
30.1915
24.0663
35.8156
22.1847
22.6401
24.5445
40.3235
22.1968
41.4125
21.924
23.5666
35.0364
23.0864
37.8836
35.7846
22.6906
19.7187
27.2859
19.9557
22.2911
21.5827
22.5653
25.7467
28.3171
20.565
20.5149
33.964
21.8039
19.0668
22.0582
21.0061
22.9815
22.3278
40.8329
23.9093
18.4434
30.4024
18.9513
31.8413
26.998
19.7867
19.245
30.0295
19.1422
25.3908
33.9663
21.2411
20.6264
20.8087
24.9313
20.8909
41.1179
22.5645
37.7889
29.5851
34.4064
22.557
22.9279
20.5117
21.4903
19.8208
19.5914
36.4704
19.0559
25.8844
39.5922
20.4295
35.7016
31.8267
19.1875
37.0121
39.904
19.8938
23.6018
19.7852
20.235
23.1173
31.0959
22.2627
23.6157
28.021
21.9935
18.7123
19.7961
37.139
47.0923
22.0926
25.1778
25.1017
29.7678
29.3781
38.6733
25.4983
23.6944
26.3163
50.362
24.0382
22.7319
23.4492
23.9804
24.5356
25.0933
25.7088
37.5602
51.1068
23.048
39.0721
22.4135
22.6655
27.2817
37.0142
21.2174
20.4712
26.8729
22.6618
20.3696
18.4736
42.0119
21.6519
23.9255
23.7283
28.6088
20.293
21.2243
22.5703
37.3879
18.5296
22.7324
21.6028
20.8749
18.6461
30.4671
18.9994
20.7004
20.2172
19.1675
39.3303
19.4978
30.6437
19.1639
19.4233
19.1028
22.8061
18.4669
33.0079
35.7756
18.2733
19.0425
27.9669
30.6375
19.5398
19.6835
23.5341
18.7883
20.3582
18.7716
25.0446
20.2765
21.1545
21.4048
19.8588
35.4107
25.312
23.9785
21.7055
24.6101
63.4865
28.5257
29.278
26.6987
23.7077
23.4018
22.3407
37.345
23.7054
41.63
26.5462
31.5127
23.7999
35.268
23.8164
47.0653
25.4009
28.5628
22.5663
21.4989
48.0243
24.0188
36.8295
50.8842
25.9578
31.3216
20.5999
22.1925
21.2497
22.0576
24.0951
21.1334
20.7991
20.6144
34.5428
36.6582
28.7618
21.0823
33.9194
22.884
21.6384
21.8713
23.4113
31.1808
38.3073
23.9464
19.9349
23.6901
29.5039
23.0176
22.3375
20.9184
38.5952
34.3578
31.9596
22.3464
21.0899
42.2607
22.1606
23.0757
22.9889
37.4053
25.1338
23.2951
33.4746
25.5706
42.1752
25.037
27.6204
24.5915
39.5729
37.6408
27.1216
25.3731
29.847
23.756
23.2482
22.2972
42.6042
23.7317
23.0854
22.8966
23.2354
31.4276
37.4776
20.3996
25.1988
28.579
23.5159
39.2872
20.2684
22.4815
22.5775
27.4323
17.914
42.7239
31.7068
33.2124
18.8888
24.9104
19.7836
22.8101
26.187
24.0423
27.9895
20.7929
22.0379
37.8031
36.193
18.7816
36.3408
20.6507
36.8907
35.1818
22.2093
24.696
19.7701
31.2362
21.8984
36.0276
21.0696
28.9465
22.0181
23.2737
44.3636
31.3516
23.3973
26.0399
26.813
26.6375
40.8106
43.2015
29.0163
39.5089
28.9237
28.349
30.3372
29.6745
57.2297
32.3505
30.3839
29.8319
36.0061
26.6079
27.4984
32.1742
32.5208
26.5372
30.9381
33.625
27.2055
29.7032
30.0164
31.2164
30.1036
47.344
26.7767
42.6887
46.6157
25.5513
26.3254
26.8237
25.7542
26.4699
24.6654
41.8678
33.4312
40.953
25.4899
26.7115
26.6174
26.5262
37.0924
38.7079
29.9568
27.4292
28.6571
29.6511
47.2817
46.3999
28.6314
27.4186
29.5664
41.366
29.4474
29.3331
43.2474
51.657
36.6378
29.9053
28.7729
30.5887
28.1122
54.6554
33.1651
44.5667
26.5458
41.4002
25.7508
29.1939
30.571
23.9505
22.4323
35.6886
23.7858
23.6714
22.461
33.2313
18.6553
22.0552
18.5958
32.108
35.7551
17.5715
20.5728
17.934
18.6942
18.5575
22.4384
19.0174
19.2917
24.1863
18.497
19.5979
31.2896
18.1394
20.4691
17.8523
18.8377
18.5111
29.8938
36.9752
18.0204
18.1782
19.2407
18.1768
19.7009
19.6178
23.5289
31.002
20.8578
17.6382
19.4058
19.0921
35.2714
22.6542
30.6708
24.3613
19.2407
24.6886
20.2288
21.9056
20.9596
20.0435
24.8367
20.8539
19.3858
23.0159
20.4041
19.7109
37.5492
26.557
19.9409
18.5627
17.4659
29.431
14.9132
31.1402
19.3483
12.7465
16.2581
16.2473
16.4511
16.0642
17.6073
24.4093
22.0351
25.8221
15.9922
27.1519
23.4865
25.4208
19.8037
17.0602
17.3457
29.8069
17.7833
44.0082
31.9107
19.8808
24.651
24.3379
34.1153
24.8447
26.8615
27.6489
25.3092
26.2483
25.8064
29.3816
26.3272
27.7
29.5661
48.1822
38.4915
31.743
30.9373
27.1384
45.944
36.9184
43.3392
28.4743
32.3518
35.8867
29.7197
32.6636
38.8315
49.4445
39.881
31.0512
34.2896
29.9076
29.8353
46.2157
33.0861
29.8407
29.3126
35.9979
27.3474
31.545
27.7006
28.406
26.8672
25.5635
26.4861
22.8012
21.944
22.7453
20.1905
20.4321
20.2077
19.9122
17.4453
18.9957
18.1876
28.6604
17.6578
29.5064
29.6537
18.8969
38.6698
32.3707
18.8125
24.8647
17.1828
35.1192
18.8931
27.7847
20.372
25.2838
21.555
31.0975
23.2327
22.9898
21.8111
22.8322
23.0179
30.4478
37.6395
25.0678
24.1667
25.0505
22.7852
24.1847
43.5607
22.1331
28.419
25.9425
28.8478
22.6114
29.5951
20.2581
30.8369
19.2421
22.945
22.0299
21.6063
40.6446
39.192
25.3248
44.4659
32.8713
22.8293
23.5075
21.844
20.5833
21.0155
23.0225
23.3782
23.8049
24.3894
29.8357
26.5906
24.7604
27.9173
29.9377
25.0354
25.0185
23.6412
21.341
25.8119
32.8363
24.2092
19.0754
18.3284
30.3141
19.7947
22.5087
19.4205
24.2503
24.1292
24.0442
23.3647
29.6515
29.4491
44.1939
26.7015
23.3796
24.6615
20.8786
34.9435
22.5869
23.0562
21.7851
42.9462
21.8068
24.1156
22.4861
22.1105
22.5735
25.1836
22.4337
21.764
40.5649
35.2901
22.3484
19.2346
35.1229
21.9222
21.3263
25.7172
18.9952
20.8183
21.0288
23.3641
30.1277
22.8245
23.9958
24.5609
24.0119
27.4058
24.7003
27.9628
29.2822
30.1954
34.7666
37.6142
37.9858
37.6856
40.6588
35.8254
50.3329
36.7334
36.2304
38.3234
33.7823
30.6588
27.23
37.1901
26.7327
31.6654
24.0316
34.9949
22.9832
21.1501
21.9739
23.1882
18.5358
22.5163
30.6054
23.1137
20.336
30.9209
20.3409
26.46
23.7459
26.6811
23.7455
21.9541
30.2299
31.666
22.2061
25.4467
22.8219
26.6959
24.2287
41.4288
27.2573
23.8664
25.6744
30.2918
23.1755
31.879
25.8703
23.7041
23.7583
24.7559
24.3061
39.8163
33.5852
22.5841
21.4997
35.4687
17.6503
45.9044
32.5366
16.0364
24.9797
15.9925
15.7108
17.3041
16.4289
17.1233
15.8887
26.2091
17.8653
33.7655
19.1908
19.3789
36.0468
36.8315
21.4412
26.1063
30.3576
22.7729
21.0579
36.731
26.5042
32.9575
20.284
22.024
23.8052
22.5989
33.4615
24.1771
23.9225
25.7949
25.621
22.9083
43.8111
20.9967
30.5142
18.3952
23.3472
16.9434
17.7009
16.4829
17.0221
18.5534
19.0679
36.8855
19.5487
43.8301
20.3641
39.3795
23.8294
20.8515
29.1652
23.1053
21.3227
41.4583
28.9972
22.2181
23.224
43.8407
26.4125
25.6175
24.6277
24.5472
27.4569
24.5947
37.0791
21.3286
25.7237
21.6556
28.412
32.1278
21.231
21.3264
34.5124
21.6513
22.0309
20.9206
24.6719
21.0185
21.0184
20.6821
20.0942
19.0398
27.3786
19.3793
36.8208
19.6452
18.7507
18.9673
17.7612
34.3605
19.4078
26.2131
18.1835
35.9754
20.8591
20.5279
46.7232
26.6446
22.7991
20.2519
19.1919
34.4753
20.4984
29.4946
18.3607
23.3505
18.5933
17.9516
35.3201
17.5878
35.2199
17.4013
25.1784
16.1626
23.423
19.9675
23.2486
20.5007
19.3264
21.3135
16.7719
19.6811
16.7663
19.3963
17.6042
19.4045
35.6802
22.1793
18.7214
19.322
23.5078
18.677
28.3103
21.6716
18.4232
23.5325
18.1184
19.094
34.6511
20.5755
19.6657
31.7095
19.1042
16.417
20.9464
18.5471
16.5879
26.0065
17.2569
29.7361
17.3915
24.8862
17.2494
16.2163
17.3037
16.7396
39.2483
18.9908
19.2438
16.9146
32.7269
23.2766
27.2653
18.4513
30.6352
19.2815
21.5226
28.8446
19.914
25.7763
36.2886
23.1806
22.5552
19.2329
20.8724
31.5172
22.8413
28.6206
20.2086
20.4495
19.4866
20.0607
21.5118
43.551
22.3639
32.6201
25.2595
37.7429
23.2934
25.2634
23.2193
31.4997
23.2746
22.9649
23.913
42.4753
22.3827
23.4433
23.3447
39.8476
23.9032
48.9849
27.2119
33.2427
36.0842
32.0751
26.966
24.4598
26.8163
26.9105
25.9576
27.6918
22.7086
20.793
34.2427
20.1054
34.5313
23.0608
22.1695
24.4654
22.5087
24.1814
24.3686
33.648
24.9314
27.2959
22.4676
23.3698
23.9241
25.2244
23.5377
36.9519
23.8409
42.327
43.7489
24.5932
30.5706
28.1371
27.2345
36.4696
22.8962
32.4958
25.2853
35.6253
45.8143
35.3716
20.3979
44.9825
23.045
32.5519
23.6722
25.1279
34.0915
20.1383
27.7904
18.3462
33.0685
19.1441
19.1493
20.3604
19.779
24.4194
21.0363
25.2131
20.1561
23.4556
20.4764
19.9966
19.8331
29.199
26.2855
35.5265
19.6174
22.4334
20.8772
26.7407
20.8622
20.9701
21.0671
23.0946
24.8602
21.68
19.5046
36.2121
22.2768
18.8778
19.0178
23.5895
18.6775
20.7832
18.5951
18.7468
39.4893
19.2032
17.8241
33.5051
21.5541
28.1739
20.6557
19.617
17.3857
22.2732
19.767
21.1161
21.239
38.7651
23.3005
24.6452
26.5802
35.1074
41.1727
25.3923
26.9534
37.2783
24.0903
24.7243
27.3862
30.718
35.3631
26.5154
23.3359
22.9666
21.9968
19.7089
30.8276
19.5774
20.1916
30.6987
36.189
22.1078
23.8277
25.3996
26.6499
29.6791
24.3272
23.9993
24.2351
22.5461
22.6132
38.5604
22.3806
22.4024
36.1724
31.5007
37.4601
24.5161
25.8803
27.5212
26.4454
26.3997
39.001
39.6288
44.9166
38.4134
24.9814
25.18
27.9283
22.238
32.942
29.8548
23.7094
23.143
25.0703
24.7984
24.4949
21.0689
40.0638
35.7225
22.7863
23.8466
37.7816
22.6127
33.0373
23.5839
26.7009
23.9088
30.2278
19.7255
32.6428
18.9826
41.9919
17.9126
26.7387
36.2447
16.3357
37.1852
19.728
33.8969
17.178
28.416
32.5348
17.918
28.2027
22.8231
18.6819
37.8823
21.7887
25.3436
22.391
42.0906
24.1029
28.3098
31.3525
31.513
34.4742
31.3164
29.3282
49.8875
22.3213
27.8364
18.0389
23.6332
17.7202
27.6836
20.2258
21.3122
38.5246
28.9424
22.1906
24.1899
23.1127
21.0452
32.5997
18.2609
20.6459
19.4158
17.9561
18.3161
17.3803
35.3848
17.8205
17.6618
17.9228
16.7983
15.4689
16.3608
15.6872
19.8534
17.2007
28.9389
16.599
30.5055
36.3054
31.152
23.5995
18.606
18.6346
23.2458
40.307
18.6572
29.3404
24.513
18.3756
17.1365
33.9631
19.4907
24.1515
30.7384
22.0325
22.1726
25.232
21.4229
20.1993
35.2055
21.9796
28.4658
23.5275
20.4066
38.0792
20.4938
29.1242
20.0193
20.3257
22.7826
19.884
21.0641
20.0547
19.4602
28.6479
19.9665
35.4512
23.4256
24.6612
22.3222
20.5804
19.726
20.0683
21.0123
39.7917
42.968
50.2503
42.7096
23.0791
27.5836
27.3833
22.354
21.451
21.1735
20.1133
27.3493
33.9618
20.3435
20.3464
39.4598
34.8243
24.5592
20.0731
23.4403
27.5419
21.2355
21.0436
22.4007
22.6875
21.7772
22.556
25.0364
50.9193
22.782
42.3876
28.8956
39.4116
25.6174
54.4721
43.8961
26.7487
28.3965
48.937
24.2911
43.7508
22.3267
31.1649
22.1077
23.0902
22.0601
32.7527
25.7489
22.9322
24.9695
22.4489
21.7592
23.0382
22.4389
31.5049
22.018
21.3327
32.7472
22.8266
22.4367
23.2221
23.5552
23.4677
25.0379
25.1788
25.3658
48.3826
24.9787
34.04
29.3984
31.918
30.2832
30.6303
44.0163
31.2361
31.4617
26.5867
27.9328
27.0995
28.567
40.4516
24.4007
22.9171
23.4668
37.2286
20.0456
33.7355
21.9041
32.9168
21.444
27.1265
28.4822
22.0022
21.4386
22.5455
25.5429
31.6711
38.0886
22.438
22.0169
27.6773
25.6367
20.1345
41.7806
22.263
22.0619
21.8261
21.8317
20.1964
22.5074
18.9317
21.0748
39.2546
47.9443
25.7704
37.4323
21.4806
21.0735
31.8551
21.7044
40.4395
28.7152
34.1121
45.7272
22.9055
21.0027
24.1378
21.8914
22.0122
21.8781
19.6406
22.376
18.6825
21.374
28.298
25.8373
25.4313
28.5714
26.1858
27.4229
25.6695
25.9382
27.0443
22.9193
38.3963
21.9881
20.2707
24.0361
23.2
22.4107
43.3444
30.9596
18.6647
21.8971
17.9361
18.575
19.2928
18.6238
38.4305
33.9859
20.5751
23.8062
26.1233
23.4416
25.8416
22.8059
22.4109
29.3238
21.0587
21.8621
22.0338
30.364
23.6226
23.3382
30.4764
38.9895
25.0506
25.5214
26.061
24.9743
44.6427
24.6
29.7025
20.8733
35.8732
30.1392
34.037
22.5921
23.1174
21.9829
20.3449
27.6473
30.0589
30.264
20.4937
32.6632
20.9348
30.1124
19.4567
23.8375
18.7409
34.5612
19.967
35.8632
19.8244
20.7682
19.7381
21.5653
21.0883
27.0112
21.3689
27.0765
19.5536
33.98
18.7183
23.8908
36.2555
21.6649
28.1893
24.2497
21.7628
22.6061
24.6868
31.1797
19.2971
44.5633
20.4244
39.9414
20.2597
28.9556
34.8759
36.8432
21.2514
35.6582
19.1656
19.1989
35.9251
17.8898
26.4146
20.0384
17.8036
21.5096
19.41
19.7829
18.7754
19.9088
19.5852
40.0737
18.2475
26.2513
18.0894
23.4937
18.0299
17.7101
22.9191
19.5221
20.0652
20.6689
19.7734
20.7821
29.9326
27.3548
19.5981
22.0314
18.8342
21.2843
23.3628
21.5952
23.5654
25.0661
36.7732
24.6683
38.6611
33.7344
24.1498
38.435
22.4375
30.1435
23.6093
26.1674
35.4142
22.9749
32.9886
32.8744
24.1772
22.3507
23.5564
34.3489
22.651
21.2053
20.2851
21.0863
24.295
21.34
20.7134
24.6731
21.5589
21.3936
20.9667
31.8438
20.0306
25.6456
22.8447
21.7423
21.536
21.758
20.208
17.8048
28.3256
35.3164
20.0939
20.9858
19.585
18.8762
18.4629
20.965
17.8236
26.4866
24.8708
33.2809
18.9893
19.0759
18.6416
32.2181
17.4377
21.9022
18.5922
16.4683
23.7242
19.6949
18.1784
40.8129
28.1568
21.9203
23.8132
18.6412
34.7393
17.7634
40.0416
20.437
23.8055
21.0018
22.2523
26.3216
21.2573
21.1824
22.8127
22.9736
23.0539
22.1117
29.1982
23.457
28.5395
26.7444
21.5704
21.98
27.7705
41.3421
24.6801
24.9905
24.3446
21.3094
31.5616
21.2411
20.7369
22.3807
20.8305
40.2106
22.3709
19.5537
39.5863
38.9784
21.7447
26.1239
32.8321
21.0965
35.3396
30.861
20.4823
22.196
24.893
35.599
21.2082
24.4597
20.9918
38.1339
20.531
37.5777
40.8973
38.1143
21.3502
19.8687
19.2003
37.5191
31.075
18.5371
29.6247
19.6771
37.8924
21.4473
39.7053
22.243
24.5646
35.8178
23.1237
30.9047
23.6952
39.6671
24.7457
30.5412
36.3992
22.7778
28.075
24.483
25.1749
35.4499
30.9305
33.4934
26.1453
27.913
28.2967
28.7599
26.2969
25.0962
24.9294
26.2862
25.2766
24.9694
25.8305
34.9886
23.6915
25.207
22.3128
21.6915
22.5885
24.3995
28.4386
21.7536
20.4639
21.9948
20.4686
18.2358
31.3687
18.7967
29.0413
16.4828
17.013
30.6041
16.7198
18.3537
18.9149
18.8367
18.7063
24.8203
17.7428
23.2164
35.5642
18.592
29.8426
20.1788
19.5394
27.7946
19.7288
19.2422
20.2868
24.9007
18.3649
34.1396
30.4798
16.704
18.2291
19.125
16.2282
17.0748
15.0203
29.5716
20.9753
23.3559
14.938
14.9723
14.2326
13.802
13.8681
14.3449
13.3959
20.1154
13.545
16.6133
15.1767
20.7546
15.3245
21.1411
15.578
20.9155
23.3364
20.6351
22.5236
18.8254
35.3257
36.6638
20.944
22.8088
21.5174
21.0037
20.6887
30.4248
21.9359
28.2795
22.2183
24.4981
38.7209
32.3089
19.4031
39.3067
25.8717
21.7901
21.1738
20.4876
26.6136
21.0252
32.0384
23.027
21.5568
20.2902
21.3422
19.3987
18.513
21.2494
35.5106
47.7932
23.7111
26.6601
26.3361
19.2741
20.1708
21.7431
20.4139
20.7003
19.605
18.8504
28.3605
33.7582
20.1041
18.3512
22.2676
16.4614
23.7127
24.2493
15.8819
19.7803
16.0347
18.5144
28.282
22.6014
18.0125
19.3754
19.1874
35.4506
21.907
23.4648
26.7486
26.1449
25.8792
23.1125
22.9068
22.0454
21.6859
23.8568
25.3164
21.8087
25.0132
27.105
25.1701
21.5309
20.6807
34.8004
20.8946
20.5165
23.0874
19.6516
24.1558
19.5939
20.1645
19.8453
25.3301
19.6432
20.2896
25.3627
20.0401
18.0868
30.6114
18.2295
24.4069
21.8265
20.7239
18.1307
21.7154
22.0568
20.036
34.8135
36.685
20.9134
30.8522
30.8114
19.1327
33.493
19.9419
18.6503
34.0761
19.4425
23.561
34.1192
17.8803
22.461
17.4247
22.875
18.4523
19.0989
19.4422
16.5497
21.0243
16.3294
23.7133
18.1343
23.0382
24.773
19.2652
17.2225
18.6022
34.5028
35.5481
20.1803
26.9537
22.0235
23.9044
29.8897
21.9989
35.9566
26.9176
24.6009
22.9474
23.3887
22.8782
32.5671
20.975
31.0911
22.7401
22.0444
37.8956
23.9546
22.1826
21.0517
24.4004
19.3983
32.4165
27.0532
20.724
20.6299
36.6147
20.8824
41.9349
21.6743
32.5735
37.735
26.9681
39.9843
26.8742
24.802
27.2905
23.9556
23.3569
39.2038
24.5234
40.0286
23.3424
33.5384
22.9717
23.5486
19.6462
37.2258
19.8242
42.5649
20.4767
22.2681
29.5057
21.9078
27.2536
26.9027
44.4024
24.6588
27.1636
26.355
25.7949
40.7785
44.2877
27.4571
23.8481
24.4346
27.0433
25.9411
27.1963
27.2961
27.1252
25.8418
56.3943
39.8977
24.7096
46.5907
25.9268
34.493
29.6094
28.6373
27.0429
47.8445
24.6077
46.9337
24.7925
21.6945
18.8588
32.268
20.9276
21.6739
35.9559
21.4888
20.7278
29.466
21.4676
37.3185
21.1667
21.6625
20.0045
19.1505
19.6416
19.6802
17.9772
32.7023
25.7968
19.96
30.2381
17.8959
21.5187
22.7268
27.0118
18.146
34.4133
20.444
37.3393
22.6044
18.68
22.0763
22.672
17.2516
31.252
17.7712
32.1958
18.3879
22.6765
29.1613
17.3309
17.3379
25.9092
29.8949
28.6849
20.5643
21.6099
21.1963
20.5297
22.0232
28.2239
45.0196
22.836
38.6701
22.3125
23.064
25.2538
22.8609
23.2332
23.9068
29.9336
27.3789
24.3448
26.2616
28.9069
28.2184
29.1885
25.5441
27.0577
36.251
24.3598
24.851
25.0245
24.7401
27.952
37.9857
26.2221
40.2524
25.5662
25.3257
21.6184
22.7237
20.3928
35.4256
24.4095
21.1511
21.5238
31.8547
21.8963
21.0149
33.7333
29.4569
21.4302
21.0538
29.8367
18.8515
19.5923
18.7589
35.0711
18.8223
27.666
42.1896
21.7778
20.2486
18.1915
40.1155
29.0363
18.5117
20.6283
22.5699
20.7424
22.2039
21.5813
20.9009
20.6991
21.4291
19.8591
18.8213
24.5132
23.3564
42.3082
35.8661
21.5904
24.453
22.6474
23.6978
22.0111
22.6531
22.7874
21.9797
36.7722
21.2008
32.5331
21.5137
37.5669
42.2953
20.45
36.988
27.7191
25.859
19.3359
27.8935
19.932
35.8267
18.5518
40.3792
19.153
33.7055
18.6535
27.9022
20.3786
20.2619
20.1844
32.5395
20.2655
23.2538
21.1291
20.2059
22.3319
18.6946
17.9103
19.4389
37.1453
19.941
44.3781
25.311
30.432
36.091
27.4973
22.37
22.2226
23.0373
23.8859
23.1643
37.2526
24.8411
24.534
37.813
33.0705
23.8507
30.3235
24.0576
27.0114
25.3134
25.7671
24.5759
23.587
28.3247
28.0628
22.4181
38.1477
21.9806
22.9865
41.2622
22.4001
21.3109
24.9465
20.5779
44.5539
27.4556
18.1212
42.2809
22.5684
19.3584
18.5023
31.9382
31.7611
18.4297
20.0588
19.3108
20.1422
18.6792
18.1495
19.6656
18.7834
20.38
21.1602
21.8356
41.512
26.768
22.3284
21.9729
34.2793
35.6489
21.1982
21.6634
36.6214
18.9645
20.5202
19.193
18.7304
19.6949
18.0714
34.8232
19.0613
19.8172
20.4237
18.608
23.5938
20.6476
22.3443
21.2879
29.3362
22.7675
27.3093
31.6063
39.7158
24.8673
30.1008
31.7825
31.0715
30.1113
42.3882
43.8452
30.6682
33.5552
42.3282
31.0348
33.384
36.1466
50.3843
29.779
31.2749
28.1892
48.2502
28.7612
28.5474
28.1192
37.6356
36.67
36.6736
25.4104
24.9209
24.4339
20.8776
31.6115
18.8543
25.8123
19.5129
19.6992
45.5046
22.1341
18.0452
18.9809
18.4074
32.3416
40.0645
43.8523
23.8769
21.6397
23.4381
24.2211
36.7986
22.8785
27.2873
23.1756
23.2287
25.0925
22.2871
31.0384
22.9547
21.217
21.7575
24.3903
21.9047
35.049
36.5262
19.2929
26.8553
19.8345
34.5885
19.5304
33.4614
19.7619
34.43
19.4584
24.167
33.1092
21.3265
33.733
18.5472
18.3351
34.7787
26.9001
20.5162
37.625
19.4642
26.5771
22.2381
20.3364
21.5277
22.7122
35.2783
22.1755
39.6106
40.8242
21.0855
17.0848
17.2879
20.2663
19.6425
33.3725
19.5525
19.2395
22.4454
20.1868
20.9009
20.9519
30.834
21.7548
23.6674
22.3156
21.7763
42.2342
21.2844
43.0492
22.1328
36.1536
19.604
38.6295
21.4121
24.2921
24.1776
24.5674
40.5329
26.0138
25.0235
24.0473
25.5391
23.917
24.7468
28.0996
25.5553
25.7604
35.019
28.469
18.8251
30.0677
19.3737
20.2703
18.4058
18.3662
18.8738
18.8931
19.5841
32.6228
18.7999
19.8113
18.7501
22.2681
22.0685
22.2209
21.0538
23.7841
20.8125
24.6225
20.6604
29.0653
39.0459
19.2605
29.7663
16.0464
16.9278
31.9189
16.4738
19.9429
18.2933
19.1127
30.2279
36.3331
18.3624
37.9771
20.8291
43.6764
20.0508
19.6777
25.4707
16.0447
19.109
19.2351
18.129
18.3433
18.5419
18.5228
24.8562
22.6568
21.336
23.802
39.3885
23.1626
26.4696
22.3507
38.6661
21.4623
34.7544
22.7021
35.4538
21.4334
21.1425
31.8121
23.0828
21.2842
37.8126
23.2805
25.0399
42.1754
25.4983
40.6975
26.1634
26.7878
23.8713
29.3361
29.4327
23.5113
25.0612
23.8347
21.1988
21.8047
21.7437
23.9302
23.3503
27.5674
21.4889
21.6548
23.9563
20.4355
43.0223
22.7846
32.8543
19.5074
25.1394
20.1747
24.7893
21.8994
24.2507
23.5395
23.0771
24.6791
36.9687
22.6792
25.2534
41.1225
25.0063
22.7796
32.1141
45.9825
26.0721
24.5666
23.7139
18.2164
18.4616
19.4887
18.6798
18.4168
20.1977
20.7921
21.6003
26.9725
18.5341
19.0974
33.2904
31.6066
20.3134
21.5178
24.8396
23.9054
23.2289
24.7101
23.7722
26.3725
26.1897
31.6012
45.5704
28.8256
27.4573
26.6346
23.6958
21.9617
17.5747
38.5647
35.5676
34.2717
23.4039
20.5289
19.6761
20.3951
35.8885
35.744
21.5407
20.9832
26.731
21.346
38.2465
20.757
23.9216
21.3981
22.0007
20.9269
34.4802
22.0165
20.0637
21.0211
31.6495
22.6171
24.394
21.8988
21.2392
34.2278
23.4965
36.6683
24.575
26.4178
24.2428
23.2527
24.6031
22.6329
21.5816
21.6598
20.6497
21.2377
22.8545
28.5299
26.6395
33.6012
22.1815
22.5911
22.9763
32.8263
25.2353
28.7491
43.0396
27.0799
38.4808
31.946
27.2106
30.1639
27.9064
43.8894
22.4857
23.594
22.8821
40.1359
24.7634
23.7423
27.4805
26.9212
24.5723
25.9886
24.1938
29.2712
22.7482
31.707
32.7222
30.2292
21.5944
37.6497
21.2512
32.0001
18.7913
35.1736
19.5832
36.6496
22.859
26.7469
48.7408
27.4845
23.6532
21.5317
33.0268
27.4554
23.1087
28.4466
26.132
24.5837
42.8383
26.103
25.9912
24.0068
24.1606
24.0688
23.3135
23.8953
22.8653
36.4911
35.6199
25.4918
21.681
37.8335
21.6322
22.0014
21.5216
37.3007
20.8668
28.0444
36.3835
26.779
19.4784
42.1778
25.3676
43.7096
20.9299
31.4813
23.4533
37.8458
22.8841
42.5865
35.9134
25.463
39.0319
37.5423
34.4893
36.877
36.4645
32.4564
33.1691
33.2775
31.2207
27.3245
43.3072
24.0598
41.1631
25.5957
37.6989
22.1938
31.0301
21.4093
22.6067
19.159
21.8055
20.1308
21.6748
22.3284
25.9667
21.8636
39.1171
27.6634
23.6201
23.0025
22.7738
22.7797
30.2893
23.2278
22.6627
37.0911
36.6727
27.3559
21.9557
39.7119
26.6384
25.5639
25.9803
32.8602
19.6823
18.082
18.1503
24.5402
16.1479
16.5207
17.9808
16.0313
26.0323
37.5301
20.5673
18.4054
18.5327
18.3154
19.1054
33.3118
30.6503
27.5645
18.9962
32.9271
20.362
23.2114
20.6378
19.7618
18.9896
20.7268
30.0984
31.5676
28.805
21.0707
20.8699
18.3237
18.1127
17.6256
22.1124
18.7612
17.7729
19.4723
18.9542
17.3848
42.891
19.58
32.4792
17.4097
38.4275
19.3638
29.1263
17.8871
25.1885
20.9815
16.6827
17.553
23.9296
29.7316
24.0772
24.4938
23.1479
40.1585
23.5166
34.4197
30.8147
23.4734
28.8272
40.1741
26.7624
43.1336
28.7895
44.6034
34.2474
47.739
27.5259
29.4384
25.7265
37.605
27.116
25.9876
33.0507
23.1608
24.2404
24.9805
26.4663
22.9472
33.1444
34.9426
22.6586
22.6869
24.5148
40.1881
23.0532
20.9217
32.0817
23.9069
26.4954
33.3049
24.1197
26.2721
37.9687
20.8723
25.0393
21.6489
22.6812
26.2467
23.8331
31.6655
22.72
21.2255
23.4763
20.3128
18.8276
28.6827
16.6735
34.4239
16.0271
17.0046
15.3199
20.6006
27.0466
13.96
28.0192
22.6426
22.7862
16.797
31.5356
23.7248
19.2732
17.4485
17.0872
18.572
16.9428
15.8168
28.7818
16.869
33.8673
16.6956
23.2198
15.9497
19.3144
28.5413
18.8855
33.5546
33.8556
17.1641
25.3936
20.5939
18.9904
19.4402
20.8047
18.6188
20.5731
29.0761
18.2819
34.5812
21.4671
24.8754
15.9911
23.2938
16.6407
29.0627
14.0871
17.5436
15.8275
22.1152
18.1001
28.5218
21.4038
32.5905
20.028
29.5568
23.0048
26.7903
40.3491
35.4623
20.7153
21.7662
31.5853
21.7869
30.235
25.3392
40.63
20.6918
23.1185
23.9245
22.6677
26.4268
21.2807
34.1075
20.0641
27.261
21.3099
30.3845
16.8586
17.9124
30.1929
16.8494
32.3956
18.0458
29.9333
17.0248
32.1354
34.7219
18.8043
20.3708
19.8004
18.6478
19.5604
19.2567
20.0112
35.3982
20.797
32.2079
31.4059
22.2647
23.2821
25.0598
27.6441
24.5588
25.2628
36.5598
30.7687
25.3714
23.3316
24.6889
25.5883
22.5502
22.8903
22.7021
22.4503
37.6384
20.4971
33.9983
20.0997
21.8514
35.6168
20.3258
22.2771
34.6126
20.2538
26.6252
19.3148
18.6451
17.8112
19.8078
17.6432
34.9273
27.7523
30.7839
27.9769
27.2987
26.3093
28.0009
50.0462
27.2481
22.0289
34.4237
39.2944
31.1926
21.8544
34.071
22.5102
30.6242
21.1819
37.9187
22.4852
21.7696
22.7176
37.3623
21.4459
22.8003
22.6577
19.7599
34.9103
37.8137
30.1016
18.4343
24.6597
23.1652
20.1305
37.1682
20.731
19.8285
21.9309
19.9949
29.515
36.0382
22.6823
17.0329
36.0949
19.482
42.4615
20.5717
36.4547
29.0161
26.1852
28.2337
24.7579
22.3717
29.2467
24.0045
24.7302
25.8904
24.8802
40.1727
25.176
27.0333
25.1288
23.4313
23.1856
41.4465
21.0585
41.3117
30.7224
35.8734
33.7918
18.4472
19.4819
21.5255
31.5763
21.1413
39.1573
23.7168
23.554
20.6908
29.8398
22.0681
34.0024
21.6446
24.9129
26.7138
22.1657
40.5471
24.4202
24.9634
25.3549
34.6703
25.4169
36.5573
26.543
41.937
28.0127
25.6851
25.4776
42.7325
34.7372
22.3598
37.5572
25.2753
25.2494
27.4297
32.024
28.8314
21.4979
17.453
20.6799
21.9814
27.9382
19.2803
39.1732
22.2077
23.9069
25.9831
24.0465
25.3447
23.87
27.6063
23.0192
24.1676
23.7035
26.8811
23.0007
20.8681
20.8433
18.6517
18.3782
18.6224
18.8084
21.0001
29.6831
21.8483
22.3069
22.8591
24.2857
41.4136
24.6395
35.4297
24.2739
46.887
40.7908
22.0797
22.5198
30.8878
19.3116
24.0605
16.3643
20.5213
17.4412
19.5293
34.332
20.39
21.498
29.9101
34.2487
22.7661
41.6422
22.7158
23.5808
25.7884
21.8593
20.8043
23.6414
23.1175
23.2521
23.0876
21.96
31.6811
22.4816
23.4445
18.4038
33.0831
17.0438
25.9985
19.2474
24.7337
19.8634
39.0258
22.2159
31.3125
36.1506
24.2724
22.7217
22.431
40.4278
23.5167
25.4026
21.8415
19.3041
22.9469
20.1318
37.5745
21.5901
25.8399
26.4688
21.7427
22.2578
21.9199
28.2919
23.7463
24.7422
23.193
24.1407
23.4008
23.5778
24.4996
23.5656
24.7029
20.7427
23.1476
26.9179
21.0102
20.0206
23.0107
24.1167
27.5004
23.7489
25.7856
21.9891
21.2013
18.9554
18.1366
20.2395
17.8615
21.9098
21.2309
19.3475
21.6671
19.3093
28.0246
17.4513
29.3819
19.9222
20.4565
19.0499
18.6859
36.0103
20.6065
27.631
23.5818
23.0444
25.2553
24.5598
26.1057
24.8407
21.4915
35.228
27.6395
22.9503
37.6841
36.7549
22.4293
24.3679
21.0825
47.8715
24.5342
40.8394
29.1628
24.8169
51.5612
25.3109
34.0725
22.0884
46.966
30.041
36.2179
22.1505
32.0704
20.4318
34.7811
17.7481
18.7405
24.7286
19.1982
24.0608
17.2813
17.008
17.0911
30.1652
17.3419
20.9929
18.768
17.1742
20.9829
16.8376
40.6897
24.914
19.2636
18.5417
18.4476
16.8438
35.6205
19.0316
33.1335
15.8478
27.9349
14.9976
16.0906
17.4293
12.3195
21.0613
19.0534
15.4614
14.7217
29.5908
15.6878
15.5586
13.5219
25.4756
30.0723
17.4627
22.8296
14.8626
21.7795
16.6234
37.7457
19.5814
16.2297
16.7753
17.2012
18.5449
17.9796
20.2694
34.5545
21.5536
19.5563
18.9557
29.2554
19.3248
32.5003
22.1547
47.1751
23.8731
34.7371
21.4191
23.6067
21.0708
35.1881
20.5754
22.6036
19.6243
30.4675
20.5233
37.7737
33.6629
21.8377
21.6774
21.3325
22.2959
21.5575
21.9965
23.8544
25.5079
24.6578
23.6942
28.5351
23.5505
25.0754
29.8104
25.7875
24.8758
43.1989
24.8163
24.5676
39.4726
26.5591
27.6476
45.6938
23.4004
44.2661
20.9514
35.9492
21.3462
26.2331
20.6059
36.5993
24.4301
25.8096
21.3653
23.4225
17.5318
19.0822
16.5026
23.7451
17.6897
27.8811
17.7845
23.9222
17.5333
23.3376
16.1542
28.282
16.3728
17.7878
20.9375
23.4668
26.3596
19.8309
36.8821
17.4236
18.4891
26.175
33.2712
20.0925
24.4139
28.8834
23.5669
18.2787
14.4161
18.1604
32.9989
21.0392
20.884
21.9262
36.077
20.6341
20.109
19.4394
19.4465
17.2118
15.5598
17.833
16.3444
18.7772
34.8969
18.1214
18.7149
24.7285
18.6483
36.6332
17.9092
38.1489
20.4767
32.0244
38.2988
23.1266
15.0495
21.1061
16.7465
16.391
17.0659
16.2433
23.3167
22.2359
21.6122
21.4081
42.9334
26.3668
22.7719
23.4182
24.946
40.3105
29.81
57.0695
32.8221
24.0094
22.1144
33.7088
49.5533
36.862
24.4683
22.5643
20.8255
40.3335
18.9138
31.9213
37.6533
22.9798
25.5235
39.7538
24.9964
45.4944
23.0606
21.081
25.1137
23.1415
19.3973
19.9418
22.8163
31.8003
22.0749
33.6301
29.3642
19.2596
31.9655
24.2622
16.5528
17.2769
16.5279
19.1614
19.9746
17.639
38.5817
18.8029
27.0671
17.5021
17.047
17.8889
38.0674
21.8231
28.3794
19.0782
20.7593
19.6277
21.5937
18.4025
26.0202
18.3515
33.1447
18.5554
24.1577
22.1682
48.2145
23.1651
31.8888
22.8063
32.633
23.1803
49.2457
27.0822
26.0628
27.4081
32.116
53.7354
26.1028
26.6688
27.6979
27.0859
23.7644
36.4447
19.967
26.8379
35.6934
18.0388
18.5269
18.5405
19.0796
31.3023
17.7182
23.5015
31.6773
20.5794
19.527
20.3826
21.1081
20.8804
30.6357
20.0816
19.205
23.6997
16.5709
19.1209
18.166
16.0473
20.3777
15.5419
33.171
18.3647
14.5362
27.9793
14.4047
15.6122
23.103
15.8515
27.9382
15.6424
17.2869
18.466
17.6947
19.5089
17.7509
18.8978
18.6699
21.7
20.883
24.9106
22.383
26.2443
36.0079
25.7063
23.5635
21.0485
20.9906
19.0227
22.4758
19.5957
20.1606
35.5955
31.3317
31.2868
20.3305
20.4555
28.217
20.9325
20.4877
20.025
19.0386
39.271
26.2013
25.177
18.6134
22.3346
20.3456
19.1498
18.9369
21.0197
24.6413
21.5436
25.9026
27.3905
20.1464
19.7177
28.2575
21.1404
16.9635
22.4714
18.7869
16.5635
32.7704
19.7284
34.662
23.3591
15.7515
15.8838
14.9794
27.2939
15.7304
37.7274
29.2224
17.3381
27.5884
16.0766
17.3867
15.4147
24.6702
16.0345
17.7299
22.8431
22.3578
21.8592
15.5809
15.2827
17.4492
30.863
19.6982
19.641
19.7387
22.2224
20.2743
21.201
20.5745
30.1092
21.9436
45.8248
24.233
39.7037
24.226
23.0141
32.0055
23.1679
17.4098
19.271
19.858
21.3884
19.4581
19.8124
39.3223
26.281
18.9865
21.7912
27.9888
18.8647
20.2232
20.7424
19.9266
18.1908
18.9921
19.3357
17.3295
16.9403
16.5468
16.0308
14.4403
14.6651
14.252
13.3455
16.4026
13.619
12.8869
18.4314
17.4122
30.3276
18.2496
16.4301
15.5618
24.5847
15.7225
20.2504
30.3068
17.1179
28.9758
20.2347
15.8811
18.2208
21.9375
16.8168
36.219
17.9867
33.8098
16.978
31.6746
18.5119
25.5325
18.5037
18.5191
25.7415
20.8771
14.8884
28.3203
15.0442
17.5633
16.0832
20.6029
19.3205
18.2033
26.8733
19.1159
19.4057
21.3881
32.2522
18.4001
28.8736
21.4091
15.7826
17.1775
15.9139
16.6008
25.878
16.0222
16.9502
17.5612
18.3352
22.4424
21.6599
22.789
23.2154
24.7121
19.7023
19.644
18.8792
18.133
18.1147
18.9828
17.525
17.0764
22.0832
18.7894
17.0888
18.6643
33.4826
20.2214
19.5524
19.9648
24.0035
22.6378
23.2039
22.0064
22.6953
47.5326
39.9023
30.0724
31.3227
22.7437
24.6137
24.108
23.688
25.9837
21.7426
20.2736
18.4263
19.2342
19.3445
21.4196
21.9647
20.1431
19.9247
33.0735
19.2236
37.3149
30.8701
20.5578
19.5534
28.8521
19.827
32.3317
18.0765
21.6525
19.9514
29.6052
34.8233
18.1849
21.1966
18.1601
18.5629
36.9312
19.7973
23.2527
22.6962
26.6982
23.3925
22.3763
22.999
27.1432
37.5399
26.2789
25.3071
29.6609
25.2328
30.6926
26.3384
35.0211
23.4549
42.2567
26.1161
25.3519
24.7434
25.2837
24.9334
24.7491
44.5544
25.1413
26.5208
39.5734
25.9948
27.8924
26.8205
26.6905
56.0193
28.2948
29.8705
27.4769
28.6008
26.9667
26.5378
27.417
30.1996
39.9985
25.7509
35.3623
51.8386
24.9975
27.8237
40.7053
28.0417
25.8475
27.6203
28.0425
25.241
38.2763
39.3534
23.9172
39.6119
36.9743
24.0525
26.0026
22.5194
22.6117
22.5206
22.4289
33.3189
22.8186
32.9014
25.8437
24.0658
24.8092
34.1986
23.6265
25.8818
24.5
40.8698
22.2167
29.4977
23.4864
25.9997
24.1209
30.9887
23.9046
37.3595
26.0282
37.7197
23.073
29.4728
26.7947
23.4161
28.943
23.4986
27.1775
25.5912
23.7049
29.1822
24.1514
22.8227
26.2182
23.0974
28.7387
22.5239
21.231
26.4062
21.976
26.4957
35.0315
23.0449
35.7158
21.1537
30.4406
21.3437
25.1683
20.0254
33.684
20.8277
23.3323
32.9378
19.971
25.4362
21.3202
35.9528
24.062
20.4164
40.0476
27.1585
23.2963
22.0153
23.4007
29.4443
40.3223
21.0478
28.4677
18.546
39.3545
19.9944
25.4609
34.2392
20.1133
21.1787
20.1596
19.4977
20.7394
18.9277
17.8181
30.5458
17.2723
18.3922
40.4905
36.5607
19.3281
20.2859
21.4778
19.9697
21.4603
19.8227
20.3074
28.9139
31.3481
20.1569
22.2308
21.939
28.9743
21.3765
21.0667
20.0585
31.5483
27.0837
23.4925
21.4439
25.5733
24.2922
29.0833
20.2465
35.6715
30.551
19.6385
20.063
20.8503
22.4446
25.7
18.6009
19.9299
19.1151
19.6737
21.0059
20.2945
20.8599
18.9917
24.8801
34.2578
20.1991
22.569
20.5952
21.111
21.4676
20.9549
20.6152
32.0724
20.5831
21.0642
19.5241
21.3085
20.4613
19.8521
32.6199
17.4461
31.839
20.2543
31.6321
27.4649
20.6602
36.6181
25.6992
38.4994
24.0627
37.0238
23.501
27.268
28.3781
35.2734
27.208
23.1614
43.1782
29.8567
19.4797
17.531
25.2592
16.6676
18.1973
16.4076
19.8172
17.9212
21.3455
44.3563
24.3219
32.4012
24.0932
24.9714
21.6352
33.0928
21.9004
22.5485
19.8206
20.5418
20.4193
22.1159
20.9459
22.595
18.6379
17.0517
17.463
18.104
17.0989
27.8911
17.005
34.8229
25.7784
46.0787
25.7791
46.8523
44.0455
25.9405
26.1524
41.4803
19.9466
32.1595
18.0964
27.2848
22.5472
18.9505
24.6095
28.0365
17.6239
27.4042
18.9003
29.0509
18.3762
21.5059
18.0516
20.2728
21.2308
22.9742
22.9157
37.8152
22.2272
35.4413
23.5359
37.8052
23.2848
32.0877
38.1679
21.1228
24.7791
24.9335
34.9996
19.8499
24.5909
19.472
46.1339
22.0836
28.4098
22.7032
22.1631
31.4482
20.0647
44.8006
21.2903
20.8491
29.9303
22.1786
20.1376
24.4209
20.8589
20.9194
28.6751
19.8176
20.3624
19.8813
24.6392
19.9306
19.6331
21.8776
19.7178
23.2731
20.5033
27.1636
38.3197
18.908
22.9995
18.7094
27.5791
34.018
19.6
22.9644
20.24
19.703
19.2974
19.6713
21.5639
34.6199
43.6814
19.5079
24.3752
20.2005
19.712
28.0727
22.3971
29.9551
20.4428
20.431
18.8041
35.9311
19.7597
40.5394
22.7729
24.4128
28.1607
19.2237
18.9938
34.8287
20.6193
29.4284
27.7595
20.4066
19.7145
23.0876
39.0644
21.2921
19.0955
25.8501
31.3901
22.7391
31.5324
22.782
38.3782
22.7755
40.2016
23.1285
39.2356
22.3472
30.9405
21.2445
20.5526
21.1719
43.1682
21.496
20.1941
23.1374
27.2891
20.696
20.0435
18.8903
23.8096
21.0374
21.1904
19.5447
31.7731
28.4595
23.8598
35.7836
24.0017
31.8397
25.2132
24.1371
23.4773
24.1052
31.9885
23.3173
36.2431
26.26
24.8205
28.0885
21.9887
22.9848
24.3393
23.4071
22.6524
23.2045
23.9591
25.768
21.3187
22.9494
21.1318
26.0268
41.5836
21.4719
39.2654
20.1779
32.5359
20.4647
22.1515
20.8626
19.9148
19.9825
24.1988
20.0021
19.8356
23.3024
23.3668
24.744
20.4823
29.6905
22.1217
37.6828
42.7182
23.8449
23.7252
24.8111
22.6924
38.8128
23.1462
40.8565
22.998
35.3312
23.15
22.7128
23.6316
22.5089
24.6136
32.3956
23.0948
23.8256
28.3272
21.6511
26.108
20.7965
34.5356
20.6422
40.0451
34.3105
21.1156
32.6411
24.0501
30.4949
23.5819
23.668
26.2808
28.8724
25.7546
27.9849
23.3696
26.6056
26.0521
25.751
25.3904
26.6313
32.1478
23.6582
28.1514
24.5354
29.529
25.4607
24.148
41.8216
29.9362
54.2592
24.6593
28.5066
22.578
39.0608
22.0125
40.1481
31.5059
34.8913
24.9856
24.311
23.6091
25.738
25.1118
21.648
25.251
38.4771
21.102
25.1572
22.2002
22.2282
23.4868
21.4333
25.7403
21.0846
20.4342
24.4365
18.2247
19.7885
36.3693
18.6176
19.8032
17.604
25.3059
16.6566
30.5833
16.5915
31.7143
22.9283
22.6246
21.4267
21.3645
29.1231
32.9788
20.4748
28.9043
22.0368
21.5563
21.8703
22.3951
33.1825
24.0065
28.7549
23.8161
42.4803
31.164
36.3197
32.3207
31.2342
25.6171
22.4979
38.8227
29.4957
24.3041
33.8538
31.3134
29.4262
20.6326
21.2424
19.1929
18.567
26.8405
21.5089
26.4976
22.5068
33.1531
21.7198
31.368
45.9172
20.7553
29.4365
21.2018
27.2134
23.0643
35.6949
41.3658
23.0336
34.1792
21.7432
22.7889
21.0266
31.6006
21.9999
31.4105
30.6997
23.1586
23.7683
19.8244
42.2104
20.7047
30.6294
21.9706
21.2059
19.3944
39.8061
22.799
16.7364
24.1713
17.2181
31.0321
17.1604
30.728
33.4263
22.9413
23.9902
21.2416
36.9136
21.7892
25.1836
21.2932
26.7099
19.3743
34.4776
19.8929
23.1663
18.0007
26.2457
40.4665
18.87
25.7191
20.9498
20.0025
23.4935
20.0488
24.0103
21.1811
41.8051
23.8011
26.1927
24.7516
39.1941
25.1137
29.1123
24.5201
23.5848
33.5106
17.2352
34.1604
18.1787
17.0511
20.5756
27.1165
20.0686
32.194
32.8877
21.1042
39.787
21.8144
27.007
22.4403
20.8056
20.3919
22.4477
19.9621
20.0294
22.5444
26.1649
20.2951
32.6788
19.3201
32.7495
20.4816
22.6447
20.9096
20.4341
36.3921
21.7708
21.3043
19.9909
20.3468
20.7635
34.0254
20.1191
19.9745
41.2301
18.838
23.7672
24.8999
18.8347
18.6655
27.5284
20.1004
19.6932
25.8537
20.6438
42.9194
22.1551
30.2794
22.8372
22.4606
35.8584
33.5033
33.6171
19.1567
30.2022
19.805
21.7247
31.5914
40.0143
27.9297
33.4045
18.6751
34.659
18.8704
34.2439
19.3292
21.9703
30.9901
20.8731
32.7492
18.803
20.5312
23.6647
19.8745
36.1868
25.7988
31.0387
19.3264
21.7292
34.1121
20.0107
32.7799
29.7657
35.2602
29.0379
19.6943
19.3657
30.3242
24.524
36.6473
23.8499
38.1406
22.466
36.0803
41.6179
36.5205
19.9966
22.5513
19.6578
20.9883
27.9357
32.6824
23.5354
20.2588
19.9608
19.0765