47.9348
20.5357
27.6978
20.5685
33.0727
20.5825
23.9411
20.4452
21.0003
22.8445
38.5791
21.0646
23.15
20.7092
28.5353
21.8204
38.7289
20.5008
26.8533
21.0401
22.2772
35.2524
21.0981
21.155
22.0968
21.957
24.3204
22.3108
32.2922
21.3261
24.9283
19.1318
25.6044
30.3786
20.4705
23.8648
20.1509
20.9996
22.8807
21.0129
19.7769
37.4115
37.3578
19.9361
34.9552
32.4761
21.7127
20.076
23.0506
21.1556
21.7502
20.9027
23.5991
25.6067
34.8917
24.6733
32.1038
20.4568
35.0554
21.3634
38.6057
20.5272
33.8174
21.7169
43.7995
22.5807
39.7549
19.6893
20.0429
19.3484
19.5694
19.1698
19.9293
19.9204
21.159
21.9584
20.6625
21.0184
34.5045
21.2079
38.0678
19.7232
21.2279
23.3362
20.0302
30.6118
20.0148
21.9927
19.3133
20.4917
22.6247
23.5026
19.91
21.2574
24.4757
21.5942
21.2679
21.6274
21.9765
21.0419
23.9394
20.6067
20.5193
21.738
24.599
21.093
23.408
20.1709
20.4273
19.392
19.2773
27.1492
20.1206
17.1998
24.6597
20.1087
19.5965
19.4233
19.5937
31.0502
19.8674
20.6821
19.4819
21.2193
33.1123
25.0451
20.2091
34.5348
20.276
23.0681
29.8426
48.0184
21.3516
27.8329
21.7946
20.9817
20.9215
37.161
20.5131
46.6426
39.304
27.9927
20.2137
27.7568
23.2201
23.5653
21.3918
23.7955
21.551
21.0072
21.1374
34.3708
20.4966
22.9762
21.6665
22.2546
21.4667
29.085
23.5072
22.5623
29.0224
23.3489
37.06
21.3857
20.6124
44.0779
20.1838
41.4902
20.677
29.1974
20.2544
34.5888
48.8912
25.618
21.6525
21.7
27.8659
20.6228
46.6311
21.643
29.0389
24.569
29.1895
24.8325
21.4886
21.9478
23.183
22.6401
22.6957
22.1341
23.7619
24.1182
25.7272
27.7665
27.5187
26.6977
24.629
24.2078
44.423
24.003
37.9281
23.7373
35.896
39.0757
31.8123
34.9703
40.2779
36.1444
23.9783
28.0248
28.3324
34.0858
20.2758
22.7075
21.697
21.8745
19.7133
30.4795
19.4524
25.0784
45.6902
21.9577
18.1908
18.5378
18.7182
18.5426
19.3941
17.2168
21.5438
33.0431
22.1233
22.5192
29.3192
27.1372
22.7317
40.5423
33.7715
25.9305
25.4479
27.4298
25.8159
32.5842
47.9517
29.0962
47.397
32.8915
24.1061
26.5774
24.4921
46.8045
38.9355
53.1881
25.9189
38.1163
20.7565
22.1459
20.411
20.225
18.7774
18.3477
17.7585
16.3842
17.0287
18.8687
19.3254
18.4779
21.3069
20.5864
21.0075
23.3237
22.4826
23.2406
22.6081
25.9441
24.3926
24.5356
25.1877
24.8105
33.0187
23.8692
33.1075
22.8575
24.7042
22.8883
23.4187
20.5863
30.7528
38.9485
27.0939
20.4533
19.7949
34.929
25.3115
19.694
24.223
21.8359
28.5457
24.1114
23.6557
42.2569
23.5849
22.9003
26.4575
25.8489
26.3587
25.6424
27.5507
27.0976
29.2439
28.0157
26.8186
24.5573
24.4741
26.2552
30.0277
25.4716
24.6923
24.8544
22.2977
27.5321
33.6505
17.7628
28.0196
23.019
18.9021
21.5348
34.3005
21.1246
26.7174
20.9145
25.3903
20.0757
27.1669
20.3115
22.5253
26.791
24.0158
34.3647
40.2992
23.6314
24.9314
25.0082
22.9642
20.9646
21.7532
20.2135
20.2127
21.9353
19.2295
20.5778
30.5118
21.3671
22.2352
22.6039
22.9931
28.1364
36.5779
20.8083
26.8555
18.7957
37.4676
19.0031
21.4855
19.3986
20.5656
20.4911
19.6766
27.6718
22.9349
29.3716
36.695
24.2588
23.2812
36.8226
25.1903
24.8656
52.6616
33.1057
28.1022
32.356
28.7368
29.2729
27.8179
32.2532
24.9487
26.3226
22.7834
23.0996
24.1863
24.9689
24.2267
23.9888
19.5942
19.8111
19.4517
22.7128
20.4095
31.0831
20.9102
25.7276
33.1257
21.8656
24.5983
39.9227
22.8157
31.2031
22.9363
21.6425
42.1453
23.374
22.8312
42.1384
23.5344
31.4605
23.1809
41.339
24.8137
25.2123
24.2918
19.4441
22.6472
26.4267
21.7939
22.2456
21.8693
20.3033
18.8266
19.4941
20.0528
20.1324
20.7645
18.0668
19.1518
20.9564
19.1833
28.6518
28.2339
23.5514
19.3991
29.7094
25.6089
32.2848
20.802
20.1419
31.2298
20.0971
23.5313
31.0325
19.8224
20.4398
27.7245
20.5325
20.5002
22.682
39.7568
21.8973
31.9977
23.4588
22.0737
40.0098
26.0338
19.8059
22.8349
18.7981
18.2769
17.1733
17.7372
17.9521
14.8277
14.9066
17.0679
15.5956
16.7466
17.9194
17.4005
17.4027
24.4001
22.8717
19.3954
19.5495
20.3558
18.8839
33.76
28.0824
44.9766
30.2297
32.465
30.6341
29.3111
31.796
19.7022
35.7968
20.3888
25.7431
19.1416
18.4188
19.5646
18.8448
21.6045
33.7705
20.6667
30.7841
20.8089
28.7351
22.8749
23.3949
23.112
42.6486
31.4717
24.2701
40.6452
23.5345
24.1101
22.9944
28.8883
20.8011
17.4355
18.0008
32.5099
26.7192
20.7147
17.9046
17.2681
24.8221
23.0218
54.2202
25.5996
40.1349
24.8702
24.4802
25.9935
24.3049
28.5454
21.0766
20.7618
19.4483
21.2194
19.6772
20.0742
20.8874
38.1542
21.1977
34.4866
20.2175
21.1634
22.74
21.8673
19.627
20.9538
21.5214
20.4356
19.8116
22.3899
21.7809
23.4519
22.8665
29.7024
28.928
18.0432
34.8575
20.2107
24.5737
23.7255
20.3081
19.5993
22.2119
22.1079
24.8121
20.2767
26.7943
20.6734
46.7054
21.7625
39.6717
27.5579
38.3158
31.619
36.0163
20.4918
40.5225
21.6764
22.3911
21.1315
20.3932
19.1006
20.0854
18.3729
19.2052
19.1241
18.4209
20.0168
20.4154
20.9717
19.5518
19.6963
21.5695
21.0099
20.3071
21.9545
24.5906
26.999
23.1619
36.3731
20.5928
37.7122
21.5867
23.29
20.9145
21.7188
20.7963
19.6318
22.7524
20.0381
20.7142
20.2743
21.2464
39.4323
22.7165
22.6636
22.2017
22.1803
22.5756
23.7518
22.659
35.2027
20.1231
23.0647
20.7499
20.1255
20.9974
20.0182
18.1872
19.0582
24.6859
25.6803
20.9073
20.2378
20.4559
38.6856
21.1409
37.585
20.3809
23.1196
34.9076
20.3643
37.5587
19.7982
23.4754
21.7625
21.965
23.712
22.9942
22.0092
26.5652
22.7162
24.0558
34.3666
21.6836
26.1472
25.6089
22.4538
34.8321
19.0497
34.3773
32.831
19.1897
33.4923
34.9308
19.3863
27.9284
19.1164
18.5491
34.0505
19.2562
18.9644
25.8937
19.0002
33.1932
33.3259
20.8057
21.0679
21.3603
20.648
29.3744
21.498
24.5729
25.1182
27.9814
27.5537
27.2505
24.7191
51.0518
40.846
24.6096
24.6562
23.0614
22.9572
23.3242
42.0303
25.0874
24.9047
49.0488
32.4152
29.0189
26.8859
28.5737
29.9863
24.738
24.9725
25.9546
24.4052
28.5344
22.5897
27.9625
31.8438
24.6214
41.8088
23.055
22.2178
30.8519
26.3645
26.4511
25.2589
24.1772
40.4128
25.3879
25.9585
27.6407
26.5637
24.3078
23.2744
23.6022
23.7334
24.8087
23.3667
23.4472
24.8878
24.7057
24.6498
23.8498
22.8284
22.0258
36.7668
18.8769
16.8024
16.4013
16.8834
18.3725
17.9119
22.3838
18.2138
17.3287
19.469
18.6159
37.6546
21.6835
24.1892
20.6811
34.2373
19.1054
33.309
20.24
47.6072
34.2296
20.6691
43.2852
26.4355
34.7913
24.5311
23.8106
23.369
23.4861
23.536
25.055
26.3268
25.5357
33.576
26.2332
28.1552
26.2416
27.1633
26.587
31.8989
25.0532
25.6477
24.5334
24.4574
27.1483
23.0287
30.6751
21.487
23.8295
25.0057
19.3758
42.5204
32.4059
22.0536
34.9984
19.3134
29.3012
19.2406
20.9412
21.975
30.6293
32.6131
20.2551
38.9415
20.8333
23.8798
22.762
20.8786
33.7569
21.6982
22.7109
23.8843
43.6716
24.0937
35.7068
21.2597
23.0061
20.9298
16.8347
22.7521
17.2031
17.8166
18.4909
18.8257
18.343
18.9095
17.0206
17.3168
20.4353
19.4214
19.5836
22.3063
22.0543
21.7325
21.6217
23.5281
23.6194
22.4777
19.4992
21.6234
20.5442
20.4058
21.6574
21.6048
21.6726
20.8198
20.9028
20.7221
18.3211
17.308
20.6834
25.3246
15.5451
21.144
31.7054
17.0773
17.1681
24.7301
16.1784
33.2202
15.7137
18.7626
18.6154
20.8444
27.7678
26.6726
22.0456
23.7861
22.9654
21.9502
21.2742
22.1284
22.1715
22.5869
25.4606
24.2166
20.2828
28.9161
19.6806
36.5113
31.168
21.3783
29.4661
21.4902
25.805
24.26
17.3584
34.111
19.9118
21.7592
24.9748
31.4471
16.7273
31.7837
16.2163
31.8015
16.2904
29.6168
16.2736
21.5816
17.5337
18.0924
18.8858
18.1422
22.296
22.8368
19.4145
19.2916
20.6449
22.7797
20.9793
21.3856
21.4122
21.2285
20.8014
21.8139
21.1319
29.6704
22.6706
22.943
44.6674
25.7903
25.8407
24.2032
31.7788
24.7504
39.3234
24.7932
24.967
31.1361
32.0185
24.7621
23.9419
23.6803
30.5928
25.1882
24.8868
22.434
24.238
24.0324
23.6946
24.617
26.5333
25.8259
23.5564
23.3884
34.7875
19.6488
18.5281
17.1965
17.2786
17.4911
18.8439
18.1574
18.2965
15.9563
15.2596
15.7306
15.5395
17.7093
15.7504
18.3411
21.0907
18.9272
20.6834
20.4182
20.716
41.7686
33.9418
19.4866
25.465
37.2977
24.1907
32.4857
22.8866
23.5607
26.922
33.6075
28.4259
31.6532
30.6581
28.5899
27.8848
27.6808
36.6389
29.9116
23.2293
23.7053
23.6768
52.2073
45.952
23.2784
27.1571
23.7688
23.0157
22.8037
24.7295
23.9384
26.8691
23.2357
30.3987
25.9059
32.744
26.8093
26.696
25.4509
40.2574
45.0138
27.4137
31.5728
37.002
31.8349
32.865
33.6051
32.5236
30.3149
31.4679
30.4947
39.3344
46.2778
39.3757
31.7668
31.3562
31.2256
31.441
29.7403
31.627
32.0735
34.3921
33.0063
33.7863
32.6968
34.9666
33.7449
48.6445
34.8332
35.5955
32.0888
31.9753
31.4161
48.8325
45.439
33.6968
34.835
34.3336
68.4757
35.5992
37.1852
35.7531
76.8285
36.2487
35.4214
49.1086
31.7718
42.3136
41.9999
32.1686
34.3405
35.4202
31.8754
32.2558
32.9996
32.6751
42.1352
36.1604
34.196
32.4873
40.8346
32.1829
49.0297
33.6548
30.8512
32.4825
33.3712
34.6219
42.0001
31.8453
30.9994
31.1066
32.1288
30.7029
35.025
32.2022
31.8128
32.8238
28.7081
35.2578
28.4965
32.664
46.6117
30.2958
28.8207
27.7415
29.4872
28.7155
33.548
34.9448
30.4849
48.2337
26.9843
41.9839
27.8156
38.8161
27.5638
43.5709
28.7513
28.5184
26.8714
26.9507
27.5987
27.5879
26.1042
28.4397
41.3019
26.9762
33.1487
26.8749
27.3635
27.663
24.7462
25.6489
26.3683
26.1015
25.3311
25.6641
24.8882
23.7666
24.6373
25.2593
25.9318
45.1323
26.9307
29.5142
27.5369
26.1311
30.9696
54.6796
26.991
31.7289
29.7081
31.9244
26.4937
27.9359
34.9379
26.4309
28.1458
29.1833
46.3157
41.9637
30.9772
42.9088
30.6682
30.3654
28.8715
27.0929
27.1912
27.5888
34.8496
28.7831
42.6545
28.4509
28.3912
28.6109
28.8468
29.0103
28.3177
30.0135
29.9162
28.5914
44.7949
30.9361
31.3566
28.924
34.794
30.6793
58.6969
32.9186
32.0049
31.051
31.6385
42.1091
31.9846
37.346
32.6183
32.1184
34.1232
38.9597
55.134
32.4321
31.3265
32.5478
35.0788
32.241
30.2419
40.6378
31.7766
34.7789
32.5035
33.1853
31.0313
54.558
32.9376
32.9914
36.0961
32.7599
38.3122
44.6618
43.066
33.6227
32.3518
54.1746
32.9719
33.1935
32.6937
34.4849
32.6307
38.4912
31.4057
30.1019
32.1963
33.6679
30.8151
31.2224
33.3832
29.6512
32.851
30.5852
30.4076
31.92
32.2671
33.1858
33.2866
33.0581
31.5468
30.2458
32.479
48.5645
31.0642
35.5865
31.8134
32.6199
32.5921
44.5355
32.6438
31.5838
32.6703
48.858
48.1803
32.923
34.404
32.592
31.0791
33.8294
31.2987
30.6601
31.1731
33.7625
46.6155
31.1426
30.4362
55.79
32.0165
32.2011
29.8071
29.7596
39.1398
31.4439
32.4891
31.4662
45.5755
33.7035
32.9482
38.7456
32.1191
44.0005
32.8468
32.0125
35.6413
31.7892
34.7504
39.923
35.5841
33.4956
31.7462
32.4441
32.3007
36.345
32.1141
30.7787
31.486
46.3827
35.3246
30.0052
32.9954
51.4811
31.1445
30.1064
31.5244
33.7762
39.1925
29.4885
30.3587
29.4403
30.423
30.445
31.2426
28.9976
32.1474
29.4299
28.7748
29.3454
29.5112
28.8642
28.351
27.684
27.8275
26.0761
24.9795
23.6422
23.3852
30.933
24.2683
25.9012
29.4702
24.1954
25.4666
24.6758
24.7265
25.5152
24.1403
55.7006
26.6845
50.6314
28.6275
43.1759
25.124
26.1799
25.9619
24.3432
35.2778
25.8988
30.2609
26.2168
24.7584
40.0487
28.307
53.7982
29.515
26.1432
25.6596
56.5233
28.6355
40.9924
25.8838
29.6367
25.5657
24.3403
24.2039
24.125
23.601
30.9945
26.2404
27.7762
44.2002
32.2693
24.664
23.5998
24.6599
25.0015
25.9718
24.8339
24.8261
25.0269
26.0194
27.0112
24.5057
40.4595
27.3865
25.3295
43.6844
24.7183
30.7014
27.2618
24.8625
39.3178
23.7151
34.5938
23.3267
24.3347
22.0818
37.4369
22.9731
23.0984
22.7117
23.2276
27.2831
35.1556
24.2069
25.7652
25.4334
26.0059
31.7664
27.6118
25.5556
47.4709
24.5957
24.2873
27.2085
23.1466
27.2782
28.4895
24.9204
28.7472
25.2948
24.8697
25.2237
34.0436
29.0898
23.1242
24.5876
25.3746
47.269
31.8174
25.1665
33.7484
24.5572
23.8098
24.888
24.3047
24.7317
28.6354
32.7235
26.5137
23.9203
26.2723
26.2
26.6815
28.4657
27.6313
24.8359
36.7895
48.2785
26.5436
25.5013
27.0253
51.9011
42.4092
27.2638
35.1913
27.3763
27.5781
26.9033
32.6002
27.0561
26.2162
31.8324
28.1966
42.7542
37.2151
41.4896
23.1644
22.7089
23.9632
22.7457
24.1701
25.4513
25.4947
25.4113
24.0371
25.7183
22.4985
24.5623
24.2012
38.4429
24.6272
48.7237
24.332
23.8496
40.0557
24.1451
24.4257
31.9144
28.5124
27.8975
24.1783
34.3861
39.7509
24.8855
24.3332
23.617
23.3395
23.441
30.9901
23.8885
23.17
36.7389
24.6469
24.3642
31.7324
23.1774
25.001
24.0013
22.6347
23.2196
21.9083
35.6413
22.7529
23.3258
21.9215
29.6001
26.2936
24.2374
33.1956
49.307
25.0795
41.0702
24.8365
37.2572
28.508
31.7516
30.4894
27.5016
28.5425
36.6506
24.065
36.5635
23.2803
28.6116
20.7713
41.1339
22.1263
24.8882
24.5587
23.4884
23.1984
30.7341
21.2084
20.6428
24.0429
21.687
21.1795
21.4037
19.5491
20.334
24.6996
20.5927
20.8066
20.842
21.0915
21.4778
21.5738
21.8579
27.663
21.9863
27.7309
21.193
35.3338
21.576
33.5995
23.6509
21.6132
24.6081
25.017
23.053
22.159
22.8765
22.4303
25.6208
24.8492
23.6077
37.364
21.8522
34.8962
37.1377
31.0961
23.4911
24.6991
38.3274
23.49
23.9446
23.6506
25.3504
22.6487
21.6808
21.3687
29.1187
24.3236
22.8987
28.4155
33.1301
22.9647
38.4347
30.2097
29.8083
26.1173
24.373
23.5784
24.6056
24.2945
24.2796
24.156
23.7526
25.5361
23.6403
23.7369
22.9873
22.8218
28.4635
24.0338
22.6175
40.5768
23.6381
25.4535
22.4117
27.1454
28.8673
26.2184
25.8693
25.5265
22.2456
25.3075
23.5161
23.9168
25.8834
23.8322
25.6645
30.2962
25.3367
23.6105
22.799
22.2987
21.8224
45.8868
23.5481
22.9986
22.558
22.676
20.5208
28.9177
30.1227
37.2135
20.7291
20.8351
23.4137
21.3408
33.387
24.6124
21.1094
21.3828
23.2656
44.5411
27.3187
29.8764
21.3597
24.6355
22.0421
22.7448
26.3655
22.8976
21.2181
20.8439
26.0297
21.613
22.7617
39.0421
40.2139
31.3217
38.8707
23.2867
38.8182
22.9557
36.3918
22.5873
26.1354
42.1044
24.2344
24.2067
25.6299
23.424
40.3009
24.2895
35.5384
26.0708
26.0466
30.6747
24.6607
25.6099
29.6328
24.0829
28.3482
38.5557
39.5014
37.4987
23.3811
24.3108
24.3368
23.3476
23.6315
22.9503
23.4672
23.6089
23.8994
25.5991
25.1145
43.8569
23.9405
38.7842
23.5058
28.8728
22.519
25.0286
23.2979
23.0947
43.9577
23.2442
27.2072
26.3588
31.9005
25.595
25.7156
23.304
52.302
25.3317
27.883
24.4016
24.8125
23.5471
42.4723
22.7253
25.3642
21.6528
21.5409
25.3652
22.0107
22.4107
22.0588
22.2104
40.958
26.8921
24.0505
26.697
26.122
22.6751
33.9545
40.2115
30.6247
23.2274
23.4929
22.5957
26.3689
22.8958
31.4251
22.8037
40.775
44.593
24.3539
30.1393
24.6768
40.1801
29.708
25.7722
23.0044
25.6588
24.3045
29.3309
23.9237
23.6806
25.2821
33.8247
22.6112
23.2716
22.2235
25.3856
22.3439
21.0501
22.7755
26.8252
22.4092
24.8647
22.3416
21.903
35.3686
22.0916
35.9206
39.3719
22.9884
22.6273
23.0267
49.3843
23.4279
23.3442
29.0488
21.6494
20.7714
34.2245
20.4826
31.1611
20.9835
26.9411
25.7934
26.0142
37.0941
22.0391
28.841
22.1255
23.3496
22.2377
22.8747
23.3364
22.9966
24.172
20.4636
20.4019
21.5462
28.7912
24.6582
23.2901
31.9452
24.0656
21.5361
51.6325
23.4863
25.0254
35.4329
22.5784
45.6422
33.3281
23.7794
24.4027
22.8658
46.5622
25.1952
33.7746
23.2191
28.7919
42.5569
39.7247
41.9956
23.2646
48.0254
33.4229
24.5338
24.386
23.8863
26.9133
24.0979
24.3933
23.8094
24.0939
22.9048
24.0957
36.5503
23.6061
27.3896
23.6171
23.0245
27.6186
25.8701
23.7434
27.3315
25.826
32.5948
23.9548
35.2665
25.6333
35.562
24.7472
39.6018
27.517
33.4617
29.8676
33.7139
26.359
25.9965
27.3096
26.4469
33.0429
35.2661
34.2321
25.3582
26.0447
22.8999
26.1905
28.9027
27.2384
34.7003
24.2539
39.4903
25.5665
26.4773
26.7769
27.1354
25.4306
44.8894
27.4048
45.9206
30.1151
26.513
38.9285
23.5201
33.7959
26.0591
45.7129
34.0975
26.2096
26.7749
28.2974
25.7398
28.5886
27.8067
27.7621
56.0983
33.5464
25.3212
23.5861
24.447
23.1552
24.9282
24.7731
35.3358
30.2966
25.1284
41.7507
26.3751
52.669
33.5916
25.3331
26.9601
24.3593
30.0645
32.716
26.8776
25.9582
27.0185
24.0188
26.3598
25.1909
30.2217
24.9908
27.6489
25.4091
23.6237
38.2816
23.2829
43.2286
24.3287
34.837
21.665
26.6203
22.6484
20.5045
21.4673
22.76
23.6422
23.0276
22.8812
22.9441
24.9208
22.0674
22.5669
46.8197
33.2651
24.0468
24.7008
23.7474
23.9581
24.4774
50.819
27.1525
25.3833
24.4978
28.5395
26.4051
25.5811
27.6512
24.8143
24.4046
23.3928
25.1361
25.1711
22.1019
24.1978
22.343
26.223
23.8382
48.6992
27.6915
24.7197
23.914
24.0084
22.5595
23.2775
26.3118
32.5652
33.0016
28.5359
30.5372
29.283
29.362
29.143
37.3322
43.5341
39.2652
34.671
32.9869
32.3367
44.5985
43.3683
35.5214
41.07
31.4572
33.8337
32.305
31.565
31.8127
57.457
34.6336
49.9393
30.5451
32.9464
30.3601
30.1455
37.842
29.9726
28.3457
29.2911
28.4672
27.2372
27.9926
28.1059
38.0366
27.6516
35.8893
28.583
32.087
32.7964
33.9749
42.4608
29.3105
27.9672
29.6127
30.1041
27.5569
37.7069
34.8521
30.3975
30.6795
31.4733
31.4451
44.7002
33.643
43.771
41.897
26.4386
44.5749
25.7665
28.0717
25.0031
24.6417
23.8991
25.9859
24.878
26.5617
27.4611
27.7723
28.9936
28.7305
31.0433
28.9733
29.1284
43.3306
28.626
44.3644
27.6791
46.3374
48.7827
27.7348
28.5206
27.7185
41.2045
39.6342
29.068
32.1305
28.0102
36.3593
29.7883
28.8553
32.5577
29.0208
30.1095
27.2432
28.5637
26.6131
34.7191
27.077
27.3215
28.7533
31.3023
29.358
30.0849
25.9816
31.5222
26.954
32.4663
30.423
28.7251
55.0814
27.6307
36.2618
29.483
28.5035
27.9992
52.0784
38.3499
29.9979
28.7291
26.9616
49.3974
27.4892
34.5046
24.51
25.0939
26.5092
23.817
24.1974
23.3892
26.3497
27.5195
24.2906
24.7876
25.551
25.3076
32.0027
25.2837
30.9728
39.189
29.1017
27.1949
24.4621
24.8603
47.3916
27.9902
25.9548
24.7726
26.0571
51.834
29.751
45.7468
25.0442
24.1419
43.8616
37.7771
23.2253
26.2657
37.4054
23.253
24.8509
22.672
23.5277
24.0068
24.8792
33.241
23.2394
25.4136
25.0178
25.9383
24.6898
34.2445
25.4508
25.1097
24.9614
36.541
25.5522
35.4211
27.9889
25.2849
24.524
31.7241
24.7996
39.5123
25.9655
25.7822
25.3441
37.8401
53.7657
27.5617
43.1917
27.3288
38.2241
30.4198
29.8982
43.9764
33.9306
40.2719
29.3959
28.6655
29.9478
32.6557
36.6621
35.689
31.4879
46.4739
33.0139
60.8957
30.3198
46.3116
30.98
36.2367
48.4492
33.8997
32.9664
37.4024
31.0047
48.2617
47.7213
32.5394
32.1683
30.3742
38.0199
29.9776
30.0397
29.3124
30.3346
31.0319
31.3921
40.1434
31.6967
46.5063
31.7434
48.4878
32.7813
32.8206
32.9653
52.4215
33.7814
64.5721
36.4837
38.7249
42.8968
37.9697
34.3683
38.8583
34.8099
33.2353
30.3887
35.0744
33.1567
49.9332
32.5719
32.5586
31.419
30.7562
30.1754
31.3461
30.0282
31.7623
30.685
30.779
40.7282
45.6956
50.2502
30.6553
30.0871
33.3339
31.7421
46.8602
33.0243
31.5588
30.6347
40.4793
31.2384
49.9129
30.6004
34.4135
31.0727
34.6427
32.6003
30.2475
31.8792
31.6273
33.6025
37.9272
48.4208
31.5347
36.8386
30.4509
30.8619
37.2979
45.1973
32.6739
33.7102
32.743
40.9936
39.1351
31.632
31.0268
31.9367
31.199
47.6243
29.366
32.4159
28.9648
40.3617
33.4846
31.8048
27.6626
34.8313
27.1022
32.2584
27.3892
28.0752
26.0668
26.6677
25.5682
25.3087
28.1967
30.629
26.2845
25.0817
26.0944
25.5159
24.0648
31.8489
26.2336
39.7577
35.3377
30.4019
30.5474
42.8107
31.9777
30.1224
30.1509
36.377
31.8338
27.6965
31.3298
30.9554
29.52
28.6139
34.2803
48.2881
30.7643
30.6626
37.2993
27.6402
38.6854
31.4406
27.4144
33.3736
29.3357
30.761
30.5919
30.0374
28.8887
33.2402
38.8237
32.3693
29.2773
33.102
29.9607
29.874
27.7504
28.9343
27.1969
42.725
29.8325
30.0535
28.565
30.8021
38.3763
34.9776
26.4952
26.9014
43.7223
46.8995
33.5124
69.0484
35.8047
32.6896
32.4804
28.0827
26.5262
23.932
23.4996
25.7584
27.0966
27.6489
26.0806
26.0814
25.8304
30.8497
27.3583
29.6207
45.8665
40.578
34.9579
36.263
34.6554
33.3651
34.021
33.4424
37.2151
40.6985
40.1457
31.1409
32.0799
36.5989
32.7818
36.6895
28.8443
28.3813
45.2929
30.0967
29.3747
29.9831
27.6053
28.0695
30.3136
29.1364
27.7919
44.4334
27.7076
32.1262
35.6661
31.8077
49.2371
33.4771
34.1903
32.8875
34.4016
53.7819
32.6692
55.6372
32.1211
57.7246
41.1695
32.3507
33.9891
45.023
31.4622
30.9462
29.6554
53.3165
28.7011
44.8799
29.0333
32.5871
29.3168
28.7045
44.6388
44.7055
30.6078
29.1862
30.6085
30.8606
28.9787
28.3219
49.9963
30.3627
51.9557
28.4466
29.6135
37.9453
30.7059
29.6602
29.8521
28.4349
27.4859
27.8581
42.0595
44.1521
27.8003
29.6548
27.904
27.4399
27.467
27.1062
25.0675
24.8918
25.4134
25.7678
27.675
28.15
25.3134
24.8503
27.184
28.3114
29.3913
44.7609
29.4822
35.1308
29.3641
29.3139
29.9048
38.6703
29.3119
40.3247
43.2384
39.3917
30.0088
30.0944
30.9867
32.2386
29.1138
28.3935
30.3534
28.0403
29.8369
29.9902
30.3525
30.6686
32.0121
31.7817
29.7512
32.1787
29.416
30.5689
29.3262
34.0717
28.6281
28.6595
34.8796
28.1953
29.6593
33.378
29.8022
30.2793
30.8466
32.5403
32.6696
32.1248
30.9964
31.1332
31.1784
30.174
50.3003
34.2053
52.5055
30.9026
35.7798
31.2229
28.8419
30.6534
33.0086
31.2024
45.1547
33.1261
32.7432
32.6666
33.5416
36.8653
39.1927
41.3758
36.4403
36.043
42.0005
36.5863
34.9097
34.0239
58.4512
33.538
33.523
34.3178
35.0987
34.4537
50.8285
49.6027
64.2646
36.5304
55.2663
46.6126
41.0821
46.1351
35.2218
37.2466
35.8042
40.116
33.7131
36.1204
32.4487
33.4505
37.7046
36.1867
34.2015
33.8993
35.1255
34.9223
35.9868
35.4032
36.7787
36.9096
37.6199
36.5247
38.1291
36.5135
36.7602
55.8704
37.7303
37.7988
62.2953
47.0615
40.3425
58.9472
35.9719
43.0818
34.8362
50.9758
36.1558
33.4906
30.5012
33.0723
32.6043
48.8111
30.6156
43.9024
48.1135
42.2819
58.4213
34.3222
34.4698
35.5904
38.1184
51.0508
52.5241
40.2953
43.3708
39.7068
37.5042
51.8775
36.1411
41.7737
36.1039
41.2819
34.2427
33.6714
53.6223
34.5484
35.9296
35.3216
48.3562
46.1018
50.7109
32.6326
49.1775
47.5373
50.9625
35.3106
60.5493
67.0768
52.1011
36.1832
51.9177
37.1078
35.7694
37.6202
36.6398
35.8865
37.7686
37.4457
37.7819
35.6345
36.0029
39.6713
34.7301
34.2866
37.2911
52.3148
34.8473
42.4237
56.8092
36.683
38.5595
57.6622
37.5988
36.7405
54.116
38.51
38.4191
43.2681
38.1326
37.6785
51.2635
35.9044
55.9529
34.2141
35.9272
35.5437
33.8724
34.6135
35.9388
58.9631
38.2016
48.8485
39.3159
37.7202
37.2983
37.1803
42.9221
39.2681
37.987
60.1797
62.6386
35.8832
73.0078
40.0246
52.566
50.9409
46.3157
35.8606
36.4188
36.5653
37.2627
37.3427
34.9744
35.8509
35.373
35.0056
36.6328
33.9008
35.5914
53.5126
37.5343
37.7102
35.5683
35.3495
52.9626
35.4085
35.8462
34.0267
41.0629
33.2667
31.7465
32.2802
34.4754
56.3383
36.5785
40.0318
37.4949
38.85
36.2029
37.8491
39.0622
35.1193
37.3681
34.7236
36.0783
35.2891
33.3094
55.8604
32.4607
48.9717
43.929
50.4966
37.7436
50.8148
49.9614
48.7843
33.808
32.6538
35.3505
40.257
41.8341
54.3253
41.6501
33.3251
37.7537
56.8305
35.397
46.079
35.4625
31.5941
35.9331
34.8833
35.4016
34.8302
35.3103
46.043
36.8669
33.5731
33.7236
51.5789
47.9199
52.8922
33.7358
33.4886
34.8551
32.1745
56.115
35.922
32.8327
33.1301
50.2036
42.4351
34.4729
33.8942
33.4691
33.2172
41.9395
33.0459
33.2033
32.4803
31.3692
30.4706
30.7616
31.8369
30.0562
32.5899
33.1861
31.6818
52.016
33.689
32.3965
32.4014
32.1462
31.8059
33.6229
33.0932
39.8286
37.0144
35.2219
41.4268
52.2055
67.9611
33.9055
46.0867
31.9982
38.7833
32.7129
33.4319
30.348
27.6706
29.2924
28.283
45.1446
31.2614
33.1584
32.3583
33.4082
33.2979
32.7784
53.2304
32.4558
51.3651
30.9799
45.5558
34.0393
55.2884
30.0412
43.207
29.7501
30.0887
31.3787
32.6127
33.1029
63.8875
45.4228
30.6176
34.4048
34.4416
35.1361
31.7866
32.3288
33.324
30.0707
29.1295
29.9787
31.7219
31.1525
35.3483
34.3615
31.4383
31.4035
31.442
32.1954
32.0392
33.6726
35.6973
58.2593
34.4618
32.7676
34.9292
39.2232
40.4106
34.0316
33.8393
34.3375
31.4142
33.7546
37.9092
57.0758
37.0431
29.2277
27.8179
29.9128
29.1825
37.3591
30.2846
34.7
30.4041
36.4307
33.5053
32.0715
34.4673
33.7532
37.1817
32.275
40.5918
35.1914
35.6759
35.2541
31.2754
44.2139
28.5738
42.9578
30.2509
39.7689
29.015
34.7523
66.2299
34.8863
63.0607
31.9503
32.9943
35.6528
33.7907
32.9466
36.3184
51.3799
35.2567
51.6566
33.1229
31.8879
30.6278
49.4112
30.2553
44.0762
31.1199
31.3637
32.8589
51.8772
32.5132
32.6803
34.2538
33.6695
32.5704
34.919
32.6287
32.5715
31.4888
36.6856
30.3624
30.022
30.7021
35.5345
29.6429
30.3895
30.9229
30.1271
30.6136
60.1648
32.1229
39.385
33.0755
41.96
31.8252
35.5299
34.7539
31.8846
29.4281
50.3237
36.0268
30.0781
31.8127
31.7803
53.1969
47.4764
30.5931
30.3905
31.9852
31.5046
32.8559
35.4895
31.4285
32.2563
37.9145
30.1688
40.6796
30.7478
29.7532
31.0046
30.7441
31.1916
32.2989
30.8725
31.5565
40.4212
40.9264
32.6328
33.1117
30.8076
32.8604
33.1469
32.2006
32.1814
33.3603
30.8706
32.8277
30.6994
42.4783
31.1149
43.1503
31.8017
30.9782
40.6964
28.9239
32.8119
28.6151
29.6855
36.0609
26.6726
31.8479
24.5493
25.2309
30.3587
27.8798
40.8367
26.4216
25.7306
26.2342
26.1087
26.7736
27.0773
27.1915
25.595
50.0306
38.1828
37.2095
24.8726
23.9951
34.9658
23.6905
25.3928
24.7116
37.9204
28.8647
31.2879
27.0731
25.6102
25.6545
39.6923
41.3005
25.9929
27.0471
26.3026
27.5102
27.3188
25.8115
27.4568
24.9445
26.7808
24.5661
25.0063
26.0504
25.8387
35.4609
37.4619
25.7908
31.3698
25.9136
27.7227
26.8668
28.952
48.6784
26.7725
35.6916
25.7407
28.3059
32.7684
26.7852
26.2216
27.5987
27.6466
30.9976
37.5736
27.0047
51.3989
25.3995
30.6768
27.1757
25.7142
40.7427
23.9822
25.4515
26.5843
40.6575
26.336
28.2471
23.2958
34.6482
23.6767
38.6801
23.5763
24.7481
29.579
22.783
23.244
22.3341
40.2589
23.234
21.3713
23.5286
24.1249
23.7379
29.9671
21.2054
21.5391
23.2014
21.5122
28.2514
21.4177
46.6244
20.5285
20.2189
22.8231
25.9518
22.4499
23.6685
23.9583
22.6905
20.9029
32.6987
26.3159
22.8519
21.5443
28.5726
24.9578
19.709
18.8559
17.7143
26.1224
20.6496
21.2406
34.4448
22.9595
25.2284
22.496
42.4283
21.9161
25.1957
37.2303
37.0719
20.0022
35.757
21.5471
21.8131
22.5732
20.2764
21.7637
22.6906
31.0038
33.868
20.8372
19.0014
19.4583
18.5381
19.6697
21.0133
19.6044
18.6692
20.2235
30.838
24.5839
30.271
24.3313
22.2162
22.5387
38.8336
23.8636
28.2229
23.6604
29.7675
43.6463
23.7952
49.1654
47.431
34.5634
32.7928
47.046
25.6867
25.7697
49.4921
25.7903
41.2008
42.4949
25.3779
41.7801
33.1555
24.9141
37.5284
28.9345
25.6716
28.0791
24.4189
25.4944
36.1238
24.1011
32.1591
24.4875
26.3375
25.7735
25.411
27.2317
25.5385
47.2362
26.659
41.0711
27.1346
27.1193
26.2936
29.8465
25.9297
28.3534
26.5151
33.3309
29.2986
25.4412
26.1599
27.4221
25.4826
28.5817
30.4896
25.8511
24.7839
38.3408
35.8928
24.5667
25.4433
26.9954
26.8291
26.2437
25.3164
26.2367
26.8754
26.7505
25.0132
59.4576
30.9911
26.4954
27.0181
23.9044
30.19
25.6619
28.758
28.0983
42.2147
31.5028
25.0671
26.0901
25.7755
51.4565
26.2392
39.1502
51.1735
26.5679
39.3635
24.1514
25.0354
25.0203
22.6704
22.5027
21.6095
23.611
21.291
25.5882
36.0604
24.3763
39.8591
24.9733
32.7355
42.9195
28.0142
37.1545
27.1515
39.077
28.8341
28.856
38.9371
29.068
37.1034
39.8411
32.6319
26.3498
26.2944
26.5311
27.2779
26.1553
27.7658
25.4093
35.6739
26.2753
30.573
26.1056
26.0414
27.1547
26.8735
26.0138
24.6205
27.2971
23.3025
28.2356
37.3595
30.1877
24.9617
26.459
37.4211
26.4308
25.5421
35.275
26.4217
26.3133
42.9004
25.7338
45.8138
32.7609
28.053
26.7904
27.1384
30.1013
26.8139
28.0516
27.6237
26.8689
26.0721
28.334
26.4121
28.0402
38.6183
25.5778
31.5419
24.45
26.2208
28.5015
28.1836
28.4045
27.3961
26.6696
29.7107
29.529
29.299
29.2788
44.3021
31.0051
29.165
30.1948
29.0555
28.3353
51.655
38.8424
42.8607
26.0092
27.7934
27.3466
27.2174
44.4045
40.7734
44.7522
31.4809
29.5352
28.7155
44.4671
29.2063
27.9511
27.9854
27.091
34.7722
24.8402
24.4924
24.2228
25.3154
28.152
26.5255
29.1173
28.8492
64.8323
35.3039
45.5653
31.3345
31.5594
30.527
29.4234
55.9908
29.6697
42.0829
37.9286
33.1755
26.821
24.8935
40.5824
26.279
41.1822
26.2127
28.2676
29.0122
35.2321
26.9051
26.3415
34.7995
26.4767
25.1322
25.7288
28.8798
26.0735
53.4271
27.1202
26.8944
27.7277
27.7341
27.9347
30.9242
35.1485
30.0433
31.4686
28.2114
34.3572
28.7611
40.0968
25.0961
56.4911
28.0305
38.4477
28.8274
29.9832
45.8061
28.1062
43.4836
28.1722
29.7773
27.983
36.1865
24.0328
24.6698
24.2999
23.3169
24.2965
26.4371
28.3478
25.554
28.9374
27.2602
46.2495
26.5585
41.7828
28.3749
27.5043
34.7321
25.8204
42.5469
25.5359
25.7115
27.1183
40.9323
25.1264
26.6043
27.5607
28.4848
28.8368
27.9905
27.6952
25.8154
26.7849
26.3598
36.0341
26.2417
26.0248
38.6411
26.8603
24.0773
27.5642
27.1161
25.9807
26.8397
27.3185
28.7536
33.4615
29.7241
25.3432
25.949
24.684
31.6643
25.9916
26.6789
26.8936
28.1597
41.387
28.2854
30.9593
44.9549
56.6137
32.2519
28.5615
26.555
27.6513
34.9077
36.9679
25.7564
27.1774
25.0557
25.1767
25.3497
42.518
35.9639
24.1835
31.8199
45.3127
25.4586
25.6742
27.2026
26.6284
27.4615
27.2206
40.0685
25.9762
42.9083
24.5108
24.6911
24.6092
38.718
26.8573
35.942
25.9475
28.4919
26.4364
39.7845
28.4111
25.3045
28.3003
36.7347
25.8622
26.8807
27.4837
29.2596
25.4401
32.1691
25.1961
46.9395
27.9048
26.4187
24.5191
24.3056
26.1995
24.6339
33.7808
25.6985
41.8035
26.2845
39.6404
34.6929
26.6959
33.3571
30.0698
41.9054
27.8226
27.5462
28.0573
26.0782
26.6308
44.3146
25.6777
29.6945
25.0491
28.7127
27.4183
27.536
30.5596
30.4946
43.1401
26.2401
48.1923
29.8546
28.8183
27.0377
24.7326
25.9584
38.4749
25.8079
26.2329
38.8588
27.1584
25.9441
26.3778
26.7969
39.3255
26.1149
28.7385
28.0784
32.1454
53.5671
28.0628
29.9127
29.2777
30.1705
28.3521
28.3283
28.8025
42.2352
35.704
28.3192
35.787
28.5144
40.256
28.8145
35.6366
30.413
31.0638
30.6138
29.2779
28.2291
32.2554
29.6827
27.9754
33.0267
27.4349
27.196
29.7234
30.51
39.0149
32.0667
30.044
30.0515
30.3705
29.6255
28.1682
28.1709
28.8573
38.4408
51.648
29.19
29.0226
42.5035
28.4104
28.4747
31.2584
31.838
29.5737
31.1827
31.1618
37.5862
30.4198
40.9286
36.5299
30.1417
31.0228
28.3514
28.9085
29.3126
29.3831
29.2017
29.1685
27.8282
26.8647
36.078
32.4964
31.8231
28.6472
30.2585
29.6114
29.2732
32.305
29.2657
29.5357
41.8218
29.6168
45.3428
29.7033
29.7451
30.7041
30.136
28.958
30.3044
45.8837
28.7243
52.207
45.1903
28.0478
46.1079
28.5962
27.9117
27.5936
28.0076
27.5915
27.4333
27.3546
35.4317
33.2836
28.3741
28.3751
45.977
28.4275
28.8106
31.0774
28.4653
39.6677
58.9517
29.1603
29.9778
28.2115
29.2121
27.1993
27.9732
28.0995
30.0492
29.2529
28.0461
35.7662
29.7742
31.5822
29.7462
30.3896
28.3837
26.9221
27.3458
26.5468
29.4981
26.9482
27.4316
26.9236
26.1673
25.2793
25.6267
26.8273
37.8385
28.009
27.8972
27.2036
31.4502
25.5791
25.6556
30.0178
30.3938
25.8621
26.421
25.6545
25.3514
25.3704
49.5716
24.2335
33.4387
42.4842
45.0468
33.2639
27.7927
39.3351
25.4569
36.5221
26.8007
27.7981
33.1343
28.7657
26.6413
26.6151
26.3829
25.457
25.2549
24.5539
27.9115
26.3846
32.6872
33.6367
39.682
27.1163
25.57
38.0363
27.3018
34.1717
26.7035
26.3526
26.8079
30.5503
36.9669
26.2432
25.3514
23.0067
36.2362
24.0798
24.9417
43.3485
23.5171
26.8655
25.7131
23.5329
39.793
36.6938
29.5208
25.9683
24.326
23.8716
22.7237
30.3027
25.6855
32.4537
31.5438
43.0467
44.7442
26.3217
34.5743
29.0141
31.0862
29.7778
51.373
30.7995
45.4965
52.2168
30.975
38.5407
29.995
30.197
30.1176
29.7429
31.66
31.6111
31.2224
30.1955
45.7547
30.5094
28.0486
28.051
29.0674
27.583
27.4821
27.8455
44.8516
29.5053
28.8909
28.3115
40.3711
30.1682
30.8237
31.1419
30.3159
34.1491
32.9618
34.7962
29.5872
30.0148
29.2199
29.3216
31.1345
41.959
38.0001
30.5782
28.2322
29.0111
28.9156
32.5032
30.597
29.848
56.6274
27.45
34.8279
26.502
26.3768
27.0516
26.0656
27.2084
31.038
26.0982
25.1843
37.0271
28.2854
38.313
28.9129
28.589
27.8768
43.2996
25.4898
28.915
26.8834
39.6889
27.4606
29.5626
29.699
41.0639
28.7796
40.5483
34.0029
27.415
40.3546
32.3595
27.8405
36.9548
27.906
27.5218
41.1746
29.8208
28.5222
27.8701
28.3313
26.9578
25.3342
26.1382
28.6685
26.2289
26.0327
25.5855
25.5997
26.0122
27.2255
42.1738
27.4609
26.6521
26.7257
30.3271
42.2179
27.3123
31.0006
28.166
56.209
29.0256
29.8233
28.8491
28.2921
39.0954
27.0874
30.7936
33.956
30.4166
28.9271
28.2682
28.7387
32.4651
29.2512
29.0899
32.6522
35.0258
25.9501
29.4906
30.2048
35.6259
27.1296
54.0287
28.7219
43.0111
27.4621
45.3248
28.8192
29.1626
30.5979
30.8467
31.6791
31.2681
46.398
31.2563
30.1484
28.3124
31.5604
62.5881
30.7453
42.0049
30.0017
31.5489
36.5907
28.3007
30.1612
29.2257
29.8681
29.8937
29.8751
28.6423
29.0434
30.3023
33.0013
34.8879
51.4203
33.5915
56.1144
33.4983
50.6518
35.2863
32.2224
34.8669
32.3614
33.0207
31.2801
46.0804
31.6646
39.4234
33.6602
35.9507
33.3343
35.186
33.3574
32.8675
31.5476
31.0798
30.9075
31.8225
44.24
31.4149
31.3874
31.8153
33.2217
34.2418
35.7462
33.0877
36.7458
34.8601
34.7956
41.3254
32.6136
36.7894
41.3051
38.5147
35.0585
35.9206
31.749
33.5033
31.9186
35.2717
32.0059
56.2832
32.1641
32.0652
38.4368
32.7618
31.4733
30.9607
30.7715
30.7975
30.7611
31.3529
32.9844
32.5078
30.864
32.2104
32.1904
31.4126
30.8085
31.5578
30.7125
31.9854
32.4513
31.0124
52.486
32.6677
48.994
54.5155
31.8516
32.0969
41.4163
31.4197
32.0783
32.0596
33.0947
31.1199
39.8836
48.7063
47.4363
28.9416
30.455
38.9527
40.7091
28.5883
28.5982
29.2923
37.7389
32.2239
48.4394
29.7855
29.7482
30.4178
63.6275
30.428
31.4972
30.6724
43.078
36.7918
32.7574
30.8804
44.7565
40.561
29.4605
31.4839
30.3252
41.0569
28.4136
45.1788
28.3154
28.6727
36.8285
28.0538
29.2816
26.52
29.8888
32.5256
28.3388
28.2775
29.37
30.1117
31.3056
29.4153
31.6905
30.1582
31.5108
47.8307
45.6734
29.5365
42.2743
55.2242
29.4217
32.2886
28.5573
40.782
28.8052
36.0701
43.2572
44.888
31.1878
28.9865
29.3038
39.1052
38.5077
40.0242
26.6475
28.9561
48.6875
45.942
40.6915
34.6967
28.2007
27.6925
44.3702
28.0674
45.1397
35.7373
31.8259
30.6009
31.1775
28.9679
45.6642
53.8537
53.5364
40.4812
41.6669
28.8937
28.92
46.3338
57.8833
27.7003
31.0506
28.7783
27.4089
28.0234
28.2043
40.1501
28.1889
27.3938
27.3953
35.3057
30.858
28.8126
27.913
40.7385
28.7987
33.4842
29.6351
43.8792
29.7095
46.4404
32.3969
29.3387
28.4356
39.6621
31.8969
29.2289
41.6477
30.4395
33.5486
32.3036
28.8884
54.2995
30.4039
29.9419
31.498
27.1794
28.2123
27.8056
29.1687
27.4743
27.5056
30.4758
29.617
27.3388
29.5433
30.3923
27.4231
28.3234
28.2889
27.3387
29.9976
30.1068
46.9918
45.8407
46.2567
31.1192
44.4431
31.3543
43.8207
49.4833
33.6597
29.2145
29.7749
29.6702
33.954
30.5173
30.4794
29.5902
30.1464
34.0284
43.3057
28.9366
30.2606
33.5661
29.7408
30.3275
30.4775
47.4667
27.8383
32.7577
28.8114
30.5732
28.7421
32.6223
40.6179
29.674
45.9282
36.5374
29.4405
28.1542
32.533
31.2324
53.2785
36.392
27.7977
28.8568
30.4513
28.7857
37.4678
33.206
35.4785
33.4762
37.2913
28.6433
28.8517
29.5861
29.3198
29.0413
33.0371
29.0594
40.6482
29.1359
32.2563
29.0636
28.9418
28.6742
33.8059
28.5878
37.5491
29.8644
31.9529
31.1785
31.7523
30.9119
29.998
29.1748
45.3757
44.9054
27.5773
40.0243
26.7255
43.3429
28.2056
29.0295
29.669
27.1416
27.0813
28.2747
27.2334
26.6034
26.9646
28.6558
36.7827
29.6456
28.4115
30.4919
36.1245
59.6415
31.2568
51.4209
29.1397
32.0458
28.3677
29.7383
27.5399
33.6593
31.2628
31.5913
27.207
57.0236
37.1478
27.6086
37.0024
30.8245
28.652
25.8797
25.9711
24.7435
25.744
24.1174
26.9822
32.5502
41.8305
25.8902
41.2677
28.2779
43.3858
32.2372
31.3161
45.6702
33.2621
26.9216
26.7328
29.2053
26.7558
47.3998
27.0364
26.9085
27.111
39.8621
25.6137
33.7711
25.7183
27.3328
28.7726
43.4754
27.8148
43.9751
26.7674
27.4978
38.4333
36.0444
29.9979
25.2635
27.0384
26.0011
24.7466
26.5026
23.2294
25.9026
35.4587
24.7807
26.1333
24.1587
33.6906
38.3502
27.5703
28.4451
39.3525
26.0333
26.4876
24.5461
29.9696
24.7209
40.0522
50.5124
30.3792
27.0472
25.0553
26.1727
37.9421
55.0506
26.5653
28.9856
23.0562
24.9995
23.8448
23.2596
23.4629
27.06
25.8476
25.6208
35.1006
26.3869
28.1968
25.9402
29.7918
29.3302
28.34
35.4037
25.6734
39.6641
23.9336
25.6434
26.562
37.9902
24.3347
41.3418
25.0344
26.3289
25.2685
25.8952
25.1878
24.2272
23.7375
40.3814
32.4984
28.2165
36.9968
25.8389
24.0285
26.6023
23.7019
23.4674
23.137
24.8007
23.1376
23.5408
23.8632
25.0245
24.6485
23.9106
23.4079
29.018
26.425
26.017
26.9658
23.8515
25.6261
24.404
23.7771
48.2726
29.3868
25.8394
24.9767
26.3304
32.7442
37.1721
24.9346
27.2395
26.2982
24.756
41.3347
23.1911
30.533
34.8755
23.1141
29.3332
23.4771
24.3264
23.8274
26.2248
23.6578
24.305
23.8058
26.5995
22.4885
22.2705
22.6686
22.8326
24.4654
34.9156
22.6491
25.8869
26.7364
39.7973
52.4461
23.9957
30.6246
24.2742
38.041
25.2136
40.0571
29.701
34.0684
23.8292
32.3113
34.4227
39.8465
24.031
31.9235
28.632
26.3735
24.9909
24.8693
24.5343
23.3278
22.6846
23.5584
24.7992
31.0766
23.7198
24.1607
23.5734
24.2465
42.793
31.2627
25.1515
39.1452
25.1283
43.4502
34.5794
26.9657
27.2797
40.2585
25.7514
56.939
27.2334
25.1485
26.7904
26.7995
26.532
25.1288
26.4579
24.4349
27.78
26.7292
25.6983
33.9446
43.2233
25.4121
23.6092
23.6448
23.6048
23.4193
29.3042
26.5195
25.7477
27.8306
30.1472
26.8549
46.4547
28.3587
27.7211
25.9208
25.0783
24.7237
24.9779
30.8584
26.2159
25.4339
30.4745
25.8253
25.3644
28.168
26.624
25.4669
25.8398
25.4718
26.3187
25.9467
24.1393
24.6973
25.0513
24.0526
29.5243
25.2218
23.9148
24.8428
30.1563
22.0959
23.5497
22.9071
22.6115
24.5811
23.9255
34.3665
23.1997
25.6238
30.8407
23.764
24.4998
25.3066
26.0732
37.5744
27.2973
59.9956
32.2722
26.2169
42.7699
26.1527
24.8969
40.3163
26.4262
45.8786
45.229
48.1868
35.4694
29.5436
31.4436
26.0013
32.0006
31.1505
31.3593
30.3071
30.809
29.675
30.9537
45.6312
36.3582
31.94
35.5213
49.5701
32.3859
48.8971
30.5406
35.3415
33.8783
36.6167
34.0157
51.0204
30.3754
45.6018
31.4046
33.1954
30.1311
29.3344
30.4832
48.7899
40.8031
27.9868
29.6027
28.1719
29.1847
28.3515
28.5765
28.5749
46.7912
29.6518
28.6383
28.2919
28.8158
37.1223
32.3065
30.3527
31.4958
33.1975
31.7905
53.566
31.1919
31.7249
33.1563
32.9744
34.1615
31.955
48.2491
32.3018
47.8502
58.6905
33.3705
36.5756
34.329
37.5707
49.6312
36.0315
34.1612
33.3448
33.3641
47.0939
32.3201
32.1254
33.62
31.9624
33.382
32.3003
33.0752
32.2748
48.0301
33.9073
41.7709
34.7073
31.3665
34.1927
31.7884
54.399
32.7612
30.8428
31.2083
31.916
31.9455
45.8491
31.6153
46.5353
31.8257
34.9189
32.2782
48.7121
31.7518
33.918
30.7197
37.4246
30.0884
31.1272
32.0263
47.995
31.5593
33.2267
33.7595
32.4961
34.4837
32.593
31.7062
31.4196
47.9759
54.5483
52.2337
31.2816
72.4083
32.9116
35.6303
38.7499
32.2325
32.6736
33.9249
39.4124
32.5928
44.0145
32.2734
30.5812
30.2094
31.9059
31.1713
31.6631
33.2953
37.6277
32.3854
36.4889
33.1883
32.2077
31.155
51.309
32.6766
45.7693
33.3286
34.6623
30.8639
32.4217
30.6072
51.5672
33.1184
48.7837
58.6881
34.1472
52.4549
40.504
31.3457
49.0819
30.6519
30.5869
51.4939
32.5773
35.3504
32.7011
33.3925
37.0135
34.0195
40.7555
48.6717
34.7016
39.7736
35.7731
37.4818
35.4465
39.2124
40.2543
42.389
40.1193
35.0341
37.1258
37.4296
36.5307
36.4681
37.8035
36.0182
35.2592
43.2056
35.2728
34.4896
35.2547
55.0627
33.9955
36.4234
35.0331
36.3875
36.1416
38.7588
68.2025
35.5335
37.7358
35.421
37.4354
34.2552
32.6411
33.1806
35.1318
46.3634
28.391
30.1912
42.423
28.2577
30.8064
36.9029
36.2088
31.7541
27.1344
25.4382
25.9934
27.1989
41.7082
27.8009
48.3401
33.2887
36.4897
32.1921
30.6773
30.728
31.992
30.6946
32.124
31.1407
63.993
30.0808
28.2777
47.1063
30.7509
33.174
30.966
30.2301
56.2795
31.0715
51.914
31.6647
48.0559
29.4061
29.0774
27.4342
27.6852
28.8834
27.4988
29.2645
28.3706
27.7557
29.6885
25.9555
28.578
30.3812
30.2121
29.6362
28.6993
46.2918
38.0722
37.3207
27.2197
38.4
46.663
47.1592
30.3883
29.1337
31.604
30.5535
45.2486
30.1122
47.218
31.2066
33.0808
49.753
31.179
29.6798
42.6023
27.9477
36.415
29.5074
31.7919
31.0261
31.8331
31.9894
31.9329
32.1017
34.2191
32.3597
32.9111
31.7557
41.4533
33.9127
49.3059
41.556
48.0234
32.4477
31.6918
31.3367
30.8536
49.2952
31.8923
31.6374
43.1673
31.4175
47.7426
30.6576
34.29
29.6995
30.8472
32.5304
32.4685
34.9237
31.3483
31.632
31.8965
32.0347
44.5679
31.7978
31.9327
30.095
30.1839
30.219
41.6933
30.2522
30.7659
35.588
28.4924
30.4904
33.7267
30.2693
27.5301
28.4772
26.989
26.8807
28.5991
27.8764
32.7059
27.7866
43.0908
26.8131
25.6763
26.8997
28.4234
27.2052
26.5518
26.3734
27.6018
28.1035
28.7569
28.8232
27.7749
28.9973
39.4355
29.9299
30.5023
29.803
35.819
31.5989
28.5669
49.3775
28.8307
28.9145
27.1285
28.2602
38.4403
29.3061
29.5657
28.6595
31.6169
29.7452
29.549
37.6365
30.8327
29.8423
29.2032
29.0957
31.8779
30.5347
29.8923
32.2761
30.6481
29.5862
30.122
30.5608
26.8077
29.6609
29.0851
29.2131
29.2658
31.607
29.1883
42.702
48.5506
47.5798
42.0457
30.0314
33.3067
27.8304
32.3669
29.8859
43.081
31.2691
30.6018
30.0789
30.108
28.5984
42.7807
32.447
29.0357
28.1775
27.1156
27.8607
31.9249
26.522
26.3867
27.2333
29.9888
37.4396
33.08
28.8351
35.4895
29.802
27.8359
46.1195
29.3064
44.4306
27.7579
44.4845
28.276
27.9829
27.5697
27.5302
50.9364
26.5013
36.3966
27.7688
28.1962
28.1088
35.1515
29.2744
41.1441
36.099
27.4002
26.912
26.5035
26.3494
33.7159
26.932
26.1964
27.2543
27.43
25.8287
24.9782
28.4211
26.9685
25.9957
35.2392
28.8902
28.2966
29.314
39.4132
27.6242
30.7005
29.1067
28.3631
29.5636
27.0832
27.4048
26.9558
45.1995
26.2804
45.2994
28.1922
38.6833
28.1774
28.6326
27.6188
27.4449
27.3979
27.4957
27.7382
26.5352
26.6135
26.4267
31.3129
28.168
26.7863
27.6592
25.6457
25.0725
26.0672
35.3877
27.7607
28.9665
27.6744
28.0258
27.2417
28.3581
27.4214
27.9774
27.1537
31.952
26.4483
28.1011
53.0151
26.7879
32.5513
30.7405
25.5462
32.6536
25.5803
25.8154
25.2386
33.1516
27.042
28.8172
27.2739
26.4671
25.2867
41.4991
24.8938
25.7677
25.369
24.3657
24.9206
26.4857
27.118
26.8394
51.783
32.7432
44.9936
31.8933
27.7908
27.2991
26.6197
36.6363
41.4695
25.9551
39.5535
30.1025
25.5725
40.2552
38.048
30.3201
31.1656
29.3982
28.159
28.9038
29.2042
37.3556
39.4809
30.58
26.5745
26.0462
26.1371
27.7146
34.9219
30.1452
27.1121
29.1195
27.1113
35.8518
29.4227
31.2689
31.7028
27.9036
28.6398
27.2884
29.4252
28.4835
29.7036
26.7313
41.234
40.9527
33.5
29.0246
28.7146
31.3705
26.7117
44.8929
48.788
28.1118
28.0907
27.5742
28.114
27.5961
26.3849
26.7047
26.264
26.6387
33.9084
25.3825
26.3799
26.5851
33.961
28.7137
27.861
28.5418
27.5884
29.5057
27.7416
30.2246
27.3958
29.606
43.9084
59.4192
30.0203
55.7897
27.7109
45.8008
29.9634
31.9068
27.4169
48.1851
28.6985
28.9418
37.1312
30.2177
26.6719
26.6994
45.5776
27.9291
27.262
26.8398
26.6651
27.4069
25.8955
26.8621
28.1818
28.1214
25.9533
47.6382
42.0451
28.2819
28.738
28.1066
39.464
27.4976
40.7771
30.1052
27.8785
27.95
28.5574
36.0215
42.5448
27.8468
37.918
31.9044
28.3383
28.1983
30.7702
32.5061
27.3592
28.0579
44.6101
37.5288
28.3125
27.8836
26.411
29.3924
28.4034
27.3212
29.4328
28.4194
35.6775
35.3813
30.3013
29.8278
64.7273
37.2244
50.3992
33.0306
33.2397
35.7953
31.7318
28.2985
27.7185
29.517
30.846
29.1558
28.81
39.3844
28.4224
29.9673
28.8787
27.8811
26.5168
28.9245
27.9892
29.8725
28.8984
28.4565
38.5836
32.4652
27.4855
49.2689
30.1826
31.072
40.0465
28.8274
31.925
29.1629
32.1475
31.3335
32.7925
32.0704
32.5313
54.2187
30.0238
29.6587
31.0759
29.2938
35.729
31.1499
34.2236
39.5821
29.8144
28.679
50.2045
28.6164
28.0467
53.8225
27.7177
27.2305
28.8294
57.8762
30.0503
51.818
36.1911
28.2709
28.3928
26.4432
27.5926
31.6318
28.9694
27.8387
28.1747
28.7694
28.6577
28.6351
29.1952
29.1297
28.7546
30.1983
27.9109
43.7222
30.2175
39.7672
28.0559
26.9232
46.0013
43.1518
25.3341
26.6026
27.2068
42.9716
26.4847
25.4644
25.7568
31.5648
27.6229
30.8974
55.2623
26.8867
31.7885
30.9124
29.0356
32.23
26.5821
27.5284
28.1676
33.6761
26.9632
27.2942
27.8011
27.698
29.6434
28.7964
28.6506
27.6972
53.7962
32.5678
38.3686
27.7029
27.71
28.2229
27.8483
27.868
28.5045
27.8143
31.6458
26.1329
38.9382
28.5897
27.2768
28.0983
35.3569
27.6601
28.0401
28.6449
27.4749
30.8493
28.7808
29.4225
29.1953
28.8807
27.8206
47.6394
30.2864
30.5324
30.3683
36.1452
38.6306
33.2742
33.1465
30.8415
28.3352
32.988
28.5062
29.2975
29.8836
29.5673
33.9665
28.3282
30.3712
32.7601
29.426
28.3234
29.26
35.0693
32.3297
29.5018
33.274
52.662
42.8935
30.4132
29.6127
37.9431
29.0569
28.307
48.8693
29.0386
31.4823
30.1029
49.5793
31.3086
49.0341
31.6064
31.3435
28.4012
29.462
27.9083
30.7549
27.9008
31.9862
27.4383
28.8678
28.4107
28.1917
29.3894
28.271
28.695
28.7791
29.0194
28.4884
30.4831
31.2373
30.8748
49.2958
34.2166
48.7158
29.6366
31.6057
29.8227
32.1025
28.4948
44.0711
27.7229
53.8937
50.2916
43.8661
29.4125
29.9542
29.0709
28.4118
49.124
55.965
38.946
28.7701
27.9957
27.958
41.1001
26.2089
26.4711
28.252
27.8111
26.1697
29.6568
49.8774
31.3957
27.702
48.8769
47.9379
42.3647
35.6867
28.0138
43.9604
27.539
29.3873
27.1146
28.172
35.6842
31.289
29.2614
28.8367
27.4748
37.1573
27.5863
35.1524
25.9424
30.0724
26.2088
31.5071
26.6516
26.2475
28.0382
26.959
27.1522
28.009
42.9848
26.036
50.1236
35.6856
25.2918
30.6714
45.5317
26.6169
26.7105
38.0899
34.4403
27.403
26.604
26.1511
26.5976
27.4898
29.8441
35.9997
29.0252
25.8603
31.4557
25.8409
26.0318
26.4715
25.7107
26.1644
25.5188
27.5514
23.8248
29.5303
33.4471
27.6356
30.578
34.344
26.0866
26.2444
25.8315
25.1656
27.5063
42.9515
34.5274
32.6295
52.0871
42.211
27.1183
29.1556
27.7535
48.2661
43.5589
26.9574
34.1928
25.7028
45.646
28.8707
27.251
25.2589
39.142
25.8519
32.4995
28.1192
27.778
26.3996
26.9455
25.6279
24.4025
25.4309
22.2412
24.6739
33.7783
25.9837
26.77
36.419
25.1071
31.3983
30.4773
26.5958
37.0482
26.3623
27.6334
37.559
30.6266
26.4253
37.8416
41.1111
25.3907
29.7885
25.8346
25.1049
31.8357
26.2312
33.2059
44.0375
33.3777
26.9334
26.9853
26.1811
29.1411
24.9784
25.095
26.4622
24.781
24.1458
24.0158
24.4992
29.1662
25.7477
24.6473
25.992
27.5636
36.8581
27.9747
27.2392
35.4569
30.7877
24.7186
25.7627
25.3205
34.0171
26.3325
29.8258
34.4261
26.2415
35.2933
39.3554
36.6233
26.9309
26.2662
25.2953
26.9743
26.2862
24.6666
27.4106
25.388
26.8995
25.3542
24.2385
25.3714
25.4221
25.913
24.7588
39.216
25.8519
24.1258
25.3166
24.5373
25.8958
25.3812
25.8916
38.3174
24.7043
30.823
42.2994
27.4944
27.1492
25.5161
35.0781
25.9112
30.581
25.5635
39.8375
26.831
27.1823
27.2814
27.2353
27.6208
28.6782
26.8045
42.4584
26.2903
32.3718
25.8887
26.9742
26.6425
26.1007
26.2465
26.329
25.6725
24.7919
26.1685
28.4113
31.2148
27.9339
32.9651
26.8012
26.738
33.0358
26.2262
28.2679
37.9628
26.4662
27.3799
38.9062
29.1098
28.121
28.3535
27.7135
37.1773
27.5045
28.5745
33.4096
28.8291
30.8508
42.8206
28.978
31.8549
31.2783
27.8736
29.8694
28.9553
37.5179
32.4134
30.8862
35.9751
28.9117
28.7707
29.485
32.9184
29.0078
31.2345
29.9007
30.0372
29.5798
42.6406
30.1055
45.4039
28.7461
28.0902
42.4199
34.2218
28.7179
28.7439
40.4045
27.7536
53.5922
41.285
27.0074
26.3856
25.7993
28.0095
25.9302
24.1169
24.3047
22.8277
22.474
23.1719
23.7119
23.7728
23.5631
23.7421
25.9213
23.6543
28.6475
26.0112
25.0273
27.7589
24.3086
32.3781
24.5286
21.8897
28.4096
23.4988
22.9558
23.3429
26.7039
45.8001
24.1746
46.0188
24.9307
23.9607
25.0367
23.2574
24.2648
39.1897
23.8172
30.1818
24.8086
24.5689
23.8543
23.4001
22.0344
22.9948
28.0993
24.3678
24.3051
24.3243
22.477
24.0367
29.3069
24.3519
48.0023
25.7647
32.5011
24.7546
27.082
26.6721
26.378
28.5382
28.4906
27.6551
42.4243
24.8806
36.7426
44.654
31.672
26.8956
24.6044
32.3662
24.0153
26.8906
26.6627
26.0683
27.6629
44.0312
26.4625
27.4518
25.2379
26.1783
24.4544
25.3752
41.1534
24.1069
29.5808
24.3585
26.2949
39.4775
24.7183
29.6667
43.2529
26.9592
37.5543
38.809
27.7591
40.7061
39.4431
53.7004
27.9558
29.5989
41.6267
25.3547
47.3807
27.0901
28.9467
48.7549
25.8519
39.606
43.0032
26.9867
25.1291
25.4973
25.1915
25.066
23.8333
26.7328
24.4717
24.7901
26.2077
25.0698
29.3607
33.5105
27.0641
26.4143
48.133
26.5828
35.5794
26.1028
30.4039
27.1792
27.3207
26.7856
25.5451
27.4047
30.9289
40.5791
25.4096
27.7355
27.1999
26.4525
24.4421
30.9773
26.8326
37.2002
37.3873
39.0256
25.8152
28.4384
24.9402
24.5772
27.018
27.1925
27.0001
25.5513
35.9639
28.6396
28.7864
30.0376
31.2586
32.7615
33.1766
37.9296
31.3904
31.3629
30.1149
29.8999
44.06
31.0548
30.9573
30.8626
29.6308
29.8204
56.8348
46.7609
30.2747
41.3345
31.5559
43.4469
46.3392
48.8305
29.0106
27.3978
29.593
41.3616
30.1138
27.8485
30.9282
30.7754
31.9099
29.2859
30.2735
31.2295
30.2843
30.4805
30.3957
56.0026
30.2712
39.284
30.4693
31.1272
31.7093
30.5734
46.9828
29.3701
28.3652
31.4751
28.4011
35.818
41.0462
26.8203
35.6686
26.5883
27.5467
27.797
31.4675
26.2452
27.3834
27.8136
27.2299
26.3161
25.6198
25.7046
33.0049
31.1361
28.7824
27.5913
27.753
37.457
34.3225
27.0059
28.5696
40.4288
26.8935
26.1
31.3947
29.8387
40.6756
30.134
30.1925
44.2169
41.3432
30.9054
49.62
59.5879
31.1004
38.0631
29.7493
30.6251
31.1286
35.2159
30.7747
33.7602
32.376
33.3631
31.8494
33.2778
32.4507
40.6014
32.2555
31.7769
32.1586
35.0449
33.138
32.9408
51.3426
34.9718
30.8502
32.1731
36.5882
33.0211
32.4365
44.2078
33.325
33.6597
34.6396
50.6407
45.286
32.8257
32.3038
39.659
46.1552
40.91
47.9482
33.1444
52.9178
34.4679
38.189
33.61
64.0179
50.0407
32.7598
32.8412
34.2655
32.7156
36.5053
37.2568
34.0204
48.1958
38.2934
48.4303
33.6242
33.4072
33.0118
33.1018
32.8737
33.5741
35.3731
31.9914
33.4859
33.2498
32.824
43.2034
32.7094
34.3018
32.8323
33.9913
34.7855
57.9283
46.0006
51.7733
34.2625
32.7325
35.0122
44.6691
32.1254
31.6488
32.3268
50.4268
33.6596
34.3704
32.6015
42.1412
32.9088
50.5794
35.2443
32.5969
32.8179
33.8297
33.8654
46.6639
43.0334
41.4744
50.841
34.6261
33.2692
34.9593
35.506
34.9494
37.3891
35.6446
34.5308
36.2516
34.3222
43.1339
33.3043
55.2757
46.4707
36.4274
51.3258
60.9604
33.8711
34.7856
33.194
33.5454
32.5639
30.3818
38.8327
33.4227
33.6292
34.0398
61.6013
34.9393
35.9652
34.4695
34.1752
34.2569
51.1431
50.8331
33.1823
46.6858
35.3888
37.3909
36.9467
40.5588
34.9449
46.2579
33.0883
51.5415
35.1752
52.6687
52.0333
37.6073
33.8076
33.9447
35.5413
36.3805
39.2704
32.6797
30.5638
32.6528
31.7285
48.4084
32.9695
35.739
33.721
33.5396
62.696
38.3274
35.583
34.9603
45.8976
33.7833
43.6247
33.8211
35.4238
34.7552
32.1326
66.3808
31.3844
35.955
47.6647
29.0849
30.4438
34.9479
28.4316
27.6182
34.3579
29.4222
29.5035
48.5628
35.0299
33.0611
32.9193
31.28
31.4107
48.2113
29.924
45.1141
30.267
34.1206
45.4398
32.72
33.5956
35.4852
35.8374
35.78
54.5568
36.6886
36.3419
35.2491
37.3776
35.4862
48.5263
43.9897
37.349
35.2267
37.2623
36.0462
36.6143
49.521
51.0437
34.7538
37.3299
36.5424
35.1151
38.1877
36.4162
36.2214
34.0421
33.8087
35.2743
35.2512
35.5689
40.7166
53.3377
35.7903
38.1096
33.4454
35.1029
33.3188
34.1579
32.1227
34.1915
35.0443
32.8222
41.2863
36.7549
32.5783
30.9109
37.5064
31.6295
32.5776
48.6499
47.8832
42.5316
29.127
27.6521
40.8184
39.8793
31.0781
32.2007
32.3736
32.3064
47.9241
44.6537
31.9059
30.8042
49.7589
29.3677
41.1022
26.3463
26.0549
28.2082
25.0268
26.3923
24.232
25.3103
23.443
23.4395
22.1172
24.7974
27.4984
24.1078
25.2466
23.2555
33.5877
23.3742
22.5364
34.4167
24.1165
31.1685
23.0388
27.5395
23.8446
21.6728
28.6989
21.4124
21.146
31.108
21.6312
24.764
31.7338
23.3923
38.0447
21.915
23.2738
37.7681
21.9333
26.6804
20.6105
20.0003
25.1998
20.6416
21.7168
22.3885
21.9551
23.1505
20.1467
29.5916
22.4624
21.6141
22.2506
21.5671
22.9058
41.8152
24.322
39.3546
24.979
24.3705
25.9575
27.361
43.6023
28.7573
44.6209
39.6951
24.2613
24.9275
25.9793
44.0205
26.9102
42.5366
23.1316
42.279
24.073
45.5986
25.4952
25.5511
24.792
34.725
24.9751
25.6548
41.6967
25.3512
24.9383
30.9314
25.5977
31.1241
25.9684
26.547
25.8331
27.2515
29.5888
26.069
27.8911
24.9571
43.5161
26.4046
30.5566
27.8338
27.4893
28.9479
26.867
25.8484
27.0331
28.15
28.2685
27.085
26.3619
25.7842
48.6179
36.2743
35.1526
45.1647
26.6446
40.791
25.9404
28.9223
26.7318
26.5801
23.9483
23.2316
23.3673
31.1691
25.9487
41.0522
27.7047
33.6068
25.8974
39.5095
33.7884
27.4533
40.7393
31.8881
25.3543
28.4002
25.2424
36.9655
24.3161
34.8859
22.3336
26.212
27.0103
25.4862
34.6936
23.6338
57.6743
26.4155
24.9646
25.2918
25.6587
24.2554
26.2284
31.6831
27.5205
26.7345
24.1553
22.2386
25.9119
24.0609
26.7047
26.0106
26.6918
31.4972
33.2795
32.8817
31.5328
50.122
43.1987
31.7792
31.1501
56.3447
48.0718
33.3214
35.498
56.014
30.9662
33.6569
33.4658
28.6233
37.7535
59.3043
27.5213
26.744
27.7646
26.4267
28.4486
27.0235
26.6491
26.1362
25.9162
26.4495
25.0877
27.0182
24.946
43.4943
26.9344
22.8489
21.7465
24.174
23.3225
21.2829
21.4519
36.1449
31.399
27.5234
22.0947
33.1265
19.2549
31.635
19.0054
22.9225
20.4346
18.9378
36.084
19.1399
18.3602
20.337
18.2366
18.7719
19.9953
18.6612
17.9176
16.5192
21.1517
19.2092
16.7002
16.8006
19.0395
18.4934
27.8195
19.0691
18.8282
19.2306
20.9525
19.1165
20.615
22.5322
24.6157
26.498
26.7632
24.7993
25.7799
31.5875
27.7159
26.9275
31.2672
30.6071
46.5907
30.7726
43.4444
33.2718
33.6023
37.635
37.3914
51.3169
35.7541
34.6867
37.9029
32.3389
30.9789
28.2472
29.6054
27.2735
26.6164
27.4494
28.6947
25.9322
28.6172
28.9978
29.5588
34.5753
28.6658
44.8369
27.7369
31.887
29.8932
40.3831
28.853
39.7485
27.3184
36.0744
36.6971
27.5323
27.9729
27.6874
28.4896
29.7448
27.9491
26.2727
45.9908
25.9584
39.8568
27.882
32.4315
26.0705
43.3422
25.6346
24.9291
24.7969
23.6428
24.3609
26.0152
27.3109
24.5178
42.0908
44.1974
30.8568
27.0545
26.2787
28.0416
27.8111
28.3202
36.7764
32.6868
27.7852
47.7651
39.308
27.6458
40.5384
26.8865
39.4406
27.5088
37.4465
28.3771
34.2393
29.8075
29.3121
28.8552
27.8375
26.7872
29.0402
26.8489
44.9438
28.3438
26.5197
27.974
32.8474
38.4781
28.3689
27.8885
31.1125
30.4138
27.9542
33.6962
47.9878
27.8798
28.2397
26.5418
45.5529
45.9828
27.0195
37.1632
28.9074
27.7526
29.3926
28.4147
29.1147
29.6
40.8248
29.0131
28.7476
31.4407
29.4078
25.977
29.1635
30.7986
41.6718
26.0868
40.704
26.182
38.4254
27.5716
28.2382
45.2647
28.3043
29.4037
28.2677
28.2302
30.9565
29.6988
27.333
52.6058
27.8903
36.9411
35.2008
28.9274
30.3157
28.0999
38.8879
49.665
26.4507
28.9331
27.5453
34.3283
26.4256
26.6626
26.5803
26.5993
27.2965
26.427
26.1001
24.5419
25.1874
30.8358
27.956
24.3924
27.9262
25.4214
38.3278
25.498
26.7578
26.2144
37.1207
28.7549
28.5876
28.1804
26.6009
26.0675
28.1538
26.819
26.9533
25.6454
28.8158
27.2712
28.8879
26.1074
25.8839
40.1477
27.4426
29.2832
39.4241
27.0623
26.3952
27.4773
26.7938
27.8749
26.4809
28.4296
27.6316
29.8792
30.6727
26.2206
24.9956
26.1154
30.6935
27.6758
27.9679
26.6356
39.0352
26.6094
45.9173
34.6174
30.7242
28.4556
22.825
31.2987
41.6604
25.0962
27.3365
27.1506
45.3436
25.6108
26.0681
26.0759
34.9642
24.4785
23.4082
22.8694
22.9744
24.5694
21.9572
21.9571
22.8204
21.1881
25.5665
25.2775
22.179
23.7692
24.0148
29.881
39.3736
28.0714
26.4397
26.1238
24.6346
25.495
24.6739
23.8726
27.0467
24.8207
23.8724
25.7977
50.0836
27.0274
26.1103
24.1832
35.0211
25.2227
27.0689
39.1221
26.1939
46.5627
28.383
26.9977
33.6347
29.8632
29.3854
25.2428
26.8079
24.5619
23.7872
25.0885
26.625
25.4249
24.6202
29.3685
24.1421
30.6221
25.2985
27.8778
25.7447
25.3647
31.2687
45.9092
27.3121
27.4339
26.0558
27.6323
27.9289
26.4894
25.7691
27.2214
31.7747
27.6282
24.7368
35.9948
26.4923
27.0847
35.6815
25.8335
27.3261
26.6826
30.2856
25.6929
30.4597
39.2068
25.0821
24.5754
24.9093
24.179
23.1315
27.6351
28.8505
23.7237
25.5552
24.9302
27.2537
25.5324
25.4226
34.606
27.1188
52.3789
24.1053
26.1241
22.8147
44.4237
29.8183
22.6946
25.0968
23.6823
23.0792
30.5459
25.6746
35.7452
29.6518
22.7049
22.7429
22.8726
24.1536
24.591
22.908
23.3738
24.2448
22.8662
22.9235
28.7491
31.6058
25.416
20.2915
22.0819
20.6926
22.5381
22.9825
22.5599
20.6646
35.1809
26.392
24.59
22.9378
22.1583
28.2536
21.7538
25.8932
25.0844
32.5867
21.645
29.3818
22.2248
26.8297
45.9597
24.3599
24.7841
25.9582
25.3877
24.908
32.2107
24.9524
24.9969
32.1385
40.7047
28.8205
39.7708
24.7055
25.7782
26.3995
25.6366
25.1321
27.1022
27.0083
26.7249
27.0514
25.7393
27.0734
28.4284
26.2478
26.5746
35.8462
26.9994
27.3599
43.6368
41.7466
27.1418
42.4038
29.5478
28.334
27.6997
28.5321
26.5192
24.8607
49.0937
30.9692
25.297
41.4858
25.3933
46.0159
26.2356
26.6393
29.8779
24.2283
24.7166
25.7517
24.8036
25.0848
24.9118
26.3034
27.5075
24.6302
36.0975
26.2072
26.4651
34.9764
25.496
28.7736
44.1082
26.5985
25.6032
50.5363
32.9202
25.5519
46.2937
37.191
27.4496
45.4078
26.1928
44.0576
24.4388
32.5872
37.6174
26.8283
24.6164
24.6028
22.9511
22.2134
25.8953
24.3978
22.5897
23.4323
27.2102
22.8461
23.9986
23.177
22.7445
24.3025
22.7105
22.7055
38.2648
22.3217
24.8478
25.1117
27.7254
23.8604
23.1807
28.0607
35.7148
24.3245
45.6144
39.42
23.6033
27.4265
25.4339
25.1097
25.8309
38.6912
24.7414
25.3842
25.1507
27.0383
25.1398
42.6781
34.6941
41.5575
24.6227
26.2541
25.5452
25.4955
31.0453
27.5731
27.3688
44.9473
28.7133
35.1794
33.1088
27.3746
38.4711
45.7766
27.7021
45.0645
32.8625
31.7575
25.8556
27.0337
37.9928
25.5453
27.8202
24.9755
40.4557
24.9029
39.0746
26.1428
25.6688
27.0491
27.3625
27.8617
29.7904
42.0124
26.111
25.8004
25.2079
29.6023
32.8481
25.7372
26.0153
26.1986
27.0234
28.5149
29.0375
29.3356
30.6159
36.1337
29.969
46.0885
32.9968
31.1359
30.2728
28.9428
27.5827
26.0359
26.8603
25.4934
24.5268
46.1802
27.0778
46.1365
27.4714
26.3692
24.1001
31.7097
26.449
34.8043
33.6588
27.0384
24.3424
24.4506
33.3608
24.1278
24.926
25.5669
40.6988
27.1752
28.0182
27.2634
26.2808
33.5581
24.2553
25.1158
23.4494
24.9698
24.4007
26.8959
26.8864
44.3581
27.4895
47.8954
28.5877
28.8717
27.021
28.6181
26.7244
27.9504
54.3366
26.3029
25.9513
41.0837
32.7458
25.7924
37.245
29.923
26.0864
27.9461
45.3057
27.4676
26.6069
31.1089
31.7231
32.1306
31.1502
35.2489
30.4383
30.0045
29.8042
30.775
34.6051
28.7531
36.0237
32.4324
27.6545
29.0655
29.3239
31.5963
30.6108
30.2312
30.4488
29.6529
31.213
30.8763
29.9064
31.653
43.1649
51.1442
43.5611
30.9471
34.4173
32.1097
31.4476
29.5409
32.5478
32.0166
32.4196
43.1053
31.7181
30.4643
30.0706
35.9383
32.6019
32.8432
33.2663
33.8171
32.5866
49.7199
33.9142
33
35.2109
34.4571
39.0032
32.2577
32.1433
31.9213
31.5146
29.8109
39.5127
27.5485
35.0356
25.5044
26.308
27.0004
33.9973
28.1221
26.2751
27.9287
28.8046
32.6233
29.1596
27.9148
28.9346
29.6986
29.4945
31.7781
36.3328
50.2783
31.9357
30.8643
64.0918
33.3658
35.0042
45.3217
30.9155
49.3271
32.1324
35.1559
40.305
36.4575
38.7601
35.0273
31.5127
31.8123
31.9136
31.0524
31.7745
30.9735
32.3834
28.8911
37.2239
35.0457
29.9571
31.3475
31.0048
51.4064
31.6025
35.2501
28.6654
28.629
28.2501
31.5024
28.0994
28.6862
28.0847
29.2618
26.799
27.1845
26.1937
28.2109
33.7465
40.3409
41.2284
24.9714
25.8996
27.1082
32.7641
26.4472
25.906
26.5327
26.8819
24.5182
25.5323
26.8656
27.1332
25.5805
27.6883
24.3436
27.3937
25.9056
30.5755
44.6753
31.7877
30.83
34.4569
44.3866
32.1812
29.8569
56.9124
33.9098
43.8468
34.396
37.0466
33.9392
34.7963
33.0025
33.5095
32.2872
44.7667
27.912
30.8016
29.9022
39.938
31.0862
30.923
40.6638
31.1463
29.8333
32.8346
31.6389
37.4572
35.4927
38.8833
32.1147
30.9258
31.9492
34.5569
33.8885
33.0234
31.8352
44.2534
38.5345
30.2362
39.631
35.3648
32.2815
29.8444
29.8507
36.7913
27.2618
33.6144
32.2648
26.3527
27.406
27.6294
26.1979
26.4013
36.997
28.9641
29.9236
29.1607
40.8068
31.2429
32.1554
30.3471
31.0298
32.709
46.3665
34.2581
35.3471
32.9701
33.3302
34.1734
32.7966
32.409
33.5132
43.0401
51.2292
34.1519
32.5938
35.4017
48.9575
34.0888
34.6731
33.7285
33.1587
33.059
32.6589
31.3976
30.1843
34.5457
32.5704
34.2055
32.0047
32.5173
33.1334
44.207
33.9196
43.8642
33.7558
31.8012
60.3731
34.6744
37.5745
49.3625
42.5739
32.5082
33.6678
35.0967
33.8194
39.3492
31.3765
33.6047
32.1145
31.5918
30.4952
32.2214
33.6656
33.2583
31.5799
33.9632
38.4562
37.8292
32.5124
41.967
33.2047
33.8136
32.4424
49.8029
32.392
40.4794
32.9388
34.8953
33.834
34.964
32.1518
56.5441
32.4098
32.5037
33.3294
32.9326
38.8439
43.0259
32.6321
35.4453
32.4179
32.5733
42.7763
33.7944
35.0592
38.9341
31.7587
32.3036
32.2184
36.5456
32.2094
31.1332
31.657
30.7168
45.3639
31.6425
32.058
31.2438
34.102
36.2882
34.6052
32.204
45.7594
32.624
38.1634
33.5744
30.7598
32.9674
47.678
36.6936
34.1712
53.8599
33.3325
36.9715
46.8738
31.435
35.3409
43.6361
34.1833
48.869
66.4385
39.7006
34.2456
47.4345
56.0411
36.0883
38.0306
41.6246
43.7209
36.7906
36.1476
56.2204
36.4431
59.7763
36.7367
36.2977
37.1161
39.8302
36.6054
50.1381
38.8893
34.1352
39.4929
44.8151
37.014
35.8663
34.9059
31.6058
32.0621
32.4854
30.0361
35.0875
42.4404
30.9218
41.2146
46.0102
29.4855
32.1966
28.4174
29.3429
27.2236
32.8154
30.128
28.4607
60.3249
35.4818
47.8177
33.8241
26.0903
28.7165
24.2302
27.9405
21.761
26.4469
19.1781
19.1103
24.9447
20.6734
32.9969
21.5425
19.7176
19.8149
32.4834
20.9036
37.3345
19.6237
28.8024
22.0025
21.039
21.446
20.9089
36.716
22.7087
24.6194
23.5088
25.9911
24.1231
22.0553
23.9092
25.8918
22.73
27.8541
24.094
45.887
25.322
39.6466
23.657
26.463
22.9059
23.869
21.9116
33.2926
23.5421
22.6126
32.2436
38.2037
23.4758
25.3727
24.3563
37.4861
41.7123
29.1031
26.4144
26.356
28.1322
27.4512
26.6171
27.7395
29.567
27.1484
26.3952
25.7817
24.7433
23.9303
25.9589
23.4878
41.9678
25.7859
26.1252
27.9593
24.9463
26.0037
26.1543
34.0616
27.3306
23.9765
25.6899
34.7427
28.1836
24.5147
30.9083
24.8747
24.3253
25.6302
25.7383
35.5901
29.282
41.2784
27.1362
26.1769
25.4408
32.5971
28.5486
45.032
27.5201
29.6518
28.9294
26.8951
41.6439
25.6644
57.7786
31.7228
27.0463
36.2794
31.5144
28.6494
28.8396
28.2555
40.4429
28.9813
27.1022
27.4251
26.0566
29.5164
27.1375
30.5613
28.9328
25.0341
26.5814
26.6838
28.0914
26.2386
27.3445
27.1538
27.5414
30.8821
26.8546
37.6429
25.7908
42.6593
26.9148
25.4889
25.879
26.8961
28.8176
29.5436
27.4579
42.5193
27.0504
26.8844
30.0416
26.5368
29.4775
26.7109
26.3079
27.8283
37.5703
25.8476
27.718
27.6134
27.1378
26.9668
26.8564
27.685
26.2056
27.8254
29.0037
27.8679
29.5893
29.0368
28.0206
28.3917
27.7873
30.2062
27.1595
27.5592
27.0185
26.6151
47.5512
27.6554
30.3949
28.7064
24.698
28.9147
33.5567
25.578
29.8517
26.7515
48.7227
44.8326
44.3277
26.2487
25.2651
28.0885
26.7793
26.9719
29.4796
26.2611
24.6484
32.874
26.0773
32.7941
25.7365
27.2524
25.7427
40.6096
26.5582
26.5046
36.7323
34.466
41.6717
33.1459
29.2003
30.2299
29.4832
28.4648
34.89
29.1877
30.19
28.5833
39.5534
32.7762
34.8533
29.3976
27.8109
28.3778
35.7999
30.0295
25.0687
27.55
28.0875
26.8405
32.3517
53.0846
29.6425
26.6271
33.0293
26.202
28.4871
25.6769
29.7063
27.226
30.9633
27.5419
40.1205
29.7364
28.7563
31.478
31.87
29.5665
46.1266
27.4514
47.3366
36.4143
41.5468
27.5069
28.8337
40.0765
28.5602
26.8357
27.6463
27.3783
27.9467
30.2889
29.0332
28.3537
28.1083
27.4021
33.0903
28.1452
28.3105
29.0136
29.71
27.8869
45.3021
29.6266
30.7617
29.6477
33.1996
29.983
29.1299
29.5028
29.4243
29.7656
30.1837
28.9508
52.1848
28.3564
45.0012
44.4009
29.6168
30.0901
32.8109
30.0199
29.0645
35.1007
28.9093
28.9382
29.9109
29.4088
29.3244
26.8506
28.9397
28.0409
35.8431
29.7167
39.9271
31.8763
33.3175
28.357
30.8773
32.0648
30.9655
31.491
29.6304
33.4938
31.391
30.7142
31.0211
29.0751
33.6546
31.0097
30.9687
32.5074
47.9673
43.3583
31.677
30.5287
29.145
34.5857
28.9982
28.1333
30.7572
29.0718
27.8267
38.6191
36.8325
49.2932
56.7243
31.0954
49.0125
32.7515
52.0338
33.5819
31.4693
33.005
31.8324
44.0507
32.6776
38.2771
52.5289
33.6532
39.7405
32.8741
33.5203
33.8799
31.8909
29.5147
30.2373
29.6621
28.7139
30.9609
39.2714
30.0716
30.6342
28.7662
30.1842
29.8958
31.3841
32.3451
33.8154
33.8813
33.0784
32.8529
32.2426
33.357
49.0535
31.1245
46.9057
36.5519
35.3806
48.5458
34.7221
30.0256
32.6946
34.4586
36.1848
33.1643
58.277
33.8891
49.3176
29.8942
35.2031
28.2429
33.1713
30.5417
37.5972
51.2312
30.4423
35.9938
46.1167
31.4106
32.0519
32.817
30.4402
34.5954
30.3435
40.3746
34.8404
36.5759
29.0136
31.7223
30.8583
32.1863
28.8952
29.9396
29.2235
55.7549
29.8718
42.8342
29.6157
36.1793
35.1313
30.8392
29.4515
41.8981
29.3877
30.5207
29.0464
28.2513
30.5577
29.4613
27.8772
44.2242
29.8254
33.4866
29.8336
29.9225
29.2261
31.7981
29.82
41.1515
36.3271
49.2741
27.902
28.5498
27.9473
27.3183
34.7509
29.2578
39.9449
28.4238
41.3949
30.6996
37.0963
29.3326
41.2322
31.0994
47.6256
33.2359
34.991
35.1609
32.1236
30.9523
30.3444
28.9994
29.7808
28.8577
29.5054
30.1824
27.8904
42.8933
28.0379
36.3205
28.5638
28.4397
27.8181
35.8633
53.1366
29.6922
31.5837
28.851
28.3713
29.2044
28.1631
27.7168
29.3305
29.7759
30.3363
26.7014
56.7029
31.156
30.4213
33.379
30.1743
30.1667
29.7079
28.5278
27.9656
27.9883
28.0446
26.507
25.5608
34.1513
27.687
27.2761
26.7712
28.7717
27.1062
27.2314
31.1449
27.2133
26.8164
40.5265
27.0216
25.9864
52.2303
34.0249
35.7713
27.877
28.2456
43.2266
27.3593
44.9176
30.4529
27.5735
40.4851
28.2068
29.9513
51.4254
36.3556
44.9547
26.0026
37.2655
43.7625
26.8033
29.303
35.1387
37.4433
28.2407
27.1548
29.1457
29.9029
31.2071
28.307
26.6851
46.1277
29.1796
27.5615
27.9674
29.4217
31.563
27.8286
40.2648
27.8421
36.5139
28.1615
46.833
27.6491
34.4451
27.1412
26.7876
38.1748
29.233
27.8903
29.3185
28.4553
28.7021
48.0844
27.2147
26.913
25.716
36.3858
25.7011
42.0142
42.1109
40.7302
26.3203
26.3967
27.8349
38.5932
25.696
27.6097
37.7253
26.904
36.1122
46.6685
28.3389
37.6253
27.1626
29.3202
26.2437
25.4632
42.9535
27.2396
28.8152
27.1223
25.8236
28.1312
38.1137
26.9538
28.3461
28.1319
49.2458
26.296
29.8497
28.0113
24.798
36.1625
26.1744
31.3492
34.9401
41.7203
26.9574
35.4629
26.5575
44.3915
52.2145
44.3172
40.1577
36.5656
27.629
25.9574
33.4721
36.6657
24.9902
31.6641
26.4838
25.789
24.3026
25.3027
26.1134
25.3477
28.8054
25.8445
36.8656
34.0748
25.6598
30.4318
27.7123
28.7213
28.0976
46.9801
28.1476
43.6661
27.1913
44.7618
34.2853
34.0716
28.8589
29.8244
29.4702
28.8562
28.3158
27.9993
31.8676
44.822
28.5429
27.793
27.8624
30.991
27.54
31.389
48.4353
34.278
26.3719
28.8666
28.2056
27.7759
26.6575
27.1665
31.8523
27.0358
26.9161
29.2792
25.4416
26.4285
36.66
26.3131
28.5871
27.1392
26.9555
28.3803
28.2459
28.1343
27.1448
27.5888
26.6459
39.2523
25.4265
43.2037
27.3168
36.8113
25.4161
44.6433
26.2893
25.5316
25.4697
27.5906
26.2094
24.6364
25.879
27.3585
24.5906
29.7497
27.9355
25.3979
25.0766
25.4324
26.0068
35.9971
25.1609
26.4819
42.1011
37.6562
23.2866
24.1543
31.9295
47.6325
36.7726
47.1735
31.233
26.118
34.9848
32.9098
25.1526
53.789
31.7149
27.5311
50.4136
27.7165
28.7919
28.1841
28.1045
27.3289
27.7992
28.2695
27.8009
29.173
41.3273
29.5523
29.2852
56.6055
28.0415
48.3541
43.9967
29.4716
28.2803
28.7072
37.9944
30.0013
37.1589
32.3563
32.4485
42.3291
29.1355
31.7611
29.6642
28.1283
28.244
49.5413
28.4483
28.2402
28.0169
34.1793
27.8626
27.577
28.3938
30.5367
29.1333
29.426
43.6918
39.2541
27.6689
28.1325
27.9764
30.2006
27.0965
28.4304
27.2818
28.7756
49.01
56.1558
33.4134
28.1349
39.2755
31.0161
28.143
29.8223
31.2198
30.9604
31.0423
49.3919
29.7712
44.8864
44.7689
28.3171
33.8626
29.0955
29.0134
28.5631
29.0439
29.5283
28.1755
27.3511
30.6773
27.9388
35.9675
34.373
32.388
28.8834
27.8412
40.4217
50.0383
27.7017
43.8317
43.9926
29.0769
29.1318
28.6861
28.9934
27.7885
32.5152
27.7512
32.3744
27.5283
30.1194
27.2
27.3419
37.0009
27.9773
50.9861
35.2828
30.6781
28.5389
29.774
29.5127
28.2779
30.6081
35.6369
26.6714
55.8498
29.1083
48.5813
26.4866
43.5648
28.5358
33.7285
27.3362
46.4124
26.1309
51.2491
32.264
25.1448
24.6159
26.2222
29.2385
25.8854
49.5327
26.3682
29.0133
27.4359
26.7844
48.4585
24.8492
26.3583
35.3202
24.4526
24.4827
34.1012
30.3518
27.7259
26.1533
27.087
29.4362
26.6555
29.8349
29.3547
47.4866
43.4245
29.2402
29.9243
39.4999
28.4639
31.4008
32.9843
45.5426
32.4535
35.2596
28.8592
29.1189
41.3296
28.5908
32.7061
28.6748
28.2205
29.2363
28.9709
28.2574
45.6987
26.8191
28.1508
53.944
35.142
28.6585
27.0282
26.8634
39.3588
44.0406
25.7103
29.772
26.4052
27.8335
27.8339
26.6514
30.9609
27.8357
29.4642
29.2362
30.7925
29.1449
28.55
40.3829
46.3828
44.3885
32.3998
29.0702
30.2851
29.1885
29.4494
29.8023
30.4671
29.8071
31.5776
29.3489
28.815
40.9674
38.001
29.0433
27.1464
27.5945
27.8834
38.2769
27.2292
28.9193
38.6958
28.0153
31.8881
28.5244
43.0519
28.1416
27.2341
40.9834
35.3353
29.7667
25.6939
26.9336
26.318
27.2675
27.9263
31.9043
28.894
26.5155
32.9119
28.2576
28.8174
31.1186
26.3608
28.4226
28.4198
29.1106
27.2908
25.939
25.5219
25.8332
43.317
37.4529
26.938
43.6008
27.3641
26.7312
26.7595
27.8346
26.0188
57.0175
29.9669
26.0414
24.7697
39.7628
24.72
26.2687
25.5601
25.6437
35.2278
25.9433
26.66
25.8453
26.5162
33.1397
26.424
24.5063
28.6058
36.2877
25.1741
26.8718
24.9432
41.1898
25.6051
30.0854
23.8308
37.7071
45.8791
25.7971
25.7272
44.1923
31.9393
27.736
24.2716
24.6749
23.4983
23.1578
22.4356
22.8192
23.5849
23.1748
24.444
22.2911
29.2188
23.0033
24.1986
21.7997
22.0213
21.4697
22.2481
24.6645
22.7657
21.3042
25.5995
22.363
30.9838
27.3606
24.7092
23.6593
24.5954
24.7364
27.4389
26.9208
24.6651
47.3075
38.6217
26.047
37.091
20.9278
21.8463
24.8255
22.9678
23.938
31.0906
22.3168
23.4545
25.0892
25.3048
26.1909
38.6858
25.9694
27.3994
26.5532
28.7791
32.7505
43.2919
30.6424
30.0719
42.1894
30.9311
31
33.5058
30.689
31.2493
30.2226
33.5811
30.2093
43.8039
31.4978
36.451
31.0209
29.7456
36.2507
36.3529
30.7098
41.8236
41.9704
32.3162
31.9221
32.2346
31.6461
29.2444
31.3971
32.4382
32.1179
45.7836
29.9474
47.2037
34.9615
31.6305
42.4005
30.4112
31.4027
31.2253
31.2483
30.2445
48.1576
28.6585
31.7183
30.0541
29.7343
58.1711
29.8472
28.967
56.4127
28.8295
27.6607
30.1412
38.1995
29.5552
27.4884
43.8494
29.2111
34.211
30.6249
42.8206
29.9157
28.9383
27.0714
34.6035
32.2395
28.7592
29.2111
29.9189
41.6483
42.8975
35.9333
29.7166
32.3466
28.8616
29.2066
28.6077
32.4679
28.5301
27.9325
44.4142
28.677
28.6677
28.9824
44.0476
28.7084
26.7524
33.3893
26.6152
30.821
27.5379
28.2916
27.8803
29.8014
39.0182
28.0476
41.6935
27.6474
31.2452
30.4106
30.2212
51.5466
36.2965
29.7959
45.5172
35.2509
29.7055
31.0766
29.3292
29.6643
32.6945
28.966
37.436
29.2059
29.0006
28.4908
41.8686
55.563
29.8996
30.156
32.689
29.6454
29.2773
29.3987
30.1966
30.2695
29.2719
43.5818
29.7199
30.7949
32.6676
29.7181
29.184
31.5769
28.5572
28.3566
28.6974
25.8626
27.2943
25.5511
39.4359
26.665
31.0617
26.5287
27.3582
28.6066
29.098
27.4515
47.0881
27.974
26.875
26.539
27.7272
26.9252
30.2578
49.2273
41.6128
27.6508
26.9767
26.9262
26.8906
27.3852
27.3353
29.9977
26.4479
27.431
27.0794
26.2827
41.7098
27.7332
30.0795
33.1382
27.8227
25.0884
37.9794
28.881
26.8196
40.3024
45.5993
25.1689
53.0565
33.2895
27.8583
35.6335
26.7034
26.473
25.5142
37.269
24.663
25.6216
24.5597
25.6209
25.6177
25.9189
26.7747
33.3059
31.2857
28.1652
28.7449
58.0514
55.3101
31.8969
30.2843
27.2886
29.6166
28.4123
29.5464
43.6864
43.228
29.5288
28.2826
29.2624
29.1875
29.3002
28.021
43.0518
28.8906
51.4701
26.9404
34.8681
27.7458
29.8409
46.3498
27.8595
31.1582
29.0508
28.0087
30.3049
45.1895
28.8357
33.6902
40.5359
32.158
61.1859
32.4923
31.6572
44.6623
30.683
32.6673
30.3292
29.5102
33.0521
29.0178
29.2159
28.6367
27.6455
25.4835
29.4689
43.4016
23.9339
26.9107
31.6949
27.566
26.2658
25.9489
25.7542
33.9554
27.3767
39.8296
24.8127
25.6634
24.5395
38.0328
38.7663
24.0269
24.9332
23.0156
25.9508
22.3698
42.2783
23.6014
25.8066
22.5529
25.65
25.1452
22.1526
31.0211
23.5285
31.7999
23.7136
27.6813
28.2242
23.2344
50.115
23.4074
43.1881
24.1151
27.0596
24.0202
24.1159
21.9966
35.5111
23.2644
25.8836
24.8159
23.651
28.6424
32.1401
23.1718
42.7915
24.3751
36.4215
25.8993
25.86
25.6765
28.9326
27.4523
29.0364
26.6752
39.3598
43.8905
29.4908
26.5045
25.6405
26.427
41.7359
31.5466
25.1934
25.0541
24.6321
32.2545
24.6394
24.4037
23.8049
23.6901
29.3992
25.2845
24.9326
25.4622
27.7721
25.9373
27.0146
25.2879
31.7563
23.4491
36.0777
24.8886
38.9197
24.6236
40.9738
26.8713
28.8875
24.6367
27.7709
24.9444
26.3357
24.6847
23.3441
22.3067
27.1898
22.9341
34.4854
29.3042
23.8215
23.8479
37.5222
24.7248
26.7811
30.2349
26.1101
24.8161
25.3099
49.0751
37.534
25.231
38.9532
25.8988
48.4692
30.5699
27.3543
36.4233
25.5466
25.0979
32.5929
25.6906
42.7653
25.2458
27.7709
25.1838
39.9774
31.9186
38.3715
41.8002
25.1602
45.2609
24.1419
41.1291
26.1075
34.1999
26.9411
45.7943
26.5681
28.2989
31.5015
37.2366
27.8535
42.1897
45.1915
27.7051
28.6692
33.3626
56.3855
27.7668
25.923
26.3093
25.9259
39.5223
34.3705
27.5533
27.4685
28.2663
26.9801
32.786
28.0919
28.4268
28.303
32.5598
31.6327
32.9884
28.0787
28.2863
26.357
27.0612
44.6134
25.4168
26.8692
26.7833
27.2212
29.2641
33.2662
44.3246
38.6359
52.215
48.0647
32.5167
44.863
33.6231
30.5597
45.1206
29.543
34.0339
29.6399
30.3041
28.9795
47.5197
30.0657
33.5889
26.5678
27.5167
36.6994
26.0102
25.5065
29.072
25.7061
39.4518
29.7239
23.226
22.9956
42.9118
22.1016
29.2156
30.5329
30.8477
22.5841
24.8798
22.4353
21.4304
41.1319
21.2127
35.7337
23.6119
24.5058
22.8346
26.0946
24.0685
37.6622
22.6759
39.6105
25.8572
25.2868
22.4417
40.4786
29.5935
30.6714
22.3149
31.8081
23.9357
23.768
24.2801
25.7237
43.1769
25.4183
32.6817
24.8963
24.8227
23.9005
28.5703
27.2952
27.131
26.4209
27.6004
26.4905
26.1841
27.2663
31.1115
28.5023
29.3856
39.6222
25.6244
41.9323
29.9117
25.9958
43.2405
33.9176
44.7602
27.5272
27.3862
34.2188
38.1491
27.5296
28.0033
30.4239
46.7243
32.4741
57.7864
31.3551
44.493
30.5323
56.449
62.9022
32.164
44.2574
37.136
31.2509
31.1699
44.561
36.1297
32.8355
30.2107
31.3799
29.6485
28.6702
40.8872
27.8622
27.8058
58.0516
27.9813
42.9969
26.486
28.7626
27.9779
30.7176
27.7855
26.5071
25.9302
27.4082
27.5777
28.8191
27.3048
30.0807
51.8852
29.593
30.3244
28.3574
27.1104
59.1195
34.0033
27.2035
34.4778
27.8171
29.03
25.4579
43.7235
30.7239
28.944
26.3427
26.6632
26.0238
24.8162
28.3741
25.4313
27.6705
25.8701
25.6201
37.256
24.6531
24.9468
26.6197
26.4605
25.9754
26.1546
25.7174
32.9374
32.7678
25.0726
25.5648
25.9357
33.5553
25.3727
38.1482
26.12
27.64
27.0462
26.2915
26.5206
28.6805
30.2541
26.7169
28.8804
26.9294
28.6766
28.9289
44.373
27.657
42.7154
27.6215
26.3143
24.684
34.3485
36.443
26.1597
26.274
24.799
24.8317
25.8187
24.8302
24.8946
24.9507
23.8003
26.9382
23.6401
22.231
30.6734
24.3225
28.1036
24.8234
23.875
25.1659
24.6172
39.4292
29.6728
24.078
24.627
25.6473
27.6384
23.6328
25.7073
23.1136
41.8235
24.2763
24.2755
35.4628
25.3333
25.2215
26.3571
26.3423
27.0976
26.1236
49.8102
28.1504
27.1696
27.2948
26.6601
31.0078
28.2625
29.7252
27.9131
27.1924
39.274
28.0366
27.5761
28.3953
32.1765
29.0844
30.1149
28.4883
39.3665
28.4016
26.9719
48.1379
26.3789
41.5035
28.0585
28.5228
29.2276
38.3757
37.008
28.9867
27.9391
27.9852
28.9831
29.1171
29.3674
27.6271
28.7578
29.1858
31.0297
29.2676
32.9921
30.1965
31.9888
44.8885
28.9792
27.473
28.6085
46.2504
47.7703
28.9575
58.2065
30.7788
31.3063
30.5043
27.7652
43.6673
27.9947
27.5902
34.3255
27.3065
27.425
28.7637
36.9627
28.5777
28.4109
28.0813
27.188
28.4786
38.6895
27.727
30.2966
33.8518
40.1874
27.9636
38.4045
27.8435
28.1258
39.3771
28.4633
29.3691
38.1491
26.5102
39.3802
26.8977
27.3131
43.0045
27.4098
43.0164
43.1299
26.4088
31.7234
26.3895
40.1886
26.149
26.1854
25.7067
39.4091
25.8617
26.8284
25.5458
25.8438
25.3796
25.4426
25.9046
42.0368
26.8252
43.5379
47.878
28.4028
37.536
29.8781
25.539
26.2204
28.3279
26.2854
26.6015
27.8018
28.6578
36.3881
27.7943
26.4093
26.4162
26.3284
27.6022
27.3414
39.6567
28.8021
40.7443
28.6943
47.7263
28.302
42.4352
25.6551
29.7547
27.6038
28.5706
30.0872
27.013
30.0814
26.8121
27.96
43.2525
26.8526
29.5342
29.3341
27.6091
25.6657
32.8175
28.2809
44.761
27.7874
27.8941
29.179
34.7503
25.8079
27.1281
25.8671
26.7364
37.7059
26.2639
24.9036
26.4706
44.5332
25.5957
35.2181
29.345
27.1159
37.2154
26.1909
29.2468
26.4688
30.9057
34.1697
27.0004
26.4026
32.3307
35.6941
25.154
26.3349
25.948
27.1805
26.2095
33.6417
25.9277
40.3089
30.7656
43.3561
29.747
27.5723
23.9335
29.9557
29.3907
27.6914
25.4096
26.38
32.667
24.1551
28.9121
23.4933
29.1214
24.5459
24.6799
26.4943
26.0263
25.0197
26.0689
37.9068
27.0523
40.1653
26.3057
35.4059
28.7819
25.2377
24.6412
26.993
25.2156
23.9105
24.5914
26.1814
23.115
24.9537
23.0954
23.4059
40.1902
26.0228
29.0177
33.671
24.3295
36.8697
39.181
23.7097
28.033
26.4468
49.9714
24.4336
35.6926
23.9237
22.9587
24.3256
21.9563
25.1323
31.1178
20.9541
26.1397
25.1645
35.6308
28.5183
36.5342
26.8507
25.5136
41.6051
24.4071
24.5185
25.6861
24.1969
23.0311
26.895
40.2778
28.0911
25.1574
24.5086
23.8796
22.9954
36.9966
23.7114
38.9539
42.0664
24.6084
35.0422
24.9648
23.8934
27.6389
23.8442
24.5699
26.3773
24.1995
23.904
24.2749
41.5751
24.2074
23.598
23.174
26.2001
24.3568
23.893
25.7126
43.7828
22.9982
27.2187
22.6264
22.3914
24.1916
32.0993
21.5489
37.887
24.7683
21.2495
34.8081
29.1897
24.5681
22.0137
22.8299
21.0224
40.1007
20.3707
21.4469
22.5395
21.7617
21.6746
21.2903
40.661
21.5706
29.5964
22.8073
24.9251
39.9137
22.8513
22.8235
24.3447
23.1009
21.7426
25.6982
21.9394
25.1505
22.89
37.5872
21.7381
26.2498
29.9372
21.6193
24.0479
44.0518
22.0677
29.0081
27.2904
22.9762
29.2921
23.3106
21.7607
22.3056
25.7707
21.9031
36.4317
23.0347
23.3734
23.6137
25.8983
28.0626
23.4706
51.4145
34.3121
26.0342
25.7963
25.5539
25.814
35.8097
26.7723
25.0737
25.7857
25.8533
27.7502
26.4562
25.9118
25.2129
29.1407
27.2933
36.5779
26.9925
28.192
27.7511
28.62
26.9371
26.114
32.5878
33.5344
37.0453
24.9444
32.6515
27.9715
39.4675
27.1322
26.5903
26.0004
25.7181
26.3958
27.6452
32.3265
25.8962
40.3381
30.3137
33.3418
27.5781
27.1402
27.1684
48.7436
40.1678
37.7714
28.6093
35.6438
28.0324
27.5083
49.193
45.5436
28.1755
27.5435
27.1378
43.1518
27.5016
29.4543
28.1881
29.7102
31.0641
28.8412
29.1428
29.105
28.6544
30.1899
27.4329
29.716
28.7631
42.7136
29.187
26.9769
36.3418
25.8736
26.935
44.5712
26.0392
26.223
26.7582
36.0983
26.298
26.7199
27.0125
33.7862
28.0071
25.6501
26.2138
30.4437
25.0231
23.4888
33.0651
25.6426
24.8498
26.3333
40.7158
25.6567
25.6671
24.8986
25.4906
24.3417
26.3339
26.0399
32.1937
34.4081
27.2294
25.1095
26.8277
26.8516
40.8084
34.3215
26.7716
39.7099
28.1318
26.6144
26.0202
36.0522
26.4661
24.5573
35.261
25.1926
26.9804
30.0187
26.5049
36.6048
29.616
28.6371
28.8129
48.1838
42.2737
38.4122
28.2262
28.2071
36.0787
38.5977
25.5688
33.4642
32.346
32.7408
27.381
28.7122
29.5932
28.4269
27.6339
36.1561
29.6131
28.5838
28.4941
46.4868
26.942
27.3429
27.8212
36.8129
26.4972
26.7921
24.9981
28.8304
25.9853
26.9985
25.8824
25.8111
25.2159
25.8798
22.7419
36.1043
25.6058
30.4454
24.9739
26.2502
40.1032
23.9125
31.3746
22.7813
36.9341
44.1358
26.8596
26.8029
29.1625
33.3863
23.7565
41.0715
25.0954
33.8933
38.5386
38.4819
38.6945
29.3232
24.5728
29.7096
34.5386
27.3474
37.3214
42.4393
41.6205
24.4676
26.6288
24.5085
24.8153
39.7394
23.7536
24.5056
32.2011
21.6415
49.1413
22.3048
23.9562
23.0123
23.0948
24.5559
26.0246
27.4455
37.5914
32.6472
23.2149
22.9562
23.0295
24.2104
23.836
22.2785
26.5722
24.1837
28.7806
23.5452
41.7388
23.4038
25.5209
24.9556
24.1321
25.6398
25.6653
25.6738
24.0334
24.4049
36.6153
22.8501
28.0957
43.1525
22.6896
35.9181
23.4051
28.1293
30.2542
33.3246
22.7111
45.3898
24.6226
34.0634
24.8596
26.4944
24.3464
44.3175
28.429
25.0334
29.9074
27.1496
29.5412
23.8355
24.3323
24.1657
24.3346
23.3116
21.9485
24.8008
30.2898
22.6498
38.5635
38.48
37.4921
21.6457
22.3978
22.9262
24.338
24.0077
23.5494
33.7585
31.2121
23.0095
51.5477
40.2037
26.8812
21.7352
23.5629
25.4846
32.9622
23.033
24.7444
24.3496
24.1347
24.6268
36.7795
46.1846
37.4524
40.4964
24.197
38.5776
24.2739
25.5269
24.3174
31.1561
24.6229
36.6339
22.4744
27.3477
24.9822
41.6549
25.488
41.157
42.7108
26.4648
28.6649
25.8785
37.2496
26.4666
31.6797
23.7108
25.8177
25.9229
25.7875
25.0187
26.6991
26.8308
25.428
25.9789
29.5535
38.8922
35.6878
29.8663
43.037
45.4028
50.1441
27.3877
40.4467
29.0073
30.0564
29.9421
30.9329
30.6165
31.9983
54.9685
45.102
31.7204
30.31
39.0814
31.1436
44.6496
30.2385
38.0517
28.3107
36.3857
27.903
29.9511
29.5443
30.1349
30.6084
32.1012
41.0987
31.7382
45.5813
26.9611
53.338
38.5044
37.4991
28.3667
28.2742
28.198
29.0075
28.6884
34.9049
33.6526
26.4919
27.9536
43.5069
32.5719
31.6568
27.9099
43.1337
26.9062
43.2542
57.927
47.1339
48.6681
46.762
28.8137
32.1418
30.119
30.9012
29.8853
29.1532
38.5421
46.8963
29.823
30.3747
45.4153
30.0013
29.7325
28.6649
28.6212
28.3068
28.954
41.0771
44.3674
33.7463
29.7134
30.0446
28.7282
27.6233
29.4309
26.9038
38.6187
28.3241
27.9935
33.8358
57.6355
26.9638
42.9461
26.9169
42.1053
38.7625
27.9704
28.5967
28.4381
30.0016
28.941
29.9498
28.2637
28.9605
48.7282
55.26
31.647
32.7396
46.2768
27.5485
27.2654
36.9039
27.5659
42.6443
27.9525
29.835
51.8955
33.2993
27.605
29.277
29.2862
46.5447
30.8271
45.4569
31.5691
27.8642
29.1545
43.3434
50.2012
29.3813
27.9612
25.9019
26.0748
29.493
26.4057
45.3076
35.2749
39.6883
27.1202
30.2064
31.0869
31.3343
37.1932
43.3199
36.5995
29.5672
38.832
31.1349
32.9221
41.5585
32.8632
42.5189
40.162
33.2006
52.7916
33.4087
35.2062
36.0987
43.7373
66.5834
33.3527
48.5933
33.1068
34.6441
33.0923
33.6713
33.9358
33.8946
33.8732
35.0274
34.2219
34.4333
53.6791
34.1669
35.2553
35.5043
43.1284
36.3447
52.6809
53.2503
46.5883
33.0512
37.3224
34.2642
36.3211
34.045
43.0585
33.0611
35.4532
32.617
37.178
33.772
33.4569
47.3876
33.8637
35.2725
35.3038
42.4255
51.3884
37.8669
39.4645
32.2711
34.1373
33.9035
32.8656
33.2124
33.078
34.7225
35.5596
36.9112
34.2135
46.8202
39.6638
33.5057
36.6828
32.4208
49.3129
33.0316
50.0641
62.8988
48.9504
49.3247
37.779
43.3602
33.9206
39.2217
34.1437
36.2025
40.5261
34.548
34.6997
34.8321
37.3559
34.3422
42.7019
56.5435
36.8017
36.4296
33.8605
35.5757
32.9004
47.1562
34.3038
34.049
34.8369
35.2125
63.6615
33.2294
34.9847
59.4761
34.7429
36.5793
36.0489
34.9524
34.5222
33.6693
32.4335
33.4637
32.5937
32.5427
32.8114
34.0746
35.022
53.5235
34.2317
54.4268
51.3188
34.3133
32.7312
33.4104
43.2354
36.2481
33.3904
52.9187
37.8543
32.9275
34.2164
33.4981
41.6138
33.2875
35.3761
52.1792
39.9344
32.9406
36.3124
60.3526
41.5692
35.2457
35.0056
35.6002
48.9183
37.1047
35.5889
34.938
34.0783
32.3124
32.6897
39.6417
44.2433
34.6196
35.105
35.3049
35.6022
37.7914
34.1188
32.4858
40.5657
33.765
33.5581
36.2496
32.1585
32.6082
36.273
36.0769
34.56
34.2417
34.3361
34.2203
60.0474
33.6984
32.3775
38.2038
35.5012
38.0171
43.1971
37.0855
39.1667
47.4264
40.1921
68.4645
43.9045
40.1361
39.6446
41.0555
66.1316
38.7216
35.2563
35.6381
54.91
34.6177
53.4033
41.578
36.6646
33.0112
35.4478
36.5492
36.3386
37.4475
37.4762
36.3151
36.2785
45.453
44.2736
32.4616
35.1904
32.6478
35.8412
32.6097
34.4899
49.0473
35.8618
35.7902
44.3361
48.9135
32.6584
42.4719
35.7229
33.7637
34.2425
31.9116
48.1262
33.8537
34.2856
34.7253
49.686
43.5023
33.569
33.1752
32.3041
29.5909
36.1358
30.8076
33.2058
30.98
41.6202
28.1897
44.4102
27.8864
46.9613
46.7923
33.8721
28.9083
28.4237
27.0628
29.2397
29.6503
27.3445
27.0396
27.7037
28.2952
32.1614
27.3729
44.0891
36.167
27.9098
45.5422
47.183
27.9455
40.7762
28.9151
26.2528
28.3779
28.919
29.5243
27.3185
26.603
36.1679
28.1666
30.3668
30.2241
29.3523
26.873
27.9332
27.8833
26.6744
28.2469
43.4963
28.0012
52.9427
30.0029
41.7297
28.1056
32.0627
57.7662
29.6452
43.7996
27.4385
29.1109
28.7469
51.6935
27.8408
31.6684
35.6174
29.7199
34.9566
33.8117
32.374
33.5679
31.9481
32.7724
31.1887
31.5989
31.6945
32.5078
31.4328
49.824
37.6537
34.1629
54.7092
29.9764
43.8865
28.5498
30.5534
50.9652
31.0465
34.7651
29.9064
27.3867
29.558
34.0896
33.5657
35.9613
39.8014
24.0354
24.7325
54.2507
24.1721
39.1358
21.9042
30.0521
24.4552
23.3394
21.6383
27.8447
22.6566
18.7166
18.4144
17.7119
21.6516
22.4732
22.4661
19.1039
18.5401
20.9346
22.0696
21.9801
28.6892
19.5979
39.8612
23.3093
20.8752
20.9615
22.4384
25.8136
52.7464
21.0026
23.5883
27.4114
23.4755
30.075
39.5623
25.1791
37.8698
25.1553
37.1046
25.092
27.0317
34.9651
24.187
22.6489
17.6006
16.8333
16.5898
16.7276
25.0466
18.5027
36.035
18.9052
20.1619
31.657
15.3311
32.7527
21.6769
18.5448
27.9891
19.5729
20.4796
19.7104
21.0279
21.4653
30.0636
22.0984
30.6778
20.2882
31.7036
18.7017
24.1039
20.5396
21.0316
20.8985
19.8097
17.5454
17.6015
30.3766
17.3641
17.1347
15.5371
27.8944
31.6918
18.0911
35.8592
21.3825
20.0836
33.3761
24.6777
22.8458
22.0709
34.3
20.5754
31.4528
18.4483
26.0539
19.2314
19.6196
22.0061
23.1369
39.3667
36.3306
20.0286
21.7135
37.7453
18.2417
16.7043
23.4242
18.148
27.7867
17.533
20.0167
17.7928
24.1312
17.4358
16.0228
22.4106
16.2336
27.6405
16.239
27.5039
15.4281
19.9234
17.3445
17.9885
21.419
19.8546
20.3556
28.1103
36.5451
24.0195
21.6902
22.4726
34.1169
22.4982
32.5556
24.0614
24.2392
23.4516
37.5535
39.3023
24.6038
26.0955
42.682
24.0822
30.2428
23.3585
20.7112
30.6555
31.4573
18.4764
19.1363
24.2767
21.1259
18.2863
20.8346
22.5821
19.6617
20.0202
18.994
20.8949
19.3763
19.203
18.068
21.134
25.9621
17.3093
19.8848
19.2584
28.3859
16.6573
28.1332
15.9171
31.7141
15.9182
17.6034
26.6671
16.2468
15.6797
17.7677
15.872
15.6546
19.3389
14.8102
31.6845
17.4736
18.5098
19.0064
27.4806
15.6066
28.8523
19.2417
24.2949
15.4542
18.3782
18.4758
18.3867
18.6833
18.7942
21.1099
21.3353
20.4808
20.0615
21.2922
34.7354
24.4635
23.1169
34.4205
26.3316
28.3325
34.7356
25.5566
24.0799
23.8184
22.902
45.9851
30.0806
24.3171
33.4522
21.8099
30.2655
30.8048
20.7254
23.5034
19.8611
21.8046
34.2753
21.0852
38.1303
25.6422
23.8905
22.8195
26.6726
27.7552
22.8846
22.3447
21.3538
21.5255
44.4563
21.3989
26.4973
18.4619
21.8981
20.1524
42.2709
23.2472
33.258
23.7062
30.327
26.7898
25.6719
24.543
38.0668
24.977
23.3881
39.3504
31.5896
27.3063
25.3771
45.7598
30.9374
26.6842
26.8611
26.8874
34.9103
27.7145
26.2066
26.0293
30.0452
26.8293
29.0615
26.5419
27.6932
27.0405
29.4699
27.4668
30.3672
24.945
24.8234
44.0802
51.3023
26.5272
36.1001
25.6465
52.4427
42.5938
39.4049
22.6863
22.5883
46.8306
38.1034
22.5889
28.8052
22.7619
21.9795
21.9334
22.7679
23.1822
21.6052
23.3886
22.6379
26.2954
24.5689
34.9856
24.1962
31.0412
26.2193
40.1752
27.4203
24.6568
27.0833
23.9033
26.3564
29.3876
26.4134
24.0811
23.2423
29.3236
24.1007
34.8412
24.6167
26.1853
43.1036
23.5052
41.5188
41.6501
27.4203
21.0385
21.4007
23.9444
45.3324
20.7921
36.9102
23.233
32.1132
19.7346
42.2238
20.4439
32.3892
19.628
20.841
18.0353
39.3846
19.7229
21.1637
23.0953
18.7553
33.2785
20.6358
26.996
21.8377
33.4435
19.1055
20.5964
20.8411
26.9072
19.2747
36.0799
19.4406
35.1428
25.8171
21.2557
22.3738
37.1775
33.1744
27.9194
44.5804
37.0642
22.046
32.0755
22.4006
21.8055
22.3458
20.6757
36.6068
20.8538
34.8885
19.2709
38.8895
19.0311
22.5856
17.6116
18.0454
19.5845
19.3903
31.6867
21.0358
38.491
31.7595
26.7323
23.0083
32.0843
20.9985
21.6962
37.8326
40.6862
39.5737
22.0024
31.1559
27.0858
42.3077
21.4926
22.613
19.4776
18.8295
19.576
18.8596
17.6208
32.2101
15.8102
17.1506
18.4412
16.1182
16.1766
28.7742
17.0948
33.8588
24.8463
27.2608
28.916
27.1235
35.001
45.4954
27.729
33.991
29.7397
31.7794
21.0144
26.5345
24.1604
22.2144
23.2134
18.7982
19.9325
19.1524
18.962
22.7988
18.4922
19.9201
17.1914
37.4463
23.4778
19.3427
18.9405
18.6826
34.0232
32.3414
39.1441
23.5877
26.5336
24.0728
32.3108
26.3234
29.1935
41.5461
24.9613
26.8342
22.0719
21.7105
20.1039
32.8182
20.3879
29.3352
18.3011
35.1287
18.5597
26.5981
18.5234
22.5078
19.5668
35.6182
20.5945
42.4849
23.6528
30.104
25.7938
40.0954
22.0054
36.4315
22.3346
39.0145
20.1278
24.9936
41.6499
20.6325
19.5723
19.9301
18.9172
17.403
29.0673
18.0573
33.3736
25.9761
22.8625
35.9025
21.3701
33.503
21.8631
37.8639
22.9006
28.0594
23.5981
28.8344
25.314
32.8615
23.44
35.9824
23.4048
32.6612
26.7044
19.5562
35.0583
18.4023
19.0458
20.9126
19.2265
21.8268
18.4606
36.8712
22.0856
27.8541
20.9197
31.8315
36.4785
33.1065
23.0821
22.2122
42.5516
30.1119
27.5566
19.3212
23.2649
20.7969
18.9065
28.2504
16.7537
20.0525
17.0571
28.1677
21.3751
23.833
31.614
25.3003
39.4894
28.0705
26.6634
27.2607
24.6604
46.4463
24.6461
33.2959
22.3226
25.1028
50.8228
33.8624
21.674
21.6286
20.9548
31.1038
30.7276
33.5224
22.6473
27.8621
21.3126
29.5385
21.0946
38.2171
24.4374
31.8204
21.6384
33.4235
21.2626
35.9865
35.6227
21.0441
22.9444
20.6626
38.857
31.9629
34.2122
19.2035
23.8791
29.2907
17.6116
19.4251
18.7689
40.7305
18.2521
23.7653
23.6429
24.028
24.5946
33.5281
23.3475
38.5027
22.6016
21.3114
30.3716
28.2332
26.2705
41.4124
21.8134
37.5426
19.7455
23.7548
16.9047
18.6748
16.2421
23.6664
18.6843
28.3773
19.0772
23.5073
21.3251
52.7501
24.7793
40.2073
29.5379
27.3046
26.994
24.4699
23.3432
24.1208
23.5447
24.7895
23.3122
35.6875
23.8475
24.6284
20.0903
18.7928
20.2986
18.8039
30.543
18.6044
26.1521
26.7124
23.1339
47.5312
25.1037
30.3701
23.5326
26.7577
23.481
23.1152
22.7335
22.5293
28.7916
43.6578
27.3394
27.434
23.273
37.5255
19.7011
33.6888
17.6832
25.0473
16.4381
23.4192
17.5277
19.4456
23.1656
28.32
21.4689
30.8163
34.2136
20.802
25.4399
20.9262
23.9351
22.8653
34.2767
40.1637
21.4992
26.1751
22.4581
22.8839
25.7497
29.5025
35.2965
37.853
20.1786
17.9127
18.0207
17.6613
16.9148
31.4678
17.6398
18.683
20.5435
26.5137
21.0382
22.3222
22.113
24.0033
38.8833
25.9533
47.8195
26.3458
26.3706
26.9176
43.3183
23.0729
41.652
22.1974
23.3727
23.7407
22.551
33.4143
27.1983
20.7231
19.6507
34.6421
21.2891
20.4255
30.1766
23.0105
20.3582
25.9485
23.1202
36.0495
22.1218
32.4356
22.0514
54.373
29.8233
22.7575
22.626
20.4089
19.8891
21.6851
19.9929
18.2394
18.1493
20.1966
33.2744
19.8036
19.6602
19.4291
19.3558
20.2623
19.3983
25.5964
21.3263
23.9685
27.4112
21.1672
25.47
21.3602
19.5433
22.5501
20.5309
18.9043
27.0799
19.3279
34.2223
27.1612
20.1723
21.4241
21.9317
20.0924
21.2106
30.7646
20.1018
30.7312
20.448
22.1506
22.6164
21.0907
19.7742
21.3499
32.2858
29.2731
20.3253
22.1272
36.1374
27.3965
22.109
24.2527
30.8537
19.6791
20.5364
20.5223
20.6927
21.9936
18.9424
29.6618
17.77
40.9393
25.6692
23.9849
19.9242
19.4487
27.6429
39.9641
21.5994
17.2288
17.902
17.0003
18.4381
40.1131
22.2962
25.4617
29.5768
26.0456
24.2152
24.1568
23.9913
19.9823
19.0138
29.2893
17.3624
25.2347
16.9535
17.4281
17.374
17.6118
21.0863
25.3304
22.9193
37.1463
38.4972
22.1862
24.6707
22.4197
21.6935
19.9028
18.9199
19.0831
34.3523
18.8449
21.8846
22.7641
26.6009
21.1777
36.9662
20.9053
21.1121
20.4991
22.0397
40.8677
31.5879
23.5062
26.7538
37.7978
21.1868
35.6463
33.8424
21.5043
22.5962
25.4927
33.7703
21.0725
24.6939
25.2831
31.6445
23.4747
21.0492
18.5036
21.3267
30.5529
19.4546
32.6475
18.7314
35.1201
21.1362
20.4839
20.5781
20.2781
20.5942
28.4645
34.6811
19.7746
20.36
21.2921
21.4629
27.6088
19.2203
25.8798
33.7448
20.6792
30.5474
19.9233
20.2744
21.6552
24.298
35.9048
25.116
21.9653
20.5526
41.8052
22.1417
27.6548
22.5701
22.9853
22.7373
22.4181
25.8709
44.9573
21.5751
24.3718
23.2441
25.7969
24.5305
22.6861
31.081
22.8817
25.4074
39.1165
25.7183
27.5463
21.3892
24.6269
21.1142
21.1363
29.0194
23.563
24.6312
26.1312
23.6138
26.7046
23.5617
46.502
31.1095
23.9836
23.3012
30.5261
23.5778
34.3322
25.2671
25.3446
24.9238
23.5438
35.7536
29.6978
35.9276
23.4223
27.9001
25.7363
24.1945
25.98
27.0819
23.523
41.0984
30.9436
27.3947
24.0649
23.3975
25.7465
23.9241
34.5636
22.9034
25.7634
23.9409
24.5189
36.2675
22.5975
24.6927
41.6821
22.5227
32.5222
30.9142
31.3187
24.7305
23.2672
22.2416
33.1792
22.0084
34.5582
29.9178
29.6559
28.9575
36.2536
23.0699
35.3428
21.2094
41.0081
24.5819
30.9564
45.554
23.8629
20.7937
22.2231
29.4153
32.6202
20.9779
22.7744
22.9026
19.8463
25.7629
19.1493
36.6742
36.0792
20.8679
21.4082
35.983
20.7355
22.0679
20.5092
28.2764
19.4666
23.351
29.149
29.382
19.5771
34.236
19.2554
32.7171
22.3845
31.2843
20.3095
19.4474
41.0264
27.5764
38.6406
19.7487
33.2379
19.9551
31.0694
21.131
33.524
23.6871
28.2286
21.8577
29.9301
26.4494
24.7889
20.1004
28.307
23.1028
42.5051
27.0425
26.5557
21.9204
23.0624
43.0768
23.1324
46.5303
22.1736
22.8263
39.8049
34.7567
22.4255
46.1079
22.7204
35.8532
21.554
35.2174
21.8302
43.2733
28.1756
25.8374
22.0648
19.0416
20.554
31.8989
19.5395
22.2669
30.8671
25.3796
27.8913
35.0723
27.142
20.241
19.8139
49.2569
27.9367
20.1982
37.9441
27.4302
20.0288
20.377
20.0884
38.0577
20.8329
21.691
20.7958
30.8122
21.2913
20.118
38.696
29.59
19.7691
27.6522
27.6714
36.1166
18.1833
40.7535
25.2308
19.8258
22.7187
22.6285
19.1472
28.5871
20.9449
26.6691
19.1382
23.5089
19.8108
25.0287
19.6019
19.9288
18.9713
31.9081
20.1939
27.4684
19.4286
29.3278
20.559
20.5675
35.4019
22.0239
21.0407
28.7721
20.4251
20.0151
19.7911
19.5678
24.8592
29.9249
36.1268
19.543
28.4945
19.2364
20.9724
22.619
19.0355
37.6061
36.1435
34.8401
19.2172
20.4579
43.8483
21.0058
37.1491
19.1376
29.5693