24.7108
16.8363
11.3427
10.6912
10.7382
15.1078
11.2952
13.3313
14.2205
12.295
12.7736
5.37159
6.28782
10.4739
8.96616
10.3442
5.55323
5.70221
15.3065
4.92252
5.56391
6.15059
6.58665
4.96762
4.72756
4.11846
4.92457
12.7431
11.0859
12.3269
11.6314
19.372
11.7001
11.6309
4.84085
6.91706
8.0223
12.5031
17.9637
15.9354
6.22956
14.5564
7.33266
5.80475
16.5286
11.117
22.0563
7.84758
18.0572
13.1613
11.4741
4.95881
6.14366
8.36098
6.55203
7.01855
5.47729
14.238
6.83408
9.69182
5.44723
6.45464
4.36731
6.02687
9.49977
6.67244
9.42716
5.4524
7.84426
6.74008
8.73294
8.13176
12.2937
10.0299
6.22554
23.6993
12.2686
7.06584
6.22755
6.35179
5.71052
8.57707
4.53811
11.5965
8.69538
6.23646
9.70926
5.92464
5.67753
21.4807
14.4583
6.61846
18.997
5.76378
4.14246
5.31736
5.73476
10.9851
6.57772
10.7418
7.12933
23.8635
8.07344
5.53367
10.8575
9.03815
9.34576
6.58639
6.35937
4.70445
5.05743
6.0386
6.56589
7.62729
5.36426
6.00164
7.37335
5.03647
6.6627
6.67421
6.70957
7.93415
6.15876
7.61457
5.02713
6.07465
4.91885
7.53524
5.54526
7.28203
4.12057
12.0598
7.76428
8.63985
5.23515
8.17046
5.44962
5.64417
9.36948
7.09414
11.9031
8.76107
6.30038
11.3965
7.68833
8.62857
7.65346
6.32478
4.80758
8.74018
6.70966
6.60504
6.73858
6.10143
4.38472
7.76816
8.8845
6.1277
4.901
8.23443
7.24073
6.91694
7.21089
7.45973
6.98746
8.47092
10.9224
10.6306
5.90649
6.19054
16.8493
11.8241
4.38265
7.05638
10.2546
9.41495
5.98162
9.2625
10.876
5.52308
5.12003
6.51954
8.03741
5.82133
5.20277
6.14032
8.45945
4.72123
8.56984
5.82752
8.95789
6.38494
5.74817
11.1438
6.50052
11.5429
8.39809
7.78929
5.56711
5.57732
5.68395
8.57476
4.33783
10.3241
9.40188
7.54655
8.54445
5.90738
4.90372
5.71162
6.18919
7.25549
8.71401
7.25115
8.20477
5.81171
9.47627
6.30527
7.35583
5.10775
6.54054
23.4308
6.74722
5.62141
17.631
18.2645
12.8868
4.54826
8.1208
5.85843
5.56954
7.12736
10.198
9.19042
4.63158
7.21127
5.69166
16.5772
6.74723
9.75107
10.8664
5.97203
9.24584
6.11641
12.9394
6.15863
27.3799
10.786
8.00165
11.6127
7.17134
5.37335
7.87697
8.88796
14.013
5.84084
7.94245
9.57619
4.41895
13.9818
5.35702
5.75516
6.02537
11.4044
12.4141
5.90739
6.35436
7.56853
5.31427
11.9056
10.0696
6.33224
5.78273
6.59426
4.9055
6.19698
5.09288
6.11951
24.5907
6.89236
6.59661
5.74705
9.10363
15.1095
8.0222
7.41559
8.03881
5.24799
16.0631
11.1782
6.53137
15.2798
10.8657
10.827
12.4185
24.3553
16.8231
13.072
7.48923
8.20266
17.9149
7.89666
17.2026
8.77115
18.9924
8.1266
12.2174
5.97416
7.35269
11.2817
21.0514
7.52738
9.0978
30.8611
19.5357
9.31681
17.3927
12.0742
22.7678
15.1958
6.15151
19.8058
17.9034
8.48718
20.0855
12.7335
6.77239
13.0547
8.43694
6.85576
15.996
5.37043
6.76281
17.2471
6.2652
6.51984
12.4474
12.4474
6.94486
22.3464
6.17922
16.5271
17.6223
5.07439
5.71616
12.5921
10.2807
5.74136
21.2246
10.9613
12.5685
21.007
12.7083
12.7663
8.15414
10.6407
16.5035
6.99225
7.78653
6.64202
11.323
12.8625
5.32092
22.0098
13.6732
5.79923
8.15199
20.6673
8.26658
5.4964
8.54595
16.455
6.04141
13.7805
11.71
10.8633
10.8067
12.975
14.8026
19.2227
9.06217
14.4456
6.91931
10.0212
13.728
9.51482
19.5289
22.535
7.94718
16.435
23.7076
13.0309
8.25907
12.3882
6.76214
4.38114
12.3862
6.51372
7.96794
12.3005
10.8012
12.9046
11.1884
9.74902
7.67204
14.5693
7.9026
11.73
17.2934
6.37822
8.86455
11.2288
14.7686
5.32479
16.8748
7.22694
10.2627
8.85007
10.4225
7.32338
5.90571
13.632
7.37759
8.13543
6.33657
6.36466
12.4291
11.498
9.47226
11.7747
12.0418
7.86548
22.8872
11.3718
6.93603
6.19205
6.41694
15.3368
13.8471
12.0981
16.8212
6.02749
12.5471
10.8717
17.405
15.4134
6.08556
8.98837
11.9376
5.98959
15.2834
13.2501
7.39284
6.899
14.6004
5.63788
13.1357
12.6053
5.90041
15.8515
14.5097
5.80408
15.2649
21.8703
7.95871
20.8948
6.06142
10.999
16.4614
7.07318
8.07192
12.7457
6.30352
5.55142
14.2067
5.18294
5.46491
15.3037
6.07404
5.60789
13.9253
4.00592
11.1577
5.8137
5.95189
7.26742
12.2953
7.52014
8.91051
10.8578
9.70745
9.11409
8.75962
5.43829
9.14491
9.43566
8.73416
12.9517
7.0252
8.93029
11.4158
5.60548
6.74165
8.82402
11.3234
16.145
22.3941
12.8098
11.9489
10.852
17.2456
11.5389
11.7653
13.4898
15.0588
13.7706
8.88321
12.0925
6.39304
14.9667
13.6075
6.13163
13.9261
6.63922
11.7652
6.14455
13.8232
7.43524
8.65488
7.98319
6.4095
21.5627
6.56987
8.45911
5.83407
15.8134
12.2941
12.0446
6.54119
13.0087
12.9951
5.4855
5.5516
15.4131
9.60601
16.5172
12.9431
14.9306
16.3009
15.7726
12.6559
6.3801
6.30876
9.2368
5.70787
5.75488
5.1952
5.62231
7.58045
10.8731
9.30421
6.22321
5.68241
9.66198
5.26868
6.65151
4.11145
4.37153
15.9537
7.20353
7.72643
6.94767
7.42543
7.53035
7.94699
5.37324
7.40568
4.72797
6.93677
7.65344
11.3076
9.51827
7.88197
6.40733
11.823
8.11731
13.2086
5.90525
15.9037
6.17418
7.56961
5.62176
6.57511
6.05291
7.05178
7.14319
6.80293
8.16717
5.20152
4.60328
6.87312
8.97484
6.27431
11.4791
6.9859
10.5285
7.34496
8.43787
7.29748
7.65002
11.2045
11.2209
8.18863
8.50654
8.03489
6.00401
5.18988
4.36984
12.0647
10.1719
10.7988
6.54666
8.13059
7.37848
7.63439
4.93609
7.4504
7.44969
9.44794
7.90639
7.66847
14.0445
6.9639
7.94606
8.29769
5.50188
4.95476
10.9263
6.63614
21.8876
5.5264
5.54561
7.88952
12.3362
9.75564
8.17357
6.70516
8.3792
8.095
12.4072
5.23465
8.47741
6.57824
5.29451
6.4876
6.0314
6.65513
10.5089
5.83729
4.63288
8.45904
7.24426
6.95938
8.20471
13.68
6.1597
6.65834
8.3898
10.8122
8.58655
7.34114
7.18352
11.6327
11.4014
7.62887
6.46459
7.68488
9.58673
7.82706
8.28192
5.06424
9.16196
5.38355
6.70536
5.11187
6.51199
5.38759
6.73323
5.04841
9.28939
8.36511
8.69542
10.5585
11.275
7.1193
7.81947
7.94373
10.1092
8.74742
5.31003
7.0817
8.40616
5.73115
7.80777
4.58992
5.15362
6.05297
4.36479
10.6052
11.1232
9.41162
8.22159
8.02976
5.87723
7.57342
8.17979
5.2343
10.4634
5.5137
6.65807
4.76291
11.4183
8.66321
8.02376
5.41901
6.02093
4.51136
5.01712
4.521
6.66818
8.48993
11.4347
3.8491
4.26977
5.889
6.25496
5.12412
6.95199
5.35777
10.4203
8.07186
6.79019
11.5289
9.31744
12.2633
7.96988
5.23146
24.4113
6.62259
7.17506
8.22714
6.19541
6.53796
11.0218
6.25644
10.8121
6.88839
7.76674
8.24703
10.1971
5.22727
10.1572
11.0548
8.2799
11.378
7.91549
11.4149
7.06009
5.73467
8.62502
7.07287
8.51837
7.58177
9.95462
7.03262
10.1267
6.09515
9.27026
7.08454
7.04856
8.31082
8.23953
4.92876
7.76519
9.27955
8.29503
6.49922
12.4212
11.0556
5.89334
5.27945
11.5747
7.61346
8.12526
7.7194
8.08142
7.93581
11.1936
7.05625
5.88712
6.81777
6.28946
5.80172
8.39411
8.51475
11.5452
6.07644
12.4051
6.83878
6.60909
6.73101
8.25483
5.46484
6.38314
7.32432
8.42878
11.2957
8.11732
8.38748
10.1814
12.3219
9.03993
10.2973
11.1229
7.00804
8.3829
11.2438
5.61768
7.97742
7.21536
8.16954
4.44111
6.44835
5.22295
5.32387
4.77535
7.00458
5.8313
9.29656
11.5199
6.41893
9.05374
8.44392
6.51005
8.95201
6.74282
9.21403
7.04332
7.54687
5.25546
8.64373
7.54538
8.44187
8.32505
7.36847
7.05095
11.8543
11.3775
6.72404
6.58488
6.49456
6.80819
11.5175
9.91586
7.0092
8.30247
7.41219
7.03095
9.07704
7.24542
5.53589
7.62936
7.33542
11.6373
7.70411
7.25709
10.255
5.47346
8.52419
5.5941
6.75333
7.89104
5.82423
6.68228
6.21211
5.91004
8.96893
4.7908
5.26193
5.26495
7.6845
8.93271
8.2229
4.93808
6.04111
3.82491
6.59988
7.08883
9.13396
7.81481
11.3824
8.60481
6.71291
8.62479
11.4486
5.78668
10.122
5.54678
7.64426
5.01675
6.63831
5.39573
11.4735
6.11169
6.21104
6.5555
7.33322
6.43805
11.9695
9.30429
8.41944
7.57115
7.08063
8.12015
11.3349
8.98418
9.51756
9.52632
6.18804
8.85357
6.084
11.8679
6.10096
5.41147
5.48089
4.41657
4.63567
7.77559
5.7756
6.24653
7.75272
4.98349
6.1883
4.77393
5.30283
7.36335
10.4629
6.13049
8.32777
8.29467
8.40336
9.04937
7.36726
7.611
4.9348
8.43284
8.3576
6.5512
7.39683
4.8195
5.1463
6.88443
6.96709
11.2862
5.25552
6.13798
9.59909
8.06253
7.1365
6.14212
6.81595
7.76344
10.6972
6.44217
8.34492
7.58122
7.05657
5.35866
5.71261
9.3735
9.92057
8.06183
10.6066
5.58741
10.3315
8.33832
6.93959
8.28228
9.14091
5.02043
7.24314
6.78622
5.95181
5.64
8.55493
7.20501
6.2917
11.6545
7.42186
6.71197
4.78986
12.8824
6.72126
8.77409
6.6862
7.95592
9.21308
11.4671
11.6492
7.14823
7.71342
6.48372
8.48859
6.17021
8.25291
5.66923
5.2193
5.43754
8.73509
6.43373
7.79343
6.44839
7.68885
9.17744
8.32464
4.61996
7.37149
6.85243
10.2182
6.51718
10.055
6.24757
6.74038
8.33796
9.90915
11.8273
10.0197
7.11074
9.03551
7.36634
4.46713
6.90775
8.39438
7.9339
5.83296
10.9204
7.99021
7.23592
8.45809
8.93233
5.79908
7.20111
10.4775
8.62381
8.98607
10.2392
5.74368
10.7871
9.48981
6.37404
5.54637
7.17372
8.40249
9.15789
11.7316
5.25227
4.45203
3.85297
8.9444
4.83057
7.91087
6.92699
10.0822
7.10448
5.07471
6.11033
11.2655
8.71503
6.84227
7.18499
11.2817
5.94569
8.05782
7.5894
13.0904
6.57355
10.0092
7.24445
8.26404
7.28262
7.83228
4.95613
5.12027
4.47697
11.5675
5.97241
6.50667
5.5721
7.29272
6.14323
7.85939
10.3795
5.47055
5.38141
4.2205
5.48771
7.9643
6.00251
11.168
7.04864
5.76594
10.1931
5.75549
5.01089
4.27259
5.31762
7.49468
5.80836
8.19482
9.37858
6.1489
7.51184
5.41938
7.67284
10.6887
10.1811
10.7317
8.08637
7.23874
11.1333
6.82072
5.93777
5.78558
7.34784
7.20119
9.52309
11.1511
7.50405
5.83469
5.48034
9.75385
7.35576
7.6549
5.66357
7.30626
8.29365
5.57619
7.81881
5.57896
6.49136
7.8182
5.46973
7.12204
6.99034
6.61259
7.73176
10.4692
6.14001
12.4045
7.88165
8.8724
10.8605
9.7962
5.68153
6.83879
5.53545
5.0072
11.9797
4.85811
11.0072
6.61794
10.9727
8.892
5.1017
6.83163
6.81015
7.4135
4.80794
5.65316
7.49128
11.4153
7.84572
7.39592
9.60642
11.5528
6.04241
7.53196
5.09897
5.31206
8.3316
8.57395
6.76576
6.90041
8.80345
8.10468
7.80498
10.1248
6.20317
7.23771
9.92868
5.40953
5.62556
8.38041
9.05748
6.62379
6.99585
9.49805
10.29
7.3645
6.59184
12.2308
7.8261
8.19247
7.84761
11.2263
11.0046
7.99015
7.56555
17.399
7.15044
5.18912
6.48456
9.45254
9.31455
4.75577
6.87178
5.73804
10.5898
6.59665
9.13298
3.28897
8.3251
3.59708
5.22391
6.61177
11.7413
4.49592
9.14689
8.04286
11.4602
7.22999
7.14322
5.94903
7.37629
9.62823
7.3508
10.7075
6.51352
4.7999
5.73731
6.42871
7.39259
7.44132
7.23794
4.87114
4.46236
8.08361
5.11294
5.01808
5.67211
7.56123
5.99033
5.86996
5.07489
8.40774
6.04783
6.48596
8.11999
4.71059
6.80416
7.0931
9.12252
6.84802
9.33493
9.32184
11.3425
8.74407
8.49912
11.0458
9.47248
8.33023
6.07977
7.87659
6.1334
5.37882
4.95763
8.90609
7.86016
9.28355
8.76351
6.95661
7.65936
8.65383
9.70614
6.55485
5.39499
5.74987
7.94437
10.173
7.4598
10.1012
14.2287
4.76187
4.98389
8.63205
6.69742
6.63062
7.89284
6.03921
6.22088
5.58134
6.11971
7.47573
6.94417
8.67376
6.24527
7.75548
10.7083
7.04915
11.0243
6.34255
6.48171
5.02823
6.23086
5.31468
5.56073
7.46997
6.22926
6.90187
5.1638
8.30676
7.05027
5.92182
8.79245
11.6764
7.65101
8.00578
6.26963
14.4512
8.34575
7.36909
5.76075
6.9747
7.45132
7.68716
7.01281
7.44589
9.79212
6.21593
10.8981
5.89034
7.11104
5.94742
4.96959
5.83125
5.60388
8.37137
6.4335
5.93985
4.55058
4.33197
9.96229
8.24352
7.16122
7.70951
8.99304
11.5747
7.25775
4.53115
9.63672
12.0116
7.0696
6.82026
6.30971
6.30564
7.06148
6.45621
5.01435
11.3855
8.56458
7.99811
5.92622
8.00096
7.2398
8.89555
8.13815
7.09247
7.0594
7.80379
8.53196
7.72466
7.19305
9.19207
8.79867
7.941
7.42448
5.50597
8.64908
5.21197
5.55967
5.17294
6.95561
8.42342
5.67781
9.68796
6.15058
4.7843
8.97588
7.06638
11.0523
8.98561
6.51392
14.5928
4.48655
6.0322
5.85645
8.15432
6.89523
4.74554
7.40277
8.79586
7.61825
5.53959
11.9301
6.50337
6.05443
5.92555
7.86412
5.84687
9.01259
7.34532
5.28403
8.4293
5.19432
5.16364
7.82699
8.71437
8.76323
8.79509
10.5984
6.39257
10.8375
9.40377
5.33385
5.66362
6.73837
7.2546
4.68715
8.07097
7.54559
11.7608
8.96151
8.61431
11.1658
7.38181
7.37193
9.14969
5.67197
8.304
8.76801
22.3937
9.01118
8.42421
7.22758
5.21473
6.47326
15.4188
14.3418
11.1979
28.8283
7.07938
6.44182
8.80417
20.6784
8.70754
11.3091
10.1722
6.40482
13.9714
6.70399
7.17
10.2795
12.3298
12.6009
15.1108
8.18733
9.06213
8.50898
7.64119
10.3166
7.42774
8.9256
10.2814
15.7282
9.2136
6.73676
5.82421
11.5574
10.604
5.99191
6.96151
7.17325
11.5984
12.6031
7.86434
9.44934
7.35579
10.7587
7.94877
8.51232
6.39973
6.40434
8.93407
11.7595
5.95491
11.7949
7.944
7.00862
15.2072
7.91641
5.77196
4.7433
4.54913
5.1815
8.72843
8.9675
11.9135
6.62896
6.9405
6.6139
8.05362
7.38934
7.86212
7.80881
6.4004
6.28142
7.41987
6.36812
8.48869
7.81416
6.23218
10.6156
12.8284
11.6473
21.2268
17.4598
17.5453
8.17601
5.78527
13.1819
11.2127
15.0129
8.99073
8.86875
8.30034
7.26273
7.69409
8.89457
11.1261
10.2243
8.61625
5.88042
9.74013
16.8388
12.7749
8.79349
6.01447
20.8925
14.8785
5.23825
9.21689
7.27919
7.51565
5.73658
17.685
8.64049
11.9256
7.09094
11.697
10.7243
17.3095
12.0236
12.6736
7.5727
6.8183
8.08178
7.55386
9.27011
16.3755
6.27787
6.00996
6.62697
5.97223
10.1805
8.45868
7.2206
10.0561
11.838
15.8839
6.05822
9.52148
6.52231
8.13928
6.13021
10.646
9.55713
7.44168
7.33411
7.39859
11.7414
7.4529
6.84599
5.84293
8.17358
9.18221
7.69736
8.12203
8.27998
8.9234
6.42702
11.492
10.3814
7.38302
6.47071
11.3789
12.7951
4.98717
8.08835
6.73681
6.41465
7.3119
10.7555
6.38708
16.3811
7.40906
7.42433
6.09407
7.25959
9.38345
10.1153
7.3093
12.0711
11.9404
8.81779
7.92923
13.0314
9.09609
10.4052
6.65721
11.2655
8.61706
5.84236
8.49648
9.59397
11.6037
8.77218
5.69376
5.26212
14.1098
5.3131
17.092
7.52931
10.3693
9.50114
9.89105
5.53644
6.5719
15.9958
5.57751
7.27857
27.2048
13.6519
18.21
7.85278
13.0294
19.8173
11.4039
10.4867
13.4448
5.9424
27.8239
8.0883
19.1684
5.80738
19.9656
7.96245
21.1439
8.57659
18.8337
12.8351
6.15205
7.06935
9.9769
8.2512
5.40766
6.87802
6.0586
5.59946
21.0693
8.12307
20.4822
8.57414
7.20304
7.92103
18.5141
6.42008
13.6619
6.15889
8.40214
14.8284
6.09391
19.0979
8.25344
9.31906
7.38093
13.8379
7.1061
8.87692
17.4391
6.48327
9.75424
5.37177
8.15088
8.58804
9.272
15.7615
11.5939
6.02161
13.9808
10.1269
9.36871
8.40512
5.48073
25.5892
10.1285
10.3186
11.167
12.2741
7.52881
22.4052
8.48151
15.9874
7.88327
6.8892
8.80491
8.26429
8.92513
11.8442
7.70653
6.73703
9.15202
5.98249
10.7224
17.1312
9.52242
9.15536
9.66841
11.3832
8.12511
9.17562
7.70592
8.50258
15.5118
6.64103
15.4768
7.85398
19.0817
11.6605
15.9347
7.09273
14.3999
6.44289
6.54151
18.0635
6.82331
20.052
7.08061
23.4352
10.5927
20.363
8.0332
14.1659
16.2177
11.9783
13.6452
19.1552
7.56861
8.79115
5.27947
11.2066
12.3516
6.02921
12.4216
12.9644
6.46669
13.3343
11.2775
14.4682
5.99099
16.0708
7.31238
22.5502
8.20108
16.533
14.2902
8.18077
20.5412
11.5092
19.3635
7.18137
12.6622
13.1513
7.67572
13.6965
12.0956
10.4837
13.8276
13.1012
10.7376
14.0337
13.491
7.90739
8.50657
22.8778
11.0678
10.6029
17.0397
7.39761
8.62423
9.54619
17.8983
6.56857
13.2829
7.18972
15.5865
8.46434
15.6818
31.4384
11.8797
27.9477
12.3225
10.2356
14.2043
6.77907
12.2216
10.2109
26.8315
14.0214
7.36083
13.3871
6.50909
13.5308
8.4991
14.9179
6.52941
10.9981
16.4889
6.79081
17.5106
8.04283
18.2174
13.9851
14.7929
9.1812
14.7654
14.4743
9.68653
20.6563
22.2062
10.7796
19.8223
7.26295
8.44075
21.5279
7.26522
14.775
12.0376
6.9241
7.3067
12.778
12.181
6.80742
6.48478
6.82763
10.3146
11.2684
7.24036
8.51953
10.0919
11.3196
7.68275
6.96773
6.21345
6.15039
13.2484
6.31147
9.66904
9.80682
8.63618
6.60774
8.27004
11.6778
6.96477
13.8192
7.7223
16.9436
11.6244
8.88358
19.6344
8.22674
8.35421
8.52929
8.23971
11.8245
7.5558
8.36176
11.4569
7.5324
11.0621
7.01242
5.35212
7.14451
8.32541
16.2629
5.77075
15.1929
12.4439
24.8024
10.4156
9.48506
15.6011
12.9726
7.18832
11.671
5.94358
6.92811
20.6643
7.09087
9.27322
9.17936
10.9422
5.8854
13.9924
13.501
7.10241
17.1697
6.44737
11.5927
19.2576
6.92287
7.06229
5.44077
21.2118
9.46932
14.8608
7.21592
6.30688
6.67839
12.5627
10.2381
11.8767
20.3626
6.69297
11.8249
5.56395
11.0832
8.01962
10.9978
6.50224
20.3953
7.11676
14.7079
5.9023
7.29523
7.01168
16.9002
7.27164
4.81241
23.2534
6.41803
21.3691
8.10846
16.5014
5.71604
11.6176
11.0332
17.5586
12.3986
12.118
19.0472
22.7122
18.3459
17.227
13.552
11.9691
11.5131
9.82204
10.8815
10.7636
10.9643
14.7576
10.7398
13.1293
19.3092
14.0378
12.2772
12.5813
10.241
11.2166
12.12
16.4825
28.9924
17.6782
13.7732
13.1207
11.7804
16.8655
13.7276
12.6277
11.8989
12.4525
12.2888
12.4358
21.6518
15.5589
12.7288
10.8527
17.3364
14.7698
20.6479
12.8513
11.0858
13.011
10.1943
9.1824
9.51428
10.2456
12.3113
12.4738
11.6321
13.1578
11.797
12.2899
14.5222
11.6496
12.6219
19.3709
12.893
14.7343
14.495
10.7589
12.9918
10.6913
12.07
21.6073
14.2288
13.5278
16.8138
11.3066
16.607
11.7769
13.8867
11.6195
19.0677
12.3411
12.8411
10.667
17.2424
13.2971
17.6315
21.3788
23.7739
21.8507
17.7157
18.788
11.8871
14.1746
11.1107
23.9206
14.3665
11.6672
12.1763
17.0882
12.497
11.3721
14.9469
17.5344
23.7265
13.7405
8.80317
13.5806
7.34107
7.16577
8.94694
5.6019
25.0374
19.0281
13.2663
16.5446
8.41731
12.605
8.37445
18.3545
12.5338
6.91669
11.7076
13.5354
7.89818
21.151
17.0607
6.27772
14.0849
9.28147
22.6307
7.58382
6.70983
7.33425
12.3336
7.68607
12.8008
11.295
12.6309
6.32645
16.8115
7.73271
14.0323
14.225
5.54253
10.8917
5.44318
15.9165
5.92903
13.2463
11.01
10.9606
11.5572
10.3483
10.8322
14.1936
20.4229
12.835
6.43098
19.401
7.98696
7.68551
8.73053
6.8335
10.9697
6.47332
9.53569
6.89733
18.0842
6.68642
19.0837
7.98344
15.3037
5.23105
5.79455
8.08533
6.23936
6.94149
14.2832
6.315
13.641
6.17642
8.51925
6.70314
9.94573
12.9938
13.1686
18.0581
8.26922
12.1477
7.76582
12.087
8.9262
6.62359
15.7112
8.4898
9.52328
20.1653
6.68485
6.02125
8.93911
8.15949
6.71651
11.3432
5.90057
8.73678
5.56778
8.39721
6.48167
13.3229
5.69187
5.9063
8.16474
16.8542
7.4428
5.66678
6.41514
16.8005
21.9703
9.32367
6.33551
11.792
5.90473
22.4915
7.83497
8.72778
7.27897
16.7014
7.18392
9.07571
9.12113
6.15968
13.7561
8.14772
12.4805
6.56656
13.7963
6.7424
7.19993
17.1111
14.0369
5.92324
25.5228
10.6872
13.2952
6.91582
19.5698
10.8533
21.0655
9.71267
9.88401
24.7825
7.84528
16.0287
13.4887
8.25918
12.5588
8.98368
7.68721
19.4823
6.63688
17.1843
7.53109
13.3066
20.2054
18.8132
7.03404
20.0327
10.8951
21.1454
14.5676
13.7907
8.22367
23.4771
8.40838
19.7693
15.2821
7.13033
6.09985
7.26025
7.11175
13.8534
16.4231
7.15295
9.97997
9.42366
36.477
10.3713
23.4005
7.87355
7.1315
9.86414
8.8248
7.09872
16.9846
7.68558
10.8943
15.2779
9.26271
18.7555
13.9559
7.71698
19.0852
21.4887
7.4561
16.3438
9.25844
11.5493
16.6651
6.22829
5.77164
16.1196
6.45184
7.76891
7.17937
8.80665
17.4296
7.67288
29.1328
8.50876
8.17665
16.9786
7.50396
10.0633
14.7759
8.31622
12.3445
6.25306
13.9888
8.6825
25.0194
7.20837
15.6337
12.7296
7.37971
13.087
14.4862
7.4174
14.0923
7.26642
13.9672
20.669
12.8571
13.3271
14.2889
12.9852
6.7394
13.8105
7.87323
12.2473
12.5633
11.4793
7.71429
12.4012
13.129
5.83514
20.282
23.3514
8.46728
16.7723
16.981
8.46592
16.4507
15.2585
9.09146
13.6064
13.7494
5.5691
12.1176
11.8979
8.74821
19.2424
13.3282
11.7796
7.53216
21.2858
7.38278
10.7013
17.7229
6.66048
5.52162
12.5315
6.87933
10.8414
12.3916
10.001
9.60766
7.11386
5.12668
9.53897
3.93324
9.35457
6.96141
22.5279
8.21886
24.0544
17.0134
13.1658
15.7142
8.00982
6.07883
13.9721
7.20259
5.91206
13.9786
5.96823
11.7621
8.52063
13.6701
10.8875
7.70297
6.05776
19.3704
6.66317
7.44288
15.7806
7.34484
5.9194
23.8959
10.1933
16.2678
13.1856
8.59581
9.05027
10.1214
14.2407
8.48209
6.06991
12.3354
7.39961
6.09221
12.7835
7.40571
8.19669
6.48785
12.95
8.2618
6.89232
8.27847
11.7304
5.28298
5.30183
12.8997
5.6758
13.2572
5.27346
8.13122
11.5268
9.51638
6.27815
5.17824
12.1563
5.3791
12.5357
6.4306
6.80426
15.2158
8.42084
9.13762
11.9988
6.53033
7.43439
16.0805
7.73361
6.3742
12.8757
7.68747
5.377
11.9579
10.9614
12.8503
11.358
19.8038
12.7024
13.7849
11.772
11.7213
11.736
13.7585
10.0624
11.8316
13.4041
12.7241
13.9564
17.3632
23.1398
13.1566
11.4417
15.5875
11.5475
17.3369
19.7691
11.545
16.3764
15.2037
10.9572
20.8953
12.6623
12.2424
12.8591
11.5827
14.9078
18.514
22.9299
12.5823
14.7447
13.8828
12.3691
10.706
19.2074
11.3756
10.343
10.6653
12.7605
19.2359
12.6334
11.0859
12.108
12.3626
14.9571
11.2764
12.1889
15.8662
14.2046
11.7865
12.0462
10.3566
15.9781
11.524
12.4605
12.6243
12.0577
12.5556
12.5368
15.627
20.5428
13.6073
13.4441
13.5716
12.839
11.6606
24.0704
17.3338
14.4525
18.9956
15.7919
14.4829
17.8074
13.3012
13.4392
13.9857
13.1024
10.8505
13.1553
13.7545
15.7408
14.761
12.6626
9.35939
11.3559
13.6383
11.4215
15.7401
11.1427
19.0341
6.23881
13.5283
11.3331
15.8953
10.1184
17.5073
14.9332
5.59854
22.0626
17.6141
12.9115
12.0328
11.0074
14.205
6.48276
6.00733
19.6231
21.8741
6.58518
23.8279
8.11927
6.73905
16.23
11.4112
5.41685
13.6815
12.3392
6.61743
10.3723
15.2476
9.19061
17.1592
5.44338
10.0133
8.46346
14.9949
5.67607
15.2808
5.21434
6.22187
24.1621
15.9707
8.76753
19.174
5.36457
12.3526
11.8825
18.5227
13.4079
11.9982
7.08165
14.4725
4.87242
18.8782
10.7113
5.8788
13.7248
13.1542
12.4086
5.82415
15.7754
6.16409
10.1003
5.99902
8.20086
14.6794
5.97183
8.60227
5.73522
7.93983
7.14034
18.0383
7.29611
7.25027
13.8711
5.93748
8.26735
18.6042
7.99471
5.90045
12.4839
6.2682
13.7095
8.37211
22.8435
24.3864
12.8798
17.179
8.28379
7.42108
20.4772
8.40382
9.22281
20.9036
10.0111
22.6634
7.41917
11.6737
16.0901
12.6872
12.7777
16.6743
7.88794
26.6297
8.32802
21.6623
7.21927
6.31606
5.67499
5.98115
12.9164
10.2454
6.19377
7.8727
9.20819
14.9555
9.96019
6.55208
8.65543
8.62008
14.9159
7.56184
7.8988
7.6565
9.49846
15.9023
7.67205
12.1087
7.02227
10.6588
21.4755
10.0772
9.77703
12.4802
7.03803
6.22065
20.0388
8.17697
8.2195
13.9073
15.0284
10.2429
12.2141
6.96253
16.8289
5.47233
18.4706
10.5035
6.74021
8.05161
21.4764
11.9827
12.0235
6.45157
24.11
11.9029
20.3294
8.77052
9.04618
13.7711
8.06181
11.0537
19.9626
9.23258
15.0746
14.088
11.0409
8.25611
7.34357
9.39396
21.757
7.07081
15.7046
8.35618
13.3491
9.62586
12.3403
6.50608
14.0572
6.59513
13.7249
7.37896
12.8473
8.78687
8.20787
10.1258
18.8
9.59442
12.0931
7.9961
16.4329
10.7072
6.3246
14.8682
12.5508
12.5452
6.86834
13.3332
7.90202
16.5517
15.8776
7.06588
15.9111
7.19625
15.7505
16.076
15.794
10.6273
15.0157
15.8268
12.8936
12.9475
23.9465
12.9715
7.68932
12.011
7.98477
15.1419
9.8121
17.5117
14.1925
21.3191
8.0041
18.5642
14.1144
10.4738
7.00219
12.7431
9.10473
8.27704
16.378
11.6011
10.6982
26.2929
12.4766
16.2731
13.9618
7.45163
15.0785
8.06813
9.68066
13.6226
13.0451
6.83143
13.7518
16.0473
10.3488
14.1894
21.6689
6.09952
13.0475
15.1265
9.17079
14.8526
11.363
6.80432
12.3234
15.173
6.87435
7.32665
12.6049
8.12497
11.7007
19.3587
16.9251
14.9464
12.4255
6.63542
12.4706
12.8989
7.25993
14.7631
13.6602
10.0397
14.0539
26.4346
9.64209
14.8519
12.5159
6.83691
26.9191
9.46857
7.79781
14.3818
12.6573
7.9978
19.6421
9.92096
7.50495
12.2016
11.3803
12.2355
13.5626
16.3246
6.19429
14.9817
14.2313
9.98067
19.8701
13.1087
8.72687
20.2
6.90549
10.8057
19.7561
13.6488
8.46633
18.219
16.1319
6.43114
15.1816
6.24927
12.3079
7.25927
13.8585
12.4177
11.7609
15.1317
9.08942
7.15388
21.7666
9.1436
13.5948
6.13669
16.6914
8.30476
6.46815
8.17407
13.287
9.79365
11.4536
9.63201
10.467
12.7479
7.41796
4.98935
13.158
5.84817
6.17366
5.15843
8.79563
19.8988
5.69683
7.60056
12.2681
5.98215
14.7643
6.72437
6.11531
6.5496
12.7907
5.22634
5.46155
8.18707
6.88153
11.5653
5.57644
8.72512
5.29086
15.6708
6.92824
6.02776
10.2175
11.8739
6.73192
14.57
6.9828
7.88849
7.76624
12.0538
6.9691
10.559
14.3768
7.83334
9.80016
15.2196
9.84359
12.1164
13.4253
11.3613
11.4652
14.0238
14.3562
11.4347
17.2256
12.487
15.9713
14.3169
11.2034
12.1905
11.7725
11.7256
12.3333
10.6124
16.2914
16.7929
20.1359
15.8491
12.1442
15.3365
12.373
12.6142
13.3728
18.1629
12.2056
12.2063
12.4959
11.5558
11.6246
12.687
16.6328
13.0426
12.4339
10.8583
11.9802
17.2384
16.4009
13.3377
11.8918
12.9327
13.1036
14.6509
12.4904
14.8346
11.7764
15.3289
14.224
14.5485
13.1547
15.6737
14.716
14.2207
6.60558
12.9939
15.0574
7.21747
13.4685
15.3192
11.874
20.4123
15.5845
12.2658
19.6571
16.5873
15.6089
14.9865
11.5889
7.26327
22.7351
17.109
19.5884
21.3367
18.9716
29.9876
22.529
13.8089
11.6007
14.0651
13.8002
10.7081
12.8707
11.8273
13.4667
19.8596
12.0854
8.38436
11.9375
21.3128
10.1386
7.15573
14.6998
6.85555
8.01226
19.3445
6.04777
9.8601
23.4663
7.10168
7.81123
13.7197
6.97936
6.42187
18.5744
6.29303
14.5573
7.70126
7.84045
22.8985
16.1977
11.8067
15.1947
20.1405
7.43057
21.7382
14.1951
21.2336
13.4435
25.2459
5.79472
15.6067
12.8643
6.27362
16.1211
8.23522
6.34905
15.2076
9.38296
3.48403
9.03202
13.0362
7.862
5.82193
13.8405
5.92322
19.0698
7.79644
11.5499
13.2065
7.30001
5.3979
5.11261
17.1507
10.1803
5.88361
8.02888
5.81578
13.0482
9.87078
6.55421
5.19673
12.1238
13.1263
12.0246
6.99829
6.9439
5.01499
7.25952
4.79244
6.62472
10.9592
14.0198
6.63971
6.88969
7.00669
15.0487
5.31689
8.96915
12.3982
6.29296
9.04905
5.12314
13.3615
7.89339
5.08721
4.9998
5.80304
11.9061
5.42561
7.04194
17.254
10.8584
7.17217
12.8497
11.7973
8.37941
6.40814
8.64819
24.8726
7.05028
15.8597
7.07345
13.6589
6.80903
6.47412
17.8203
6.98353
6.74102
11.5285
14.9365
6.36417
8.27824
6.70891
6.29557
16.4587
4.9298
9.31728
11.2475
12.8593
8.17648
12.8106
9.53298
10.8724
6.42624
12.927
11.6322
9.62604
18.5029
4.83978
5.35754
11.2442
6.23177
14.1705
8.50568
5.34695
12.8047
10.3981
14.9554
6.8454
11.1978
7.77748
10.469
13.6045
7.51005
8.59601
12.3379
10.5184
8.92041
12.7476
7.19941
9.12517
13.5686
11.6623
7.76431
6.95113
11.8756
14.7979
6.33147
14.309
14.2637
12.3834
7.02829
17.2434
7.60519
12.7357
7.75925
6.73845
12.1175
13.1929
10.2923
6.66151
14.7914
7.54466
16.5003
14.2927
16.6869
9.06908
8.51597
12.2691
7.24178
6.5372
16.3983
13.068
13.4454
14.5298
7.74669
12.2672
14.151
6.86672
14.7051
15.6555
7.0722
23.3366
25.7783
11.5505
22.3961
9.14841
15.7375
9.41388
13.6355
12.8247
7.51681
16.0765
9.18342
14.4114
14.1948
7.97129
14.4008
21.0585
8.61689
14.8175
13.2463
6.12927
9.73959
15.2416
8.09713
6.35088
12.6448
5.92046
6.81481
8.84716
11.2653
5.39062
11.9936
7.82958
12.2638
6.12594
13.1422
7.10444
12.2656
8.42012
12.1607
18.1548
7.15659
20.3536
17.0303
10.5737
19.4513
18.9713
14.2374
13.782
16.6337
6.49177
18.4668
16.0354
8.42528
14.6385
18.9605
7.35555
22.8142
19.3816
10.4683
14.2854
16.5369
6.05985
15.7161
13.0261
8.07831
13.5337
16.1149
6.8455
16.2158
12.5957
10.6645
12.3272
16.6571
6.14538
12.035
29.0406
8.41115
13.8891
15.4292
6.66432
16.1643
13.4485
9.10978
21.0644
13.2125
9.68428
13.8486
12.5349
8.52356
14.3644
14.024
9.22535
22.0594
15.8581
10.115
14.5996
7.05092
14.6232
12.9558
7.17785
13.5906
8.30301
19.2723
5.65733
13.9224
11.312
7.6249
12.5185
12.3031
6.23087
7.6862
14.1682
9.65531
12.7924
14.2056
7.34435
13.3453
22.3659
7.43229
17.447
6.80414
7.20726
13.6556
12.4598
7.43206
14.5917
13.5148
8.41786
14.4587
13.5065
6.78259
12.6238
12.238
9.73812
14.4277
9.11495
7.23285
6.00651
7.63876
6.37622
21.4684
12.8479
5.89265
8.3972
5.54604
12.3684
7.79307
12.6759
15.3642
6.82631
10.1646
7.17319
15.8884
13.5286
8.98609
12.2494
17.8336
10.0858
9.36376
11.9591
7.76
6.54476
9.57221
10.8882
10.7663
7.13833
11.9685
8.21712
9.11698
14.3104
7.10392
6.77215
11.242
7.36325
6.51481
6.75182
11.9833
6.42988
12.1585
5.76093
12.541
7.26098
12.3435
13.9725
6.34346
10.8012
12.5146
13.62
12.1581
12.4963
13.139
12.0031
12.0786
11.8141
14.7428
13.81
18.5951
13.0624
11.3296
12.4378
11.7593
10.6458
16.7032
14.5118
11.1203
11.6885
13.1352
12.295
11.2643
11.269
13.7016
12.481
11.5332
10.1888
11.2582
13.8106
14.2868
11.1071
11.3626
21.2279
11.7563
23.7616
16.736
13.5803
11.4769
12.0367
24.2824
13.4598
16.7228
17.8829
13.659
13.0142
10.4867
12.0332
10.7835
12.1565
10.9352
19.5675
12.3552
11.4624
11.4326
11.058
13.6217
12.145
12.4844
12.2125
11.3268
13.6999
14.8688
11.49
13.5378
20.764
14.5749
15.1545
14.1523
12.8448
14.4724
12.8961
13.4691
12.428
13.3726
12.3584
12.4358
14.9021
12.6418
14.7376
12.1247
13.4591
13.1413
12.4153
17.2013
12.9284
17.6927
13.6035
23.4585
11.4356
13.82
11.9818
13.5295
8.19056
12.1599
5.00338
11.2691
4.85569
4.57415
16.1786
6.42909
11.6088
11.9749
8.55675
12.4997
13.6358
8.60495
18.8045
7.8166
18.4511
6.27328
21.7747
7.04166
21.8129
15.5403
11.7282
13.9798
13.2721
6.49693
26.2868
15.5635
14.7643
14.3604
12.9177
12.1583
13.2275
13.9644
12.0299
21.8047
14.0762
13.6749
25.2275
21.6959
20.5327
13.9489
27.3967
8.51682
13.5825
7.95517
16.8245
8.77225
5.75494
15.1923
6.53062
13.2157
6.2848
11.829
11.2938
5.97722
6.35794
9.23558
13.9775
5.43811
5.32121
5.67357
10.7749
8.68189
5.89331
12.1841
7.30416
13.8506
6.13409
14.5507
6.81163
5.7498
5.98043
15.6613
6.46056
14.105
5.54249
7.56677
8.07328
7.57096
13.3967
7.16915
14.858
14.4985
7.39189
7.53859
14.9356
7.4025
13.1415
12.4883
6.33652
15.7463
18.3425
13.3502
7.4283
11.8813
11.7376
6.69806
13.9391
11.8339
6.25144
7.74373
15.9601
8.05386
16.0555
8.00641
21.1046
14.9682
13.337
7.21626
27.4076
8.78801
7.77537
16.1361
7.24059
7.32532
14.3646
7.48611
5.72949
13.4969
7.48905
22.631
23.176
13.8378
12.8811
6.01731
14.0033
6.00448
13.8493
23.0503
10.0655
15.7151
13.658
7.85535
7.4654
9.23024
13.476
11.291
9.14699
18.0971
9.78993
12.8353
6.12823
7.61223
16.4002
10.3283
7.07937
14.4449
7.00558
17.061
8.92667
11.42
11.0176
14.7388
6.88969
14.482
12.7617
7.70209
13.5248
7.58537
5.18681
12.9933
9.88621
7.38867
11.8914
8.36745
11.2832
11.5702
10.1745
13.9811
6.13391
19.7859
5.92322
14.5477
12.3293
15.4917
14.32
13.2572
14.4221
8.93815
12.9041
13.4323
17.6757
7.4804
16.0911
14.9797
13.001
7.48558
8.05107
7.42457
13.9048
9.47356
9.73536
7.1253
6.85475
25.8582
8.05987
9.45056
11.2135
8.86825
13.4864
7.00717
9.60931
6.18371
8.16019
13.0481
7.07462
14.9211
7.52003
8.53245
14.8125
7.10275
8.85266
14.3933
11.0575
13.2524
12.8168
7.94069
16.1205
9.55834
9.03064
19.0504
8.92764
26.2533
7.66734
7.94203
11.6489
17.9457
9.39037
8.48621
9.38031
12.8788
13.9439
12.5507
6.56925
13.9556
6.57117
7.08865
16.6929
7.54332
18.6366
7.91164
9.83749
16.1081
9.32906
9.09822
15.3101
6.66355
9.46536
22.3032
12.3549
7.19355
13.9635
9.02207
18.0256
6.37431
20.2799
10.5978
7.53917
9.48727
23.2107
8.42388
7.43673
12.7073
6.54616
13.7012
13.2966
8.15572
6.70702
8.50071
10.045
13.8109
9.56844
6.53165
23.7349
9.9212
6.98993
8.05554
6.63416
14.0073
13.2575
8.40461
6.83815
11.2851
9.19961
6.05824
22.6489
9.7786
14.3555
9.40508
8.22446
7.51228
7.28427
11.8089
7.77402
10.3358
7.10663
9.0548
12.2006
8.05365
6.66995
6.89909
9.69045
9.74905
7.616
11.3068
8.83796
8.19075
16.7653
8.44447
6.36181
7.52416
6.87892
11.4519
12.2296
10.4867
12.159
15.8455
6.84894
9.48237
6.01958
8.58931
8.40044
6.20269
13.7221
7.34019
8.31876
6.83278
6.56568
9.86942
6.54493
12.9066
6.69043
6.53878
6.38632
6.40596
10.7716
9.13206
7.41833
7.80579
10.8841
8.05927
9.80499
7.23244
9.3337
13.0722
12.8821
7.46929
6.40604
19.9559
10.5423
6.622
14.0799
5.38187
5.55293
7.87723
12.4433
6.00143
8.37171
11.4043
8.8164
8.0925
8.32835
11.5036
5.53798
15.094
6.63152
16.6584
18.3838
6.98284
23.0777
7.21493
13.9229
15.2046
6.11242
22.0283
14.7159
7.10275
11.9015
19.6753
17.5283
13.3224
12.3827
13.7825
12.5853
15.6542
17.4103
13.7195
11.2655
13.5424
12.9004
11.237
14.3247
19.4247
17.1117
13.6804
12.4449
10.8371
17.3903
12.6081
11.9269
11.4602
15.1861
14.1504
11.6137
10.248
11.0312
12.0949
11.4154
15.4319
11.7299
12.1893
10.6256
10.1286
10.9012
14.34
12.0111
11.8178
13.282
21.9535
13.9965
11.5167
12.1817
13.6215
13.6927
15.3308
12.5186
12.8514
13.6239
17.4813
13.8582
11.2921
11.852
13.0142
12.3587
13.6144
14.0584
16.8284
19.8742
14.6752
12.5711
14.557
11.6318
17.6063
23.5847
16.827
14.7835
15.5838
12.0691
12.7866
13.7261
11.4536
11.9154
14.2504
13.4808
24.655
18.5319
23.551
21.8572
17.5282
19.0533
15.59
13.8949
12.5002
13.9879
14.2474
15.384
12.806
5.81041
15.6961
6.1784
21.6061
8.47964
12.2776
6.62465
13.975
8.77057
14.1827
12.3565
13.9617
6.91555
6.76589
24.1985
15.1128
14.4004
6.46976
14.9248
8.09753
8.21908
18.9109
8.3189
11.9735
12.7423
5.94863
13.6175
11.9779
11.9739
6.84099
14.6811
21.1913
6.93852
14.4632
15.8069
8.21131
13.6702
16.8011
9.15425
13.2167
19.4592
8.63712
11.7732
21.2669
13.3299
12.4063
14.2006
6.06118
13.997
14.9533
4.15439
4.45649
12.7907
5.71655
4.78412
21.5194
6.17427
6.05639
24.7005
6.64478
9.60928
7.12622
11.6211
6.54513
8.12496
6.68628
5.23924
5.57123
14.0101
6.10944
18.1329
6.57049
17.5996
13.5747
12.2154
22.8373
8.64107
9.46249
21.8183
10.0923
7.27588
16.0316
10.0416
6.28832
8.74149
11.8755
7.25483
7.60535
15.9787
6.26719
9.17041
8.14362
18.0587
9.49785
17.3542
6.03477
7.60482
12.8282
11.0156
15.6548
7.7882
6.40265
14.8237
12.9034
8.60066
12.7199
19.2075
10.6802
17.7492
8.73185
17.2773
14.6195
7.29715
19.6823
8.17379
19.2964
10.4436
11.4121
8.22376
5.51642
14.214
9.37145
9.1984
18.7941
5.84791
12.5343
14.363
13.2117
7.4081
16.3597
14.5829
8.13332
8.12158
8.2687
12.1959
15.1219
12.6918
7.46538
13.673
8.21291
9.61445
10.0946
19.778
7.41512
16.2105
6.09229
14.3406
7.49483
10.7175
13.3992
12.7173
12.647
11.8239
6.8926
11.904
6.94624
13.3478
7.77141
13.301
7.71838
10.751
13.2248
13.6528
8.10699
11.7026
6.91243
12.6941
6.90468
15.6497
8.35686
23.7536
15.9479
8.65187
5.84481
14.9101
7.55097
12.2466
22.3305
7.60936
14.3922
8.99793
19.9146
14.5061
21.4617
14.2237
14.863
8.93024
13.9939
26.9719
18.5298
11.3204
14.5265
13.7836
17.2458
15.5988
7.97258
14.892
14.6399
14.056
8.49569
11.7301
22.4717
7.53265
15.5614
16.8506
8.07505
12.206
12.9772
19.8718
21.4101
12.2455
15.8804
15.2001
13.1412
7.24284
12.3815
9.4218
21.1052
16.222
13.7438
8.34155
13.4075
17.1745
13.1589
17.41
15.9543
11.5369
16.4649
13.855
7.2998
16.1422
12.1445
8.29128
12.6128
12.5139
12.124
12.1028
14.5618
12.2136
13.7032
22.5478
13.4824
15.2466
14.316
11.7067
21.6419
16.4223
7.99639
20.2124
14.4632
6.34729
11.5102
13.4208
6.49188
22.5027
16.6841
6.80297
24.1563
26.8882
16.5554
12.4462
13.218
6.13809
13.8403
12.6854
8.53803
18.9321
13.1977
6.83337
13.3071
13.1691
7.82878
13.2496
6.69765
5.12391
14.9575
14.2188
6.89585
23.2869
18.1308
6.78474
13.9307
16.3508
7.2639
14.1103
8.20974
6.53119
13.6015
7.69522
6.28868
10.0199
11.0825
8.96204
6.2488
8.32476
11.8087
16.5022
13.0532
5.65217
7.35054
7.07505
10.7861
13.6327
6.2569
5.95665
15.0279
6.50778
24.4816
21.552
15.4367
7.55926
30.1346
6.84465
9.15892
19.3529
6.5241
11.6961
11.071
12.1208
11.9419
9.58736
9.65304
14.3361
7.24546
21.2724
9.95038
10.1702
15.4465
8.38568
8.62811
15.0833
7.42011
9.66043
6.10575
6.7606
8.68219
6.4732
15.5346
8.96453
12.9987
13.474
8.6261
9.17914
15.5647
7.26025
6.06816
6.43485
23.4241
10.753
8.52716
16.7761
8.51925
7.3701
12.0453
10.2884
6.07195
15.3114
6.75635
6.41385
7.73888
9.27157
12.6379
6.28882
11.98
8.0352
6.81083
18.3716
11.5726
15.3323
7.01241
23.6152
8.41244
20.3657
10.0883
18.0491
23.7375
7.5403
19.6544
15.1841
11.6587
13.8772
14.8859
11.8554
12.1132
11.827
11.2984
13.3193
13.1664
15.2323
14.4516
10.752
13.4252
12.6115
17.2185
12.6645
11.8874
12.0225
20.7378
13.8378
13.5673
11.4971
31.7588
15.8239
12.7456
8.75119
11.0358
10.0428
11.0029
10.4934
13.4494
11.6103
12.23
10.9407
12.7042
11.4284
10.6788
11.5053
15.0023
11.7796
10.9509
12.366
10.8456
13.6577
10.9964
15.0643
13.5289
15.3838
12.9718
11.6413
12.4923
12.9904
22.0732
18.701
12.1586
12.9841
12.6811
11.9376
13.1835
14.6969
14.1319
13.107
14.8122
16.8266
13.6163
11.7693
13.8924
12.0996
21.9374
19.05
15.285
13.1391
12.1666
21.5753
17.3165
18.8583
13.4052
12.7854
12.13
12.2353
12.5171
8.35428
12.3724
11.8501
6.12457
18.7952
14.8937
11.5392
17.4591
13.6539
12.4202
7.11016
13.7744
11.4169
12.936
11.4519
11.2295
13.4947
7.03612
10.7943
6.37282
11.6414
20.3727
12.1139
12.4266
11.5802
12.3096
20.2361
16.9303
8.88447
7.83714
8.60609
15.5509
7.01992
9.13586
7.3661
9.94182
15.7581
13.3885
7.807
5.50336
6.78738
11.1528
8.66519
5.49174
7.17814
18.4144
10.387