24.2166
18.436
18.1891
12.344
16.4258
20.4339
11.8417
9.67988
10.5504
10.6899
15.165
11.3067
14.0409
10.7016
11.1427
9.99906
11.0236
11.5063
11.0126
10.7638
10.6932
18.5783
12.0198
10.6751
10.2459
20.2617
15.1901
15.7814
19.2894
18.0016
10.8888
12.0321
10.3539
10.331
11.0947
9.55875
10.0245
10.4485
10.9891
20.0268
12.6582
10.5114
11.6171
9.81265
10.6568
13.3191
12.4017
11.8422
9.47403
10.4744
10.3999
12.8115
11.7859
12.8129
21.8771
17.0829
10.4769
12.3734
10.3253
11.2242
9.83896
11.6622
12.9394
10.4711
10.2637
13.4805
10.287
11.2746
20.7199
13.1392
12.6453
10.2694
20.4263
12.172
10.8892
10.3101
13.5301
10.2071
12.3692
10.901
12.0844
11.1275
13.6849
10.1906
10.0616
10.2223
23.45
12.8537
10.3856
20.1594
12.6597
10.4424
16.0095
9.77227
11.1054
10.9892
9.94966
22.3728
11.9983
10.7678
10.8757
12.5539
9.97155
20.0966
12.1402
10.2482
9.37142
19.7808
12.2652
11.0617
10.9046
25.2477
17.9134
21.523
14.8784
10.3775
11.748
11.1002
10.3976
20.983
16.2819
12.2964
13.1075
12.4876
10.8958
18.3019
13.7566
19.4836
20.9719
10.7126
9.70902
9.37476
10.4363
9.526
11.102
11.3144
9.52265
9.88287
11.8984
12.4759
20.7658
13.7646
11.0272
10.8337
21.9599
13.9978
17.8732
15.1671
10.36
23.5252
12.8471
10.8575
11.9882
11.7343
9.36254
10.9057
10.9743
16.3473
12.3069
10.4372
10.2296
10.4415
17.2156
10.995
11.0793
11.0638
10.9118
10.4687
10.6408
23.0685
13.1954
17.4003
17.4174
14.6058
10.7695
11.1271
10.6389
16.1955
10.3143
10.4577
17.9744
13.3022
10.4122
20.252
12.0218
11.2634
11.0808
10.8129
11.5629
11.6785
11.8995
11.5294
12.0448
21.8051
25.0097
15.7739
24.7372
15.2871
20.7997
22.5737
17.1408
13.4139
12.9363
19.356
12.8224
10.9439
17.8762
12.5611
10.5258
16.1575
11.7482
18.1368
13.5506
22.3689
23.8556
13.5174
12.5678
10.7116
22.1276
17.148
15.3956
11.322
14.849
11.508
11.5346
10.2168
22.1892
20.2291
11.8883
23.1161
16.5542
17.89
14.3908
12.0149
12.5547
11.5276
20.1439
13.5663
11.7614
11.6253
12.3728
22.414
20.3276
11.662
18.8544
5.62872
22.7658
8.61801
6.47427
13.7853
6.91021
8.37431
8.01339
7.80539
14.4122
15.8762
10.7593
5.88303
6.92231
4.87216
5.07168
12.3713
10.7078
6.22472
22.8873
12.8515
13.968
5.48527
14.2423
11.6109
10.5208
5.99649
21.2986
5.99801
13.0323
9.06961
7.92892
22.0726
17.9324
20.8317
8.21916
6.70239
6.96321
19.048
7.00064
6.1932
12.5053
11.7848
7.20383
26.9618
6.00144
9.90932
7.77876
10.7036
11.387
10.1295
5.71353
11.0267
8.42016
9.76923
17.6376
9.97713
15.5281
7.00791
13.2176
9.66542
21.6731
16.1174
11.8565
12.7274
12.937
11.1356
18.0352
14.4328
11.7104
17.9368
5.52331
6.86868
7.05517
16.1641
11.7371
7.3584
6.46081
13.0057
14.6
13.7732
5.71093
14.497
5.8886
8.43683
24.8028
8.74436
9.61195
14.4772
5.52007
6.73927
22.3445
14.9219
17.3482
12.5426
6.90536
10.39
6.52672
7.07148
8.23291
12.1682
9.95745
16.3297
15.5128
10.7478
21.2204
8.65681
7.1397
6.97864
11.2383
5.08906
5.5099
15.2493
7.06072
8.19107
7.92262
16.5805
12.9309
12.603
21.9765
14.7549
13.2329
12.9918
18.8768
14.3962
13.1817
8.29902
7.53599
10.9081
5.05697
5.93388
6.77489
6.15878
13.2362
6.53972
12.189
10.9364
11.6185
13.1018
13.1087
11.9995
8.23271
13.75
12.8237
16.7681
11.2952
22.9316
5.05364
10.896
18.7243
6.44121
8.87539
16.939
5.8424
8.10004
5.46684
13.2839
5.04173
12.7459
5.90584
13.8765
12.6176
28.1227
16.2902
27.3637
9.38683
26.1415
14.7217
11.111
19.4538
19.6257
14.2849
13.5129
19.0415
13.5221
22.4774
20.3601
6.2526
27.4356
12.5809
3.75642
6.62344
13.0646
10.27
18.1485
16.8311
13.5738
11.3122
12.2093
11.7818
16.7934
12.4545
6.34121
5.74949
25.521
18.8574
13.4256
11.5862
20.7144
18.0752
12.8113
14.3258
12.5156
13.9838
7.91127
9.59052
14.6347
6.8807
5.83023
7.06141
12.5883
6.68071
5.56939
7.42343
6.24367
17.5123
5.92284
6.62491
5.45857
10.8481
18.4553
11.8639
6.99418
12.0823
18.2862
8.7729
6.55348
11.8586
6.37818
16.5044
13.3703
11.5262
14.4465
13.2668
11.3973
13.1083
22.5151
18.2793
13.9191
10.9676
12.078
10.9009
14.4548
11.517
12.5168
6.24035
13.3679
10.8252
13.001
21.0468
15.0349
12.0352
13.0203
21.6472
13.5202
8.28338
14.0631
7.56286
11.1432
16.4267
6.14329
7.77191
7.96265
5.58265
7.22112
14.3565
12.7364
18.3223
11.856
15.5286
9.94673
11.0641
11.0995
11.9644
20.8051
14.8173
11.1623
23.0873
16.6523
10.6232
12.0651
10.6193
26.0811
14.1206
12.1498
21.8223
13.3375
10.9832
10.9876
12.73
15.604
12.1175
10.9109
22.4269
8.64539
16.0913
12.0445
11.8415
12.3874
13.983
23.9654
21.7186
17.4413
7.12268
6.0943
10.6174
7.46179
6.56479
5.64819
8.14137
7.16678
5.09272
6.25487
4.6401
11.1221
5.85171
9.24677
11.96
6.6081
16.1012
7.01904
6.29862
6.08864
19.0025
5.66035
5.71673
16.4212
4.47908
5.51143
4.20112
4.39266
4.45256
3.77576
3.74437
6.07767
4.78265
5.80034
4.29143
8.93913
5.29451
7.92429
5.73092
8.68905
13.8144
12.1537
11.2692
11.3977
12.5435
15.8823
6.04305
10.5826
6.55754
5.70765
13.9722
4.23427
15.848
5.42196
4.4867
11.7798
4.36161
3.88327
5.91973
5.08322
4.45868
8.59145
4.64867
5.02272
4.3938
4.7185
3.90489
5.84556
4.86101
9.23295
9.78967
6.54237
5.06483
7.61864
5.56714
5.38195
18.9729
5.83519
10.9252
9.54015
5.45158
8.11961
5.041
9.09935
6.52457
5.72897
4.43499
4.16601
5.31792
4.92953
6.93532
5.56436
6.36125
6.20824
8.62853
6.21062
7.54843
11.2948
7.63361
8.42405
8.22668
9.54703
9.24681
8.14809
6.60122
11.2069
17.6462
6.88567
4.95152
5.13373
6.39482
5.82741
8.77462
7.95043
7.5009
11.8994
9.04438
7.35223
7.14746
12.885
11.0647
12.1041
5.84421
6.9181
6.00903
13.5262
7.67801
11.6708
7.62727
7.3472
6.64667
7.13399
8.04131
8.48514
9.8487
6.75364
8.31143
7.79026
6.93411
8.66848
11.7293
5.46208
7.47213
6.98412
7.73146
10.9909
8.79273
8.3675
10.7063
7.23514
9.99553
10.9181
6.79036
6.76588
10.6958
7.88163
11.3971
6.92969
6.98747
7.97423
10.9312
6.2241
4.59023
8.48665
7.43656
10.1337
7.08445
9.59328
10.4117
23.1855
6.60606
5.65457
9.12307
8.96566
6.21031
9.7565
7.66456
6.20678
7.7143
5.3231
4.89726
8.96096
5.83307
7.13636
8.48771
5.90522
5.36109
6.1966
6.6112
5.80995
4.536
7.4701
2.87034
6.37811
6.27608
6.16399
6.56366
4.26004
5.08946
7.06289
12.1067
10.8538
9.57292
6.12899
8.54352
6.35968
5.69239
6.47671
11.6334
8.1374
7.20821
8.96611
7.90968
9.84359
10.6691
6.56434
11.28
7.79042
9.72051
4.84635
10.8965
9.22259
19.6554
7.7921
8.81822
8.51139
6.85267
10.5916
6.2657
7.6685
6.62348
8.09875
19.0269
22.7925
12.9321
12.7182
11.8663
5.9069
4.82263
5.93429
5.18096
5.48317
11.6764
9.98484
20.5027
10.1825
4.81585
5.51088
15.0313
7.91041
7.2845
9.36741
7.14759
8.76982
7.6713
7.3851
10.162
13.4814
9.33061
16.6404
4.9733
8.26847
6.27737
8.31989
9.19497
11.3736
5.81316
4.80304
11.9152
4.94333
5.65327
10.9955
7.91548
9.22162
8.33401
10.1914
11.5711
6.55029
6.81354
6.02078
8.38685
6.53549
5.80028
8.64703
9.7124
6.19699
6.66721
7.93228
7.96477
6.13662
9.59304
7.76221
10.2805
5.89982
5.33335
5.78912
5.58782
5.19102
7.50095
8.27551
8.34022
10.0856
6.83239
12.4747
12.8816
10.4405
26.3628
9.08663
8.50819
10.0726
8.94289
4.38141
13.2764
7.58718
9.39999
7.22417
12.8557
6.2212
8.07067
11.8843
6.2277
8.80202
6.99042
8.81249
12.6933
12.54
5.71713
6.98613
8.39759
8.28089
8.4289
9.42234
5.06826
6.99791
9.19467
7.2012
7.95843
10.0265
6.27712
7.87015
5.09669
6.11609
11.3722
6.37167
7.11062
5.41087
5.70373
5.9082
6.13034
8.69287
9.95533
7.09384
15.3324
11.2607
6.0756
4.95853
3.03091
5.08786
5.98117
5.32571
15.9142
4.44744
3.31792
5.02937
5.84197
7.06113
11.2142
6.31074
7.32391
8.07667
10.0569
6.44733
12.2531
12.6777
6.67235
8.47966
9.82469
6.14343
8.4422
9.24038
7.28779
12.5243
7.70365
10.2368
8.54146
9.30244
11.2735
7.67648
5.64136
7.76944
8.24251
6.61783
7.48857
8.43102
11.2747
7.90885
8.8192
9.4242
7.56569
9.0344
8.6723
10.9385
8.58993
8.85522
10.7912
9.00714
7.93881
11.604
9.5129
8.50957
9.41416
7.12258
6.12883
6.63994
7.38016
8.66168
10.3072
6.18433
11.5132
11.7578
6.84314
7.48621
7.63729
8.43413
10.3494
6.70859
7.60905
8.75367
8.23599
9.30468
10.8781
6.71711
5.06876
5.89564
5.89584
9.57872
8.09756
9.02943
6.00802
7.04247
10.724
7.55177
7.84627
10.7017
7.4961
8.98293
7.90116
8.63557
11.3283
7.74809
12.2693
6.65116
5.36321
7.79995
12.2465
8.33769
9.49324
8.83535
5.00034
5.53871
7.86621
10.8763
7.20217
9.41236
5.97569
10.8133
7.99326
4.99816
5.05848
5.86677
8.73386
7.18332
6.46554
6.50025
12.4879
7.71262
5.33905
6.66409
6.10941
5.54169
9.94257
11.4555
9.58341
8.50542
7.79673
8.36283
6.66729
6.65769
7.92944
8.0701
11.5816
7.78531
11.4756
10.943
8.27096
8.93712
7.36117
6.36228
5.98152
10.0886
8.80674
8.3512
7.76488
8.63121
8.05204
6.04351
10.0114
12.0564
7.39432
7.14451
9.3638
7.02436
6.6754
7.25514
9.84195
8.0882
7.22511
10.3722
8.75713
12.3627
8.67373
5.60742
7.8223
6.28257
5.51022
6.39831
4.88274
4.57053
5.24453
5.70361
6.14633
11.0854
9.25105
7.47201
6.96685
5.4654
6.88869
5.41342
10.4871
5.54309
9.81527
6.77441
5.96848
7.38169
7.83034
10.9164
7.17461
8.27087
7.47553
7.35481
9.77941
4.7277
10.6299
11.5787
7.99341
6.40794
7.27096
5.7901
9.02061
7.30891
10.5162
9.89258
11.4074
6.18463
4.3649
7.66303
4.51549
8.91933
7.78338
8.91297
8.46785
8.34198
10.0721
8.43319
7.45371
6.33983
7.27221
7.15044
5.55444
7.01016
10.4696
8.94467
7.17407
6.53484
10.9169
11.5314
10.702
11.5462
5.77752
8.8299
5.87366
8.69212
5.55387
8.39177
4.67718
7.41269
6.59491
7.3674
9.18877
4.55208
9.74092
7.56305
7.30907
11.4172
6.7821
5.51572
6.19285
6.49827
5.09431
10.8998
6.46282
6.26481
3.77078
4.50538
6.24598
5.38635
4.5718
11.1645
8.81085
8.58232
5.01629
6.74835
6.98794
8.72194
11.6741
6.22446
8.76801
5.95412
8.5563
8.30279
10.1686
5.97805
7.88781
8.85203
7.31598
7.59735
7.25719
8.14559
7.42376
6.59102
7.61809
6.31157
4.54484
4.565
3.96088
9.12464
7.474
11.9295
6.2809
9.08345
7.70051
6.03739
7.33542
10.4947
10.1504
6.8712
8.99099
8.81316
6.20679
6.44484
5.64419
6.91981
26.4073
6.51416
5.91907
19.5867
8.87612
6.05443
7.6799
6.51791
7.86492
6.56191
7.07854
8.8287
11.0471
10.5922
5.87049
4.05801
5.64878
11.7683
9.38515
9.33819
5.40719
7.40926
11.7097
7.47071
11.1899
7.02218
7.77629
7.67781
7.51415
8.4906
11.447
7.72142
6.27876
6.7541
7.24584
10.2681
6.45606
5.19614
10.9778
6.14518
4.72001
8.36092
5.83024
8.04264
7.22401
7.01361
5.29768
9.63286
9.35191
5.83105
8.48036
6.11216
7.57815
8.68045
10.6714
5.56823
6.72124
6.93422
11.5027
8.555
7.65394
6.67344
10.0771
5.57168
4.75389
10.3366
6.15277
6.6261
8.1409
6.18987
5.62375
7.83199
8.05636
7.66687
12.6675
9.86193
6.4307
10.605
17.6923
7.66018
11.0793
8.65293
8.89801
10.6709
5.72839
7.73538
13.924
12.5424
4.93084
14.3454
5.60387
7.89882
20.4288
13.3384
6.8668
16.3238
10.9689
5.80868
8.08577
7.82736
7.55936
14.5007
6.90024
5.79703
7.41862
7.86118
18.3397
18.5654
12.8747
5.29857
14.2293
12.7719
10.5591
11.4267
12.4579
13.1002
13.039
14.3551
6.04857
12.3127
9.55709
5.66787
4.89012
19.5831
5.63287
11.9389
15.7571
5.78696
11.4307
11.1021
6.88903
8.73578
11.1283
5.72098
11.5189
6.24473
5.83187
5.52296
9.22399
5.86966
8.40075
16.3722
7.04279
6.8812
7.10784
4.89037
10.8046
5.82952
8.24285
6.52273
7.07886
10.7415
20.6904
6.05348
7.51626
7.98601
7.8568
5.76213
11.1391
6.94513
5.82294
10.9286
6.23457
9.9084
7.46246
8.1804
7.80884
9.06208
8.82907
6.93023
11.7502
6.74706
6.6296
6.57169
8.74154
5.66668
14.097
5.38098
6.54624
7.54009
12.6047
5.83752
7.63964
12.7354
7.34402
9.61021
9.22724
7.59572
10.2555
5.80315
7.40385
7.1146
9.31192
5.98746
7.53028
6.34869
7.93506
15.723
6.18333
6.95353
9.06822
12.6273
6.07062
8.29967
6.58787
5.81651
6.27503
5.93373
6.61632
10.1974
8.08752
9.43853
7.24657
6.54363
6.94441
10.866
5.38674
7.99149
5.53991
9.63085
5.68403
6.46423
6.6876
6.22192
9.96449
7.16385
5.49293
6.43941
12.3071
9.41214
8.11477
11.2648
7.02026
8.47271
11.5464
5.21046
8.78471
14.9167
19.8733
15.865
11.1026
12.8304
13.3126
11.7169
18.3189
11.5824
12.2489
11.7348
12.0348
11.7484
11.4491
11.2499
12.6823
14.009
11.7118
12.2561
13.0647
12.9231
12.0869
11.2874
13.6083
13.4182
7.51852
25.5365
22.4092
13.5563
16.7905
19.4239
9.96231
17.6257
12.1339
11.4601
12.8909
9.56475
5.85587
8.69946
15.8302
6.85902
13.2686
5.16648
14.1072
9.78368
16.6824
5.35164
8.28752
25.5561
8.97485
16.0692
5.88317
4.40763
4.11858
10.3632
6.37148
9.40633
13.8827
7.68698
5.37169
8.27302
10.7711
13.4814
8.64803
5.79972
7.23817
8.4254
6.47919
11.6684
10.335
6.70891
6.69938
9.21384
7.06666
6.32974
8.41256
7.6386
13.3089
8.62705
9.12256
7.41804
9.3932
10.1059
6.77804
7.87397
7.06584
8.82057
12.1011
11.4734
10.7448
10.8993
7.98934
8.51764
12.3
7.46029
19.1976
5.9422
5.67678
12.0558
12.1436
6.50666
8.43436
10.7857
5.5172
6.96197
6.59624
6.76224
8.03909
11.0367
8.06562
19.3747
5.78224
5.57004
9.62939
7.22884
19.6798
7.5297
19.7863
6.12496
8.45963
5.79569
11.06
8.47738
7.3789
5.44879
9.23792
6.44751
5.96074
8.74243
11.8335
6.83994
6.1573
7.9329
9.01159
10.2379
6.75209
6.94771
9.09652
8.21685
8.92094
5.24266
9.20138
5.82933
11.7529
6.43983
13.3818
7.57114
7.20218
8.80218
9.65418
10.9898
9.10338
6.65364
9.08473
8.04621
9.89863
11.2823
7.84039
19.5748
7.93123
5.61822
7.54262
7.64778
5.79397
13.9931
6.4135
6.59723
6.94975
7.74564
7.31154
8.98794
10.2285
11.4101
7.94616
10.5727
5.82438
6.35906
10.5843
15.485
5.02126
7.61643
7.89646
8.56526
7.78981
11.7157
7.64144
6.53723
5.4755
5.33141
7.84519
7.60583
8.84931
6.05339
12.0479
8.40477
7.85718
8.67165
6.78771
8.56158
5.52147
8.63652
5.91271
8.54791
10.6328
6.4537
7.90388
7.12749
8.05568
10.9328
9.08958
8.77427
4.76722
10.3813
22.7882
7.26771
9.56856
6.8057
10.0993
4.16641
7.25046
6.39621
8.49814
11.5244
7.37799
13.097
6.71236
11.1792
7.07294
8.17785
9.08867
8.72695
9.3662
8.7937
9.15129
9.12354
9.03436
5.12145
6.61732
8.29969
11.6561
6.82472
8.28248
15.8215
9.19548
8.21547
7.39341
7.30352
7.09925
6.93178
7.24018
10.62
5.77181
7.46191
7.02876
9.98985
8.40002
7.69134
9.24953
6.21277
11.7627
12.1699
6.69939
9.89758
9.01276
7.23799
6.55123
9.53951
22.7334
13.2599
10.233
5.92483
7.0365
6.51662
5.89306
11.7836
6.3564
8.82258
7.28642
5.70586
5.20097
5.66865
5.94415
11.0214
6.12639
8.98569
8.52305
10.2974
9.92106
7.01598
6.1501
8.58629
9.40299
6.23392
7.20317
11.6159
7.00099
9.00113
5.55405
8.59268
12.7464
8.11882
12.8963
10.3877
7.3649
8.70781
8.63655
9.37699
5.25332
6.56422
7.09157
8.64952
11.0736
10.7625
17.1899
6.94421
5.89771
9.38882
10.4902
12.4279
7.69757
8.27397
9.75972
11.7591
5.57818
7.63831
8.87951
7.08024
8.44548
8.40105
6.99793
5.84327
8.75753
6.53442
8.49514
9.12275
14.6928
9.81765
6.451
6.30997
6.38532
8.61489
8.43427
8.52839
10.7225
18.8091
6.69584
5.8715
7.44978
6.69176
7.0622
6.52347
6.26717
6.12141
11.343
21.3041
5.88644
8.02734
14.8238
7.82522
8.69717
11.9736
7.69216
7.41759
9.67519
5.39224
9.60067
7.30028
6.84505
6.49503
8.52759
8.65746
8.42784
6.98021
7.37275
16.2214
5.96243
8.19294
6.63142
5.15364
7.69704
12.6426
7.70215
7.0095
7.11897
5.94251
5.18814
7.27964
7.20031
6.39609
6.47737
12.3205
7.86032
8.9363
7.09435
8.25342
5.9854
10.6866
8.97636
10.1728
6.58188
6.84033
8.97541
9.18835
9.50314
7.68821
7.97414
8.62935
14.5144
7.62318
7.56678
11.7925
9.41657
6.02678
8.7926
8.31914
9.55443
12.3501
10.1358
15.2366
12.0213
7.96214
8.91517
8.25474
6.5219
5.50544
7.54172
22.4642
6.12241
9.68971
8.14131
5.65395
6.3049
8.24163
10.373
12.6644
22.7597
8.22545
10.8879
6.28651
10.9549
6.13182
9.41897
5.27978
22.1529
6.24853
7.47155
24.1095
9.25774
16.5093
12.3863
7.03288
11.4552
10.0499
13.708
5.94145
20.0527
6.08279
4.90171
10.0361
6.76939
7.92843
5.49241
7.42837
8.17966
6.92542
9.75399
15.6792
5.98135
10.5593
6.93513
8.20451
7.21043
7.9382
9.34237
10.3644
6.87992
12.5791
6.39533
6.20206
6.72459
7.01195
6.20451
6.84624
11.1189
9.2661
10.1557
10.1767
5.88379
7.06904
7.56073
10.4301
6.92158
19.1294
5.9165
8.77573
7.38303
5.86009
5.60236
6.43749
8.82097
9.8968
7.68354
5.59289
12.1382
10.2459
6.13939
7.84051
5.71604
6.81834
23.1926
6.37404
7.07706
6.59203
6.04731
9.19015
10.4207
8.00036
5.92864
9.06132
9.77137
11.9373
7.20957
8.90231
11.0768
9.97192
7.36237
9.0723
6.30005
7.1121
5.25358
6.20726
8.70261
11.2799
6.31675
8.09275
9.29445
12.7973
6.2469
10.7831
8.92541
9.3972
6.08313
9.00625
6.22979
5.6061
9.68807
6.28587
10.8393
11.8783
9.72742
12.5415
8.35209
8.17906
6.88616
5.75495
4.12002
20.954
7.83366
12.1695
5.97238
7.33523
12.0247
5.83707
6.29087
10.9485
9.5873
11.1116
10.2695
10.3513
13.0216
6.41892
12.4916
26.5337
7.65322
14.3273
8.82362
13.4879
8.1366
6.60402
7.10752
12.9747
17.8844
9.03363
8.61456
6.56664
8.10474
5.37433
5.59215
7.21707
7.20439
7.91033
9.06145
9.8584
5.8938
7.09166
8.49464
7.94344
13.7041
7.6238
26.2109
8.0231
12.7506
13.4419
7.51024
7.789
5.17218
5.80721
6.29884
11.282
26.4061
12.5273
9.7908
12.4664
9.23807
9.31836
7.96617
8.46852
13.3518
9.3591
13.5454
10.0108
15.5356
8.11121
7.96817
6.7661
12.4339
6.44969
7.62163
7.02437
6.1191
4.98981
6.02766
9.66051
8.38811
5.90919
8.2815
23.5264
8.83344
10.1674
7.52953
6.04029
11.9126
13.5994
8.88577
8.95616
12.7014
6.58799
6.83069
7.4373
6.23092
5.17041
20.2446
6.78277
15.904
6.89055
8.28887
11.5123
13.7326
7.98451
15.3295
7.53125
6.28951
11.479
8.42744
9.26439
7.9734
8.02783
6.77851
10.5781
17.3691
7.20796
7.42249
7.02049
6.52949
8.55396
6.98937
5.82317
5.58679
8.87729
7.97485
7.88001
14.6803
7.11308
8.752
7.22277
10.2036
17.6882
9.27138
8.69536
7.01082
10.2348
5.9451
12.2089
8.99274
9.18628
10.906
8.18069
8.34343
7.59158
8.34884
7.9803
8.81649
5.44472
6.65653
5.74035
8.35194
11.5835
10.5773
19.6136
8.29639
13.1822
7.53188
7.0759
14.667
6.04724
9.35751
9.74572
9.22012
9.64433
5.88789
6.85488
12.2915
12.4088
5.00339
5.56061
5.07172
6.85086
6.21069
7.43884
7.78706
9.27113
6.49093
7.45276
10.3995
11.9342
7.36335
6.47211
12.3818
7.09031
6.99634
8.91941
6.51912
6.4151
7.28367
5.90814
5.82827
9.2291
11.4708
10.8048
6.59261
10.1821
7.29008
8.68624
8.38719
6.31057
6.05928
8.37498
8.14597
10.2862
10.6401
8.63509
8.94022
11.3611
6.51115
5.66475
13.6665
9.20365
6.1329
7.16557
5.89147
5.57086
6.2479
8.18817
8.10319
6.95161
7.13086
5.3007
19.1018
6.35562
6.63451
5.75358
11.1925
12.4772
12.7535
6.41524
6.34111
7.44637
7.9572
7.33515
12.4496
6.82673
5.6667
6.23621
8.41864
6.25717
6.33453
6.84261
8.14804
13.6295
13.7282
7.09767
9.61192
17.8124
6.9318
5.09162
6.00898
6.40119
7.2835
6.28853
7.86611
13.2194
7.24085
9.5463
9.528
12.3079
7.58831
17.1735
8.74719
5.63245
6.9487
8.51028
7.84009
6.75045
11.8492
8.56881
6.80809
6.40425
6.64081
6.1205
6.95836
7.74445
11.0553
6.66987
8.18675
11.3989
7.74485
6.93168
5.83588
15.9706
5.92381
16.0694
9.70246
6.43637
8.2319
6.71752
8.78056
5.63912
8.41823
11.2748
5.46725
6.26506
5.42485
7.4381
6.20422
7.401
6.94061
8.49845
10.951
8.27179
8.42664
11.1422
6.7535
7.22372
6.33138
7.28469
7.00161
7.70363
6.47269
5.90072
7.67194
10.0127
8.07287
5.65782
6.64099
7.88147
8.42786
8.52372
5.75073
10.2837
8.0034
5.59316
4.72754
7.79845
8.22691
5.98036
5.585
12.742
6.52397
6.35911
7.70568
17.2143
5.61824
7.51667
5.47532
10.797
4.6631
7.85718
7.94395
5.92333
7.33634
8.20868
9.0231
8.46465
8.03966
9.47595
8.39766
5.87149
10.1418
6.43848
5.93405
5.92496
6.6746
6.86789
11.1033
8.79368
11.269
8.15566
6.93554
8.31941
9.79823
10.3763
10.225
6.86195
12.0409
8.10363
6.54733
10.4505
6.36067
7.40686
11.121
9.78191
20.183
6.88407
8.98624
7.92268
6.16931
7.97075
9.05269
9.6566
8.14652
6.96111
10.5243
7.12013
7.11184
9.57329
10.0355
9.78674
6.84164
7.9788
7.61821
7.32304
6.48489
6.82749
8.04672
9.22823
5.52668
5.99395
7.20717
9.95994
6.30536
6.05222
5.27887
8.06269
6.19483
24.7735
7.83732
10.033
11.2357
5.21965
6.53043
11.0494
8.51185
8.8218
8.95324
5.94507
8.79858
25.8504
6.89992
7.69881
12.963
12.5115
9.86622
10.8944
6.09927
6.27376
6.72641
10.3173
10.4609
8.12887
7.49329
7.67963
8.69788
16.0972
9.04865
6.96499
10.1742
5.36874
6.67666
7.80315
6.55563
5.35279
8.22424
8.27434
8.19129
9.01482
8.56801
10.2688
6.64698
9.41987
9.52785
10.1903
9.55805
6.59641
5.84538
9.15177
6.40411
6.51492
6.55554
10.5029
5.46914
7.57028
7.59555
8.2318
7.44902
6.2888
7.78697
10.719
8.91666
8.84879
16.0127
8.54826
6.01411
6.01984
6.70412
9.42163
7.84375
10.1091
8.23987
9.35602
8.56086
17.6925
6.57344
6.13175
7.99967
7.76247
7.02681
5.89396
16.8644
6.65891
6.38159
9.08324
6.38317
12.5484
8.6348
7.69063
6.55281
13.378
15.6649
6.91228
10.3586
8.71546
6.02613
6.11718
6.58004
5.3587
5.33306
10.5781
4.44273
13.152
5.66922
9.23646
5.92839
8.12418
5.19669
11.0997
6.60184
8.41157
9.24503
9.2321
5.8908
18.738
8.21502
6.84948
9.57252
8.22186
6.6607
5.68248
6.58948
6.61669
9.92532
9.25465
6.45625
6.49987
5.45398
11.2655
8.40443
8.15006
6.68886
5.64324
7.02375
6.31671
6.57798
4.68505
9.25315
7.31892
15.4305
14.5395
11.056
5.06708
10.9998
6.93724
8.58639
4.98829
7.19991
7.47274
6.44948
8.99827
7.13097
10.895
6.99613
12.7131
6.13554
6.34792
8.59372
8.74167
6.85316
7.02473
11.631
6.57467
6.41766
15.4536
7.21055
6.41299
8.19959
5.80841
8.72932
8.11941
11.572
9.20085
5.33631
6.04868
18.2998
5.74229
8.06182
5.84153
8.39809
10.1541
5.82945
6.64651
7.18389
7.59348
10.54
5.65612
8.22575
9.69774
8.76346
11.2369
8.33895
7.93937
8.35493
6.46434
8.36868
15.8737
6.15715
6.61553
6.59369
5.81592
6.661
7.19628
6.58616
8.37886
9.94567
6.51068
9.84559
7.47853
9.09038
11.5527
20.4743
5.97516
5.70388
7.8403
12.4311
7.56303
9.12151
8.09884
7.36536
5.62573
14.6852
6.81753
7.87036
8.35614
14.2594
8.25068
4.89614
6.27118
8.15125
7.81665
7.92514
18.2753
5.82983
7.62928
7.63091
7.32486
8.22177
7.5757
6.84636
6.09586
9.87778
12.5594
6.89016
5.47189
14.5354
9.05032
11.0379
9.24111
8.90662
8.43272
5.80791
8.9109
10.7109
10.9573
10.3609
9.44477
6.4943
6.25875
12.5453
9.17442
5.51986
6.78118
15.4455
8.35317
6.19759
7.35253
3.81429
3.51979
5.91748
7.37795
8.61737
7.62859
10.2836
5.42578
23.0756
6.7014
8.36167
9.45949
9.0191
7.73984
8.58239
5.09432
8.31938
7.58082
7.02406
5.53586
6.06117
6.12773
5.95924
9.43748
7.37917
8.57029
8.82446
15.0159
6.53659
6.99447
11.4926
8.77192
6.79292
10.1531
26.3505
13.3312
8.743
10.2202
9.31465
9.53495
10.6833
8.8349
24.0194
10.7277
8.4604
6.43472
7.87198
10.3037
7.36945
7.01577
12.0538
9.18329
6.48676
7.23547
6.67344
8.07581
13.214
8.01847
8.55831
7.54245
9.28651
7.8624
13.3652
6.76296
15.9298
8.79558
7.10442
11.6304
7.16976
18.0231
6.30845
7.26544
9.58572
8.15038
7.26945
11.4612
8.0959
6.79919
9.88192
9.49049
6.17604
9.80197
9.56596
6.86117
6.36649
8.70213
11.6553
7.49456
26.3022
6.57111
10.8553
8.88401
7.44045
5.82747
7.09895
6.24571
5.51404
6.72518
8.11957
8.52264
9.11322
8.80661
10.1695
7.60261
11.2053
7.15984
9.3306
7.8193
8.06824
9.46528
7.52454
19.5367
6.58773
11.1475
6.11823
10.8597
6.74418
10.6273
7.66003
6.05503
6.85866
9.85717
12.8921
10.3193
7.60423
11.3849
9.3343
7.03361
7.25313
7.56093
6.50268
11.7756
9.38579
7.50076
8.27926
8.52575
11.279
12.7204
7.24754
9.68925
5.88401
5.51516
8.71339
13.2267
9.60608
5.68282
9.15077
6.80686
11.1524
12.0268
19.5414
6.96159
7.27343
7.26109
9.47737
8.31354
10.052
8.39485
12.6106
7.21733
8.75422
12.7903
9.41117
10.0459
5.56974
6.40898
6.92934
6.5504
12.5927
11.4232
6.98039
14.6803
6.96148
10.6612
6.82508
12.1692
21.2237
7.42963
10.25
9.67549
12.5063
8.67111
11.5367
6.63222
6.64287
7.00545
17.0799
7.34104
12.6267
6.71074
6.49406
6.87515
11.1225
8.3202
9.46391
10.3624
7.66539
10.3143
7.42598
9.33963
6.77826
6.33232
8.12129
7.82768
11.0102
13.6996
6.70411
15.9512
6.20718
6.16653
7.00859
6.97613
6.58023
6.61116
10.9222
8.97452
7.39708
7.41465
14.3182
7.38833
10.6929
9.49534
10.054
6.22466
8.28619
9.06807
23.2682
6.95844
6.21548
8.73493
6.62918
7.54367
5.72977
11.7162
10.292
6.58416
8.72484
6.77168
17.7148
7.66288
8.91028
9.77664
15.2896
8.54022
9.40133
10.5811
6.35183
5.53667
9.00494
6.31747
5.51844
5.62126
8.53229
6.50817
6.62045
5.16297
5.19384
10.0098
8.97611
4.53891
6.6141
5.14204
22.4595
7.27544
11.4845
10.3389
3.57144
3.44534
5.08997
5.30262
6.82181
5.61671
5.59587
6.06069
12.2155
6.08208
10.9479
10.4241
7.04084
12.3507
11.3675
7.29653
9.93995
7.89372
9.78148
7.39379
7.07358
9.3008
6.71571
11.239
6.96643
7.52684
7.34149
7.7075
7.45202
12.081
7.47925
8.5426
7.58104
5.64552
6.37648
15.6665
8.6869
6.86371
7.2446
8.17419
9.3821
7.39635
6.37982
8.11145
9.0923
7.73813
7.10395
7.82933
5.49956
6.51235
10.6193
5.73819
8.04094
8.70432
8.82279
11.476
6.92094
7.78345
11.5642
13.1895
6.97889
9.0502
12.4997
8.04026
6.08445
7.83434
8.25404
6.88312
6.46496
5.6219
6.30482
6.07327
11.6204
11.0223
8.22782
7.21975
12.2543
6.53805
10.4211
5.87752
9.65224
7.84618
19.6308
7.53677
8.03785
6.32966
7.47481
11.6381
8.69212
8.18748
8.59159
8.27573
9.32673
7.358
6.91493
7.18846
9.64258
9.56369
7.85768
7.09478
10.7534
9.33469
12.3674
8.88261
8.28279
11.9621
6.85908
8.39014
7.06131
6.50337
6.46466
5.60931
7.43566
23.183
7.49435
8.41324
13.4266
7.09391
5.70302
8.34446
6.14632
9.36099
8.15055
11.8715
7.34115
11.1645
16.8836
7.70153
8.21321
5.70721
6.87898
8.53009
22.1376
6.79845
12.0693
9.61937
6.32417
9.59301
5.03286
8.9956
5.88324
13.2148
8.19367
6.30552
7.29425
7.96424
8.78029
9.61741
5.56165
8.43316
10.3426
7.02336
19.0685
5.82446
8.45456
12.9539
5.6294
12.6118
17.6171
6.91367
11.3275
8.03447
14.7001
5.73991
13.2742
11.3939
11.6175
7.07512
12.6103
6.07657
6.67538
11.3502
6.11676
5.16126
18.1706
7.01708
7.76914
9.1113
9.82013
9.00621
6.68488
7.61873
9.11166
10.066
6.38207
6.02204
8.06871
6.96624
6.76156
8.86166
7.04729
22.455
7.3157
10.6038
6.58308
7.48652
11.9825
8.01802
14.3834
13.9377
11.6062
5.75366
14.4972
7.18043
6.94927
8.76474
5.94263
7.58309
8.80313
14.1195
6.82994
7.3449
10.8379
5.75753
6.28373
13.0037
6.84031
11.6233
7.1446
25.2353
9.41718
11.7913
7.01871
5.94676
5.68714
10.9076
13.4403
10.9593
9.64582
6.55605
5.44958
7.11207
10.087
8.01376
13.1694
8.93943
6.05206
10.7287
6.8291
9.48225
6.39763
8.68717
7.05028
8.57002
8.28758
5.45675
9.25707
7.16464
7.49429
7.0873
7.78957
12.3212
8.62572
7.12596
5.58785
6.9406
11.4314
8.98392
8.10925
13.7062
12.4651
8.71722
10.1311
6.55941
8.92863
8.51376
6.95739
9.26389
7.28894
10.0248
6.36895
7.28687
12.2908
6.69658
8.72566
5.71058
8.02823
6.68479
6.51198
8.12228
6.83291
6.89323
8.67057
6.35289
8.41702
18.4006
7.37165
8.30896
6.35512
5.60786
6.9977
11.9993
6.01011
6.01027
9.96153
8.22335
6.81378
6.5185
8.08249
7.64307
9.82995
6.70144
7.89469
7.97308
18.6296
7.94166
5.97503
6.50281
5.86877
5.53002
7.44572
8.59036
6.97106
6.54587
6.55796
8.76416
5.67635
7.10075
11.8453
7.18155
5.7527
6.13194
6.56495
6.52723
11.6185
8.4666
15.3605
11.2405
6.48291
5.57113
9.69086
6.99945
9.39155
7.4291
10.9688
9.11518
14.0312
9.07307
12.7114
7.70408
11.0866
9.94615
11.7262
12.051
11.654
6.84296
8.35312
5.67165
7.01606
10.6678
5.83171
7.69862
6.64554
7.269
8.21708
6.71489
21.5874
5.76596
7.80853
5.92989
8.57503
5.23777
7.18787
11.23
8.80523
13.5591
19.7479
6.81702
11.1784
11.7237
7.6628
8.73999
8.49603
15.9725
7.30935
7.05595
9.67795
5.76234
8.4757
10.7044
5.12496
9.7434
8.02975
6.1748
7.1812
6.8782
18.9305
8.29111
8.33745
6.95709
6.69217
6.10379
6.63358
6.50999
7.6058
7.68915
15.2267
7.33084
7.61724
6.60173
5.11203
5.95292
6.96821
6.29814
8.55326
8.87813
13.1096
22.0332
6.39017
6.07759
6.85144
10.0212
6.91507
7.61305
8.52762
7.70287
9.70682
5.80512
8.24173
6.4746
6.9344
6.2586
11.0327
6.85613
8.08953
23.2751
7.0264
7.39135
9.38753
6.07118
6.23629
7.85342
5.76768
13.247
6.7481
6.81522
8.22378
5.5027
11.0249
8.66219
7.4672
5.94363
5.94944
8.04927
5.75721
5.24018
5.3574
8.85517
12.9998
6.13261
9.43591
10.9344
10.3516
9.83187
6.83897
5.87074
6.13711
16.8142
6.61404
7.37364
9.43426
7.34387
7.6783
5.66163
7.32147
8.1627
8.08412
8.38988
7.34897
12.4785
6.37207
6.28216
8.13868
8.84626
6.28335
6.10965
6.91727
21.5365
7.49998
6.52657
6.57654
9.39672
8.06771
7.26473
8.80466
12.8153
6.96399
12.0661
7.02829
8.63985
11.8763
8.63051
12.258
7.39774
12.3751
9.12475
5.95124
8.69672
7.78692
16.2671
6.02257
12.5451
6.14306
11.6631
5.50773
8.95953
12.9431
7.5654
6.71296
5.61991
7.32967
3.69731
5.02317
10.311
10.3799
10.9749
7.47026
7.75985
22.0067
9.71597
10.571
8.49667
14.0583
9.13272
8.48402
12.8166
10.146
11.36
5.9732
5.91287
11.8137
6.9016
12.3043
6.18789
9.63005
6.42217
8.63406
6.76434
5.30369
6.76356
7.6152
10.996
6.36614
15.5424
6.18666
6.3815
8.70492
5.98172
11.6679
11.3967
6.26389
5.93867
6.08011
4.71702
7.08947
4.96982
16.4003
5.28402
10.0535
7.47829
10.2771
6.89875
10.5478
6.77922
10.5684
19.1462
6.84812
12.9323
6.66369
12.4995
6.83351
10.3388
13.2729
7.59476
5.57348
6.00959
6.4044
7.81631
16.5968
12.4893
7.64559
9.06807
5.59728
10.1077
5.32606
17.7886
10.4454
6.70776
10.5368
9.08087
11.2392
9.64471
7.10606
5.25435
9.72576
6.85537
6.19951
7.37873
8.05437
10.0982
6.60877
12.7813
9.56334
6.72786
8.48694
5.43124
7.83465
6.60858
7.38174
6.73988
5.67508
19.2337
6.8564
7.422
10.0012
7.48049
5.97447
7.15597
5.75104
7.86729
4.97025
5.40111
25.8738
5.6587
6.8299
5.77712
13.5705
8.33503
7.93263
10.3537
10.6032
7.78859
7.03136
6.34519
9.2116
10.1081
12.927
12.8183
8.32577
7.32787
8.68153
7.38734
7.42227
12.2154
17.965
6.51991
7.93535
9.5131
5.84078
12.4523
8.34691
4.94345
6.16691
16.807
6.02567
7.43479
6.18419
9.05885
8.98207
9.56472
7.85959
6.73364
6.60315
10.7329
5.55584
8.76631
21.4599
6.708
9.45557
9.14364
10.8229
10.0196
8.80599
8.00387
6.99386
12.7157
9.89038
7.13673
11.1024
11.8912
10.0052
8.4364
10.9759
7.60128
6.20564
8.14218
5.03377
5.22775
10.9835
7.06658
12.5551
21.2019
6.40358
9.98998
5.65077
6.70601
8.83072
8.13419
7.98191
6.10243
7.20321
6.33808
6.54774
6.03214
9.20985
9.79468
5.49964
6.01635
8.73386
15.5699
6.62628
9.25593
10.638
7.92328
9.1004
12.7902
16.5862
8.14039
12.7467
8.38041
6.19191
7.4537
6.10618
13.2617
6.18332
8.18163
5.99068
12.9676
5.52902
7.51521
5.76168
17.253
7.36354
8.55882
7.75062
9.49785
12.7892
8.1411
7.12342
11.0665
7.47396
10.0313
7.65735
23.2001
12.1381
7.112
9.29251
11.4456
7.13095
7.92284
15.1838
16.8891
7.41498
8.7278
9.37558
6.41567
7.27781
9.94248
11.5472
7.28959
6.06096
8.96641
8.36641
18.909
6.63254
7.23277
9.25935
11.942
7.92248
6.5418
6.93788
16.2864
6.25804
9.19961
6.17561
8.6835
12.1705
7.23162
8.81183
5.14592
7.27034
5.64333
6.64288
25.985
9.44216
7.40938
9.06676
14.2498
10.2514
5.61926
6.67108
11.2614
18.6427
7.21747
10.6338
6.50277
9.13657
6.87362
7.36303
15.4165
7.06699
8.20749
9.47909
14.31
7.117
10.6477
13.1832
9.36274
22.2925
6.35687
10.8733
11.6648
18.9877
6.88726
4.97051
5.74235
16.1307
15.6589
6.53405
11.0858
9.57906
5.19562
18.0559
8.68493
8.3864
21.1094
5.69624
9.50406
8.98997
7.53581
24.4517
7.3482
18.1336
6.18124
9.55007
8.15487
26.5754
7.86609
17.172
6.56225
13.7102
10.7345
10.0078
23.3688
10.5548
6.24933
17.7373
12.1262
10.2201
15.0713
7.86441
15.7661
7.08098
8.71921
4.96133
13.1909
4.93191
4.03897
6.96996
8.06293
5.79976
13.1
6.93028
11.0168
9.18029
11.0887
12.4502
7.18445
7.14447
5.94655
8.60934
7.20807
5.17558
11.717
8.40599
9.66549
17.5904
6.25537
9.18775
10.9079
6.70964
8.31951
18.5192
8.07814
7.04037
6.84587
6.73122
7.64386
11.9243
8.58424
17.096
6.69121
8.22735
9.01202
6.68091
12.6553
6.21567
22.7365
7.60149
9.40046
8.1741
8.4182
7.90613
12.5897
8.02707
9.50699
11.1549
9.60355
6.3666
9.66557
8.68669
8.25244
6.16683
8.88939
6.90009
5.73187
6.76718
10.3321
8.50862
8.9851
9.59533
16.1935
7.02648
7.08894
11.72
10.4304
11.1746
8.94458
7.07171
11.6067
9.29614
8.52075
10.4926
27.0678
10.0235
6.46615
7.30558
9.42739
10.4461
5.30449
5.47241
6.20819
4.99915
6.80191
7.85475
12.6061
5.6695
5.65201
12.2122
6.64928
9.74786
6.31406
8.39184
5.29388
9.36082
9.15124
7.29456
9.83578
7.16684
8.85611
13.9904
7.6596
9.15307
7.40696
5.29992
8.42099
6.05582
9.33027
8.45002
8.70396
8.3289
6.76887
6.65882
8.22151
7.57031
11.6895
7.2854
24.1132
7.84676
12.4474
8.55829
8.77237
11.6798
5.82353
11.07
12.946
19.1154
8.32538
13.4156
5.84666
6.54932
11.1874
9.50149
5.90819
6.07767
7.83607
12.5383
14.4462
10.2383
19.2999
13.7271
7.20535
6.86605
15.4499
7.75987
14.2189
8.04054
14.0968
5.67327
24.9801
17.2852
13.1416
18.4785
6.3339
6.73778
13.4805
7.07839
8.68568
11.2175
6.32604
6.62685
17.953
5.9668
5.96399
7.12632
6.251
7.34298
5.40554
21.8512
5.57782
27.4007
8.6576
5.82859
5.85839
7.10117
12.9662
6.14418
7.33545
5.89817
13.2468
8.18064
6.49145
9.67335
10.3001
11.3513
6.73539
7.35735
12.6644
7.79938
9.13871
13.5779
9.80062
13.5654
12.2462
13.4077
9.21008
7.82736
12.0765
8.76271
8.11943
16.2565
6.94695
7.02493
12.6349
6.26207
5.85725
8.02949
8.14436
5.86238
7.80504
5.39137
6.19382
5.65158
6.69116
14.3827
6.47303
5.25856
5.84752
10.1112
12.4966
10.3242
7.55889
5.31377
6.45162
11.3227
7.1702
9.33311
7.90632
9.96301
14.1396
7.44401
5.51985
12.0226
10.1813
7.42414
7.31098
4.66851
7.66732
6.09024
6.0508
5.93646
5.2157
13.4581
8.20124
12.6346
9.99589
9.03542
6.24901
9.89066
7.7383
7.34913
6.93298
5.08497
7.11411
13.5828
6.67643
5.81807
4.85224
5.91114
6.17263
7.43566
6.5088
10.6099
22.2443
5.80925
11.7122
8.64608
6.59983
8.53553
7.53031
8.10718
6.34747
5.79975
6.46964
5.48715
9.33439
11.4442
8.53245
6.80918
9.49378
9.97753
10.562
6.46592
9.28611
10.872
7.55807
7.83151
8.38903
12.2127
13.3448
12.4762
16.7211
9.70393
6.10271
9.57604
9.67695
6.00698
10.7833
6.63119
8.21818
8.09284
6.91583
5.95303
8.80667
9.33562
8.53741
7.18662
8.7053
8.32242
9.47279
12.6224
8.35088
10.7085
6.11544
8.69687
6.17015
8.08375
7.96522
8.65668
7.34904
5.59915
8.30063
7.02909
9.86669
9.21529
5.59418
12.001
23.1471
9.34039
9.13237
8.52544
7.40835
6.98299
14.3031
26.1673
8.02053
4.67094
7.23727
9.04327
10.1541
12.699
11.9125
7.05141
11.9969
8.93458
6.1458
6.27463
6.69804
6.49238
8.27485
8.58583
7.67165
19.6088
7.39603
10.4433
6.78911
12.2881
6.46201
12.6325
10.1876
9.50968
5.06154
8.43357
11.8229
8.35969
12.629
10.2095
6.54193
18.9985
6.16103
7.32925
6.24429
11.3317
8.91945
9.29849
17.2704
9.1594
6.39038
7.75598
9.99254
5.22086
12.2104
6.76558
8.03466
7.73128
7.18607
11.7585
8.51333
8.03243
10.7209
24.7747
7.88736
11.3491
6.52117
7.67813
7.08429
8.71038
8.53743
6.79953
7.90998
12.3218
6.73807
6.94779
7.87343
7.5754
8.58214
7.95373
6.70353
8.19563
7.11815
7.06132
13.9671
5.82167
9.35495
9.62413
9.76952
8.6207
11.6261
10.7255
11.3381
7.51038
5.56759
9.41294
7.63727
6.85977
8.87106
8.62578
8.85964
7.41887
6.13121
10.1405
5.01789
10.1615
7.69541
11.2341
7.73603
6.5534
8.48721
5.73605
6.50565
6.46737
8.40832
6.58066
11.0768
11.8285
8.89428
8.43016
9.54958
10.26
11.5127
8.34095
5.91661
11.8516
7.33793
9.81671
7.30456
7.89498
7.47214
7.08911
6.61927
11.8346
7.76673
10.4182
6.84042
6.04229
9.73563
7.29352
5.23937
9.15808
6.63293
6.45236
6.94105
6.4087
8.53977
8.26035
6.32778
5.81044
6.32233
5.34326
6.02115
10.2544
6.37486
6.87669
10.8016
7.52806
7.84265
5.04635
8.56696
7.65097
21.1721
5.92354
6.86224
9.45071
5.46595
8.83431
5.57886
8.68694
8.62934
7.12848
4.86143
6.37168
9.04079
7.0118
5.90427
11.0417
6.10455
19.6789
8.80222
8.94319
13.3379
17.3951
14.4011
11.2126
6.47506
5.31726
5.3744
3.8354
6.11013
4.73915
7.89318
5.41273
7.84029
8.71508
5.34768
5.83611
8.66318
14.915
5.83021
7.40353
14.038
7.1035
9.27825
5.64399
8.18912
9.551
12.4968
7.91528
11.635
6.13042
5.81069
8.93778
5.83942
20.3473
5.875
5.55111
9.73344
7.1183
6.7079
11.7196
7.83807
18.2772
7.24669
5.76041
12.1118
8.05729
8.38666
6.39101
11.8434
7.45156
20.0232
12.2895
21.1317
7.69994
7.26582
5.48855
8.23918
5.56096
6.01065
8.97939
11.3504
7.6769
6.82188
5.83493
15.1947
9.57121
14.5249
7.49535
7.0599
8.51912
24.4061
6.7439
7.02006
6.67713
7.37107
7.01041
6.41107
7.79782
6.19766
7.60062
5.72657
10.8804
5.19357
8.44761
11.0728
12.6652
7.32583
9.0884
8.29446
17.3545
9.53136
7.56503
8.5064
6.03962
6.66856
8.99129
10.3289
8.9067
8.81295
8.66357
10.9256
10.2111
9.39372
6.36505
13.2478
9.05968
8.43264
6.48398
10.9331
18.653
10.9232
15.5044
13.5614
8.21146
14.5823
12.9243
6.07964
17.8666
12.1085
7.44203
15.1901
14.1426
9.39056
20.1981
13.4841
17.2309
13.5953
13.6148
13.85
12.5471
7.70387
11.968
9.33492
18.6015
6.98813
15.5584
9.31009
22.1025
12.2623
12.0147
12.9464
16.3634
8.03537
11.4697
6.27145
5.80974
17.542
5.51206
11.7591
22.8094
17.676
8.991
8.54903
13.9647
11.8479
11.1805
8.08817
11.3978
9.32057
15.2485
6.93105
11.8022
12.9148
6.12193
11.3091
14.5252