21.4495
13.901
12.5717
11.0996
10.7265
24.8417
14.4448
11.6011
10.4491
11.9713
13.9922
11.1962
14.3835
11.954
23.7243
12.5344
15.4689
10.9691
22.4433
13.4233
11.2787
11.8682
11.3001
12.1529
12.9314
16.0596
11.9451
11.0875
5.32612
6.59824
7.82015
8.33547
5.21625
5.24591
6.9654
16.584
5.97893
8.28174
10.0942
6.48892
5.61946
17.987
5.97569
6.34152
6.74451
8.04895
4.36699
20.7665
12.1474
5.15675
11.1906
12.4653
5.30816
10.5061
14.2605
11.5228
5.56062
7.19581
3.21111
5.52286
9.16638
7.74084
20.5415
12.8734
6.1769
8.46014
16.774
10.1766
19.8627
12.2844
6.6872
6.0051
17.9981
4.76195
8.52321
16.4389
4.46898
15.811
5.70574
12.4888
5.95891
9.40646
6.21616
10.1421
7.34095
7.14718
21.6109
7.44541
6.11366
6.56281
8.62458
9.59314
6.92192
5.43573
4.56959
8.71417
6.64373
4.66372
7.06454
8.12739
5.12394
6.79059
7.22304
5.64651
10.815
6.39049
10.5604
6.7012
11.5712
16.9873
5.267
24.1549
7.26785
15.2186
11.4764
6.16488
11.2391
15.1048
11.2134
10.7368
10.7359
9.30839
8.37155
18.5024
4.93949
18.2904
10.8757
9.62258
20.3393
20.0022
12.4245
13.1168
11.2522
7.30207
8.47507
13.7333
5.61559
4.9625
13.2207
5.07155
18.508
4.9081
6.76324
5.45958
13.4758
5.01519
14.58
6.12685
6.08635
21.548
14.0751
9.96461
10.6868
10.7107
15.7743
7.68126
6.85838
11.0533
9.57447
6.27218
10.7524
8.14622
21.1194
9.84396
10.8256
7.04222
14.1758
11.7711
5.37152
9.08184
10.43
15.545
20.6871
9.65803
8.53237
15.0207
12.9845
5.12182
11.2617
9.7331
22.3038
6.24527
15.5093
7.88314
6.63192
8.21866
12.2928
5.75575
14.9251
14.3092
6.11015
11.2565
5.97396
20.8791
7.07308
6.0003
6.21312
6.98297
8.15492
7.07859
7.77649
12.3618
6.94828
5.61646
7.23778
3.85034
5.37543
8.1965
11.3384
7.58548
9.01916
9.78129
10.2697
10.1819
11.6472
12.8698
7.11332
10.9526
9.90465
11.4336
7.55987
7.77544
11.8861
5.89255
22.4394
8.66106
11.1094
8.0528
7.22879
17.3578
21.4119
9.37923
7.76816
6.0848
6.62641
20.9721
8.80754
7.64709
7.45032
12.5507
7.47677
10.8123
7.83637
8.95304
7.48186
8.46843
8.48854
7.95529
7.91337
17.4815
11.9307
20.4306
20.3717
12.2365
6.50026
12.2195
11.2862
20.7936
20.6766
5.22912
9.07289
22.0869
6.09714
14.2595
11.8715
11.7537
13.7547
5.48831
6.04568
5.48577
7.81522
7.3787
7.12818
10.4602
9.54656
7.19565
9.64653
7.09076
8.95975
8.84018
20.7375
7.9454
6.80779
19.6952
7.78066
8.74039
8.69091
19.3737
21.3523
20.7604
12.1635
15.0186
27.3738
18.0219
39.4057
14.8945
9.2221
11.1806
5.93247
13.0071
12.2326
5.82587
7.80464
12.4351
6.17597
12.3979
18.8333
7.19553
7.46089
12.827
6.42589
12.9321
7.92381
13.9048
6.20633
10.809
13.7506
11.3193
11.1175
13.1021
11.9002
11.7857
11.9274
12.0712
5.34324
6.33121
14.9412
17.6533
6.68119
13.339
12.0849
12.1596
13.8309
11.1152
6.16474
6.56957
11.1003
11.5405
12.8402
19.8371
6.03923
12.8192
5.77242
7.23423
13.7574
5.78452
5.62877
26.3361
9.63733
7.69405
21.1185
8.80139
13.5598
6.21265
13.1871
8.00437
23.785
9.82845
8.32184
18.8342
7.34811
9.17181
6.65398
14.1977
3.57525
13.839
4.28001
5.68844
16.2535
11.2202
6.9038
17.19
12.7892
6.27334
14.014
13.0853
6.85465
15.3448
7.55403
7.8752
12.6187
17.6633
8.39304
6.65546
16.3663
5.85934
14.2089
16.4837
5.57544
11.8559
11.5304
7.98046
5.97966
15.6409
6.38036
11.5496
20.3998
5.29957
7.97806
5.99906
4.95654
26.7836
7.27778
9.77886
18.3634
5.74789
6.26611
14.2967
9.05802
6.17185
12.9268
11.5891
12.081
6.39046
10.4945
6.94685
17.2699
5.76663
12.3563
10.4718
5.76943
7.33238
26.3427
13.9728
7.32876
9.50163
17.8847
5.51139
10.6905
14.4267
8.35933
33.6943
15.3215
17.5265
11.6113
10.1522
9.86805
16.2834
13.9288
18.1081
13.0107
12.0248
6.20337
18.7562
10.4563
14.9462
9.26178
6.17907
13.9239
6.49657
12.8357
7.86045
8.82592
5.91786
14.063
9.93505
7.84619
10.4725
17.8455
12.1971
8.88928
18.7127
18.2119
13.2002
13.6323
13.433
11.3562
15.0934
11.5939
12.0632
12.6772
14.4569
12.2667
11.5651
11.9499
6.34285
15.7368
21.9382
12.0215
20.5087
15.0878
6.64894
13.5265
5.84069
5.49389
15.0606
6.28347
7.69545
25.611
7.84387
9.52707
19.4948
6.39789
6.97903
24.4003
6.58816
8.50775
24.3927
9.03646
7.69065
7.44402
21.0936
7.29207
20.2979
15.0309
7.61595
15.8962
12.5209
6.93772
14.0127
7.32817
5.82479
8.84774
7.78335
7.75457
9.26564
7.65595
6.19779
7.82601
7.2611
9.28159
5.57844
13.6419
6.32646
8.34582
22.6317
7.87236
7.68642
15.1744
11.7904
14.1274
12.2712
11.3006
12.2747
14.2718
22.6818
15.6166
20.2255
13.7622
13.5096
15.3199
11.3972
15.1938
12.0067
23.3155
15.1484
13.1279
10.9044
14.5463
16.6384
17.2839
22.0866
16.7193
13.0002
11.9019
19.6581
22.8399
16.9979
25.6686
14.9254
19.4789
17.5776
23.0346
18.139
13.1995
11.4304
15.1357
9.38647
11.3758
17.6332
9.16481
14.4569
7.50055
8.36269
10.3721
22.2487
5.79977
12.3082
7.67657
10.8406
8.51186
5.90118
13.8549
12.8817
7.39958
6.96827
6.58645
19.6206
22.9147
9.15258
13.6634
14.3558
11.9291
12.4717
11.6631
12.0919
20.739
15.6565
6.01541
12.9832
12.3684
5.34905
11.3554
12.8896
5.00791
5.24134
13.2771
7.35518
6.07858
6.29454
9.6575
8.28196
6.24415
12.8211
11.9631
10.1974
8.20371
7.53746
11.3416
8.37374
17.4748
8.55889
8.93325
6.21683
11.0606
9.92815
19.6898
13.2527
16.8457
12.5196
6.24356
6.71077
14.265
6.76178
8.21756
11.0926
8.01611
10.4083
7.59573
5.6017
12.7773
6.41198
6.0254
6.12673
8.64521
18.9396
7.27638
4.90927
7.95476
10.8816
5.38397
8.06686
8.32747
9.58688
8.83024
7.23288
13.3582
7.53463
6.52446
8.25742
6.10853
9.45183
13.1872
6.0957
5.96223
6.38802
11.3093
11.4368
7.89655
6.73591
9.26678
5.80836
9.82037
8.47087
8.86661
4.72744
6.44543
5.2509
8.85184
10.6974
9.81577
6.32822
7.81654
5.8333
7.29667
10.4168
5.45468
5.7384
6.01363
5.31595
6.62748
7.41576
5.39024
5.20689
7.02595
5.37698
5.19083
4.81897
5.36835
7.30533
6.47764
6.26466
12.1925
10.1928
6.00154
8.64397
12.2103
11.1412
10.4875
6.93152
16.6974
8.57731
6.37886
8.14736
5.07176
9.92698
5.6536
7.19831
7.62403
7.58398
11.2583
8.21561
10.3912
14.8535
11.8328
6.37615
4.34522
6.01126
4.08943
8.07972
8.01835
8.86912
8.66861
6.68433
11.5019
7.01132
7.07371
11.9162
10.0765
5.27612
8.38528
7.2919
9.97408
6.0193
5.93755
11.6733
8.87824
8.74904
13.5842
7.50735
9.5173
6.03512
8.42896
6.64699
10.1438
10.0702
9.78644
6.01332
9.08472
5.75775
9.41032
7.5157
9.32622
18.509
5.13634
12.4158
4.99058
6.17517
7.79973
7.77612
7.68831
8.31543
12.0979
7.49713
8.29948
6.78341
9.69755
8.61229
9.6946
7.58186
8.37932
11.2215
6.50811
11.2802
7.30259
8.78769
10.1908
6.83209
9.07447
9.01711
9.50265
6.36893
8.26762
6.65582
11.4111
8.70671
7.57763
9.17551
7.79612
12.554
10.7589
7.06166
6.57249
10.8374
14.1379
10.85
4.51528
11.5421
6.12774
7.75018
7.04866
6.55634
7.36617
10.6767
5.98751
10.7421
7.53739
8.02588
11.2875
9.59069
12.523
7.43064
9.37578
7.13486
7.61221
8.30406
8.41105
8.32295
7.77729
9.02119
7.81354
7.88224
8.94546
7.32934
9.80375
9.68498
7.69965
9.05277
8.48795
7.38634
9.37673
10.8813
4.88061
5.66507
9.24215
9.97222
8.19293
8.42787
9.41843
8.33757
6.22703
11.5102
7.77758
9.26959
6.09895
12.119
7.76841
6.3765
9.44371
7.57218
4.72482
6.45079
9.31306
11.2588
10.7132
11.7071
5.41125
6.0298
11.882
8.33919
14.6109
5.70385
10.9607
7.17661
12.0208
11.169
8.46457
6.50008
12.0319
13.0396
12.9816
9.99107
15.1049
11.7129
7.69848
8.16461
15.4326
7.32973
5.5653
7.69534
7.57948
9.51347
9.7626
6.31137
6.92478
12.1336
6.36854
8.51703
8.68206
12.878
10.9405
21.997
4.49779
5.89859
11.817
4.41463
9.43894
17.8742
4.82962
11.8963
21.9141
5.72608
12.754
7.73583
9.66206
23.101
13.7559
6.13542
19.3003
12.9126
12.5905
6.20619
20.7551
7.42916
14.3516
6.91328
4.85829
4.99735
10.0281
9.82814
16.5385
11.2449
4.4527
20.1184
5.97289
6.63272
10.2305
8.45138
8.61201
8.27593
8.09142
12.4267
10.1789
8.77777
7.41488
6.78583
7.98703
8.32916
7.21152
12.8905
7.53123
8.08154
8.99522
8.63847
8.77341
9.31964
7.06267
9.12326
8.21764
7.64234
8.93406
11.4652
9.23564
9.05944
6.73927
9.38791
8.86841
8.67421
10.2491
7.96086
12.1787
6.81764
8.93466
7.74989
7.55138
6.92377
10.848
11.5371
8.55563
6.00825
10.5271
7.97085
11.6934
5.73198
12.0375
9.23858
9.44569
14.6101
16.2287
4.17797
20.6967
5.72938
13.5484
12.5553
12.1768
4.48242
20.4593
9.87556
10.9855
18.2858
6.21785
5.75601
5.95617
5.98168
8.5003
7.62861
7.24846
6.67022
11.437
7.63837
7.09457
8.76499
21.386
7.99364
6.02754
7.116
8.49545
7.58849
6.56159
7.38894
7.72133
16.6524
11.3263
11.4581
7.52839
8.16943
18.7561
6.14181
5.30187
12.5911
17.5231
9.06461
13.8611
14.0632
6.70362
12.9834
11.9786
7.01466
6.0353
5.10944
8.30777
9.1748
7.08655
8.43412
10.8925
6.15919
10.7209
8.78431
10.9177
9.08388
7.5054
8.8629
9.16413
9.07621
8.04991
7.11919
8.26263
7.29088
8.45397
6.72195
6.23078
11.7593
7.66777
7.29902
10.6709
9.90887
11.1105
8.03771
9.18395
10.6759
9.9278
10.2117
11.4522
11.8997
5.51242
7.48511
5.47945
5.5256
6.88169
6.68726
8.93614
7.8305
7.72811
8.24229
8.21923
8.41131
11.4679
7.97696
12.2645
9.75016
9.7005
8.84285
8.78878
5.59327
19.3675
14.3244
6.22933
10.4414
6.14229
5.23179
9.2122
17.3162
5.54956
7.6727
6.85419
7.45015
11.8402
7.94011
8.3212
6.20335
10.7132
12.2451
7.89402
10.0521
6.53313
8.04246
11.6029
6.26181
7.51714
9.36463
6.71584
11.4061
7.51214
9.56296
8.57548
8.5103
11.6726
7.03315
8.65851
11.6244
9.19634
21.0486
8.10277
15.9753
12.7269
5.66428
6.76075
13.0678
4.98233
6.25342
6.6138
7.04327
8.964
11.362
9.45307
6.42409
7.61885
7.87226
10.895
7.77812
10.2638
19.2594
13.1258
8.0203
12.1815
24.6999
14.2441
19.4116
12.1403
10.451
16.222
9.66589
11.0727
18.7527
4.90803
6.20933
5.43033
11.4633
7.1643
13.5175
5.38278
7.33913
7.89885
6.27512
5.82325
8.4602
6.63573
4.28266
5.22525
24.1581
6.03474
5.82599
6.88046
5.99897
12.2298
11.3465
8.89586
6.2676
6.68444
11.4576
10.6252
11.9608
7.58793
12.5401
9.03305
7.93253
9.26912
7.22125
11.2884
7.99103
12.5848
9.29735
8.89267
8.05755
9.43402
6.77911
5.55701
11.3839
8.24467
9.10634
9.32091
8.34044
8.64604
7.57489
6.9166
8.65485
9.94736
8.45912
6.70209
6.8799
7.53716
12.6687
7.78839
6.55884
11.6982
8.46295
9.88779
10.4881
10.0144
6.99243
8.90132
8.65893
9.38438
10.0568
11.1134
7.58988
8.80265
5.44341
7.26813
8.56093
8.00145
6.01106
6.90268
5.42718
7.38357
9.54192
8.43476
9.20735
7.16909
4.87554
6.76011
8.64021
8.19809
6.4407
5.95411
5.76031
3.57168
4.67194
6.63575
6.08927
6.56191
5.56878
8.9837
11.7301
6.64159
6.22872
6.55451
5.17736
7.2105
8.25801
8.40941
10.0067
7.46593
6.28803
11.5283
4.98075
6.68029
8.09544
8.32672
7.52026
11.9533
5.88277
8.64434
7.73867
7.33606
5.3245
12.4828
6.68342
8.65078
10.5968
8.19143
10.575
8.11532
6.82801
7.47029
7.91237
8.0311
7.47064
7.62411
13.6168
8.15435
7.33937
4.45694
5.61504
3.6917
6.32379
5.84323
5.55441
4.8042
6.96194
10.4295
7.63081
7.64284
8.57676
9.66721
6.3825
8.12584
10.7279
12.5799
8.4782
11.5141
9.2287
7.39734
7.80302
8.61143
8.63521
6.81436
4.89283
9.12701
7.3798
7.02931
8.89228
7.07409
11.2503
9.18374
8.93955
7.01222
7.5408
9.08883
9.68055
7.09073
8.02994
8.22379
8.39865
7.02167
7.55774
7.00456
8.08665
6.35679
7.70952
11.2793
10.8967
8.0144
8.20076
8.29924
8.42287
8.24083
7.83309
8.59595
11.3748
7.00887
8.9503
11.1531
7.3786
5.87392
11.7658
7.55342
9.14648
6.37102
8.43248
7.2946
9.58669
10.8455
7.53652
7.45543
8.40787
7.74477
8.63424
10.5814
10.9759
9.6933
7.25832
9.06561
6.06602
7.47766
7.20107
9.75976
11.349
9.44518
11.4663
9.5638
6.96643
11.0621
10.8675
6.9411
6.78062
8.02061
6.33175
7.51208
9.91294
7.74478
6.88509
10.5664
6.31242
10.927
6.28128
10.6799
11.7445
9.5415
6.78205
8.51517
9.46247
9.75672
11.5353
11.1136
11.6514
17.8089
5.01855
12.7547
9.25604
8.18295
19.7296
6.31079
5.939
5.04036
6.01053
5.43762
10.5797
7.56691
11.7379
12.6236
9.02094
7.40864
4.07454
5.28895
11.0136
6.14175
10.8629
7.96878
9.16118
10.0082
9.91825
6.32217
21.5551
6.84526
6.75542
14.5478
10.6793
9.13087
21.5241
11.7362
7.875
9.22407
16.9657
6.75733
7.03683
7.70324
26.7374
7.04007
7.45441
6.80512
6.47014
8.33584
8.09678
5.84361
13.2992
6.43935
5.49063
13.9004
5.20862
6.57296
9.12457
6.63705
9.52459
9.90947
10.8497
4.67185
10.0267
9.96988
5.62734
8.61748
7.00547
6.23762
6.01375
5.97161
13.3896
7.78791
8.4263
6.84665
7.18713
11.0246
8.58298
18.0969
6.93781
5.94792
8.97206
9.3565
10.8666
8.16916
9.87801
14.8903
10.3373
10.6737
8.47606
8.28149
8.50075
9.02237
8.8274
5.43957
6.32043
5.26784
9.4212
9.22391
11.5105
7.22207
7.7896
9.71314
8.93384
6.05832
5.60816
11.7532
8.28617
10.6548
12.1715
6.77214
12.587
6.69207
9.35452
6.61691
10.6734
8.02964
11.5736
10.9674
9.12856
7.25195
8.345
8.17376
7.87745
22.0446
11.3628
7.42381
17.3427
7.96702
10.1686
5.99677
9.95782
6.57578
10.4277
7.0351
12.2343
14.6758
12.2657
14.8369
14.9389
11.0014
10.9921
19.8862
8.77577
9.62925
5.12398
5.58675
7.92052
5.73648
7.82862
7.04891
6.57821
6.55261
10.4314
6.20239
14.1078
7.04417
6.78568
5.93411
10.4024
7.73445
7.03265
13.0288
6.25701
7.57181
18.384
12.9978
5.35181
5.94669
6.44987
5.86896
17.3981
13.7391
12.2289
14.7025
14.8263
13.2118
13.9409
12.3931
14.4974
12.955
10.8435
11.9093
17.2071
10.2625
9.53631
14.1899
11.6897
13.0257
12.4933
12.1576
18.6386
19.4396
15.4382
13.2451
23.3685
15.272
13.9769
11.8683
12.1365
22.8106
13.3372
17.1605
11.5279
12.294
13.7247
10.6188
14.848
11.074
19.9779
12.786
11.1919
12.9212
13.9783
12.0015
20.8763
23.0615
14.9748
18.056
13.0245
14.3717
11.0096
10.8722
11.8521
11.3326
13.9993
7.01218
13.2415
20.0736
11.2645
11.8981
11.9287
13.3994
16.6857
13.0797
18.7492
18.7017
14.923
11.2266
20.6102
15.5049
8.09205
14.4413
11.6905
17.2382
11.1274
15.1029
6.82739
16.0098
11.1307
8.87964
18.4041
11.9437
9.78234
22.4457
7.33051
20.6905
13.1414
12.9145
7.11293
12.6138
9.75028
7.8221
14.5126
6.5827
14.2284
7.3203
7.34241
15.2257
7.74362
6.12029
14.4099
6.86552
12.8164
7.45799
22.606
7.39543
13.3462
7.26094
14.407
6.96628
14.5597
17.0173
7.06971
12.5322
11.6569
6.47304
15.222
6.84602
6.17267
14.272
6.03137
11.5224
20.0589
12.4075
7.34094
6.55719
5.9172
7.40416
10.9466
19.5869
11.4913
8.23744
6.57303
7.06541
8.473
14.2577
8.64823
7.96741
11.3771
6.65863
6.92072
8.72895
11.4172
15.5827
9.18589
6.89087
16.2231
7.37552
6.59238
11.7899
10.5826
18.6956
11.3551
9.87198
11.7112
6.02814
7.62763
13.2525
7.31824
5.91129
10.0548
17.013
12.7229
8.0335
7.0716
6.60096
6.9063
6.94225
11.385
8.237
16.6472
18.1044
6.71669
6.52213
10.0089
7.67962
6.17439
7.49767
5.27594
12.4118
10.6027
18.2095
7.68049
5.78521
4.41023
5.29261
6.27791
9.26929
6.65802
6.81577
7.31944
6.90841
7.56203
14.6715
8.03502
10.9218
6.23145
9.46189
9.87046
8.56549
5.75649
6.89531
6.04067
8.2011
14.8407
6.34216
8.07133
8.61491
9.65849
15.261
12.6444
9.52538
10.5936
12.0479
7.06716
12.1023
7.98205
6.54672
15.4513
7.98065
8.35828
7.44062
13.9227
8.77477
13.2705
6.71377
8.70772
17.0202
6.43652
16.8102
7.44141
14.6898
8.52844
7.45209
12.1101
7.80745
21.3734
7.61444
7.87675
9.41182
13.4387
6.89294
10.7064
21.4986
7.45901
10.878
15.6473
10.7838
10.7679
7.40715
6.08749
8.40762
7.27013
7.78053
17.5449
6.9503
7.67842
15.5311
9.897
13.585
8.1627
13.1756
6.89016
13.7086
6.81247
17.6779
9.54605
11.4153
7.21604
16.6241
9.32853
9.68987
7.1854
6.28163
13.8506
13.02
13.7227
22.353
9.38281
17.2358
11.0128
7.60198
13.9625
7.30775
12.3041
12.4634
8.92994
14.7624
11.9804
8.64779
11.4885
12.3902
10.1972
13.9025
6.47849
14.6658
12.844
19.6261
21.7197
13.0895
12.1672
12.7592
19.8712
13.6303
9.03296
22.4271
15.1153
13.4708
11.6022
12.9971
13.1436
11.2371
13.0471
9.18305
11.7189
10.1729
11.2095
13.656
12.6377
11.1987
13.3013
14.6111
12.6874
11.5339
15.0428
11.344
19.7866
15.4667
11.8482
12.8129
10.7458
20.4309
13.5321
12.2453
11.6981
13.4132
13.2926
11.1917
12.6141
10.9219
13.2527
11.9391
12.7394
11.8522
15.3917
11.9502
11.5922
12.3321
12.3079
11.1172
11.5964
12.0161
12.9766
13.1288
11.367
21.765
12.8046
13.0722
11.1465
18.1696
12.659
11.7871
20.6484
17.3792
11.2255
16.7822
11.8929
15.0049
11.4138
15.5427
12.9169
11.8151
13.1394
13.9051
12.1903
24.4958
24.3877
15.5136
11.786
13.0986
14.1988
13.1629
11.1668
11.512
7.81465
12.3233
5.65818
13.7909
12.0589
12.5531
5.98927
16.3837
12.9864
6.29811
10.8861
10.4615
12.1091
10.2941
6.96967
11.474
7.42907
18.1541
6.80203
11.0236
16.6833
10.6493
17.8383
8.03907
16.1415
12.0951
11.6464
5.86352
13.145
12.169
6.50175
13.9349
12.2398
8.17569
12.294
6.81389
7.09037
6.72917
6.72156
8.13068
6.3999
8.63602
12.3367
7.49247
7.99363
14.4607
6.75923
8.18083
5.97044
9.3739
5.66103
14.7174
9.3499
16.5274
11.8487
12.067
7.8198
9.43113
10.9786
12.4804
8.11897
12.8409
10.6942
6.51463
8.86232
6.57746
6.0371
5.98565
11.7725
6.42119
18.2074
6.15964
6.63726
9.08884
10.5594
5.1777
8.74315
9.07482
5.81788
13.0552
6.91757
5.31066
7.16723
8.14271
8.63034
8.26703
7.03994
10.0937
5.90396
9.19234
9.72269
10.9778
6.63115
8.93733
8.00938
7.32793
14.5511
11.3412
6.53272
8.57128
3.7429
6.6695
6.269
8.38703
7.78598
11.4228
7.77233
11.212
5.61382
10.8379
7.13036
8.39408
14.4176
7.63286
10.7884
8.36608
6.57551
9.56916
16.8691
5.98029
6.33087
11.8167
7.20429
6.14867
7.85924
14.3875
9.51102
18.6371
7.06075
10.9856
6.36237
17.0622
10.3242
12.2741
12.8027
16.229
6.01708
6.96669
10.4196
18.5548
12.6059
16.858
8.49145
15.5418
8.41641
6.79725
15.635
7.97905
12.1751
6.76423
8.48906
20.0125
6.97793
17.2072
17.5003
18.8286
7.51424
7.74782
13.9999
9.02346
19.2903
8.29969
6.28495
8.83512
14.1302
6.9655
28.257
14.7201
8.42094
7.03897
6.94161
6.16553
14.8045
5.8987
20.8759
7.61379
13.4224
7.61071
7.78081
21.5563
16.3734
7.08758
18.9964
14.243
16.4793
15.069
14.4177
14.2974
25.2469
15.6877
19.7939
15.4077
6.80735
20.9147
15.8396
18.6601
11.6368
13.7778
13.0149
12.2071
11.4922
11.5986
13.0813
23.4112
22.8831
15.9233
11.9329
12.3146
12.4039
14.296
15.6708
12.7454
12.5119
13.5622
20.0377
15.7843
20.0552
12.323
13.0413
12.8742
22.0767
14.3934
12.4553
17.219
11.5583
17.4189
15.8538
15.514
11.7853
22.4579
18.944
16.8519
13.3151
19.2717
13.2384
21.2843
22.0499
16.2456
11.9753
21.9932
14.5412
13.8225
14.483
21.9268
16.7762
14.1853
12.3381
16.1537
12.3681
13.5855
13.4181
15.0457
24.1512
13.9977
12.1508
22.7931
13.2389
11.6062
19.496
11.9396
11.6505
18.6586
12.1368
18.3624
15.0564
23.896
12.246
11.5961
9.50235
8.6454
13.9223
10.3604
11.469
11.2918
10.8005
20.7831
15.2622
12.4503
12.1711
19.4425
20.3024
19.878
12.9757
17.9582
11.7499
26.8667
16.3825
14.016
16.8399
16.7046
11.2927
11.6097
15.2672
7.29249
7.45103
12.1596
12.8796
14.484
7.27791
11.1408
8.46016
6.28551
7.06159
13.0621
7.17739
6.53983
6.10145
21.5084
10.5392
7.28228
9.36952
23.5034
7.53488
7.00735
10.7136
6.25218
7.07151
19.2408
8.99034
12.549
8.74817
9.82981
12.2179
10.4923
6.65053
6.83687
12.2742
16.5461
7.45596
7.14348
10.4698
12.8878
9.47041
6.27152
8.92142
8.77134
6.87202
10.4495
5.34318
11.8356
6.2296
15.2761
7.44302
8.93684
14.4
7.40984
20.6091
21.4623
6.74195
7.15848
17.727
7.65948
13.7813
10.2333
11.8928
7.52931
20.6595
6.78385
12.6696
6.59226
9.37999
13.1109
7.43251
13.4671
7.11105
10.6252
7.50702
12.6857
22.2342
8.73545
9.82878
12.6879
6.98223
10.1005
10.6114
6.33471
8.95069
7.56921
7.64852
6.69513
8.21009
18.1512
6.35769
17.5
8.3052
8.22107
8.60176
9.915
8.86175
18.935
8.02783
6.06742
11.8114
7.59291
8.88452
7.66642
27.3405
8.69266
10.0842
10.5016
9.32859
8.28493
8.03324
6.63173
8.46542
8.83849
15.8931
6.75177
8.2508
10.6518
7.2592
6.86982
13.5124
7.42729
8.43511
7.11929
6.67603
7.4544
8.79626
7.42484
19.5092
6.99267
7.76796
8.71882
7.64493
8.99303
11.6757
13.0506
7.1719
17.5626
8.76142
9.05807
7.4778
7.97449
3.85257
8.94399
4.47386
12.6185
6.83826
5.69009
6.31066
8.37995
10.8763
6.35536
15.0899
10.1821
10.9882
12.1402
8.22614
7.01593
18.1299
10.6993
6.12277
8.87406
19.5216
7.65872
12.8138
8.91174
8.30326
25.5453
9.38658
6.61855
8.34128
15.507
7.2987
6.39374
7.75483
11.292
11.7666
20.1834
8.63802
11.4572
9.67587
11.9105
14.2819
6.62971
12.7958
7.19905
7.06005
13.6409
6.38095
6.80993
7.59889
6.76387
5.67764
12.7592
8.75954
11.5632
6.48231
13.2034
6.96929
15.6953
6.14701
6.89718
20.2445
7.10043
7.77844
15.0791
7.64604
9.51997
8.38616
17.2568
6.89699
17.0353
12.1989
9.31256
16.8016
14.1588
7.58302
9.711
8.64833
7.61211
12.5315
12.1728
7.89993
13.5117
10.4315
12.244
9.06918
10.2938
6.26387
13.8318
10.0918
8.05511
11.593
6.92909
11.2434
7.5712
12.3859
6.88224
6.68336
32.7869
9.1854
15.1929
13.5824
6.98946
21.6016
16.3638
12.0253
12.0176
22.0708
14.5639
12.7938
14.511
11.6648
7.94091
23.6484
14.2206
12.705
12.32
15.8063
11.3024
11.0924
15.2641
20.3475
18.7833
15.4572
14.6643
12.1645
12.6808
11.8801
12.585
10.7915
10.9628
22.4208
13.0598
11.757
11.7881
12.1071
12.6364
14.9489
13.7589
13.1777
11.5303
13.4378
12.8649
12.2234
22.8532
23.2672
19.0997
13.6096
12.2201
11.9099
11.6619
13.4322
12.8867
14.1006
12.1066
18.8921
17.7416
12.6219
21.4184
16.4563
20.2066
12.5914
13.4662
17.465
13.4195
12.4369
14.8036
12.9186
18.3919
13.1643
12.7139
14.7108
11.2612
15.1251
11.8562
9.22376
11.0756
10.6863
10.8686
13.0346
20.7227
21.8982
19.7689
13.1674
25.8116
15.0554
14.381
13.0703
27.4277
16.826
6.75834
18.9943
13.2189
8.43361
5.70982
14.5907
6.49255
13.4874
20.9218
11.856
12.9434
7.25685
9.00681
6.29563
13.3735
11.7999
6.66394
16.2864
6.09652
13.1053
9.78718
6.07461
13.0104
6.65374
8.146
8.21806
14.6095
5.34475
13.9367
10.9267
7.76358
8.83619
5.65698
6.39816
6.80087
12.018
7.38374
12.8268
9.84921
11.4583
12.1339
16.5684
7.30149
13.53
9.10319
11.3676
7.93967
10.4562
6.60704
9.63527
19.7042
7.87674
13.1424
19.5672
9.59325
12.1423
8.29791
18.0758
7.48733
20.3994
6.34867
14.9481
8.61864
12.4222
9.73103
8.53532
10.992
8.38682
9.75168
7.57499
14.2302
8.6868
14.4996
6.85847
9.05546
13.121
13.5422
10.1407
6.55507
7.2579
8.75929
7.4782
9.0747
21.5138
10.453
10.1774
6.82887
6.83314
9.72486
9.29864
7.46162
11.7974
7.26525
6.52027
7.04135
22.3899
7.13129
6.51669
7.01501
6.34294
9.06072
15.5976
6.25565
8.60716
8.30635
23.2657
9.07661
7.44545
6.32451
11.6958
5.43123
7.14015
8.721
6.1307
7.52071
8.93089
7.45252
7.43549
7.80921
10.3582
8.0251
7.67585
5.45977
6.37427
7.97423
16.2799
7.50072
6.47018
10.0385
5.58431
16.0225
9.38543
8.49601
6.97058
7.7411
5.59102
20.7927
7.61576
11.457
7.90951
6.25206
8.39273
11.6499
13.4202
7.17145
8.81225
22.8952
9.25663
7.03263
11.878
9.39215
10.2997
15.7656
18.004
9.78296
7.22205
5.65603
5.85024
5.78073
18.1653
6.13524
14.7164
9.01751
17.7924
12.5346
6.7197
15.0434
12.1083
5.72575
13.0869
14.8732
13.0661
25.9816
13.282
7.81679
15.1057
6.79454
7.21068
14.6106
13.4483
7.03844
21.2643
8.85362
21.7219
10.7932
19.2967
11.6232
23.8568
15.0246
13.4008
15.6787
13.0128
13.4204
13.4961
16.293
14.8827
21.3555
21.8302
16.3118
13.6614
13.3584
14.106
12.5772
14.6347
22.0039
15.2832
13.4507
27.9672
19.6159
21.3506
16.8169
12.1327
26.2337
14.7464
13.6372
17.6573
15.8677
24.1926
19.2345
14.2758
16.3313
13.4273
7.40448
15.8093
13.9065
12.7042
16.841
21.7152
15.1762
15.0066
24.4354
14.5861
17.9629
13.2381
16.8963
13.8737
13.1713
13.2081
12.2977
13.9321
6.52407
18.8917
24.5789
13.2074
26.4565
19.9485
13.2352
15.8792
14.0578
12.374
13.8751
12.2637
13.3899
12.3387
21.4842
13.1533
23.3894
14.4692
12.7934
17.9756
13.4566
18.5257
12.9617
18.2172
15.2884
13.6422
13.7449
14.5031
12.9091
11.8729
12.7291
13.6506
12.3387
12.2544
13.123
12.5096
11.9932
12.327
12.2974
12.9905
12.6191
20.4478
8.35746
15.4447
15.603
11.9861
13.0203
17.0176
18.7174
31.2564
17.9689
13.9824
14.1539
14.6091
24.4035
15.0465
13.2987
13.3698
13.0445
11.2718
7.91718
15.5079
6.97564
14.6987
13.8588
24.3669
8.74703
21.3108
21.9034
6.89705
21.3374
14.3537
8.66997
13.3386
6.72417
17.8858
13.9112
11.9228
9.5251
12.1237
18.3918
26.7372
15.6735
12.0387
3.94721
10.0061
12.4338
7.24149
12.6875
6.98578
8.32436
11.2479
25.783
8.02697
14.2999
11.9816
7.21263
8.87459
13.4674
11.071
23.5725
7.32672
7.40139
8.19082
19.52
8.82517
13.797
14.9327
11.7429
19.4145
11.3124
6.44629
14.6064
9.88479
7.73744
10.2478
11.902
7.26825
16.6598
10.315
7.16557
9.93137
7.35379
16.6856
12.6361
9.58882
9.01286
16.9621
6.36035
6.79848
15.248
6.63592
6.23835
6.69044
6.41907
10.4375
11.6701
9.78214
6.07463
11.3342
8.86661
5.92129
7.91027
6.74022
8.26747
17.8695
7.49638
12.5187
9.89345
7.57082
9.17679
5.75836
6.93712
6.33364
10.4427
16.268
6.70507
9.68612
13.6573
9.47066
7.23717
23.6946
7.18048
10.4175
6.58083
6.70188
6.92373
9.38581
7.01163
8.916
9.42432
11.3749
8.90007
7.28313
7.23511
6.501
5.78271
7.55004
7.53935
10.42
8.71124
17.1197
9.36926
8.89072
5.73864
6.9805
7.68847
6.48543
16.1891
6.4324
8.23817
18.9056
7.22409
8.80295
11.4159
12.1531
8.38271
8.82751
9.60426
13.4326
7.30694
9.75761
6.73006
14.0822
11.7605
5.71433
10.6201
5.84277
14.8318
6.40731
10.7463
5.66924
5.94611
8.14615
6.29314
8.43716
19.4198
7.03082
10.923
11.2248
17.8808
8.25349
6.3699
10.1394
11.7346
8.49352
16.9971
5.56649
18.2195
13.671
6.86514
9.19858
12.1885
20.2914
7.15661
16.9142
12.4277
9.84813
13.062
8.89984
12.7449
15.1301
7.10246
6.81935
7.61569
13.8039
7.38077
12.0192
15.4024
8.7238
13.3911
9.61241
4.42383
6.43834
20.7139
6.914
14.5676
24.9142
11.9461
9.08976
12.8954
7.57137
7.91746
12.5403
8.25907
5.77411
11.5382
6.42951
17.6326
7.77461
10.0814
24.596
8.46034
7.85751
13.9192
7.11785
6.58113
14.8325
14.1921
7.83718
18.4128
9.56458
9.37913
12.7776
6.87705
13.903
8.05332
8.52225
6.3075
11.3195
8.92017
20.7618
6.04708
15.2377
7.45617
9.86028
17.2846
23.0395
14.0621
15.3867
14.4407
16.2551
12.4592
13.267
16.9926
14.9317
13.4496
14.2637
13.9028
17.5199
12.6941
14.216
13.4159
12.3715
11.0087
12.5155
11.6161
14.6982
12.8726
12.6929
12.4925
13.0161
11.6434
26.2338
15.5672
14.8865
13.3074
11.8928
21.2961
12.3415
12.9709
12.937
12.5257
12.8153
11.6046
13.9594
11.0612
13.0642
11.5135
18.94
15.0703
11.4454
12.9682
12.2969
13.1239
12.6373
14.2769
12.4209
15.0029
13.973
12.9677
13.5627
14.1369
17.0167
13.439
14.4619
12.5007
12.4152
12.6728
23.659
14.4529
14.2737
12.9147
16.9774
21.9142
20.7452
19.467
21.4306
14.6911
25.822
16.049
13.5798
13.0758
13.9171
15.6792
14.9483
12.7741
12.0932
17.3274
18.0436
18.4239
13.4394
12.1027
12.9012
15.2848
18.1696
11.1686
18.5788
12.7399
13.666
12.4451
12.5285
10.1288
11.8455
20.8859
6.90788
9.84751
13.9853
10.9323
8.01617
6.37803
12.5006
12.0155
22.9437
8.21458
13.6422
10.1078
7.48016
9.17177
16.6884
10.7964
12.213
14.6562
6.81957
24.2769
16.998
10.5248
15.1441
7.77925
16.1679
7.79789
11.9471
5.75258
25.5107
7.97963
9.07683
8.54985
8.0358
9.11962
16.0011
13.135
8.53808
6.59135
22.2372
7.62952
7.21255
10.1241
6.65886
9.45075
7.91783
8.8853
8.76159
8.06356
7.3411
7.37474
16.8705
7.90235
6.24029
8.89458
10.3071
6.23921
8.228
6.21867
11.1827
16.1811
6.49435
15.0871
8.03718
8.798
8.89742
9.05722
5.66002
20.1926
7.5894
6.82717
6.00739
5.53857
10.2947
5.53375
9.57667
7.32012
8.03727
5.99058
8.75408
15.9123
6.22084
5.95146
7.78852
5.34054
9.90162
10.6796
7.81578
5.92734
5.12287
9.27354
11.6397
8.67427
24.1615
8.78122
9.00529
7.15908
6.52104
7.42033
7.31974
11.9811
8.96542
19.264
5.91765
7.50942
12.8832
6.23734
6.13117
6.98227
22.1475
8.2338
8.05803
6.2739
12.044
6.85151
8.92738
13.039
5.93965
13.053
18.1224
6.83925
6.0341
16.5191
6.01503
8.81792
15.7436
12.1755
6.81131
15.2587
6.05896
15.7498
6.04765
14.3842
18.4865
7.46664
8.0049
7.0227
6.55628
15.4696
7.22173
6.63925
6.14275
6.98567
16.0766
7.19016
6.59135
15.073
11.6593
6.73827
6.33364
12.5777
6.27763
9.94788
6.17856
12.8927
6.40461
16.176
5.97249
16.3731
7.50652
13.952
9.91798
9.09816
13.3252
16.3582
14.1404
20.2843
7.78533
13.2336
7.1761
14.4572
13.3285
7.18242
13.8853
6.22284
22.4897
12.617
16.3334
7.46624
15.381
6.71098
11.3561
15.6122
8.83414
15.782
15.8459
12.5086
7.31435
17.9495
11.5371
14.7686
17.7078
5.35567
15.2422
5.5044
14.2767
11.2719
18.0839
11.5529
23.0742
15.265
6.55088
13.6746
11.4706
12.414
12.289
18.6138
18.9005
12.8679
12.4725
12.829
11.9429
12.977
24.3982
21.1439
31.098
15.5043
13.6303
12.9146
16.7298
17.2882
13.1561
13.1884
16.4777
33.369
22.4587
13.8841
24.365
13.2103
24.27
24.4071
16.4878
12.8676
16.8299
16.2308
19.0649
15.1176
15.9458
12.7838
14.8607
12.1131
23.7324
12.0188
14.6162
18.3935
11.2825
12.0615
12.2526
18.7525
13.39
17.0271
12.053
18.8098
12.1548
11.896
13.7882
14.247
14.4103
13.6751
13.2661
22.0427
19.6353
12.3809
14.3732
12.8475
19.9059
15.1149
12.3493
12.4914
14.3253
13.4165
13.7302
13.3976
12.7955
11.4834
11.6676
14.6952
11.9822
14.5106
18.9443
23.1007
17.3446
16.811
11.9608
9.57908
25.183
13.6211
28.8681
16.0669
6.17235
14.759
15.1146
11.946
8.9263
22.3657
17.9012
6.98249
17.7873
12.0181
6.55789
20.6227
13.7717
7.10591
11.5619
8.80426
11.0293
12.9203
11.6913
6.76659
11.0699
11.5565
8.54827
18.2308
9.29315
6.33855
6.19043
14.3408
7.65424
18.9927
9.07493
11.4008
11.9531
12.1852
17.2788
23.3491
18.0202
8.028
14.3305
13.5536
12.3251
7.93668
15.8399
8.87838
11.8062
8.61022
6.6273
18.8701
8.62973
10.9855
12.4299
9.17137
6.78544
7.82766
6.8677
12.1461
12.4076
6.85597
15.2057
7.90861
7.04135
13.2782
7.15773
6.83395
18.1513
7.94245
6.07237
7.24996
8.58801
10.2508
12.1579
9.20204
6.52612
8.59995
7.83327
8.12369
5.45048
5.92866
4.78568
12.098
9.01387
12.0252
6.31254
7.22825
7.90306
10.876
11.5786
22.4267
9.44591
8.50029
12.9556
9.78085
11.0578
6.21206
9.85257
9.64031
7.48111
9.69077
11.3946
17.054
6.39299
11.6497
8.20396
6.36535
8.61257
23.8485
8.18839
9.40405
9.05917
8.50004
7.84396
10.4422
6.0627
5.61129
7.9591
10.3236
5.57095
6.36914
7.38592
7.11565
7.75654
7.95467
14.3904
7.58494
11.1231
9.13046
8.81566
5.84769
6.73666
10.2106
18.4449
8.10338
6.31715
7.52416
5.77887
9.05889
8.05406
8.39248
15.9681
9.17529
15.2063
15.6816
8.71289
13.7445
7.65526
7.71329
7.84915
12.417
7.19223
8.18296
13.2722
7.80236
9.85909
7.69674
7.48311
7.39887
19.2127
6.47201
16.0078
8.99003
6.28894
13.3164
17.5931
12.1002
10.6925
7.26266
20.0042
11.6171
17.3345
5.50011
9.50735
10.3795
5.85063
12.2519
11.9302
8.86487
13.3755
8.94269
20.5573
23.7036
7.53665
9.13858
18.8171
13.8073
6.28429
13.3394
18.539
7.84976
16.2149
8.03694
29.3599
16.632
14.8948
6.42201
6.82591
12.6263
6.51524
24.7656
16.2444
8.07239
18.7326
8.16545
20.9819
19.2747
9.25758
13.8999
12.6676
11.5622
9.34543
6.40344
18.1985
7.03134
14.3608
6.58871
7.4019
15.7904
6.78869
7.69473
21.3001
9.23289
15.5323
12.1074
11.2781
13.5345
17.4788
12.3148
6.84558
15.342
13.5143
9.12244
21.5733
14.6782
11.9352
6.52773
15.8803
10.953
12.386
18.0204
12.908
13.0758
11.9627
13.5201
13.544
15.1869
12.0767
17.0335
13.1335
12.4424
12.852
18.9929
17.0208
15.657
12.6781
12.1309
12.5682
12.4868
8.44762
11.8912
17.5251
21.2046
16.0173
15.4959
14.1514
15.2211
11.3468
6.75929
14.1848
12.7004
15.6668
22.4078
14.5772
13.5339
11.0649
10.9333
15.3034
12.9345
15.8078
11.768
15.6168
12.5179
13.095
13.3708
20.911
12.67
12.947
11.8112
11.9778
13.3478
11.6023
11.5033
13.8939
12.3008
14.6802
14.987
17.1356
20.2724
13.0873
25.3152
14.0581
14.3354
15.1285
13.1542
14.6465
14.0284
14.1613
13.5848
12.403
12.2775
19.8926
13.6395
14.3224
13.4519
14.1494
12.5722
11.9134
14.9804
12.2563
13.0135
18.3882
14.3436
14.359
13.9166
12.0489
18.9134
19.4299
14.5581
26.2153
18.0679
20.0379
28.2053
17.7697
13.5888
14.4867
12.8754
22.0649
16.4898
15.7429
10.4321
15.5081
14.4926
13.3342
14.006
4.48465
5.25144
6.33851
15.1529
5.95916
17.1702
20.0212
7.74886
16.391
6.91142
10.0534
7.14281
15.0816
9.17873
12.07
12.192
5.51337
12.9984
11.9769
12.1092
18.2972
18.1816
9.74833
18.6199
6.87233
6.26708
10.3767
7.00752
28.1206
16.6101
8.97831
6.1095
17.1108
9.10804
11.1015
16.7607
10.2121
5.83791
7.58991
9.29269
6.43501
8.73575
15.835
5.36004
7.92376
7.29234
5.33743
8.3024
5.18762
7.89474
15.6702
5.67357
12.7413
6.68754
19.5134
6.61089
7.40064
8.43532
5.50276
4.79254
8.64235
7.87107
18.1629
6.82044
9.41534
9.85224
7.24722
5.77694
8.41239
6.99831
7.84532
8.29752
8.23386
5.54844
9.6254
8.86853
14.9636
6.98583
10.3238
6.71184
8.21264
9.0125
6.42099
8.31008
6.03371
5.00889
17.3622
9.49407
5.8478
5.92572
6.15426
8.91588
9.22384
5.8827
6.55583
6.15387
22.8147
8.24595
11.239
16.1338
7.66878
5.58642
8.4476
7.94203
22.6732
15.8851
6.59663
11.3561
6.52406
7.39544
13.7824
7.46833
15.1189
7.92269
19.5445
5.6878
18.3885
7.98933
9.39534
17.6564
10.9267
10.8871
18.638
6.26892
15.3892
5.86013
8.80756
16.2726
12.4089
13.4758
13.7123
14.7512
6.08427
9.16834
8.6761
13.5542
6.40377
8.0724
14.9008
6.55957
7.92184
18.5177
6.9314
14.2482
7.38718
11.9149
13.5627
8.62768
18.9362
14.8316
13.3487
24.3023
23.2376
7.9215
7.59194
17.4794
6.17307
8.07585
13.2652
6.46406
8.94399
18.0795
19.4728
7.48936
12.6584
13.1956
6.8521
20.0967
16.7075
7.15084
14.2891
6.05493
9.60361
25.3652
7.30758
11.2951
12.2097
12.7207
10.8096
7.96778
14.486
6.712
17.6494
14.2847
7.56486
22.3159
22.0261
23.8436
15.0185
21.8435
17.7417
11.8678
11.9672
12.8483
18.5804
12.1952
12.675
14.0849
13.6518
12.7573
12.0919
15.0438
12.7095
15.4495
14.8909
11.0793
12.9106
13.3658
13.3946
13.2624
22.9675
13.9756
22.4924
13.2561
15.4485
15.903
22.3657
14.071
12.1242
14.4982
13.6844
13.8143
12.426
13.3673
12.9581
12.2414
15.2889
15.3895
14.4886
11.7621
18.1677
16.1001
13.4215
15.6449
12.7044
12.7125
12.7904
13.1036
19.0139
12.1664
12.895
13.7396
15.4043
11.7393
12.3901
17.235
23.1784
15.2542
23.2944
17.4011
15.2089
12.3429
15.7991
16.4056
13.0101
14.4355
12.9329
14.7097
14.6602
24.5138
14.8912
11.9425
14.0135
16.2394
12.9535
12.3464
12.9191
15.2808
13.1966
22.8181
17.36
6.4496
13.4822
11.443
13.3281
12.6745
15.775
12.9336
14.823
12.613
13.622
14.208
7.83962
10.9701
8.18759
12.6542
7.17259
15.5837
6.75368
20.6391
7.24468
11.7378
26.5799
8.94102
13.2591
7.7161
16.9545
7.44165
7.33677
12.0434
9.42952
9.27461
9.2935
19.508
7.37085
12.6503
7.29097
5.79262
6.65101
18.1089
6.24412
14.2676
12.4878
6.92913
7.29629
12.6295
6.47856
7.26368
7.5842
6.76823
12.1481
5.87799
13.0252
5.41553
15.0793
7.39077
16.0483
7.43585
6.6808
9.88912
8.32366
18.6124
7.23868
6.70433
14.5591
6.92687
6.12548
10.7345
5.52299
7.46828
8.71074
16.47
7.33724
10.5001
6.93562
11.1843
5.74923
6.72549
4.99176
11.3226
8.20585
12.1535
6.86672
6.03216
12.5346
8.52142
11.8551
12.2066
6.9379
23.0181
7.1169
8.86252
9.20608
7.04469
10.2439
7.95873
7.83044
9.95462
6.24017
8.02541
6.42324
7.5348
12.3716
8.53845
7.6036
11.4426
14.0181
12.2951
6.88612
9.21938
7.9377
6.98403
5.44582
12.1895
7.20863
11.014
12.998
11.1269
7.70899
7.61054
7.14167
9.05632
10.8699
6.14661
8.02423
6.66808
10.1091
11.7136
7.11752
13.0864
7.78765
14.5288
19.7119
7.22306
10.0494
10.804
9.4133
11.338
5.70064
9.03091
5.73099
7.91146
15.1771
5.90731
10.7857
6.01552
7.30434
7.88329
12.595
9.89332
9.76
8.2276
6.27162
8.15128
9.96369
6.36962
12.7476
7.73292
10.4096
6.30834
10.6346
10.3299
8.5712
11.2408
10.2625
8.9821
9.12439
10.4031
10.0023
14.6731
11.1101
6.96337
7.29344
10.1881
8.46509
8.46866
6.24765
16.7175
7.45424
12.8394
7.3704
8.50225
6.75484
14.0197
11.0861
16.5881
8.10393
15.934
6.75778
21.2854
7.39737
6.79369
25.1035
8.06006
13.7071
13.3474
13.0381
7.83651
12.734
14.7278
10.8219
18.6245
11.1211
12.2458
6.18093
17.7799
7.67305
12.8991
7.07145
7.5372
12.0529
12.7036
7.13788
8.97296
17.2419
7.2792
19.1051
9.11798
12.4912
8.70479
12.0439
6.87785
8.25008
12.0653
6.97185
13.3772
14.9119
6.54572
20.3721
14.2388
8.30611
14.5636
13.8406
12.7613
10.2437
12.8013
8.29255
25.3111
18.4938
10.5809
13.2259
12.6848
12.8877
22.8489
14.4781
14.9282
8.71384
27.5358
10.307
20.258
13.2627
5.33989
16.4524
10.755
6.93775
16.4667
18.2266
6.45219
11.6257
13.4156
7.01188
20.3067
21.6777
16.6346
18.8113
12.7866
14.3438
14.9636
11.5639
12.301
14.4312
13.5012
9.25228
18.729
25.8431
19.5007
21.0447
14.7271
11.8481
13.1708
11.1125
13.5372
14.9156
12.227
12.728
13.4537
12.1683
14.3417
14.6935
24.5074
13.0467
21.2754
21.0676
15.7123
10.9985
12.4512
11.4573
13.5533
11.0935
19.5469
12.4403
14.5133
14.4396
12.0154
12.4111
23.8064
15.8898
19.9128
13.8559
13.6057
21.3963
14.5456
13.2428
12.427
14.4111
14.0679
12.8285
15.175
13.0771
23.4065
16.141
12.2164
15.3466
11.8606
22.0789
16.3636
12.472
15.0018
11.4713
7.28517
15.3227
14.7785
16.7754
13.1358
24.5671
7.02597
15.7953
12.237
11.8514
13.6391
19.204
13.8044
15.3468
13.3954
7.52791
18.3141
13.5067
17.6542
14.8624
13.0304
11.3786
13.3891
15.6825
7.28531
14.9467
7.71699
12.6512
12.1027
6.76072
5.56924
11.7206
7.07987
18.0645
13.1563
9.58042
12.7385
19.9174
9.27205
6.71444
13.4165
7.24559
6.61751
12.2112
6.74621
15.9545
13.3517
13.8315
6.93755
13.2336
14.2492
6.5711
19.4801
9.62579
14.2498
12.1424
7.59231
14.6645
7.80339
9.15726
13.2672
17.0342
7.28939
14.4202
13.7702
10.7592
23.6472
8.31891
11.6908
10.0181
9.8199
25.9647
9.67536
7.10215
12.8098
12.105
17.5662
20.0059
9.35346
7.93487
7.4685
7.63475
15.7783
6.44885
6.31301
15.1812
6.50384
12.5531
11.6948
16.9075
14.2893
16.1503
4.30844
6.71677
4.23163
13.4715
5.31438
6.79097
23.7561
12.563
7.39334
16.0425
6.81339
12.1791
6.99253
6.61284
6.38183
7.27752
11.2406
12.2755
16.6549
6.24155
8.81844
13.9443
6.10405
19.5255
9.25851
21.8539
22.8551
8.97941
10.0967
7.27178
7.86786
17.7965
8.04464
6.35993
12.4524
6.87934
7.05277
6.8796
6.58879
15.1168
8.33374
17.0134
19.8317
9.0687
10.4045
21.7485
8.8933
5.90831
16.7243
8.87259
13.9579
7.38152
9.10541
15.5522
14.0615
6.53953
16.3194
6.49665
12.8965
18.2132
12.8659
5.98182
14.0327
14.6211
9.52153
26.5666
9.24766
26.8659
21.8217
13.8496
14.2139
7.24883
13.5498
11.5065
13.219
10.0517
11.1948
14.3272
8.79144
7.132
13.6259
12.9618
9.12501
13.656
8.27427
6.34391
24.9664
10.8498
8.77808
9.84279
7.19384
14.0841
6.5913
10.0584
16.0348
18.3427
10.4648
15.6807
13.87
13.8365
7.105
16.0302
18.2332
13.2054
14.6767
12.807
6.27943
14.6975
13.706
6.89675
14.8946
6.63427
19.3078
7.50005
16.6575
7.01087
14.8554
13.0858
13.1119
16.8533
14.1945
15.529
12.3664
13.0556
8.54196
11.2734
6.55374
12.1087
9.41715
7.892
6.48677
24.5225
9.90735
12.8243
14.8118
23.9722
8.3897
15.8974
12.6695
7.76301
12.9149
13.3859
9.53996
25.2949
7.63631
11.9074
13.4146
12.0107
11.3578
19.3394
6.88963
22.2438
6.89941
17.3564
7.12697
19.3171
8.5483
17.9633
6.60196
5.66358
17.3894
6.58525
6.58182
6.54449
15.3048
6.96938
7.05764
16.5724
6.26825
8.46954
18.8771
9.4003
7.01315
4.23499
4.01924
13.3732
7.79147
6.27443
4.18631
5.67923
11.9898
12.8667
6.74251
12.884
8.62955
14.1946
10.1709
7.69284
16.5693
5.45193
11.9548
14.219
13.0981
11.0456
11.0789
11.3725
12.9738
11.8193
12.9906
8.11701
15.7403
12.2775
8.24591
5.76979
5.35133
9.66598
13.6937
12.0177
11.9868
12.6174
11.0845