23.1857
14.1552
12.3434
10.8502
11.5588
9.94585
14.3044
9.50464
10.7282
15.4868
13.5878
11.7869
13.2886
9.97519
13.7906
11.8535
10.6163
10.807
11.829
21.1571
11.7856
20.9103
12.374
11.6263
11.0407
11.5097
24.1516
12.6869
10.9083
13.1077
11.5751
9.79448
11.6053
11.0263
9.6968
11.629
11.0207
11.257
11.0361
10.5471
13.7092
10.6798
20.746
12.8969
12.6804
11.5527
17.4148
11.6716
11.9554
12.0386
10.4748
12.3273
10.0487
11.1612
20.8867
13.2034
22.535
19.2166
11.4354
13.506
15.5585
19.8375
13.5751
10.8847
12.117
10.6249
10.7798
10.797
12.1729
11.8884
11.6298
10.6496
12.0985
12.7495
10.9201
10.9649
18.4723
16.722
11.9305
10.4607
10.4998
10.9615
22.9219
13.1271
10.2909
9.58542
13.2305
10.2811
10.6951
11.2515
10.7376
9.30603
10.559
10.2251
12.1444
13.5709
14.1588
10.3858
16.5536
10.3812
16.384
14.6773
11.5022
11.0901
11.0262
12.5664
10.3891
12.6715
18.9381
20.8794
24.8525
12.6933
11.2058
10.9588
12.7575
11.1626
15.2011
14.9766
12.0267
11.2593
25.5298
13.8167
11.7526
10.8102
11.5451
10.4484
11.0618
12.7535
17.1435
11.001
10.7439
20.4088
13.6461
13.6881
11.7065
11.8803
11.051
11.2886
11.4297
10.6554
12.2365
15.0798
9.97368
9.87858
11.1628
23.0387
15.6294
10.6514
15.7257
11.9372
11.5661
9.82559
18.1621
12.1266
15.1367
10.7525
16.305
9.89553
19.2328
13.5869
12.0989
19.6453
12.66
11.3144
8.54007
8.59263
9.08454
11.6141
11.0129
10.4466
17.7943
12.5829
11.2433
10.9915
10.7417
21.2541
12.2168
11.2127
12.4078
10.7263
16.0048
10.179
11.9549
15.515
11.7689
16.55
12.1881
10.6246
13.0472
10.9658
11.9438
11.2051
11.4071
18.188
18.3567
25.181
24.449
25.0733
21.33
15.0778
22.4987
14.742
11.1301
10.7288
13.5866
10.6984
11.5126
5.49583
10.5281
20.3558
18.2915
12.7626
11.6959
11.4309
18.8585
23.9867
13.8651
12.8066
11.9535
15.2164
13.3723
11.2098
12.0805
10.9753
16.5567
21.5342
12.0895
23.2839
16.0316
15.3224
12.2407
11.3171
18.0076
12.0828
10.8261
10.3139
10.9397
11.6028
6.69775
5.31662
11.022
10.228
12.1384
4.60786
10.5395
11.0761
11.5643
5.08344
11.0882
11.7584
10.8736
12.4706
10.7157
10.9967
11.2216
10.8013
21.2075
15.6104
10.8225
12.1228
11.3631
13.7484
20.709
13.5753
10.0161
11.0038
10.1741
9.92948
10.6871
11.5596
9.6815
9.69274
10.2241
16.8745
11.0223
10.4703
10.6623
10.9725
11.1856
13.2042
10.8749
12.622
20.1428
12.4131
10.4044
10.2442
9.76853
11.1721
10.4964
9.70158
10.4292
20.3782
11.1652
10.6783
9.99331
9.86359
5.29712
12.4821
9.57068
9.80635
12.1861
11.5643
11.6748
10.6868
23.0007
12.061
10.2027
17.5869
14.2454
11.5852
12.8525
21.9564
13.0343
18.6539
12.7839
11.8189
18.8081
14.7928
11.7067
11.8285
11.3189
11.7607
19.0334
14.5386
16.0409
10.1986
10.5921
10.4147
10.081
9.69358
10.3284
20.4528
17.5901
18.2854
13.8706
11.1324
12.9669
10.0094
11.3512
11.2366
24.9667
13.5656
12.0392
19.4249
13.5832
11.9114
11.1601
10.0495
12.2104
11.1452
8.04872
11.8693
10.8252
22.7218
12.9488
9.70575
10.7917
18.752
14.7761
10.7928
13.4551
12.5062
12.8516
10.5791
10.8858
10.9687
14.4318
12.0189
21.4526
22.1763
14.2927
11.8016
24.6292
18.1061
23.0764
17.5111
16.9381
15.3942
11.6026
10.9162
11.6021
11.7577
10.8727
10.6877
11.3057
10.6412
13.8842
11.3776
20.7706
14.1545
19.5648
10.8322
11.1759
12.3277
10.4699
11.9184
10.6473
11.8452
11.2166
11.4681
10.9371
21.429
20.3569
13.0338
11.4586
14.9225
12.4605
24.9101
17.3399
13.0042
11.0672
16.2734
14.6215
11.1747
14.4347
10.5749
16.7138
12.6957
11.6808
20.4495
16.4038
15.7178
11.2043
11.6425
13.3446
10.8868
25.9526
15.1528
24.935
14.1504
10.9729
12.2202
11.0644
24.4843
16.3589
21.0933
13.4939
12.2693
22.0542
13.0315
12.7634
23.6552
15.0232
17.8774
16.8759
13.1002
13.827
11.812
11.8161
12.0015
12.6502
12.0946
12.9754
11.521
23.1082
14.8534
11.4881
11.5669
12.7662
11.7177
12.4162
24.6719
20.1272
13.5479
12.9275
5.548
16.7614
5.96819
23.3571
14.7015
10.0186
7.7842
8.29333
9.093
11.5047
12.271
18.5752
13.1094
21.9378
7.69151
14.3661
11.2868
5.63351
17.6412
13.7541
11.7522
12.9617
11.6494
12.7373
12.0633
16.6572
11.4927
13.3732
26.4322
16.1327
13.5619
12.4176
11.4504
13.1358
11.9934
14.0846
11.4748
10.9658
24.9984
15.916
13.0925
14.4373
13.3587
13.8174
11.5623
11.4221
23.7991
18.3497
14.0195
13.3197
18.4814
13.7005
13.4588
15.0406
13.5749
11.4373
19.6064
13.6666
12.4983
11.7985
27.8159
16.2964
14.4798
17.1674
17.4645
24.0115
23.7568
18.0402
12.8859
12.7456
15.6609
17.6187
11.6411
11.7342
13.9097
11.5405
11.9637
11.1719
12.0611
13.5054
10.9567
15.6745
12.6779
12.0887
23.5819
11.4691
11.6303
13.6427
11.038
13.7726
11.5693
11.9512
24.0399
24.0689
14.8775
12.1093
17.7372
11.5044
12.7247
11.1325
19.9678
24.0537
16.7068
12.4653
10.519
10.9269
10.8264
16.0967
10.3949
12.3319
11.9574
12.4752
21.8775
13.7236
24.3442
12.4408
5.33692
16.7751
6.79653
5.6738
5.77121
12.183
7.80762
11.8049
10.8148
10.9127
10.7488
11.2225
11.6077
18.8769
16.6116
22.7297
12.145
11.4473
17.7585
13.169
21.0196
14.3261
11.2352
16.227
18.6958
13.4851
13.6524
19.4566
14.6601
12.7567
12.6203
12.0744
11.4195
11.1929
12.0092
12.3548
11.8542
11.8936
10.9398
12.4748
12.4614
12.2403
16.1802
12.1157
10.8553
10.7884
12.5279
15.9398
11.7098
17.1434
13.7754
14.6868
10.9239
12.7548
14.271
12.703
4.82256
13.5347
23.6434
16.4204
11.9496
15.7434
13.4773
14.3531
12.3449
17.1786
5.42093
21.7327
13.5514
12.6998
13.4008
16.1759
13.3252
12.0545
14.1767
11.683
12.8546
10.6645
12.9698
12.9152
11.1367
22.1619
20.6319
11.7733
11.5815
14.7998
12.8306
16.0046
11.9749
23.7739
13.2303
10.7475
11.0742
10.7336
11.4341
11.2989
13.1906
11.4238
11.454
6.27006
16.4559
12.9109
5.24741
12.9542
13.2172
11.3587
12.4707
11.9789
12.9353
10.4254
12.7064
16.6891
15.0186
11.5063
23.3797
11.5336
16.37
16.4221
15.2996
13.6935
11.4505
11.4851
11.221
14.8225
11.2506
15.3578
12.9052
12.1536
11.1542
12.1767
12.9958
10.4202
13.0813
23.5721
12.7333
13.3952
10.7193
11.5252
11.331
10.6698
10.3746
20.2166
12.4557
12.1483
13.3795
11.9208
11.2648
13.2348
11.3259
12.6569
17.524
17.9971
11.8157
14.8611
12.5336
14.8434
15.1038
17.3927
12.9013
21.936
14.414
12.8008
22.9285
9.16378
7.65608
14.6144
5.56081
5.28217
11.1038
14.0185
7.94843
5.1499
4.60514
16.9177
5.11024
25.8644
13.9898
5.03379
12.7937
4.69698
13.6123
10.6391
12.6127
11.4127
11.2847
11.3953
6.35054
6.08496
5.89904
21.2656
8.57005
7.60188
7.53131
7.50282
15.22
5.65588
12.1862
10.7059
9.89228
9.41352
13.9318
6.54869
7.99318
8.37928
8.6593
21.1343
15.5528
5.7304
16.9586
14.1857
5.58019
11.4755
6.31534
6.53472
5.79484
15.7828
12.7304
16.2678
11.4871
8.53957
9.62064
24.1268
5.05081
16.5956
10.2248
11.0896
9.82505
12.0982
4.05047
5.55993
7.38348
5.05788
8.60648
13.2422
5.72148
10.2722
7.22351
8.33283
6.97963
7.02063
18.6585
7.8718
6.70317
10.9808
8.35962
13.5819
11.6195
4.58722
6.98084
10.7174
18.0362
7.4304
8.88706
11.6575
8.15078
6.458
20.0292
13.1501
7.10735
13.9523
13.0192
4.86573
14.7415
6.0589
5.23286
21.3712
7.09366
5.9675
11.0036
6.73741
22.8805
7.06049
5.78125
5.38929
6.3522
11.0864
6.43178
10.1599
7.28586
6.69269
13.2567
7.93106
6.53874
9.24892
10.5029
6.11814
5.92117
7.67151
4.38973
6.07004
5.07629
7.0846
6.80003
6.01258
7.65364
8.07118
10.6247
11.7695
11.1369
10.9187
7.55476
9.25178
4.51423
4.43706
4.77303
8.25728
4.51554
5.00656
7.38956
6.13659
6.34289
8.42342
4.95193
8.16376
8.03425
6.54811
8.48731
7.96089
7.79142
5.58934
5.49687
6.82524
7.85931
6.66159
9.08263
8.2921
10.226
10.5724
10.233
19.5166
4.65521
6.99723
6.67182
5.2619
6.1005
5.24632
7.08478
5.76371
5.25395
5.26572
5.37416
5.7411
5.48206
7.48633
7.45576
6.26617
7.17918
10.1217
4.36043
11.054
12.3388
6.39472
5.76141
6.2736
4.78986
4.92807
6.29934
7.44614
5.00357
6.19979
6.83631
6.70911
7.49976
8.1421
8.17067
10.2344
4.81298
7.40321
7.80193
5.25376
6.0336
8.49033
6.66502
5.1726
5.79096
6.70597
6.08933
6.59577
11.6389
6.63228
15.6167
4.94696
7.91071
7.14721
4.82078
5.44176
3.24123
6.29885
6.10529
9.76086
5.51345
5.62808
8.8711
9.61984
6.01321
7.28749
11.0526
6.44897
6.52196
7.50926
8.12281
6.6667
7.58585
6.51855
6.88163
7.57365
11.5533
8.29407
4.27706
11.3035
11.4502
6.25012
5.88494
5.95746
6.30161
7.93076
7.49728
6.96835
10.8577
11.2791
8.59992
10.8005
8.81535
6.80624
9.05008
10.0893
7.42302
8.0295
7.147
5.68213
8.16706
6.30556
4.76075
8.91149
7.66122
7.01024
8.45109
7.2094
6.79008
9.84545
6.0993
4.83364
5.1002
5.35283
7.78131
8.19595
9.20528
7.42825
12.9039
6.81608
8.41482
5.33283
4.86864
6.10032
11.4985
8.2835
7.14974
8.10438
8.01085
5.22277
4.5793
6.37701
7.62337
10.1511
11.7965
9.0363
8.21178
9.3755
8.55362
8.59178
5.07589
4.89301
6.46319
6.4301
6.21154
4.78896
5.62179
4.94751
9.16999
6.98392
10.602
7.56309
6.01203
7.54629
7.53116
8.39137
5.97575
7.48665
8.29307
11.3577
10.5954
11.8574
10.971
12.7087
5.62665
7.72278
9.51732
11.9812
6.93694
8.72897
6.86409
8.09352
7.07674
8.24965
8.25796
10.2299
8.03402
7.43642
8.07652
8.3019
10.7232
11.7336
6.18848
5.5766
10.4036
10.6468
11.6232
11.5904
6.37005
6.37059
5.63519
7.84982
7.07065
5.52266
6.12046
7.71284
7.74077
4.9945
8.87099
6.21721
9.28558
5.77013
10.8839
11.3059
7.39111
10.932
6.98898
12.4427
6.84072
10.5764
6.09973
7.28939
6.34799
10.7623
4.42019
13.199
5.88219
4.68182
3.34643
3.26398
2.95051
5.25532
7.45609
7.13504
7.10342
7.76265
9.49936
8.04836
7.95781
8.68251
6.62804
10.6542
6.67702
9.63875
6.24375
6.05612
5.34318
5.75028
4.20474
8.34519
4.41221
11.45
10.4448
11.1231
9.12242
8.53641
8.49249
11.0237
8.2663
6.66249
6.40934
9.77143
10.6805
11.0342
6.00397
7.38737
9.17049
6.85466
5.9694
8.91186
5.02548
7.68733
4.4684
4.30985
5.33122
7.49168
8.44867
6.35532
6.18698
5.50859
5.76074
9.45257
6.88996
9.9297
6.12223
4.09894
4.52087
8.1163
5.15363
10.6842
6.20861
5.18717
5.05701
6.04537
6.42316
11.6195
6.09512
6.57479
5.59624
6.07357
4.71862
6.29636
3.94441
5.08234
4.61929
5.461
9.94673
6.29325
7.27072
10.6933
5.82658
8.43221
4.87743
5.46093
7.38759
5.57405
8.85768
5.67932
7.10218
9.98783
5.42599
5.25593
8.13856
10.5149
10.8383
8.38783
10.5551
6.96835
7.41652
7.21963
5.94304
6.10695
11.6285
10.7475
6.27389
6.50946
8.10675
4.84681
4.7203
4.89853
6.26515
7.79366
11.421
9.74563
10.6484
8.60295
6.5122
6.34502
7.93034
8.98576
4.74262
9.53404
5.18946
6.8654
4.63106
10.7807
7.7092
8.1661
5.12573
6.37832
6.34506
8.5329
4.89129
10.2813
6.46725
8.41445
7.04775
6.35695
6.54767
5.28298
7.51363
7.04228
8.46789
11.5634
6.80724
10.2369
8.29458
9.09249
7.67995
8.70381
8.57049
6.09305
5.85993
5.83606
7.85597
7.90684
6.36518
4.32757
5.9611
6.59547
5.50823
4.96412
11.1515
6.57593
8.17628
6.7024
7.7241
12.3257
6.69693
6.5331
7.97813
7.46039
6.6599
6.32435
10.9202
6.91833
12.0444
10.0936
10.5166
7.59983
22.5647
6.54491
9.08364
11.1367
7.8074
4.5659
6.82792
5.74552
5.78898
5.57933
5.6624
10.9603
5.73841
8.23393
8.13303
6.03001
4.25103
6.56615
7.08184
4.8237
7.64652
5.58911
8.03523
6.40084
5.37824
5.78055
5.2335
6.99962
4.9297
7.05843
5.15088
7.30248
6.80096
9.14396
7.98258
8.33289
7.34449
10.3583
5.89172
7.91005
7.56553
8.92415
6.5125
5.92312
5.05156
6.45795
8.26407
7.55166
11.6582
7.34071
11.6329
6.66963
7.95471
5.47015
5.86972
5.13033
5.8462
6.24718
6.26907
6.36986
5.89966
4.37565
7.68134
4.93867
11.519
4.95948
8.23428
7.38162
9.63855
10.1523
5.14092
5.96963
7.53407
10.962
11.4319
10.6553
5.9117
7.83022
7.54091
5.69472
11.296
6.65955
7.28631
11.7516
7.43462
9.47443
5.90749
6.60871
5.28995
6.19809
6.08349
6.72467
6.19915
8.42212
5.90564
5.50099
10.6703
7.90012
5.44862
7.25052
5.48535
5.23535
6.06394
8.12651
6.13578
10.7209
7.4719
7.86927
4.92274
4.16654
3.91823
4.94325
3.26306
7.01174
5.6082
5.64103
7.10438
7.0038
4.26212
11.6366
10.6358
7.4226
12.566
10.6055
6.1254
6.88447
7.2659
6.0559
4.35278
8.01245
9.8991
7.13701
5.32991
8.20192
5.9407
6.18653
7.75678
7.54283
12.5145
6.11809
5.33312
7.32027
4.63337
5.51641
6.0761
7.43436
6.93751
5.17538
4.29625
5.09975
5.99307
4.98547
7.23447
11.4455
12.0234
7.12391
5.95035
7.68908
7.37338
6.56194
5.83107
9.65391
16.282
5.6275
15.5407
7.3222
6.73621
10.7317
6.12756
12.3724
23.3314
18.8502
6.55962
12.5103
15.8893
10.8386
11.4326
10.8251
15.5246
11.2086
18.4912
10.7863
14.0882
25.4113
15.9593
14.3364
11.3312
21.018
15.1376
11.4878
4.84891
21.7334
10.0489
10.2063
17.5513
17.1832
13.5273
4.78699
12.8832
7.89554
5.86554
5.39318
5.31148
6.98449
7.25396
5.07254
6.25845
11.3057
10.4454
11.8016
11.6213
4.9972
11.4586
10.8582
11.7107
11.3628
10.3643
11.5295
11.1552
17.0392
5.97887
12.8114
11.2276
12.1825
10.1799
12.9669
10.4877
5.38044
6.90149
5.75703
4.62238
9.24611
22.6652
13.572
20.4416
13.5511
11.6482
13.5783
6.13989
23.0111
5.93288
11.0056
19.8622
11.6659
7.71451
9.15763
4.9935
6.76387
13.8439
14.8618
12.1946
11.1122
5.38258
7.33944
14.9412
19.3646
8.08643
14.1837
4.96687
7.42556
18.9224
4.68738
9.27497
5.68713
6.04386
6.71432
5.67394
8.66605
11.5279
12.6908
5.43064
11.8104
3.44708
3.9539
4.80413
8.1403
7.35884
5.12072
8.50943
7.88689
9.26099
9.36023
14.6302
5.39558
21.9765
7.11063
9.47377
4.9752
7.97524
6.79556
7.47605
12.1887
7.17177
8.46437
12.4356
6.63018
7.72631
5.40299
7.63335
6.31233
6.03823
8.07984
5.84435
8.39392
11.3826
7.90592
9.75254
7.3029
5.61098
10.9947
7.42612
5.85002
5.14354
5.29163
10.5799
7.86231
6.49979
10.1304
7.66151
6.64009
7.92859
8.13559
6.80704
5.42249
4.65332
6.13285
7.30297
7.83091
12.1872
7.78769
8.2786
10.4643
7.80641
11.7197
7.30502
6.02665
5.87839
6.30328
9.49676
10.6797
7.99372
6.31931
8.42743
7.38867
5.10284
6.02972
5.02422
7.31843
6.60289
7.22609
7.31434
6.68934
6.28052
7.61868
4.74901
7.75728
9.25747
5.37432
7.57917
9.57045
6.04984
6.88005
11.4012
7.54802
5.03045
5.76565
7.99848
12.9923
4.33079
11.4418
7.3952
6.84719
6.81519
12.1256
7.1004
7.90892
8.62664
21.7562
10.2628
4.80302
7.80764
6.31461
10.2549
5.63136
5.75413
5.36077
7.71034
7.61808
9.54081
9.81807
7.82435
5.93677
16.7968
8.29429
9.58267
26.1837
11.5658
7.46239
17.2121
9.75158
6.2637
5.49633
5.23204
9.52349
6.74337
5.51565
15.3824
5.26259
5.95597
8.38961
16.3306
5.6723
12.1324
4.9737
9.48342
5.35655
6.24256
12.7232
6.52206
12.3324
10.2465
6.28622
8.92614
18.4736
11.405
18.4915
20.8742
6.36232
11.8102
8.60085
14.2467
5.25779
10.1501
13.6598
5.53263
10.2917
3.79082
10.0161
9.80141
10.9782
12.2927
13.1743
8.10809
9.80471
11.2642
8.29933
8.11176
5.74486
13.8284
6.03951
5.95655
6.42961
15.757
6.084
9.02383
7.13231
5.67877
6.2097
6.59605
5.7197
8.05836
6.36468
6.54781
13.1514
8.39304
5.7161
6.57682
5.27739
5.32395
5.48869
12.3416
5.86406
9.19243
7.79886
5.29067
10.297
9.14164
6.62182
15.4538
6.4504
6.1754
7.43259
8.51035
6.99387
6.7211
12.4423
6.49076
7.8517
6.15
9.22175
13.6547
10.2861
5.91491
9.90582
12.6641
8.30796
7.90499
12.683
6.41517
10.5914
6.45222
5.49909
12.1225
15.8515
6.43168
5.08708
7.27973
7.87769
8.39307
5.70943
7.61065
11.0047
15.2757
15.3303
6.28497
18.5828
7.1147
17.3507
15.8498
9.31663
6.21505
15.0515
23.1977
8.11496
19.934
11.7544
6.01721
12.2229
13.0573
11.2104
15.809
12.08
15.5394
11.4658
16.9774
11.1851
11.9152
10.8733
12.2222
14.5796
14.5828
11.4849
12.0237
11.244
11.2595
11.2755
10.3436
18.8922
6.23557
12.358
5.50609
12.7278
12.4267
12.5908
11.7447
11.2662
7.1719
15.3459
7.72685
11.6595
7.16611
5.39588
5.68085
6.83147
11.5803
5.17261
8.22101
9.26979
7.50671
8.49046
12.6771
5.54648
7.98295
12.5217
7.00974
8.49207
23.8739
6.12092
8.13571
8.69474
8.12094
8.80404
6.43689
15.5146
5.31315
5.20414
7.29837
8.48397
9.61344
5.38303
5.3922
6.94655
5.91028
13.0666
10.2559
5.43246
6.48348
5.2123
14.5619
9.06395
6.17137
8.62387
7.35117
10.1466
11.6829
14.534
16.0101
5.53863
6.36302
4.46381
5.85038
6.16187
8.74205
7.91294
24.5671
8.14608
9.536
7.31555
6.851
5.72224
11.4659
5.91471
6.07788
7.37565
5.50547
6.31316
9.58769
5.87774
9.14685
6.20578
17.7837
11.9461
4.95939
7.76493
5.55541
15.0132
13.57
11.8485
11.4941
12.4789
13.9465
11.6553
20.2488
9.41458
7.97476
12.187
21.5441
15.715
8.323
11.5627
5.64274
6.06676
5.31
8.40538
13.5392
6.98507
13.2265
7.05647
11.2415
6.17661
11.3184
6.02159
11.3018
6.9859
19.8392
9.57498
9.7173
8.056
12.5273
5.20601
5.6798
4.88684
5.07291
6.98413
8.11816
6.10811
13.0542
4.90763
10.4525
5.83786
18.2452
6.3384
12.2097
5.19283
6.3087
5.13139
7.39466
8.65019
13.7216
6.50536
11.7204
10.7505
9.28883
14.0736
6.11561
6.57515
5.80168
14.3613
12.3428
6.06594
11.4779
5.04548
11.6698
4.83865
6.02762
21.8161
9.44215
13.6946
13.8479
10.4039
5.48437
5.26637
11.4306
6.24178
11.109
5.56636
11.1937
4.67078
4.79835
15.6772
6.3477
9.85784
23.9176
17.1258
5.85517
5.98464
14.9862
7.11552
8.89058
15.0525
8.21391
6.27426
17.497
5.81237
11.6016
6.83476
7.62156
10.4153
6.5078
9.60729
9.10935
15.7107
5.45945
9.09675
11.039
5.42644
6.11006
8.12614
13.6606
14.0087
7.90187
6.20295
7.85185
6.4805
7.2398
16.331
9.64809
10.9003
4.77193
11.854
11.1417
17.6041
7.06522
5.12206
9.68885
6.37641
8.53522
5.21749
5.10843
4.91301
4.55889
4.4841
7.96715
12.7156
19.0792
5.28875
11.1095
10.2704
7.65793
6.54195
10.2761
6.21455
7.6776
15.5612
8.15195
10.0077
14.453
11.4252
11.7656
7.28465
9.96383
20.3112
6.84118
6.1242
7.76192
5.8004
8.06223
14.2183
5.20239
5.89804
13.5702
5.33636
7.83723
7.61114
13.5614
13.0311
12.4011
17.4447
14.1005
8.15754
8.10154
18.4051
6.59297
15.2745
6.43647
17.1976
13.239
10.2992
16.1175
7.01238
10.2508
7.99747
9.45286
23.8382
8.15602
11.2871
5.63491
9.66604
7.91113
13.7456
14.0234
10.3839
5.32811
4.82643
6.96169
8.57717
8.35949
7.58465
14.2632
7.62881
9.20955
6.23695
5.76526
5.75936
8.32636
5.72845
8.22574
11.2815
6.39353
10.3344
5.73847
6.45988
7.71065
9.60853
5.27755
6.20028
12.3684
10.5839
16.762
5.56772
8.65159
7.05994
8.82726
7.52633
12.2598
8.1014
10.1831
8.5147
19.7645
6.51538
9.7034
22.3158
7.77322
7.12655
10.9015
5.28161
11.7263
9.68106
6.66671
8.81282
15.489
6.05436
10.4557
26.0522
12.2339
6.73912
13.8453
6.72801
9.25893
6.77979
19.742
6.02281
16.1028
7.01828
14.9519
7.34722
12.2656
6.27324
11.2682
12.3677
21.9071
11.9526
12.0018
8.42158
13.0775
14.1319
10.8587
10.2236
5.07112
13.4991
5.72083
8.04969
5.42549
10.9583
6.87744
4.68938
7.87644
10.3007
12.0351
11.3788
12.9013
12.7598
13.8088
20.1895
13.2058
7.36856
13.2128
6.98909
8.2358
9.79114
5.7027
11.0787
7.15733
9.43898
8.08899
13.3266
5.35258
5.03814
6.68433
12.2835
8.96583
7.3185
6.16041
7.42671
8.16261
12.0801
8.0937
23.3881
6.78707
7.19724
8.95167
10.9886
8.86176
6.82991
6.00656
7.85574
7.13638
6.24457
7.48374
5.65847
12.3045
7.31754
6.56444
6.08435
5.93215
5.7165
7.53885
7.8236
10.2797
7.91124
14.8753
7.57693
5.61999
10.9628
7.79499
8.10387
4.94898
5.30452
5.38057
9.98234
8.88555
12.8291
6.91144
9.27137
5.53551
6.27863
5.36345
10.3733
5.93615
9.94807
14.9064
6.3316
8.8622
12.2344
8.68386
8.54447
7.55106
5.58569
4.64572
6.47225
5.08621
6.38685
7.7424
12.4358
6.28238
18.9323
8.95293
8.03359
11.1236
11.6517
11.0379
13.1374
12.1293
7.52056
7.50306
22.7787
10.6792
16.6962
23.8651
8.66701
16.6935
12.9227
8.40973
9.17348
8.77421
4.45662
10.685
5.98059
7.76403
6.20557
13.169
4.63989
7.84546
13.4333
6.24269
12.9507
6.39155
6.34255
5.2974
10.266
11.4642
10.5508
5.03211
7.5527
9.73346
12.3141
9.10588
10.4665
14.171
8.49149
8.15096
8.00848
9.67226
7.58451
7.99994
8.23622
9.75729
7.84848
11.3057
8.32332
15.7123
5.42806
7.02939
7.78074
5.35023
14.1223
5.95884
19.5916
6.58461
10.597
15.321
4.85968
11.9151
10.4786
15.9876
14.3612
9.06647
24.2563
20.1213
22.783
7.62883
21.665
6.15201
13.6511
12.4331
6.04941
11.8736
11.0511
11.2364
16.8724
11.4681
18.2856
12.4525
11.7061
12.1553
16.6753
11.7394
11.3241
15.0031
14.9432
5.76021
11.7096
5.50678
4.38632
13.696
7.68504
9.53767
13.1559
13.2807
8.90892
21.9981
6.89111
10.1005
24.5101
11.7586
14.5965
7.48902
6.62662
5.60511
6.7547
11.5258
9.3695
7.23665
5.66101
22.5213
5.80449
10.1429
7.53536
10.5984
8.09828
6.72623
6.19914
3.88536
6.04584
7.31556
11.3133
4.45705
9.68058
7.31289
6.30567
15.2738
5.03548
7.30819
12.4273
7.85589
10.5964
9.96158
6.07603
7.18071
5.4353
6.86808
5.96484
9.42366
8.5384
7.61367
5.24949
6.69589
9.17982
13.0846
11.3624
7.4978
6.50324
9.28256
5.84336
7.47158
6.58198
7.27299
6.40372
4.83765
6.90006
6.85366
7.6133
5.11196
23.5946
6.35492
8.89808
10.2041
5.62961
5.58827
12.018
6.6042
9.16749
7.53988
8.70038
9.01749
6.32166
6.9856
8.25655
7.55514
6.60428
10.6507
12.5441
7.59874
6.47776
8.57878
21.2447
10.0624
10.0296
7.39168
10.0664
9.21323
5.45426
5.40309
6.85118
13.4527
6.23195
6.83632
6.24968
6.05255
5.41637
8.07171
8.21202
11.6567
10.8303
7.46529
6.00967
11.6621
7.45802
7.80764
10.736
9.55975
6.36479
12.127
6.66931
10.1482
6.97375
9.04588
8.88954
6.50071
7.94773
6.23659
5.46403
6.09873
8.47002
20.3948
5.62812
8.06213
5.96531
6.80376
6.80116
6.38546
5.90041
8.65371
8.00379
12.723
6.02641
11.2122
7.54653
6.83795
6.65324
7.83841
7.69826
7.78508
9.26851
6.30749
17.1654
8.62871
11.3727
9.39931
9.65157
5.84861
5.99805
10.9659
7.76221
6.43531
11.9298
6.44593
8.09157
6.93129
9.19457
27.8937
6.7385
9.92818
4.16567
6.73584
7.84474
13.2471
6.26144
9.93389
8.40462
8.95657
12.8933
7.30701
7.3235
7.32928
10.0592
7.30671
21.7819
7.28245
5.7308
5.59466
6.07311
15.2419
6.96498
7.02743
5.56649
6.62226
6.30088
11.4542
15.0354
6.09039
9.70733
23.0439
12.2919
19.4496
5.83357
8.42087
9.11674
7.1142
7.97731
9.89542
6.20257
4.92581
5.16623
5.89559
21.6829
9.44537
8.08688
9.72377
9.90472
8.24422
11.4086
8.76347
11.5493
11.4295
6.68426
7.05462
5.69013
4.82683
11.1088
10.4598
7.79267
29.4692
12.2332
9.66218
6.23653
7.91092
5.30906
5.67243
6.83573
9.06925
14.2306
7.62385
7.92805
8.99232
11.2631
8.58795
16.7278
7.01437
5.20402
22.9989
6.22718
23.1058
23.2457
8.30925
12.4483
7.97279
12.0317
5.43504
13.0458
11.4273
5.66329
13.2787
7.00365
6.21834
11.1802
13.4999
7.48477
14.984
5.87407
16.22
5.86078
11.3634
6.22714
13.1987
8.90132
16.5641
11.943
17.0461
8.26944
5.77579
13.9102
10.3737
11.5179
11.5061
6.44699
16.2138
11.9671
5.88352
9.26307
12.8829
5.65865
10.5239
7.57311
6.71176
14.1387
5.78722
6.89913
12.9663
15.8929
6.77763
12.7863
7.47716
7.11271
15.6966
18.8353
5.72176
6.4969
10.5205
8.25792
5.35167
8.5094
21.7301
6.62328
12.5509
8.51245
7.26141
5.44358
6.14832
6.09915
8.1528
15.3528
8.45377
5.25243
4.32178
6.5867
6.65008
5.98028
11.8668
5.87883
12.0415
10.3199
6.47919
7.70872
5.91291
7.11916
4.67765
5.57211
6.09872
6.64353
15.3486
5.80451
5.34218
6.82457
8.86435
8.58736
6.35693
18.7546
5.54068
9.27352
7.86479
6.51377
8.43879
12.9819
6.05449
6.11735
9.04038
5.7649
10.8939
5.91683
10.6463
6.76161
5.9291
23.617
11.811
9.29888
5.80101
7.4775
13.6713
5.72722
7.13755
7.03547
12.7569
10.0175
8.66849
14.8003
12.2012
5.86049
10.8617
17.8977
6.14769
7.97109
8.25989
6.37951
14.4142
7.78696
6.63401
5.72265
5.3034
4.91913
5.85949
7.52356
8.44394
15.506
6.34019
14.138
5.18095
5.88651
6.85018
5.81693
6.39247
6.10117
6.76059
9.91924
8.33862
11.7585
7.63519
12.5746
5.80758
6.08668
5.07468
11.2653
5.65325
5.89371
6.77692
10.4527
5.54866
6.35068
6.01437
13.6563
7.89608
11.021
9.64175
9.47562
10.0159
11.8923
8.91787
8.36476
7.90454
11.0403
14.8224
6.23832
8.77153
7.07632
11.3089
7.21561
7.94172
7.60578
9.73805
12.1947
11.2985
10.3447
6.54577
5.84848
5.48694
5.51457
26.2262
12.498
10.4281
11.4819
5.94254
9.56869
11.072
10.7302
5.08841
12.977
6.54084
5.44344
4.64462
14.9056
6.19693
11.3403
8.17503
6.61634
14.0343
9.39502
5.4222
18.5929
6.56235
18.4608
8.62914
6.04763
13.9119
7.81931
6.07769
26.1165
9.33977
9.36878
7.39499
15.4564
6.69779
6.73273
11.6598
5.30755
9.86917
5.54477
7.90315
6.80905
6.57952
5.50191
8.42253
21.7142
6.87527
7.70258
6.36737
6.30286
11.5727
6.5133
9.25231
4.45345
4.10196
14.6991
5.13765
7.99033
7.02992
5.07985
6.92701
10.2613
11.0628
10.422
15.3401
7.34606
5.26229
5.59392
7.26174
7.05334
8.8212
7.94238
8.20405
12.0465
10.0335
6.80348
20.9073
9.48142
7.76878
5.90054
16.611
12.4496
9.10225
14.5649
5.58837
8.71226
12.6885
7.5059
9.43204
9.08665
16.4141
6.42943
6.40174
5.18327
16.8802
12.3144
7.95248
10.7889
6.97908
13.2117
7.7664
10.758
5.87638
17.5479
7.00551
5.677
11.0899
7.12553
12.6653
6.43952
6.94256
7.43466
7.43306
5.59328
11.7732
5.98145
7.43007
7.74331
7.06622
9.28293
6.42856
6.75203
6.13506
24.0662
7.83031
9.63499
23.4176
8.97559
6.20254
6.15029
8.35654
14.663
5.69695
9.7038
8.37663
10.2507
7.16861
21.1901
6.51706
7.06543
5.10218
8.01202
6.77448
5.91301
6.3671
6.84279
6.60281
6.71485
8.28077
23.1304
9.57017
9.81508
7.29676
8.35703
18.0481
5.73879
6.80296
9.90147
7.92637
6.91903
6.38878
10.1311
5.66754
8.02931
13.0507
9.36722
9.50874
9.41551
9.0976
5.62209
17.0604
7.1395
11.8077
6.2282
16.805
7.33876
8.30527
10.8226
13.9057
7.78306
9.09506
23.7126
9.40272
6.54479
8.21271
21.1346
7.28323
6.89029
24.7182
8.82799
16.2754
6.63616
11.8339
12.0579
7.07547
7.46591
12.8174
5.81495
13.5602
8.6982
8.96755
6.92699
4.93795
23.7733
6.52251
15.9191
25.0538
13.3519
13.4505
11.1973
6.52416
11.8826
11.5544
12.9411
9.59128
5.41932
11.5962
5.7282
6.89431
13.2805
6.72826
14.5938
5.4916
18.5802
5.32786
12.6031
5.7327
5.90494
9.13388
12.3523
7.70983
7.45981
13.6942
5.7316
6.45031
5.92708
6.28451
8.58646
6.34963
5.30341
11.5785
5.71694
17.5905
8.63882
12.7293
8.80608
11.52
7.19232
6.30781
18.6733
7.00787
9.18859
7.11347
5.29965
5.56953
6.38452
8.98182
7.52512
7.37703
5.21146
4.95168
7.67523
4.44675
5.52781
8.07368
7.03814
8.10181
8.02685
4.70025
17.773
5.97236
12.1144
8.49888
7.14178
10.6017
8.86735
9.64723
5.67035
14.6575
5.77468
10.6175
5.17866
10.0847
5.25413
9.8898
5.24409
6.00346
8.8555
8.00978
7.77351
17.4167
5.95031
9.04165
9.46861
8.43997
12.6952
9.54493
8.36298
10.1493
11.8336
11.3249
6.48584
25.4501
20.9015
16.2389
6.96504
10.4034
11.1248
8.74932
7.27831
16.8785
5.57928
4.18813
6.2369
5.42662
8.04496
7.28587
9.77695
7.08076
11.1755
5.89172
5.98511
6.46571
6.84046
14.3555
10.1808
11.613
5.67334
12.2105
8.12959
11.7267
7.70219
9.27072
13.6504
7.82072
13.132
11.0721
5.92536
7.91281
11.7344
8.97012
9.78445
8.41882
8.44898
10.6103
21.5133
10.5111
8.42
11.8854
15.7064
8.88784
11.145
8.09755
8.03683
11.101
19.3069
8.38062
6.67388
7.96144
6.58107
8.09144
8.09775
5.94854
8.79678
13.6618
8.30508
11.7912
8.16757
10.3322
10.9525
12.586
12.3868
7.67947
11.9195
6.09653
8.45576
11.6805
19.9154
10.5492
16.8115
9.98507
9.26361
13.0522
7.29843
7.24032
6.5524
17.6668
8.09046
8.19819
12.7912
8.88673
7.25024
6.18878
14.5813
7.28029
24.8107
6.69059
8.27605
27.5351
7.93581
12.4103
7.60606
12.038
8.69167
6.87114
7.3508
6.15339
7.34619
5.63288
5.99903
11.9063
12.314
18.0404
7.36493
5.54345
6.27657
6.75594
12.1604
10.805
9.59344
7.06851
14.3153
5.68059
7.05814
8.49973
8.44644
8.82149
9.39616
6.09562
6.10942
9.88763
6.73342
6.94399
8.20868
7.27281
7.57888
6.03543
6.28358
12.5469
13.5216
12.4882
6.05955
8.91015
8.54995
8.80649
8.2044
5.93097
9.84447
12.1593
6.68872
9.22679
6.20495
10.0597
6.35442
19.7043
5.89469
9.94383
12.5271
7.89492
5.80101
8.38694
8.60941
9.01493
6.91205
7.5784
12.0019
8.58266
6.53307
7.10252
11.335
6.13642
7.25033
9.43226
6.92385
12.0126
6.07011
7.23751
5.86655
5.69406
4.52469
4.81568
5.02969
5.86787
7.64257
6.53864
6.90284
5.2788
10.0732
7.4945
18.0049
6.48656
9.33769
8.47074
8.56868
6.1078
9.08464
7.76869
7.59467
6.51645
5.29105
6.40801
11.1308
15.9116
7.29353
7.14735
12.8626
8.45222
11.5028
12.4913
8.59727
7.46996
6.98054
8.12002
11.2083
6.65364
6.17248
6.01351
7.54122
6.77432
10.591
8.10363
8.00561
8.84711
6.26227
9.37023
8.21423
11.5021
10.9064
16.8502
7.50163
7.0216
10.8766
6.47724
8.31227
6.4393
6.07691
9.30216
5.5304
24.2995
8.40115
16.6222
6.08838
7.8316
5.93719
8.87882
7.55296
13.1649
10.1721
7.34095
12.7056
8.92308
13.3014
7.32324
6.70618
6.26811
8.3482
10.5709
6.73241
12.0829
18.5705
8.14484
5.62958
6.57183
13.3919
7.911
6.17724
10.6957
10.5666
5.67556
8.15818
10.7857
15.9068
7.56686
27.835
11.2077
12.0797
16.9473
9.23895
11.3229
17.123
16.8427
8.41957
14.7493
4.98419
9.93536
21.5511
13.4885
6.13946
11.8636
11.0993
7.78951
24.1516
12.4434
20.7403
8.35428
8.23136
11.3318
7.93201
5.13706
5.23725
24.0321
10.302
9.02576
8.7162
11.8158
12.5103
6.67512
9.77684
13.5303
7.71732
5.51379
6.49542
8.75252
10.9271
6.81501
7.41275
6.66605
6.6762
9.59611
5.99454
8.23502
6.92043
8.00592
6.26417
11.5252
6.98669
19.4491
9.8435
7.04669
7.91605
8.10289
8.11042
12.2757
8.70729
7.25602
9.45275
6.7329
7.12381
12.4916
5.37784
12.2438
7.43799
6.79556
6.22273
8.20991
5.18637
6.44276
8.04697
9.8387
4.82793
10.3792
6.61754
12.7087
5.82552
5.65668
7.05332
4.24812
6.47037
7.31795
6.17558
8.52218
9.19239
7.83718
6.22811
8.67497
5.65317
19.1107
6.10197
12.6648
6.81567
13.9046
6.56919
8.46703
5.36276
8.41111
10.189
8.22486
6.91866
8.41233
12.4445
6.61087
8.34663
6.3737
10.7141
6.58248
8.03406
8.37941
8.85289
11.1283
5.29424
6.70282
6.87174
16.7609
8.45962
12.7402
7.75944
7.01187
6.55615
14.7577
5.9736
17.3307
8.40777
8.89977
15.2254
7.61567
6.51035
10.1088
13.7058
7.18911
5.41261
10.2454
13.8918
6.09242
6.02594
7.0745
16.8913
10.0414
6.64616
16.0124
6.5239
15.7761
11.446
12.9971
8.63114
7.89223
10.9896
6.3527
13.9075
7.19467
20.1331
8.18316
17.1385
6.75662
11.5709
5.119
10.3479
20.6944
7.48275
14.4724
10.4701
16.3583
13.5709
8.36267
14.4123
5.56998
26.2349
13.1662
19.1643
10.5304
14.6242
6.07216
8.56621
13.5215
9.171
9.28905
17.6847
8.54295
22.8032
14.103
6.68834
12.3112
11.142
6.62186
20.8561
6.63203
5.74842
7.91893
21.3007
8.71952
8.49604
7.2469
8.24099
7.48536
15.9724
9.20939
6.21792
5.39017
6.53984
6.67986
12.2596
7.63845
6.66483
5.99355
20.3425
7.56158
10.0067
10.2025
18.3053
6.12941
7.46978
14.1065
13.7488
17.0385
10.4708
6.48696
6.06869
6.13796
14.4776
10.4989
7.24088
7.24722
6.52166
22.1945
11.6641
20.0234
8.82137
18.0617
8.34136
6.71535
20.7351
7.55347
6.50674
22.5368
11.5935
7.49181
15.0891
15.199
8.88072
20.6165
6.60758
10.0735
16.8507
5.79405
13.7651
19.3343
10.6692
5.42366
14.923
10.1489
13.4404
15.0124
13.0666
6.05754
15.2916
7.72886
7.3832
6.3877
7.5747
7.3472
10.1681
26.9403
7.31963
15.5132
11.4386
6.9987
5.726
7.88901
6.23955
5.78591
5.35047
6.79398
15.0774
7.1983
5.45357
7.19043
10.5329
5.54329
5.75719
16.3888
6.60081
12.6201
7.75303
6.94859
12.0051
11.4632
6.54091
8.09436
8.31468
12.494
11.5093
9.4492
7.33489
7.76869
15.1775
6.85438
9.7472
7.4349
13.9014
6.04777
7.07647
7.86343
8.87727
11.1676
8.5017
22.6827
8.02324
5.98876
9.1981
11.6363
6.97263
5.37404
6.29037
5.9177
5.20866
5.84873
6.18076
7.17455
7.19199
9.0152
10.2607
5.0816
6.05606
9.18519
7.82146
8.29697
10.3783
7.7703
5.83363
5.97495
23.3069
11.8883
6.87011
9.3621
12.0219
8.02355
6.78851
8.38664
5.281
11.0718
8.16133
8.10024
23.6881
5.71599
9.3482
8.901
5.53738
5.46645
8.21178
9.71921
5.64278
12.2606
7.82404
8.76203
9.13845
11.2104
9.53067
6.58351
8.08557
9.89398
5.79185
9.80554
8.10727
23.8924
7.72495
6.46718
6.32996
8.07378
8.68681
9.51672
6.42992
9.70547
11.1044
9.19167
8.64929
9.08648
7.20911
8.02919
9.04531
12.9373
10.1409
10.1099
12.0282
10.5401
5.87115
11.8356
9.92537
7.76964
7.95379
21.0355
9.88077
7.17321
5.95594
10.4959
11.4135
8.37845
6.31304
6.38707
12.8026
7.94505
7.95473
12.2611
5.37941
13.8408
7.53136
7.32843
7.37515
6.70135
8.05303
8.44847
28.7755
9.19793
7.75774
10.1902
9.22799
9.33091
8.49046
7.14954
12.3462
7.51941
4.46044
8.89848
12.559
5.99497
9.91287
9.25204
11.0543
9.2241
8.21886
16.2982
11.6087
7.5163
7.00358
11.0171
9.29357
9.32613
6.41939
9.40322
8.74922
11.6677
13.2823
7.08976
8.60099
5.83568
9.3358
11.3585
6.91292
12.4928
8.33587
7.82789
9.25226
11.673
6.48831
12.3566
7.20122
10.7495
11.383
6.92828
5.12829
10.934
7.12556
7.46016
9.01996
8.89915
11.3131
7.49966
14.9794
11.1228
7.47899
14.596
7.94188
13.0771
11.3312
12.7771
9.70605
6.81982
7.26839
17.0534
8.92467
7.35495
9.14781
8.38052
9.58363
11.112
5.3803
9.34614
9.04649
7.86082
7.58425
8.85585
8.58381
6.24484
8.20969
5.97317
6.38517
10.3198
25.8813
11.6081
6.5731
8.79667
14.9875
19.1732
8.5517
6.05124
8.3192
9.75958
14.669
11.9089
6.57241
7.50884
6.65302
5.78324
13.4639
8.77522
7.56966
24.9393
6.92507
8.18756
12.4332
8.48762
7.05847
4.96059
7.59562
8.75967
5.07567
11.3997
6.3277
5.85706
8.78902
7.12338
7.8606
7.05123
6.70656
6.06297
8.43875
12.7464
14.1702
6.93482
6.7761
5.13511
7.63178
9.10125
6.9744
7.23975
18.3364
6.33584
7.07506
6.14285
5.98054
12.936
6.92044
7.43518
8.90725
11.1292
5.10764
5.90263
12.4802
6.69814
8.59258
15.9062
7.4101
8.23641
6.12895
8.80665
13.8744
5.49426
8.09623
8.99881
9.75329
20.3834
6.91689
9.18318
25.4887
9.14656
12.9366
21.5459
5.72994
15.9657
12.3211
9.19824
16.4524
7.95535
6.35688
27.5136
4.62906
13.7221
6.25216
23.944
13.0643
22.0427
7.93763
19.0558
9.92417
13.3877
8.06708
13.0255
13.4297
7.69049
18.4441
10.8002
6.44459
25.4593
8.6412
11.9764
7.1139
13.0689
17.9041
9.46715
7.35171
16.4361
6.35302
13.2721
13.0622
7.54331
5.72678
27.2429
11.6582
15.1321
12.1129
5.47797
13.6329
10.6681
11.2418
6.70604
15.2675
10.5635
7.47978
11.4097
5.16511
10.2591
7.76506
8.93083
8.14952
9.65966
21.6012
7.91607
5.40594
5.91309
7.26161
11.9302
6.28659
7.68476
10.609
6.20748
5.40157
17.1249
10.3457
11.282
8.25827
6.38197
7.4911
5.77469
12.8723
5.21838
8.69548
6.65319
12.7048
6.88606
6.97717
11.9581
5.69828
6.33159
8.69115
5.206
5.37763
6.49219
5.46898
11.3868
11.7205
19.0101
10.3404
7.85876
14.5694
6.2894
6.14293
5.80322
11.2767
10.9478
16.2482
7.50209
13.4296
14.2756
9.16639
11.1119
9.36213
6.06799
19.0251
16.8616
10.5312
6.88431
5.423
24.3029
10.0063
15.808
11.2115
5.25899
9.33677
15.7131
5.56208
5.32196
26.8535
26.6647
7.00609
11.4914
7.38081
12.4865
14.038
7.94982
19.8538
7.17976
7.78877
19.7176
6.10773
5.87493
6.3937
7.93975
5.31958
19.1735
9.78154
8.03078
11.8183
6.44333
7.70276
18.307
6.88121
11.6508
6.18296
5.98911
7.38052
7.15672
6.91803
7.1661
7.72218
14.1295
5.78095
8.7497
6.32805
11.964
7.32591
6.71615
8.2874
9.55324
5.70841
6.86621
5.67053
4.95154
6.35763
17.2731
9.20956
5.80853
12.5314
7.66645
6.71143
7.2895
10.1974
8.63242
11.5932
8.17799
5.70574
14.5132
8.24217
7.15746
10.215
24.4674
7.77309
13.9035
7.91554
6.52623
9.40075
12.4207
5.48143
8.00714
12.3579
7.25475
12.0583
9.53439
6.05032
16.0534
7.75478
11.6959
12.718
22.192
15.0775
16.1738
9.77266
7.07469
14.1795
5.61402
7.8269
9.91799
13.0004
9.12557
13.8179
6.24357
6.28001
7.39725
12.4901
15.9589
6.8217
7.34792
6.30386
19.1131
12.9888
6.12291
5.36509
16.4397
6.36566
6.58332
11.3988
6.77081
12.3211
15.1344
9.90024
16.2537
9.1165
12.1194
10.036
17.6835
12.2595
18.7022
19.6339
6.6791
17.7403
23.0587
6.28906
23.0973
13.7446
7.97244
22.4476
8.52791
17.1261
5.81328
17.5138
7.61728
12.6796
16.8829
7.03788
11.7894
8.78452
13.7013
11.4463
11.0155
18.6656
12.456
6.78406
4.98079
7.29914
24.6383
6.02028
22.6907
13.8972
6.11536
9.23013
13.3026
4.27084
16.1233
6.22433
12.138
18.089
5.5849
7.21895
12.5823
10.4288
6.4558
13.0311
6.57483
13.9832
6.0468
7.05749
8.82999
6.23623
10.5835
5.41752
12.0085
5.03684
9.13104
5.40754
5.7953
11.0053
19.8247
9.76639
7.61575
10.7426
6.14203
22.5403
8.5394
6.21558
9.12231
6.31301
11.6812
20.07
15.5481
6.26372
5.96481
7.10193
10.7978
4.92369
6.67513
6.0063
8.29129
9.93582
7.67561
5.46373
6.35169
8.53077
7.12122
19.9371
5.4839
14.532
6.4581
4.77221
11.9468
3.54686
5.36004
8.0385
19.4819
15.7724