23.6007
23.1087
14.1328
14.2523
22.561
11.3577
13.4453
12.7244
13.313
10.0138
12.1511
11.4212
11.913
11.6471
16.1002
11.321
20.4253
14.2579
12.1856
18.7152
12.662
19.9836
18.315
10.0466
19.9474
12.5562
11.8233
12.5414
11.5702
14.4925
20.2396
13.4016
13.7967
17.0367
14.4957
9.79174
17.1567
21.2398
14.4951
14.7597
18.3783
13.5411
12.2043
10.457
10.2345
13.5698
11.5734
11.5173
10.6998
13.6858
12.7246
10.4592
13.2026
10.4278
12.7462
16.5377
12.9152
20.1061
9.91292
13.9462
16.8558
11.3877
14.007
12.5114
20.168
20.9538
11.4321
20.9756
12.1132
11.7941
16.6873
19.3465
13.0865
10.822
11.6395
22.51
18.5076
16.4615
23.3426
14.9227
19.8532
19.9244
11.6862
16.9413
10.9039
12.48
21.2466
20.5559
15.7623
10.1839
11.3169
19.9723
21.0437
13.0376
13.948
11.6828
11.8679
13.658
10.4736
11.2757
18.829
14.3914
19.3232
18.3444
23.2597
20.9884
21.2789
16.4663
11.7329
14.7318
12.4969
10.8289
12.4789
14.1711
11.2298
11.8902
20.1721
11.3028
20.475
15.1707
18.4992
18.512
14.3014
17.8818
12.3146
14.4846
15.8674
15.2196
11.7661
16.3413
15.1464
10.9752
10.9434
9.94543
11.9958
9.86458
11.4379
21.3046
15.438
10.6788
10.0787
9.78252
17.4199
10.9922
14.9208
11.0683
15.7611
11.0601
21.6038
14.9117
23.7423
18.3905
15.2025
11.6321
14.0166
21.4524
17.7051
11.773
19.1588
20.7841
11.9702
16.0258
17.3033
16.6666
11.1836
11.1134
13.9565
12.8051
15.9204
14.4503
12.8826
25.797
17.534
21.8661
14.2199
19.4736
15.7733
21.3159
24.1096
15.1843
10.006
21.7228
14.5741
12.0701
14.5126
15.6525
10.6586
16.5103
13.0643
14.4509
14.092
12.7426
15.4822
10.5099
14.1309
12.0633
12.0279
12.7015
17.8468
11.9468
23.6031
13.5426
9.64575
12.0628
14.555
11.5451
24.1487
10.1759
11.5604
14.6892
12.3949
12.5538
20.275
11.0997
27.7139
20.1027
10.6227
21.0963
11.1925
17.7128
19.5194
14.0158
14.3071
12.326
13.0228
22.3798
16.4216
13.6718
11.2625
26.0542
15.2051
15.1887
18.7189
12.1757
13.743
15.5817
11.6832
24.8263
12.0015
21.8089
22.8512
13.6724
19.9055
11.7484
20.838
11.152
18.7346
11.0564
20.7894
14.3144
15.5459
14.9849
19.6968
13.0714
24.1894
14.2704
13.4258
13.2053
19.9944
20.0565
14.9647
13.2854
12.955
22.8205
20.8263
16.1171
10.8387
12.7273
19.3756
12.9915
13.4777
12.3191
21.2783
14.3214
16.1576
14.2623
22.8572
15.6266
18.9605
24.6995
25.8905
18.4357
17.5227
24.8797
14.7319
27.6464
18.3914
20.7067
22.4863
16.4576
13.8966
13.2923
19.9766
23.3641
23.3675
12.1508
20.8924
14.0912
15.0763
12.0767
11.948
23.7357
13.3071
10.6637
13.0915
10.54
17.9936
12.6008
13.3094
16.6153
11.0442
13.9838
11.5098
11.1539
11.3648
9.8855
19.5739
14.8737
15.3757
17.1689
13.8171
7.84298
12.3161
9.76608
12.6721
11.2729
17.9931
12.2618
12.5225
26.4674
12.7649
24.6977
12.0265
23.5502
12.4511
24.8647
14.7464
16.1823
18.5699
14.4732
12.4285
12.9152
13.9172
10.0893
9.38414
11.7381
12.3758
12.6832
10.363
11.213
12.5435
17.6479
22.0467
20.7968
17.76
11.3687
13.3246
10.6823
21.3557
15.7515
18.2149
11.6118
11.1134
10.6823
17.9219
10.4544
20.1789
15.241
12.8983
28.3917
18.4433
20.9297
15.0601
20.9099
22.3216
24.6555
19.0042
14.1799
14.8153
13.8396
14.9503
12.0754
13.5942
18.4444
12.6201
9.89503
14.7166
13.8278
14.0412
21.0098
15.7148
13.7989
15.291
11.1065
15.4211
11.7465
14.5273
9.18123
19.7786
12.5057
16.3239
20.5392
12.2672
11.416
17.4914
19.7172
9.80437
21.7328
20.0193
13.8724
16.6096
12.9125
12.5532
26.9469
20.223
13.2759
14.335
14.3135
23.4397
19.1492
13.16
14.7351
18.7564
14.025
10.9477
13.4746
8.37056
12.2342
9.87142
17.6516
12.4812
22.008
21.8237
18.4799
13.2998
14.3545
15.0575
11.2411
11.0507
16.9559
16.4619
14.6197
11.4682
18.8774
16.3968
14.0153
13.0118
16.6634
13.6508
10.8508
13.7114
19.9016
15.3137
13.3367
13.0376
23.1369
27.2157
15.0924
21.4688
26.1192
16.9914
13.6434
12.6498
19.0881
16.337
15.077
26.5803
14.205
22.1993
18.8261
16.4646
13.2904
14.7017
22.4103
21.8141
14.2306
15.0541
24.1027
14.5459
23.5853
19.1242
14.7688
19.6008
13.3446
12.551
9.90765
19.7013
13.0654
13.5375
12.8241
21.8094
13.0062
14.5921
27.6067
14.1207
15.8955
23.5127
13.0243
23.9717
14.0483
17.0067
15.3151
22.5591
11.0517
12.8463
11.4868
11.0178
12.0799
12.1976
12.2237
14.7283
12.058
12.1848
11.0477
11.2073
11.087
18.6189
14.6997
13.6298
13.8039
13.2496
11.2618
20.8757
21.8629
20.7721
15.831
17.6622
15.3753
12.0947
21.0962
18.8388
17.9281
12.6219
23.7427
19.764
15.3484
16.0626
12.6893
19.5017
24.8406
17.796
20.65
16.1912
11.4768
12.5081
9.6108
12.8762
9.48486
11.6862
9.90151
21.8237
16.3454
16.9711
23.3715
15.1761
15.204
24.0499
18.7604
13.1905
20.6405
26.1019
17.5619
16.5205
19.868
9.23892
12.2553
11.0674
18.8027
11.7703
11.0438
11.6353
15.5479
21.2164
13.7142
21.2767
17.3795
14.7942
12.94
11.716
21.6085
11.4692
24.8086
15.0066
12.4085
15.7239
17.9338
16.873
18.1619
11.7441
19.4965
18.9186
11.5793
26.9596
12.4431
18.9521
13.5476
19.9481
15.3373
11.836
12.7136
13.9074
12.7809
9.51278
10.853
11.7533
11.6641
15.3829
11.1026
11.2105
16.5937
10.7266
24.4232
13.6128
14.8752
15.4587
13.7533
18.8346
23.4758
14.8626
24.9134
12.9313
21.4258
17.9103
15.0758
16.4033
13.1601
22.4919
15.7407
19.7897
14.3885
12.0525
21.7622
19.8328
17.9728
21.2178
18.852
12.6503
17.0057
11.0702
13.2599
15.1332
13.6055
11.2644
14.0397
10.1498
13.6664
13.1843
12.7282
20.6335
16.8757
13.3164
26.054
14.2036
12.9523
12.0329
24.5796
15.475
19.7074
21.1721
15.9133
29.1045
15.5909
14.6285
25.7175
14.1912
17.3642
13.5131
11.5895
24.9573
21.6987
18.3482
17.6892
16.7631
15.3257
18.075
9.82109
10.753
9.75601
16.3025
14.0008
13.7733
19.8938
20.3353
17.3351
11.1515
18.6276
17.3386
11.4136
10.9676
10.1679
12.7282
13.258
10.5345
11.7929
22.0428
13.3829
19.4103
18.0444
10.5112
13.2534
11.6677
11.8743
11.8111
20.4247
16.8108
12.1519
14.4552
22.4384
14.3988
11.1504
14.3185
15.8139
11.4905
20.4705
14.2298
20.8798
16.0055
27.1193
14.5124
22.8759
27.4498
12.6087
25.6047
19.5677
11.0754
15.4708
11.4031
21.112
24.2598
19.0806
23.0885
14.0213
22.0956
22.0571
18.2057
14.4893
15.5159
18.7338
11.6557
12.1966
17.6862
15.2374
22.8059
14.4929
17.7677
14.8484
13.1714
17.0874
11.8214
23.6174
24.3277
21.1308
16.9444
28.3664
21.9964
29.0422
17.6981
22.2724
13.6065
17.5271
19.6673
11.955
10.5982
12.0763
25.029
15.7524
21.4887
14.3993
20.1628
15.7445
24.3583
12.8853
18.7613
16.3504
11.7085
12.7379
13.4356
13.4472
26.7883
26.5906
13.804
20.1958
22.6319
13.511
15.232
13.113
13.0559
12.1802
12.0717
23.1952
21.0114
22.7228
15.2014
23.7474
20.8756
25.6149
13.0715
14.9305
17.5866
11.6742
10.7812
12.5764
17.9446
20.8749
12.4025
13.4262
26.64
14.408
18.3312
12.8498
16.588
12.0186
18.0369
12.5297
19.4252
15.995
22.8696
11.2912
23.8753
12.5967
21.8236
24.8776
17.3826
20.7299
13.5353
12.7067
22.2956
13.8951
12.5277
22.3327
14.521
18.4176
13.2001
14.4434
13.1661
12.2797
12.6359
18.9823
13.3363
24.7426
13.5991
13.0457
12.681
24.0968
14.2993
21.9776
15.3429
19.1608
13.8508
27.4243
22.6737
16.2246
13.1603
11.5404
19.6425
10.4539
12.9101
12.5481
20.947
13.543
23.922
16.3108
18.4141
15.3477
23.3072
17.5634
16.2653
11.898
18.5244
13.3477
23.8724
15.0991
13.0212
13.4202
21.4882
23.8192
16.9045
12.7484
13.6177
17.1867
14.0581
12.3048
13.4132
10.689
10.6596
12.7183
12.2779
14.1595
12.9909
26.3168
14.9273
14.5806
18.5469
14.8348
12.7187
14.1658
19.5235
11.4906
22.078
11.4357
18.1125
14.462
11.9622
21.1888
15.4118
16.4916
11.7925
19.7803
21.9359
15.0227
11.1006
23.1154
13.3629
12.2993
12.6575
21.6262
23.2887
17.9402
12.551
12.222
13.7589
20.9663
12.0732
14.5842
11.8341
13.7288
13.5359
11.3205
12.382
22.0986
11.7853
13.197
17.2684
23.81
17.8423
12.8956
11.5524
10.762
23.7376
16.8808
11.2158
12.5613
11.4418
11.4125
12.996
12.7324
15.0853
16.4208
10.8667
20.6626
13.66
23.5991
14.9745
13.3422
15.7112
12.3753
14.1496
20.9485
17.3314
23.4671
27.8167
24.1689
16.7792
13.6936
13.486
13.5433
12.8529
14.841
13.8507
18.6816
15.3051
11.3871
26.2047
15.8942
19.7875
14.215
12.2433
21.2452
14.8352
17.2419
12.844
18.2822
11.4724
16.658
11.019
14.4144
13.8989
11.8791
17.9674
14.6408
9.44623
12.2639
9.15758
17.6841
11.0114
18.3877
13.6628
11.9703
17.3775
10.8933
16.2934
14.154
12.1996
15.4485
26.3197
17.0171
10.3479
10.2914
10.4684
13.4238
12.8901
13.4459
15.6441
11.8553
10.1237
6.49161
10.4733
22.361
17.817
17.0971
16.1
23.7792
16.7209
13.9894
15.8022
21.0053
19.0419
20.837
15.3216
22.6209
14.5263
19.7906
17.818
20.8282
13.3441
11.9494
14.3082
11.89
11.5697
12.9762
14.4122
10.5051
14.003
12.5881
10.7182
22.1151
20.6201
11.9516
15.3475
11.4054
19.248
13.5472
10.0879
12.9527
19.6078
14.5886
19.1359
12.361
16.1271
13.9539
13.4041
17.7287
21.7133
16.959
16.302
18.4473
12.0219
11.0891
14.0184
21.1725
13.7681
17.359
13.4746
10.4832
12.7213
17.5493
20.4557
14.0162
21.4609
20.1883
12.5338
21.9034
15.399
13.3855
11.7398
12.1489
11.2399
21.4557
12.7397
12.8816
11.1511
19.2778
13.9102
11.925
12.5542
14.3719
10.9426
16.4606
16.8791
12.7936
23.5683
19.836
22.4396
19.0178
12.1713
12.011
12.9562
13.3982
17.2417
11.5944
12.0189
10.5863
12.2994
13.5895
12.509
12.5685
12.1838
20.1839
15.8778
14.9492
16.6406
15.1717
15.3204
23.8866
21.3049
14.6654
14.5375
14.2058
15.1344
13.514
14.087
13.7648
12.7779
11.9575
13.2496
10.2947
18.6741
19.6461
11.6146
10.8073
12.6359
11.8545
11.4665
13.7543
19.4627
14.9216
10.389
17.9438
15.356
10.1019
19.6885
15.2045
10.101
14.0954
11.1699
10.751
10.2396
23.9209
9.94562
18.4544
11.1133
20.6168
12.9462
25.5987
18.4268
16.4652
16.8509
11.3872
11.9559
15.277
11.8284
12.6062
12.2866
12.8662
22.1635
15.5281
14.8445
11.7166
11.4825
11.6115
12.6339
16.1406
12.5049
11.819
12.5868
17.5137
12.9546
12.4475
25.9992
17.1105
15.7925
13.7027
26.4938
15.243
17.3166
15.5897
13.8026
14.4641
14.4238
14.0577
21.8973
15.1996
21.0345
24.9791
15.4801
22.4071
18.8677
12.2125
18.1736
20.2052
11.7822
9.24383
13.3318
10.395
14.1549
22.5836
13.9073
25.501
23.5539
12.938
14.8825
14.3472
29.6005
16.8934
22.9661
17.6439
14.2952
18.2848
13.1193
16.3539
13.3539
22.0545
11.5364
11.7167
12.2897
13.3022
11.6796
17.7492
14.5953
13.5677
14.2447
13.1141
25.026
20.3627
26.8954
16.0339
18.389
15.7761
18.0035
26.3472
22.4473
15.7409
23.1675
18.4761
19.8592
29.7362
34.9634
28.6313
28.1499
24.2877
16.127
17.577
25.7847
19.5551
14.3843
28.2332
16.0712
17.2363
15.4841
24.8215
16.7722
23.1891
20.6342
23.2974
16.8497
24.7808
15.7653
20.8964
14.3076
25.75
17.4773
24.0696
28.5907
14.7837
16.0507
15.1165
23.296
22.8785
14.6117
16.4746
29.3541
22.0096
26.077
15.2793
20.6415
14.4894
35.291
22.3367
36.0529
15.7294
18.5354
25.4816
22.4915
28.6371
16.4523
18.7923
15.4295
15.0682
15.6213
15.5293
19.2658
15.7382
14.8264
28.4413
23.5376
16.533
16.6978
16.4909
28.251
19.5879
15.679
17.6865
15.1702
21.7924
14.7348
17.298
15.4879
19.0561
16.265
20.0711
15.0895
18.2328
15.4638
15.3436
15.9783
14.0109
16.2847
27.6424
17.9937
15.1262
18.9765
14.7
16.8917
15.5654
20.04
23.8
16.5753
15.3754
12.9801
18.4481
14.4282
21.2416
14.3461
16.9962
24.3678
14.8638
14.6633
18.0992
17.2339
16.677
15.6917
20.7336
14.9208
20.211
27.1293
21.954
15.3273
26.5721
16.6471
15.1787
15.283
16.2788
20.2951
15.5899
15.4834
33.8974
18.2899
24.2288
16.7167
29.3136
31.0237
23.5496
27.4135
16.5275
28.3429
14.3789
19.4134
23.6656
14.1687
14.5805
14.9245
28.2138
16.6726
20.0183
15.3762
15.7558
19.3012
20.1006
14.5653
37.1291
18.6857
18.3974
18.4521
18.3446
22.5881
12.6522
16.602
17.5285
14.3263
27.5394
14.6416
28.0921
20.1965
15.7891
15.8572
29.3291
18.6916
28.1027
19.3651
16.0054
15.4632
15.1175
16.256
24.8105
15.4723
19.3244
17.7847
15.6011
14.3374
19.4038
14.4956
18.5866
17.6636
17.1947
14.5434
14.8815
19.4232
16.2697
21.3043
15.049
23.5321
17.6
14.1225
26.6552
25.6505
17.6755
16.1654
16.9119
15.1928
27.0455
18.6087
14.7971
16.8091
16.867
24.3882
15.0693
16.4405
30.1979
16.7686
26.7934
24.1165
23.2816
27.1656
16.7618
16.1392
27.9791
15.673
15.5358
29.644
15.3462
21.1007
15.5999
28.739
17.2852
22.8066
15.752
17.0569
17.1676
17.2878
22.3045
23.9977
23.5617
18.3216
18.8449
16.3846
16.3357
27.137
16.411
16.6917
21.9017
18.3443
26.5604
25.9923
15.5114
15.1094
30.7873
20.0923
18.6608
17.7445
15.2714
15.0614
15.7759
25.3141
14.3105
16.5008
25.5144
15.3512
23.1317
20.9515
26.0311
27.4132
16.3943
16.519
14.1102
15.5567
26.4182
25.0542
15.2824
31.6931
31.9543
16.8972
12.8569
17.0911
24.7826
15.9684
16.9479
16.4925
20.4956
15.2232
16.8917
26
14.7917
15.6379
16.6118
14.6538
25.4894
17.832
14.913
15.8579
15.3723
17.556
14.1583
15.6187
14.4235
24.763
14.7273
16.3238
32.1441
17.8494
24.0439
20.1686
14.8274
14.0902
13.4419
15.1082
22.3565
20.1432
29.7029
19.4179
23.927
14.8192
15.8099
19.2017
29.9475
16.8857
24.3769
16.031
23.5774
15.9044
14.6884
16.2529
20.1784
24.89
15.1418
20.9878
17.0269
21.4417
16.2069
17.3363
22.6611
19.4723
15.4122
15.596
18.0759
19.4702
13.4881
24.7793
14.4113
19.4246
16.699
27.1316
16.1669
15.7609
14.2162
26.2795
27.7285
15.9791
14.2126
15.4187
15.5357
13.2109
31.5069
26.7929
31.0663
19.9515
14.9425
19.8589
15.4092
15.5904
16.6749
18.6133
18.7609
16.6933
22.2055
14.4881
15.3495
14.9549
15.5916
14.7263
17.8852
17.1681
18.7752
17.037
15.1271
17.0691
14.9033
15.8567
14.6671
22.3643
15.6856
15.9956
17.0681
17.9966
16.642
17.3959
20.7756
24.5572
15.7334
30.3987
29.8028
20.0882
16.29
25.1553
14.8894
19.0354
19.794
17.5267
18.2418
19.342
23.3062
18.7841
16.2811
28.858
20.8544
17.0905
15.4383
30.1883
18.0276
30.6943
19.0334
17.3842
14.5961
14.7857
16.2908
14.4174
22.8232
20.9135
18.0909
15.2485
16.6173
15.1538
14.0433
16.2288
15.581
15.5157
14.1919
15.2697
16.5056
16.2377
22.1352
14.475
15.1475
27.5811
16.8044
38.4614
18.9027
19.168
30.7135
18.8891
16.5827
14.8391
26.0403
26.5239
16.2529
17.6731
15.5864
25.539
16.5198
16.3048
19.6193
15.5435
18.001
19.4824
14.818
23.5887
15.7013
16.0889
18.8293
16.0976
16.4907
16.7614
23.1045
27.5389
15.9176
16.5599
16.8108
32.9917
25.3766
18.231
23.5557
16.9416
27.3374
18.5801
16.0421
16.1782
13.9373
27.225
14.9771
16.1125
24.1439
15.7752
26.1972
28.9195
19.8393
16.1083
15.1604
16.5355
14.9211
14.6942
15.1856
15.3104
27.579
15.0387
16.5225
17.3061
14.056
13.6992
15.5971
15.117
17.7224
18.2245
14.8787
17.5894
15.7885
17.4956
22.7134
16.0677
28.0461
23.905
18.097
15.3677
19.4482
14.8172
13.1605
18.2027
14.6069
14.7572
15.3604
21.0375
16.9916
21.7159
14.2532
15.5282
15.0763
13.9049
15.0661
15.2169
24.1271
16.3423
16.0509
13.8006
15.018
25.8507
16.531
15.0655
28.5857
18.9635
23.3569
23.5739
19.3968
14.8711
14.1606
15.3663
26.6721
17.7071
18.2655
28.7823
20.7757
17.1691
15.1115
14.9
14.9493
29.7075
24.4032
17.035
15.8861
17.0118
25.8251
26.7567
17.626
14.998
29.3933
18.6894
18.9519
14.8378
16.6905
17.9765
15.3113
31.1171
18.2974
15.9822
15.4912
16.7383
20.3699
14.739
26.9049
18.0079
19.0916
18.265
22.1363
15.7527
25.7258
26.2343
24.615
15.5591
27.1853
19.492
16.7123
13.7015
16.9164
22.7819
15.2308
27.4703
17.5896
13.9019
13.6455
15.419
16.4013
24.7508
15.8684
19.3866
23.9913
14.551
34.6263
25.5828
26.8007
15.5643
16.1568
15.6353
15.0894
16.1648
26.8498
17.2249
28.4243
16.6996
18.069
24.8875
15.7258
14.7856
15.2546
25.383
16.6346
27.1878
17.0707
14.0565
29.9535
16.1069
20.9103
27.967
16.2405
31.3972
20.3136
15.4996
27.7179
16.6425
17.5535
18.5678
13.905
16.5673
32.3014
16.9278
16.2952
17.7627
27.8908
16.2381
19.6694
24.4988
21.5249
15.5897
13.6572
17.1511
16.2618
17.2181
15.0324
22.1775
15.3502
33.6687
28.5368
16.8077
15.9797
22.3122
15.7176
20.1452
17.0944
15.8686
14.8812
19.2641
15.1616
15.9866
18.6255
15.8773
16.4821
14.0733
15.7664
16.9051
24.696
16.1657
19.2831
22.2212
20.9993
15.644
15.6781
15.3039
22.7641
14.6499
17.8278
15.2039
25.1948
22.8456
15.3887
13.7465
16.2014
16.5282
23.2356
14.5633
27.5858
22.1005
16.4075
18.9634
16.6846
30.2908
15.8138
16.4427
17.2022
14.7927
15.1017
15.9628
17.5444
24.1447
17.6049
15.071
17.2104
15.1196
15.2128
16.6169
15.6203
14.951
27.6984
18.8583
25.6153
16.8803
17.54
15.0123
19.1396
15.5951
15.6154
22.4642
22.1458
15.4173
18.02
14.8322
25.2948
15.5906
15.5057
25.5663
14.106
32.9138
20.2364
16.4531
14.2512
30.2503
13.2084
14.8975
11.7199
12.4955
13.0529
16.4454
15.2554
15.4751
18.561
19.2557
15.1826
18.921
17.4136
16.1187
16.2068
13.0881
17.3304
17.1068
13.0746
19.5997
12.4946
14.3486
13.2117
29.7882
25.2533
12.5836
21.4748
22.7714
19.3226
13.4589
14.7268
12.9401
11.6109
15.0191
12.3699
15.0258
12.4695
21.8406
13.5227
17.7271
23.8699
12.7256
15.9118
13.9539
13.0508
15.113
11.9218
11.144
10.1362
20.6265
13.0963
18.905
14.9632
10.2736
10.8508
15.8285
12.1702
11.4304
14.6724
12.4743
12.9432
10.2163
20.8709
15.4978
12.58
19.6304
12.6827
15.3659
15.4979
12.0582
14.0015
11.5489
22.7919
13.3655
13.5956
12.0886
12.8932
14.8078
12.1391
12.1228
11.0466
13.0338
11.0751
17.9311
12.5218
11.259
11.6325
15.7488
13.7341
11.4249
12.6814
12.9625
12.0247
12.9887
19.331
11.0984
11.885
11.9282
12.4582
12.0771
11.1323
12.7474
12.3098
23.9208
13.0834
14.0024
16.3255
14.4938
12.8818
14.9035
14.1565
21.5127
13.6907
12.3709
12.9028
13.5353
20.4077
13.8
15.8288
11.7217
13.2413
18.7839
14.0831
14.6462
14.9807
13.2039
12.9876
11.8576
13.2996
17.6406
13.1262
13.2678
18.7686
14.8588
17.1931
12.7418
15.2075
22.1137
14.946
11.8603
13.0263
14.2106
12.5704
14.3063
17.1521
13.8736
15.2608
15.6827
14.9551
11.82
12.4574
12.2331
12.4461
14.6534
11.968
13.5094
12.6614
22.9748
17.8903
14.4826
25.4498
14.4872
18.0666
11.5636
20.5946
17.5236
13.5119
25.8599
16.4026
15.4649
21.5948
18.3876
16.8042
24.4341
14.4636
12.8958
16.0587
13.2673
14.8895
23.1708
14.5472
22.1563
24.5564
20.2157
11.4099
16.3602
14.2143
11.5936
21.4802
15.0197
18.8536
14.2854
25.7154
11.7542
18.9957
12.4396
12.9392
12.2565
12.7037
12.8481
12.4675
22.2909
12.0694
10.7083
11.9496
9.16934
9.77125
15.3795
10.596
19.8172
12.4001
13.1637
12.0683
11.2572
11.8996
10.5152
9.30108
20.5101
11.7355
22.3957
22.9526
18.561
15.8487
10.3025
12.1612
12.0598
20.4459
13.523
12.8919
13.5816
21.4133
10.802
21.6296
18.9941
18.4277
13.8255
12.5611
16.732
12.5284
23.0642
19.5002
14.0077
19.3266
17.6517
14.3985
21.418
12.8249
14.5534
13.1577
17.1187
11.2219
12.8604
11.4694
20.3027
12.7736
13.9472
12.5154
16.0352
14.6646
23.1105
22.7601
14.0132
12.3097
10.9043
20.8038
13.4917
14.3644
19.6663
16.0462
15.6289
23.2983
23.3513
13.486
13.5272
13.7738
25.9896
15.2454
24.8926
20.6185
24.3451
16.7913
14.493
14.2032
12.7102
15.9942
24.54
15.4822
13.61
14.0344
13.0323
12.0375
11.925
13.6899
12.8017
16.6171
12.4986
21.2927
15.7316
13.8672
16.5732
11.8276
13.1117
12.1467
19.8573
12.1169
23.8113
16.7679
18.8282
19.4602
24.369
26.5207
19.5207
24.5967
17.6523
12.4708
14.7572
12.2102
15.4988
21.9814
25.4743
16.6012
13.1507
12.7847
17.5791
13.45
22.7395
21.7709
27.9752
18.5108
26.3863
25.8675
17.3769
20.8734
21.9792
12.1955
19.9686
17.5711
24.734
15.9652
31.0025
13.3045
11.9408
12.2596
20.0283
18.1449
21.5736
15.2667
23.5881
15.7473
20.3025
16.8814
19.514
13.1281
16.5654
16.3045
13.8992
15.0787
12.0657
14.7915
18.016
13.4902
17.9471
26.9974
23.6592
15.892
14.8303
21.1322
15.9021
24.2829
23.2189
14.3005
26.5863
15.5772
12.5549
19.7539
14.2213
23.1224
13.2612
13.3611
20.6706
16.1312
14.8246
17.9
20.1437
10.8374
21.3551
20.8191
13.5058
15.468
15.1545
12.107
20.8595
16.7115
11.8072
10.9764
19.1149
11.8453
10.8992
8.78715
11.3351
19.5593
15.0129
13.2252
10.7854
15.2412
10.0436
12.2055
9.21827
9.7026
11.4597
11.7092
22.0015
11.6945
14.5067
22.1206
16.2432
13.2055
15.2541
12.7226
15.2196
10.9963
23.9922
17.1272
12.1787
13.2817
12.6832
19.5374
21.4286
17.8341
12.768
12.2367
12.3561
12.5094
20.1494
12.3037
18.474
11.6195
12.5332
11.9314
23.7722
21.8382
15.9566
15.5762
12.4489
13.648
19.859
13.15
16.9534
15.7373
14.0605
12.1972
18.8064
17.3035
14.3227
13.1479
12.1189
18.7774
13.2416
21.0014
23.4995
17.4178
19.3373
13.1766
14.6902
13.8355
15.9259
13.3287
22.8835
13.2896
19.6783
12.1508
11.4329
11.8409
13.3732
13.4499
11.9868
23.3294
13.5855
14.0469
13.7971
22.0977
14.6369
14.1173
15.1006
12.0928
23.3559
18.6177
16.0498
14.481
21.6481
12.773
14.5871
13.2103
19.115
18.3833
13.5681
13.5918
17.7597
14.7252
22.5729
13.4617
12.8865
14.3517
24.684
16.098
20.0037
6.2171
6.93851
11.5104
18.7239
22.0331
13.8226
18.3974
14.1348
25.5013
14.3958
14.0778
14.0685
12.9437
13.031
26.3865
22.1716
15.9515
22.3125
26.4301
18.8407
14.4845
14.4343
14.5455
20.8079
22.2991
23.5846
16.3865
14.1731
25.2842
16.1513
13.5111
23.7477
18.9847
14.9867
14.3705
12.3464
16.5202
14.822
14.7195
25.2092
16.1614
13.9056
13.3928
15.8343
18.8107
28.7069
14.0499
13.5355
13.7172
12.5116
18.2462
11.0332
13.1893
13.8993
16.2492
16.876
13.1961
15.735
14.3978
18.4423
14.0486
15.9758
12.8402
17.3082
14.6631
15.4196
14.5158
14.0292
13.5962
13.1054
14.0015
15.3311
16.091
11.3468
18.0538
15.1763
13.6283
15.589
11.8314
18.8867
12.4076
18.0229
15.1191
12.6087
16.6313
15.8561
11.6916
19.474
14.933
13.1049
14.4119
10.0359
11.0103
12.2564
13.0151
10.9857
13.2435
22.7692
15.9166
23.8395
13.7004
16.0507
16.8741
22.2068
15.4929
19.0651
15.4919
17.471
20.6016
14.6955
13.4522
12.9835
10.454
12.3714
13.114
11.5553
11.9521
11.1635
17.2247
12.8434
20.1783
13.9232
26.9416
12.4839
12.3527
12.7093
11.4135
11.9156
10.9584
18.5385
11.1144
11.1906
12.9567
11.6916
24.0768
15.3016
11.5701
16.1105
23.8918
18.0718
16.0027
21.3688
27.7082
14.2796
21.1236
15.737
14.2777
20.2456
30.7409
24.5627
19.9578
17.09
16.4216
25.0538
23.5277
15.7474
17.2057
15.478
13.9174
16.0707
13.364
22.8051
26.9126
18.12
17.0139
22.0359
23.7007
21.0159
18.3522
15.6461
16.3477
18.5321
15.1998
25.1917
21.076
21.6132
27.288
16.5842
27.4439
15.1669
25.7915
18.2569
19.7264
30.5078
18.2647
14.2696
15.0867
25.1817
15.559
15.2057
14.2311
16.3917
14.2417
14.5983
23.5789
12.7881
23.324
20.326
21.6804
11.9209
14.8806
21.463
17.6738
19.2696
14.8494
14.9943
14.3065
14.9398
17.7779
14.0013
15.2299
17.0266
25.1866
16.638
18.264
16.5636
23.6225
16.768
21.5198
15.7521
20.4881
23.214
14.7048
16.1353
15.6595
19.4589
15.4322
39.5797
16.1468
17.8844
15.4753
16.2942
24.3374
15.2449
14.6633
29.711
19.215
16.7987
14.5568
15.4414
23.4599
14.6907
24.2075
13.1826
22.4714
24.8743
14.9216
13.1524
17.3109
24.1683
14.5556
23.8036
22.1394
17.1602
15.9513
29.131
23.5868
26.317
16.7062
25.7844
17.9309
15.4579
24.9354
14.2648
26.0885
17.5426
14.6825
15.5224
16.0377
14.713
15.1627
23.7977
16.7238
15.8209
18.4181
16.6866
21.586
14.3463
15.3761
14.1252
22.1738
20.7537
15.0985
21.6533
13.7253
14.8425
37.3618
17.0946
23.8191
15.9834
25.8262
22.8448
14.8735
27.3382
18.9954
15.2126
24.9466
16.8173
31.6457
16.0271
17.3026
14.3189
15.2228
13.4855
26.3654
20.8149
18.7037
16.2389
14.987
26.1978
15.9672
23.9763
24.6369
31.9007
24.0395
15.9464
23.5751
26.2266
16.1157
15.194
20.4394
15.3859
15.2117
14.8339
13.7018
21.1501
14.4529
35.2807
16.1118
18.2234
13.9447
26.2602
15.1675
13.7837
26.5088
23.7346
15.6899
14.1295
14.1044
13.5559
13.7278
26.3877
21.8397
13.2027
17.2826
15.171
16.3841
29.5027
21.5415
13.7126
15.125
27.7718
24.6178
15.6216
21.9722
14.256
23.5098
14.4466
21.0342
14.0657
17.1178
15.0119
13.393
13.4812
14.1942
13.9312
14.6837
12.1665
14.4401
28.3047
19.9828
14.3469
26.9618
17.8153
22.1568
14.7371
13.8594
15.1875
20.4053
20.2656
28.1662
19.0268
13.022
14.769
13.4582
15.8001
16.0448
12.8777
15.0664
19.0883
14.8675
14.5656
17.4752
14.7334
18.7797
19.7852
18.365
14.5322
14.4157
14.3572
15.1766
13.038
13.8644
14.3025
16.0042
14.4521
20.511
23.8335
24.8757
20.5472
21.5981
21.8711
17.0772
13.6994
15.8661
29.9774
17.009
13.6048
24.2611
27.9072
16.3516
24.0008
15.4024
19.956
16.6766
30.1485
13.7302
20.9127
13.1874
17.4637
18.1033
14.7527
13.9227
22.3034
16.2073
23.3287
14.7009
19.0796
23.7304
15.6781
14.2997
27.9063
20.6966
13.8576
25.5194
18.1548
14.6983
23.3172
22.6981
16.6614
21.6066
21.523
16.8564
15.8537
21.7644
15.9111
22.3584
23.9122
18.0481
30.3275
26.8754
19.1079
15.1364
17.4046
16.8626
24.5704
15.0835
15.7726
14.491
28.8194
17.3277
14.4291
15.913
17.1152
26.141
22.3151
18.6083
14.641
13.1781
22.8814
16.6761
15.7886
16.766
13.1444
16.1145
12.9562
14.3004
13.7649
12.5337
14.837
14.6846
11.944
13.3086
14.1233
16.5382
17.3625
13.5226
15.6696
24.3183
13.9875
19.9076
15.7819
20.2401
14.1868
13.4081
11.6937
16.5578
15.1149
18.366
14.4557
23.2454
14.0295
15.3661
14.5939
16.122
13.4318
18.392
19.1316
29.9098
16.568
18.5917
21.3146
17.682
14.1722
23.8834
27.897
17.4529
18.4156
22.5764
16.7286
14.6019
28.7084
16.1884
18.6994
16.1483
14.1906
14.3108
13.3135
24.9447
16.4556
15.0047
14.974
20.7025
15.9005
26.8006
18.8555
15.3089
18.541
17.7355
14.0203
13.9577
12.971
23.4007
14.7638
13.369
17.8157
13.3275
16.3181
15.327
14.4825
13.0602
27.0713
16.155
25.7004
14.2241
15.4334
24.5605
15.7495
18.3904
16.9631
29.2031
22.6687
13.4954
15.2037
13.1758
15.51
13.8364
12.9809
14.6291
22.9371
16.0554
12.7378
25.2749
14.4424
14.4183
12.8741
16.9226
14.1159
14.0436
29.5013
18.6388
12.7185
17.5907
12.7808
14.4938
24.7056
15.743
14.7077
12.0674
18.0752
20.8162
11.5955
26.7933
15.1163
16.1029
13.8811
12.8284
27.6942
14.8427
17.999
12.8575
14.9669
13.4455
35.5528
16.7189
23.5368
17.6974
13.2212
24.4039
14.3123
14.1932
14.2338
15.2622
14.7196
13.1479
23.1856
12.2643
12.6657
20.773
20.568
13.3067
15.9418
14.5041
14.0315
18.9697
13.5214
14.4547
29.7194
16.0614
22.7283
13.7803
12.3038
14.1993
13.2893
13.4204
12.6771
12.4923
15.6904
13.313
14.1364
19.702
22.4061
16.1452
24.8313
15.7591
29.2837
18.6707
12.7336
13.0345
13.0634
12.5285
31.8318
18.305
24.6591
22.143
13.61
19.027
17.9117
23.3657
13.4867
15.4409
12.7771
16.0355
12.9231
20.0549
13.6836
13.6261
15.1979
17.1348
27.8104
16.0462
20.9804
13.5159
12.9203
14.8305
26.9042
15.3356
18.4942
14.7224
13.7983
15.4026
13.0211
20.6202
16.9144
15.8683
15.4549
13.4256
13.1272
20.5685
16.6978
13.4523
18.0205
12.2478
16.3362
14.2199
12.4246
13.1197
26.2003
16.066
13.6998
19.5373
23.0847
28.0643
10.9513
14.5621
21.7786
13.3679
18.9937
13.0272
28.0364
16.3222
12.7716
12.206
12.7775
22.5025
15.1206
12.8351
22.2407
12.9029
14.8123
21.3442
13.9737
22.1309
17.9929
24.1096
15.6107
13.1603
16.1763
14.1332
19.6835
18.2697
13.503
17.8413
13.5869
20.2259
13.6255
17.8978
14.9579
15.1808
16.3831
14.536
12.2566
13.9559
17.5677
26.7922
27.3421
16.4136
19.9623
19.5073
13.5221
31.327
28.8693
27.5027
16.0167
14.6618
14.9643
24.1066
21.5353
17.267
14.6749
24.9395
13.229
24.1878
17.0844
17.6246
13.638
22.4946
13.3773
15.3656
15.5072
14.5242
15.4906
14.9843
13.4454
22.1501
15.0275
18.1575
13.2083
26.139
24.82
22.3053
14.9283
13.2343
15.7827
26.686
22.7111
20.7905
14.6362
17.1568
13.8398
15.5652
15.4872
14.4811
13.9134
30.3466
15.5263
17.0075
25.0213
15.1207
13.3873
14.3166
14.9164
14.3778
20.6156
14.7447
16.0115
18.7631
13.8092
17.7458
14.3343
27.7037
26.0007
15.6286
24.494
15.6535
14.9882
16.3037
16.0701
14.1865
12.8178
15.6248
13.5412
27.8019
13.9805
26.0421
15.7442
25.7564
18.9438
17.1646
13.9186
23.1399
15.7258
13.6317
22.6716
14.0379
14.7579
13.4981
15.243
14.1445
22.9002
14.7135
17.4597
26.1757
23.3632
15.0236
24.1911
28.0221
17.6551
17.1271
16.4239
12.1584
15.5598
22.794
18.2496
18.8387
24.3554
15.2652
21.1874
14.8034
15.0451
27.007
19.1946
23.6328
15.0377
16.2193
21.5201
21.4433
15.4009
29.7185
16.3382
16.5972
12.6454
14.8045
13.1751
26.029
17.3568
26.1634
14.8476
21.5588
13.5671
15.121
22.4096
14.5557
20.2658
12.8355
16.7898
13.3954
14.3596
22.5759
17.2647
26.865
19.4754
25.1438
17.0794
16.3763
16.9051
14.436
16.2981
14.861
13.9893
17.0646
16.6369
14.221
18.5701
23.17
17.5196
16.6543
19.4114
16.9456
24.5641
17.2593
27.0625
19.1545
16.3352
15.244
15.2681
30.2362
26.8758
15.5479
21.3032
14.9646
14.4357
31.2732
18.1261
26.4032
16.3111
16.1234
15.4035
27.623
19.0102
20.5382
14.5805
15.7627
18.8743
12.0205
15.597
17.3067
12.4877
13.3813
13.0547
14.1495
13.8599
27.8523
14.8711
14.7578
18.2201
13.6775
21.773
13.4123
18.536
22.0368
16.2116
24.1451
15.5127
19.2817
17.5228
25.1929
15.1472
31.3969
30.8396
25.0983
34.9824
16.9608
16.7639
17.1135
21.1287
16.9589
16.5698
16.0607
21.2143
30.8961
16.5705
28.675
27.1894
24.0813
15.6931
18.1803
18.1928
25.7928
23.1298
15.8258
23.0349
16.7263
25.9398
30.3252
22.0525
26.5937
16.5963
28.3955
17.1716
36.8756
19.2743
18.1999
23.6435
21.9637
17.4772
24.616
29.1935
18.2906
17.1444
22.0807
28.1675
18.6477
17.7039
17.6064
23.5393
18.4411
28.654
26.3582
29.5244
18.564
27.6982
17.7306
15.8352
17.9958
16.6961
26.5378
16.1028
15.749
21.0603
17.555
15.1807
20.4439
15.8521
16.6406
16.7009
16.3061
16.9713
24.9058
18.0591
22.3516
16.3746
19.2993
19.2114
15.9835
15.8258
26.6822
14.7818
19.9013
22.5962
19.2199
17.188
28.9553
16.8475
24.4728
22.411
16.4935
25.4666
17.1486
23.8859
26.8053
24.8403
17.2485
11.8905
15.4852
12.5667
17.949
18.3645
20.2335
15.1127
19.5793
12.8181
11.7493
16.4434
20.8336
12.3701
22.3791
16.6466
16.8426
16.3521
18.4901
12.1803
12.8342
10.9514
15.2098
11.6949
11.9773
12.4965
12.2154
11.3632
19.8352
12.3157
26.1406
15.5977
16.7648
13.7138
18.0699
11.3936
22.4637
22.241
17.2104
12.2062
12.9371
13.2801
11.9011
14.3274
13.472
12.6375
22.3787
15.8634
16.324
13.6493
21.1864
21.6169
23.2883
14.0874
16.0527
22.7128
12.1068
12.7336
9.07096
12.1241
11.8265
10.7131
12.3987
16.1485
21.8996
15.6921
16.1388
16.0923
12.1513
19.5344
16.1812
14.0138
15.9517
14.3938
16.6213
13.9349
11.9948
11.8231
24.1912
13.6982
17.6128
14.7082
17.203
17.4328
12.0944
27.8767
26.8957
14.7745
17.367
12.0538
13.4161
22.0579
22.9978
16.662
13.0554
14.4803
13.7467
12.5127
33.5258
18.0932
17.4255
15.4502
15.5447
12.1373
29.323
21.5156
21.3817
14.8032
18.9024
12.7814
13.8978
13.2917
19.3788
12.9787
13.8029
19.0457
12.793
15.8694
12.5726
12.384
23.372
24.1373
16.0939
13.7489
25.3124
22.6695
23.8915
20.2611
14.6933
16.8383
27.8019
19.2122
25.7731
17.2085
14.7011
21.9024
18.1531
16.7141
14.7766
19.0324
17.7165
14.1642
21.509
14.6705
18.3104
14.8322
21.9385
14.052
13.8802
13.5115
19.3171
11.5194
14.6082
13.278
14.8749
14.3021
14.5577
21.1295
24.9309
15.6456
27.7456
16.0861
13.8657
25.561
23.834
15.9355
12.7855
12.6047
12.7819
24.7906
22.0509
18.2043
12.3077
13.9728
15.1185
15.182
15.1404
17.112
16.5849
15.0255
16.7248
16.4611
17.5005
16.7807
16.1483
16.039
20.4436
15.8417
11.9739
12.9236
13.0158
21.6603
12.5111
13.7292
13.4968
22.369
15.8399
14.2564
14.1839
12.1264
15.7649
22.9227
20.3604
22.6545
16.0127
15.9619
15.0471
12.4401
19.9769
13.2306
15.324
13.0104
13.6236
21.9252
16.1299
24.165
16.026
22.2198
17.6735
27.0807
12.6289
14.7794
14.3347
25.7367
15.7962
13.5254
20.3969
15.4168
12.1689
15.3413
24.2933
12.8092
17.281
25.7677
14.8197
18.4263
28.7424
17.7669
28.2688
17.8761
26.9202
25.8358
29.7757
17.0642
18.9426
16.1994
19.4806
17.3281
21.3068
19.431
17.6543
22.0788
17.8206
35.3634
32.1008
19.9866
26.4062
24.4433
17.5406
29.7049
18.5449
33.1872
19.5437
26.1106
19.1252
24.5278
26.3218
17.103
13.5241
13.573
13.9682
16.0417
28.4694
15.0184
15.6863
14.1151
15.2464
16.4354
14.2479
23.152
33.0003
26.2819
14.3597
17.7428
15.0303
15.3879
15.8423
23.1541
25.8024
15.6906
14.5584
22.4767
15.2791
15.6339
14.3733
20.3874
13.503
15.1329
15.0434
14.2551
17.8212
15.9764
23.1318
16.9175
29.4046
14.8454
26.8414
16.3701
22.9944
18.8846
13.977
18.6829
30.0161
14.9062
15.6429
20.8059
17.6087
14.5199
14.6972
14.6417
16.2742
14.7428
14.2223
22.0127
13.7687
14.0556
21.707
16.1335
13.6398
17.4743
14.9482
13.1514
14.1101
14.8666
15.6129
13.9795
19.9377
13.1637
27.2993
14.5439
26.5887
17.9968
14.5501
24.9133
14.9874
14.5067
22.9618
23.3381
16.516
24.497
15.0324
30.3022
22.8324
22.1035
16.2439
39.1358
22.9737
16.4038
16.0142
16.8917
14.1246
16.6164
14.3292
15.9484
20.5844
26.3972
17.4866
13.3796
22.0982
23.6021
14.4345
15.0125
14.7837
14.0234
13.7801
13.7101
15.4191
15.8896
14.9123
15.5757
20.0723
26.093
15.5841
14.3356
21.9076
14.7206
28.9936
22.8743
13.9022
25.375
15.7561
18.4411
19.2758
26.4298
14.9242
25.0522
16.2106
26.5767
16.7665
21.6288
13.7467
13.2812
18.0297
14.6355
13.5708
23.3383
13.6025
17.9492
14.7717
20.3343
13.3797
12.9716
13.8822
26.3334
14.7848
15.123
17.8034
16.6361
13.3831
13.3449
24.8799
14.6372
14.7673
16.0219
22.8445
12.7979
15.6782
14.7237
14.6155
19.3879
16.6908
13.3065
14.6857
13.2775
24.2427
15.7402
17.5515
13.6678
16.2615
15.3804
16.9998
17.8338
16.7061
15.3487
26.8064
22.9485
15.4259
15.5374
19.754
13.0907
23.6034
15.3274
16.8971
17.1785
17.5044
14.5472
13.6294
14.7577
13.2357
15.1369
18.1665
14.0389
30.7242
22.1206
22.2052
23.9099
24.4752
13.9017
20.887
25.9618
13.0553
14.886
14.3336
13.4717
14.1377
15.3017
10.7491
14.1221
12.8106
11.4938
20.1687
14.2194
14.7448
13.8279
12.9002
13.1294
15.2937
12.0022
12.8858
26.1032
15.8189
14.6295
15.0657
14.9979
20.5058
14.6995
25.9924
15.1033
12.9846
12.6489
12.3133
18.9038
17.3628
12.5303
25.0392
12.4969
14.4585
12.8483
12.694
21.9597
13.6488
13.8422
19.745
14.495
17.5522
15.1453
14.8424
14.8207
16.1104
13.3341
15.819
16.315
25.6987
17.7559
24.3355
14.8481
15.0863
13.6355
21.5043
21.7668
15.3747
14.6829
17.4097
13.305
21.2029
14.4441
12.9364
26.356
16.4517
14.5766
27.0864
15.722
14.0334
21.4805
17.5178
13.8116
17.1105
15.6884
28.6698
15.0345
25.443
23.9609
13.6646
16.0936
15.2311
14.6428
28.7622
17.5922
24.5986
16.2393
25.1344
24.9509
19.3022
12.8581
13.4922
13.2517
12.6209
12.5476
14.2276
13.7036
19.6352
12.6989
18.5051
12.3278
17.137
18.2743
18.2617
24.943
14.1557
10.9581
22.5744
13.9108
12.1366
25.4234
15.6634
13.5794
19.2053
23.3543
18.4595
13.717
25.6329
15.892
33.0468
15.3098
14.7033
12.471
16.4677
13.7558
14.3305
19.0514
13.3181
14.6488
23.911
14.4457
22.7709
14.2394
18.6688
13.0547
33.394
15.4809
18.2767
13.2808
22.1541
13.5711
15.798
15.0176
16.2354
15.0785
27.9146
19.7094
20.671
14.2695
13.9556
14.9079
22.5492
14.3207
14.5128
12.3669
15.7141
24.247
14.175
20.96
13.2318
26.5947
21.5373
17.9643
14.3344
28.3188
16.7151
27.6125
18.0946
19.2995
15.1647
12.6017
13.2301
25.4729
11.9004
13.5935
13.8864
12.6561
27.6705
14.9345
17.5384
12.2383
15.3883
23.3524
25.809
12.7418
14.0332
19.4236
12.3463
19.756
12.9283
24.3847
28.7977
14.6194
24.0817
15.3673
22.0537
28.0582
20.768
14.3778
19.0849
20.0894
12.2274
12.8702
22.7386
15.8655
12.5245
12.6008
13.5691
12.4012
16.5009
12.3338
13.2696
29.9458
15.6469
13.937
13.2781
18.9609
13.8878
15.7369
13.727
14.2843
26.586
17.7554
14.1224
13.7837
20.1639
14.3904
13.6123
13.4448
20.9832
14.4423
23.1542
27.2451
30.0443
15.4822
15.0073
28.7407
25.0079
24.9098
24.6393
15.9829
27.1454
25.4635
23.2329
13.6533
19.7063
31.1165
17.077
16.3841
12.8152
14.7263
29.1457
14.9338
19.4492
15.2194
13.1017
19.0198
13.4722
17.5965
14.3866
14.4296
25.255
28.5406
14.6887
27.8957
24.4618
19.7582
25.3164
15.8441
20.3268
15.0618
14.1487
25.4064
14.7166
17.3877
17.7821
13.8136
16.9203
14.3111
16.1262
15.1605
23.4001
20.6015
13.9145
19.3648
12.6894
20.4258
14.6746
20.2363
14.1169
14.009
13.4827
25.7196
15.7735
17.185
14.8413
15.7648
24.4032
18.6182
28.0953
14.4418
12.5552
14.174
12.475
14.133
30.528
19.1195
16.6806
21.6232
13.6495
14.6359
25.5009
16.7767
13.5023
15.1139
14.7119
14.4264
21.164
15.1325
30.2081
14.9757
20.3681
15.1457
14.529
17.9322
26.3492
15.9552
24.5741
14.951
14.4495
30.1361
15.6312
23.9603
14.6457
29.0997
13.9837
13.3633
23.5715
14.3056
28.9703
18.6777
17.8795
15.4294
16.1176
27.1872
13.5844
19.4204
11.1727
22.9087
16.3166
13.2741
16.2403
26.6138
14.9968
12.1224
12.022
24.7353
24.0767
15.1494
16.2357
11.9587
19.9552
20.5717
26.0344
25.1403
14.3142
15.889
12.4477
14.3777
14.8977
12.8559
12.4045
17.4924
13.9583
13.8158
15.2105
15.616
14.7423
24.3068
14.5732
14.7059
15.528
14.8368
17.728
29.8505
14.3124
20.4108
13.2095
15.4945
12.3186
16.1575
25.4529
15.0599
25.1272
19.9215
25.5202
19.4412
13.5284
15.8297
16.0032
17.1659
14.9152
16.9093
13.6868
22.7006
12.983
15.41
14.6295
12.9228
25.8647
16.0421
13.3238
15.742
14.7141
17.991
27.7245
14.5122
13.3752
15.11
16.8489
16.2621
17.6517
14.1925
25.6025
14.8477
25.2312
16.1984
16.6337
13.2317
14.747
14.5251
14.6203
12.0678
17.4996
12.6496
19.6145
12.8345
14.4881
13.5158
13.3887
18.5743
14.086
23.6585
13.9144
13.1433
20.4531
14.7241
15.3235
13.9164
14.7588
13.3987
16.8179
12.9135
16.1156
25.1549
14.505
25.7382
15.849
21.5721
25.2835
16.6263
28.7034
16.4392
15.4251
13.4125
23.7938
13.9677
14.625
21.1237
15.9251
18.3528
17.1158
21.5409
12.6953
25.5569
18.3982
13.4288
13.6041
19.8795
13.1017
16.709
23.4227
16.3439
18.7528
14.0741
14.4027
21.4542
12.8848
18.6529
25.8692
13.6811
13.9375
13.4557
12.6495
13.8424
25.1591
26.4511
17.0232
15.4144
17.2797
21.4834
15.2297
13.5807
13.7608
12.0016
11.745
14.6108
13.0504
17.0544
15.4479
19.615
18.8282
24.0914
19.431
15.2192
14.1277
14.6868
13.4624
17.5243
12.7319
26.2532
24.4987
14.2359
13.9568
18.0735
15.9033
18.6096
14.0543
27.4803
14.0206
19.0799
16.3358
15.1819
20.5369
13.6373
15.6183
13.6299
14.0035
24.9869
28.8172
17.0386
26.5866
22.2018
13.9815
15.3619
15.8332
13.8343
20.2297
14.6147
17.3838
14.1014
13.8821
14.0861
13.5832
15.2956
14.3293
12.2685
14.5127
13.8314
13.4492
12.7541
17.9224
12.6753
13.2146
18.6261
18.6972
16.6403
13.9136
22.9754
19.3575
18.8292
14.9511
15.5946
15.0642
16.5061
13.8289
12.8468
24.2797
20.1492
26.3964
13.8657
13.6859
15.5604
12.5999
23.6578
23.0401
17.3647
12.4992
14.3479
12.2184
18.6548
21.3566
15.0664
13.7546
13.745
24.0214
26.1588
24.6351
15.1755
15.1474
12.2379
23.9316
14.7671
18.4581
12.7189
22.8527
12.8662
27.5328
16.5231
23.3427
16.5673
26.2851
18.881
16.1279
16.2783
18.195
15.7994
13.7164
15.2986
12.868
17.8079
14.8211
12.2953
17.1391
25.7312
15.5497
23.7472
17.5584
20.3325
19.7339
14.7749
14.767
13.2991
13.179
12.475
23.884
14.8994
13.2403
19.6961
13.052
27.3766
14.5042
16.6363
12.3192
20.9847
24.1833
23.1676
22.7236
21.9851
11.9
22.7207
17.0295
15.4909
14.3621
11.0442
20.231
11.1391
23.1325
12.7487
14.0095
20.3843
11.7482
22.5014
17.4825
18.076
18.307
13.3309
13.0428
13.6696
12.0461
18.6911
13.8686
12.7125
11.2034
12.658
11.5854
24.6307
13.1977
16.8666
16.8808
13.1556
12.8654
13.1251
13.4703
11.2638
18.9324
12.0435
15.6454
14.63
13.4865
12.4634
17.1069
13.8334
14.9287
16.2576
13.587
13.8432
21.7518
24.6634
13.6777
21.1263
13.759
17.2122
15.0241
15.7767
17.9691
13.8805
20.0941
16.399
17.8995
14.0374
12.8744
14.1503
14.452
14.3758
13.3006
24.4426
14.2513
25.3175
14.4223
15.5721
25.3282
23.8501
19.6608
13.0668
15.7389
16.3113
14.4401
17.3227
12.9082
13.1692
15.1776
14.7349
13.4611
16.9417
15.1965
13.4585
19.7897
13.3927
20.6287
13.3146
19.5944
13.6709
15.1671
23.1062
16.2547
13.6454
19.1476
13.8861
17.0335
15.6897
13.9558
13.1827
21.3813
14.6019
17.3817
12.1463
22.7605
13.7841
13.7033
11.6566
23.9602
12.5664
18.3952
14.2309
24.9219
16.5109
13.4993
27.767
14.6567
17.4527
12.9868
19.1718
13.1387
15.1425
13.8886
15.1222
13.5034
17.9918
27.8032
14.9544
21.3342
20.3495
15.4611
13.5385
25.45
14.2019
14.7719
15.2368
12.573
23.2448
30.5484
21.794
13.1871
13.1026
19.6418
13.6447
13.9819
14.2608
12.8975
13.762
15.7002
14.275
12.7566
12.949
12.554
12.2858
16.5887
22.2301
16.2374
12.0751
12.7682
9.88187
12.3681
13.7172
12.5496
22.0197
12.3606
14.0586
16.1912
18.5527
24.3676
16.5546
12.5005
19.7119
13.6275
12.1902
13.1119
13.7133
27.8074
14.9299
24.3889
25.9727
20.2841
23.2268
13.34
25.262
15.386
19.8063
24.3406
16.219
13.7927
18.0025
20.2893
13.2453
28.0366
16.3892
22.7397
18.4577
14.9661
18.8153
22.9372
14.5186
17.2898
14.5158
14.0781
16.3553
13.8219
16.0313
14.3363
24.1745
23.9976
18.2854
14.2563
13.0933
14.4604
11.6994
12.443
25.2167
14.701
27.1868
29.2488
26.7528
25.3109
19.1871
23.5154
17.3244
15.5022
12.8729
14.3709
13.4341
32.59
16.2547
24.2339
13.5965
13.1222
28.4484
24.9721
14.6989
14.1259
23.4848
15.4926
24.1799
14.8651
15.0961
13.4526
14.9115
15.4719
13.6014
15.8994
17.0355
13.8488
17.9646
12.7387
20.9845
14.0477
18.4995
12.6366
17.1156
12.3339
12.6579
12.9217
11.9272
12.142
11.6927
12.3228
13.8202
16.3943
17.9916
18.7286
16.8446
13.8064
21.4286
17.5833
13.9283
13.8061
13.7403
12.6217
14.8595
12.5481
15.6756
28.5121
23.5648
14.2272
21.6125
14.8961
14.2761
30.028
13.2523
29.0872
17.4533
14.3735
14.7029
15.802
20.1268
14.0111
28.9628
16.9879
15.4952
22.5589
20.8082
16.4389
11.3501
20.6565
13.1081
16.8666
14.1892
13.4514
14.0339
16.4132
12.2807
12.3769
13.8807
22.7417
23.2991
12.5012
19.9852
13.1366
22.7256
13.6244
11.8224
17.2274
13.7583
12.648
16.5557
13.6654
12.5387
14.2135
30.6618
16.1669
24.7369
15.1279
17.8648
18.3032
14.2201
16.2565
13.2293
24.7067
16.1629
27.3659
23.0455
24.6077
18.8587
23.5601
13.5153
27.6641
14.8398
13.0512
16.5307
15.1373
13.7666
13.1479
27.2699
16.6179
24.315
13.2021
14.0991
11.3132
18.7347
12.4198
13.8009
15.078
29.893
21.337
22.2648
14.2096
13.9178
16.8268
29.9565
16.9305
13.5221
26.2408
14.4509
19.029
21.555
16.6841
14.8122
28.5314
15.6862
33.5288
27.9495
27.6926
15.8395
18.7269
15.8973
27.4831
16.1613
25.697
17.5796
14.2149
17.8221
14.9034
30.0815
19.2192
14.7008
16.1052
18.184
16.0821
16.9423
14.0264
21.2611
15.1316
16.4079
13.3429
19.7493
12.7905
16.2716
13.4243
24.7471
19.635
19.4223
14.2588
11.7008
24.0416
14.7142
14.7489
14.3177
22.4559
15.1644
17.7768
15.1049
13.1521
13.1019
16.2341
12.9691
14.8658
12.5708
14.9928
18.0161
23.6876
24.9292
17.1528
24.2232
15.2976
16.61
14.4629
13.9817
13.5371
14.229
27.3627
15.4046
18.8572
22.9544
14.5328
17.8091
18.6026
13.0395
15.6889
15.8856
13.2065
11.3998
23.1893
24.2194
21.8401
15.256
25.9592
21.285
19.543
13.4274
14.3406
13.5721
13.1407
13.2927
14.8318
14.1725
21.2692
12.5428
14.0956
26.4775
26.2037
17.6209
14.528
14.3277
13.3225
13.6302
18.6547
13.2547
14.1699
13.4762
15.9914
13.3259
12.9052
15.4728
15.0162
12.3973
13.5706
20.269
12.1022
19.5519
12.9639
15.1018
11.6569
16.1076
13.1683
12.1061
12.3168
11.9029
13.3981
28.484
15.8382
17.1423
14.3137
12.3872
13.5388
22.919
22.0786
13.8761
11.7693
16.1614
12.5947
19.7201
13.313
20.7526
11.9922
14.1837
11.9452
13.4567
24.0943
14.773
24.3901
16.3369
14.3656
25.9718
16.406
25.8916
22.9863
12.4387
22.8736
19.5255
12.4856
14.2565
18.9254
15.1612
23.482
18.3128
25.546
17.1264
13.1008
13.475
21.8995
23.4293
17.5184
23.6034
14.4948
17.759
22.0826
16.6944
13.4832
15.0884
16.577
13.0106
29.8558
15.3764
17.7964
13.5352
16.0235
17.5815
12.6888
16.5981
12.5601
16.3521
12.5211
11.9484
19.5125
14.5709
12.1537
10.8669
21.7493
13.4258
16.429
16.8812
24.4965
19.4275
13.7762
25.3727
15.4937
29.7238
15.0633
29.4223
15.8667
13.9932
14.974
18.4916
25.4932
15.8653
27.7669
17.3526
22.6344
12.8504
18.8297
18.1756
12.6689
13.1425
13.6725
22.6649
18.1117
27.6924
13.9757
29.5679
16.4275
15.3034
12.7235
14.6459
12.277
13.2574
14.269
12.5082
12.4238
23.8411
17.2373
12.5677
19.0399
13.3154
12.7336
23.6459
23.9319
20.7125
28.8261
27.534
13.6533
14.3951
30.5668
20.8217
23.696
25.3747
23.0977
18.084
14.7732
12.5033
14.4409
19.8143
14.4651
24.6026
18.6762
21.2049
13.5991
17.9322
14.909
14.0169
24.3936
14.4626
10.7753
22.2457
28.3722
20.3455
15.1522
16.3671
12.0549
16.4545
12.6265
18.8224
11.2184
14.5077
25.8067
15.1625
22.4618
14.2657
10.8865
11.4037
11.0886
18.0552
21.1624
14.262
12.9262
29.3842
21.2071
23.7944
16.9748
12.0449
21.5555
17.2478
13.2327
12.0239
10.9763
15.439
15.4526
23.517
14.7164
22.7102
16.0387
18.5156
15.1146
24.5084
17.1831
17.71
14.1998
24.2981
18.1697
17.371
12.7467
14.951
13.1601
13.3816
13.7805
24.1601
13.196
22.0975
16.4767
13.0006
33.2097
28.7773
24.317
25.3922
16.69
16.8862
12.7864
12.6532
12.1736
20.6129
13.3384
22.9706
12.896
24.4295
18.2606
13.6692
18.3091
22.6146
13.0427
22.7391
21.252
12.6885
13.8641
12.9528
18.7632
12.8467
24.3103
23.1404
21.1512
13.4414
12.2003
13.2356
18.2518
13.3712
13.4963
29.4266
20.5666
23.7117
13.3138
19.8742
14.5989
11.7497
15.7106
12.0179
19.6603
31.8168
17.0272
23.433
18.0721
13.5081
12.9563
22.1545
14.6097
21.4626
13.4871
15.3247
13.5089
21.7447
13.088
18.5121
18.9529
23.3108
13.8813
20.2861
13.5973
19.0323
12.2137
13.5091
12.391
26.4224
24.6183
16.0131
20.8252
12.2537
21.572
20.6211
13.4122
9.57966
18.5378
22.9346
18.7705
12.728
21.9356
16.0227
21.1667
14.1835
13.5652
17.6315
14.1123
12.9708
12.5453
12.5737
23.7
14.4108
12.336
19.6764
14.4138
16.4871
11.4838
16.9323
11.2967
21.1018
14.1939
19.1749
21.1109
12.2323
15.8025
17.3298
18.0458
16.9269
12.5171
27.7058
18.0247
14.7659
18.7339
16.6978
17.2718
11.8199
15.0853
11.3095
13.9614
18.8388
21.3029
21.2925
20.8092
16.7286
12.0227
11.6802
22.2025
13.581
14.7339
12.6368
15.4127
15.8662
12.8108
17.2771
19.7337
13.0483
31.0059
24.7985
20.2346
14.593
23.8189
13.1817
23.796
13.4246
16.2538
13.1241
13.6451
24.2967
19.9503
26.1233
14.1527
27.6915
27.2844
23.5858
16.2792
24.088
14.2958
21.996
14.2271
14.4151
13.2888
10.0802
18.6261
21.8047
18.0919
15.7293
29.0644
18.5106
26.7255
13.3747
16.3516
27.0295
19.6269
17.7842
16.9386
12.8821
27.2938
17.1963
15.8056
15.1758
14.7778
13.4285
15.1062
11.3253
20.3485
12.042
16.1209
17.8441
12.996
15.0634
12.4863
9.97842
24.565
15.1981
21.0562
17.4047
13.0573
19.8577
13.1515
13.9281
13.5887
11.5963
20.2394
18.6667
11.7875
23.8722
13.0055
19.1939
18.603
12.6246
18.5371
13.4685
23.8329
14.8289
11.8465
13.5868
25.7089
24.6679
21.419
23.0448
15.0116
13.5752
20.2305
15.5126
11.0087
15.7035
27.8897
19.4057
15.8903
14.3655
26.7385
19.4554
13.945
28.836
29.5158
19.6323
15.7603
14.0451
15.8603
16.0429
24.3794
13.2811
12.7232
18.1113
14.4614
14.1228
12.6843
12.8632
12.4402
13.472
12.0262
15.9789
12.3331
15.8921
12.1965
11.8719
13.9486
12.0033
16.1197
13.706
12.8531
20.4152
16.8881
21.0151
12.309
15.1349
12.0942
23.5229
16.2233
14.029
11.3021
10.5633
13.4243
16.3814
15.9635
18.8592
22.8535
16.3678
15.2297
21.6019
10.8011
18.4339
18.8511
22.6243
16.2255
11.2799
24.0744
14.8126
18.5978
12.3783
13.5494
13.0672
25.0281
15.2002
16.4989
24.5324
23.2411
24.446
14.1048
17.1672
12.5126
13.0933
23.0067
15.5174
12.8978
13.7135
13.68
22.2191
14.0628
21.2915
17.8406
18.9452
18.2164
11.5565
13.2924
11.9061
15.8784
24.2471
14.008
24.0191
14.2832
25.6378
14.7366
28.1306
19.7026
16.8792
12.3893
23.4388
17.5576
12.4941
22.0725
15.1101
22.1194
18.4667
12.5819
26.1731
19.0105
13.8334
22.6134
12.5088
16.1431
20.2882
26.9373
12.6242
24.6245
14.063
10.3958
14.0811
14.2066
11.1622
21.978
19.4218
12.0099
13.5573
14.1971
11.9415
22.1352
21.1577
15.2781
21.4537
12.8117
13.6232
12.6227
12.7273
22.9159
13.1388
10.0626
17.686
18.4435
11.768
21.8435
13.2432
13.1345
12.1163
18.3049
20.7997
12.4619
22.2227
13.5182
20.6048
12.8087
12.3943
10.3601
14.4858
21.4367
16.8293
13.5262
13.8556
14.5114
12.095
18.2396
13.1628
19.7181
11.3424
12.4466
11.2329
22.2885
14.9189
13.5026
20.0146
22.3777
17.1892
13.5138
21.3225
12.8364
13.8148
13.7805
12.3459
11.7513
13.3871
18.005
12.9084
12.9033
12.4199
11.4649
16.0338
12.378
20.0517
14.7138
28.4992
20.8796
14.7158
22.2383
12.6881
16.1632
15.4474
20.4664
10.8383
22.7251
17.9119
20.8461
13.688
20.3067
22.6423
13.4261
22.6677
16.4216
24.6961
16.3516
20.5441
13.8879
18.7729
20.304
13.8642
19.6709
26.9224
18.9722
13.5294
19.7493
13.188
29.6438
14.3397
19.6864
13.1376
12.6298
15.7868
14.5826
18.1087
15.1149
15.5289
22.9438
21.0172
22.0044
12.4571
13.0045
21.266
12.9874
22.4287
14.4494
14.1061
9.42955
12.083
16.1888
11.5434
12.944
22.4352
12.343
19.8001
17.6041
12.4809
10.9329
25.6054
13.1644
22.9349
12.0587
16.4423
11.2741
23.4106
12.8891
15.616
12.4816
11.9321
11.6537
12.1325
13.3178
11.0455
11.9217
21.848
14.5238
14.6821
13.9952
28.9717
16.2396
21.5288
16.3564
13.8235
14.0485
14.2634
26.0762
13.8968
11.956
24.8448
14.0915
17.8494
18.9532
13.0342
15.0683
15.9721
13.2891
15.8964
12.9937
18.0712
14.358
19.6388
13.2791
14.4251
19.1544
16.1231
14.0307
26.0365
24.0938
16.1598
14.177
14.9803
13.7406
24.2384
17.345
23.9761
15.9694
14.4771
15.3073
14.8834
13.3892
12.7328
14.4274
13.6156
24.3364
22.4411
16.3807
14.001
13.7908
12.1553
28.5271
17.3902
29.7481
17.2474
13.0865
29.7217
21.3459
16.0837
13.8497
21.749
14.9654
14.0024
13.3177
29.4298
14.2473
29.3468
17.3466
14.6188
13.4871
24.4409
14.0327
24.5278
28.6743
13.7442
21.8986
17.6135
29.8224
14.2671
25.4977
16.344
29.0627
27.6633
15.6133
14.2056
17.8627
16.0455
13.7494
15.8322
15.1397
12.832
12.8612
13.4288
13.8828
15.5479
15.9884
15.7074
13.1482
28.5502
16.6478
17.4954
13.3243
13.1166
14.6795
27.0973
16.0947
14.2937
13.8276
23.925
13.4618
23.8156
21.4009
23.3577
13.6205
13.915
27.6011
19.7229
13.2815
17.6663
18.2403
26.1799
14.2561
14.8991
18.8797
19.0392
18.574
13.7014
14.4677
13.0721
23.5345
16.2483
15.5243
12.787
12.1815
13.6077
15.9997
12.88
30.0883
36.3746
15.8513
15.7631
17.2789
24.8722
29.1985
15.1588
21.7952
16.2297
15.7766
15.3519
26.6764
16.6476
21.8802
14.0532
25.47
14.2043
14.7982
13.9611
14.622
12.6091
21.3598
14.035
12.526
13.2058
18.1543
17.1178
25.516
15.9199
21.9433
21.1783
25.2657
14.8332
14.8435
15.3953
14.1315
18.6503
25.2593
20.4556
13.9231
14.6914
12.472
13.7917
14.7756
28.3596
18.7481
13.816
27.1856
14.404
22.8637
19.5529
15.7316
13.6357
23.1563
17.1512
15.4487
23.5459
23.8299
28.9883
15.3027
13.6465
21.226
20.5051
28.1116
26.1713
17.7758
18.414
15.6362
14.8582
14.9276
16.6711
13.6842
29.1567
18.4673
13.1295
21.8176
17.5279
12.9645
24.0989
25.0987
15.0306
22.9657
15.4898
19.8336
13.5951
15.8251
18.8469
30.1756
15.9367
22.3134
13.9919
12.5331
13.9752
14.1194
13.5759
14.0455
21.4739
15.3588
11.9076
24.5116
26.0982
17.8109
21.566
13.2914
19.4177
15.6051
13.1946
14.2719
12.8677
12.4593
14.472
12.9725
24.5716
16.3194
14.0493
20.9103
28.0291
22.6787
13.8263
17.0163
11.6805
15.6088
21.178
25.2886
15.2431
16.7031
15.0403
14.6692
24.2388
16.6369
19.6061
14.1565
27.1801
19.2174
24.2786
14.1452
16.056
13.0888
14.0263
12.969
18.6628
13.8413
19.9505
14.1114
31.2516
18.5547
17.4357
16.9824
14.4323
13.3431
13.3207
14.0317
13.1477
21.7382
13.4229
22.463
15.3323
15.6105
12.2829
21.0171
13.741
25.327
20.5266
26.3733
21.5096
14.7591
17.2806
12.7723
25.0598
14.6121
23.9296
18.4753
23.8297
15.057
12.6745
14.1872
27.2554
21.6146
14.2941
15.799
12.8118
16.0315
13.8692
20.1275
13.3677
23.8342
20.1872
23.474
15.5735
29.195
18.5835
14.3376
17.5595
13.7886
29.7293
18.6174
15.3036
19.6661
14.781
15.156
14.4165
26.9359
14.8313
20.7996
17.5411
14.7616
27.7043
15.7056
13.247
15.591
18.4716
17.4199
14.983
22.4934
20.2518
15.5654
16.2646
15.4153
22.3609
14.6554
24.9349
22.7685
13.9387
23.7747
15.569
25.8919
20.4004
13.8456
15.3316
14.5699
15.0247
16.2533
23.1961
27.5501
19.7266
22.1349
16.7242
11.6881
11.1484
12.1254
13.3234
16.1177
13.6717
15.8504
19.011
13.6514
24.8717
17.4931
15.5019
15.4065
14.1741
13.2225
14.2164
14.6483
24.9368
15.0496
23.2952
13.5665
19.0089
22.4763
13.4312
14.1185
16.2326
14.6646
25.6918
17.0197
23.541
15.0742
15.4956
17.7836
12.9117
13.9776
17.8773
15.9381
24.545
18.0575
19.4707
12.8447
15.3467
25.7177
18.6544
13.5635
23.7854
14.9452
20.1974
14.2226
12.8208
21.0765
13.0042
26.233
15.3073
25.7381
21.3005
14.362
23.3816
23.2095
22.3951
14.0374
15.9032
19.7018
13.3081
16.1594
11.7824
14.9724
11.6543
12.784
11.4036
15.3158
21.6556
11.7809
17.7217
11.7472
18.4039
12.973
13.5571
14.9962
15.577
12.9183
12.9014
15.5376
11.7346
12.1613
13.1457
12.1828
22.2144
13.2985
13.7736
12.265
22.1712
14.0859
20.4897
24.5257
19.7155
13.9059
12.85
18.3106
21.2238
20.3469
16.1085
14.3344
21.0992
13.1238
20.516
14.6776
24.3475
15.532
15.0934
15.455
15.7502
14.972
20.8879
15.4592
23.0258
13.9237
15.5492
14.1841
20.0721
17.3586
31.932
20.3181
14.8593
15.0436
15.4965
13.704
25.8851
15.7402
26.6157
17.0505
20.4656
25.3366
13.7378
25.5478
17.4737
13.9926
16.2499
25.2282
16.53
14.812
22.6115
24.2578
22.4657
13.0327
22.4393
14.0767
20.8861
21.359
14.4107
14.8847
14.8812
13.5252
13.4404
13.3707
12.5016
20.4851
15.1566
28.4386
16.3804
25.007
26.5559
15.2748
22.0311
12.8871
21.2554
15.1979
14.7811
15.2241
30.1108
19.2311
24.16
15.9696
23.1172
16.826
14.9096
20.825
20.7026
15.4501
13.4665
20.939
14.7341
16.9511
13.5453
21.4941
28.6305
13.6782
15.7279
24.0106
24.7609
24.6048
12.8762
13.4261
14.6742
13.7207
13.6885
15.9563
13.5282
15.7405
15.9147
12.7348
11.9854
21.4806
14.1797
28.5685
16.1296
30.447
16.2242
21.7723
14.4499
19.1672
17.6268
23.6923
29.6445
16.0422
15.9929
15.4742
23.8283
14.2225
15.3514
28.6662
16.2741
15.8102
28.6999
24.6201
26.5656
18.943
24.936
16.3825
13.4277
12.7979
14.1175
25.7177
16.2378
24.2663
15.3884
18.7868
17.1868
14.6665
15.0276
11.1134
13.9979
13.154
14.8997
15.7522
23.8631
19.6845
14.4956
15.6143
28.5471
23.9933
29.2723
23.7022
21.781
14.9988
26.0252
15.7668
22.0602
13.3075
13.2329
12.2862
14.8411
25.2066
18.4032
15.2804
14.0063
19.3917
15.8894
16.4132
13.795
14.7797
13.9137
14.1218
14.0146
17.1161
14.1601
25.2051
21.7643
26.1271
15.1294
13.63
13.6194
21.3955
13.5391
29.2543
21.3114
13.774
18.0358
16.2788
21.9161
15.5327
18.9797
13.6447
14.8403
27.2666
26.2279
24.6575
15.1525
16.4825
15.2356
16.1341
14.6051
20.3521
17.3745
18.3284
31.0716
17.846
16.6291
24.3985
15.2416
29.9375
15.9985
13.7506
14.1458
26.8835
15.2773
14.4948
20.4764
13.629
26.5095
17.7958
17.2966
24.2871
12.9219
20.2955
13.6933
17.3455
13.7227
18.7472
13.1858
22.0423
23.7548
12.478
16.0622
18.8602
19.7396
14.3925
16.8767
16.3585
12.6308
17.5601
13.4406
13.8145
26.5478
13.9358
11.5839
12.6547
14.7136
15.7178
14.8385
13.8909
11.4839
11.7915
24.6984
17.7924
14.6576
15.7251
24.1169
19.5606
20.635
16.6082
26.0882
29.8101
15.1542
21.1238
13.1951
14.7728
20.8561
14.0723
24.3188
16.2636
13.7762
16.3781
15.7193
14.1296
23.8318
19.0535
20.5619
16.1216
23.5828
15.9205
18.1581
20.2117
17.8239
20.0034
18.7683
34.1504
23.8473
18.9391
18.2454
33.9334
24.3348
42.8718
21.598
31.1347
18.3618
18.2784
19.0196
23.9949
22.3197
19.5056
18.0146
34.5042
18.8603
22.2335
19.2809
17.8435
15.2192
25.1222
20.1045
18.9952
19.3757
17.3201
27.71
27.1021
17.0415
18.458
27.1051
18.0623
18.6402
21.2723
23.6649
20.3751
28.245
30.0239
34.6629
32.5648
21.5341
18.7489
24.7372
18.292
28.9836
19.7791
19.693
17.5482
18.7382
31.4274
19.948
18.2659
18.6831
19.0983
17.2326
28.6722
17.2847
25.8915
34.4701
20.1691
33.3165
17.8289
20.9282
15.9489
23.8568
18.7606
37.0606
17.4291
30.8767
28.4373
19.6715
25.7551
20.5557
18.2614
32.0596
17.9415
28.3773
19.0106
34.7902
18.9326
20.6186
27.3376
17.0693
19.8064
28.1274
26.5667
16.623
21.0159
19.1197
32.1341
25.7669
19.2323
16.8263
26.2401
28.3915
17.9964
21.8637
30.0267
21.3496
21.4743
17.8777
34.5515
18.1448
29.2176
24.1305
34.5157
19.5105
38.4702
20.1059
18.6453
16.8043
34.5466
17.0131
16.4058
18.0347
18.3392
32.633
20.8697
19.3235
16.1035
18.3047
30.257
20.0488
17.3347
19.6839
16.9417
24.1026
16.5124
23.4463
30.2279
17.2203
32.4573
27.0831
18.412
27.6132
17.4916
19.1239
17.0246
25.0428
16.3752
32.1886
19.4815
30.8592
17.2792
18.1524
20.2654
17.3695
28.4217
17.8401
31.4256
29.0752
16.2724
18.3369
30.7056
19.9716
33.9813
17.6214
18.2478
30.238
19.1149
38.8237
23.802
18.2493
16.4227
19.681
18.2451
28.6382
16.1374
25.0418
16.4259
31.1744
17.3392
18.105
20.9022
22.445
17.6472
17.8176
18.8995
29.1252
18.3109
26.5155
18.2561
19.534
29.8134
19.042
24.2616
17.2238
17.1614
20.3738
20.0634
21.8328
27.5153
20.9788
30.8894
18.6573
16.0765
28.5063
17.7468
18.5545
29.1542
18.7628
16.5617
15.2438
16.5077
19.0978
21.9893
16.5152
15.11
30.4994
16.6628
35.9641
18.5635
20.9691
14.0507
16.6115
16.4943
16.6164
17.3158
16.1662
20.1081
30.1872
22.7594
16.1927
35.4298
23.5279
17.8341
18.0113
22.5246
15.9057
34.8506
17.2157
24.4145
28.2281
26.3297
15.6424
16.5532
31.2753
28.7322
17.7831
20.2766
16.3951
22.8712
15.4423
22.6772
16.1252
18.0358
29.5247
26.9657
25.6871
29.6882
15.9644
26.6706
16.0435
16.5292
27.5277
17.5054
25.3365
19.1163
25.1131
22.6217
20.2864
14.7499
17.3142
14.2813
14.2331
21.455
13.4671
23.7898
14.4407
14.3985
23.0544
18.3071
20.5743
15.3682
18.4845
12.7809
24.7299
12.7299
21.6966
22.01
21.3576
18.8985
16.3183
20.2674
15.5028
25.7181
13.2133
14.0581
15.3475
13.6975
18.6204
13.2055
14.796
21.8943
23.2645
22.6444
17.8407
18.0076
13.4381
26.0551
16.466
20.0165
13.976
32.2711
17.761
19.2478
14.2559
17.8868
15.4409
13.4778
31.9463
14.0287
16.6004
13.6915
19.9575
21.7129
14.6356
20.9304
12.8383
15.8954
17.3586
26.073
20.0847
21.7226
21.2991
14.5228
12.8829
14.4294
15.5659
21.6201
15.7837
18.6221
13.0135
15.9639
13.9553
13.2346
20.5509
14.8375
13.7661
13.3438
12.8942
15.8574
13.8633
16.1573
17.0882
18.9424
19.9674
16.3618
20.7549
14.6451
27.5231
17.6268
14.9406
13.748
23.7172
18.4045
16.404
17.3646
15.5438
14.3448
13.5613
15.077
16.1391
17.0046
13.2327
12.6334
15.9281
14.4803
13.4555
15.0655
13.6051
12.7961
15.5108
14.3249
14.1277
14.5887
17.8561
14.9414
12.402
24.1418
16.8231
20.4783
14.55
15.3353
20.4589
12.2972
14.6461
15.523
11.4054
11.5077
22.0873
12.44
16.6786
15.1463
12.4172
12.7256
27.962
13.7789
15.816
25.8449
13.8518
15.341
18.9463
15.0837
20.9307
17.2763
13.3891
13.7293
21.7712
19.1671
25.216
15.3505
14.9142
13.3549
31.9238
19.4473
19.5519
15.2272
20.3633
18.4989
16.7363
20.4883
14.773
15.8563
11.4903
15.4229
14.2466
13.9428
15.3416
15.134
13.0022
14.9103
18.9941
13.7339
25.5035
15.8635
26.6292
14.6605
18.4016
13.291
21.6246
15.1848
14.6021
14.2898
12.3607
14.9054
12.5319
12.8765
18.0676
25.1555
14.3026
24.6822
14.9817
26.8204
14.5883
16.9569
13.7373
12.8419
22.5176
14.2072
15.5663
12.0315
21.6749
13.6723
20.5575
18.0826
12.2954
22.0347
14.0854
12.8427
16.5549
11.4175
12.83
22.2384
16.9775
13.2697
17.0496
14.9507
23.5487
24.353
26.2012
15.6546
13.6249
12.1884
13.651
14.4529
15.0951
19.6807
15.1643
16.611
14.268
15.2306
19.6492
13.4173
14.6784
15.6421
17.8955
16.1669
24.3489
16.6467
26.1756
16.4509
16.3065
26.5432
28.2533
16.5348
24.2684
17.754
16.3271
16.044
16.6875
19.213
15.0188
17.3087
17.9195
28.0096
17.4348
15.9989
18.0588
17.4595
14.8511
17.9998
15.6556
28.0011
26.5231
19.8717
21.2924
14.5923
27.2036
15.865
16.6419
31.9111
16.5078
16.2145
28.3474
21.5247
31.3476
18.3886
14.6429
16.1416
31.469
32.7236
18.3122
17.1234
15.5778
14.8944
20.7007
28.8309
16.5435
31.8416
35.2622
28.6084
15.9808
17.8883
15.3395
32.3777
19.211
14.2104
24.9782
24.0017
16.5656
18.7136
19.2923
22.698
14.3712
33.2786
18.3066
23.2147
14.9971
16.277
18.1257
15.5008
16.8815
23.6224
17.2418
25.3316
26.4824
16.4708
27.6855
15.8744
17.2696
17.884
30.9956
16.7571
20.8901
22.9207
22.4824
20.8394
15.2773
29.1945
16.289
20.6936
16.6455
15.7166
21.2592
26.6875
31.9302
17.9102
16.8826
24.3954
17.6181
17.2068
14.72
28.1372
16.641
16.5787
14.3444
23.5075
16.1705
17.6851
17.1775
22.0544
24.0036
18.3836
22.057
16.8353
16.0915
20.4676
15.5658
13.4941
23.5812
18.386
28.3213
15.4055
18.1433
15.7474
19.5027
14.48
32.0976
16.3834
27.335
15.3166
18.9333
14.6935
22.4394
14.1674
17.4717
14.4556
18.9439
14.7663
14.2547
13.9829
31.5747
23.5304
24.5068
27.163
23.3385
15.6725
23.8932
18.3377
14.8393
20.5508
17.2134
28.7463
15.9178
26.1218
16.3789
15.6852
16.0843
16.2634
15.5197
19.1297
16.6866
15.8874
16.0693
14.3543
24.0473
23.3992
15.2209
23.1235
15.4618
17.1122
16.3002
16.6953
21.4339
14.7205
15.3123
14.4425
15.7524
17.1731
15.6103
28.4141
14.4657
15.2356
24.5146
14.6202
17.7207
25.1052
16.6893
14.5905
15.5554
14.7949
23.5855
13.5058
23.8875
19.6681
23.6821
15.1952
26.4998
14.8707
31.4353
17.0052
16.634
18.5682
16.5939
15.606
17.0105
17.7098
31.456
25.1453
22.8035
20.7019
16.8424
27.8522
18.9144
15.1894
19.4908
16.9895
20.1704
22.5957
16.1615
23.7877
16.8687
23.6973
17.5981
23.6057
28.4566
19.4472
22.2095
14.1962
29.0812
18.6524
29.5208
15.6408
16.5022
15.4871
18.6795
19.4479
16.2121
30.3153
19.8452
26.0277
20.7002
15.907
28.088
17.8707
25.1326
15.4199
16.3521
25.2756
14.6616
32.6043
16.2419
16.6496
15.0693
20.0228
22.335
15.2877
15.3632
16.4207
14.9643
16.0998
20.9349
17.6917
26.4704
17.209
14.9865
22.8265
15.1243
31.9551
14.7997
27.0657
16.187
26.7293
17.3375
20.5837
17.1162
12.7761
22.1611
14.3227
13.8042
15.1096
14.3957
21.4378
16.986
24.2408
16.8719
16.6605
16.5282
27.075
28.1896
26.0127
16.972
28.4488
29.3636
31.0721
29.6631
17.5103
15.0347
16.079
15.1684
13.9667
13.8882
21.9089
19.6809
14.7418
15.8708
14.3612
22.2184
14.8097
22.2716
15.2381
18.2792
27.2368
15.0136
24.3153
14.0599
20.164
14.1486
14.3058
18.4856
12.401
24.0841
26.9904
19.4482
15.3481
23.5424
16.1582
15.9742
12.0914
16.7118
34.5846
19.2884
12.9013
11.1156
13.1692
13.7264
17.0062
21.9617
15.2592
16.9284
13.2096
27.3099
19.6156
25.4456
16.9878
15.2678
22.9773
13.9134
18.3524
13.6094
12.9393
33.1684
17.0871
19.3228
14.5946
31.5733
25.7307
15.4195
22.7826
23.7721
28.8674
16.9295
24.3323
17.5977
25.9608
17.4293
15.4475
16.065
17.6898
13.0831
14.2973
15.4382
12.5318
14.3676
19.9497
13.9862
22.337
13.7277
17.8732
14.5496
15.3341
18.2389
16.7751
24.1667
15.6678
22.9531
15.6041
28.4708
16.7516
28.4623
15.525
26.35
13.8776
25.8604
15.8044
16.2096
15.6657
17.0434
18.6626
16.5943
30.0042
16.339
28.5302
18.7258
15.2961
27.855
24.0555
28.6369
22.3505
20.3699
20.2425
15.0862
19.0481
14.5888
30.0868
26.9799
15.0773
22.3151
14.6935
17.4043
17.7941
24.4276
15.5355
18.6199
17.1293
15.6513
21.7921
15.119
16.6352
24.0826
17.375
22.4975
21.3405
15.8328
19.4096
15.3963
18.3526
34.498
21.3208
30.1241
17.0064
32.9749
19.6318
28.4035
18.5419
14.0528
17.6374
14.6929
16.6478
14.5932
15.4217
19.0756
17.1684
15.7942
15.9147
15.1713
14.3363
16.0017
16.1932
34.3526
22.7058
19.4593
23.198
16.0556
30.772
18.2311
17.4221
15.2694
14.8608
14.524
19.4623
15.354
15.0767
16.28
22.7614
14.3541
15.0348
20.922
14.6909
16.4237
20.5017
26.3523
21.5793
16.8713
16.2896
15.4546
15.8317
17.4149
17.2461
19.2881
19.5966
15.7375
27.1315
18.6269
15.998
17.906
21.3189
15.767
24.9188
23.8499
16.4462
23.6016
20.6747
17.5337
16.7312
29.9612
21.1848
19.5764
16.4606
17.0425
19.7951
26.1994
16.4567
18.7474
14.6514
16.7671
16.0752
14.2021
17.4483
13.9852
17.3848
14.9092
23.8906
30.7255
19.5602
16.3588
15.1492
17.7815
23.6642
27.2285
17.3999
20.1493
30.1481
14.1156
20.5512
17.5261
15.7746
16.5984
16.5109
17.3872
28.8628
17.6561
33.4303
17.5652
18.6091
18.9392
18.465
16.779
16.583
17.2585
16.0242
22.7297
17.408
29.3929
17.6575
17.7053
15.729
32.0192
23.4245
24.3692
26.3407
17.7102
27.8877
22.8392
14.9169
16.2331
18.7539
16.4696
13.8839
16.6161
14.5986
32.4304
23.9414
15.8178
15.0982
15.1419
17.1271
15.6435
16.1433
23.9164
16.596
18.9117
29.21
18.4086
16.4103
26.2261
19.772
15.1974
19.1804
26.309
16.3381
15.1142
30.2525
15.4636
24.0545
17.8004
17.1549
14.7623
18.1166
15.6415
20.0031
14.4168
20.8156
15.7922
28.6747
17.3118
19.9168
27.6591
16.1711
15.3398
15.057
14.3541
14.1346
21.4888
14.8732
18.7595
18.551
13.11
32.1114
25.6633
15.5975
27.3461
25.6919
19.4622
17.1132
33.7755
19.382
17.6451
14.8177
18.14
15.185
27.2812
18.7996
14.664
28.5427
15.9323
18.5329
26.7375
15.8023
26.4638
16.7308
23.4094
15.7461
29.0616
14.4523
28.0096
17.8837
16.9747
28.2066
17.9799
25.6305
17.0596
23.1036
22.3106
26.7173
14.7628
15.1451
22.3221
13.7264
15.2824
16.2702
14.5633
14.731
24.6883
15.747
25.9173
14.4506
23.4063
14.2463
28.3267
28.4139
15.0231
25.7864
15.2946
18.2142
18.8203
27.2322
25.5227
19.5367
28.8477
21.8797
22.3004
15.8947
28.09
16.671
15.6293
24.2567
16.0705
22.4755
16.7146
18.2769
16.6956
15.7332
19.9828
32.8564
23.3535
16.4055
28.5253
18.2223
16.1557
31.2945
31.9522
20.9866
14.4323
24.0554
16.1024
15.2203
16.3576
14.7625
15.5951
15.1683
18.1643
18.1278
16.8548
16.3844
17.3973
32.7911
17.24
15.2523
21.9954
16.5708
18.9511
22.9958
15.6463
26.634
17.4065
20.9988
20.2705
20.5557
16.0043
28.8545
16.7996
16.1513
18.7918
22.6486
18.3592
20.0046
17.631
18.2208
15.1019
20.2879
21.0857
16.1638
19.5009
12.0788
20.6635
15.087
21.5496
19.602
18.0537
21.6919
26.6858
14.764
17.5594
21.0794
19.8927
16.5802
13.7663
20.4362
18.6751
26.6278
25.3593
19.282
19.1097
17.8768
14.3695
16.4588
23.2624
16.1844
22.283
24.2554
15.42
20.4199
14.8189
16.1378
23.2913
16.0773
28.7026
27.3811
16.7426
30.1563
17.3241
23.9759
15.9285
19.9352
15.4733
33.5243
20.4908
17.0554
17.6984
26.7034
29.3874
18.7825
16.0566
19.9425
14.4098
29.5409
16.5084
14.6395
18.8506
14.7636
15.7152
15.3924
17.8744
15.0789
29.7742
15.4912
16.0071
22.1306
20.0086
14.1838
18.2094
17.003
16.2183
16.9081
16.9228
28.8235
23.4158
19.8672
16.7319
19.0683
29.9291
16.8848
28.3972
24.5358
15.3864
20.9544
15.676
19.6725
17.9378
16.4292
17.4711
32.4441
18.5434
19.2193
15.8807
16.4414
23.2704
17.0382
16.9692
23.9036
19.9657
14.4214
17.1571
15.2961
22.6794
16.8194
16.7847
19.3955
16.541
17.255
15.6501
14.9584
15.1114
16.0797
15.2589
16.4772
23.3308
16.6053
22.1003
18.3398
16.0135
16.3273
17.5126
19.3467
17.1032
18.0308
16.0259
22.2002
15.528
16.4773
15.8158
15.7772
15.7319
16.1479
15.5338
16.1921
15.8281
27.2742
24.7538
20.4813
42.6049
20.6304
26.1478
17.7741
19.491
15.3754
20.8282
16.0574
23.4488
17.0001
13.8338
19.226
16.1307
14.3315
17.2883
17.2797
20.9042
15.4334
23.7079
15.3259
18.5148
15.9675
18.9537
15.8315
24.2235
16.1458
16.0435
25.5579
17.1274
16.7184
14.7431
16.6222
27.5739
25.3378
16.5885
15.4508
15.7943
15.3088
16.6033
15.6732
21.1455
16.6209
21.2534
23.0246
28.2082
16.5844
16.6145
14.1674
16.2935
20.3634
23.9439
22.3557
19.0164
14.4969
26.329
17.2876
24.6155
25.7719
15.2115
27.376
15.9351
32.4589
16.9346
20.248
18.5694
19.964
15.1084
15.5902
21.3727
17.0924
22.0128
17.9091
13.3882
18.5186
13.7734
14.1604
26.4165
18.0345
17.3321
13.7485
18.1963
14.3281
13.8409
15.2295
14.8038
18.3578
14.653
17.2892
23.631
12.5406
28.1097
13.6138
15.2154
16.3153
12.7879
15.4565
18.9152
14.3489
26.624
15.3926
14.926
18.3524
14.4972
28.7874
16.2208
15.3985
17.6809
18.3079
12.9568
18.0693
22.1614
13.4867
15.9106
18.713
26.4104
20.0337
18.8975
15.2164
15.7125
14.676
14.7999
21.5327
17.4759
19.1171
15.5049
25.2587
34.5687
17.0069
16.6111
14.6658
26.1057
16.0802
16.8468
18.6518
15.2548
19.3737
15.5338
15.3516
34.4105
19.3281
16.0879
14.7199
20.5579
24.8301
18.1643
23.3848
15.2045
16.9788
14.9657
15.7516
17.9527
15.7472
14.9933
14.4292
16.1671
22.4992
20.3083
16.2429
28.6072
16.1698
15.4457
26.6748
18.2886
34.7313
16.861
20.2267
16.3684
15.9745
29.4742
24.804
33.0331
19.2055
37.1463
29.814
17.7977
18.8642
20.6494
17.1319
16.4097
14.6728
20.1131
15.0313
23.0701
14.8203
21.4487
15.2801
17.4409
19.7294
25.218
26.8808
17.0279
16.8964
14.5399
14.9602
29.0371
16.1737
25.7025
16.8746
15.5197
15.4219
15.095
15.413
13.4066
16.6691
15.3017
26.6494
14.5929
31.3294
18.6282
13.7287
17.4712
14.5674
15.448
28.7393
24.7176
27.1753
15.16
16.4813
14.5264
15.3894
31.1731
16.4688
23.8013
14.7717
14.9824
12.1952
16.6299
13.2259
20.57
26.6386
23.3424
13.375
15.4517
14.3584
22.6547
15.6906
22.5707
15.0005
21.1536
20.7819
14.4591
19.768
15.8014
15.6918
13.7476
16.5936
12.1007
11.3328
12.8745
11.2882
12.6354
15.5367
11.5612
14.1333
10.1061
10.4357
12.5118
18.2143
15.7799
11.1788
21.6967
12.7478
11.8795
11.2597
11.5036
15.3992
20.5842
13.5831
20.3223
10.1352
9.03377
8.87726
13.5513
14.6352
20.4425
30.1975
15.124
19.8407
15.9385
13.9867
11.3153
10.5956
13.9867
13.5888
14.1656
13.3629
12.5433
13.5225
20.4447
14.5573
24.1258
13.8566
22.9531
13.2734
19.8887
13.7617
13.7299
13.3459
13.0027
12.151
18.4496
15.1693
18.9697
16.6138
13.9746
12.348
12.2099
17.2077
12.7216
13.7622
13.4763
11.5964
16.2201
15.1658
10.0924
11.0851
13.0264
13.9471
12.8577
14.0619
19.7247
13.8405
17.9823
14.1177
10.339
10.8245
9.54601
11.8127
9.4375
10.3319
11.3992
17.0647
10.458
16.9003
13.5801
10.8676
15.8862
11.9652
12.8049
11.012
11.8714
14.8915
13.4157
22.8392
12.848
15.17
13.9857
15.2716
16.8412
26.4656
14.8916
14.1278
18.0906
14.6824
17.2957
13.0014
19.8935
29.0852
17.3283
18.1159
20.4856
17.9788
22.3452
24.7585
22.9691
12.3966
17.5662
20.19
11.744
18.6144
14.4024
14.4858
11.1646
11.3989
12.2313
10.6144
10.7556
14.9174
14.5216
11.3512
16.3641
11.9661
11.0707
11.0659
13.6338
11.8781
11.965
10.9401
10.8299
10.8824
21.7585
19.1625
12.4916
11.9921
12.3286
10.5936
15.3755
11.0475
20.2385
18.7822
10.8035
8.58371
10.9252
9.52576
10.5155
11.2071
13.1575
10.6191
10.6705
8.77541
10.557
10.7686
10.0479
12.1122
19.9597
15.1266
11.2904
11.3981
18.868
21.5042
14.6276
12.8492
11.905
12.8103
12.7501
10.0946
17.2705
10.973
10.9401
24.4805
10.0965
21.5119
23.3428
16.1391
15.7795
14.3785
18.0014
18.2213
21.0943
23.1189
15.6058
12.3942
10.7543
26.3683
14.9361
22.5025
12.3432
16.8314
11.4224
11.4646
20.8122
17.9576
17.8926
18.544
10.765
13.6944
9.1011
15.3044
18.6584
18.0617
11.4339
15.5079
16.0226
19.8871
14.4883
21.05
19.4477
22.2286
15.9601
20.7613
14.4757
10.5812
20.0107
14.0342
19.5594
13.3175
10.642
9.12869
14.2634
11.4794
21.313
13.3697
25.7307
15.0308
13.74
13.975
19.0103
15.7776
14.2443
25.6291
18.4967
12.5933
24.9261
25.601
17.6386
13.3998
22.2037
20.6055
17.6389
15.1519
33.2573
18.5998
20.3814
18.5114
17.7192
15.5178
12.651
16.4519
17.1423
22.4931
13.2736
15.8009
12.7096
13.604
15.6236
13.7683
14.2938
15.2075
11.8458
13.8828
13.9519
12.0203
14.143
13.4435
24.007
13.1977
11.9596
14.288
22.4798
13.3305
11.7732
20.128
16.5167
21.0834
21.1135
17.8267
11.825
16.3328
21.2088
20.0776
16.5859
16.2987
18.5658
11.9692
20.0846
25.5207
19.9542
22.0475
14.989
16.9754
15.8373
22.7425
23.5471
21.8201
13.9418
17.284
15.1162
14.2035
15.373
15.3484
20.1199
22.2901
15.012
19.32
15.9002
11.7743
16.1065
13.2255
15.3628
22.3714
19.4801
25.2383
12.9134
15.3781
16.3811
22.7222
18.0468
13.0656
11.7935
24.3753
16.4116
17.2336
22.6897
11.8357
11.7718
12.455
19.4675
15.3127
12.0868
21.321
16.7151
14.258
17.8183
16.263
13.6475
20.6664
16.7331
11.3264
16.5933
13.0017
13.0462
14.859
14.6846
13.435
11.8298
16.3474
12.7889
12.4712
21.0065
14.0611
17.0997
19.3188
21.9683
18.1384
15.6548
14.9947
11.5693
14.941
13.972
10.7886
11.9405
20.7662
12.6231
12.9806
10.5833
9.01673
9.52185
10.868
20.4433
9.9201
19.7288
14.1129
13.7796
11.5379
12.7422
15.3722
18.3398
15.2495
26.0411
20.3704
13.6043
22.7228
17.9029
16.2437
20.7008
13.7114
20.2385
11.9273
12.9403
19.3951
12.9512
11.8712
9.56822
10.7995
13.638
10.2071
13.8728
11.3864
10.7334
10.3424
9.76528
15.0051
17.5859
11.3695
15.3164
12.5823
13.165
18.183
15.109
20.1836
11.4305
13.1725
15.6842
16.8836
17.7636
11.0708
10.3958
12.8906
10.9551
10.4881
13.5376
16.0256
13.4525
14.9102
13.1378
14.0407
12.8447
27.745
12.1331
15.516
12.3119
14.9691
14.8648
13.3227
22.1908
14.5925
20.9283
11.828
20.2178
12.6787
21.5004
27.237
14.1586
17.6563
17.0532
13.2157
13.4448
18.742
14.4832
20.2521
12.5053
21.7889
11.3086
22.3492
14.6157
14.1189
11.9602
15.9159
16.1385
22.7525
19.2617
14.7523
34.3488
16.3866
16.2422
14.2787
11.0453
23.9684
13.951
15.9776
12.4931
16.7577
22.5705
10.6192
14.9745
12.1356
15.4642
11.2654
20.6216
11.6216
21.5763
20.9841
17.3892
11.5071
13.1297
20.8716
15.5128
12.0394
17.3971
13.6683
12.1478
13.5337
20.3901
19.6512
14.4585
11.9688
15.9184
12.6949
16.9154
13.8542
29.8072
17.7996
25.4847
15.2754
13.2784
27.7409
13.4084
17.7189
28.7766
17.7351
31.2411
15.5624
14.4348
20.5141
12.5469
14.5308
11.9234
11.8243
10.7651
19.7262
12.3539
19.1487
24.4052
17.2082
11.1641
18.4283
12.2512
11.239
19.8549
11.2746
21.4721
13.7509
15.3364
15.0227
17.2153
12.3319
14.7703
16.9358
9.98864
20.0367
13.3606
13.2333
12.9658
21.5919
12.0185
18.6388
25.0268
13.453
21.2357
20.0481
12.6685
20.2708
12.661
12.9544
15.4413
18.1958
15.8104
10.9946
14.3076
19.8426
21.1384
13.4006
11.8799
13.6504
22.9308
15.5281
24.1163
18.6186
13.6146
14.7843
27.5074
13.4824
13.6076
14.1336
12.9821
16.1202
22.5959
12.5748
17.9746
14.371
17.7865
14.0521
24.1137
22.9991
27.0193
24.5127
14.557
25.8798
16.4908
18.9605
14.5981
27.3635
20.9838
20.6678
23.6301
14.7878
19.417
11.6103
17.3759
22.4213
12.4698
23.344
16.9922
24.84
16.4667
28.5209
16.2753
17.3407
13.8035
18.5464
12.9844
24.1828
16.8121
14.6207
12.7097
13.7358
10.6015
12.733
23.2111
16.3716
15.1397
14.4995
9.93292
14.8112
11.1755
10.5188
11.3198
11.8749
15.0627
19.3529
13.7474
15.5154
21.3012
13.9575
16.1437
22.2195
13.2841
21.1184
19.1332
21.663
19.2452
9.98719
19.9338
17.9884
17.7085
20.2768
17.9049
11.053
11.9694
14.6731
12.4409
14.0666
15.739
16.0042
10.3484
14.3853
11.415
11.4791
19.9658
15.1735
13.1896
24.7553
15.2589
15.7881
19.573
20.7154
13.4809
18.8384
14.1386
24.4515
15.9016
15.796
14.2479
18.6562
15.1984
15.0947
13.3206
19.4114
13.8902
9.81952
12.3177
15.8498
11.2072
11.5895
13.7006
16.5101
17.6669
11.0484
21.081
11.1881
15.1243
16.6611
12.6963
19.6028
14.9843
24.0823
14.4622
14.5205
12.9214
24.4037
14.5654
11.2346
16.7835
17.6208
14.9932
11.657
9.76776
13.1594
16.8822
22.3861
13.986
23.2714
17.6567
13.5388
24.3475
19.5433
14.7995
12.4104
20.6924
13.9634
24.6639
17.6198
18.9022
14.6109
12.3863
23.3253
17.9077
13.4331
12.3359
22.9507
16.0589
12.5988
13.0863
17.1321
20.8282
12.9447
22.6668
15.1477
20.1425
15.6257
16.5186
25.1928
15.8238
14.606
20.7568
11.8737
19.7034
12.7342
16.8344
12.2706
12.1088
12.9723
21.486
13.3042
23.6186
13.6075
13.376
16.6646
13.6693
17.548
14.2148
13.1507
14.4044
14.3714
11.9557
13.0139
15.6814
11.7045
17.6883
18.0908
22.269
18.6928
12.7993
13.0977
10.2244
12.9501
11.5691
12.6919
17.725
12.1498
22.9845
10.5918
16.0856
12.8641
17.1846
14.7633
12.8155
12.8477
10.3747
10.9332
10.7584
10.3119
17.2983
12.5677
13.4324
17.2787
30.9771
21.315
18.193
15.2315
13.7783
12.1802
13.8586
19.8526
18.2824
16.0889
12.9584
13.4206
11.0801
10.1747
19.6484
12.215
12.4535
17.2875
17.2261
13.579
22.0895
11.726
14.5007
11.8872
11.8061
13.2696
14.8284
10.9105
11.7555
19.6535
9.88284
11.8356
13.4857
11.9643
11.3077
22.3749
26.8351
15.1283
22.6155
18.0699
22.3368
19.5845
14.0194
16.1559
13.6275
17.2035
13.6287
13.8977
11.4895
20.8549
13.0614
12.7639
21.1638
16.0187
12.7824
30.1279
14.9769
18.5271
16.3628
21.8892
19.5996
12.9228
14.4721
11.9767
17.5291
21.0815
14.5235
22.786
13.2623
23.189
15.4069
14.1345
15.8375
14.1047
18.6756
13.7218
17.5534
13.9393
23.7866
13.7827
12.4224
13.2929
11.1464
26.0934
16.0653
20.0216
15.6063
20.4822
15.8209
12.2697
22.4618
13.602
12.6117
11.9895
11.0224
22.9343
13.3761
23.0082
17.6677
21.0587
23.0068
12.6437
13.9582
14.9085
11.2512
11.8274
15.7578
15.8154
13.6701
14.361
18.1929
22.3608
13.6915
14.4849
25.9631
13.5813
21.9198
13.2262
28.3094
16.6507
16.0849
20.0914
15.1873
22.3702
13.663
26.7512
18.1968
20.2044
12.0373
12.5725
12.8057
11.2712
14.3769
10.949
10.85
11.8267
25.491
10.3636
19.9293
13.5884
10.9146
12.9837
12.8362
14.9731
11.8781
12.1062
19.2583
27.8408
18.6045
18.5994
20.4419
19.1959
21.3266
20.9047
12.9239
13.0801
15.6262
22.0753
13.3796
22.4283
17.2342
11.9694
30.6036
15.2019
16.1851
18.6001
11.8826
13.5497
26.5947
22.0969
21.7174
19.1536
23.5915
14.3339
23.3226
15.986
19.5771
22.2532
15.9438
11.684
16.1333
12.2921
21.2159
16.5121
12.9123
13.0362
21.7957
13.9186
18.1815
23.534
11.3914
11.5605
10.7702
18.0551
22.2803
19.358
15.3061
27.4222
17.4675
12.2184
11.746
17.4994
17.9628
18.7695
18.3782
12.4531
21.7677
17.389
13.0272
13.8193
20.3458
10.9272
15.8253
16.8784
21.0487
19.3378
21.0074
15.9366
22.3182
21.6434
21.3477
20.2848
24.564
14.3296
22.5575
11.7217
13.2658
13.4169
21.7574
13.742
21.3077
14.9245
16.5636
19.6498
12.8226
15.1201
13.0792
17.0994
12.2226
13.7814
10.8133
13.7422
16.1237
15.0856
20.9439
18.5131
18.4271
13.9643
13.2686
19.4532
18.6694
13.2801
25.299
15.4242
13.5073
19.9792
12.076
15.1245
18.3863
13.2161
17.3234
35.1599
16.6465
24.2824
25.5861
32.5716
15.6603
28.1148
22.9382
18.9487
13.4267
13.4431
20.1827
19.4822
19.7637
23.1456
21.1865
13.3937
23.8153
18.4827
15.4398
13.6379
14.4794
11.4132
15.4553
13.4218
13.3734
16.693
15.5479
15.3492
21.9932
15.0988
14.302
14.3031
24.9846
15.0926
13.2885
19.6058
13.8867
12.5989
17.7521
14.3418
12.7032
12.9765
16.9101
18.711
17.5982
20.8205
18.4744
22.0181
18.1041
15.1935
12.5817
19.2976
12.6029
25.2839
16.5106
16.9188
16.5914
23.7915
14.0995
21.5487
14.3864
22.6334
14.5579
25.5947
14.9842
22.0145
14.6636
19.0538
13.5913
13.0164
23.3344
22.3585
17.078
20.2021
17.1987
12.6383
15.5488
16.3059
14.8616
12.988
15.6312
21.3332
21.3361
12.7318
19.7655
26.7715
29.3139
17.7608
21.1842
15.0965
15.3484
19.2273
34.1129
21.8665
19.9588
23.6739
14.7336
14.512
12.606
18.1708
13.4857
20.5611
18.1686
25.5523
26.0025
23.6243
20.4332
15.2216
22.0355
12.9687
14.0486
16.7763
16.129
23.47
14.8895
24.0584
16.4549
23.1102
23.4987
25.3656
18.5774
15.2096
20.8623
16.5727
12.7924
10.7808
16.4375
22.6829
13.1995
22.1706
16.4978
13.329
16.9124
14.4881
13.6984
17.0829
17.6672
12.6954
21.797
23.2904
27.1558
15.8159
13.8599
25.3817
20.9573
12.5454
12.2995
23.5767
17.6798
21.9603
14.3241
14.1465
14.1026
22.0028
20.1336
18.8822
18.0397
15.9831
14.9465
14.4946
11.957
13.9836
20.6228
14.7994
11.0167
13.3852
11.6766
15.569
13.3205
14.8295
13.7554
19.072
13.3723
26.0927
20.9592
24.1062
16.626
21.8583
12.438
13.731
15.7512
17.7934
13.925
13.0634
20.9063
14.7216
18.1013
24.9597
23.4538
25.7303
16.3653
15.569
17.8771
25.6066
14.1934
21.0762
14.1197
10.7191
22.4493
20.5874
21.7772
21.1773
12.3168
16.3881
23.4816
19.6995
27.5332
14.7956
15.9493
13.1812
9.94458
23.5045
18.4033
21.0079
15.0815
21.9682
11.1954
15.3743
22.682
15.6913
20.4843
20.5659
14.7068
23.6488
13.5362
15.7177
28.4052
16.9149
16.9458
16.8172
26.0035
17.4599
15.0997
14.4948
12.9972
15.6284
12.3917
14.8143
15.6976
11.0647
13.542
12.4341
11.6088
21.7782
15.0683
13.951
14.1955
22.7416
14.87
20.7681
19.2074
20.1933
22.043
16.6359
13.2755
12.799
17.9471
13.5781
13.3151
18.7614
16.2466
13.9034
23.6577
15.8378
20.9938
12.9623
13.3827
11.2442
12.9498
11.5763
11.9199
13.3935
11.5876
23.9634
15.3062
14.9414
26.721
16.5129
14.6173
12.4789
16.3008
11.0464
10.271
12.2165
20.8648
14.1091
13.9496
24.982
16.4899
17.4159
12.2965
21.2713
14.7025
18.7175
19.1695
20.5638
16.7859
22.2264
21.6415
14.4093
14.1193
12.4918
13.1253
25.1546
19.9821
13.5625
16.7931
14.3728
19.4594
14.3721
11.7767
17.3565
17.7635
13.292
16.5507
11.0858
12.1758
14.4406
20.1268
11.6519
10.7576
19.1105
21.1232
18.3528
23.2648
20.6304
13.8788
11.1099
21.3949
17.5827
11.224
14.0298
11.8293
15.8831
19.4962
14.2205
19.9781
18.1617
14.4794
10.2302
17.8015
17.4288
13.9241
17.4032
11.4907
16.0039
15.468
16.4482
14.0098
19.8833
14.3119
19.0995
19.6404
14.9991
10.8627
13.0529
15.6037