23.1042
20.8337
21.5036
12.5381
10.3197
12.3536
10.6888
13.0887
16.2185
11.9133
21.9124
12.3725
22.1189
12.9033
12.6975
11.0108
14.9794
13.193
13.2
11.5633
13.2897
12.5482
14.269
21.5943
14.5774
11.1606
19.6831
12.3797
21.0596
17.7672
14.7196
18.5281
20.9903
21.1776
12.3972
17.2318
15.1807
21.4952
15.1991
13.5936
23.2625
15.0031
20.7789
16.11
12.9757
24.7535
19.8026
14.0103
12.9301
11.5008
14.7064
13.4509
15.8113
14.3418
12.8623
12.2874
15.7021
13.6092
10.6182
11.6903
10.7928
20.0141
12.4498
11.9604
14.2124
22.5421
12.7595
12.4093
23.5646
13.1402
20.1333
12.8823
11.9732
13.9682
13.7596
18.8252
17.2822
17.7069
18.5306
12.047
16.2788
19.0011
11.4179
14.2655
12.4368
18.7574
13.1853
13.8472
11.7638
11.9239
16.9848
20.643
12.8539
12.1626
18.482
12.9935
12.6946
15.9879
15.5005
18.3126
12.7747
13.7159
11.0166
20.634
14.0033
14.1134
18.0309
12.8568
16.6362
11.422
18.1709
10.3763
24.6053
19.3208
14.1669
12.692
13.3655
12.618
21.3536
21.6611
14.8523
19.6604
15.5682
23.8586
14.4865
12.5074
14.1792
13.8144
15.9852
19.2557
12.1025
21.1384
12.1668
18.4011
12.6241
18.5221
15.0019
21.9892
18.987
23.4885
12.7732
23.3184
20.1571
20.2516
11.8909
17.1594
11.3262
13.909
23.4724
12.3008
22.391
13.472
12.9522
12.1983
11.6697
14.0409
21.0799
11.5562
12.7225
12.6234
11.6889
20.2478
21.658
12.9345
12.9613
20.9635
8.71296
23.2818
10.5744
19.4832
12.7951
21.0059
10.9731
23.36
15.6166
17.8327
16.0617
17.1711
12.8014
16.4382
15.0351
19.999
18.2861
12.5242
12.1992
14.6253
19.2712
15.1335
12.5312
20.2383
19.1475
23.3011
14.7571
17.3046
15.0048
21.4943
16.5959
15.6944
12.0867
14.5789
17.9319
13.2961
11.9814
12.0346
18.0927
11.9728
19.63
24.993
17.8504
15.4473
13.5159
19.7862
12.4138
14.0159
19.9094
15.6602
12.7488
15.2526
14.0394
20.17
12.3893
16.1841
14.2523
18.2827
14.5233
10.4408
19.2577
12.2698
12.0501
23.3815
15.4976
18.2123
12.9244
22.2015
14.8199
21.1019
16.902
13.0718
15.9134
16.8588
12.16
24.8189
17.45
23.634
15.7566
17.075
20.258
13.1783
12.0362
12.5367
14.5236
27.5666
21.8305
15.275
13.7131
24.9044
14.6027
17.9073
19.6832
14.5237
22.4195
23.5918
15.0103
12.8863
14.0674
14.4049
13.0166
26.4198
19.1899
12.809
13.4057
22.3867
12.8274
17.7768
12.1819
12.5224
15.1624
11.0315
13.9006
19.7095
12.2685
14.2999
17.6777
14.1697
24.4846
16.5204
20.1663
14.3249
17.5648
12.6003
18.5106
20.5226
22.4762
14.9282
21.4826
17.0938
22.5221
15.1174
10.6993
15.9164
13.4538
16.7577
19.023
13.0256
16.7159
12.3713
11.8936
11.6016
14.5666
9.72185
22.4842
18.8099
20.8637
12.4139
21.0969
15.8188
12.8899
11.8113
14.4587
22.9851
14.9567
15.9215
14.2915
29.0802
15.3483
22.2149
21.3742
19.8044
14.9181
21.9113
25.6279
15.3168
16.3827
14.3707
25.527
17.5088
14.6955
11.1116
20.2706
10.7178
19.7683
21.448
15.5494
11.3077
26.8433
16.0681
12.3704
10.7645
18.117
18.9816
13.716
11.6505
10.4187
13.8221
14.4725
10.7402
14.5981
12.3747
10.5733
16.1194
22.6704
13.3559
21.4589
15.6295
15.6819
19.8808
15.8936
14.5246
12.7282
15.9387
17.3331
15.6444
16.3375
23.6369
14.339
30.0121
15.4414
15.1118
9.79909
12.2137
15.3994
16.8386
21.0801
16.2816
11.9638
14.9794
15.4928
22.0837
16.5838
16.7393
11.2231
12.9796
12.3117
13.4186
12.7427
13.6104
15.8104
17.2588
13.111
26.5139
15.2341
33.1339
14.6082
14.9193
13.5106
18.4728
21.215
20.7117
11.7848
11.4367
13.4132
20.9783
12.4539
19.0129
22.6237
20.1921
14.5311
20.5168
12.8418
12.0136
26.332
14.1136
13.0132
12.2926
21.7834
18.3254
17.1755
16.9262
13.5029
12.5162
10.2602
11.86
14.4366
13.029
13.2305
11.4694
12.3524
19.3021
11.7686
18.2483
12.5856
10.0655
13.6286
14.9485
19.0411
16.7827
16.8142
20.1635
13.4277
12.976
14.7078
12.7894
20.4417
16.9757
12.1928
15.4228
13.2709
25.5884
25.8735
16.5479
14.0713
16.9612
14.5114
15.0479
23.811
15.353
15.415
16.965
16.2653
21.8333
15.3158
15.6935
14.0627
12.1942
14.3914
14.8299
17.1134
10.3938
14.9356
23.7347
15.3765
16.5439
14.9388
14.6249
10.0802
11.2943
17.3006
18.4084
13.4155
20.8836
16.9748
21.93
12.8496
14.6629
17.5198
10.0108
25.2037
14.4857
20.2667
20.7231
17.7994
21.4259
12.8182
15.7858
24.7419
12.7987
14.2826
17.6301
18.7632
14.9293
12.1183
20.7785
12.6933
24.1462
27.8988
17.2398
11.4924
11.9917
12.869
14.4144
23.5524
16.5631
13.6078
23.8763
16.5964
24.7279
15.8298
27.106
15.4421
11.7186
23.5149
19.6882
12.2243
12.5724
13.5214
16.393
12.8636
11.8761
20.3541
15.9542
13.7599
19.0332
21.2108
17.9209
13.0482
28.929
17.3834
17.8386
13.84
11.6613
14.8785
20.8931
19.4645
17.7652
19.8849
15.2264
12.0827
22.746
13.9972
11.8024
10.0959
11.3802
10.9046
11.6241
15.8197
13.483
15.8299
19.3929
12.3935
11.3907
22.0383
12.9681
12.396
11.0523
22.7917
12.9954
12.1331
13.2789
12.3078
22.1055
14.1157
13.9695
14.0145
15.0793
19.9423
12.8648
11.8258
13.042
17.7506
16.4317
15.7876
24.1107
16.4731
13.5571
17.0295
24.6473
21.187
13.103
28.5476
19.8817
14.2225
11.1085
20.7953
10.9358
29.659
12.6268
18.213
11.6954
29.1545
25.2238
17.078
13.4628
13.2027
23.7658
12.5154
13.5433
11.9534
11.4762
17.4265
10.3087
18.9303
14.6475
11.7505
15.9957
16.429
10.7257
13.0517
11.9324
24.3163
20.6172
14.3256
24.1201
22.7446
21.6716
21.4503
16.727
20.8426
18.6438
12.4852
12.0769
22.2003
12.9645
17.5432
11.7988
12.2856
17.8269
11.5859
10.7892
15.0146
18.301
23.673
15.8761
16.4356
12.8378
12.3677
14.7672
26.9265
15.4408
13.643
22.4363
11.9796
26.2294
20.2935
16.7733
16.4389
12.3068
17.1341
13.5896
12.3577
19.3963
12.5441
16.1159
15.1539
18.6332
20.7699
17.1958
17.0473
24.2449
18.1031
13.6782
17.2317
17.847
28.6777
17.5855
16.0407
15.6518
20.4884
19.6865
17.942
12.1002
19.3723
13.5087
13.2787
23.152
16.3908
16.2329
14.1726
15.088
13.3892
21.3606
20.757
14.6751
15.7202
10.2026
18.7003
13.1378
22.6977
17.147
20.9895
13.0736
15.399
10.9509
26.1098
22.2341
18.7322
23.9733
24.0762
24.2397
14.9776
23.5243
17.3662
20.6174
21.1476
14.0801
15.2046
17.0777
16.4471
23.3825
14.7142
10.8349
14.7412
20.0227
12.7031
19.8351
20.6191
18.4484
13.6071
15.4142
19.6656
17.7341
14.3112
17.3961
13.4686
12.6671
12.5985
12.1047
11.9602
11.7359
13.0807
18.9322
21.5884
16.8711
10.7567
14.7014
17.9801
12.9505
15.1037
15.2001
12.434
20.523
18.7864
23.6097
14.3681
23.78
13.1798
12.2444
13.4372
12.3321
26.8146
17.3414
13.9584
20.2524
15.93
15.4422
12.0454
12.9294
13.7177
25.5615
13.9008
14.3158
23.9596
13.3776
14.2507
8.59483
15.2308
13.6999
18.8642
12.2054
28.7293
17.2235
14.4213
12.5397
15.0586
12.366
14.8919
14.4351
15.8056
12.6243
11.2835
24.821
14.9775
21.2911
21.4562
14.7943
19.2808
12.2892
13.2941
21.1349
19.7682
13.014
12.1027
12.9966
17.564
11.5575
23.7704
16.2457
15.62
22.3914
17.7817
29.0157
14.0669
14.3786
13.5933
12.7031
15.4964
22.9788
22.6126
12.235
19.6069
12.8409
19.1387
13.7884
17.1264
11.4517
19.0375
14.4014
14.3234
12.7322
20.372
19.3691
15.5066
11.6927
12.1991
19.0923
15.5252
16.0213
14.0581
11.6219
10.9647
14.6972
13.8778
21.3932
12.0259
15.0062
18.2615
28.0079
18.4564
24.9749
16.5701
30.261
18.8115
30.5687
15.2799
30.628
18.706
14.8895
15.7323
19.5256
24.0801
12.8663
25.0224
14.7032
22.6967
20.1414
13.6327
12.2502
12.5347
11.59
11.7909
12.4754
20.6359
11.518
15.9181
13.6843
13.6635
10.8114
17.8159
14.3377
10.5516
12.0129
10.9915
14.8313
11.2395
22.1048
12.7518
18.8906
13.8468
15.7226
19.4253
12.9147
19.2577
12.8037
16.4716
27.084
21.3153
16.2543
12.3729
31.7841
21.5847
12.2361
13.0762
26.8675
15.2045
17.4658
21.6121
11.1384
15.1203
12.6824
12.076
13.9753
13.602
11.6726
13.8106
10.979
12.8269
12.1972
22.7542
11.8348
17.5576
16.0369
10.8948
10.1008
16.5537
15.3912
21.3842
17.1653
12.2505
11.5101
21.1691
13.4907
21.4635
18.6464
14.4256
23.6506
14.4413
17.6567
15.8216
24.7845
18.756
18.1092
12.7638
13.9163
12.3363
20.3539
23.9646
15.1212
20.3529
15.8182
10.32
14.0048
10.6309
11.4138
16.9738
16.7292
15.3222
12.3934
11.1541
15.0587
23.5881
21.8026
13.6348
14.4479
21.7048
17.9556
14.6754
15.1247
13.832
24.4603
16.2064
12.6319
15.6032
11.2035
16.1638
16.4234
17.6391
14.1795
17.9927
33.5458
17.9746
15.6109
16.5967
13.9012
13.4637
12.8964
16.8897
13.1443
13.9798
17.2877
13.2272
12.2193
21.9448
17.9922
16.4729
11.1987
20.841
19.6978
13.1624
13.6864
11.4623
23.2676
16.2963
19.0056
14.4996
11.9534
13.2166
18.9237
11.4254
18.3326
18.4039
19.0113
12.6724
18.7321
9.1961
22.4205
16.7132
16.4803
17.7446
13.3345
15.366
19.2145
20.2285
28.6047
16.1501
16.6199
19.637
14.0762
11.8187
12.2952
19.9653
18.0817
13.6227
19.2344
24.1788
12.046
20.4066
20.9751
13.8642
11.6322
20.4711
11.2038
15.3932
12.7417
13.1496
22.5513
20.402
23.18
15.2591
21.4288
24.5429
25.9007
13.3657
22.9463
12.4994
21.2711
18.2117
19.0601
12.5852
16.2597
17.7322
13.4125
20.3562
13.3688
14.6915
13.6698
13.2159
27.709
13.4474
14.4015
12.3109
12.9577
11.9
13.6901
25.0033
16.9696
25.921
16.2553
21.5848
18.4229
11.5451
30.012
20.505
12.155
12.7898
23.0056
15.5344
24.0158
21.3291
16.7271
14.0735
17.7442
14.0879
12.9039
13.685
23.1401
21.5196
22.6286
14.3204
22.1021
21.5264
14.2737
12.6261
12.6335
19.0637
14.0415
14.2201
23.5558
23.1303
19.3631
25.2511
14.0173
15.494
16.8461
12.3161
12.4182
14.3133
26.0899
14.5216
22.7356
12.6095
15.3273
13.9634
13.3594
14.5637
12.5825
11.5452
23.8182
21.513
16.0498
30.0065
13.3943
16.9548
17.3884
13.3485
27.2772
22.671
15.5089
18.4426
12.247
27.9104
13.5761
20.57
19.3082
14.7497
22.1807
14.8442
15.6298
14.1084
22.2907
13.9538
13.2755
13.1457
11.8013
18.1306
33.0304
14.3275
20.6531
12.5505
22.0171
21.8512
12.6266
17.6729
20.478
19.6284
12.6119
12.2027
11.8722
13.2923
12.933
13.7063
16.4442
20.3234
24.2018
17.0704
18.7308
27.4329
15.864
13.0393
21.3439
13.4365
17.097
11.284
12.9586
12.2592
10.8262
13.2072
15.7426
11.3525
15.3789
25.2113
19.547
14.1447
21.2605
13.5358
15.1364
12.1837
11.6888
21.5751
12.7173
16.9251
22.0668
16.8066
13.9094
25.1807
13.2127
15.8324
18.6576
11.206
13.8761
20.8459
14.5283
19.1483
11.5281
16.7967
17.61
12.2152
14.9354
15.5242
16.1072
13.2729
23.3412
13.6538
12.9454
24.285
12.4188
22.6891
13.2194
21.0143
13.7933
15.5549
14.7842
13.2597
12.615
21.3873
20.9611
14.6511
19.3928
11.7588
12.4258
24.7695
14.446
15.7233
18.4994
13.9233
11.8331
11.9575
13.5829
11.1657
13.1993
12.0559
16.2556
24.4174
15.6725
14.466
25.5793
24.5398
14.251
17.1213
17.4976
22.0594
13.6378
22.2529
17.2651
16.1974
25.239
26.8286
15.3075
21.0221
12.5619
23.8556
21.7525
16.7472
20.7297
14.1747
23.1533
12.6136
14.7865
15.621
13.4945
14.7397
11.4411
12.4527
19.8225
13.6604
13.0061
11.9226
20.765
13.8736
14.253
16.6061
23.4678
30.3539
24.6437
12.8524
15.0321
21.6642
12.4988
12.3916
12.0382
17.4867
14.1389
18.1193
19.8622
13.7784
18.1782
12.7723
17.7493
15.3448
22.7812
14.3507
27.1078
19.653
12.891
20.0873
23.1162
19.0152
14.097
11.9493
16.7087
22.5663
13.8488
15.428
18.9093
13.8474
13.3058
21.5891
12.8462
15.1743
20.5734
13.9797
12.1723
11.4438
9.96762
12.4532
11.7627
14.5331
10.7233
24.7515
11.309
13.0707
12.4589
13.1629
22.5581
15.8355
20.511
12.5032
11.5297
11.6658
14.2592
11.5298
23.2085
12.5847
11.1163
13.1493
14.1787
14.8922
23.3434
13.8301
11.641
12.1494
13.7053
28.9683
12.1585
12.2245
22.3135
17.3207
23.3725
13.7128
17.5546
13.7914
22.24
11.4945
17.0366
10.2288
20.4614
25.6123
26.2173
17.2129
15.904
16.0012
10.7745
21.8489
12.3701
14.2399
24.458
12.9802
19.6109
14.1994
11.1748
14.5716
11.8263
12.4688
15.1526
12.1057
13.4666
11.7209
15.9126
12.0185
22.924
23.3235
14.585
30.8964
17.842
26.7374
15.4852
23.802
15.8876
14.3075
21.5017
14.2308
11.9391
12.8336
12.4087
14.9748
12.1033
12.8481
13.6826
12.9626
19.3858
13.0921
12.865
27.3221
15.1964
12.7353
15.4448
13.1912
14.6635
10.7164
17.0018
11.5538
16.1837
24.8414
15.4289
17.6839
18.946
13.0418
15.2778
16.2412
14.7098
11.2459
14.8712
16.9157
21.8532
14.6392
21.7454
13.9438
14.0969
11.7875
10.2357
19.2986
16.4875
13.6211
14.3698
9.89404
9.80986
10.7438
9.43316
10.3381
11.1945
14.1596
11.956
19.1895
13.453
11.8795
9.45268
11.9059
14.517
14.356
17.7236
12.253
17.8297
12.5302
13.9083
14.6878
9.97871
18.6842
13.5054
13.7309
12.4242
19.2021
13.6545
22.3144
20.223
20.2666
13.9467
17.6744
11.8857
22.5181
15.5301
18.8594
17.7171
13.7625
16.8592
11.8195
14.3086
20.6954
13.5902
20.112
15.0477
20.5166
23.6415
13.2481
19.078
19.7541
13.776
21.9125
21.4984
20.8372
23.4103
16.1381
10.8443
10.5154
21.3838
15.0795
15.5793
12.2166
11.7699
12.3258
16.9183
25.4795
12.8764
13.5733
19.5667
23.8925
14.5591
23.7982
14.4669
13.149
19.2532
12.1841
13.2975
12.4116
17.6907
15.1681
12.6612
14.261
16.0299
12.5012
15.6872
11.6721
18.1151
13.3974
18.0513
14.2895
12.8177
18.4544
20.2228
20.5896
16.3956
18.2096
12.2785
12.459
23.0351
14.2233
22.6909
11.5962
27.3941
13.6626
9.58846
10.5606
9.16366
9.26985
20.9
12.7149
18.8467
13.5694
11.5709
11.7833
16.6548
9.75583
19.0912
13.4178
20.1385
12.4966
15.341
15.7363
17.1216
11.5414
13.144
10.756
20.2264
11.1936
16.9866
15.9533
12.3404
10.8793
12.3212
12.2717
16.6262
13.8813
14.9161
17.1574
14.2851
18.2535
14.2203
25.7882
18.1266
22.6227
21.3803
20.9878
14.2825
20.9829
19.2036
13.6397
17.1522
10.8326
13.1675
11.8506
11.3745
10.8624
23.0165
13.2234
12.1226
13.4397
13.2605
13.9772
10.2582
11.3755
23.001
21.7384
20.6145
11.6065
19.843
11.7994
11.198
16.9486
10.3795
17.9496
13.1983
11.2909
11.5775
10.8771
23.0032
13.7103
23.7992
12.39
14.7302
16.5332
13.1456
22.0619
15.9457
24.0547
24.2377
21.1824
16.9559
23.9582
15.6124
12.6745
16.2141
12.9757
12.3813
14.5964
14.0019
11.3916
19.1119
20.5169
19.4977
16.8942
13.0259
16.64
11.8284
12.312
18.1978
10.7346
24.4969
14.3751
22.1353
12.8941
12.8942
22.5554
13.082
12.506
12.1182
13.0292
21.8492
14.964
11.8315
12.9182
13.6925
13.765
17.4882
19.0497
19.938
14.3542
12.2028
22.5006
12.0255
12.4935
13.3293
12.7095
12.1309
12.7583
21.0386
23.5691
15.6838
13.8003
14.595
13.9935
11.926
12.7214
12.7422
14.9843
10.7095
22.8716
15.4722
22.491
13.6873
20.5706
12.344
15.2267
10.0915
21.256
13.6135
15.192
11.8236
23.036
22.0753
19.6313
14.4886
17.999
14.9313
12.2029
13.0141
14.3167
22.4668
18.4389
12.5059
21.0088
14.4448
19.9251
13.93
20.9042
13.458
13.3826
13.2312
11.5305
11.3818
18.414
22.5194
16.7103
12.6831
23.4693
24.9233
28.2655
22.9753
16.9861
23.3194
17.1914
27.8157
17.2674
35.9393
15.3951
22.4724
13.9245
31.8444
12.8541
15.8261
13.7677
14.3612
12.4849
14.9314
13.2173
26.4493
30.0239
16.709
28.2782
19.0415
24.9209
17.6063
14.3782
21.8264
14.3548
15.7872
16.1989
15.1309
16.4563
16.0457
22.8496
15.9667
18.1544
15.6155
21.2522
23.9144
20.5661
14.2136
19.2331
15.9008
15.0042
15.501
15.6089
21.4886
15.1489
28.2607
18.2402
18.4066
17.8468
22.1477
15.349
18.2244
27.1046
17.4147
20.3885
16.1198
17.0395
16.6551
17.3646
32.7661
20.9035
32.9613
20.061
22.0131
16.1013
17.865
17.1442
20.5123
27.3459
18.858
30.8892
25.9883
27.085
25.0641
22.2022
18.0793
21.5242
23.7926
16.6798
14.9636
17.4741
23.8045
23.8157
18.8537
18.8909
17.8727
17.4705
15.5287
17.859
25.5258
27.3753
22.3949
19.413
19.9842
16.3087
17.1358
23.6794
18.7464
27.6523
16.8852
29.6958
27.5343
16.9957
29.136
20.7721
16.2738
32.2924
18.8603
19.4712
15.5906
26.5584
16.4086
18.6449
15.2543
15.7786
22.728
16.5165
19.6701
15.2405
16.0986
19.3846
17.9031
16.6097
21.6439
15.6966
36.4535
19.0693
16.283
28.1059
18.9188
25.9142
27.1501
21.9399
14.1114
16.7406
33.511
24.7041
15.6933
14.0759
27.6834
14.6535
25.3303
17.677
22.8382
15.4686
19.7104
16.3379
19.7502
17.5204
19.6597
31.8682
18.5529
24.865
16.8362
26.0001
26.6218
16.0194
20.1993
22.5532
16.7104
15.5783
14.9557
22.612
13.8379
15.2147
15.8169
13.969
15.1331
14.1376
16.8652
20.3841
19.7819
14.3503
26.8518
25.2594
19.8695
17.4713
16.3497
14.3239
14.0754
17.8871
24.4282
17.4761
13.5798
15.0654
25.5011
17.4066
24.6871
14.7746
23.5873
17.0597
13.676
16.8549
19.4981
17.3781
25.6037
16.5304
27.455
31.7601
19.0359
28.8643
22.5958
15.6936
32.5078
19.0155
14.7707
11.3602
23.2963
23.6458
15.6781
23.2387
16.5428
13.5978
17.8563
13.6518
15.0612
14.3172
21.078
13.7132
20.3844
15.2354
14.9075
20.4714
18.8165
14.6747
25.5496
14.6182
26.6177
27.6326
17.6051
21.1582
17.6616
18.3011
14.4271
24.958
26.5714
17.6604
24.9099
15.786
24.0378
16.7012
18.477
25.129
17.4133
21.8608
28.1636
16.6527
16.8454
18.925
29.2599
14.9456
24.5639
15.5903
21.1821
15.6372
15.1244
24.9039
15.3515
21.5954
22.1052
20.7728
15.287
15.5422
14.5458
31.5043
19.864
16.4515
15.0968
15.481
17.9131
16.7872
21.0272
17.5997
25.6093
16.967
16.2621
28.9712
20.1712
15.0636
17.7601
19.8059
15.6257
25.9975
15.3333
17.1699
26.0801
17.8111
30.8519
16.0131
36.6885
16.6616
21.502
16.5129
25.6189
17.5568
20.0539
16.3501
26.2394
27.6155
19.7609
30.7545
18.7367
20.0981
18.1567
26.6982
21.5381
29.1855
20.2717
18.4181
15.9179
26.0157
20.8697
20.8251
17.9158
16.4829
27.6182
17.4669
19.4299
15.8404
15.8247
18.0769
20.791
22.1252
26.6743
16.0816
23.5751
16.3913
30.4411
34.3286
19.1115
27.7815
22.7394
15.6667
16.8596
15.5372
25.793
16.4144
15.3915
24.7185
23.5789
33.0418
29.2673
16.67
15.2393
22.1559
16.6372
19.6702
15.2947
15.5584
19.2438
17.0658
17.4565
16.8331
17.2051
18.4004
23.8049
25.0358
17.2428
15.8886
21.5364
16.8348
18.9996
15.8517
18.1583
16.8023
16.3817
23.9853
28.9358
23.1133
30.9844
16.2074
15.6285
13.6799
14.8508
23.9809
25.1502
17.7818
40.7177
18.4119
20.6069
27.7091
17.7508
17.787
27.8144
15.2566
16.9255
16.7923
16.5854
16.154
16.6734
15.4952
19.4228
25.8251
15.5535
18.2376
15.0171
26.3513
15.5282
16.9702
18.9904
14.392
14.9227
17.2091
17.1278
14.7797
15.8572
15.703
16.3905
18.7176
16.2451
14.7924
15.3611
23.4364
23.6576
20.5028
15.5881
29.8005
17.0278
26.1294
19.8986
20.062
15.6417
15.9255
16.5438
20.5717
14.8004
24.4796
18.1669
25.8851
15.8277
31.1914
18.6751
15.7889
18.4998
18.409
16.3759
20.2943
29.0042
19.8896
34.2028
20.8238
17.8667
15.6218
23.7923
15.546
18.4368
31.3961
16.773
18.075
19.7817
33.6323
32.9104
19.0063
19.3862
19.6635
16.8534
25.4033
35.3591
17.2746
33.5528
20.7153
18.0239
16.4874
23.7734
18.4582
24.5279
15.2238
16.4044
25.3635
17.4724
17.5995
18.006
16.7909
16.6595
15.8216
28.4736
17.0618
19.5392
22.7252
17.6477
16.9853
16.8575
18.4083
15.697
18.7177
17.205
26.1983
25.23
14.9953
23.558
16.8982
26.0779
16.7902
15.4272
16.195
30.6987
15.2387
25.0438
15.3301
27.5572
15.5682
28.3186
16.9072
18.5741
15.9087
16.4595
24.8515
30.3928
16.3193
20.1352
15.7346
21.0802
19.7521
16.2653
19.3703
28.4604
15.1389
20.2106
16.0156
15.866
19.2
16.0134
18.5693
32.5724
17.5005
26.4494
25.7157
18.7072
15.3085
18.6784
17.7908
32.4746
17.5123
15.3809
16.754
16.3293
17.3474
16.2391
16.0667
15.4862
28.1024
19.0123
21.4327
14.5857
33.385
18.1517
17.0832
26.1765
25.114
23.0026
24.2397
27.3911
15.6311
14.8914
19.4159
38.1642
17.2448
27.8944
31.1606
20.8103
24.0696
21.6821
15.1313
15.1792
16.9479
14.7645
14.8959
14.8211
16.2725
14.6983
16.8576
25.3856
14.901
20.2311
18.5458
19.7504
28.1496
15.2161
19.8465
15.9553
14.7424
15.8169
33.695
16.9667
30.8347
17.4207
17.5961
32.1708
29.4796
19.0511
28.2863
19.1885
13.5417
14.1402
18.5894
15.3216
15.5627
22.4406
15.435
18.8069
27.0827
31.2691
27.75
16.2246
20.065
30.0305
34.4887
36.9744
18.5703
27.7412
16.964
30.4431
15.8562
32.2152
24.2048
25.9143
23.347
17.7351
14.4283
15.4258
17.5854
33.4386
17.5568
24.0703
16.4285
18.0532
17.0193
14.3452
18.4013
15.8666
32.0456
17.5515
27.3095
17.7026
25.7444
15.4507
15.3134
17.5334
15.7409
18.5035
30.1677
18.0667
17.8542
28.4501
17.7338
16.6232
16.6344
24.7704
21.0599
15.7108
17.7313
15.0304
33.7339
20.9144
17.2322
16.5476
26.7975
18.7498
16.7588
17.0759
19.0767
15.9398
30.08
16.0526
17.5234
27.9794
15.5718
25.9829
15.0726
21.029
15.7654
30.4054
23.1574
28.1584
25.7161
29.7875
17.7864
16.5608
27.5918
17.6862
16.0983
17.852
20.1089
30.6236
27.4605
21.1641
16.7058
17.1437
16.445
35.9513
16.2613
26.583
17.7555
30.1614
16.7318
30.4124
19.2649
16.6084
18.0596
16.3506
16.4228
19.0438
19.6081
15.8851
24.6467
24.3084
15.9993
25.2117
14.5554
18.3607
16.0188
16.0738
17.0929
16.2999
26.0387
15.1617
20.2694
15.8392
15.0852
16.1935
18.3362
18.5334
17.2033
18.3524
19.95
16.1682
19.4251
16.023
17.4836
17.827
16.4648
19.1455
15.7865
15.3644
20.8068
17.4891
15.5695
18.3778
22.5338
16.0185
40.8199
28.3899
19.8573
15.7108
22.2694
24.6311
28.536
18.0458
16.0667
33.3924
18.2118
15.9251
13.9806
15.0355
25.9617
18.9591
14.9437
14.9223
14.4941
27.3329
17.2975
14.2383
14.8447
13.9789
15.7112
14.0928
22.8997
18.9013
20.2852
18.5896
16.5772
13.4723
14.396
13.4544
15.8248
15.7201
17.2103
14.3905
28.8137
16.1505
23.026
25.7497
21.9537
21.0999
22.51
15.4387
17.0793
15.2936
19.8217
14.3226
14.5066
14.965
18.5518
16.2671
16.994
16.3216
14.6423
14.9167
23.8709
14.9614
17.2359
19.6638
13.8677
16.1855
17.3039
22.3516
13.9455
16.6635
20.5868
16.6212
15.7593
14.8834
24.1856
13.6381
16.7707
29.5304
18.6078
14.9218
15.075
23.3726
14.6199
18.8457
15.0485
15.7602
15.5268
25.0151
22.5797
14.6731
23.0033
15.6328
33.7032
16.7663
14.7746
27.1725
33.0801
17.7041
15.74
18.9375
16.1221
14.5909
19.7353
14.6836
17.915
18.6641
29.5354
15.4083
27.2644
16.8005
16.6586
23.1415
16.452
20.9906
16.5288
28.0724
17.6803
15.5808
16.0535
16.184
14.6337
26.0952
16.0476
15.7945
13.7263
15.8223
13.6214
17.4116
16.6832
18.8122
20.882
15.5117
15.6292
14.2624
26.4287
23.3251
14.6948
15.563
16.4772
22.2819
15.3438
17.9315
14.7355
21.1294
15.1373
15.4565
18.8019
16.1793
19.153
17.0968
18.23
14.4499
18.7423
21.8108
15.4493
27.3284
17.1266
16.5918
20.6065
18.4427
24.8495
18.2407
15.9284
26.8314
14.0189
27.7542
16.1459
20.8285
26.34
14.8416
26.8059
16.777
14.4091
15.0764
14.9226
13.662
16.6326
14.878
14.3328
15.8879
24.6978
14.0786
17.8086
13.6221
15.8716
15.0675
25.2801
16.0289
14.7379
14.5915
13.8843
16.839
15.5134
14.2529
19.3127
29.6325
18.4347
20.0093
14.5492
24.0163
14.4964
21.6176
14.1834
16.6425
19.4743
14.3674
15.2027
17.7298
14.3418
23.5229
22.7539
15.8465
14.3479
17.4191
14.6502
27.9746
15.575
24.3511
15.7964
22.5198
14.3601
18.1349
23.2538
14.6844
26.0702
15.4186
28.3082
15.6604
17.5415
15.1188
16.0174
16.5671
13.4703
17.9785
23.4863
13.729
23.8813
14.776
26.9457
23.4177
17.3221
28.1567
27.2245
18.6038
14.0359
15.4239
17.6139
14.8802
13.6915
13.8228
14.1652
13.186
16.3671
15.8689
22.2646
14.2348
15.9872
14.0499
13.7272
20.8632
13.366
19.8194
13.5575
12.9202
13.8318
12.1124
13.3132
22.7142
11.7555
12.5988
16.0816
20.2452
12.2839
20.8905
24.3821
14.6719
19.8345
17.0567
18.2787
12.2912
16.8012
17.1459
14.016
22.2183
13.2754
15.2264
15.9562
12.8434
28.124
13.1724
19.1086
14.12
15.2429
23.4044
14.0173
16.7405
22.1059
13.2554
22.622
17.3283
13.677
19.4112
13.4907
15.1472
13.5055
15.2594
14.5174
13.0791
29.6729
15.8782
23.5628
24.6822
23.792
16.4265
12.3623
16.9959
11.8393
13.6286
26.6325
11.1442
18.3711
13.1479
15.2847
17.2118
13.0242
23.328
17.357
15.47
24.7784
14.8005
16.7044
14.2748
22.6824
15.0174
16.6904
12.2951
23.0026
13.7147
16.4595
27.8526
19.8427
13.7522
22.5007
21.7115
14.3119
16.1184
15.1267
12.4939
14.1339
14.1101
14.4324
20.0434
24.9339
18.2188
24.6631
14.4434
23.2415
15.8107
12.4899
14.5725
23.7831
12.9459
16.3549
10.6762
15.264
11.7335
13.6646
11.4277
13.7122
12.824
11.0531
11.9062
23.934
13.5614
12.1481
13.3297
22.6538
14.2025
16.708
11.9057
15.9166
12.7629
13.1998
12.7103
15.2658
12.7751
12.3181
12.7054
21.5033
16.6592
23.5952
22.572
18.9275
23.5554
13.7855
12.8555
22.8563
27.9521
18.2784
15.5025
23.2366
14.5445
12.5346
20.8534
13.271
25.1072
12.921
18.1376
13.0912
13.2345
14.1858
17.3445
23.682
16.0582
13.8744
12.1053
25.1575
26.4827
13.9985
16.2671
27.6919
13.177
15.231
25.3585
19.3278
13.5501
14.0521
16.5875
14.1104
14.9013
20.0931
17.7287
15.1777
15.6179
14.0175
25.3414
16.9255
16.9155
16.276
14.1364
19.7641
26.9673
17.1134
16.5447
12.733
14.8298
23.7934
14.3811
20.4682
20.3728
17.9818
13.744
28.0713
13.4686
10.253
11.8284
13.4551
15.0211
13.3582
16.6867
11.5874
21.0643
14.5134
16.9298
11.0116
21.4016
11.969
14.287
16.8225
12.8502
13.4186
13.3202
26.5485
21.3981
12.7767
13.1548
13.9217
13.0867
22.2321
15.3961
15.9613
12.92
20.3597
13.0666
24.2759
14.3748
26.5497
14.6551
28.3965
28.5051
14.635
25.279
13.45
19.0836
16.0718
16.4955
21.3184
13.6741
19.0736
13.6382
20.9474
21.7941
32.569
25.8757
12.3339
14.2049
17.0958
15.5275
16.6918
14.4011
29.9659
24.6869
27.2713
19.2035
12.3955
27.5233
18.1177
14.4528
21.2708
27.7104
25.2062
14.9214
12.6227
24.3905
23.6089
23.8777
18.2592
17.9501
14.1572
12.9153
12.4985
21.2587
12.7153
16.1667
15.4565
12.8937
12.0976
16.9287
14.3353
27.4582
13.8751
14.0811
13.8389
14.1069
26.9506
15.703
25.6451
15.6085
15.0539
13.0656
17.7354
18.7646
15.2991
19.0043
24.6704
16.7313
14.5617
13.645
17.7832
12.753
14.0805
12.9997
26.6573
16.3203
12.4426
19.5678
22.0559
20.0854
13.2353
20.3546
11.7052
13.3233
20.981
20.7562
12.7445
20.4141
11.3743
22.6847
11.8969
26.6486
14.4323
20.2191
13.9382
19.4234
13.7195
21.0923
12.1087
11.5906
22.2427
17.6507
13.1932
12.9674
13.6646
16.4812
11.9075
13.0415
13.3586
20.8293
13.0571
24.544
13.4226
20.3998
14.5093
27.6892
26.3434
15.7889
13.3826
12.5259
18.0028
17.3296
14.3508
16.5226
12.3139
19.6814
13.9004
16.5647
12.2348
13.4226
25.2917
24.0396
14.2686
15.6086
13.6648
14.5664
19.654
13.1287
25.6401
13.1526
13.3741
12.7372
16.1089
13.0791
27.9025
17.0143
21.7403
14.1364
24.2006
17.0322
23.3145
22.3074
12.2743
12.3999
13.1228
27.8947
16.8558
21.4828
12.5148
22.7293
19.1659
14.4045
13.3541
16.1605
14.6281
25.5021
15.8799
13.7966
14.183
14.905
13.3224
18.3088
16.3095
13.0295
28.3736
13.975
15.5934
10.5234
21.1627
15.3874
26.2731
25.5789
11.1962
16.5382
17.1658
15.3416
12.1618
17.7527
11.9921
13.6705
17.171
14.8427
12.7064
12.0971
12.0582
21.8928
20.5888
15.9039
16.1937
12.2582
15.5468
14.1449
12.1015
24.4455
18.2749
12.0974
14.2904
16.3019
11.8251
26.2724
18.6522
14.5374
12.7986
16.2089
12.4323
12.9974
20.4786
14.6706
12.4665
20.9381
13.0511
15.0325
24.8992
16.6202
17.0513
11.864
23.1581
13.2622
15.457
13.4064
17.3939
20.9494
12.7735
20.9762
12.3724
13.3419
21.0964
14.5629
13.9957
13.9218
26.4441
14.9783
22.7592
13.5457
15.5755
13.4654
25.1193
26.9349
20.1725
15.5178
13.0097
15.9732
13.532
29.1576
21.2825
13.8296
17.8025
16.1525
18.7611
14.5684
12.5056
12.5254
13.9394
24.6687
23.6912
15.2967
12.5092
12.7868
13.8152
15.3785
22.6912
24.2965
14.7166
15.3401
12.3828
19.9394
13.3362
21.9899
11.4119
17.4575
23.0674
13.2916
14.1922
12.5816
12.9337
11.5891
13.9676
15.2041
12.02
14.0835
11.935
12.9339
19.6631
12.803
16.0181
12.5979
11.8961
25.7022
21.2378
15.971
12.6647
17.9632
14.856
23.5106
14.7703
11.5408
23.8714
14.3039
15.0524
18.0823
13.8999
14.5619
22.8377
13.026
12.7287
11.7418
13.8479
16.2794
12.298
13.8488
12.2751
14.7592
14.9795
17.434
12.2236
17.4387
11.9525
20.5868
11.478
14.8361
13.8368
21.6627
16.0761
15.3544
13.4094
11.2488
12.8608
10.4597
19.4757
12.9538
10.5654
11.5599
20.9498
12.8293
12.3232
9.80208
12.708
9.71766
13.7046
9.89947
13.909
12.9634
19.7351
12.4673
12.041
15.3753
11.6119
11.3421
16.7467
11.3149
12.9494
11.1342
20.9413
12.8523
11.4199
21.6765
12.9526
11.1145
14.5963
11.356
11.2106
10.4577
19.728
22.1651
20.4582
14.1118
18.4244
10.539
9.17165
14.2853
14.2858
16.6152
10.7082
18.9115
13.8257
19.5894
10.5187
13.9866
25.7583
13.9106
17.5293
10.7656
15.0301
15.7767
13.0955
10.5626
13.4904
15.6312
18.4539
11.9531
13.2673
23.0782
13.0728
14.349
11.2961
15.4052
14.4861
24.3687
17.0123
12.4623
10.7229
22.0453
17.3463
21.385
18.2584
14.3053
12.5858
11.6123
14.752
20.684
18.1422
13.6935
11.4349
11.7197
13.0704
11.8434
12.7326
23.5209
14.5884
18.0148
14.1539
12.9884
15.0168
12.7073
22.8547
14.5329
20.6337
12.1248
13.8436
12.0439
23.3449
10.5213
19.7765
21.3136
16.5603
23.2182
19.5428
29.5499
13.4526
25.8957
16.3362
19.6965
11.8449
16.9698
24.8735
18.9873
11.0888
23.2204
15.6301
12.7268
11.3662
21.3817
11.0436
12.7892
16.6136
13.8533
13.4526
15.9927
21.7937
12.3284
21.9854
15.7879
15.3291
28.5101
29.5837
22.0001
12.992
13.8557
13.6522
27.2258
19.5828
22.1936
13.2342
12.0342
17.0516
11.7182
16.3739
13.5801
11.4171
12.5361
22.262
20.0304
12.0138
21.5875
23.6012
20.2548
15.0873
25.9921
15.0873
13.9969
13.5839
13.6087
13.8129
16.9015
11.3833
13.2627
12.5522
18.528
13.0923
26.6306
20.4185
15.0142
21.5921
14.7599
14.1854
20.6245
20.7037
14.855
12.6883
14.0827
12.6628
13.1251
18.1007
13.6255
20.5114
12.8616
12.0509
23.3212
12.0412
14.8986
13.5198
16.6758
18.2286
14.8293
16.6971
13.4426
13.7141
12.5718
13.6991
23.4392
27.7363
20.7206
18.7266
16.1781
23.1403
12.4886
14.3569
12.0129
13.9856
19.0429
23.2671
21.5365
12.6343
13.0541
25.235
20.4673
13.8156
25.4264
18.0865
23.564
16.5358
14.0401
16.6329
13.6404
21.329
21.0262
14.4811
12.2577
17.4264
20.9989
12.3149
17.2852
22.3682
14.3107
16.764
22.2516
18.6305
13.6155
13.6023
12.5353
12.3547
12.9656
15.0399
14.1774
12.6184
22.1643
13.5166
23.9122
21.232
24.3873
20.286
12.7202
15.699
9.49601
16.9421
11.8456
14.7709
26.2201
15.4983
15.2158
14.6872
22.7619
22.07
17.4023
12.2829
12.5342
18.8134
24.0971
15.5401
20.5349
17.3404
11.3298
14.5456
12.0742
16.444
22.3663
12.0351
24.2964
19.2409
18.8736
13.59
19.1149
14.0288
16.8308
22.9036
14.9903
19.4074
14.7304
14.1195
14.043
12.7463
18.151
12.1834
18.8003
13.6396
12.9753
25.51
19.7678
21.5346
24.0905
13.8884
14.8771
12.1642
13.0691
12.4463
13.9019
27.8694
18.1346
22.8693
18.5783
18.185
14.7298
21.2953
15.0852
12.3539
13.4519
19.1046
20.6983
13.6427
16.9221
17.7976
13.1171
14.956
12.8181
13.7842
12.711
20.2587
19.4471
13.9647
22.0154
14.1257
14.6774
12.6056
17.6373
14.5677
11.9659
13.3618
13.2673
12.9576
24.624
13.2806
14.4019
15.9578
13.6183
29.317
14.4934
13.0238
12.7051
17.9821
14.4212
13.5728
13.4317
13.9204
22.1347
23.2949
14.0062
25.9284
14.8143
15.4459
14.4346
17.0406
19.1694
18.975
13.4607
21.6879
15.4954
13.6822
13.6071
24.3722
17.4361
12.5563
14.7799
12.6993
14.851
15.3808
12.5082
13.025
26.5734
15.6074
14.0907
17.0524
30.3309
25.1011
16.1355
20.0649
12.9216
25.0471
20.071
13.9559
14.5251
18.1867
14.0312
24.8981
12.6123
14.0851
14.0941
25.163
16.9768
13.4878
18.0676
14.7265
14.9346
13.0509
13.1603
17.4138
24.6624
16.2294
14.9836
13.9795
13.616
21.4758
13.4342
27.0011
15.3378
27.046
19.3915
13.1468
14.1114
13.5701
17.129
24.3909
18.5609
15.2278
15.7941
15.6865
12.8479
13.6591
12.6344
21.4076
15.7417
13.5411
14.036
12.5109
21.0152
17.5474
13.1183
13.7534
12.6672
14.1859
12.7355
19.8492
13.0676
30.2484
14.8291
14.4032
14.0012
13.281
12.9544
26.5329
14.0201
14.1841
13.4958
12.8835
28.047
18.7528
18.3568
15.7126
13.0652
14.3129
11.9047
25.2428
16.1761
26.6402
26.7121
15.8876
12.7635
11.0457
19.7324
16.1467
13.4896
11.9471
12.6715
11.9056
22.8085
12.6557
13.779
12.0927
12.9897
14.9819
12.4367
11.888
11.5922
14.6407
11.343
12.2666
14.8404
20.0804
20.1369
13.1306
13.2739
15.8047
14.5203
13.7502
24.3772
13.7742
14.9188
19.1627
22.0151
26.8564
13.2874
18.8234
14.0365
12.8476
19.4572
14.8844
12.8819
17.4661
13.3763
20.8334
15.0685
24.7311
17.7057
14.6459
16.7593
12.5561
25.0158
23.9653
26.3828
15.6195
13.9949
15.9095
24.4489
19.8967
16.6152
12.9387
16.2267
20.3084
11.7848
16.9977
13.5871
17.5819
14.0638
16.1918
12.8375
14.8617
20.9461
14.0218
13.5434
23.252
13.7103
16.1956
22.8195
15.1119
12.8974
13.988
15.3922
16.5366
14.877
15.7228
14.9828
16.9305
13.6003
19.9547
18.5979
21.8923
14.7471
25.2702
14.7804
18.4269
13.4755
14.2926
30.1411
22.5117
16.1222
13.6517
31.5399
26.2128
23.1262
15.6451
12.5698
25.8986
28.8833
16.1914
24.3122
14.2835
14.9879
14.3571
25.7615
23.2038
16.3823
13.924
16.8337
17.4719
13.9966
17.2866
11.884
18.1201
17.7471
12.7953
14.4183
28.1487
16.7483
25.9501
15.246
23.9934
15.5875
14.6026
26.0978
13.8918
14.0103
14.0249
12.0251
12.7254
21.0832
14.1998
23.9159
15.1164
23.7541
22.6035
19.7212
11.27
13.0992
26.6221
16.1605
12.0263
12.7488
15.592
11.1908
14.3039
18.4416
14.3103
12.3624
26.8822
13.9835
25.9908
22.9192
13.4135
25.9844
14.7906
24.3244
14.3821
12.5668
15.9279
10.9365
19.1783
22.0171
20.351
12.3517
15.3685
14.1643
17.4567
25.4271
12.4503
12.6795
12.6473
17.3185
15.0202
27.1311
12.3197
24.9818
14.3328
17.0927
11.9434
12.8875
21.7419
11.7251
20.0909
15.3239
12.2392
14.7924
21.0702
17.7826
14.4852
15.1846
13.9732
23.2252
13.6093
14.103
12.671
22.003
16.7721
13.8607
17.6793
12.5691
11.2629
11.0535
13.5237
20.9033
21.7118
12.8737
13.6895
14.746
12.0487
13.5901
21.2947
12.3887
20.3422
11.4274
17.5793
19.8093
14.8937
16.8451
23.0628
15.358
18.0007
12.2585
16.1353
11.8907
21.5332
18.0627
24.0258
13.2361
24.3122
17.6015
24.4516
14.813
27.4343
14.2365
17.4613
23.1977
12.2973
20.6504
12.714
20.0064
12.4825
12.8439
20.9131
11.8881
21.7867
17.4481
13.4976
19.2441
13.9733
23.9202
17.5762
13.5932
16.8716
12.7371
22.2715
11.416
18.7338
12.9898
11.2201
12.6237
14.1729
18.0086
12.5556
14.0631
15.9
11.4941
20.3652
13.5325
16.8421
14.9093
12.4646
20.5149
11.9519
11.556
19.5097
10.8007
26.2176
19.149
13.5492
14.1566
13.1433
18.9063
13.4229
14.6472
14.3
17.3675
20.7162
15.8249
13.6011
18.3997
12.2545
25.1221
15.8087
13.8323
25.702
13.6
13.4897
11.7811
12.9319
22.6527
17.0095
14.9744
12.111
12.7964
13.1614
14.3191
12.7046
11.6135
11.4595
13.5877
11.8855
20.47
12.0656
19.3044
20.0578
18.8646
22.7804
16.3192
12.4126
11.3741
17.5625
12.4805
22.0732
12.5422
17.2206
12.2081
21.2955
15.9784
22.4955
12.1422
25.3514
15.9919
17.7835
20.6115
13.7085
18.7712
13.4878
19.5015
13.5177
19.61
12.2354
19.1795
11.4027
12.2752
12.0564
18.0751
12.8232
22.0767
24.8604
13.8847
12.5151
20.6861
17.0617
15.1345
12.5997
14.2217
15.4399
12.8203
17.5948
12.4377
11.9375
11.6831
14.8812
26.4634
23.6435
24.6468
13.2633
25.1804
13.83
14.5849
11.6543
12.0854
15.5677
14.1311
12.5024
19.5204
22.3382
16.8639
13.3697
13.6386
12.2968
11.6581
13.9579
15.2254
11.9979
26.6271
14.3455
22.071
27.7235
15.7417
13.3809
24.2785
17.9046
21.5313
15.6077
11.8706
12.2026
16.2812
18.7169
25.8073
14.6316
14.3587
21.4478
12.8775
13.1089
12.926
13.0895
12.0256
27.7135
17.3822
29.5494
20.3005
12.2752
23.8597
17.2541
10.0642
13.6053
12.4479
11.9234
12.5078
14.159
11.7508
19.9635
13.0795
12.1134
19.3072
12.9021
23.0306
19.7983
16.6672
13.5898
18.7387
13.6905
12.2975
14.3806
11.2938
21.6046
18.2849
19.336
12.7426
12.1976
14.6015
13.3955
12.5967
19.9812
11.9488
22.6652
13.1129
15.9106
23.0028
13.9036
13.4983
28.7383
17.0606
11.4384
20.7154
13.8974
22.5018
24.552
14.9668
24.3409
14.4355
20.4849
15.6524
13.6376
15.3329
13.284
21.1522
17.2425
14.3095
19.9574
18.5784
14.0554
12.2044
14.5394
11.5949
12.1195
17.2237
13.4408
11.6319
11.6766
20.7365
24.6355
14.2803
12.718
13.6469
12.6574
11.7768
19.08
25.6581
13.2889
14.6831
14.7747
16.7877
21.5153
19.1905
12.8495
12.6979
13.7316
12.3312
13.6452
14.3038
16.5724
13.1922
12.0009
16.3454
15.2452
22.6232
14.4996
23.8618
14.3129
13.7031
23.0086
14.1059
29.2328
17.5495
18.2135
11.3312
27.3328
17.4167
13.5863
12.3718
12.7751
12.1121
20.4663
23.3671
14.0115
12.577
13.7438
23.2119
19.7091
13.8877
13.9629
11.9716
19.1538
15.3991
11.1686
11.9479
20.1099
20.6162
12.5194
12.2677
15.7096
14.2957
25.2801
17.2028
15.5705
14.0867
12.2223
13.7688
12.3367
11.5777
12.5039
12.7039
11.523
13.7375
12.9664
12.1463
13.2179
13.251
28.3713
25.6678
14.4831
16.592
14.1012
12.7227
11.9857
12.7287
13.3867
11.9281
13.4784
23.9564
18.5871
19.0852
12.7092
16.9722
16.5921
12.9008
20.239
31.3425
18.8932
13.0134
14.3356
20.3869
14.239
24.1925
13.3173
26.5854
27.3087
21.2824
15.3131
21.26
12.3719
20.7687
12.2442
16.8256
26.0492
13.2699
14.5638
12.1601
26.869
15.1331
14.6077
24.314
14.3118
11.9129
11.9323
27.8326
21.6198
19.04
13.2857
24.5569
14.6298
13.7971
18.3793
12.2338
17.0285
11.488
11.511
11.3295
19.5132
13.1476
25.2933
15.3042
17.9018
13.9458
13.1452
12.2502
24.0761
19.3158
12.2726
23.3418
16.0862
20.1048
13.5769
22.6789
15.7085
16.1562
12.5084
15.4469
25.7781
12.5071
16.8673
14.3654
17.6572
12.4078
27.4513
19.5932
25.2238
15.4957
16.9106
22.0936
16.4059
15.0908
14.7918
15.8278
14.3651
14.9141
23.8802
13.812
14.997
14.1513
13.7483
14.9077
14.1031
14.7743
16.8629
13.0318
14.2403
13.4851
17.5866
14.5983
20.8481
22.6972
17.8691
31.0932
23.5974
17.9869
12.547
18.3378
12.4619
14.1123
20.5794
16.2508
13.6738
13.9841
14.2348
25.057
11.9323
21.8582
13.3567
19.0701
13.5891
16.3594
13.5693
14.2287
27.59
18.4901
22.1744
17.5162
11.6966
25.1794
15.2026
19.1416
12.95
12.4974
15.9252
22.4513
15.4729
14.8861
14.8021
12.9547
15.3522
25.9398
13.9437
12.4333
13.5855
15.2963
14.8248
14.5508
16.3826
12.7438
24.7842
16.813
15.9378
12.3864
26.8128
20.1459
14.1934
13.3437
12.3137
25.3846
14.6971
12.9943
13.848
13.5819
18.4433
13.7999
12.9796
28.2338
14.1939
19.904
12.3496
14.4988
30.2803
24.3699
16.4158
11.8288
26.9075
13.4841
15.558
12.0904
28.0543
16.407
12.5516
16.6
12.4147
15.0518
12.8594
19.626
21.008
13.9939
21.2638
14.4055
13.2825
18.4145
13.0633
14.2997
14.0959
12.0564
12.7309
25.8189
13.2344
12.0387
19.0218
12.1656
12.7734
30.3076
15.2012
14.6477
12.7249
16.5789
12.3779
20.6552
24.5367
25.4289
17.4365
13.5951
28.8961
12.7076
24.6638
14.8013
15.7365
11.4462
13.2668
14.2081
16.2607
14.1515
13.3161
21.2878
13.7701
13.9577
13.235
15.1674
13.2454
12.3913
26.1537
26.0514
24.6966
14.4276
22.3299
15.5943
28.7555
16.4164
13.5992
19.35
19.2751
12.6634
19.4187
14.1382
15.3057
12.795
14.4793
18.7743
13.9296
20.3165
13.9263
19.5824
13.6584
20.8296
16.9858
14.2709
13.1268
12.5772
24.754
15.1279
21.2047
14.9326
14.9596
13.2187
12.3383
20.1724
14.0381
24.1766
12.5986
17.3149
12.0724
20.0136
12.3424
13.1656
25.1689
15.0212
12.6904
25.0451
19.9864
13.18
16.4939
13.1859
12.9129
28.3679
14.5466
13.1391
13.3891
12.1432
20.7503
12.2206
26.4812
15.1006
15.1507
23.1522
23.0453
18.4429
12.8893
16.2734
12.7863
29.148
21.0089
13.3338
17.576
12.0182
21.3973
12.7517
20.428
18.8827
14.3893
18.2033
16.0041
24.3162
14.4339
13.7597
24.4703
12.8926
18.3796
17.4405
14.1214
22.3749
12.8001
12.0692
12.7408
20.5052
12.6184
11.716
12.5737
13.1548
15.5112
18.412
13.4541
23.113
17.6876
13.3364
12.28
12.4623
16.2546
16.2395
19.7966
14.4557
12.7217
16.6393
14.6087
21.0271
21.9148
18.0143
19.7262
12.5031
14.4838
12.6766
12.7728
13.5938
12.5957
12.4058
13.2013
14.0167
12.1183
26.0358
14.074
16.8346
13.6968
12.7577
15.8738
20.6018
13.3609
28.2855
16.4906
17.6699
12.555
25.3954
14.7686
15.3046
23.0493
18.8915
14.3254
12.958
14.5164
14.5287
14.5374
19.0873
14.8732
15.2235
21.3034
14.2094
14.2271
15.5212
17.6451
15.0227
16.2034
13.3134
14.0426
14.3099
21.1552
27.865
21.7143
15.4892
14.4145
14.9721
13.2158
20.1812
13.644
20.4849
17.2466
26.2105
17.7303
19.0725
14.6836
16.8127
14.6437
15.1265
14.2225
13.8915
13.6993
14.9005
23.393
15.1621
15.8399
26.1774
17.9473
12.9104
12.0035
24.1157
13.7155
14.7059
12.7733
14.17
12.3096
25.9384
16.4378
14.8401
20.6763
15.5435
28.5562
28.4686
15.1443
26.1485
13.8166
16.2028
19.8814
14.2843
26.377
13.1456
11.7948
11.5146
12.2327
22.0469
13.5372
16.485
20.3908
15.3304
17.5273
14.0185
13.3541
16.4876
13.2812
13.6228
24.4247
22.6285
18.9866
18.1127
16.1717
13.6443
13.9118
22.5814
14.8628
12.7976
26.4297
26.0285
15.124
25.0819
16.093
17.9109
13.4347
14.1099
23.8382
21.9233
20.4605
27.6061
14.2316
20.8052
14.1944
21.874
21.3511
25.0744
16.0929
25.6423
16.1961
24.3112
15.1528
31.3242
15.7388
14.7189
16.7325
20.6388
27.0181
14.709
18.9923
19.5174
13.3447
15.6893
14.5326
13.4599
16.3055
13.5207
32.2743
16.0882
25.9064
24.6281
15.121
15.8679
13.4533
25.3109
14.1698
31.6885
17.1473
16.1361
14.2032
15.6972
15.7548
21.6532
14.1014
24.458
21.5434
18.2704
14.2382
24.3599
19.2835
14.8605
14.0685
17.7121
13.6719
14.781
16.11
18.78
14.6364
26.2016
14.1972
16.9743
14.5702
15.6671
26.4985
20.2494
14.3741
14.3421
14.1917
20.0735
14.4845
23.0942
19.087
19.4184
18.5349
20.1755
13.7732
19.6084
14.8627
20.286
16.1659
26.7128
16.364
16.4548
32.3579
19.1568
30.508
19.4886
14.1848
18.4607
14.8746
27.6103
16.5798
17.5668
14.1374
26.905
13.2078
28.0949
16.9534
23.4583
14.9842
14.7371
15.7523
16.2959
16.3124
22.3029
15.9949
16.0101
17.5004
15.4754
14.806
17.2401
14.366
16.8136
25.6991
14.6358
26.0342
15.6173
21.226
15.7308
29.0242
28.1702
18.0877
23.0105
14.4673
24.9316
14.4897
21.6338
21.4784
15.7894
22.9933
19.2064
16.1322
15.1133
25.8796
15.366
18.2962
29.5464
20.714
15.3048
15.6736
15.1302
15.5038
14.1823
16.9964
16.0967
15.42
15.2813
13.4892
16.813
25.9779
17.2316
15.3622
17.351
16.508
16.5942
29.4836
16.6712
14.9364
27.7965
17.8264
20.1347
12.6906
14.0413
15.7162
29.7048
14.7221
15.776
19.1364
13.4554
15.7999
14.1969
13.0244
15.0203
13.8096
30.3751
15.712
27.5097
14.2811
15.4258
13.9887
24.0623
14.81
13.2244
14.6886
27.8788
20.2776
29.6801
18.8158
16.6399
24.0603
18.9463
13.1358
21.0861
15.1246
13.9993
15.6186
25.8238
16.4826
23.5634
15.2722
25.5476
15.7269
15.3004
24.9517
14.911
13.799
14.2968
18.2427
14.2863
13.0117
15.4465
24.9197
28.6517
18.1719
18.2855
14.695
15.331
13.9203
20.9286
15.6782
16.7235
17.2608
20.7753
18.9201
14.1784
15.3243
23.8928
16.2149
26.6584
13.812
25.4253
13.2076
31.8037
17.226
27.6876
13.5661
17.1733
19.4426
14.2758
13.6484
17.0033
13.7439
23.4542
13.7729
24.0269
18.8378
15.7675
13.6088
19.4441
22.4528
23.349
24.3015
24.0005
13.5981
30.0203
23.4527
14.424
27.5353
25.7502
16.5125
15.4725
29.7023
15.6883
22.6681
17.885
13.9599
12.9986
13.3438
19.2459
13.4276
25.056
22.0323
14.4012
27.3394
15.567
14.5947
16.0131
30.101
19.7299
22.671
16.6387
23.9583
24.3057
19.0981
15.8936
12.4268
24.8489
13.4907
16.1386
23.4041
14.1995
13.0805
23.9889
23.4819
15.4356
13.2279
17.8393
14.8218
31.0973
18.7926
14.5875
16.6148
17.6778
14.0418
24.518
14.9695
16.8691
12.122
14.3829
15.0351
15.3847
20.0799
15.4636
18.2345
13.4974
16.3298
30.2014
16.8162
17.2591
30.1212
21.8516
15.9654
25.7201
12.8447
26.7633
14.2258
13.3547
13.8967
25.8058
12.7945
20.115
13.2429
28.7429
14.3865
20.0304
13.3272
15.3487
16.3979
16.0051
14.4692
15.5104
13.2069
13.7666
19.3275
12.6195
13.141
20.8684
21.0967
13.047
15.1858
19.3197
23.9956
23.5765
18.2727
20.8779
16.092
18.8829
16.3115
20.4187
14.1146
16.9972
13.0983
13.2217
15.085
13.3775
17.4344
25.4856
16.4166
14.1438
14.5971
15.9094
13.2248
14.0246
14.3279
20.751
19.3168
13.6703
17.9076
12.9729
14.8189
14.7617
33.7994
18.6582
14.2745
15.0637
23.0334
12.9818
15.654
18.5592
14.5298
30.4198
24.2251
26.6774
18.0044
14.5645
15.0917
30.0505
15.4376
20.6978
14.0439
15.8592
25.6546
15.68
18.2541
22.0257
17.1058
21.5541
14.4105
23.3963
15.4295
16.6169
15.2433
21.607
19.0678
13.6878
17.1788
14.0391
21.7826
14.0696
14.8189
26.1856
18.5841
16.0879
19.3638
13.9773
25.5101
15.064
12.6915
20.0434
15.0457
15.6338
15.3182
16.2499
12.6496
25.0472
17.0087
19.5451
18.7957
15.8534
22.5309
22.3123
16.3435
15.4669
15.4909
13.6036
16.2519
21.8459
15.145
16.6697
13.319
19.6083
26.2156
19.7359
13.9837
14.4083
28.5652
15.1701
14.241
16.2828
29.4092
23.2512
25.2967
14.5623
17.4194
13.8939
14.9619
14.6265
27.7251
24.8536
14.4694
16.8781
16.9881
13.2889
26.6801
14.1827
13.4566
20.129
12.7758
29.6006
18.9285
26.2854
18.5207
23.8889
26.0076
17.3879
13.8641
18.3169
13.6008
16.3762
14.3521
13.7971
14.2611
14.8319
13.4132
16.3292
29.4305
17.3131
13.3602
13.0328
14.1007
14.0623
13.2814
14.9824
13.5298
22.3989
13.2292
16.4573
13.6713
13.2196
29.728
13.9238
15.5707
14.2048
15.2819
29.4435
18.3258
25.4311
15.9241
33.4591
26.4685
14.2621
15.3321
23.192
22.6193
14.0934
17.2523
25.2434
16.9899
17.6411
13.1633
15.7354
13.0827
15.8069
14.6991
17.1649
18.0804
17.4314
15.1466
13.0778
16.1792
26.5269
15.4054
14.5809
13.9608
16.1772
13.7258
15.002
13.3681
15.163
13.1587
25.8422
15.1469
27.0549
13.7059
22.224
13.8412
22.296
18.0904
15.3624
14.2144
13.0295
13.2549
14.2292
14.4857
14.7942
17.3235
16.3734
25.3656
22.3302
18.2944
13.9141
15.5022
16.6345
12.7945
14.3475
12.2556
13.4612
12.3332
14.2377
14.2267
18.3689
12.8585
20.2121
14.4042
30.844
15.7108
25.5598
14.936
17.58
17.3624
18.1285
16.4349
14.7371
29.2296
15.3734
19.4051
15.3894
18.0933
15.4877
20.99
15.0871
17.9619
27.3112
20.1537
28.027
16.2264
20.7243
15.4588
24.9092
17.9005
21.252
27.1547
18.4362
14.7981
14.4796
16.9727
13.3722
21.4803
13.1006
14.3831
24.175
19.8531
15.2833
18.8927
15.2884
14.7233
23.6088
16.7802
18.154
14.5293
13.8492
16.9433
21.1377
13.4676
14.8782
18.8425
14.7787
29.4639
18.5051
21.1242
19.4518
23.4794
24.9193
15.108
16.2992
14.1327
19.0376
14.001
16.0247
14.3445
15.9919
22.0169
14.3495
15.5785
16.3368
15.4818
23.098
15.7923
24.4599
14.5621
20.117
14.2233
17.7075
20.5017
18.6495
33.0973
22.2606
19.5406
14.9519
15.1517
22.2037
18.9978
14.2736
16.4948
25.0359
15.4877
17.1492
15.4039
31.5298
15.0118
16.2565
14.0656
21.4575
16.9851
18.0198
23.4293
15.3806
14.133
14.4536
19.1742
14.4181
14.9979
14.8765
15.2317
20.1798
15.6703
15.8535
13.9379
14.1691
13.2066
14.1321
20.04
26.9624
26.3567
23.4161
20.645
14.7035
17.6555
17.9004
25.9615
32.8542
17.0042
17.2178
14.666
14.2076
23.1998
15.7814
16.1873
19.125
20.0605
21.0929
13.4395
12.8473
21.2718
12.7978
21.2796
14.4421
20.7356
14.677
12.925
16.5058
28.7352
15.2398
22.8099
14.15
13.578
16.761
15.7687
12.9205
15.2238
24.2181
22.7895
17.1253
12.7497
14.8843
25.185
14.4544
21.4871
13.5794
15.4698
18.6305
22.5893
26.0103
21.5321
22.1752
18.1838
16.4523
13.3315
24.3579
19.141
14.0028
19.4375
14.6734
14.7785
22.9775
19.6265
15.6374
12.8645
16.5704
12.8691
14.1458
25.4211
14.641
12.5375
18.799
14.4107
18.1606
20.5909
26.2813
14.9386
25.3521
19.8577
13.3621
13.3578
14.1855
11.9172
14.8621
12.6789
15.2909
13.7457
15.2659
16.2833
12.5075
18.0591
17.1435
12.595
13.5837
12.6953
18.2435
22.7429
14.5229
27.441
13.9901
29.8292
17.773
22.5084
29.0125
15.3385
20.4758
13.0037
21.2554
12.6784
18.7858
12.9498
27.713
21.0078
13.1273
20.782
13.8747
12.6497
29.8947
17.9277
25.0864
17.7682
12.2846
14.4983
12.5231
20.3559
12.5186
16.2416
13.1498
23.7737
17.8856
19.6273
25.1923
20.0663
22.2964
13.4745
16.9734
23.6117
15.7601
21.0688
21.3895
13.4857
14.6563
15.8411
12.5941
18.8972
14.6617
13.5266
14.7885
21.2215
15.095
17.9358
22.4217
16.104
16.6247
24.3043
15.6589
14.1351
13.2906
12.2735
13.2067
24.4884
13.7984
16.9062
12.4786
14.1112
13.6831
13.0494
19.5511
19.1974
13.0034
19.8114
13.5999
26.9907
24.8281
11.2914
14.1997
14.2969
24.0398
13.3705
18.3926
19.9302
15.0693
12.1624
15.1433
12.9867
18.1666
12.1397
26.1724
24.5745
13.2578
24.1918
17.842
22.182
29.035
17.3778
26.5747
13.966
13.797
14.8552
11.537
16.3922
12.1904
12.527
28.2532
14.0244
19.2472
14.1279
12.0976
12.731
21.3208
24.3304
23.454
16.5136
14.5411
19.5322
11.7725
15.2534
28.127
24.7024
11.8541
19.3905
14.085
12.1246
14.8736
12.69
24.1891
14.7502
20.4606
15.0051
14.6269
13.0586
11.7888
22.0669
17.1619
21.7166
14.2351
18.7195
13.9346
12.6987
16.2788
17.6162
19.0302
22.2995
18.4367
13.9375
14.1544
19.5158
12.5196
12.4329
13.8652
12.0358
19.7233
18.5861
13.6771
18.8481
17.9734
12.3603
15.0453
16.4033
16.7948
15.6202
15.3499
11.8274
13.448
14.9794
26.1971
15.6786
15.3253
12.8847
26.1213
11.8384
25.6617
11.1708
16.0936
13.2629
23.4515
16.3897
17.44
11.8514
13.8833
14.0798
13.2906
15.1569
12.5075
26.1406
15.8177
23.4673
21.7815
22.6684
13.2933
17.7889
17.009
24.4347
14.6402
18.8725
14.5668
12.6222
20.6484
14.0458
14.0594
24.391
17.1074
12.9213
20.5562
12.4332
27.9281
13.8603
19.0273
12.2138
21.5772
13.8413
14.0673
12.5311
11.7355
14.5294
14.1801
12.4365
11.6995
13.5867
21.2616
11.9087
11.5765
14.1468
11.6435
28.0021
13.058
25.4571
16.0356
27.3339
14.031
16.3578
22.7621
14.4388
29.3919
17.1457
25.8103
14.0903
22.2519
21.0932
15.8896
12.1715
21.759
12.667
28.1205
24.8197
13.5742
17.7411
13.8114
13.5088
22.1316
28.3784
25.9001
25.1232
15.0383
12.8275
15.5318
13.7913
21.1634
15.0337
27.3967
18.4737
13.6062
12.329
16.2402
12.7917
13.3231
23.4746
14.5915
23.5722
24.7768
20.661
21.1155
23.2142
12.6108
19.8037
15.0052
13.9395
23.7081
13.9273
24.7178
12.5135
20.0252
18.752
27.0882
16.3669
25.8537
17.6287
26.3845
25.5134
16.685
22.0337
14.531
25.9122
17.9184
24.3259
26.2506
13.3256
25.6447
25.9088
14.3751
28.0799
15.6412
14.7092
11.9816
25.4375
20.63
14.7521
19.4157
12.5192
18.7706
17.2386
13.8361
22.7851
15.048
13.1312
22.1092
13.8121
28.4872
23.9835
23.307
14.5075
14.3575
20.1305
16.823
15.1705
15.78
21.6437
16.6367
13.6248
18.3197
14.557
22.0365
13.3656
15.5795
13.2197
15.1883
12.8427
30.0739
13.6413
14.4006
27.7538
23.1853
17.2068
23.0668
14.9372
22.1423
24.0533
28.2135
15.3182
24.1107
14.508
26.1702
23.8257
13.1449
17.1985
18.8446
13.5484
26.7813
12.0641
13.7821
12.7923
13.477
24.2329
14.3931
24.8105
24.5604
20.0178
13.8919
23.0664
18.2881
13.4127
12.4229
12.4461
27.9907
15.1782
28.6323
14.4366
23.9591
14.2683
13.9902
22.1153
20.6788
26.1984
24.1346
27.3148
15.2598
25.8551
13.3633
14.3927
17.0961
13.0455
12.8555
21.854
11.9363
15.0497
12.5011
15.3537
12.9289
33.3646
15.6286
16.0447
11.7597
12.7367
14.2032
12.4015
19.0703
12.2177
22.9861
12.9443
18.4039
12.1527
24.657
14.4922
21.6763
12.7868
17.0268
11.8758
15.7762
12.1751
12.6969
16.3602
14.0395
11.7428
14.163
12.6742
16.7322
12.5759
16.2282
11.7865
11.3375
24.6456
14.0258
12.9883
16.0227
12.7104
20.9438
21.9986
12.957
15.9692
11.6205
18.5131
12.4581
20.1029
13.8269
24.2273
17.1376
12.3549
21.6157
12.6415
22.6566
10.8682
15.9577
24.2376
14.5028
20.2774
12.071
15.0535
10.4352
26.5089
14.0265
24.1473
15.0697
17.247
11.3735
21.9066
15.838
14.6796
12.9991
13.276
14.1756
14.3578
11.1027
11.6204
12.526
11.7479
19.3844
16.1873
13.3551
14.0397
12.2128
12.5306
12.2681
14.314
12.6563
13.0007
14.6278
18.1114
12.4495
12.2134
23.7387
13.7914
18.3775
13.2748
13.1895
11.8664
13.4695
12.2907
14.0965
20.5146
11.8358
14.6788
11.7751
19.4813
14.6183
23.4292
13.5051
25.45
15.0648
20.6641
14.5273
12.811
17.1068
15.3443
14.3366
11.7935
18.3909
17.4484
14.2408
12.8539
13.8814
12.462
12.0717
11.8115
23.0034
13.9245
16.3736
12.3789
32.7187
15.4218
21.7506
12.2704
25.125
13.1442
27.2553
18.3479
14.2998
12.8384
27.8373
17.0149
16.0623
22.2304
16.5242
13.6152
14.7766
12.8152
20.3671
20.4653
21.9611
13.9255
14.9988
26.692
16.0009
18.4343
23.2237
15.1086
26.8001
15.9501
12.3452
11.9512
16.587
13.9791
16.4029
12.4865
21.5624
13.1833
27.7434
14.0568
13.5866
15.4316
15.7336
13.2509
21.1881
12.9216
16.0784
14.1723
20.4494
17.1718
28.6318
15.9568
14.3057
24.2351
20.2499
14.5353
12.8394
11.8946
12.3914
22.2346
24.2086
16.4797
24.487
14.5904
14.3949
24.8752
14.926
20.4048
18.0253
12.6613
13.2664
15.2423
15.7651
28.9553
17.6101
12.7709
24.2679
15.7059
28.0018
16.699
22.4693
22.6014
16.0718
23.8971
20.6825
13.663
18.0225
16.2389
14.0997
25.7433
19.8438
29.8033
18.8783
15.0354
14.4261
12.7456
16.7141
12.2914
12.3218
12.307
12.2183
12.663
22.3531
19.2062
24.6829
15.2581
11.2008
13.3436
14.0322
10.9003
12.4582
13.3353
22.9905
14.9933
12.0306
13.4724
29.8067
15.5149
24.36
23.0744
21.6098
14.4368
13.123
13.85
18.3317
11.6705
14.3726
12.2934
12.2292
13.5197
13.018
11.6401
11.4018
11.3489
12.6132
13.386
19.5028
26.3131
17.7325
11.9997
12.4264
13.2766
12.1548
14.6489
14.1333
15.6489
12.6947
14.0054
24.7764
13.7513
19.5613
14.8679
13.3414
12.1002
10.4897
12.7569
14.0348
12.2423
12.4387
11.7419
11.5058
16.4298
11.8948
14.8872
10.4688
14.0705
17.8352
22.957
12.7541
19.8406
13.7038
25.6867
24.9877
21.7133
15.2545
13.9633
13.7632
13.3328
13.1805
24.0189
15.857
20.7344
14.2087
11.9031
12.3037
11.3751
12.9945
11.4874
12.5625
11.86
15.3875
11.458
15.5016
16.7675
11.2209
17.9653
12.6522
21.8373
13.2063
13.7715
19.2055
12.4755
12.3275
21.2639
18.1963
19.2885
14.6429
24.3119
20.8881
10.9067
11.5404
15.2035
19.99
18.4426
14.872
20.9476
12.6951
15.8844
11.9739
20.9607
23.7573
27.038
18.3949
16.3076
13.1463
13.2122
16.8771
13.014
15.4174
11.6571
18.3952
12.1127
15.8891
9.77275
13.5648
11.1054
23.4081
12.2632
16.5301
22.0499
14.1159
11.2288
11.5559
10.7198
15.8756
13.6465
11.0525
22.507
14.3932
15.0304
10.923
13.4728
11.9395
13.7849
11.7285
12.4505
13.5651
24.7296
14.9088
12.7225
24.5301
14.8628
11.4394
13.738
12.2541
13.2858
22.123
11.9262
20.4161
13.2732
13.0454
21.5736
16.4693
11.3211
12.7486
11.1707
16.9106
14.9748
12.5454
12.1537
13.6777
12.167
15.081
13.8914
13.6549
12.6067
11.9553
16.4676
14.2179
12.3339
15.1612
12.575
21.0067
16.2574
21.1329
13.0277
26.9547
13.6405
18.4078
22.3925
13.7287
13.2548
25.9634
14.1037
14.3123
12.0022
19.2605
13.2732
14.6786
26.465
16.701
18.8208
12.9969
20.953
26.6869
17.2445
13.9055
13.4815
24.294
17.1809
13.0376
29.1497
18.0189
14.7906
14.9525
14.2263
25.622
19.1592
12.1186
11.9791
19.5521
15.8886
22.6782
24.1742
13.0751
17.1162
17.9071
13.1793
27.991
20.9255
14.2428
20.3922
24.8101
25.9584
15.0458
16.4163
14.5196
13.3753
13.3152
16.5445
11.7224
20.9278
15.4442
14.2177
20.6634
14.1471
12.5238
12.5023
11.7154
15.8274
16.6961
26.1633
15.5177
24.756
16.1066
23.7913
16.8798
13.4927
25.0819
18.2807
23.9326
18.2731
12.8723
25.8931
13.0013
12.8452
12.2608
22.9945
14.9057
16.2311
17.1502
13.1711
19.808
12.2673
23.463
22.6007
13.2241
15.7703
12.2626
24.8011
21.0457
16.4104
13.3437
23.8884
12.7646
23.3484
14.8781
22.6156
13.0039
12.4187
12.853
11.6241
14.3404
11.7945
21.4537
13.4802
11.9697
20.6048
23.9356
13.2965
22.5091
15.4478
12.0532
13.3492
12.4582
12.0999
24.9422
13.1402
13.54
12.2137
19.5408
13.5048
19.1259
13.0283
13.8403
23.7437
14.8238
17.0528
13.5714
12.1724
10.9394
26.6087
20.4151
26.4607
13.7845
13.1116
15.7477
11.2416
15.1333
19.7954
17.0701
18.5034
13.0261
14.1227
16.5685
13.2042
23.6324
15.742
24.2866
12.5332
26.0158
14.7165
22.0727
12.7075
17.2153
12.8506
14.994
13.0573
14.2076
12.2827
15.3412
14.263
15.9224
13.0419
14.9005
14.2131
14.5135
17.8683
16.9445
16.5974
16.7958
16.1711
30.6714
19.514
13.1537
17.7459
24.5403
16.4557
19.4572
15.8485
15.2029
16.7667
14.6926
15.3288
13.5615
12.3352
14.2436
27.8352
19.8645
13.4646
23.4707
13.778
17.5432
16.3818
27.9324
23.6237
24.018
12.7086
12.8154
15.2218
16.6012
13.8797
15.3291
18.8752
17.1361
26.4616
18.2842
15.0041
12.784
20.3631
13.9445
17.0188
15.0927
14.8947
12.9222
12.9043
15.0356
12.4161
24.3779
23.2212
20.7995
13.5956
19.4513
12.0309
24.9252
24.6385
25.3469
13.4255
26.8604
26.4216
15.566
13.2092
12.7025
25.1548
15.1985
19.5787
13.6112
23.7474
18.8752
13.4969
13.3742
19.4447
30.4069
13.4987
23.5096
15.1298
13.5009
13.6008
14.1113
14.1446
22.2514
12.8441
30.5943
13.899
21.2632
12.2971
15.3626
14.7505
22.6924
23.7668
13.4131
19.2738
16.5684
12.0898
12.632
12.1525
13.9763
18.4763
16.5155
12.7083
17.9736
16.9612
19.1758
19.226
14.8253
12.7404
13.1637
16.7173
24.6783
18.2067
24.2578
27.2404
16.0014
24.9992
14.5435
19.9472
20.49
14.2467
22.9601
15.4519
13.6539
13.8172
13.1249
12.1568
19.5968
12.7959
12.9061
13.1472
12.6735
11.942
26.0828
14.9581
11.5313
26.5369
14.8489
16.5992
17.009
16.8132
12.1623
12.6331
14.0889
18.4322
14.2984
12.2747
14.0995
12.834
30.6349
14.3313
15.2343
11.5057
11.8468
23.6154
14.8629
11.6171
11.9994
12.0588
16.6834
30.1888
16.0212
14.227
14.1728
21.6107
24.8636
18.4726
22.7652
13.9929
12.3651
13.8604
13.237
12.8985
12.3612
16.7157
15.6436
12.9656
12.4522
21.5793
15.5264
12.6138
23.6791
28.8211
17.0942
20.3691
22.0582
12.6085
24.9178
14.2514
32.5601
18.6726
23.3265
27.0241
20.721
23.1964
21.194
13.8312
22.0051
30.1145
22.5233
13.9575
14.5559
14.1686
20.8414
27.1955
14.3881
14.5737
25.9048
16.5057
15.1767
14.0039
13.0509
15.0966
13.1296
18.9526
13.3897
24.5043
19.4334
13.8563
15.7768
16.5619
26.2478
16.7702
24.3603
15.2389
15.0956
13.1975
13.5197
22.1647
17.0665
22.6221
15.1871
13.3585
12.9682
12.6252
28.6393
17.8034
13.0276
34.3951
19.2357
16.0574
18.6493
14.0272
23.631
13.1832
25.5372
13.2491
13.8799
12.7781
20.0245
21.7933
17.477
12.9126
12.1164
30.2488
18.4991
24.0862
17.6254
14.368
29.0028
16.4125
18.6224
12.7385
12.1299
15.5448
19.8543
13.8084
16.0224
22.5855
14.8963
11.574
20.0932
17.883
13.5747
19.4064
26.2886
15.1496
24.1417
14.3891
12.2729
14.5429
14.2294
25.0443
16.7763
12.9968
11.8886
17.7347
13.3033
12.7166
14.3988
17.082
15.1715
11.8197
15.9688
18.8439
15.5425
13.7089
23.3859
17.1864
16.8967
16.8289
14.5725
13.2933
16.795
15.1859
16.0024
17.0351
13.6771
22.8399
14.9596
14.3143
16.7358
11.5343
29.2407
15.1787
19.9902
14.2738
18.3888
13.4449
15.1169
12.7172
24.502
17.679
12.3216
22.3312
23.1817
26.2137
24.1357
14.4227
23.829
13.1112
13.3302
12.2958
12.1923
23.1014
20.1615
23.862
18.8985
12.9066
23.9655
20.7376
19.3607
20.4863
12.5971
14.1028
13.1192
12.4637
20.9329
12.3691
13.2909
25.5924
13.0027
15.4772
11.5822
21.61
12.1487
19.0316
13.238
17.9386
27.0047
18.4366
20.5686
11.235
15.9973
13.3589
22.152
16.1386
12.0498
17.2388
12.9353
13.311
13.2224
24.1815
15.852
21.8764
14.5739
22.4727
13.3813
12.8618
22.9292
25.925
18.8941
25.8101
23.5522
14.2716
13.9123
10.3134
24.4075
14.161
25.0942
15.3653
17.0942
13.7211
19.2238
13.5499
29.0064
17.8021
12.9371
14.8682
17.1058
16.747
25.0255
24.2988
13.2509
19.5613
14.9123
15.5792
12.5646
23.0451
13.2124
16.882
13.5277
13.3331
23.3708
20.5436
17.8266
14.4133
14.259
22.8868
14.3068
24.5162
15.288
31.5105
15.6456
21.366
14.4108
12.0259
12.7995
11.2709
12.1921
20.7153
13.7188
22.6987
14.0253
11.8268
12.3266
12.177
14.4819
22.8592
20.2407
11.9615
14.0096
15.2259
14.1677
12.0696
11.3956
22.3747
15.8732
22.2936
14.1756
11.3824
14.2364
10.8441
24.9093
24.8224
25.0627
16.7728
14.4267
12.9015
23.6433
18.499
11.9059
12.4175
23.2074
15.1095
12.2869
18.1515
29.021
17.7869
16.6321
12.0877
13.3333
10.8399
15.5933
12.8739
21.9696
15.4331
12.8354
21.614
13.6509
13.2408
10.9992
10.878
17.4407
12.5503
11.4335
17.5672
12.2522
14.0666
12.0078
11.7413
11.0056
11.8245
16.0616
11.229
12.4717
11.5265
23.0689
14.9364
13.8104
12.3985
23.3355
16.7424
16.5619
15.6094
17.0488
11.4241
21.9653
15.3055
22.599
14.4606
12.3321
22.2099
15.7717
20.8596
18.7739
11.3183
22.1752
12.737
12.2392
12.0168
13.3925
21.5194
14.0588
12.4254
13.6937
15.9772
14.8383
12.9463
15.0099
23.7411
15.454
20.7283
13.1997
17.7381
14.0597
14.237
28.8607
12.9211
25.4174
16.6272
23.97
14.6568
15.285
15.0199
13.1732
12.8899
12.2868
23.5494
22.1973
21.9739
14.4049
13.0333
23.2617
23.0949
17.5032
13.2855
14.3624
13.0448
17.7526
20.5678
12.2061
16.3355
11.4822
24.0712
14.4313
25.4358
22.8111
14.3481
13.6416
11.6224
14.0837
11.8794
11.6131
10.6615
22.3452
14.1342
22.6066
14.0629
24.1141
11.8436
16.309
9.64757
10.3157
14.2398
20.7233
15.5628
13.3747
10.579
16.4504
14.5731
13.954
20.1285
14.4655
18.9488
15.1414
12.8926
14.6612
19.596
12.6714
13.7917
24.9391
13.4686
12.1103
24.639
22.0782
11.8139
29.6845
13.561
20.1419
16.3487
10.3482
13.8343
9.66312
11.1862
10.3358
10.384
19.7739
12.414
12.5652
21.4061
13.7683
15.9924
14.8838
10.3914
19.2938
17.8403
9.77064
16.3663
15.3826
16.411
22.5403
20.4553
9.52206
19.2543
13.3542
14.0098
16.2613
13.446
11.1718
19.4728
12.0177
16.5131
14.0114
12.5288
15.6901
24.4612
22.054
16.9771
11.4465
12.6189
11.701
17.9005
12.3147
13.1158
16.6081
11.8831
13.2479
21.0992
10.7764
9.64947
10.4591
14.0657
11.551
10.677
10.9023
19.9143
18.9569
13.1717
22.375
16.5236
17.1571
13.3283
19.3919
22.7604
21.5077
12.2756
19.7099
10.8999
19.3236
12.834
18.471
12.7888
20.3389
14.3475
15.2709
17.4626
22.6984
22.017
12.0605
22.8591
12.5235
15.4549
24.1955
13.209
13.938
13.8947
18.5779
13.2577
15.2195
12.1872
15.7371
13.5222
20.5884
25.6536
14.8047
22.5697
13.1683
26.1905
17.2285
24.7652
14.2208
17.4872
18.3078
14.9533
22.5263
15.4573
24.4321
16.8966
22.3332
15.3366
13.7367
12.4125
13.913
11.4464
26.1819
19.072
23.7465
20.5178
12.4901
27.3486
14.5206
31.2516
17.5525
11.3679
21.6163
12.7784
13.7508
16.3477
12.2139
12.298
13.8674
13.4351
18.5843
19.2984
20.5769
13.8656
22.1945
14.9021
17.4563
12.8173
21.3184
13.386
11.5608
18.5831
25.376
20.0187
20.8039
20.8574
12.4677
14.5625
13.3159
25.0578
15.2194
12.4466
12.7811
12.2319
12.3737
21.5446
13.2794
22.862
12.603
22.5826
13.4285
24.7448
16.0895
11.9675
18.3891
16.55
28.3514
16.7139
12.4769
9.76943
11.9768
12.0506
19.0634
16.9604
11.6664
15.1953
12.6027
18.2413
12.4758
16.9424
13.7657
22.6302
13.3412
23.8739
22.3997
13.5907
12.9278
13.744
18.7379
13.9907
12.8509
13.6088
16.3276
15.206
12.7086
25.3251
14.173
24.0992
14.4436
22.1835
16.0556
16.7863
12.1258
15.6308
16.3586
12.0808
29.6836
19.2475
13.2172
16.6543
13.0768
11.4619
17.5184
11.1611
12.9367
12.8744
15.5488
11.3233
15.1022
11.8226
20.6428
13.7132
14.6809
15.1599
12.1972
14.3321
13.0063
17.6167
17.8804
11.8252
20.2101
12.3445
16.6317
14.3
13.1351
22.1119
24.307
13.8681
14.0414
12.6283
15.6161
13.5627
20.3851
12.9188
12.5607
13.4157
13.8074
16.8945
13.8165
14.4427
16.1727
23.5621
14.6954
22.8908
15.2558
16.5518
14.0913
28.7605
16.713
16.5846
14.5378
13.0509
21.8949
18.4757
13.7927
11.4655
19.5877
14.776
14.0539
12.1584
12.5595
12.1639
14.0982
11.7815
15.1953
11.4747
11.1409
9.70189
11.6817
19.6553
15.5402
19.5966
21.4626
15.8612
13.2637
11.084
12.3625
14.3495
14.0486
10.628
11.7125
22.2933
18.3378
14.5786
11.5458
10.9782
11.6606
10.5733
20.2739
9.90659
13.178
12.3064
9.63524
13.0677
13.5237
13.7304
25.4922
20.2498
16.2338
11.514
10.6666
10.7349
11.3002
11.3268
11.3265
13.1343
22.9273
12.9438
19.1885
11.2006
15.2983
10.8853
16.2568
12.7112
26.8355
15.4265
26.9514
18.1652
13.1531
27.4158
20.2983
20.0869
13.9574
23.9125
19.9101
13.4288
18.8344
11.955
14.8743
15.0365
11.411
12.9029
22.4097
12.5831
28.4251
23.0614
15.266
13.789
13.1399
13.1949
15.3777
21.6224
13.9067
12.8882
21.3531
14.9216
14.7291
19.9493
30.9057
16.8291
11.8055
11.8613
21.1499
23.371
13.2669
10.1217
12.7166
15.4369
13.0597
26.4849
19.0961
22.976
11.7171
13.3941
15.5261
20.0855
14.3104
20.149
24.8506
12.0622
13.503
23.6793
20.8302
13.159
12.2216
23.8073
17.367
13.5826
25.4462
24.3378
14.2743
18.7745
12.6188
17.3031
11.6912
16.4202
14.9149
12.9248
13.2927
11.6343
14.6301
14.3334
11.4167
15.6209
10.733
11.3799
16.1975
11.134
14.7948
16.7866
13.0099
11.6949
12.4502
18.5278
14.8345
19.2234
22.3497
17.1275
13.5338
28.9879
20.4453
13.6681
18.6815
13.8587
14.9955
16.9832
15.9049
24.7254
15.9814
14.6562
15.6429
14.8322
28.4381
18.8898
15.0862
14.5089
11.839
12.4288
15.7616
11.8343
11.8301
22.833
14.2265
12.5422
10.2987
24.608
13.6278
10.29
11.6538
10.6467
20.456
13.8069
20.3684
11.9681
13.1096
16.8171
12.9865
10.7963
10.3018
26.6017
15.4727
19.1938
20.9196
18.5725
17.2442
14.3266
14.4068
14.5133
11.5455
14.1445
11.4219
15.0667
12.8164
23.2684
13.9206
31.1142
25.6899
13.0345
20.7356
13.6454
17.0487
19.2221
13.3117
19.5377
11.6359
14.1152
12.4338
23.6784
14.5009
12.962
20.2505
13.2505
13.7236
13.9242
17.4655
17.6227
15.7539
23.9346
17.4139
25.2018
15.9144
14.7543
26.5744
29.0301
15.8474
25.9715
29.8059
16.1261
17.8466
15.2506
14.9131
21.157
15.2331
15.7001
15.257
29.756
21.4202
14.5786
25.9526
12.1455
18.6822
12.8895
16.5377
12.746
12.1018
15.9198
14.0613
16.9296
14.8595
13.6716
19.8882
12.1808
16.2073
18.2629
26.4016
18.164
11.7936
19.3713
16.1372
29.4801
16.6235
17.7492
26.8224
14.4591
12.6257
12.0468
12.4071
12.2486
18.7331
12.8454
16.2326
31.3222
17.6107
20.6233
14.3779
15.2601
12.51
12.5014
22.2389
13.026
25.1346
24.703
14.746
13.7136
24.2412
17.3297
13.2842
11.1412
26.2814
14.7805
14.4394
24.0924
15.9349
14.256
13.1273
24.3752
18.1365
21.2098
15.2588
13.4505
12.416
13.4337
14.2989
13.3308
12.5748
11.3116
11.3393
11.4303
12.0966
13.7293
11.9424
23.0774
19.664
26.1777
26.3426
14.2765
11.9609
19.1983
13.7569
12.4107
18.9714
15.704
25.2015
13.3183
13.3985
12.1489
12.2374
12.8998
21.389
15.6049
22.1465
23.9359
28.8593
27.1236
16.6961
28.0339
21.2702
15.755
19.6785
13.3599
15.1599
12.898
24.6947
14.5832
27.9825
15.3544
28.037
17.2884
18.3446
25.1172
13.6436
12.899
16.3872
13.6605
11.005
29.6431
23.9787
20.1161
23.7664
21.9818
15.3897
13.2468
28.5043
18.7788
13.0134
16.5928
13.3117
16.516
23.4356
14.0719
20.224
14.8307
29.2009
20.9877
18.2381
12.6046
12.5048
17.1576
14.0331
29.2208
14.5067
13.9087
14.3892
12.3947
18.1578
22.6079
13.8799
13.5649
13.2812
28.0905
19.0491
20.107
25.6102
16.5973
18.0479
15.4652
15.6322
17.3452
11.9013
24.7571
13.84
14.4434
27.1617
16.5544
16.8198
12.976
14.4741
21.6462
16.3473
16.0858
29.8067
18.5395
15.403
13.5136
24.2233
15.5555
15.6551
17.0974
13.7235
26.2035
18.762
13.6223
17.8017
22.1501
17.3132
25.4624
18.9542
13.1913
16.8187
15.0916
16.7164
14.6068
18.6468
16.1804
28.9264
15.9727
26.6381
28.587
15.3925
15.4272
25.4199
15.4192
24.6284
15.8612
19.4814
14.0982
22.8803
15.9079
13.4051
26.6011
15.9733
19.4338
13.8974
21.3111
13.1527
25.0738
28.6812
22.8272
16.2625
15.9407
14.3593
19.5725
13.7567
24.174
14.5137
14.0681
15.7373
28.8277
14.2992
16.3201
16.2611
19.2651
13.1951
24.6896
26.5164
14.8409
30.3573
20.0895
29.3608
20.1474
15.7698
16.1754
14.7691
14.6569
17.6866
13.549
16.9931
11.5106
14.5933
13.4763
14.5414
13.183
19.5579
22.233
13.8713
19.8555
23.7082
18.3279
13.6878
19.2348
23.9287
15.0675
16.2809
23.6821
12.8958
25.1824
26.7812
25.8363
15.4775
13.387
27.0566
23.2314
23.9281
21.6508
11.6367
14.8988
24.7708
13.514
18.42
13.9278
22.7922
16.0734
15.4824
22.9808
13.8792
12.9133
12.909
12.041
13.0249
18.9964
23.8234
25.5778
14.0003
21.9913
13.2746
13.32
22.9307
13.5195
16.4721
14.2481
12.5615
20.0381
14.1622
20.4323
13.5513
15.8664
12.9317
22.7649
19.7783
13.0291
17.408
16.5555
12.3439
18.4346
24.9583
15.8292
25.5655
28.5784
15.6072
14.0671
13.2622
13.245
15.947
17.1661
18.5978
13.2105
16.1939
12.6839
22.2692
15.3707
24.2025
21.9896
15.1372
24.0951
20.0078
18.3056
12.7815
21.5603
12.9808
26.1678
14.1667
16.9791
17.3577
23.8834
24.2761
13.0022
15.5158
28.0605
16.7335
24.0574
18.3572
12.7102
15.2872
13.7137
22.7907
14.0574
24.8151
20.7389
12.7477
14.1551
20.8422
14.1283
17.7131
21.8834
13.1865
17.0817
15.6068
12.7685
13.2062
12.0943
22.2206
21.9773
14.0296
12.5791
14.8014
15.2012
16.4922
26.5976
14.3266
15.7526
12.9381
14.5705
13.479
21.8118
13.73
21.537
13.5792
18.5535
12.8598
22.7927
14.2034
21.8053
13.4121
23.1372
15.4993
28.9887
30.1005
18.8484
31.6109
25.9863
15.248
14.7414
13.1922
15.8464
34.7458
18.988
24.8897
15.822
20.9688
14.0082
15.6255
14.5827
16.3653
14.3419
23.7017
14.6307
21.727
16.002
21.6741
15.44
14.4159
14.386
13.3863
13.9585
26.6701
27.3781
15.5581
20.3907
13.543
22.397
13.2722
17.7313
13.8235
25.054
27.3656
15.0431
14.3731
18.812
14.8014
24.4603
16.7674
14.5226
29.5432
14.5634
17.1784
16.5143
23.9026
12.7497
28.5988
12.2205
12.1583
13.8721
16.317
13.9199
16.1892
12.6477
23.3866
13.4416
18.1703
14.4618
25.6986
25.3568
16.5467
22.7832
15.3936
30.0346
16.6721
16.6192
20.9321
13.9295
14.2962
19.7731
15.4969
21.2258
15.6327
15.2456
15.1776
16.3584
15.5281
24.7107
15.2541
21.128
17.8076
14.956
14.7446
15.8543
13.9421
26.6694
14.1846
24.7067
20.7581
30.0109
15.4508
24.6099
14.6521
29.5251
17.1806
14.0643
14.5224
15.0068
25.8854
27.3845
17.2723
24.3472
15.6232
17.6878
14.6678
17.069
14.2143
18.2155
15.2563
17.5367
27.3459
25.0657
28.4468
23.1731
16.142
26.0124
14.9754
25.6226
26.857
15.3614
29.8143
16.6114
27.928
24.5832
23.146
14.6817
28.1495
15.0559
28.4279
18.2844
23.7532
24.4524
15.2682
24.7608
29.7811
17.0826
14.6107
24.9696
22.6396
15.1168
16.6094
18.7013
15.6745
15.5173
17.4577
30.0902
16.1311
20.0819
21.878
15.2186
27.1357
17.4145
20.0468
16.0806
25.3167
17.4611
36.8064
25.3989
17.7349
16.0378
14.9065
26.912
16.992
17.321
15.6062
35.3007
17.2901
27.7134
16.3151
28.3603
18.0892
17.6479
31.7568
18.637
32.5492
18.5491
23.3467
14.7156
16.2914
15.3977
22.9373
14.853
19.4626
17.387
14.612
23.162
14.5321
15.1865
16.7211
22.9094
15.0612
22.4712
28.4312
21.8549
14.2451
18.6313
25.9259
22.7939
16.8703
17.1521
17.1517
15.7749
23.8836
16.5602
33.1739
20.9698
20.7508
14.9241
27.979
16.1696
14.6642
18.3512
15.4343
15.0322
29.1726
16.098
17.2474
16.4225
16.7769
20.3921
14.8979
32.935
16.2384
16.4758
16.1336
14.759
24.9684
18.1593
16.2683
14.7368
16.0281
33.3491
24.2704
20.1615
15.5494
14.7493
27.6612
15.4525
16.3783
29.1903
15.8349
24.8788
17.3657
12.6148
13.7275
13.7702
17.4285
16.251
20.526
15.3197
28.5281
25.3761
17.5126
30.1401
15.9802
16.4667
14.7386
17.0178
19.2398
16.9005
20.7214
15.0492
20.6969
17.7549
33.5388
17.6362
16.6901
28.6405
16.7269
28.0885
17.8975
22.9187
14.9019
14.8542
18.4308
14.6588
14.9912
14.3366
32.2651
17.0883
15.6411
29.7247
15.7924
17.9092
30.1719
20.0953
14.336
17.9329
16.4843
17.3546
18.6768
15.125
21.8353
15.4706
17.3438
23.6783
15.4634
21.0527
17.975
16.4107
15.462
15.0543
22.4122
15.2545
23.1664
14.6147
23.2753
15.0252
17.809
14.9259
33.2912
17.6902
15.4676
23.3247
14.9701
34.2945
19.5214
27.7159
17.0793
15.3662
27.6577
15.6426
22.2623
17.2706
15.4985
16.1854
16.9312
25.0072
18.5665
15.0458
17.8127
15.1389
19.6318
16.3733
21.0824
14.7573
24.1055
16.1564
20.16
15.653
25.6272
20.5541
17.1112
16.1928
15.9545
26.9311
19.4993
17.6872
15.533
25.3482
23.6955
18.7743
37.2228
19.5595
30.5092
18.0816
15.7913
15.6571
21.2453
15.9729
20.3474
15.9207
17.131
23.1791
16.3421
34.4809
25.8075
16.9896
15.8346
17.8759
15.8854
15.6503
17.2716
15.6508
23.1417
15.4394
16.2572
18.0517
14.8506
16.4569
15.4832
27.9515
21.5157
17.7028
15.7654
18.7298
16.0055
26.9948
16.5704
16.0048
16.0185
16.9876
18.7565
18.9624
16.4415
21.1081
32.8398
16.5442
32.1683
16.5642
17.4719
25.5342
16.1758
18.17
18.4811
15.7875
19.0785
18.9209
20.6693
19.9906
16.8748
34.26
19.3512
20.4976
25.5471
17.1851
25.8278
17.3354
30.5621
20.9229
17.9344
16.9144
17.9061
19.4616
24.3196
16.5814
16.6479
17.5045
17.4747
22.6962
15.4812
22.4552
18.7507
18.3105
17.9507
24.5073
17.476
16.9213
18.2354
16.649
16.7708
30.2401
16.5768
16.4235
23.1923
15.4381
25.7624
26.7911
16.0347
16.9195
32.1757
16.1537
30.3382
16.0119
27.2458
17.6679
26.348
16.6474
23.9582
15.8591
23.65
31.3755
19.679
16.1046
26.3377
16.2826
20.4272
31.0537
23.2507
16.0353
19.3443
17.5458
18.2211
15.8105
30.0534
19.7101
19.0586
16.0884
14.6152
19.162
31.2455
19.4979
30.0234
27.5142
31.981
17.0862
36.8797
21.6557
23.1433
14.6342
17.3313
26.5489
17.5223
20.6981
15.5903
19.2136
20.9208
26.9659
19.1834
15.8707
16.4572
26.6933
16.9352
15.9477
24.5492
15.6727
17.2252
27.9024
16.655
26.0064
17.885
14.889
28.6668
17.1612
25.5935
15.936
15.6215
24.5989
15.4878
15.4326
19.2839
25.2085
16.3607
24.8254
15.6331
27.6904
24.3999
16.9909
21.2103
24.7623
15.4121
18.7745
15.749
15.5887
23.6447
17.4842
16.485
16.5262
29.1319
21.1565
15.7485
18.6221
21.4322
17.3378
15.3453
20.9378
17.2001
16.2291
18.2717
15.5216
16.5029
17.4486
23.6838
15.7355
22.3871
17.388
22.1893
15.9387
16.5504
14.472
15.8759
15.5111
14.8395
14.7904
23.5094
14.3569
19.748
15.3437
14.6288
17.2366
15.4876
15.071
28.6621
19.6167
20.4381
15.3783
22.3465
16.611
19.2642
20.4708
15.5556
16.2235
24.6189
17.0923
17.4219
15.8749
16.2315
25.1614
14.8277
29.6435
19.2151
31.8055
14.4943
19.7312
15.694
28.3666
31.3484
16.8624
17.568
15.0048
17.2101
23.6182
19.5871
16.5923
15.5309
20.7085
13.9934
22.6717
29.0857
15.8842
15.0895
29.6707
15.5841
16.0091
17.115
19.9513
24.8661
28.0265
16.1673
16.7657
16.6793
19.7045
15.1776
22.8469
15.4701
31.744
27.0594
17.3682
15.4083
16.9019
17.4767
26.9354
15.5614
25.177
16.8121
14.6416
16.566
17.4515
13.7797
14.7491
12.7135
22.9236
15.9847
24.3544
19.8057
23.0243
14.8046
18.6642
24.518
14.4756
27.6903
16.3349
14.9867
15.167
17.3817
13.7777
14.8664
14.4015
15.846
19.0289
14.5081
24.8846
22.7211
19.0719
27.7034
16.8238
28.4461
14.5727
16.4722
16.1251
30.0432
14.296
22.4839
21.4928
19.6046
14.9291
38.1125
19.2104
21.3025
23.3391
17.9576
15.115
17.7892
19.1392
19.6831
24.6653
14.0509
13.4439
15.0635
14.8989
15.6644
14.2481
15.816
15.8477
23.109
21.8655
26.9046
15.3061
27.969
20.6702
30.2516
27.0533
14.6177
19.1395
14.9089
17.1556
28.0145
16.292
15.1427
14.2518
16.5454
13.5998
14.6651
20.2889
14.7469
19.9728
15.1451
16.0713
21.5307
23.8499
16.1402
16.505
16.1881
29.4126
14.6658
22.1594
32.1092
28.3056
27.344
28.1425
27.1293
14.9559
28.3642
16.143
18.1135
15.549
26.289
19.4219
26.9623
15.2032
16.6202
23.4196
16.6625
25.4807
20.7867
16.2756
27.5918
19.3974
19.5434
13.7672
19.5644
16.9845
17.2124
22.1793
28.6403
16.7623
17.1559
22.9531
22.2989
21.2965
16.3265
16.943
16.6601
20.4648
16.271
24.9126
16.1648
32.4636
19.8731
27.8453
15.4034
23.2633
15.3386
20.0989
15.2029
24.812
16.7813
17.774
32.452
17.3645
19.3111
25.2564
15.7037
28.7881
18.4962
21.5004
15.8568
18.6815
16.1002
15.3797
31.6573
16.7478
18.1126
17.411
20.2069
16.6283
22.8505
18.1181
23.3912
15.8087
27.4144
15.193
17.7668
17.1919
28.9056
20.4246
17.5344
16.482
28.1381
19.4613
27.1268
15.5987
15.3338
16.9551
17.4737
16.9584
16.7731
26.5313
17.8488
18.6493
22.8278
16.9921
23.6181
19.3598
19.2865
14.8351
24.77
17.2737
25.3557
16.704
19.8255
16.0211
18.6467
15.5504
16.2329
24.5346
15.3739
18.2244
18.6135
14.6832
19.3953
24.5854
14.659
16.5165
18.4027
14.0855
18.2331
26.1754
19.3379
14.2711
17.3181
18.1721
16.0142
13.9069
18.6328
15.2421
24.9728
15.387
18.7766
15.8525
24.6986
15.4401
32.6337
20.0514
20.7409
14.4452
22.2971
17.0898
24.946
15.2498
26.2521
18.3019
14.7575
22.933
15.4788
16.7884
16.6405
15.4985
15.6722
17.3826
16.3974
14.948
26.9947
16.9629
15.045
21.1474
13.3297
19.7382
27.3291
25.4277
16.3915
15.455
29.2282
15.7771
19.1067
27.7303
18.456
20.0198
15.3784
16.7581
16.2904
31.4593
14.8895
21.0168
23.7968
16.5721
28.0866
25.2404
15.5859
15.1701
13.7635
21.0815
15.4142
16.6642
17.236
28.152
14.4246
27.7475
15.1485
26.5449
22.2416
24.283
30.746
20.2998
20.1542
24.0262
15.9112
15.1011
13.2898
17.3235
14.8327
27.7924
16.0068
23.2429
15.3866
26.2169
13.6462
29.2607
17.1617
16.5143
25.366
22.9971
14.9296
21.5971
17.7803
28.0199
16.6649
21.2912
28.9204
17.2657
15.1583
14.7658
23.777
18.6722
15.3937
14.2082
15.4098
32.7465
18.945
18.6108
18.4008
22.1866
15.0353
15.2969
31.7206
34.0605
18.4996
33.4947
30.1707
16.2456
28.7526
33.2748
20.7
16.2068
13.4318
15.7908
17.9627
14.9443
15.904
18.2393
22.2782
14.9788
28.07
24.0338
26.5547
29.9469
15.8698
21.1572
24.6662
30.3076
33.299
26.8111
17.4288
13.944
30.9045
17.7102
16.0675
14.4829
29.1942
16.2154
15.071
18.1939
14.8693
22.7255
20.1832
15.8526
16.5773
14.7074
16.5036
21.0454
15.8752
25.8998
18.0433
16.1161
15.5749
24.6614
22.7831
14.9252
24.3562
20.2151
13.9767
18.8384
14.4259
27.4893
14.2597
23.1425
15.1265
23.1562
15.1762
14.9205
26.1212
15.16
14.4562
14.0203
18.263
15.9938
29.7045
16.5552
17.1163
25.9202
14.9814
21.9862
15.7452
17.9568
16.6682
25.3683
20.4882
23.8722
23.3943
18.6124
18.7128
14.0833
16.3712
14.4337
15.7888
24.4227
14.6217
15.5618
27.9086
14.1264
15.3884
14.8618
15.9383
15.4514
16.4398
13.9917
16.9915
14.2258
13.4918
19.0358
15.2641
32.1968
19.8714
17.5131
16.3541
16.7832
24.4021
13.7956
27.6644
13.4788
17.2118
27.4462
18.7512
18.6447
28.0021
15.2972
15.8193
15.0926
15.1349
25.3331
16.556
14.1388
15.6575
14.1193
13.9703
17.3329
17.4462
15.5461
26.129
31.2892
21.9635
22.1282
15.1484
29.4222
25.1563
14.6005
18.4053
15.0168
15.29
22.4481
26.9436
14.6641
26.4699
20.9467
13.0317
28.4254
16.1698
15.9369
13.3705
24.6602
16.4801
12.2028
13.8432
19.94
14.8507
24.9767
15.1992
19.9659
13.2534
21.6014
13.97
12.8903
13.7728
18.3576
13.0328
15.5718
24.6888
18.6068
13.8071
14.2923
19.2545
12.6405
13.3202
23.7781
31.6254
17.3142
13.594
13.8767
14.9029
25.29
21.3846
14.9439
15.9594
12.9972
16.7663
13.7298
15.03
15.6599
14.3467
14.2177
33.0985
17.7584
16.0625
13.6702
13.2049
20.234
12.6246
15.3898
12.9058
18.1018
12.7573
21.1038
16.2439
13.5224
16.9354
12.8102
14.6964
14.8508
20.3497
17.4934
22.4313
21.3964
13.4716
14.8399
27.5046
19.4613
15.2878
24.7911
16.8075
17.2384
21.5673
14.3726
17.4365
13.8776
14.0712
14.1734
15.3494
23.2169
15.1978
24.7974
15.5966
14.8914
23.1347
15.7242
14.5301
14.1313
27.5143
16.7718
26.8195
16.8284
14.8726
25.5956
17.9852
17.2515
16.8847
22.013
24.2054
18.6317
13.8142
14.0027
15.2282
13.787
13.7967
21.3739
14.0462
14.7818
13.0646
28.0902
13.7156
18.9948
27.2876
16.4167
24.839
13.3124
12.7649
12.8507
12.6091
14.5969
17.1094
21.5971
14.749
27.1749
15.1999
28.3157
27.0507
25.8588
17.1458
14.9714
13.7206
16.9711
12.56
13.8369
13.7408
13.7427
13.7907
17.785
16.3461
13.9038
13.7014
15.9738
25.6818
20.623
14.3254
16.1251
13.6601
15.3785
14.3532
26.5033
15.865
14.3386
30.3749
27.6803
16.8281
25.0634
15.6666
22.8574
14.8297
29.4865
20.814
15.0997
14.8245
21.4386
13.27
22.7647
19.0088
15.0426
16.5945
13.816
27.1251
17.7129
26.3589
15.7271
27.5575
15.6805
17.9384
26.9289
18.8546
16.6379
22.4245
15.5465
16.6467
13.7541
17.1251
14.8746
20.2221
14.369
26.1234
19.7833
15.7934
16.5658
25.2115
16.3671
26.9943
14.3902
22.7902
13.7565
13.3279
14.3257
14.7215
26.6614
17.3312
20.6117
12.2368
27.2875
14.2792
12.8301
15.3428
25.3597
13.3625
26.4689
27.0437
24.413
25.3043
25.5367
14.387
12.6865
14.3948
12.9058
26.5077
22.7909
15.6448
12.3031
15.8455
13.0916
12.8443
13.8661
24.6859
14.1195
14.0523
12.3828
25.2185
14.6939
14.3642
11.8242
25.661
14.54
12.7081
21.8278
12.9516
17.0466
24.2361
28.6732
14.2438
23.6977
14.4312
18.3184
12.1236
22.2965
12.396
15.1571
23.1314
13.4035
22.0017
16.7704
16.0901
16.1852
15.1999
17.3681
17.6706
25.0766
14.6379
24.4013
12.7334
23.1369
11.7921
23.5475
15.4142
11.8063
12.4853
11.893
12.1636
13.8394
32.5614
18.4043
19.9895
12.5143
13.9382
25.4852
14.2204
16.8582
14.8093
13.171
18.1961
26.4741
14.3783
20.2543
18.1177
26.136
15.5812
15.225
26.1079
21.774
14.5261
13.9649
14.3
14.0766
26.1485
35.3681
16.637
15.5261
13.8202
19.12
15.528
23.0935
20.2743
18.0764
14.6986
30.5377
15.4983
15.3805
17.1516
15.3766
14.9277
16.0836
14.3065
13.6204
31.5273
16.7563
17.735
15.4987
13.9676
15.0662
15.6904
16.2006
21.2444
14.5045
17.401
17.9686
14.6108
15.8664
24.9489
15.2864
16.5385
15.236
18.2575
17.4848
16.4705
16.4922
17.0914
14.5047
20.4888
15.5567
23.282
16.4633
16.0383
17.5261
17.6564
25.6907
18.4375
28.8628
21.4143
14.9518
20.226
19.0457
15.0522
22.247
19.0816
15.3503
17.3649
29.5075
16.5249
28.5077
14.9767
19.5092
16.2901
15.9405
16.0115
17.1914
15.9731
16.4602
19.6226
29.8131
19.2448
29.7846
16.1233
36.7742
21.7139
15.4172
23.2324
15.0108
22.0741
15.8352
27.4499
16.6428
15.737
16.1056
16.7606
15.2931
26.4896
18.9863
25.9918
16.1054
23.4974
15.5515
16.3304
24.5254
16.2626
19.6249
16.8165
13.9905
26.8838
19.8174
16.5393
15.0817
20.4179
25.5874
18.4158
14.7012
17.396
21.7481
22.8049
28.28
17.2828
32.1337
31.107
16.6943
29.9723
16.0029
19.1328
14.7337
30.94
20.0122
15.0875
14.9932
19.7257
13.868
21.7372
15.1811
22.9875
31.016
32.4164
18.0478
14.8622
26.0652
17.3576
19.7408
14.2634
32.6409
23.8662
15.6887
14.0124
15.4274
13.7689
13.7068
17.9271
12.9241
14.5679
22.4204
14.5591
15.5648
14.6259
15.5703
20.0525
14.9591
17.2046
29.3068
16.8087
13.967
15.4872
13.3449
14.978
24.7927
20.0709
20.2625
15.8236
17.4917
19.1896
14.0163
16.5307
33.4016
20.5787
25.3291
16.6029
17.5189
26.6968
15.4008
25.358
27.7473
16.9626
20.4246
17.6122
14.9687
30.4945
19.1402
15.1852
15.4921
23.1549
15.7854
24.0791
14.1984
19.7732
14.4559
28.9208
18.2935
30.8484
16.7922
18.8746
14.5106
15.913
13.7271
15.1931
25.5989
21.0132
14.2372
17.5888
30.1548
19.9625
22.0115
22.7571
15.8529
15.2066
18.2622
25.1379
14.3332
14.3319
26.6143
18.3104
21.0189
16.6894
30.9899
15.4797
21.625
36.5536
19.9011
15.9035
25.822
14.4664
25.8976
14.9957
14.6264
13.5449
27.9779
18.3017
32.3684
18.788
18.6409
13.5853
27.6761
16.8907
16.2691
15.7446
14.7849
15.4617
22.1728
15.7845
13.8047
23.3335
24.2406
25.6115
15.7879
19.043
29.1383
27.2597
18.5592
18.7651
23.8814
16.4999
19.4572
18.2154
15.7543
27.5943
23.4252
18.4915
17.5045
15.4503
17.2326
20.0383
16.712
22.5419
33.4525
31.1392
21.0795
17.5705
18.2494
30.2675
24.8217
31.9284
18.7066
18.8086
16.7153
27.1766
20.61
19.0819
28.873
29.7036
19.3645
22.173
16.4851
23.9656
18.0966
26.7144
22.392
26.7824
16.6665
17.518
22.9851
15.7437
20.5824
21.6231
23.5566
16.665
18.7484
15.4318
28.3237
16.8703
20.1303
18.639
16.8644
17.0484
28.971
24.0755
26.0862
22.1512
17.8802
22.3174
29.9586
17.0649
35.9665
23.1922
28.3615
18.7186
32.3466
17.8314
17.4891
16.7778
14.6695
16.0171
37.5894
15.8705
29.1758
18.8792
18.9284
14.6532
16.1183
21.3281
19.4839
16.135
16.8848
26.0158
18.695
26.5111
15.7741
19.3803
17.2827
33.3287
20.8309
23.1621
27.5883
23.4796
21.7872
16.7826
15.8368
23.519
19.698
16.8409
29.1161
21.0154
20.4202
28.7918
21.324
14.9802
16.0704
15.5169
17.5744
15.0341
15.7204
25.8807
27.9933
20.9817
16.792
17.5306
17.4177
20.6261
16.6315
18.8105
33.9289
29.1095
16.9745
20.7125
15.1962
15.8398
15.1026
25.1101
15.8229
18.2386
19.3625
15.6928
18.9246
18.0929
30.9828
22.5324
24.5875
25.441
16.602
20.4567
24.0406
24.7296
16.8599
24.4953
18.2402
16.1108
15.3983
25.9327
14.5634
13.5752
23.7015
16.1964
20.4068
24.5969
23.9082
17.8458
15.8125
17.8784
18.6941
15.3288
19.9893
27.2197
16.9145
24.3328
19.4702
18.8122
15.8593
17.8863
22.4254
24.605
18.1612
23.2323
23.4764
17.0582
16.7324
20.5629
15.054
15.6678
17.2085
19.0517
28.7843
18.1769
16.3485
22.4776
14.5565
27.4403
19.1138
25.6298
15.247
23.4964
15.7575
18.1474
28.7924
18.0497
28.5619
18.6512
18.2378
17.047
16.3913
27.9057
17.4535
28.6221
26.5922
15.3237
28.2593
19.7204
21.2756
17.034
17.9447
16.8532
16.5904
26.5117
24.0522
16.4694
25.5073
23.3809
15.7361
17.115
27.0207
19.9174
17.9419
18.074
19.5814
16.4283
16.7579
14.9054
38.7012
19.5624
18.1369
23.7882
17.5888
20.4861
17.6884
16.2813
16.1849
16.6058
17.01
30.0782
17.1994
20.4437
28.5137
18.3313
16.1637
17.5909
17.0922
21.2724
15.7056
16.9588
14.077
27.6273
16.5583
31.5628
16.0298
14.1628
16.1081
16.1979
16.901
25.0601
20.3506
18.2007
22.2171
15.9758
18.1192
15.6297
24.0065
16.3726
26.5613
27.1484
20.4292
18.3534
16.5494
26.4897
30.2694
29.4413
22.9888
17.5631
14.037
27.4301
19.0386
18.1553
30.9964
23.7067
26.167
25.9309
15.9696
32.1854
18.7402
15.3536
16.1448
14.4024
16.2028
14.6566
24.7366
15.7238
26.0573
15.5283
15.9618
16.6326
23.2322
17.4162
17.5648
29.6765
17.3137
24.2738
20.5603
23.2866
15.9632
28.9735
30.6857
17.8845
26.3425
15.0246
26.6043
17.9537
19.3354
17.9091
32.809
12.4974
16.8115
14.9762
27.1026
29.7096
17.4659
21.6504
14.3319
14.9898
20.7186
16.1234
24.9359
18.3794
15.8685
27.144
21.2768
21.2438
13.3622
15.0081
15.1639
15.5932
22.8294
19.8233
16.8202
17.7915
18.9112
26.3667
13.0799
16.5129
14.4655
22.3834
18.5272
26.6158
22.1164
23.8268
20.4368
20.5889
16.2828
29.2304
19.4952
18.8908
19.6376
17.0176
22.8755
16.0011
16.7381
26.8233
17.5318
21.4996
23.2932
29.6776
22.0702
16.3466
33.0356
18.3298
20.0122
15.8457
17.834
20.0377
16.7335
22.559
24.8129
16.3532
15.6881
23.9747
16.2364
21.207
18.7983
18.2644
41.5277
16.9578
16.0938
15.5201
16.7228
18.647
14.9671
23.2768
17.1357
15.9321
15.2091
14.6664
15.7159
18.1289
16.4834
18.9557
15.1386
18.6847
20.747
15.9327
32.4395
25.9641
17.7698
25.6929
18.7312
18.3081
15.8751
16.1886
17.579
27.4504
17.2994
22.1617
15.8331
20.7622
15.1858
16.6725
15.2803
20.6725
15.4871
17.6349
43.0716
29.3368
34.697
21.1952
20.5133
19.2924
16.821
27.6613
25.8758
30.8604
22.2574
19.3318
16.0572
26.6919
18.2509
19.9453
16.3043
17.0027
27.164
18.4943
18.739
29.2191
20.8191
19.2824
24.9727
26.4104
19.2109
17.7709
29.0352
26.3441
19.8465
23.5446
17.2853
18.8996
20.0899
24.2055
17.8744
20.3758
22.4825
27.0846
19.9196
15.0823
17.9133
26.1489
18.3905
23.4733
17.4436
16.261
15.9559
26.3199
17.9485
17.545
21.8762
17.9238
22.2729
25.8521
22.0253
29.2602
28.4666
20.0774
29.5261
17.0145
18.2633
16.0706
16.8268
20.1567
16.9494
31.4998
16.9903
23.6176
37.4261
22.0452
27.6719
15.8242
26.9868
24.7555
17.959
17.9367
20.4134
31.679
21.1338
17.8116
15.8218
20.754
17.2452
18.9743
15.4623
30.9967
15.7077
25.5512
16.9339
21.0448
16.449
17.164
18.4493
17.3728
16.5924
16.5411
17.7287
17.5437
18.4032
17.9727
18.9622
16.2366
19.9437
16.0671
19.0745
17.1015
26.9614
23.3537
24.5735
23.5695
19.3817
26.7222
14.1788
11.4868
21.259
23.7273
19.0806
18.23
31.8225
16.2819
18.1285
16.1674
29.6873
16.7566
17.3915
17.1084
27.0914
20.7717
17.8357
29.9947
17.4012
25.5819
16.979
16.9887
16.1764
16.3492
28.9581
17.0748
18.4415
17.0967
17.2819
29.2046
17.3531
25.7606
16.4941
26.1763
19.2382
21.647
24.9484
17.5964
38.5149
33.2733
33.31
19.0352
19.7271
16.1526
29.624
22.0365
15.1614
16.5943
22.3204
21.3041
16.5452
16.6083
26.2046
22.3344
15.0985
16.3229
19.7513
17.145
30.0503
16.984
18.1695
17.2063
18.8098
16.2503
21.2421
16.6134
19.6877
19.347
16.0354
18.1167
21.0379
18.9364
25.3115
16.6054
19.617
18.9499
16.4766
27.7869
24.751
18.1483
20.6202
23.9897
18.8601
17.8108
35.8898
26.7329
17.7486
20.996
16.6028
38.7473
32.7477
23.5773
18.3047
23.959
16.7299
19.6427
18.4361
19.1704
24.9602
17.2097
21.9513
19.0829
21.2408
18.7876
20.1257
17.8915
25.9062
29.6998
24.6419
19.1974
36.2585
35.6855
23.9648
18.5223
40.604
30.9655
20.9354
18.5929
22.5524
19.002
20.7758
19.2118
19.8464
20.2165
19.0345
17.7431
17.2006
20.9612
18.361
29.638
25.3689
33.9062
19.2418
18.8192
19.693
16.3551
19.8934
16.1125
17.2487
26.0664
16.5608
17.9184
16.7854
23.921
24.6816
27.8205
19.2435
20.4895
15.454
16.3013
27.0869
17.0929
17.3854
15.8907
18.0018
21.306
28.3953
29.0066
24.4851
31.956
17.8797
18.7603
17.8089
22.6968
29.1944
22.6869
30.027
27.336
19.1176
18.8541
16.3447
34.3086
21.3292
33.6642
21.716
17.8147
28.0732
16.9441
29.5043
22.7486
25.0491
26.0791
16.6029
25.5203
17.3532
22.7003
16.5248
15.8964
20.3347
16.7573
29.0748
32.4556
22.2963
16.3671
17.1321
15.7445
16.6621
19.9559
19.6095
17.597
28.7962
27.1587
17.7149
25.1041
19.0229
18.8
23.2983
16.5223
27.639
22.2732
15.4606
15.0546
17.2515
26.7974
15.9027
19.3764
18.5915
16.1876
27.4714
15.8717
31.4102
16.1083
22.5164
18.4985
31.3329
16.4711
27.2166
20.6236
15.8037
25.4155
15.7416
18.1926
20.6691
14.8255
25.9648
24.9445
19.8673
16.6716
14.6899
23.5413
14.0991
23.8828
27.7424
17.5725
18.0597
12.7709
14.0979
12.7405
15.0405
25.7925
15.6948
17.2759
16.8572
14.8446
11.9471
12.9494
14.2493
15.2661
13.5417
12.5545
21.2216
18.4333
12.8095
13.1947
22.6184
17.6151
14.0072
13.0673
22.2279
16.8167
12.0927
16.3616
28.0032
25.091
14.2969
12.5558
13.906
20.6635
16.9912
15.0437
21.9166
13.2375
15.8852
22.8756
21.0683
15.4463
22.6285
11.9351
10.5034
12.2951
10.9808
10.238
19.3511
15.485
14.8156
21.2639
15.0813
11.3611
11.1081
10.8822
12.6402
9.63664
9.91202
12.8263
11.3352
19.3929
18.7755
14.5243
17.3436
19.3935
19.469
11.9474
15.0326
25.0304
19.8288
14.7501
14.2913
11.7
18.3549
21.5863
18.136
19.8567
10.5619
14.0174
18.4777
11.454
10.2512
11.6471
15.4897
12.3136
9.47164
17.2616
13.0441
12.3585
14.9884
15.4346
13.9006
12.3225
15.795
17.9823
13.1324
20.7901
13.066
12.5026
13.5544
17.6176
16.1548
14.1074
18.3219
13.9232
20.0488
13.1414
16.0239
12.4155
12.736
18.063
17.071
17.0119
13.1041
18.175
11.0863
21.1138
17.5674
15.2215
13.0195
11.5398
11.7066
10.62
20.8434
17.0732
13.6039
10.1975
11.4746
11.2619
9.58123
9.68201
19.1827
19.0911
11.5701
13.9554
9.57512
14.9753
14.8718
10.645
14.7561
12.412
13.6019
11.9096
16.7921
12.9404
13.2918
24.3642
15.614
15.4857
16.7508
28.491
15.9589
12.9795
12.5261
13.5944
18.1749
12.926
14.4557
14.5451
25.331
14.752
27.9101
18.1422
24.8362
27.4336
14.5973
18.5788
12.4311
15.1349
15.1224
22.2437
13.7708
17.5047
11.1703
19.1868
13.9294
14.6451
13.6246
13.0957
23.8033
23.2909
22.8956
19.3529
21.682
12.4904
13.9646
20.1458
11.6816
15.4184
12.2843
18.0099
17.2307
14.0467
22.3207
14.2113
11.8098
16.8089
9.98404
18.0995
12.1733
12.5519
14.5707
11.8789
12.3869
20.6947
15.8501
9.87751
9.39829
20.0941
18.4322
20.6119
20.635
12.9233
13.5536
23.586
21.8237
15.9281
17.3118
16.8452
11.1936
8.30833
13.0515
10.1527
10.8192
17.647
15.5925
14.3208
10.9586
9.31396
19.2356
20.7098
23.7104
16.7122
10.8855
11.5301
19.093
12.6115
11.1146
19.373
13.4301
19.1856
12.0956
19.7409
12.4864
14.4503
21.1576
15.8111
13.0781
20.5581
15.6284
15.8882
19.7197
16.404
12.639
11.5421
11.6372
11.808
11.2686
21.8541
17.6692
11.6736
19.6325
16.232
11.3953
16.5429
10.8464
23.9753
18.1122
12.9817
17.9445
10.3126
21.2079
15.225
13.5901
18.975
16.5681
12.1387
19.6938
21.497
22.9806
14.6761
12.3618
15.5189
12.9496
12.5937
16.1936
15.5394
15.1575
13.2963
14.1579
16.2367
14.4393
13.8971
17.5393
14.2284
23.4851
13.5
20.369
13.3936
24.5468
15.3503
24.9551
26.3812
14.5379
24.4721
18.5149
13.8427
18.6156
14.3464
12.9514
17.8682
12.4125
22.7327
13.7499
14.5059
14.0241
13.2889
20.464
12.6772
21.987
19.5288
13.8929
14.0517
19.589
14.3224
16.2444
12.9224
22.2202
14.8191
12.5797
17.6463
11.8277
21.5984
16.4944
24.2015
20.3145
25.0307
19.5214
20.378
16.2442
13.3109
15.4054
13.7351
27.261
16.1571
11.9236
23.4835
14.1273
22.4235
18.5481
13.9352
22.6631
27.5566
13.7137
12.2201
12.6769
17.2138
18.1843
17.2201
19.4491
13.4818
18.0902
13.1949
15.6212
21.3544
12.1676
22.5713
16.6668
21.8439
13.2266
13.6881
18.0638
16.4474
16.4677
12.6635
13.9223
23.5788
24.1319
14.1244
11.8502
23.8078
20.5188
13.2768
20.7864
14.631
10.4497
12.3016
16.9791
11.9932
11.8679
14.2181
19.4369
14.1018
18.0847
10.6576
17.3725
13.8411
15.1854
10.8539
15.9465
12.3845
15.5296
12.4113
12.004
9.20638
21.2301
25.3331
13.922
15.9424
18.886
11.4751
12.2069
10.5892
19.68
14.6384
12.3381
20.0831
13.988
15.8737
24.1405
16.6817
30.4155
13.4555
16.76
13.9177
18.9522
15.2274
14.8647
13.7591
14.1961
14.4704
14.196
16.7222
17.0374
19.7993
10.8575
13.9045
24.8301
16.9882
12.3331
13.5272
13.1166
19.3012
13.0006
15.0856
12.4464
12.4546
14.4351
11.7368
10.5262
11.7313
12.7062
10.225
9.02365
13.1809
11.7923
10.2087
13.5206
20.6068
14.0735
13.1757
12.1657
16.6225
16.61
15.5686
20.1775
12.5392
23.5463
16.2252
14.5195
16.3593
10.903
21.0486
13.4976
14.9329
19.8711
11.2344
20.5183
13.3631
23.1154
18.6617
14.4945
14.4833
24.323
19.2236
14.2936
23.2479
14.3058
18.7855
24.7689
16.3796
25.4064
18.8468
23.1317
12.3767
21.6877
23.2431
16.1863
11.7459
11.0212
14.4966
22.0075
15.2774
11.4578
17.7152
12.6497
15.7035
25.9394
15.1602
20.5815
15.2622
12.4361
14.4861
38.8792
16.1118
22.1466
11.34
23.4233
13.5084
14.5658
21.3489
11.2098
15.1835
13.5687
11.7176
13.7608
12.6434
13.6601
18.6588
14.8602
11.0254
15.9042
17.377
11.3302
15.352
18.465
13.045
14.4847
22.1958
12.8633
13.1386
15.4576
14.9976
21.9132
20.0447
25.7686
16.0894
15.2323
15.9202
25.5773
12.9589
15.4866
14.2755
24.2163
15.1665
14.6029
13.5082
18.569
13.1122
20.0972
15.4806
15.1813
14.7844
19.4744
21.1565
11.9422
11.2051
15.9585
10.5426
12.0317
9.15746
10.3987
10.4869
11.9903
11.0571
23.2644
13.8949
12.0548
12.7204
11.5168
10.6115
17.855
12.515
10.8797
18.4573
11.7037
13.5474
19.461
18.4402
20.1709
14.4245
19.4913
18.4114
16.0533
15.2391
12.7406
26.1618
17.3635
15.3106
14.1422
16.6841
13.706
14.5246
12.1919
22.7089
15.9767
14.5307
19.1833
10.7874
20.9119
15.2265
19.5794
15.9614
12.6234
25.235
15.0856
19.3601
13.9
23.0459
14.1853
21.6416
13.9926
13.642
12.3908
18.7133
31.2568
19.7978
24.8424
14.8918
15.1265
15.8103
18.5082
12.2347
14.2
14.7589
24.3506
20.8156
22.7959
14.8232
14.924
12.5596
14.286
13.0679
14.2964
15.285
11.5087
13.8021
13.3621
23.7156
11.7194
13.6657
15.8035
16.7892
14.0351
14.1537
17.5074
15.8056
15.4219
12.0642
15.8358
20.4507
17.0551
11.3559
11.1181
17.8374
14.604
19.7328
18.9826
15.3722
10.6603
18.7768
10.981
15.7546
13.0351
12.7424
24.4834
20.7613
15.8592
29.988
21.9191
27.6394
19.1933
13.3292
26.3558
15.0264
15.5719
19.6159
23.5985
24.3299
13.311
24.699
19.3212
11.6398
16.5415
9.73714
11.6001
14.3519
18.5087
13.2442
16.4425
15.6178
13.2873
19.3994
15.3888
16.1079
14.5741
12.2336
16.9205
14.1355
11.7748
13.7958
12.8828
12.8411
17.6249
10.1217
12.9294
11.0618
11.4419
11.2037
16.4766
10.5856
12.4085
17.1631
15.981
21.5584
17.3063
11.6265
12.9805
22.9902
17.0134
13.418
14.9602
19.8161
13.4341
15.7663
22.5151
14.7221
11.9855
13.6736
13.5937
15.0771
15.6646
24.5995
14.336
19.6511
26.2452
17.6226
20.3185
16.6733
13.4579
17.2544
25.3827
15.6289
13.1462
12.3399
21.7577
13.3344
23.6145
21.6444
22.8658
15.0902
22.4835
13.9478
22.9547
18.6666
10.9136
27.0522
14.5801
12.2591
10.8423
18.8326
13.7727
17.5541
12.9983
13.5871
14.6568
12.8436
10.7038
21.5458
16.8738
12.0684
23.4292
12.8132
12.1631
11.9163
10.8561
11.4704
16.5674
19.8228
20.8821
14.8264
14.5
21.2827
19.4914
13.9723
11.7208
11.9786
14.1644
14.8961
13.922
15.2358
18.1576
12.0955
11.6359
17.0612
13.0381
12.9282
14.5441
15.2988
23.5852
15.5624
13.5528
13.415
12.9207
14.5479
19.0842
14.063
25.3587
15.764
15.0592
19.5565
13.7647
26.6822
13.396
20.8064
10.9134
14.4134
15.6021
10.5784
20.0578
25.0707
15.2736
13.619
10.9131
20.1116
13.7893
17.5521
14.9768
11.7995
10.6209
17.0667
12.6659
13.7854
11.0754
26.2207
16.7922
12.979
11.3165
16.1847
18.6638
12.2201
15.2767
14.8861
22.859
13.4279
16.3085
17.6225
21.7749
13.0163
23.6197
21.7248
17.2638
16.7457
20.5933
20.3672
13.2662
10.0583
11.3237
16.4068
19.0221
12.9675
15.3837
14.409
13.7057
11.4527
12.4596
14.6306
15.4624
15.1705
27.3066
15.3511
16.1072
14.0002
19.7632
16.8107
14.5196
11.5768
20.1248
12.2152
12.9176
19.6631
11.836
14.0909
13.7924
14.6605
15.1964
22.429
15.8715
14.0754
20.0182
13.2991
25.8541
14.7007
16.6833
24.899
14.3195
14.9897
11.1424
17.8766
13.2232
13.715
12.6056
12.3603
19.0534
19.7905
14.6745
13.0503
21.4392
15.3502
13.1926
15.7767
13.8583
27.8141
17.3954
23.9027
15.4639
17.1393
12.8692
15.1906
22.4546
14.0569
11.7174
15.7798
12.6135
14.7315
12.091
19.1377
24.7262
21.312
21.2458
15.2486
15.2063
12.5092
24.886
14.7107
13.7276
15.2541
13.389
25.6731
22.9263
16.5006
12.0096
28.6019
15.963
15.9956
11.1942
12.0868
9.89823
9.42336
20.7813
13.8372
17.044
17.1165
23.5064
17.1923
9.50718
12.8745
8.08479
10.3716
13.9842
16.0301
12.8635
11.5223
14.6482
19.7631
13.5411
13.0982
10.9915
17.9878
15.6092
16.8169
14.4065
13.3267
20.9265
16.5611
23.231
23.0818
18.0163
19.3965
13.322
13.6693
22.8299
15.3787
20.2033
13.5809
19.9307
11.2218
14.7054
20.1139
13.8063
16.4442
13.7031
14.0889
9.73937
10.6602
19.7461
12.2956
21.0892
15.9727
23.0807
18.0105
15.6755
18.4446
19.7324
14.4047
13.9333
16.0432
12.8093
18.0171
11.6771
11.2358
17.9159
19.6047
20.7797
19.1389
11.9338
12.4568
10.7179
19.8657
21.2021
15.2489
18.4716
15.9734
14.1635
14.839
23.7175
15.7119
11.6798
12.1626
12.3627
20.2365
18.8826
11.1662
16.7414
23.7063
18.2443
19.6499
15.291
23.5079
13.7515
16.7247
11.0008
17.4567
15.737
18.9392
14.3844
21.8666
15.3512
12.5912
13.6088
14.1909
17.1034
11.9965
23.1165
13.9508
27.8561
13.7469
21.0541
13.7718
24.6565
17.1265
12.5832
16.2995
11.7449
21.1328
12.3012
23.5058
24.1184
19.2272
14.1801
17.1896
12.921
13.8902
20.6528
13.4758
13.2096
25.9176
19.8437
14.9221
12.3713
13.3363
14.9883
17.3002
15.9425
20.6285
19.6687
29.0703
20.0079
27.2253
16.8194
18.9869
13.7252
18.6924
15.832
12.7367
18.2907
10.7839
17.7657
15.6519
12.4859
9.48959
12.9977
9.72693
11.677
13.2953
11.7828
14.2969
19.9694
16.6401
16.0763
13.0177
10.7788
14.3509
14.4013
12.8354
11.89
17.1139
13.5213
13.1995
21.593
21.1526
14.3583
20.0666
16.2663
21.1473
13.5478
12.9721
13.4215
10.5261
13.1916
18.4945
17.0178
16.325
19.2319
20.0268
13.2701
12.4968
14.2771
17.4834
15.7809
20.138
14.7439
13.5234
21.7092
13.4832
12.464
12.6701
22.9763
14.8159
23.6436
15.7033
26.8659
16.9701
13.717
22.4401
14.6052
15.0123
17.0765
19.8776
12.8018
22.3019
18.862
16.3406
16.5234
10.8042
13.884
11.1603
16.7065
14.8228
10.2751
10.6988
10.7807
13.3817
12.3556
11.0016
14.8659
11.1381
22.2476
15.6825
15.1091
12.0966
12.9719
19.3078
13.3493
24.9226
17.1619
11.3335
11.3067
14.7715
12.8558
15.5406
20.5324
15.1525
18.435
23.2214
21.3251
21.4938
20.543
26.8029
23.6093
25.7211
17.3627
13.7445
22.8719
25.4781
22.1435
18.1305
15.3022
14.2898
22.8482
23.9483
21.5341
16.9132
17.1145
13.9056
26.9049
20.4526
15.0099
39.003
28.9441
28.5834
16.1569
25.7178
13.7948
16.2133
26.1852
15.8482
23.9014
13.7056
15.0127
13.4711
16.4111
19.1843
21.9318
18.051
21.09
23.5775
13.0967
23.814
12.2568
17.7229
19.0051
17.1917
12.8631
12.4115
29.4703
15.6156
19.755
25.6179
16.224
22.3673
15.0117
12.3903
14.7727
19.1547
11.5659
13.2788
13.9614
13.7909
10.6552
22.9099
15.2233
12.1337
17.4974
13.97
24.2256
18.5466
12.624
20.0342
14.8517
12.4691
17.295
13.8302
13.2785
14.8142
15.7032
16.4546
14.7396
12.8629
14.0122
16.2021
18.6702
12.3553
21.3654
18.5781
16.9718
11.2604
14.7303
11.468
14.6054
14.3929
14.4767
13.8529
19.2651
14.0208
13.7503
18.3959
21.8576
16.3147
19.4247
12.3235
11.0325
13.8801
18.2323
12.6269
22.9962
13.0067
18.4617
15.7975
30.833
14.6603
16.3695
14.2769
16.0771
13.7238
13.3105
12.7778
14.0127
14.0643
22.0915
15.2832
14.3226
16.1044
27.8538
19.9254
22.3266
15.2639
12.2669
19.9087
25.7705
14.7458
29.5237
14.4761
23.5316
18.6013
14.4837
16.7769
14.5658
19.2516
14.4123
13.5909
12.1756
20.1806
13.0131
21.4036
14.3082
23.9093
21.9545
15.8187
14.5049
14.0566
14.9319
17.105
13.0522
20.1615
17.3414
13.6096
24.3816
18.0316
12.3746
16.8237
13.346
17.8298
19.3012
13.5962
30.9917
17.2646
25.8584
11.4117
17.9306
18.0769
23.4165
15.0552
20.1827
16.4099
11.7456
12.8357
12.0721
15.7029
13.3532
16.3189
13.8244
18.7093
14.5791
13.5079
15.8696
22.8605
13.2015
25.9471
17.3352
14.7277
31.8096
25.1343
18.1127
15.6762
14.8143
13.2117
23.5511
11.8731
12.9919
15.521
17.0175
11.1141
11.8212
12.3249
22.8993
17.0713
13.5116
14.7104
12.5011
13.6475
23.9547
19.3881
12.9789
13.5762
30.145
19.8184
16.6937
23.9136
13.4722
15.1776
15.4052
25.8063
22.3258
15.3346
12.6347
21.5054
23.2116
22.567
20.0395
23.8443
22.2634
14.2293
13.4572
22.3475
16.5853
24.7601
22.6202
24.7414
23.1021
13.1908
17.7179
14.0027
13.3635
26.355
15.8992
20.2819
20.105
20.7814
13.1845
26.7009
18.8836
22.2987
13.4321
12.2973
16.017
21.6441
20.9629
14.8561
27.5027
17.2611
26.0419
25.0267
16.641
15.3846
14.9767
28.8902
20.3302
15.7767
15.0265
13.7463
11.9074
19.9415
12.378
18.6802
24.7461
15.674
14.7556
24.3348
17.9848
13.5166
16.7534
18.3284
17.5034
18.0808
12.2844
18.4123
14.237
11.9101
12.5803
16.3867
12.9728
15.9388
15.8893
14.337
14.3941
17.9317
21.8534
18.9414
21.6231
23.132
11.234
12.8171
13.5269
15.7158
12.1714
20.9696
21.9491
20.7732
15.9395
22.1874
23.0518
20.7506
16.0753
21.6849
16.0345
15.8856
20.9805
12.0872
25.1374
24.4641
15.0248
21.7754
17.6064
13.0146
21.607
13.3336
13.7449
23.5203
16.6219
18.3881
12.1669
23.7144
17.6444
21.433
16.0831
15.2083
13.7217
24.1199
15.0721
12.2994
19.5162
21.6016
19.4991
17.6558
17.6687
12.8848
13.9502
14.8469
15.7469
18.6918
18.504
15.2181
17.9795
16.4911
17.2413
16.9884
27.4705
25.0269
13.6115
18.2922
13.0031
11.9151
12.635
13.3987
24.5938
13.7508
21.4979
19.418
21.5405
26.0442
14.4529
17.9053
15.5052
15.1991
23.0907
14.2988
11.7097
12.3032
28.5033
14.8952
12.3572
25.272
22.2726
16.7896
14.8104
22.1083
14.908
27.6419
16.6081
12.7553
12.3088
17.1106
11.3797
21.6299
15.0081
21.5168
17.4396
13.6064
15.4238
18.6681
19.9047
13.3009
14.8993
12.2202
23.1623
17.4616
21.5032
12.6988
24.7332
18.5398
13.4393
26.7947
13.0444
24.6661
21.0263
29.5203
13.4521
22.6919
20.5326
12.4396
22.9896
16.7879
21.42
13.5613
24.0662
14.819
14.6067
17.6966
17.5588
22.6327
21.3035
15.849
25.2834
23.5566
16.9496
14.2063
21.9836
18.1215
13.7804
21.1418
13.9342
21.1529
14.0575
12.8596
13.3806
17.5389
15.5457
12.8229
15.2747
17.1313
12.4816
14.7835
26.533
16.6294
15.9998
17.6881
25.7041
16.4478
23.1187
12.9713
19.4416
12.8528
21.809
11.8039
16.6823
13.1653
16.7355
13.5518
21.0342
15.6512
18.0378
13.683
12.5299
28.0559
17.4732
22.5255
16.9773
16.9911
22.5575
30.4999
19.2664
18.245
21.2662
12.2815
21.9835
15.2519
20.783
20.6698
12.5416
17.0551
11.7593
20.6005
15.973
12.1272
12.5323
14.8809
13.6393
13.6252
17.8794
14.1028
26.8188
15.428
18.5327
21.2275
15.7693
16.6462
13.706
15.1598
24.7638
13.0218
19.907
11.4411
15.0697
17.605
17.2118
15.1469
11.9072
15.3052
23.555
16.6401
13.2342
17.6447
12.6575
12.8869
22.3559
15.4126
14.5553
21.152
14.7596
12.387
13.1967
14.5206
13.8081
21.5907
14.9168
23.9639
14.7619
22.375
13.1994
17.746
11.4374
11.5908
20.8086
16.7403
12.9269
13.3065
13.5646
12.8441
18.0046
13.1237
16.3212
11.622
13.0441
14.8109
15.832
26.9511
13.695
14.9364
14.7143
12.786
17.5519
24.6677
20.1357
14.9755
14.5037
14.4459
13.9603
28.0739
15.9051
26.2135
13.5432
12.9958
10.4889
11.6272
17.3736
15.3716
13.9172
13.9849
19.7239
14.9837
15.8571
18.8282
13.7231
13.799
19.2543
13.4563
23.2175
14.379
16.9274
20.346
15.3798
18.4521
13.5853
24.1385
13.3489
17.051
16.7192
15.7259
12.7766
21.9284
11.5521
15.1947
22.1631
14.0024
12.6101
11.2633
13.1773
25.2481
26.3984
17.2657
15.5356
15.9906
19.7084
12.1997
17.9888
12.3493
19.4815
13.3509
23.6328
16.1559
16.4569
10.7474
12.0362
20.8035
22.8517
17.4171
24.8346
18.8107