15.8598
25.5516
23.5953
24.2273
25.5758
21.619
23.4838
22.5879
23.7347
23.5842
23.1845
31.1396
28.3699
25.8799
23.0808
24.6413
23.9288
21.0232
27.4001
26.3064
27.4087
16.8404
19.0096
24.6116
14.8192
18.4369
12.2511
19.2318
13.3291
18.5553
19.862
15.1308
15.9666
14.9411
11.5453
13.0094
13.2778
11.5026
20.3873
11.7734
19.9981
20.8673
16.2821
19.8169
18.1571
20.05
14.4536
13.397
16.8494
19.723
19.0704
22.5724
25.5377
21.9535
24.1687
27.0213
31.6667
30.6509
23.6277
31.3173
16.5423
23.5994
18.6762
23.37
20.845
32.6056
20.7679
33.2008
23.7181
29.4353
29.3432
22.802
21.6137
21.7345
21.5867
19.6263
21.7799
23.5687
15.6932
22.4794
14.7885
14.4292
23.6026
22.5837
22.4972
20.3231
22.5939
21.9406
21.2324
29.2453
21.6178
20.7315
21.9446
27.2474
29.338
17.7695
21.3614
24.1919
24.457
24.1114
25.2319
25.5844
24.3199
22.1414
22.9284
13.0516
22.6655
16.2799
17.6204
26.5364
15.1847
22.2568
29.3682
21.3847
24.3855
21.9068
24.6805
21.1201
22.2619
23.3466
23.4894
25.6094
26.0235
32.3733
27.02
19.8444
33.1657
20.2546
31.5784
20.9316
20.2273
21.646
22.8852
16.8745
31.0697
18.153
33.2438
17.2338
22.6301
22.4015
19.0388
23.5626
20.8102
23.0005
32.0066
24.688
19.7584
23.141
22.1167
26.2218
24.4742
22.1291
22.3405
21.8146
26.0309
19.5616
23.7847
22.5914
28.3699
22.0745
18.3892
22.8882
11.0774
28.2155
17.4866
23.4022
22.2652
24.4187
22.684
22.6883
25.5822
16.4011
21.2826
26.1383
30.6137
20.6272
25.0199
22.7295
23.0678
24.5101
25.6261
26.4972
24.0829
26.654
22.9472
20.6395
22.5926
21.3356
36.7349
25.1069
26.0711
32.3643
36.1541
26.129
26.033
14.6328
15.4271
29.039
15.8494
16.0212
13.145
19.1353
17.7452
14.316
16.919
13.6998
22.9046
16.5434
19.3716
19.0684
15.5506
15.3038
22.766
13.5028
13.8943
22.985
23.4156
13.7164
15.2315
17.6468
14.1786
18.3583
16.5049
11.7917
15.2599
15.5511
18.7047
14.9251
19.8313
18.6368
18.4424
16.5687
18.7916
19.8698
14.0037
23.3408
16.2473
21.1648
14.9128
16.648
12.3555
19.6739
20.7066
17.9617
15.6988
15.512
13.6264
17.0664
14.3371
16.6551
19.1988
15.0262
17.3657
15.8273
16.0109
13.537
16.869
21.3304
22.9806
24.2382
23.2072
19.457
10.3206
11.3028
13.0959
15.3816
18.3175
15.145
31.6746
27.0196
20.9212
15.6316
22.2447
20.9321
13.6624
21.0063
17.0486
15.416
15.438
21.9314
13.2764
21.0972
16.8317
16.6846
17.5719
13.2134
23.6282
16.1273
25.8086
15.228
15.6345
14.7047
13.5292
19.4603
19.5537
20.0472
13.5696
14.4721
16.8958
12.789
14.8721
21.9133
16.6973
16.3525
19.1552
14.9687
19.183
17.4764
13.1824
17.4588
19.8936
20.2695
18.1987
17.1819
12.8583
20.6989
18.6159
15.5565
16.3718
18.6463
14.0623
16.9983
18.341
15.0222
17.4906
14.5167
16.6531
14.613
14.124
16.2212
19.3712
19.6807
17.2943
17.9522
13.5771
17.8547
15.2436
16.3075
20.9053
13.1411
14.3672
16.999
15.3397
14.9229
25.6093
17.5362
12.5644
18.5582
16.0201
13.3927
15.2909
16.6448
13.1621
14.6113
21.3051
13.6105
24.1169
13.7894
15.0176
19.2842
15.934
17.5507
23.5628
15.3608
22.8059
13.7782
16.5972
16.0412
14.6928
23.2543
16.9921
16.071
16.3253
15.0792
13.391
16.338
13.4077
18.0125
13.0249
19.6396
14.1904
17.3854
20.2082
20.7424
26.5436
16.5345
20.5407
26.3452
19.8272
30.1917
31.3783
26.8378
23.4854
22.8387
21.798
27.4446
27.9178
20.0901
27.2951
26.2233
22.9382
22.2861
34.6248
25.895
27.3576
26.675
26.1512
22.7227
23.7903
15.6904
19.0101
28.8137
20.7035
30.3651
19.1701
34.0091
34.2108
13.668
26.4542
17.5999
14.1782
23.123
14.1583
27.3499
29.5184
14.2235
14.5184
20.6227
25.6573
18.5073
11.3022
16.0811
31.8056
15.4072
21.401
16.8353
19.2363
15.081
33.2413
16.8447
15.6458
21.0306
19.9842
17.6303
13.361
36.7266
17.0779
19.6669
30.1529
18.3516
16.993
18.5488
29.5466
26.628
17.1231
24.13
15.5733
17.9316
14.0953
25.0981
16.8343
16.9666
35.4512
25.147
26.5888
24.4995
25.4625
13.5055
27.075
21.4546
13.7608
21.5935
22.7694
14.5797
13.1063
23.0355
21.526
18.994
27.7875
25.8641
14.9991
13.0415
29.5314
20.1917
30.3857
16.4208
32.5284
23.7798
15.7412
34.2598
14.6983
32.2666
12.6874
27.6842
29.2589
14.7395
16.4036
22.8541
26.2125
22.9186
14.2925
20.2246
27.9548
15.781
17.1367
22.6631
22.0725
27.5153
31.3061
17.1978
24.6054
21.2024
21.9086
23.2363
20.9865
22.0627
12.9608
22.5384
22.8686
22.7795
14.7903
33.8635
21.8972
23.7551
12.7853
27.6167
18.5257
16.0057
27.3628
21.3233
15.5465
13.5536
14.086
13.8612
15.8432
22.5343
15.5451
21.2364
20.2496
17.6013
12.7775
14.2878
15.3877
16.9248
16.8556
16.5985
15.5607
24.4245
13.3641
31.1298
28.2394
15.1639
17.9072
18.989
18.9176
21.4438
30.3421
13.6965
20.7095
21.7414
18.506
15.5478
24.8289
14.6765
22.6225
13.623
29.1485
15.787
22.4509
25.5032
15.1851
16.9127
17.4586
28.1294
21.7661
21.2748
11.823
20.3066
14.1064
19.1531
13.1454
22.3968
23.9443
18.7497
17.6482
31.1735
17.9723
33.4003
28.9924
29.7981
14.0189
12.1665
18.1884
19.5077
25.2339
13.3833
30.9885
24.9684
21.9976
22.6251
27.4142
21.0396
18.2779
22.2866
20.1612
18.0775
25.4917
19.8183
18.1208
15.293
22.745
13.9199
21.2789
15.66
17.0101
17.005
14.6848
13.6467
22.275
15.1007
18.8768
31.2482
31.0538
24.1382
20.2977
24.7203
21.4455
22.6197
22.8167
21.3395
20.7946
20.8054
14.6056
22.7321
18.437
22.6832
15.669
29.9662
13.7506
21.7735
21.9611
17.603
24.1122
19.8104
23.1478
20.2152
28.4086
19.4145
21.2794
28.7894
29.0947
20.5434
17.8812
19.6011
19.4784
19.8667
24.8189
21.3174
19.7394
19.0083
27.8499
17.9322
18.8235
19.4597
20.2528
24.0084
18.8174
21.1242
23.3111
20.6607
19.32
21.133
28.2715
22.3922
23.0699
22.1061
22.3724
24.0201
19.4403
23.2784
21.7353
18.7163
35.7353
26.0742
21.1916
19.9324
28.4292
19.2729
18.6695
22.6185
20.0374
18.1711
17.587
20.9701
20.9443
21.0091
16.4089
18.9932
16.3738
19.1379
22.6283
26.9584
21.522
18.9561
19.0584
18.3291
22.4
17.9105
21.0512
22.6428
21.0548
23.2383
14.6524
21.6595
16.2476
21.2865
18.6797
21.7188
18.4587
22.5135
19.809
20.8722
20.5759
21.6235
25.6678
26.5227
18.1546
21.7254
23.0763
20.3478
22.2841
21.6433
21.1971
19.4038
21.8474
14.6639
20.6251
26.5603
22.2587
22.073
18.8947
20.4205
18.8458
19.992
19.9188
20.6385
18.5116
17.9115
21.3571
19.7314
20.5342
19.3805
19.8461
26.6429
21.4919
23.603
24.1672
20.5413
20.7197
14.0848
21.1336
23.5318
17.7275
23.2088
19.9147
21.5641
22.3676
22.5974
13.2941
23.3291
20.8594
26.1237
23.2521
22.5745
22.7358
16.8414
20.5613
18.0504
23.4819
22.3019
24.5687
31.3421
23.8591
19.4071
19.506
24.123
25.561
20.7223
26.6064
19.5203
20.4904
23.7725
21.3627
19.1702
21.2147
18.7713
26.8091
20.1534
21.9348
22.6279
20.2212
22.2653
21.0198
19.1843
29.446
19.7222
30.224
27.0441
27.3405
21.4427
21.9669
20.1053
27.1548
23.1663
20.2432
13.7602
17.9297
18.2964
17.2479
23.6943
17.7621
22.8485
20.9317
16.5321
23.2296
13.2937
21.9219
18.4192
21.9395
14.7953
23.1021
15.641
23.5383
25.5861
23.6255
23.4846
16.6449
18.8169
22.6955
21.4842
19.3759
18.1156
24.0856
20.0572
12.7972
24.7825
13.4477
28.2973
20.9526
19.2651
21.6005
20.0687
20.6944
17.6154
20.4236
20.2356
25.7187
22.0912
26.1825
20.6712
14.5371
18.9937
20.867
22.9521
21.2678
20.4007
21.8327
25.159
19.7483
18.6284
23.6271
22.5484
31.8847
23.339
25.5662
15.0071
20.4116
21.4211
22.7395
13.1856
21.6337
32.0478
21.5422
21.5684
18.6703
24.9255
16.9993
18.9064
19.0115
28.1307
24.4681
23.9423
17.0133
25.1567
11.4632
21.387
13.3883
23.5225
12.9953
19.6866
19.6861
25.976
13.7143
24.6871
20.7166
16.0828
19.2032
21.4491
11.7703
23.2566
23.7605
19.5217
27.2966
22.6218
16.2465
30.2924
23.0485
14.235
20.8916
21.0524
22.4783
22.4173
34.5617
18.4616
8.60742
21.9499
23.3102
19.3203
25.3137
20.6427
19.2981
19.6584
21.9785
21.1736
20.5067
24.6141
22.6719
26.2895
33.1824
20.0054
20.3016
21.9555
21.2038
21.1778
19.5548
22.3996
22.0328
18.9907
22.6713
22.7682
18.7925
22.1285
20.1512
17.0575
19.1925
20.4826
20.9498
31.9942
12.966
22.6551
16.6547
12.4642
28.2692
17.8748
30.205
14.8097
23.3099
18.8602
19.8626
13.9015
20.2256
13.296
14.6803
22.3999
18.1819
15.1575
14.5814
13.4266
29.7346
14.6376
14.3811
22.756
15.5852
20.4545
15.8578
22.9684
24.1302
17.6208
23.3396
16.8487
20.1857
20.3465
21.5268
20.5101
24.7212
14.572
20.0013
21.5
21.1576
21.5512
18.2716
21.0533
21.0586
23.4394
14.8666
20.6471
25.0345
20.6627
22.1411
22.2786
21.6611
21.9536
20.1079
22.325
25.2261
19.4116
21.4703
19.2485
22.0767
17.6026
19.4775
20.8175
23.0023
19.4832
20.3815
20.2455
30.763
28.1447
20.224
23.7556
20.9254
24.0044
33.434
27.9454
19.0033
25.7919
19.4957
22.8814
27.652
25.2518
21.3974
19.4695
21.9389
12.6055
28.3134
33.5837
14.0539
14.2992
21.5944
22.5777
19.8377
21.7839
24.4187
17.8086
21.5026
18.532
13.7768
14.358
20.329
13.9283
28.3231
13.4946
22.3648
14.195
25.2361
20.7071
24.5317
20.4706
15.4499
19.8701
13.0578
18.6511
19.9119
23.4685
15.9743
22.5121
19.9661
30.4621
21.3897
25.7322
20.5776
30.2769
21.0055
29.7882
23.993
19.4931
21.2983
26.5354
18.9229
23.8933
28.6697
21.2972
18.4954
15.9188
12.8027
19.1664
19.1967
19.5064
31.6053
25.2804
20.0123
26.798
23.1258
22.13
20.1056
24.8664
14.4428
25.9165
14.5374
13.4573
14.0745
15.4933
9.91419
15.3117
24.1148
12.9437
14.6116
18.3887
19.497
16.3884
24.0432
19.5288
15.2655
15.8845
12.4274
16.0566
20.4563
13.9588
15.653
16.7613
20.1532
14.1731
20.3836
13.312
13.0002
25.2624
12.9113
23.9201
25.1846
15.0753
20.4798
20.3058
15.1527
25.3955
18.7968
16.9566
22.1903
29.9728
14.2081
27.2052
14.1391
28.4256
16.5332
23.9361
21.4711
30.6131
21.4851
21.1388
27.174
13.2253
28.9642
12.4971
26.3435
23.0425
18.5642
31.9052
20.2417
21.3225
19.9812
20.401
23.494
16.1488
21.2321
22.1135
26.7031
13.9857
17.3707
21.3192
15.5375
24.8732
20.1732
12.8898
23.5218
24.723
13.9394
21.5713
13.3006
20.0866
15.0463
14.2891
35.931
24.404
13.679
15.3434
28.5354
19.0507
21.2076
21.8458
15.5854
35.0711
13.4275
22.1549
13.1632
33.7057
13.7678
16.8357
16.2921
16.0495
22.6554
17.8393
13.3133
17.7291
17.5445
14.027
13.0074
16.8433
30.8686
13.8773
13.7057
25.1906
15.6153
20.8342
20.8125
16.9556
21.4471
15.4388
22.7391
17.5258
19.0803
19.7374
19.0906
19.1406
13.5429
16.8326
12.94
24.7049
17.0881
22.7371
18.7248
13.7398
15.1178
18.4356
17.9518
23.1452
21.636
14.8772
18.2717
15.374
12.2933
23.7609
19.5141
16.9535
27.6073
14.695
21.6985
15.1004
30.9691
16.4048
24.2771
16.3303
10.1112
12.4948
21.6236
20.1215
13.698
13.7186
17.9085
25.1773
15.907
24.508
14.8344
20.8632
14.3014
21.3421
23.0778
24.1741
22.0726
22.6279
16.7104
15.5597
23.8875
14.4389
23.5971
16.0919
13.9349
26.8161
16.9783
16.9096
19.7235
22.5857
24.9939
23.284
21.7341
25.3524
15.4601
23.1443
31.0629
24.8052
20.4983
26.1106
24.0125
23.7577
21.3952
28.6826
20.2624
22.8684
23.3303
29.6797
27.3931
21.233
19.1409
21.1135
21.073
22.6937
19.5874
22.9279
22.2398
45.0905
17.1098
20.4634
34.6855
21.8189
27.5228
24.5989
21.1243
23.2617
22.2421
21.6689
27.2235
20.9759
21.1851
19.3951
20.3202
19.4517
20.3473
17.8199
24.2826
17.0091
19.9608
18.7755
19.0368
16.9044
30.1592
21.0609
20.514
20.5311
21.524
18.9972
19.6025
21.4469
20.0812
20.7843
29.6054
22.6642
29.7905
21.9803
26.1857
23.1696
21.7812
21.5088
20.8622
21.1587
13.3832
21.3553
25.8933
21.3315
22.595
21.4587
20.2958
23.6881
32.292
31.1671
23.3388
22.9307
21.8684
22.0907
20.2454
23.1584
31.9926
20.8533
27.6819
29.5803
28.1473
22.572
37.0273
28.4527
24.2929
22.5367
23.8176
32.3249
21.825
35.7913
24.8919
30.0432
28.7656
22.8716
28.1383
18.8374
21.199
21.8432
21.8355
21.4632
19.7456
21.5951
11.8067
30.2884
14.7313
30.9389
13.5602
19.1622
12.1099
22.3598
16.9527
15.9687
12.672
27.9594
15.8349
13.9608
32.0286
13.9887
18.0188
17.1473
32.6423
17.3389
19.356
21.9453
12.6785
29.4922
15.2087
13.8202
14.8039
12.8145
13.5397
23.175
14.4321
22.4512
19.2739
13.9372
16.6921
30.8093
22.3067
13.089
18.5455
20.9445
15.2081
27.5887
12.3547
20.9531
17.6915
12.9123
33.4579
16.4609
13.5212
21.1453
21.5115
23.2997
19.688
26.6135
14.6272
15.5033
13.8859
21.1911
24.9899
13.5209
13.1551
30.447
16.4985
14.6407
35.555
17.4119
13.1195
17.8848
13.0536
18.8839
24.0249
12.9745
20.0199
14.4215
19.4217
11.3572
17.4673
14.6938
10.7242
17.9247
13.5684
24.4697
15.1093
22.3862
13.2567
14.749
16.1945
15.4826
13.1475
13.5794
11.7575
15.1736
13.7045
13.2953
11.6242
33.4697
13.675
14.0776
12.4258
14.0613
22.8816
11.9248
23.377
16.2159
13.2156
15.1265
16.5241
14.3235
15.6322
19.9204
14.858
18.7254
16.6665
16.6603
17.0336
13.0064
15.773
21.539
15.9648
12.6789
14.6864
11.6387
13.0494
14.1387
11.6902
13.2852
19.8182
13.8878
12.4871
17.4373
12.8035
16.0014
20.0361
15.908
13.645
15.7963
13.0546
24.8295
17.6592
19.6571
12.2394
22.3945
15.5431
13.4985
12.24
15.7936
16.0713
14.5021
20.8213
26.9145
12.959
15.3274
13.9195
13.322
17.7321
13.1998
13.811
14.8573
12.6745
12.0556
20.3942
15.1653
13.4706
13.1591
12.1887
19.942
17.5049
20.1733
12.6745
29.4185
11.2023
16.4412
20.6643
18.4975
14.0926
21.0748
13.509
30.0772
21.0636
14.6084
21.414
12.7687
16.9
22.1011
26.4292
19.8008
14.0884
22.7012
33.5542
15.4095
21.9732
20.7133
17.5013
30.8358
20.2786
18.7037
30.1373
23.2096
12.9848
20.5108
17.0631
21.6662
14.3221
42.8953
23.5398
16.7457
29.503
24.0955
14.4816
24.6449
12.8736
22.4272
20.4253
14.0322
27.6941
16.1585
15.4319
12.4466
32.7971
18.1161
14.5764
37.7381
18.4801
30.392
17.1168
23.4525
24.7505
22.7601
33.3312
28.0614
14.953
37.2576
21.9627
25.5768
16.4605
14.5227
22.7405
13.4164
27.6776
23.1762
17.3828
21.9718
19.202
14.4751
23.6887
14.2499
20.5866
30.9462
18.1546
26.2086
18.2435
25.536
14.7117
31.6816
23.3679
16.775
22.7452
24.668
22.4896
22.7132
25.542
15.5022
20.5469
25.1828
19.2006
26.6972
23.2042
21.0121
20.0355
18.9567
29.0976
17.7703
20.4365
24.0767
19.9873
34.2495
26.4883
22.1964
31.0853
36.5141
23.6251
28.2103
27.5489
28.1499
21.1666
13.9652
21.3768
19.0828
22.1064
20.5858
15.4802
19.3043
32.0119
20.6149
27.3474
30.0329
23.8607
25.4505
22.401
24.4528
24.2824
20.7387
19.7095
25.5951
27.3045
36.428
24.9317
24.307
25.8716
20.7692
35.5959
24.2729
23.0198
25.7944
23.8144
16.3606
23.4379
16.1271
35.8393
28.3434
16.4597
23.1182
16.8137
24.2555
21.7728
12.4484
22.0369
19.667
23.0022
24.8511
17.8429
24.224
22.7839
30.4223
20.8747
13.156
23.2986
19.1006
28.9547
30.1869
26.0954
26.6328
26.2882
22.0303
19.3914
23.5682
15.1725
19.0955
25.4735
28.1035
21.5528
30.9206
22.3846
29.6392
23.2891
23.7472
21.9696
22.4771
22.4978
21.1044
24.2242
20.2309
26.3466
32.6743
20.6352
24.1377
25.3
40.8469
24.022
24.1962
21.3297
21.91
31.1629
23.4781
23.5644
21.3384
21.5286
22.0601
30.5935
22.5235
25.7002
21.8781
21.0493
28.2662
22.9757
27.9767
23.885
21.59
23.2835
21.6949
30.7602
22.7592
22.336
13.52
20.8266
24.1729
19.6124
14.2255
32.6247
18.2177
20.9293
26.5615
25.0051
22.0811
25.7844
32.6531
27.6217
25.0135
26.2665
23.4278
28.0931
24.4489
36.3192
25.9567
36.4308
27.9819
25.4981
27.7594
24.3432
26.0347
28.0841
26.0408
24.8891
33.2687
26.0856
31.3821
25.3742
26.4004
27.0754
27.5675
26.0897
27.929
24.947
23.2356
25.6766
14.912
31.8642
16.6655
40.3208
16.95
30.4243
18.8726
25.3975
20.3165
15.0983
21.0751
27.6417
21.3399
20.3744
15.8246
15.2242
24.7123
14.2621
24.7965
21.916
15.271
23.146
28.1458
20.673
32.1057
16.3439
19.4421
25.0916
17.6914
14.4344
20.4445
22.5454
15.9589
22.9258
15.5412
16.8794
16.721
16.7137
14.2685
15.7291
19.7835
21.59
15.0007
13.1928
17.2942
13.363
15.3554
15.5604
15.6792
17.0727
24.5302
17.9804
19.7102
14.0128
10.983
12.917
12.965
13.7535
22.8511
14.1583
17.8079
24.684
15.826
21.8386
18.8462
21.821
16.5824
31.4514
14.4967
20.6762
27.0605
35.4045
23.8703
30.0849
23.9904
26.8737
14.7932
23.5805
14.0447
35.4025
23.5039
21.1169
26.8803
14.5093
31.0434
22.4518
14.8803
16.0908
24.6994
20.8543
24.3572
35.8937
24.3066
14.7049
16.8245
15.4681
16.4743
22.2836
18.6764
16.0393
19.6529
14.5336
17.9825
21.0735
24.1507
21.2081
14.9337
24.4212
25.1185
21.8793
16.0301
15.9571
20.0736
24.2857
18.4607
15.0473
15.9258
16.5874
22.9839
13.2397
15.0667
14.6426
14.6564
15.8711
21.585
26.698
14.7525
29.1275
18.7105
16.8826
16.73
15.1358
13.0438
15.1509
15.682
21.9862
18.9035
22.3764
13.9137
23.2091
26.0495
17.155
25.5814
13.827
24.7523
24.5652
39.7426
24.9225
24.5102
26.878
24.7493
24.5466
22.6046
25.6798
25.5176
24.2485
24.1506
16.7599
24.3302
26.73
25.6719
13.5042
12.5964
24.3595
19.9428
24.1443
28.6534
14.2937
28.4677
29.5712
27.5548
23.9405
24.6784
23.2107
21.4937
20.2294
20.2065
20.9859
30.8857
23.3488
21.5671
22.9184
21.9343
23.9253
21.2964
23.2758
29.1818
26.0064
19.0194
22.3222
25.1971
22.8797
19.7105
17.9177
23.7562
28.0872
21.8599
33.9058
21.2572
22.2288
23.0059
22.7696
22.5047
22.2556
20.4506
19.354
12.6949
19.5958
19.0457
22.0664
16.0862
26.4085
13.9356
31.3616
15.6977
19.1351
13.6661
14.9033
24.9176
23.3959
15.4071
16.5536
22.9134
21.2489
21.8547
28.499
22.1838
21.3768
15.0111
21.8939
17.217
24.6628
14.6904
21.8316
15.6067
21.9339
15.8467
13.6095
33.5043
26.8373
32.6423
22.1058
27.2062
19.7285
24.1927
35.7343
20.742
21.847
17.3061
25.2574
21.9327
17.8309
21.2888
18.9434
17.6063
20.4614
21.8073
19.8431
18.8107
19.9411
27.5903
28.3816
21.9157
19.9965
21.3467
25.2227
21.3398
19.1902
21.2763
21.6592
20.6703
20.6261
20.8228
20.6671
20.8903
22.3049
21.3548
28.3024
19.4529
27.097
19.8457
19.5568
22.7729
23.2707
22.0794
32.5606
24.0579
20.072
19.8953
23.8258
22.7055
32.7876
26.1762
20.5647
23.4163
23.1152
23.8879
20.9733
29.0878
23.603
18.1337
23.574
15.3111
23.1014
26.1284
14.0651
26.8537
14.8176
22.8855
24.8135
23.3065
27.4712
22.5499
24.4417
22.276
22.221
28.0384
33.6108
22.7363
21.8993
16.923
30.7751
25.6877
25.7652
19.664
21.8792
29.4928
20.6546
19.5893
23.9721
20.3078
24.1814
19.2754
21.4897
22.2171
24.5966
23.6664
20.3005
14.1751
23.6286
19.9946
18.9603
19.7163
23.9736
25.4395
18.7428
23.116
22.0898
28.4294
20.7746
18.1907
20.081
26.8418
20.1261
22.9522
19.3722
26.009
28.8992
19.9394
22.4603
19.5588
22.6572
13.5287
20.9018
21.5233
15.3014
20.3679
20.2111
20.4398
23.3302
15.7439
25.7524
18.7907
17.8172
20.1049
16.8903
20.8675
19.8427
16.2032
29.6486
15.8063
20.6958
25.4455
14.569
30.6517
22.4375
18.2033
17.8282
25.3768
18.8746
21.4823
18.0549
15.0854
20.1838
13.6912
19.5217
18.5653
20.6103
13.6038
21.3126
14.5057
17.3675
20.3573
20.289
19.2441
21.5681
18.2486
18.9023
25.4003
19.4088
19.4648
18.7231
24.6398
15.0302
21.6829
19.9123
25.153
19.9622
18.6202
32.479
18.4315
16.7288
23.213
16.8705
24.9563
20.7507
21.2093
24.1421
21.1448
21.8668
20.6503
20.4473
21.3836
14.9465
21.5468
13.3259
19.3398
19.4993
15.4328
22.1984
18.7901
20.9113
19.3694
28.0092
22.3672
24.4043
25.1572
19.2224
21.2448
21.6683
18.2445
27.5344
28.1597
24.6856
17.245
36.5099
23.7235
24.0092
19.7468
15.748
27.9421
15.4422
22.7126
18.5407
18.8027
23.3876
27.5855
21.1799
22.3973
17.2605
28.9207
19.1567
23.805
22.2892
21.6373
23.7432
21.4564
19.9008
24.8552
22.6762
21.3422
18.1184
20.9249
23.6422
24.97
22.6907
20.6804
24.8808
22.9732
13.2723
19.3832
14.822
23.6733
21.4814
13.307
27.8991
21.3918
16.1021
23.695
24.1445
22.1571
13.8288
16.1511
23.3477
15.5225
16.5345
21.3177
14.9345
29.8048
26.2776
23.9785
25.51
14.27
21.728
16.1515
25.4493
26.1716
29.2927
14.6346
21.909
23.1218
21.3372
23.1809
21.4526
15.1786
14.1645
23.4737
15.1203
20.4888
17.0988
14.3339
24.4793
15.327
23.5886
16.5507
20.3348
20.5037
24.9703
13.5608
28.2308
17.8893
19.3434
30.7012
21.3407
16.8684
19.3127
24.7304
21.6732
12.6045
19.0009
15.6842
18.8202
19.3044
18.8627
14.4383
11.7484
17.8067
17.5599
19.6804
25.0735
23.4302
20.4175
25.0085
27.1727
19.9942
21.1528
15.8412
22.107
25.7563
11.9898
12.8447
23.1399
32.032
26.2219
16.8944
20.5446
13.4121
13.5744
19.8262
23.9198
14.4123
21.6459
14.8475
19.4479
14.0602
25.7458
20.7588
13.4091
21.1709
14.0946
17.4516
15.0352
24.7684
16.0198
16.1533
21.5057
12.8454
12.9124
13.1869
18.7222
21.3312
17.5512
17.0652
14.4185
24.0642
16.835
15.0277
18.5453
17.0048
20.7447
15.566
18.4144
13.2357
18.6632
15.0941
16.2269
22.2648
14.2571
11.9762
23.5772
14.7545
14.5035
14.6139
13.3191
12.8934
21.3005
14.93
12.7427
18.4982
11.6309
17.8654
12.5087
18.3565
28.0182
14.9084
23.3877
14.6829
32.6338
13.9361
37.9405
17.2224
15.8147
15.6293
25.5455
17.6196
13.6241
17.1625
15.5071
13.4341
29.1621
16.4574
12.652
20.537
18.4287
22.9592
23.2348
13.9151
30.5348
14.6859
21.4852
15.3928
18.4383
24.9242
13.3679
22.6723
23.1338
20.1908
25.7151
22.7632
14.1884
23.8998
13.784
24.3064
12.1567
26.8776
14.3023
18.9602
15.0566
12.7097
20.5536
13.5204
16.2597
27.5806
22.3836
27.2298
26.1237
16.9302
39.7771
27.4274
25.5209
18.5706
28.8753
15.757
32.297
17.1482
24.1884
25.3777
24.0662
23.0417
18.1331
18.5788
23.3577
25.4592
14.9451
23.5158
23.5606
15.8688
21.7461
26.8727
25.3996
22.4644
22.6208
21.3961
24.6683
23.3053
29.3286
20.3495
19.6734
27.8381
25.0818
23.3786
13.5975
28.7014
17.2634
22.4574
19.4511
29.7682
15.9079
23.78
14.5041
27.7111
11.6163
17.6154
21.1099
24.6663
19.3438
19.7639
22.8125
15.0969
19.4501
12.9156
23.8325
22.2624
11.5199
20.745
18.2943
12.3122
23.2739
14.6129
13.196
13.4652
12.5012
16.228
16.532
12.0335
35.167
16.159
21.9402
17.9912
23.1295
19.9901
23.4995
23.2414
23.3558
22.0262
23.2012
35.0947
22.8688
29.6087
24.4279
26.0991
20.3854
22.6669
19.7982
23.2041
32.8708
24.0833
30.6379
30.792
27.1539
30.91
28.1069
30.0944
33.3943
24.6242
25.6787
22.838
29.5202
18.2839
24.2423
21.7202
20.0496
28.2349
20.7633
29.187
21.9911
18.0489
29.0781
29.9244
17.6197
28.8043
18.7846
21.464
18.3583
27.6939
18.5361
30.2622
18.6375
25.1991
22.9282
23.4377
23.472
28.1751
19.8605
19.8173
21.9164
22.3041
21.4263
21.886
19.7748
23.1593
19.6773
20.9524
23.0891
19.8763
18.8706
18.1941
22.6497
21.2417
22.5824
18.0932
20.3242
23.7398
23.2935
20.2494
22.0375
25.9561
21.5881
28.6434
23.2974
29.1392
20.1236
20.2871
22.7386
22.0085
21.858
18.993
21.217
31.0196
31.1642
22.2187
21.4107
20.7359
20.6242
20.5374
32.1986
20.1842
21.8964
22.7437
21.0502
39.2215