37.1689
15.598
18.0581
12.7132
16.1761
14.5114
12.2209
15.8312
13.3847
13.7286
15.39
18.0923
11.9484
16.1052
17.0616
11.308
22.6276
13.652
20.45
15.1997
14.7936
13.4385
23.8108
18.8276
10.7558
23.6582
14.8651
12.0978
15.5512
17.3763
15.179
13.488
14.9959
16.8425
11.8742
10.7902
17.722
14.4241
20.4079
11.0885
16.8124
17.9178
15.2925
13.864
12.7151
15.8588
13.7161
14.9243
12.2704
16.0148
13.0857
19.082
10.9956
18.8488
21.0129
15.2076
14.3772
23.2271
11.5698
12.2607
17.5811
14.9994
12.4716
14.526
17.4724
17.0458
11.8571
13.9346
15.5615
16.6082
20.0761
16.6618
17.9272
20.4375
17.2182
17.4258
16.5533
13.7204
13.914
21.3971
13.9595
15.1009
11.8217
13.7968
18.9424
11.6919
16.0429
18.8923
12.6971
9.92479
15.1565
15.3727
17.5214
12.2903
17.8343
15.0727
12.5978
13.3165
13.142
19.4588
14.7472
19.2222
17.0316
18.3557
15.5318
18.813
22.7058
14.148
20.4608
14.9288
14.2639
17.1851
15.474
25.4345
14.6344
18.2046
17.569
14.5511
16.4249
20.2151
14.0591
17.4092
18.9242
12.4149
25.6775
15.5764
16.3104
21.1195
16.1151
15.3794
15.0583
14.8177
16.573
14.7943
13.0601
12.5801
16.9844
23.9084
22.3817
13.4322
17.1947
20.8335
12.9564
18.6776
11.3062
13.5447
22.2963
19.2037
18.3562
28.3711
18.6431
12.8984
26.1562
14.9727
15.2341
21.7579
18.6913
26.4474
19.492
16.2731
19.4765
20.8789
20.5306
15.1579
19.0581
13.7153
23.6979
17.2099
19.3435
20.5408
14.4113
14.6796
12.3682
15.6882
24.6164
14.3051
25.2425
13.0678
13.6431
24.3518
14.4295
17.3368
25.3267
19.3007
16.6125
13.8495
15.6678
13.4818
14.6686
13.494
21.2314
19.0207
18.4852
19.4672
30.2762
12.8604
15.4106
16.6807
23.985
16.5442
20.9802
25.6498
13.6663
22.4203
18.5285
12.7172
24.3367
13.3701
21.2331
19.3443
21.0597
21.3461
12.5782
15.7894
13.4667
20.2493
14.398
19.978
14.7963
14.6117
18.3344
21.5406
13.7192
15.791
16.1721
23.7829
14.222
19.0945
15.3309
16.712
15.8541
13.1182
13.3921
18.3132
21.0459
16.4529
20.882
23.0224
15.7801
21.6337
15.2596
27.4825
14.4043
20.7203
18.3631
31.1537
13.1401
18.2235
17.5573
12.5448
22.8021
20.1588
14.9795
22.1142
14.5256
12.3677
30.1047
12.8248
14.3564
12.7161
13.1819
23.4851
14.6472
14.5288
14.369
25.7882
13.6345
16.289
12.9285
20.1156
20.5004
21.81
33.1513
19.7667
13.1546
14.1771
20.4843
12.9056
18.4009
13.3746
20.7214
20.7594
14.1329
14.6309
24.0806
12.9477
13.9312
31.9408
20.5753
20.0966
19.7054
18.5318
29.8049
24.8161
24.3939
19.323
19.2919
27.2
21.9673
25.077
18.8943
29.0943
20.092
13.623
22.3995
11.5762
15.4461
12.0093
17.1824
16.124
22.1857
8.51075
10.1406
8.8599
10.3135
17.685
15.5799
19.2991
14.283
23.2188
17.2566
25.0552
12.4084
20.3908
26.9338
27.3686
27.37
13.3857
31.1381
16.5135
23.9386
12.9342
13.1585
13.5352
22.1385
12.6198
19.3723
12.928
21.8968
16.6198
17.0185
13.9897
13.9351
17.7512
13.2234
20.3672
17.4789
35.3164
13.1602
19.6789
22.1441
20.9696
22.636
13.3614
15.3984
32.6871
12.798
16.075
13.947
15.3578
14.3154
13.8223
14.3561
15.4968
23.592
21.8563
12.229
18.1354
22.2162
23.3694
11.7006
21.6745
12.2138
26.4969
20.9671
35.1091
16.2578
16.0878
14.233
13.3975
20.6836
20.9209
16.8056
32.2074
20.4341
21.2192
20.0385
19.3751
18.5566
19.2035
16.5453
21.8745
23.1652
18.1212
30.2131
29.3829
20.8272
19.2773
21.6724
29.3519
15.4691
22.8964
23.5644
21.4984
24.4929
13.7056
35.4498
17.0679
15.7113
16.184
21.2143
12.5073
19.2682
11.821
23.1538
13.753
23.3004
16.7533
32.2176
14.6854
20.8395
12.5361
24.4832
20.7604
25.274
24.2951
30.1964
15.639
29.707
16.3085
28.535
22.3662
15.2156
15.8736
23.9472
23.0233
16.4429
17.4629
23.0722
14.4873
27.6069
14.0331
29.8794
23.5656
21.3412
20.9708
21.731
14.0075
23.3474
15.2113
17.9356
18.321
14.0474
22.757
13.4977
13.0469
16.8516
22.7033
14.8707
24.8388
24.8965
21.8336
21.6209
14.5778
28.9613
14.589
21.2107
14.984
22.7528
28.2851
13.0431
16.3313
16.3591
38.0244
11.8382
12.4991
11.5455
27.1866
22.8965
24.7378
15.8687
25.4648
27.1529
14.0357
24.4579
13.6612
22.8457
19.3926
17.1008
20.1697
17.7795
20.3878
15.1096
27.7089
24.2247
24.5061
15.4641
19.0254
20.5269
13.0517
23.4051
15.7236
23.7217
17.3937
26.2681
20.1545
22.6047
17.0839
18.8872
21.3121
20.0437
15.1928
13.9392
22.6809
16.7717
29.8094
13.8219
25.8134
16.231
17.0233
32.8948
23.2744
18.3406
24.9562
23.0446
15.4315
23.3503
26.8323
14.1668
29.4566
18.5508
29.6286
18.5604
24.3669
13.241
23.3267
20.252
16.262
12.8396
22.0506
14.6306
16.1468
16.3437
17.4499
13.13
13.785
12.6346
20.0063
20.0129
20.3551
12.4439
23.8009
11.8079
12.7714
14.8027
13.5633
11.3046
21.5869
21.8731
20.7183
23.2821
14.7465
18.0353
14.9812
18.3513
19.3604
13.8983
13.1154
20.4398
12.6295
17.3356
11.3076
19.0703
13.0708
13.8437
12.8406
12.9147
20.1742
16.5829
12.3062
14.5833
16.2059
15.1332
17.8244
18.1996
17.9236
11.6789
11.9212
13.4047
25.0734
12.5687
15.4462
14.2916
12.1353
20.8708
15.626
12.165
19.3998
25.5657
33.8494
25.1011
28.0685
23.2129
13.5757
25.9425
20.8643
32.5941
27.6308
33.7013
25.5755
31.6224
27.7678
23.0049
14.8169
23.4159
14.9818
29.254
26.7724
17.6222
20.4656
17.8387
15.936
24.2227
26.9495
16.8029
17.837
22.1931
18.7516
24.566
16.4577
13.5226
10.2393
18.0862
12.9012
16.1728
23.0232
17.0164
17.2768
13.6899
19.9481
15.6141
18.5526
14.1525
26.7342
23.4468
21.2278
21.4611
29.224
20.6875
26.7882
15.2307
17.3775
24.1667
14.4152
22.0091
14.4287
19.3442
14.1984
21.9743
12.5327
16.3913
24.5615
21.4831
16.6764
12.6186
21.95
26.373
20.581
17.5881
21.9446
14.6139
28.3059
20.3879
31.2538
26.9018
24.4183
22.9573
20.8615
23.926
29.2005
21.1922
16.425
22.5209
22.0177
25.2866
13.4529
29.6487
15.2179
29.1129
21.378
26.4675
22.6875
20.0263
20.6477
15.2478
21.9701
14.4231
25.1603
20.4139
12.5509
20.9438
22.2094
25.0385
22.2691
13.5304
31.454
12.3397
17.4678
15.5578
16.187
12.4364
21.3856
13.7263
13.1648
13.2899
15.9878
13.2463
15.6288
14.5838
20.8544
14.5373
22.7704
13.427
18.1234
19.2643
13.8482
22.1808
12.0191
15.6903
13.3853
32.3871
13.9258
17.5483
12.3377
18.0266
15.9816
23.0994
22.407
15.9822
20.3771
16.1629
20.7733
29.5601
31.6533
29.3554
25.5048
29.0313
22.7995
14.646
26.3171
13.8357
34.2238
20.6442
15.4224
21.9445
15.7841
13.107
12.351
15.4841
18.0253
19.1556
18.2773
19.6415
33.3161
20.2068
13.2499
19.0559
19.073
17.6026
24.5697
14.1749
25.4307
15.0683
13.3951
21.7714
15.0141
20.0269
16.0878
16.693
18.473
23.7436
15.6924
22.5107
29.8277
18.4884
23.2996
17.6479
22.7575
17.5515
18.856
19.2188
22.3786
17.6729
15.8286
21.7148
15.3181
20.2979
23.3482
16.4785
20.9522
15.4593
8.91378
22.83
22.4603
17.1254
18.3865
19.3767
20.1823
22.4545
17.4629
14.3684
26.7421
17.1001
22.3832
25.9978
15.2702
17.8832
17.0143
19.8763
23.2174
22.2058
19.9218
23.411
11.7445
23.8293
13.3549
20.5102
30.9408
16.2013
22.9183
23.8384
14.8902
15.4254
14.9877
18.2266
25.3295
13.8343
16.5901
18.3676
15.0032
13.9454
21.3399
16.7766
20.1396
18.5551
19.3857
16.6206
24.967
19.5129
19.8807
19.3124
24.0172
18.57
16.5021
21.4192
16.5566
27.9778
15.4765
22.6077
20.4648
21.3836
24.45
25.2125
20.7764
14.7629
19.3756
15.5679
19.2124
24.7739
14.8629
22.7854
14.6242
22.9105
16.1834
18.6934
20.6402
19.8692
28.2041
20.1553
30.6895
17.435
20.9513
16.7117
29.6672
21.6595
13.9327
21.9319
26.9597
21.3924
37.9443
33.8701
17.131
30.9501
26.5732
15.3682
24.2997
21.6979
19.982
24.7661
15.9186
18.2955
22.0257
14.7538
19.3843
23.2866
25.5245
25.1537
24.549
25.2391
26.861
23.3824
22.165
28.9043
23.1398
23.968
29.9772
24.879
35.5704
25.9206
22.0541
24.9057
24.5605
25.2491
25.0777
24.034
23.6804
33.6675
18.2493
23.8077
16.0666
19.9374
12.8988
36.4436
16.9914
21.2619
40.6818
16.708
18.4283
28.812
16.6493
14.4525
28.3121
35.257
20.2678
26.3046
16.0221
20.7022
27.6873
27.6824
15.36
36.8883
17.3094
29.4042
16.402
19.9418
15.7444
15.0821
16.6524
25.6122
16.0321
14.9933
18.4829
16.6933
16.1105
18.1175
15.3419
20.2731
11.5902
33.5208
14.3406
37.4881
27.1378
17.7622
29.6466
30.1273
24.1589
26.9956
25.0502
21.4666
26.463
20.8262
22.9016
19.7842
24.755
22.2813
23.2776
23.6784
23.7496
23.0753
25.3745
22.699
35.1579
21.7217
15.7292
23.8637
16.0962
25.3715
14.5514
24.7803
14.5291
18.4021
37.6502
20.807
34.7953
23.6249
27.4975
23.2559
38.9
24.3498
24.8379
27.8413
41.9038
28.6429
14.8062
22.2792
24.271
29.9818
15.7905
25.6123
28.9629
16.6688
21.1284
22.303
22.7045
26.9475
20.5125
17.3846
13.2558
26.8454
17.9475
21.8745
25.6305
25.5855
21.2814
22.7802
14.6773
25.4443
27.1899
19.8061
20.8912
21.7167
19.6934
19.0454
31.2385
12.9303
25.4994
23.291
15.8897
21.6469
16.7361
12.3434
20.4105
16.7463
15.1142
12.9396
17.6161
21.0084
15.9255
21.6049
21.8134
18.3112
21.6314
15.4996
22.6851
13.5299
22.2571
16.5002
12.8757
32.4991
14.4034
13.9371
35.0507
25.5007
16.1651
21.4919
15.3907
13.8944
21.9677
15.4941
22.4826
15.0701
36.586
16.1946
11.281
17.6026
27.2043
17.2654
13.2287
16.6961
25.6637
33.8101
18.2306
14.8435
23.8624
29.9199
15.3909
24.442
13.5595
20.9929
17.3229
14.233
12.535
29.6366
23.4398
13.3879
19.0473
17.9395
23.0908
12.1445
20.9997
13.0651
24.0882
20.7014
20.0037
22.9515
33.1554
26.0356
22.6441
19.4522
20.5813
21.1792
29.4591
13.0344
24.1887
13.0377
30.95
14.9873
19.5854
23.8367
14.7453
21.0262
13.0271
11.3879
9.21542
13.6069
11.8942
20.4317
13.9569
17.0839
12.4104
12.6516
21.2369
14.2028
16.9097
13.794
13.7284
16.0488
12.3851
21.7264
15.5829
15.5446
12.9234
25.3012
11.655
19.3268
29.3511
12.0875
31.3652
20.4009
24.098
13.6073
30.9797
20.9757
15.4171
20.8582
13.9892
10.3066
28.7491
14.7391
15.5835
16.2033
30.1221
34.9467
12.6811
35.4835
22.562
14.6748
17.6841
14.2236
26.9178
18.5405
15.4274
14.6008
20.8509
14.6755
15.9943
13.6117
18.1867
19.411
15.8341
14.8589
14.7674
16.5763
24.9262
21.8292
21.4067
22.1726
15.6254
16.8435
26.8352
13.8094
19.5385
14.583
23.5554
21.1556
34.3905
14.834
18.8406
23.3861
36.6682
25.6555
23.8501
13.0904
16.2793
26.8728
14.3983
22.8636
26.2532
16.8367
13.3103
18.0349
13.4585
18.9164
12.2791
24.6177
16.8032
24.5602
17.3988
21.2526
13.3851
16.2246
21.1154
16.7848
12.6752
27.4912
12.8118
25.2316
18.3406
30.9631
14.4696
17.1841
16.7999
21.7513
15.5277
16.1499
14.5882
11.3669
22.8686
13.28
28.8563
14.8808
15.2729
16.1132
24.279
20.7236
15.3241
13.304
26.8942
16.8335
17.8507
19.8565
15.6562
14.272
14.2486
18.9821
16.009
15.7845
30.4557
13.9393
23.5206
24.9727
20.7143
13.6823
21.5374
19.2957
20.9568
12.9575
25.3374
13.6755
15.5643
15.9537
30.8431
15.1897
14.4895
11.3299
20.1628
13.3806
15.1969
22.0451
18.8371
14.2401
22.1055
12.5048
12.0374
27.4043
13.056
21.5977
14.9731
34.1789
19.4039
15.6298
16.0093
13.6186
18.2503
11.5777
19.162
24.0331
14.2699
20.9917
13.4636
22.0618
12.9572
21.3385
12.6571
35.1038
21.298
13.8859
12.2873
11.5983
21.3822
16.8739
19.0324
23.9267
12.5696
12.8463
20.1119
22.3257
18.2273
19.8306
26.8717
18.6323
31.6449
21.8902
17.2697
19.6577
13.7871
23.616
19.1944
19.4561
20.9923
18.8733
30.2447
23.7266
22.5809
21.02
19.9773
21.8842
19.9156
23.7189
14.4112
26.2927
14.7048
19.4647
20.7306
15.5442
15.1473
13.8826
22.3487
14.7589
33.036
14.4378
17.7307
27.1659
15.2042
19.2412
19.0033
33.1148
16.7505
15.7002
25.6902
16.0975
16.4322
13.9737
19.677
24.6112
27.4116
13.6419
29.3129
22.3929
17.9604
21.9175
14.9212
23.4661
21.6281
22.3854
22.5674
30.3417
27.2596
25.1244
22.6499
24.735
25.2655
23.057
37.1845
21.28
31.227
14.8066
32.3875
19.9099
14.5545
17.4115
22.39
15.3704
15.319
34.2375
18.9071
14.5183
13.5387
19.0407
13.6766
23.4801
16.6537
18.4181
19.4545
35.9928
25.903
18.5807
24.1972
23.3756
22.2127
23.0117
22.666
21.4468
24.1816
26.3748
21.5495
34.7982
25.1777
27.9715
23.996
23.5663
27.6816
12.7097
33.3567
32.1392
23.9901
24.1218
14.7014
32.4853
15.7702
16.5366
23.3008
14.4659
13.1501
22.8959
15.8835
16.3293
25.8399
15.9655
13.1971
21.3652
14.5416
17.661
18.88
27.5199
15.1283
20.1734
17.3973
11.9942
21.0155
15.5481
19.4228
13.8455
25.4742
15.37
13.178
7.92629
18.5539
21.5887
16.1833
18.111
22.597
13.7133
23.4822
22.7196
17.3385
14.804
19.8795
24.4292
14.4986
28.635
21.1231
17.2975
35.3278
19.8944
15.6257
29.134
17.5386
26.6519
13.8269
22.61
23.8389
16.049
23.9315
20.5808
21.4431
28.1684
23.4935
27.8875
23.8379
24.4109
14.4386
19.7598
18.5733
20.4296
27.1057
13.7909
22.8389
24.2346
17.2249
22.8261
23.5591
14.9411
17.6227
13.2438
14.6769
21.8699
14.2046
12.7386
16.5837
13.6276
14.3074
17.1318
12.7546
14.7727
15.1496
13.1635
14.449
26.2997
15.4406
15.9326
12.8526
26.4209
18.073
14.9503
13.2581
17.3096
13.6396
18.9204
21.0385
12.9079
21.1733
21.1788
14.2986
17.2258
14.6559
12.4147
12.2452
14.1457
12.4921
17.1639
15.5409
14.1065
16.3951
17.9437
14.1926
17.5351
15.6914
35.9528
19.2096
18.4688
17.0037
13.8503
17.5551
14.4158
22.2109
15.1223
26.6326
14.9918
14.3873
27.153
21.8109
24.0186
15.7252
39.7124
15.7915
27.2522
13.4128
28.8263
14.8445
21.1693
13.5469
15.7994
21.0693
19.4419
16.3245
22.6491
15.7455
12.8087
22.2588
19.3
13.4508
17.0911
18.0891
12.6936
16.0703
12.1727
20.9098
16.6256
13.4278
11.434
16.5434
14.8104
19.2991
13.4647
17.4787
12.3322
11.0089
22.2605
20.893
11.7472
15.5962
15.596
21.0364
12.6508
15.8455
13.1245
25.686
15.0816
19.8867
18.0815
11.4809
10.7025
16.0406
11.9758
13.7683
19.861
15.1015
14.587
13.8192
13.5386
19.7402
17.0587
19.7516
16.0778
31.1729
19.1991
20.4293
15.5499
16.1698
21.2944
17.9468
14.0819
26.2665
13.1426
13.6601
27.5162
20.9316
12.3943
16.1316
19.7276
17.5242
15.3746
22.5713
20.8589
19.3574
17.9406
19.6078
14.7611
14.2469
16.5758
15.7876
15.6988
26.2775
23.7874
14.5943
21.5317
23.1654
19.7264
17.2352
19.6708
15.2633
21.9818
22.1422
18.8585
20.9483
16.8227
19.8659
19.1048
27.9926
17.8627
12.27
16.8908
14.654
13.5779
18.7976
14.0991
13.0815
13.2352
13.7756
15.119
17.6434
21.0008
14.4437
13.6652
13.3675
18.7439
27.3871
16.027
13.8578
20.8985
14.3015
19.4149
18.5799
17.1328
17.5045
19.6575
14.1244
12.9188
17.612
17.2575
12.3494
17.3393
19.2291
13.8406
20.5351
24.2134
15.1659
17.1888
20.0101
13.9641
18.2475
26.9091
10.3476
12.3141
12.7616
13.9868
25.589
16.6703
14.1742
21.5938
15.2867
19.784
23.4551
14.6418
19.0216
18.2526
17.0792
13.3185
21.3155
13.375
18.9513
12.9517
15.515
16.1012
18.9794
19.0969
17.8571
17.9867
14.3976
18.942
18.6897
17.6678
23.1933
13.555
23.3106
16.8176
18.3131
19.9861
21.3398
20.5431
15.8002
22.813
22.0795
15.0059
17.3039
26.094
17.3116
14.3329
13.6276
24.596
20.2847
12.4654
25.2082
14.2007
14.6609
19.8797
13.6211
21.3986
13.7509
17.7937
24.5543
15.377
18.5225
19.5878
17.4496
16.4997
24.0961
16.1473
14.4031
20.8989
13.5039
13.0141
14.3772
13.1725
12.0351
18.7348
12.8568
17.9682
15.1497
12.8015
21.7188
15.7673
19.3122
14.6997
14.5268
19.7759
15.0518
29.2426
15.5527
24.2805
19.3961
17.0672
23.175
23.7801
15.8965
33.6348
19.7784
14.1566
27.7649
32.0547
17.0256
15.2778
25.0334
13.3402
13.7178
14.4456
15.5088
25.2824
14.0864
22.7008
15.9749
23.9269
14.6738
13.2202
20.7513
17.5743
17.6697
14.2297
16.2435
20.9896
15.1084
18.8217
18.5198
20.0379
13.4825
25.1828
12.4659
19.925
15.846
14.1795
19.5194
15.1387
18.8172
18.2898
10.9969
25.1473
15.8186
19.2268
14.1515
17.2648
32.0472
14.8965
16.2645
12.018
16.7443
15.1451
13.9028
26.0928
19.7467
17.5937
20.7363
13.0888
15.6494
15.2524
12.9327
11.6738
16.4492
13.7345
10.7017
15.8519
13.0631
14.6167
10.7898
19.8948
12.6941
15.9662
13.2227
11.9032
32.3966
15.3078
19.172
17.1454
32.4449
14.5085
17.3885
12.8676
29.1886
12.2941
23.062
14.3833
19.3735
11.7545
25.8338
14.8809
14.147
21.4094
15.7022
11.2007
28.9951
19.9523
17.8172
22.3796
16.7234
14.3551
18.3769
21.4813
11.9559
12.9754
32.3744
25.1904
14.5183
28.3821
24.3843
17.9151
38.0639
15.5802
27.6535
32.7782
13.5018
12.9061
13.9739
21.237
12.4273
14.8725
12.7822
13.473
13.1595
12.7966
22.6774
14.5848
13.1868
11.2347
15.1674
31.4914
17.4256
13.9499
14.1033
11.8249
12.8148
12.7055
26.3819
15.416
20.2708
12.2339
17.2896
23.7193
15.5799
26.0894
15.7465
13.6844
9.87505
10.2884
13.6327
19.1112
13.1952
21.1067
13.1915
17.5288
26.0665
12.9077
16.2939
13.6386
17.5693
20.4229
13.193
16.1372
25.1105
18.3467
14.7892
14.8918
25.1585
20.7817
14.0417
18.2455
25.5503
13.7017
17.9361
18.6436
14.1525
14.7937
14.9129
13.8829
15.0557
12.1722
21.9491
14.9699
13.1608
13.5779
14.8809
16.3568
21.8707
13.9965
14.8928
18.0737
17.4463
13.4362
26.9174
15.2592
18.9381
13.4044
26.3992
15.8379
27.8796
14.8434
14.411
19.8777
22.0375
12.6486
15.488
18.6831
13.5518
20.9995
23.2815
12.5168
13.76
16.3332
18.4051
25.7129
14.2569
19.1695
12.1263
19.1269
16.4096
19.7983
14.1882
22.8704
14.0058
16.9008
13.5605
25.586
15.1126
18.1685
12.2867
14.558
27.7697
16.3259
15.0015
26.5485
14.1534
15.7721
18.2113
16.0934
21.2535
14.6652
15.1806
35.0898
14.6923
13.7594
16.7804
22.1592
15.267
23.3878
21.1719
16.9878
15.6621
25.282
18.7326
16.4532
19.5521
14.4154
16.3303
27.3404
24.7834
21.8053
21.5839
13.4661
19.6958
26.0282
22.5265
16.3781
22.7429
19.2771
15.8445
17.6352
14.2981
24.696
17.4837
17.1351
18.512
28.3043
20.5228
23.681
21.0348
26.7844
20.7434
21.5944
22.0973
16.2598
26.5982
16.3461
15.655
27.5806
15.9477
15.6714
27.1779
13.658
22.1499
14.2628
24.8005
14.704
20.7798
16.7298
21.9464
12.8818
16.7783
27.3099
16.9005
19.4975
13.6896
20.7657
18.8088
21.5231
17.6932
19.6712
19.703
16.0422
19.8801
9.94548
11.8545
15.6197
15.7052
24.7301
14.0606
16.7912
27.2675
24.898
18.7274
25.2824
16.638
22.529
15.646
19.4039
20.3152
12.3109
19.7732
16.6567
16.552
20.8374
12.6925
15.3052
18.5966
12.1499
18.023
20.1454
17.9471
19.1103
18.8884
12.417
23.6659
15.7533
20.1937
19.752
14.0363
18.8165
12.5321
15.2822
16.7859
14.3158
23.1958
16.64
14.1561
20.7741
20.1144
15.5558
16.361
14.4907
20.9292
13.0674
16.0919
16.8133
18.876
22.173
13.8746
13.975
15.0443
13.2191
14.7729
15.3034
19.4355
16.2869
21.8852
17.6464
18.1932
14.4402
25.125
17.796
17.8035
14.1619
16.9812
12.0558
17.2872
13.1723
16.7045
15.5917
23.1709
15.0786
24.8613
22.6947
16.715
17.5542
13.9749
22.1956
19.7743
15.8712
23.4317
12.7238
17.9064
14.6196
21.1955
20.0962
14.982
31.5388
15.302
29.0479
15.4257
23.1474
14.3961
22.4712
23.5798
14.9165
21.6694
12.9014
13.0746
23.7812
12.9097
28.0188
28.1642
13.3619
19.2505
21.2344
18.1096
13.4859
11.7989
25.7117
12.3503
18.2595
24.89
13.5342
12.6391
21.8674
17.1819
21.0394
13.8869
17.1537
22.9092
14.1454
13.606
14.5196
14.6387
17.1202
12.663
14.3213
25.922
16.4446
18.3712
12.8105
17.3837
13.6767
14.5857
12.1117
24.9565
14.7684
13.6209
15.6789
12.3375
15.0835
14.2173
25.3663
16.0379
12.7167
19.8641
22.2614
23.4355
11.8625
21.6893
29.1449
14.1111
17.4473
36.314
16.8819
20.4117
18.2614
10.4261
14.7157
10.0491
17.6018
11.744
23.2572
17.2636
14.5581
20.3845
19.7491
22.1232
13.4306
14.3031
13.5854
26.6734
19.0868
15.9096
13.8453
16.1523
12.3324
26.7983
14.7039
16.5694
20.9462
20.6347
16.5364
15.6205
12.9437
13.7182
14.8281
19.8545
12.7482
30.8291
13.2488
21.2755
22.8586
13.2229
22.6508
20.574
13.8196
13.7705
19.7968
20.6461
18.5299
12.9206
21.412
21.3781
16.6901
12.807
19.9883
17.7782
13.5819
14.1864
23.7152
18.2075
21.0327
20.2449
26.784
21.0956
16.8556
17.6543
13.0735
14.2324
25.6072
15.6063
16.5258
17.8366
18.391
12.3722
14.5152
12.9673
13.7152
19.1143
11.7768
14.8496
18.0637
18.5464
14.7282
21.8176
15.7929
22.9026
13.87
14.2445
22.909
12.6486
17.8637
17.3076
19.9321
15.8153
25.9779
13.5654
22.1664
17.575
25.2227
15.9465
15.7451
19.6777
14.4583
15.7803
18.16
14.7457
19.7093
14.3451
21.4321
14.0826
26.5189
15.7254
21.5628
15.4948
23.5071
15.1207
20.829
21.666
21.9868
23.7536
23.6357
13.7362
23.2221
20.049
21.0259
30.4047
21.8389
23.5935
21.8319
12.82
19.2157
21.1246
30.6204
20.2017
31.5972
24.2579
25.8614
19.2717
26.3437
31.3408
22.5782
19.8896
20.4639
14.3686
17.6751
21.2583
21.427
19.4615
26.0165
19.4647
24.2809
29.1486
23.8414
19.8299
21.4516
21.3888
18.0261
31.6109
13.6288
13.1826
22.4195
21.0287
23.8024
15.2845
19.4497
18.6163
14.3653
18.3991
15.075
13.639
12.3153
15.5615
28.3658
17.3553
11.3572
8.76971
8.99079
14.4215
13.5897
11.0118
29.3715
14.6864
14.2859
19.6136
15.2527
20.9476
18.6189
13.7037
18.265
14.019
22.0444
14.7778
19.6234
12.4384
14.176
13.2685
14.8932
13.5021
21.2742
12.3624
14.2876
18.3101
15.1264
26.2238
15.1785
19.7979
14.3228
19.7539
19.3729
14.0762
15.5449
24.5096
12.9484
13.5201
23.176
13.7302
14.2664
23.1408
19.4405
20.0935
15.1397
15.9803
13.2679
15.0227
17.3881
24.078
14.0593
19.8264
18.732
14.0686
17.6815
16.5263
14.5747
13.1081
13.1157
13.8343
11.7091
12.8774
29.2651
12.9771
20.5872
19.1234
18.9525
15.4455
27.7316
15.9237
19.4249
11.5445
14.3039
17.4366
10.9384
22.7776
22.8255
13.1693
23.6373
18.2167
13.4101
21.7897
14.648
17.1688
19.1654
16.1327
21.8164
22.0083
13.6176
23.575
15.2964
30.1881
17.0109
15.5632
12.7012
22.0578
16.4604
18.3705
17.4733
14.4228
11.5182
16.7861
14.2528
27.424
15.5345
20.95
20.9639
21.5767
15.353
15.1074
15.0644
14.6206
22.6276
12.3218
20.9746
23.0601
21.8438
28.4076
19.8931
18.7354
19.0386
13.2118
21.7325
24.9743
18.4113
13.0485
20.7226
14.7966
23.4925
17.369
24.1828
22.0451
14.9627
21.8808
17.4082
33.1506
16.5769
13.2946
13.7495
17.2076
16.8781
26.0109
17.0791
23.5447
16.4994
25.1292
13.8536
31.4181
15.6453
22.6096
18.0936
23.088
28.9364
14.2976
27.9278
13.2856
18.9395
12.3649
19.6065
15.223
18.6167
15.6033
14.542
17.5639
14.457
15.5532
17.6649
14.4391
16.8206
19.4504
15.5366
18.7741
16.9434
27.5925
16.322
21.9474
19.1681
23.3154
16.135
14.1255
19.81
21.3507
17.4209
17.8985
23.7927
18.4622
16.9747
15.5373
30.832
18.0654
18.3075
23.1254
24.762
18.9447
18.8529
15.8409
22.2139
15.9959
17.676
25.0426
17.869
16.6383
23.4114
19.1142
25.5168
18.8936
16.9611
32.9497
26.9411
25.9308
24.7958
35.8499
27.4393
23.017
25.2495
26.6804
25.7195
39.8818
40.6483
27.3981
29.4876
25.5241
26.5654
26.2753
31.8177
23.3431
25.7389
33.4748
21.4919
21.8105
24.6663
24.9816
21.9566
35.7369
25.0114
27.2934
20.8693
25.4418
34.4047
20.1645
23.6163
26.6635
23.7457
20.5747
29.8147
22.1181
20.6645
23.0546
22.3061
21.3727
23.4235
12.9484
23.5867
21.2675
25.0028
19.7025
17.7079
17.2391
23.847
18.185
16.934
12.156
17.8078
16.0982
14.5911
14.4166
16.1028
16.9314
15.0937
17.662
14.4862
16.7819
21.1639
19.2266
12.1295
17.2056
23.5579
15.5804
13.3845
14.4684
13.0064
24.2307
15.8792
13.3184
14.7237
17.8941
17.4557
15.8565
17.4649
18.9368
15.8987
15.1375
15.5949
17.2401
12.7079
21.3123
14.0305
14.0556
23.2041
15.5221
14.8234
19.9317
25.2766
14.3146
15.2238
21.6414
13.754
15.6575
13.5236
26.1726
13.8701
12.0095
14.7727
13.7205
24.1402
12.8698
19.6423
14.7185
24.7933
16.8036
15.2274
20.5317
10.3838
18.1275
12.8145
13.1772
13.6174
15.9959
18.475
14.2433
13.2829
18.2122
16.8602
14.6149
15.8254
13.8095
13.3155
19.5459
13.3009
13.6283
13.4465
12.708
21.3148
18.4209
12.8129
14.9423
20.4321
14.4916
20.3679
14.5762
22.4471
22.9743
22.4985
31.6
22.8527
28.811
26.5241
28.7244
26.0764
18.5022
16.2747
22.6727
12.2808
13.3536
16.3645
12.5748
12.6252
22.3865
14.9895
24.4084
25.6996
21.8255
30.9574
23.5687
25.268
36.9336
23.7853
25.5865
28.9486
33.7649
26.2359
31.2537
22.5292
33.5687
23.0693
25.8804
25.2102
24.8526
26.2129
23.2506
30.5758
23.4446
28.256
20.5368
21.7754
27.7926
24.0549
33.8559
22.9409
21.6679
20.4005
22.9465
21.8836
24.8811
24.4844
22.3379
23.0935
25.9598
22.1184
22.0798
27.6997
36.6695
22.3291
31.9773
34.146
23.5522
28.4098
24.023
22.4233
23.9001
21.4863
22.4977
23.8144
40.3087
24.3493
31.5938
23.1417
23.1932
23.4925
22.5914
22.4946
23.0789
21.6872
24.468
23.165
32.2962
31.1531
22.1988
21.9435
21.2248
21.3234
25.731
44.7392
22.9812
24.4209
21.7691
28.4113
33.9489