43.5962
25.2313
36.4782
24.214
22.1475
22.8824
34.4522
24.3854
23.5685
24.5674
26.8096
22.8907
31.8052
23.0757
22.1225
22.6798
22.9004
29.7
32.6904
21.3589
44.7512
32.058
31.9181
23.4453
36.9788
22.8247
22.6347
24.4884
22.5536
32.4508
26.8427
24.4603
24.3357
37.0492
34.5337
28.6541
26.0027
22.9339
23.9617
35.7058
23.4068
33.5233
25.3572
26.0102
22.792
21.9916
25.7676
29.9101
25.0251
22.895
25.2326
23.334
23.688
25.7058
23.8531
25.1788
23.4174
22.5099
21.6523
24.7715
23.152
24.0559
28.5623
25.9583
24.0428
24.3038
25.4902
40.9465
27.6732
39.1668
34.5814
23.731
24.0131
22.8081
23.9322
24.621
25.3749
21.6884
25.569
28.8003
23.6802
22.2932
25.1204
28.225
22.0906
20.0731
22.7339
24.0768
38.4411
25.11
22.7285
24.6522
26.9054
22.1166
27.7636
22.4434
30.5535
19.4024
27.6652
21.9443
25.2022
22.242
26.3056
24.1652
26.0231
23.0128
15.0066
24.2504
22.7596
15.8856
25.402
16.0351
33.0446
19.1446
14.6605
15.8184
20.6941
13.957
16.3952
17.6477
11.9182
16.2373
21.4359
13.9443
13.4881
25.4768
17.2201
14.7592
22.7574
14.2332
15.556
15.4174
20.7314
15.2161
21.1662
15.621
20.8214
25.2393
14.9235
20.63
20.5986
14.3671
28.1736
16.5891
18.9351
24.9875
22.5304
20.9171
17.5296
22.0462
15.6234
30.9553
23.091
18.2353
15.328
24.2712
19.0692
19.5152
12.3539
17.7021
17.1727
22.7051
17.7081
15.1673
19.1985
21.1152
27.7964
18.4236
16.7958
20.242
19.3157
17.0378
18.9133
19.598
20.7778
19.7256
15.9505
24.0718
15.2927
19.8899
23.3494
23.0699
25.5342
26.5283
24.2463
31.5213
26.6884
23.3969
25.9913
32.7674
26.5414
23.837
29.3448
30.9968
23.6276
21.6978
18.4993
23.2055
16.27
21.0627
19.1615
15.8255
24.3178
29.9122
22.8812
19.0832
17.6951
15.9132
17.7697
12.348
22.8404
13.9468
23.4728
23.4718
22.4594
20.4559
26.912
24.8156
20.478
21.911
24.7627
19.0752
21.0911
21.3345
20.8578
24.4113
20.2279
22.7761
24.0379
26.092
23.2396
21.339
34.7461
23.043
15.5775
26.0315
19.5773
21.014
13.7529
18.9134
18.4957
11.7477
31.1173
16.5979
29.8196
15.0631
20.0294
16.9272
15.5931
21.1673
16.5174
34.2355
32.9464
23.8616
31.1879
23.0095
26.6734
24.0835
21.6921
20.3273
20.9956
14.7511
27.7652
33.7298
22.0509
25.3035
22.4027
21.3511
20.9186
21.4915
20.0615
29.5938
20.8764
25.6275
20.7956
28.7643
14.6343
22.1933
18.907
22.5147
16.3603
20.7031
15.5818
23.5478
22.9608
18.8571
25.2399
24.3667
14.2024
16.0148
22.7425
19.2399
23.3241
24.6671
18.4625
21.9607
21.6885
21.8151
27.7681
21.0382
19.9559
21.0774
19.2345
27.0422
20.8996
19.6962
19.5944
17.7437
32.8668
30.0658
22.7607
27.5054
27.2605
21.2094
23.7794
24.6646
22.116
13.1901
28.8836
22.9959
20.7213
16.9378
21.405
22.6642
23.8678
21.8074
13.345
25.1532
20.2723
35.8878
15.5584
20.3356
14.0896
26.8483
18.6636
25.5523
13.2415
19.707
20.791
20.838
27.3161
18.4022
21.1262
20.0822
23.5633
16.034
21.7617
24.7853
23.3825
19.643
17.74
29.6523
18.7939
23.8301
20.194
23.8701
20.2765
17.9758
16.668
18.1265
17.9907
21.3079
18.3304
30.6869
21.1741
20.3636
18.3628
20.7922
21.2727
25.5399
18.6283
22.1803
19.156
23.2747
21.9748
19.074
30.6434
22.7833
20.02
13.3943
16.7494
21.4924
14.4175
25.8293
25.8349
14.3595
21.9198
14.5322
17.1375
14.538
27.6266
17.2939
14.9699
24.1107
18.1937
15.1487
34.6194
20.4542
21.4321
28.4679
20.1052
18.0602
22.9968
17.7633
22.7063
20.2029
20.2165
28.4026
14.4523
15.0404
16.8525
23.0276
18.6494
21.6439
17.1344
20.4866
13.6344
23.5758
21.7177
26.2789
14.002
18.8153
20.7617
23.7467
18.4288
22.422
24.7845
17.5732
24.8107
14.0025
22.8028
14.0026
13.4702
21.7818
13.6664
39.6437
14.2672
18.5385
13.3959
21.8423
14.8682
17.5663
17.4979
21.2963
22.5519
24.3326
18.6415
18.2408
18.2913
19.2583
17.7549
22.1302
20.5512
18.7082
18.3286
24.202
20.5491
16.673
21.8076
17.1049
27.1236
20.3675
19.2931
19.1708
18.6931
29.0019
24.9609
19.9875
18.4915
29.3396
21.2534
26.3186
25.0162
23.9189
25.6314
21.5234
26.5854
26.2217
23.6133
23.6515
31.7458
22.9562
27.9506
23.4234
24.8759
25.3456
22.4305
21.8772
31.6619
18.1926
23.281
24.4489
12.1779
21.3657
19.8997
14.2496
20.3482
15.4486
17.5478
13.9698
30.8914
16.7781
23.2408
14.7534
27.174
17.99
23.3309
14.5274
27.5283
21.1957
22.5739
18.3338
13.8233
21.3082
19.6586
25.4595
20.0883
20.6699
24.6142
19.2721
16.5392
23.3289
19.6066
27.2169
25.7627
21.8667
21.6137
20.3415
23.8219
24.8138
25.0987
20.928
18.9212
19.2442
26.4185
23.5228
20.5434
22.1043
18.9168
43.6726
20.4205
22.2708
21.3845
25.5717
22.1138
27.1144
28.0776
24.9816
33.2035
26.6748
22.4734
36.4518
22.6451
20.8686
26.5803
18.0704
24.9456
32.9952
27.3959
18.7017
16.7248
15.9032
30.7338
18.95
17.7174
19.1871
27.9955
26.135
19.2085
24.3536
18.0974
13.9687
19.7924
20.4534
18.7929
28.0599
19.2242
30.7617
19.8999
27.8796
23.6102
18.9107
29.0585
20.0421
18.8832
18.73
21.1923
16.5969
22.967
24.7047
27.8519
21.0689
19.1317
22.9321
20.245
27.8535
21.1755
20.0538
22.7815
24.5201
18.6786
26.2533
18.0581
25.2486
18.5652
22.7099
20.7217
28.9529
21.5299
19.6348
33.7553
26.1871
21.6995
26.0505
23.7754
27.2055
23.9926
31.1675
24.31
24.8272
25.5714
24.6446
24.2769
24.8426
25.4923
24.3652
22.4386
19.5163
21.1596
18.0188
26.3665
19.6956
26.0471
37.7117
20.9081
23.9643
24.5234
19.4451
21.1599
21.3492
23.5229
15.0628
19.3424
22.7158
20.6356
21.2134
17.5565
23.0547
25.9687
19.9738
21.7079
18.9312
19.0798
17.7042
19.8421
29.8136
30.0034
23.9701
20.3315
26.4027
14.1241
12.9499
23.8393
19.3125
25.0745
19.0783
22.7579
16.2344
28.9961
13.5227
21.7708
13.0011
30.0959
18.1095
17.5093
23.2646
14.016
25.2443
21.0539
21.696
13.1905
24.5873
14.3979
13.6724
21.2497
12.6233
13.469
17.6213
18.0367
16.2049
20.375
21.4876
13.5379
18.3079
19.8235
12.8932
26.8187
16.1299
13.8094
18.2631
16.9372
14.3226
15.1112
17.3689
19.8199
17.9713
17.145
13.5981
20.496
18.6779
17.8036
19.9615
17.1374
24.2434
16.6588
25.5042
21.7731
28.6028
17.9384
19.0222
21.9999
17.4636
26.0781
18.119
19.211
23.0502
15.9079
13.5118
18.9162
24.5721
17.8884
21.338
19.419
19.9586
22.302
20.6281
22.3746
18.7252
20.5961
24.4078
27.6334
21.5344
22.8898
32.5036
30.0992
22.7313
27.4009
21.6729
19.5424
31.7876
22.3259
23.8877
21.6251
19.2091
20.7457
25.2204
22.0718
25.8844
22.6922
18.1116
19.9024
17.9629
30.3406
23.0588
20.6813
21.7199
13.8534
33.4892
17.1468
22.1181
15.5326
24.2707
24.3335
29.6633
13.4528
21.6695
24.3044
19.123
22.4724
22.2005
23.207
23.268
18.7628
22.339
21.1503
20.5003
32.0846
22.6271
18.7096
28.8092
19.0734
22.5204
18.9091
24.2574
20.8647
20.2608
25.9055
21.3508
35.7766
30.3094
19.7458
20.966
21.7106
27.8699
21.3805
25.3534
32.1797
31.6778
21.855
25.1031
23.9851
22.9496
32.8783
26.2769
22.5491
19.554
23.097
27.8711
21.7563
27.6107
21.7333
21.3861
21.5487
33.3435
25.5509
35.7436
21.4919
25.2338
20.0049
20.6629
37.6736
21.8081
30.7574
19.0289
22.9632
21.562
29.0987
19.5946
32.5042
20.8823
25.9534
21.4523
21.1852
31.5646
20.6777
13.4599
19.8444
30.3525
20.2077
28.7357
22.2316
23.0796
23.748
23.2031
18.6211
33.7518
20.7908
24.3636
32.4321
21.693
18.073
23.9289
19.0366
33.8211
24.1298
20.5198
23.3409
25.6713
18.8236
18.2846
21.1113
17.1905
20.8397
19.9071
23.3195
29.6553
23.5236
31.596
20.6394
23.9452
19.4483
21.8998
24.6325
18.49
21.3272
19.3178
18.1175
23.4392
17.0436
25.6354
17.092
16.3997
20.9014
16.723
18.6831
21.9142
27.2073
19.9309
17.7153
18.0641
19.1769
20.853
23.1408
23.188
22.0406
29.9365
31.1222
19.8809
22.6378
21.9582
33.5018
26.3884
21.9244
27.6456
25.4198
28.1929
27.5651
19.4814
35.6255
26.5389
19.5215
19.8963
21.2839
20.9713
20.4504
18.4763
21.4171
25.2355
20.7804
28.2184
20.0705
28.6306
24.1189
22.7722
20.5153
22.5057
22.2665
20.6882
25.1472
25.9675
21.469
30.9791
26.1842
25.4484
26.7043
24.2241
24.9955
24.9884
19.5728
25.1504
15.8222
26.9327
16.1672
22.4274
20.2348
21.6991
19.4468
21.5096
19.3172
28.1374
20.6767
23.4009
26.2571
21.9883
19.5408
33.3236
23.806
26.1823
20.0148
20.8293
20.7105
22.2957
22.9406
22.6662
21.3356
21.366
23.3634
21.1996
25.4634
20.0369
31.2867
15.4081
20.8182
17.6004
17.9942
26.0497
28.0091
19.1452
19.3182
20.6692
21.6252
26.4879
25.5734
36.4698
22.0098
18.3626
21.6041
18.0172
20.0457
20.9521
21.7426
20.4765
20.7455
24.1588
18.6123
18.6127
20.2175
25.2788
19.5373
18.5374
21.3045
22.1873
18.1983
20.86
14.7175
24.665
22.4315
20.2857
23.3935
19.2504
17.4467
15.8321
17.6644
22.3032
21.018
22.5039
30.6069
21.8805
29.1366
15.864
21.2997
23.2915
16.6827
31.3841
24.3049
23.928
41.1758
24.3695
17.5099
31.9678
33.9713
35.2918
24.741
24.2877
23.6218
37.0937
25.6624
31.069
31.3439
24.1907
22.2049
25.371
24.3759
26.5123
26.2421
26.032
15.665
20.8425
23.328
21.6045
31.5292
19.9212
24.9699
21.5867
19.4463
16.8855
19.3502
13.5868
33.3943
22.0571
30.8906
20.1215
27.7439
19.3007
16.3972
15.6925
22.9658
21.6547
13.3617
19.7984
14.9035
27.6849
21.6944
13.2937
32.6502
22.4093
20.0326
27.5381
25.1784
30.6929
20.2912
18.4955
26.6087
19.8172
19.4177
32.3962
18.9455
21.9292
27.9108
20.9485
22.4699
22.1767
22.5125
22.6322
25.6721
22.101
31.7894
29.237
25.804
23.0213
20.3652
23.8943
18.5304
20.9255
21.3279
22.1461
20.8298
27.0606
31.3457
18.8924
19.3787
19.7115
19.3989
21.4288
19.6435
25.1453
23.5855
27.2788
19.0528
21.5212
21.8663
19.6272
16.1922
24.5356
20.2175
19.9785
16.602
15.5697
23.914
24.1395
18.0813
25.0163
21.6105
15.522
19.962
21.3847
18.617
20.1882
17.0773
17.8727
20.6242
17.4792
21.0523
17.1483
19.4998
12.7141
13.4977
15.1266
17.781
17.4804
18.5942
14.0019
14.0155
18.9962
15.4458
23.4166
17.8657
23.2289
19.2229
18.0607
17.3899
16.7158
21.398
21.7772
16.9924
27.98
18.6263
21.9233
17.3426
18.5671
22.4701
16.2272
23.7754
18.1194
20.5253
15.1087
27.8766
17.9588
16.3908
27.5221
17.6277
19.4888
25.8312
22.0588
22.2484
17.9793
21.6264
21.1097
17.6872
28.4285
19.3652
27.3443
19.8059
18.9384
22.0315
18.5507
15.0251
24.4485
23.1411
20.0965
15.7702
20.7473
15.1075
26.4588
16.4918
19.4425
19.771
17.8573
16.7127
25.0841
21.5326
14.4077
19.8654
15.7314
15.3119
27.7893
22.0853
21.9449
17.4082
21.967
16.6274
18.0525
21.5668
18.9408
16.645
20.7386
19.1767
12.8825
19.695
18.5848
16.8661
19.4757
20.5385
24.013
17.3929
16.6415
28.7612
19.0226
19.3184
23.0018
17.0285
20.0218
12.3434
14.2149
13.6567
17.0232
14.5305
18.5665
18.8589
17.5245
20.6458
25.5588
20.3679
11.9664
12.6823
13.5307
20.3161
17.6361
21.7265
14.4123
22.9166
13.2058
21.6932
28.8281
20.5275
14.5371
20.7071
18.7344
19.4259
32.2314
20.0351
27.4324
21.6468
19.5427
26.6059
31.0681
23.4346
21.0251
20.7398
20.0198
20.1095
22.5298
23.3253
28.7757
22.8504
31.8742
21.6801
30.4178
24.2166
19.8856
19.8063
27.0756
20.8628
21.4845
24.1165
22.6323
15.4277
20.9807
21.3689
28.6775
22.7983
25.8731
20.6984
22.0987
20.6485
12.3059
21.1975
22.6943
25.0422
22.7266
20.9487
20.2492
16.928
22.867
21.6467
19.3682
17.7042
22.8074
21.6984
18.2018
22.1806
34.4578
24.0029
28.1012
23.5459
13.9624
24.2827
18.4665
21.4573
19.5447
22.5329
24.6863
20.0812
25.3203
21.6114
20.0296
19.4672
23.9719
19.2828
31.8613
19.4968
22.9234
26.981
23.9401
20.7585
28.4147
13.4396
18.0305
28.3279
13.3125
22.1157
19.1363
13.2685
23.6557
21.7094
15.1842
22.1693
22.2878
20.4231
18.6989
19.3695
30.2619
30.5088
21.821
25.9452
28.2916
29.6055
31.7594
22.1978
24.9545
23.026
23.3541
26.6507
19.3946
30.436
20.9457
21.4901
22.6468
18.3359
25.1472
26.2315
17.457
22.2352
17.7246
19.3833
21.8077
18.9595
17.7533
19.072
15.9372
16.7753
18.3321
16.0403
17.3448
20.5635
16.0873
21.9878
15.4625
27.0097
23.2442
19.1352
30.1442
21.9247
23.0573
19.3986
28.4218
26.9249
22.389
18.592
21.1688
18.7065
19.1606
27.2298
19.7511
19.6021
22.9705
19.5853
17.5878
17.3633
20.9222
19.2356
19.3031
18.6419
17.6862
17.0478
33.5903
18.7245
25.3463
18.5958
19.5213
20.2182
21.5846
20.2581
21.351
24.0838
18.7624
35.434
19.5125
23.5026
22.7308
24.9414
28.3235
23.5716
19.41
23.5421
18.1501
20.4146
21.0939
17.9332
24.9745
18.2001
24.286
20.5476
22.5718
24.8142
30.1014
18.5063
25.331
20.5546
25.0882
19.428
20.2231
24.2352
20.4925
20.8612
19.2627
19.4875
25.166
19.912
21.1132
10.8612
18.816
20.3558
14.2405
22.4545
17.1354
28.0559
25.7515
22.85
14.1879
25.9981
20.1432
21.9717
21.2851
14.5527
13.8944
24.011
23.8289
18.9075
14.4294
19.6447
17.9295
13.4941
21.1651
13.9056
14.3795
13.9981
20.7515
19.3222
19.6183
18.5347
14.2935
19.4624
16.7044
17.4197
21.6523
14.0364
15.0573
14.6871
13.1964
19.7669
16.4488
23.999
23.8044
14.7601
14.7428
21.0525
16.5579
20.2916
21.1594
21.5226
22.1601
19.4752
22.8464
21.6341
25.5738
28.928
18.9301
22.0451
21.5393
19.039
22.5487
23.609
20.2915
16.2245
25.8358
17.0327
17.6657
29.0259
17.5308
20.9433
12.7169
25.6142
30.3312
23.5031
26.3269
21.2886
20.5694
19.1612
20.1145
23.3878
21.2619
22.4906
21.2676
18.9736
19.4263
18.0674
18.248
18.0653
25.6165
16.7788
22.0446
16.623
19.9619
15.6705
21.5199
21.3258
21.1055
12.7675
13.5755
22.009
14.9308
25.7831
13.6619
26.8793
22.2912
19.8325
22.3394
13.0386
22.1927
14.1836
13.3546
21.3078
15.9287
17.6499
15.3835
23.9601
13.1983
25.155
15.4067
21.3973
14.4598
30.1216
19.7501
14.1961
12.3465
16.2536
14.5502
23.5431
15.3461
15.0513
18.2118
13.4772
17.3783
12.1897
14.274
19.3527
13.0136
30.4314
13.0754
17.9662
19.1613
12.5427
21.6827
12.5061
23.6336
15.134
18.9406
15.9054
13.6476
17.0871
19.8416
20.7885
9.61029
22.8795
17.4063
18.0058
13.2561
20.131
15.6956
28.6685
12.912
14.8414
18.9881
13.3042
22.0399
26.6241
12.9301
25.9158
14.7143
23.6251
14.7359
23.4164
12.0461
33.047
19.327
31.0482
22.2415
14.6678
13.0041
26.5781
14.1808
23.9245
23.0194
33.7125
16.714
23.8501
32.3508
28.1784
26.6304
21.051
23.4619
25.9711
22.7918
33.0639
28.3238
22.2995
25.5176
27.6653
26.1317
28.4991
23.1881
37.664
28.6935
24.6443
22.3716
23.9266
30.4419
28.0766
22.5885
28.064
26.2716
24.8812
33.5291
26.168
28.0739
25.9483
24.263
22.8419
38.2867
27.5022
38.0585
27.2212
25.2017
28.5282
26.747
25.0054
23.5618
33.201
38.6992