27.528
21.4496
25.2623
21.3985
20.5534
19.9843
25.537
19.2718
15.0698
18.9124
21.405
21.8591
19.2283
21.1472
21.703
29.4243
20.8835
23.9989
19.7066
23.6955
22.7022
17.5473
21.2141
24.3242
20.7664
26.8235
20.573
19.7513
24.3649
21.4507
21.803
19.9781
32.0701
20.7909
17.7718
18.8038
22.0967
27.712
33.6649
25.095
22.7122
22.7787
20.6747
20.0809
19.3183
19.3105
27.115
20.0989
19.6385
23.5465
21.9537
17.3801
14.2115
14.8314
11.9157
20.4231
19.8847
14.8242
16.1839
16.4422
18.7523
21.3369
18.3661
19.4246
20.399
14.1489
17.8738
16.705
19.5829
21.3619
15.1764
17.5239
14.7795
18.6125
15.7236
19.6068
21.8035
15.0744
22.9258
25.1063
24.3966
22.6928
25.7035
33.7534
31.8534
22.3704
22.3088
23.8716
21.8703
24.9485
26.0492
22.7545
24.0122
22.0132
27.0812
24.5222
24.1606
24.2926
21.4662
26.6287
26.7527
28.3399
23.3605
23.84
22.0971
27.2206
21.0291
23.3834
21.6283
22.3703
25.8252
25.932
34.0289
22.1103
27.2651
26.2943
24.3189
24.8129
25.4224
23.7412
23.4159
29.2946
18.3013
17.7092
16.1038
17.7582
15.6264
25.0284
22.1221
25.1775
21.8563
21.9926
32.0163
21.583
27.1421
22.2095
22.4732
23.1552
24.7892
24.2274
21.8569
22.0181
19.2331
20.4008
13.724
20.8651
13.4328
19.2483
21.57
17.1845
25.7454
19.985
22.2398
19.5533
27.5377
21.8263
18.9542
22.0568
17.048
24.1675
12.4003
27.2171
19.9339
21.8481
21.9967
20.2071
26.7722
18.1307
18.2348
14.0556
17.4744
19.6026
22.6335
15.7243
18.1352
21.4008
19.9185
16.7828
18.6096
18.9161
15.6892
22.7119
16.3181
17.7231
15.6629
18.0768
21.4127
16.2937
17.3178
15.8227
13.3192
18.5354
17.9604
14.55
21.5831
16.0153
22.0819
19.5745
16.61
29.7887
19.7139
23.7082
15.4677
14.7871
19.1806
16.4262
18.8548
19.0846
17.3341
16.1534
26.5471
16.3726
20.8529
17.6952
16.7596
25.3044
19.0024
23.8319
28.3417
21.3016
20.8777
20.7378
19.0296
23.2329
26.679
17.996
16.6117
16.8991
24.2841
21.7438
19.5883
14.5159
16.1572
15.8191
17.4429
17.3772
18.966
14.4229
15.9856
22.3099
19.9343
15.1732
20.0499
21.2315
26.4652
20.0406
27.541
22.7921
20.5026
27.1493
21.9979
23.0838
28.2854
24.6037
19.4355
22.698
14.4265
29.0088
21.6882
20.4497
20.1111
29.7489
14.1411
26.5492
13.829
29.7433
13.3623
30.2378
23.6859
18.4633
25.2663
16.9712
26.4185
13.5205
23.1545
14.6946
20.9327
14.749
23.3382
18.16
15.4287
29.3074
23.5064
14.8381
20.3029
20.414
23.4113
24.4454
19.0056
26.1624
13.182
17.3873
24.6906
15.6782
20.5276
21.867
12.6055
24.5104
19.0158
23.5734
20.4636
13.7761
14.8866
20.6497
17.6418
21.0872
16.1437
18.5626
17.6568
22.1662
17.6381
22.0767
23.4483
18.1427
24.3682
19.6146
14.6472
21.7507
18.707
17.5055
18.6686
28.0535
16.2355
22.1687
18.9201
20.0496
18.0106
26.2703
21.3391
18.5991
18.3325
15.5374
23.9858
31.2727
21.8883
34.1933
21.5486
19.7721
31.37
27.7783
24.302
26.6725
21.9869
22.5052
19.7822
27.68
20.2381
30.3341
19.0161
23.7649
19.3363
23.7593
17.1735
25.6317
17.5059
20.1527
15.2783
17.7778
26.2831
19.5053
18.8885
17.2606
16.4979
14.5617
25.2307
16.2138
22.1055
14.9888
17.6105
22.0287
16.6065
16.7644
19.8256
23.6103
29.9912
20.1099
18.6589
18.1002
22.0813
17.415
19.825
20.0447
18.6714
17.7786
16.62
14.4814
24.4291
17.1224
20.9974
18.3106
28.537
16.4032
23.8249
23.1512
17.7031
27.6573
21.7908
17.7215
21.7459
22.0973
24.8095
19.5423
29.7428
21.2165
24.0606
21.0569
21.4828
23.8639
26.793
20.2455
21.5493
18.4384
19.522
24.9657
22.9022
20.3309
16.3789
23.7397
18.9708
19.0869
18.1417
17.8231
20.431
22.2639
22.93
19.4298
17.7463
21.031
20.7139
27.3873
17.5755
19.5937
20.512
18.5801
17.7828
19.0649
21.5541
16.261
18.5623
14.014
23.4088
27.2692
14.9954
18.3288
16.788
17.1631
16.9249
24.8507
17.5004
19.8114
20.1644
23.2879
22.0234
19.4105
22.2605
19.7179
17.1763
30.4925
19.7217
23.5865
18.4915
19.7886
23.6271
19.1664
26.0913
19.236
20.116
31.2731
24.9551
21.221
27.8655
29.9741
24.8734
22.1365
20.6315
28.2451
21.5425
24.1081
25.09
20.4935
28.8341
29.0175
16.3606
23.6285
24.6192
19.0776
16.4677
25.4364
18.0007
23.8209
24.5744
17.9302
14.2087
13.1187
25.9387
14.6383
24.9829
16.4933
23.7951
16.8112
21.0478
18.6381
17.5061
16.0441
17.0302
17.7604
14.9517
18.5959
21.4192
15.6131
16.4207
19.577
17.3633
16.5922
16.0792
18.474
19.196
19.6208
15.152
20.2436
20.4484
19.5301
24.6963
20.242
19.0652
18.9234
24.8906
20.328
19.3061
28.9831
26.9516
23.7087
17.4475
23.9603
21.4394
21.7088
19.5117
20.2557
20.4686
19.3819
24.0019
14.4076
17.8416
18.1188
18.4075
17.8764
18.4061
15.6978
20.1996
16.9174
18.113
18.8437
20.3436
28.5248
18.2737
16.7413
21.1668
16.6218
20.3103
18.1852
30.1022
22.3242
27.5216
20.7447
26.3434
16.8291
26.562
15.9298
21.2703
16.6575
19.3378
17.1014
18.6873
14.3161
30.1695
19.5584
20.0845
23.9545
23.9108
19.7607
16.4448
25.0322
14.8816
23.0957
21.1803
17.1867
25.5177
17.292
15.5477
25.9625
20.5497
20.6398
16.8863
22.9015
17.6309
24.4307
20.21
17.4857
16.7707
17.9538
15.9496
26.2247
16.8617
15.3418
13.8247
13.087
18.1887
17.1311
24.2742
16.967
22.1007
25.7215
18.0867
15.9611
22.4021
22.2099
21.3679
18.0161
15.7804
25.6163
14.6199
17.5882
25.2549
29.7379
20.4783
15.0413
22.7432
16.7461
25.5614
17.1782
18.4114
17.9432
26.681
22.4683
16.1591
21.1033
19.8722
14.3749
23.6491
15.4773
24.0948
16.5242
24.7563
26.1803
18.1426
23.3847
23.0476
19.4402
19.7677
21.702
21.7051
27.1866
22.915
30.5169
20.0509
21.9235
22.5573
21.414
34.727
21.7053
26.8388
23.1171
23.1395
31.0784
23.9783
24.9546
26.376
24.6669
25.5861
32.3821
27.3482
29.1329
23.8658
23.8677
31.7709
21.6059
27.8007
24.3721
23.9748
29.4696
22.8396
25.976
26.8634
16.8058
27.7325
19.7396
17.3464
28.2475
22.0005
30.2006
17.9239
18.8804
17.7055
18.9365
18.8396
25.6979
18.5603
27.6662
15.9216
24.8895
15.5892
20.8019
23.5031
16.4736
24.5787
16.2135
26.739
20.2396
17.0463
21.1707
22.8576
16.4463
19.0205
26.2382
17.4577
22.867
29.6784
22.725
32.8326
20.1477
24.1663
21.2985
19.1861
28.9168
17.7369
20.5788
21.282
19.8869
19.7232
25.0271
19.6841
25.0157
20.17
30.1747
24.1892
20.355
18.5286
18.2095
21.9239
18.3187
26.856
19.6854
19.6971
22.0178
20.2275
20.9795
29.2695
23.3059
27.4334
26.5337
19.0933
23.6501
20.0616
21.8579
20.617
24.5129
22.3292
18.5047
22.9465
19.1776
20.286
19.8021
25.0793
21.6376
24.6383
19.6391
17.4368
15.5639
15.0883
21.6748
22.6965
26.3031
16.658
22.1422
19.6077
24.0531
22.1697
18.0559
20.3129
18.5882
19.5988
17.5551
27.7703
19.0183
17.3638
16.7115
22.2526
15.9638
17.6829
23.4979
15.8713
18.4038
23.2386
16.7681
30.0678
19.4156
16.2701
16.1104
17.6419
19.9812
20.5424
19.627
28.2457
20.781
19.348
23.9718
20.2032
24.999
18.8718
24.8397
23.0134
20.8736
23.0551
23.0013
21.6352
20.6493
21.3343
23.9282
19.6984
20.6191
19.9598
21.7501
20.4532
28.1088
20.7233
25.1254
22.1891
30.6372
27.8331
23.835
20.0406
21.0442
16.6621
28.8749
20.392
18.0824
21.3883
21.6267
17.4315
22.0946
21.9291
19.5779
19.5431
18.9913
26.3067
30.1129
32.0623
37.8364
21.5795
20.3299
24.0513
25.1232
22.9195
21.569
22.2213
21.1896
30.632
23.7774
20.2299
21.2906
28.8995
26.065
16.5403
16.079
35.5605
19.6582
21.5131
22.5952
19.6741
23.3177
15.1846
30.18
21.1592
25.3675
23.2563
16.4218
16.4061
22.3114
12.6429
20.3927
18.8691
21.6267
13.6784
31.5632
14.6259
17.8863
20.7287
15.7845
27.5936
13.208
15.745
19.3987
22.6304
13.1704
20.8751
23.9243
13.0978
21.2823
19.1832
20.8687
25.8828
18.8243
25.8803
22.5778
20.8753
24.3693
18.2153
20.745
29.2044
21.9402
21.3986
31.8346
24.3806
21.227
20.2953
19.1101
20.1087
21.3814
20.3133
20.9434
15.8668
22.0463
23.2963
18.1407
16.4437
15.1208
13.4944
18.1024
21.4323
20.855
33.9386
23.4186
22.379
18.1819
21.9624
24.1443
33.7809
22.9319
18.2114
22.4597
19.7338
20.4969
17.5051
27.6549
14.2511
19.5405
18.849
24.2159
17.9834
20.9215
18.2812
22.9232
20.6422
17.1823
18.129
24.7894
17.5366
19.1346
19.6252
16.006
25.7186
20.3709
18.1967
17.1809
22.6599
21.9165
16.7803
27.4213
19.5191
16.3804
20.0686
22.4591
18.7733
25.5626
18.6479
27.3666
20.4152
17.4406
23.9482
21.8568
24.4051
18.8111
24.8936
20.2657
19.2088
13.5795
20.7848
17.2674
21.049
17.9521
19.6285
23.3596
22.1868
20.3044
18.6681
17.5158
21.6948
28.3347
21.8877
19.9125
12.8359
26.5295
13.638
16.0815
19.247
14.8104
21.9113
16.0596
20.6908
22.5443
26.7881
19.2428
20.7932
16.5021
16.9314
22.0494
19.2743
20.2754
20.8564
16.7724
17.1668
19.8425
28.278
17.3691
27.8256
21.2232
19.983
20.7652
28.0297
18.298
19.248
20.8931
18.9226
25.8242
20.4866
20.8642
20.5549
33.0535
20.1367
23.0958
18.7436
22.4726
20.8836
21.4035
22.264
14.1292
27.2027
24.3994
12.4152
23.3049
14.3617
21.4718
28.3864
22.248
22.3345
20.2839
19.8498
23.5801
13.6582
21.4147
15.586
22.1432
27.7727
16.1621
22.3407
28.6704
13.397
19.9885
12.057
25.4147
22.5074
32.8947
30.1809
26.0667
22.7635
34.8044
26.5122
24.3077
21.2215
22.3997
26.0491
25.1182
25.9116
21.7462
24.617
13.5171
22.9685
22.5998
28.3597
27.3522
19.4093
17.2491
17.9031
21.4548
20.9057
23.7111
13.1254
27.7814
21.5908
13.8144
18.456
23.048
18.0166
22.643
25.4692
15.4064
18.164
20.5928
17.4697
26.6188
18.5418
26.4954
22.1434
27.7806
18.6173
21.954
22.1176
24.3515
22.5649
31.0911
23.2685
24.2265
22.5655
21.159
23.8689
20.4724
19.6285
19.7286
14.0199
15.4213
13.6041
19.8418
21.26
21.44
23.5027
31.3063
23.7216
24.96
21.445
24.5581
30.3084
14.7156
18.2928
27.778
12.8638
37.4566
17.826
24.5733
16.5406
27.5415
22.8378
23.2666
32.4325
21.1187
19.8898
25.8244
21.7881
19.6857
21.7103
29.8451
22.9991
18.8323
19.8072
22.4117
22.4553
22.0704
19.0275
24.6725
18.3099
22.3757
19.408
18.7894
18.1322
20.0121
25.6628
18.8308
26.4919
22.0262
18.617
19.5364
19.7291
18.4787
23.2701
21.6523
18.1353
21.196
25.6478
23.1439
21.3354
18.85
23.3596
20.3008
19.412
21.7041
14.3885
19.2738
20.6852
18.3617
19.2579
18.7581
17.2993
24.6469
22.4817
17.1915
21.7816
20.5855
23.7195
17.4021
24.6354
18.9923
27.2954
23.3763
15.3814
22.8341
22.7011
25.6037
21.463
16.8704
15.0049
21.3778
22.8919
19.5209
24.5606
17.2757
20.2134
14.9737
19.2913
19.6587
22.2816
21.047
24.2677
23.6859
20.5501
34.2608
16.021
25.1801
23.1412
20.7239
18.0688
19.4648
18.2155
18.0548
17.1727
17.8238
18.6915
19.1959
20.7425
18.1511
18.5697
16.0966
17.1078
17.158
27.741
21.9596
15.2732
13.1646
12.5028
17.5712
21.9752
18.9917
18.8869
26.0091
29.1913
22.5301
22.9144
14.4575
21.1333
14.2285
20.9103
25.8512
18.0114
26.7798
18.5706
24.7294
20.0064
17.5441
18.9981
25.5851
16.5759
15.3908
15.0168
20.2854
14.4128
20.1247
26.3022
15.3078
22.7701
18.833
16.4678
15.5558
16.8194
15.6231
15.3378
24.2915
18.0793
13.9732
27.376
17.9348
23.872
19.7
21.5367
19.322
25.8937
26.6987
19.6793
22.7697
23.6169
20.8356
19.0224
28.3834
17.9224
19.6123
23.3663
17.0119
20.8162
17.9649
18.5862
21.123
18.6692
24.6075
18.0138
15.0943
19.2605
19.1957
16.3868
13.5751
21.4373
19.677
20.5876
23.7346
20.7993
25.4761
22.544
15.5947
19.7818
21.1913
17.6962
20.4611
15.6384
20.4848
16.1319
16.9875
16.3987
17.8584
27.5795
22.4276
17.7074
21.7019
17.6048
21.8176
18.4511
27.8673
19.7999
19.4615
17.12
22.487
19.8546
29.4292
20.8719
19.8675
16.9284
19.1649
19.8442
11.9208
15.3856
20.8458
17.358
20.7529
20.2416
18.7565
18.5002
24.3527
21.1802
22.2434
17.8719
17.4907
26.1486
21.9811
20.7568
22.9435
25.4317
22.6493
34.1562
19.944
20.4899
19.6388
23.6265
18.0886
27.9086
18.6423
25.2392
17.2736
32.2967
26.4156
18.8137
27.5751
21.884
26.9443
22.1324
21.2355
20.5183
22.1741
13.3054
23.2443
28.0648
32.3102
22.0742
28.5204
22.9234
21.7899
21.2471
22.9644
25.3033
20.3302
31.0518
16.8695
13.5094
17.5242
21.5069
18.1477
19.7056
34.0368
22.5167
22.8717
23.09
22.4174
23.7469
18.5546
20.1684
16.704
17.2387
16.6919
28.3398
17.8311
24.0733
19.4564
28.7493
18.3294
26.5887
26.9004
22.586
19.4609
16.4712
20.7622
19.3059
24.5944
19.7632
15.6846
18.484
19.4211
17.4345
16.8303
19.4025
15.7465
21.1456
23.9659
27.2715
18.7115
19.9545
19.8732
27.3414
20.1859
25.2638
18.3446
19.3137
26.3352
16.7684
25.5702
20.7241
17.1858
17.921
23.5615
15.242
23.2698
17.2513
21.694
27.2875
18.862
22.275
18.6783
25.0576
22.0404
22.7585
23.1585
20.0139
17.9555
19.958
15.0097
32.4185
17.1051
17.3771
21.7855
16.9145
23.894
19.3665
31.3677
23.5461
30.7118
20.3538
19.0638
17.6848
16.9579
17.2846
22.2185
17.1885
22.8809
17.548
25.5356
19.209
16.2788
23.3126
18.787
24.9362
18.058
22.3782
18.5483
24.8302
16.7205
18.3578
19.0153
24.0831
20.7236
16.7124
20.4164
24.5905
18.5531
21.535
15.8318
21.3596
17.7413
19.6738
16.1058
21.3345
17.4714
25.1296
31.0542
20.5054
24.4625
17.1098
24.697
20.0569
22.456
20.8704
24.2791
17.8071
20.5771
13.6038
23.3887
18.1576
27.1039
18.8773
18.4165
18.158
22.4266
22.4966
20.7563
20.9844
29.9848
19.5433
21.9934
22.5484
21.2822
27.1658
18.5888
21.0482
19.5604
18.5344
16.5213
23.9497
19.6817
22.7238
20.1914
21.6366
21.5875
17.7835
27.0944
17.8687
16.9967
26.5317
23.3583
20.2891
24.7503
23.6379
17.1704
18.4867
17.8148
28.666
20.2911
28.8839
20.5516
22.1015
15.8442
18.869
21.8466
13.0375
17.6583
27.0446
30.2747
23.8846
22.499
28.2112
28.5351
18.0313
21.8592
27.9013
26.4041
20.674
21.8776
18.9172
24.265
18.9281
20.8239
20.8006
22.6807
17.7774
24.0177
21.5392
20.6056
19.1282
19.6937
17.2892
17.4968
19.8975
16.4008
22.9579
19.8433
26.1046
17.1266
20.4151
17.7518
17.5001
21.1661
21.8106
14.7142
24.3893
30.7407
23.4104
21.3935
24.8252
13.5769
29.1546
19.2185
13.2949
18.3986
21.1715
12.8317
19.1406
25.1688
14.2985
26.6334
20.4163
22.9789
21.0084
26.7546
19.2642
16.8302
25.2043
19.0741
24.5783
19.9613
24.6961
19.2019
17.5572
26.6439
24.3913
20.0554
20.5922
17.4528
28.059
20.6789
19.306
20.7999
17.4198
26.8089
30.4344
25.5735
21.1868
19.1803
17.9158
16.5444
21.0222
18.8943
20.0042
20.3416
22.2619
20.1529
22.7509
22.9268
21.2022
23.3431
19.4985
20.3434
23.7564
20.1488
29.6449
19.8248
21.8129
28.5845
20.1072
19.6772
26.5091
23.3328
19.5574
17.7636
24.3106
19.8218
19.3453
19.8588
17.4102
22.0464
28.5261
22.9158
22.7502
24.5629
22.3679
28.5055
23.5048
17.825
20.6414
22.9414
23.2761
22.2602
30.643
24.1088
22.3078
23.4208
20.7774
24.4616
19.4819
21.9052
16.1635
23.9103
22.7447
27.2921
26.2677
12.3148
21.9407
21.2476
16.6253
17.7848
19.3418
15.0692
44.528
26.2398
14.8239
29.4394
23.9917
14.5315
16.542
23.1738
20.5798
23.4944
24.762
13.035
15.5799
21.3806
12.2723
21.2997
17.5816
12.6207
22.6463
13.3696
22.4075
34.1235
14.3395
19.9346
26.4948
22.3893
19.854
14.6535
14.3392
15.7315
14.4244
17.8321
15.3573
17.3432
24.4391
21.0321
15.3736
26.0411
26.3516
18.3139
12.2089
17.2895
19.3923
14.5917
12.6573
12.7343
20.16
14.8881
12.205
15.8037
14.8815
12.3819
21.9855
12.1201
15.2094
11.3438
12.4837
17.57
26.4164
22.2794
23.0106
19.9848
26.394
13.6933
23.3398
14.0811
19.6633
29.2603
15.4925
21.3622
20.338
21.4104
25.3547
19.9978
18.5965
27.8794
22.7041
27.2679
20.086
21.8016
17.7705
20.2086
21.7568
19.9076
19.1011
18.9562
26.3359
19.3106
22.9286
22.1493
33.9673
23.5316
21.1147
23.6027
21.3913
24.9246
28.6851
20.5702
26.0092
23.2185
28.3462
25.8438
21.5108
27.3359
19.988
27.8631
22.3804
16.7498
28.7087
17.2118
21.4458
26.6484
14.0007
20.4825
15.6381
15.1716
26.67
17.0364
26.2326
14.4128
20.666
18.8231
24.7177
18.4615
21.9614
16.3738
24.2617
17.3177
18.5247
20.1115
17.8635
19.8012
16.5677
22.3529
19.5195
16.7083
22.877
18.1245
18.6342
25.4104
17.532
25.5531
18.9012
23.0939
19.9262
18.6814
30.3416
19.3624
17.4421
31.0162
22.6152
23.7687
20.3051
28.2063
16.4384
17.4423
25.6266
16.9004
21.5644
19.2548
16.909
18.7719
16.6821
23.8789
24.3175
13.8294
16.8271
16.3697
23.7864
22.5583
28.1489
22.3956
18.8134
16.4327
16.6735
19.696
17.3725
16.5205
17.484
17.1087
17.5002
20.1441
13.4922
21.6038
22.1396
17.7702
17.3149
14.9887
17.2698
19.8239
16.6517
17.482
19.2765
26.5927
29.645
19.0296
29.8854
26.6816
31.5663
25.5081
17.8532
22.1547
16.3561
18.2968
15.6741
24.5862
15.933
16.974
23.0088
24.4077
16.7173
17.2182
18.7565
19.754
22.7413
20.7239
17.5449
23.0678
17.3061
21.7835
16.628
30.2282
16.7639
17.4852
26.9582
16.6873
18.6761
15.8153
14.6604
16.0877
16.617
15.6455
23.1554
15.5073
16.5938
26.9868
24.4781
20.6759
15.9688
14.3172
20.6569
15.5823
14.9527
17.2962
15.3399
26.8726
16.5431
22.709
15.9193
18.9844
15.6905
15.1446
20.3895
25.2653
15.4619
25.3583
19.1309
28.7731
16.9034
21.1348
23.8046
14.8937
16.8548
21.6571
14.7602
23.0259
14.7693
23.1432
18.2981
16.0158
29.1539
21.0781
18.4379
21.3124
17.1613
16.5142
17.8296
17.279
24.3074
18.4104
18.3855
21.397
21.3166
24.7867
18.3768
16.1131
19.7625
26.2263
24.6268
22.585
18.2514
21.3328
30.6642
21.0391
30.2822
15.8316
16.4713
21.2489
16.9921
16.5577
27.8776
17.1392
16.2708
22.7489
20.3402
17.5308
19.3808
22.4573
22.7396
21.5506
29.6007
20.3766
22.4773
16.2721
22.9815
21.4874
24.5954
20.6055
20.9743
22.6359
18.6035
25.0727
18.463
17.5278
21.9887
17.897
27.6898
20.4566
31.5062
29.479
27.0789
27.454
15.9011
19.5605
23.4565
20.8778
29.411
22.3915
23.6114
22.7656
30.8911
34.3957
27.3584
21.2672
23.5358
21.3146
22.3606
25.1285
36.56
22.5648
27.1706
23.6797
22.4195
23.8796
24.4311
21.8647
17.4674
19.7437
25.0289
26.3036
33.2304
25.6847
23.7672
21.191
21.1547
19.4421
26.1565
24.2061
24.0256
24.1301
24.6432
22.716
20.1246
20.2459
22.1227
20.5712
22.3987
20.5194
26.6325
22.015
21.9793
21.6702
22.2455
20.5679
21.4523
19.4858
18.9896
25.1859
24.0541
21.235
20.7389
26.1291
24.7663
23.8995
33.6973
21.6263
25.7968
21.7239
24.9431
28.9976
20.6329
34.7271
22.981
30.1025
22.5126
22.1249
24.2688