12.437
20.3004
11.8543
11.2797
18.0142
16.061
17.4192
15.9066
15.5462
14.143
18.1036
11.7631
10.6614
16.5566
11.8317
17.1038
12.431
15.4217
20.0466
12.9323
15.8557
17.4739
20.8797
13.5814
16.4057
11.5317
17.612
10.3607
14.1902
14.444
11.521
15.178
12.0514
12.0833
14.8314
13.4785
13.866
14.7713
16.3807
16.8905
16.2494
21.4407
12.6718
14.8036
13.6345
14.1173
14.4759
13.5251
14.2407
21.5824
15.1942
11.8395
13.5265
12.0699
13.1007
13.2438
10.3315
17.236
17.0127
10.6711
11.9881
13.7805
11.9872
17.7431
10.5064
13.6252
21.9556
11.7926
15.0571
15.5882
14.081
22.2501
10.5894
23.5324
12.0502
20.4081
11.9931
14.9114
17.3082
12.0488
22.9612
11.0373
17.0699
17.7587
11.4024
11.3999
13.4935
14.2393
18.6157
12.5887
16.2094
14.9121
11.9278
15.0509
13.7879
15.5508
16.872
15.5169
14.6802
13.2571
13.1477
17.0623
22.9435
13.6088
12.5721
11.1257
15.4967
15.9301
22.7038
13.5637
18.1312
12.9877
13.6065
8.24885
16.5753
13.5574
12.7064
13.6418
13.4273
12.6673
15.5869
16.5615
11.7326
16.57
12.559
15.8055
11.6077
16.5884
13.7317
14.3149
16.3047
21.5244
14.0154
14.0603
14.3408
13.3615
13.6023
19.9317
26.8326
13.4315
12.6596
17.4321
13.0911
23.9524
15.0549
22.5546
16.0169
14.9653
22.5275
15.8523
17.3867
13.6385
14.3166
13.2368
18.2888
19.2598
12.3792
15.5001
22.815
14.991
23.3487
14.7044
22.6067
20.5439
23.5803
30.6195
22.9547
22.2954
25.1471
29.495
19.3663
22.0421
22.4894
18.1065
24.2537
21.8198
17.3834
29.487
20.8438
21.501
19.134
13.367
21.5873
20.2185
20.5137
22.99
16.1829
25.9642
20.7399
18.2413
19.8752
19.1494
25.3502
17.457
26.4655
21.9666
13.496
20.4471
15.2604
16.9852
19.8863
17.6271
17.3606
28.8013
18.628
18.2228
19.284
16.9495
23.0724
20.2416
23.8442
18.06
20.8654
23.094
21.9429
16.2267
20.8265
19.0218
16.4879
27.0416
18.6882
14.5153
18.0856
16.366
15.6736
22.3543
15.5239
21.7057
20.206
19.2815
23.6413
16.3199
19.9427
19.1798
26.1962
18.5713
23.477
16.375
18.6395
17.6846
16.2425
17.2464
17.6719
17.2111
17.7587
20.177
18.811
20.0919
19.5735
20.3321
16.8223
27.8835
20.8634
25.0587
18.3347
20.344
17.825
16.3335
19.7032
18.9998
19.1019
18.8394
18.0894
18.8452
24.8938
17.9478
19.2987
20.3069
21.3028
19.1146
23.5025
18.5256
21.1101
20.4638
25.5656
17.2521
15.7001
12.7296
21.8772
21.1783
17.2796
19.401
20.3931
20.925
18.1909
22.6719
21.915
22.593
21.9605
21.205
25.3236
29.8562
19.7312
24.1815
18.0505
27.3929
20.896
22.4691
21.8257
20.2223
21.1129
21.5433
21.4883
20.6448
22.3502
28.4154
22.6783
20.8155
20.5718
20.3138
18.6816
21.1971
22.3944
22.6831
21.3911
20.6149
21.6848
26.7481
19.9043
22.224
26.3432
21.9309
27.4039
21.2408
22.1326
20.2112
24.1203
26.3209
19.1359
21.3986
26.5135
20.519
28.502
17.974
18.3206
19.8779
17.7099
26.0161
19.252
21.7049
20.3696
17.5467
18.454
21.5658
18.675
21.3273
20.2111
26.6463
23.3794
18.9505
23.035
18.7944
17.3684
16.5573
19.8129
18.9743
25.6662
16.7641
26.5873
25.0533
17.7585
20.3687
20.1817
20.2828
29.7976
20.3569
19.196
24.9259
20.1647
30.3336
19.9183
21.2451
30.3912
21.881
28.993
20.7307
19.7294
24.9336
23.1253
17.5844
18.133
18.2415
17.0652
18.785
18.5978
17.6325
22.6366
25.2734
18.8458
19.0623
22.7371
23.2469
20.7956
17.627
20.9481
21.372
20.7019
17.2452
19.7336
20.3959
18.4213
23.5937
16.6851
16.7505
25.3428
19.2499
21.2315
16.9742
21.8006
19.3023
15.597
26.9521
16.2055
25.9868
22.4074
19.9665
21.4656
20.0467
27.1758
19.0656
21.2132
23.8915
26.9784
19.3792
19.5927
19.7488
24.0367
15.4014
25.3885
29.0224
24.9714
33.8892
22.8355
19.1823
17.7373
26.0846
34.6346
22.6312
16.3065
37.4568
15.043
35.1954
15.6279
32.3758
18.3184
15.9749
22.6857
17.0523
29.3185
19.4401
25.5121
18.9565
18.1578
18.7808
18.9054
18.5123
31.3875
19.607
27.9954
18.9197
20.2223
21.1716
20.8982
16.4701
26.9092
29.4352
19.9363
20.6369
20.827
18.3102
17.2664
19.6583
18.5199
19.3285
16.3402
17.46
18.2129
22.8776
23.0706
19.2237
20.172
17.1256
18.7051
24.1111
22.8476
24.684
16.7531
16.1164
17.0231
21.4647
23.5714
17.356
23.4536
18.8359
26.4085
27.1622
19.9867
22.9848
26.168
19.34
23.2852
20.1537
19.1156
21.0018
24.607
25.1485
17.6448
30.3625
23.3368
28.6606
19.3516
23.6851
18.543
29.5101
20.9525
21.2704
17.4493
20.8803
17.8192
21.5688
21.0406
22.5545
26.3059
19.3154
22.3408
16.748
24.232
19.6856
20.4473
20.0398
26.2694
19.6967
17.3779
17.2965
18.6459
15.9618
22.6193
22.4139
16.6262
19.3684
16.7646
18.9903
19.0895
18.0225
24.1193
18.6267
21.4449
25.402
24.3519
23.8008
27.0138
21.587
17.2804
17.9046
17.6404
22.696
18.3917
19.9535
28.5535
23.8809
22.7572
20.1577
19.6449
27.2044
28.5664
22.1813
19.8223
24.5364
19.8725
26.0524
20.1025
21.4857
19.3829
17.0995
20.5763
17.2961
21.0534
22.2718
20.0285
19.2611
24.337
18.4462
26.423
23.4399
17.9511
20.0519
21.7078
28.7774
24.9337
21.5474
18.6232
28.0622
22.0004
27.5956
23.6952
18.4567
25.5791
21.965
22.1446
18.535
22.1961
16.7631
11.9667
20.3897
17.1496
22.4734
19.4342
25.3032
17.8531
24.5888
15.9886
25.3221
21.123
19.2946
25.0846
19.9194
26.1457
20.1857
18.5194
21.749
21.179
19.4268
28.8917
29.204
24.8554
29.8271
20.1438
20.8893
22.3539
20.5859
19.8963
25.9853
19.2224
19.1991
19.1575
28.4251
19.4003
22.6712
21.1934
22.9461
21.091
22.0232
19.5624
27.938
21.5145
21.4873
20.147
21.7503
21.4929
27.6832
21.2003
22.3876
20.2468
28.3017
18.8506
26.705
21.1955
23.6418
23.0035
23.2188
30.0741
20.9924
22.1187
21.3943
18.808
19.41
20.2921
17.6753
18.4585
21.0276
19.5479
19.3132
30.4858
16.3049
24.2297
16.2655
25.5756
17.5943
20.2919
18.4683
23.0627
19.0762
18.557
16.5853
17.5611
22.2926
18.9078
21.5071
23.8657
21.0568
20.0573
20.8329
20.651
18.9871
21.0289
19.0042
18.1284
24.344
18.6283
28.2355
19.0048
26.9927
22.724
18.0223
23.0596
23.4981
21.0537
24.047
23.9534
22.711
24.6536
19.0279
17.1293
33.4705
26.2612
21.177
20.8988
18.21
26.4478
18.9719
19.6828
24.8166
17.8521
25.5091
19.4421
20.2739
25.2033
33.6157
21.1497
22.4697
20.0215
18.283
20.8109
18.3435
17.0293
18.5516
22.094
21.1909
20.7276
17.2229
22.3466
21.8311
27.0259
24.3154
18.6278
13.8542
17.2983
30.4798
31.8804
32.0463
27.395
29.9023
27.4203
28.4203
29.9576
18.6887
22.9324
21.629
17.9449
17.4396
23.7006
26.9456
24.6363
18.2108
22.7288
23.389
17.6026
21.7913
25.439
18.441
16.7784
22.1676
21.9505
21.3688
19.0305
26.2254
23.1121
21.3059
20.5548
26.2483
22.8741
20.0256
16.8388
28.5865
19.1088
22.5275
23.1495
19.6553
23.3233
16.3999
21.5599
19.3199
19.3288
22.621
17.8132
13.8255
15.0964
14.7739
17.9659
16.1174
24.5632
22.8779
16.1298
22.8918
18.0443
16.3406
16.9847
17.1119
17.2164
27.2795
15.7003
27.633
19.4688
21.9459
20.0118
16.8061
20.1879
16.8091
24.4132
22.0608
17.7401
28.6593
21.7214
19.8305
20.1966
22.1669
24.7688
16.7881
25.1955
19.0829
24.8723
18.669
17.2686
19.1525
20.9685
17.3742
20.1504
16.9664
25.703
25.4115
19.9273
17.598
19.7682
14.8339
24.0624
16.1907
14.412
18.7275
19.1973
16.1628
20.0584
18.1301
17.3977
27.8307
18.2953
18.1879
14.0785
15.5014
15.2371
16.5223
17.2661
22.4404
23.6318
19.5845
15.328
18.9107
15.9967
26.0871
24.7634
20.0716
14.6458
21.016
16.7479
24.7212
17.0512
26.4804
18.1154
15.7656
20.0687
17.5077
16.3608
19.3329
15.1461
24.1208
15.0636
27.1864
18.7054
25.2272
14.9998
12.9924
15.916
27.3871
17.0649
23.2676
18.3557
18.3655
16.4291
24.5217
17.341
30.0873
20.2686
25.5436
17.1663
26.5503
19.8728
25.7215
22.1785
13.4487
17.5297
15.6259
21.2351
13.4561
21.4187
19.4733
24.294
17.1191
24.8298
14.1115
24.7866
19.9937
20.6242
16.3477
18.3821
16.5747
19.105
19.0718
18.7528
27.4846
21.197
29.4721
18.9027
19.0255
28.7818
18.1697
17.8878
23.1151
20.1626
18.3601
21.2139
26.5472
19.6673
22.138
23.4387
21.8323
34.4848
22.0983
22.3693
18.8466
26.673
20.7954
25.7422
24.7676
22.278
25.1203
19.11
21.6032
26.8752
18.6001
13.6145
19.0884
22.8252
17.4598
19.2726
17.066
24.3342
18.6369
21.7012
17.718
22.2075
21.4476
17.0063
19.9677
17.2646
20.6958
21.5239
20.6761
17.8596
20.2387
21.9616
21.5506
12.5617
16.6044
17.5252
25.2918
19.0528
13.7872
21.2307
13.6965
18.0728
22.0068
15.8793
21.3004
14.0084
28.1636
19.9462
22.9616
13.1458
21.2689
13.9482
11.4559
13.7141
13.8161
20.3745
19.8923
17.3556
20.5844
18.6328
26.5916
18.6031
24.951
23.5533
24.6945
16.8203
18.3043
13.7277
17.2868
24.8112
20.0616
27.2725
18.9148
28.2898
21.9382
21.4344
20.0047
32.2884
24.6688
21.892
30.811
27.7762
31.8037
38.1946
18.3598
21.0668
28.9981
25.464
18.992
21.8227
31.1779
28.7793
25.2909
30.9744
20.5793
24.6544
19.0765
24.7894
28.3222
27.8304
21.3601
25.7924
25.1965
22.6269
30.1641
24.9921
27.092
26.1507
34.5965
14.9862
29.4175
22.8648
24.894
36.3843
21.7842
33.7142
30.2048
28.221
19.45
28.6219
22.4176
15.4459
21.7266
22.4211
14.9783
13.0578
17.7889
16.7309
31.3098
22.845
19.8388
16.8893
15.0655
18.4101
17.6234
15.9973
26.7136
15.5631
29.1886
15.7681
17.3808
16.8647
15.1172
18.5041
18.176
19.865
19.5019
21.3405
19.0263
27.3913
17.7481
22.5489
20.8122
26.492
20.1365
25.5536
17.9024
22.3313
18.4039
21.2044
24.5579
18.1292
24.7887
16.7303
18.1033
20.3197
33.9897
23.1179
21.6889
23.5736
26.0313
25.1198
26.0619
21.3513
26.6726
21.2227
14.4425
16.8262
14.3422
15.8127
20.9774
16.0559
17.6631
29.2988
20.4101
22.126
18.3265
21.2977
21.944
22.3153
19.4807
18.4294
17.3419
22.2048
25.3351
24.1997
15.4558
18.5755
17.25
24.3719
20.5926
20.2575
20.2141
20.2946
18.7421
18.4141
20.1016
19.0696
20.6239
22.3197
21.8568
20.3473
23.9557
31.1125
28.6065
24.8784
33.696
28.1137
28.915
19.0156
20.6347
25.3787
29.2497
26.7744
27.2404
20.3594
20.892
31.883
34.6661
23.8416
25.0613
21.4419
23.7141
42.6123
26.0722
26.7098
22.2131
35.2015
27.4262
20.3903
30.9012
22.3557
28.6368
24.1796
30.5914
20.5479
27.278
19.04
23.0463
35.2294
21.9928
28.0343
24.6061
17.4542
16.9457
18.4601
18.8672
16.0279
17.1814
26.648
28.1964
25.7048
23.2817
22.3246
27.8981
23.9652
20.7061
26.7029
29.5382
19.8405
18.2017
31.1119
25.2174
22.9483
29.6503
23.8184
30.1625
25.268
29.1931
21.4439
25.3537
34.3505
27.3023
22.3094
34.9618
25.4412
25.9096
29.0085
24.499
20.7521
31.6078
24.6823
30.4852
32.3086
26.2902
24.4035
31.307
26.9555
28.5147
23.2535
16.8236
22.6273
17.1992
27.4824
31.3691
20.4212
22.5965
22.033
22.9199
17.8774
20.3325
19.3984
24.7817
19.5429
20.118
28.1846
21.3225
19.9605
17.864
30.8367
20.5474
23.895
23.3536
19.2374
27.7283
19.5213
25.1327
23.8291
31.0896
23.8227
23.5953
20.041
42.005
25.998
19.6648
21.2614
17.6115
22.1068
17.8796
20.8164
17.4011
21.0378
22.3034
20.448
14.5819
22.9598
15.2312
24.7295
24.1774
22.8611
19.3802
23.8661
27.265
17.2557
16.4363
21.3103
17.1292
21.2378
16.822
28.0931
20.5665
18.0904
21.8832
17.1473
23.3558
21.4435
23.995
30.6212
29.3893
21.1978
19.1848
17.5862
18.7803
21.9837
17.7414
13.2524
14.1305
15.8662
18.5602
23.8458
23.8324
18.2519
25.2292
22.4651
19.6628
33.9785
18.3594
20.4838
20.4494
17.9913
25.2895
17.8824
21.7368
24.9734
29.4417
16.5478
20.712
21.9782
15.3375
18.5512
22.2542
21.8365
19.6376
23.0453
19.7381
20.1057
16.4272
18.4517
21.8372
18.6091
24.1177
20.8403
16.9756
26.8328
19.6419
18.195
20.6527
19.603
20.6192
15.3084
25.465
20.1797
21.5066
15.0711
25.4882
18.3295
17.053
21.4041
25.6429
23.5936
25.0169
19.1127
18.2781
27.9407
21.7289
18.2231
30.8545
20.7651
29.8424
26.7901
23.2772
28.7812
22.4038
24.9101
20.3967
19.7072
19.7556
19.7929
21.762
23.3515
21.5096
22.2735
19.3412
20.1648
27.7352
20.1158
19.9052
30.1901
20.0836
19.841
19.249
26.9565
24.2795
23.2919
21.2168
17.8942
30.1983
20.1363
26.7319
19.7747
20.6445
20.8607
16.561
25.2952
20.6496
16.2739
25.9579
18.5884
22.8702
20.0926
17.0928
22.9803
17.4206
22.5253
27.0824
26.5973
18.1001
22.0786
22.6369
18.1983
25.7579
18.5819
19.8613
21.471
22.0292
20.1305
28.0603
29.3263
19.1766
25.8543
17.8177
21.1053
24.9085
16.8075
17.2749
23.1077
20.0754
24.3148
28.618
27.9782
16.4866
26.8204
17.4101
18.8444
18.5344
19.7611
23.8418
20.344
17.5521
17.4679
25.6078
23.7304
25.6586
18.3441
18.2556
20.0065
25.4863
20.5074
21.499
20.9058
25.1259
18.8692
25.8821
20.1041
28.2629
23.6888
29.4477
20.2489
21.7994
26.074
21.0227
16.0138
13.0104
24.3313
16.8719
21.5864
20.5781
27.7077
18.6902
22.1516
30.3384
30.0862
23.5015
26.0117
14.2231
19.1755
13.67
23.6341
23.3027
25.9881
20.3587
27.2834
19.9405
24.5028
19.9891
24.9896
29.2657
26.4081
28.3266
27.4266
25.1215
20.9146
27.0587
32.5656
22.361
17.6868
24.6598
20.1021
36.0666
24.4734
26.6612
23.2878
26.3599
24.0314
28.1935
27.1409
24.6966
25.7736
23.9194
27.2178
22.9343
22.6321
19.4334
19.2309
21.0938
24.9258
15.5934
22.9079
19.5642
35.5886
22.8689
19.9966
16.4285
28.368
16.9844
17.9819
23.8311
16.6075
20.7568
17.3756
17.4213
21.6574
20.904
21.9513
17.8589
20.7811
25.9034
22.0872
25.9487
16.0385
24.0274
21.6953
20.0784
20.9345
19.6092
21.9135
23.7022
17.8213
20.0928
21.3534
21.2142
21.0884
27.1347
27.7578
19.1636
16.8744
26.8113
17.7237
18.6777
23.3814
17.5922
26.3546
18.7832
18.5833
16.0606
28.5216
18.1999
22.4416
21.0278
18.6628
19.0525
24.0002
22.1131
14.2501
26.7588
22.049
16.4463
26.3619
21.6525
25.6507
20.3999
19.5089
22.6448
28.5893
14.5201
24.1727
25.1724
15.84
26.8979
18.24
25.7672
19.6554
22.0984
33.5339
25.3421
20.2933
23.3849
24.1635
35.5173
25.0234
23.9339
30.757
25.0407
31.6206
22.6413
25.287
23.791
23.2874
22.0512
15.6479
24.7655
23.8069
20.1873
20.709
30.6196
14.7143
23.4795
19.5295
18.278
25.8052
17.0725
20.293
19.0265
17.7869
23.9897
23.0092
21.2862
22.0492
17.6702
27.1189
26.005
22.2723
26.4185
19.2312
19.9122
22.4244
26.5769
20.5826
22.3328
25.9581
28.6765
26.9391
29.1763
24.8173
18.1272
21.5671
19.4186
29.1192
19.6546
29.5719
17.669
22.4032
20.9594
28.7333
19.2655
26.2499
20.0639
26.0462
19.3105
34.7732
18.8156
23.7071
16.0739
23.0791
15.4671
14.5734
25.0786
17.0049
19.9371
16.3916
21.9305
19.7405
18.2965
13.0953
22.8029
15.7032
15.4664
29.4082
15.0306
15.2539
22.7591
16.7234
21.6691
23.8037
23.0049
22.1135
20.0072
19.4781
18.9769
20.0481
27.7851
18.9902
20.7754
18.9915
23.3874
19.0313
16.5033
26.1811
21.8209
18.5272
19.4041
21.7603
18.5161
16.8919
21.4472
27.8816
22.141
30.7184
21.2789
19.5121
18.545
23.1533
23.1762
15.0743
24.6238
36.7731
24.7254
26.3051
22.8116
24.9901
27.1397
28.8513
30.3458
24.2372
20.0584
31.8016
25.2806
29.9814
31.72
16.0083
24.3537
29.1486
26.3178
22.7461
31.4276
25.9469
24.3716
32.0961
25.1172
27.7078
21.9436
26.1338
31.8832
28.4864
25.2819
26.4882
28.2786
21.0277
21.7581
25.009
27.5928
22.6911
20.6148
26.2851
27.8472
28.8278
19.3158
26.8677
25.2069
26.2305
22.5615
26.1256
31.6101
23.4268
27.326
29.6688
30.2848
27.2249
24.472
24.0382
21.1522
19.0578
28.279
16.8666
19.9222
17.0014
17.6683
26.2325
19.2767
19.0865
16.5979
15.8818
17.7391
15.8234
21.393
15.1623
18.5009
19.9996
18.0599
21.6306
14.2693
17.7461
15.7072
16.8443
18.3321
25.6482
20.6965
19.6001
27.4335
21.2783
19.4306
21.3502
18.7057
21.836
16.1289
21.0462
17.2459
14.5431
15.7114
19.4413
20.7793
18.7552
16.9216
19.9768
21.8581
24.5763
28.0594
21.9542
20.5757
20.5577
19.3105
26.0014
12.6813
19.1392
20.3308
24.9231
10.267
10.8639
7.2224
12.3293
12.5854
14.0621
20.7322
15.9707
15.2122
32.2196
17.8534
11.7766
14.1348
14.5733
12.9344
19.9061
14.4326
14.0438
20.5922
20.4211
19.85
20.3144
19.6011
21.879
23.3622
21.4507
22.0528
22.4009
26.3
26.9422
30.278
26.4821
21.8416
33.4315
21.6194
18.408
28.2815
26.2503
27.7284
27.4171
35.6048
26.6902
32.2129
26.786
28.7254
32.4092
34.5242
33.0649
25.5312
36.452
30.7474
43.3099
28.8744
43.1568
35.5703
35.5408
22.4547
33.401
32.7664
28.4062
34.8086
25.7988
25.57
32.5533
27.9583
31.3539
35.8248
29.7607
31.5175