10.3544
21.339
17.6265
26.9478
19.2366
21.6617
22.3149
14.4258
12.8134
9.55418
10.1235
7.56887
10.0211
10.5966
14.9004
20.9301
11.4889
14.4969
14.0398
19.073
10.0149
10.3902
15.136
13.8574
16.5884
26.2521
18.4945
17.7393
18.3158
18.5355
19.2436
13.9289
11.4898
10.3117
19.4478
19.9184
21.3438
14.0374
20.7625
22.2327
12.4867
19.5644
17.7239
17.9978
12.7318
18.2516
21.2982
17.5451
16.7432
13.7087
12.9138
12.1683
13.1826
14.0336
11.3074
14.0153
16.5812
12.2683
9.09858
13.3216
9.10428
18.0891
11.4575
13.1763
12.121
11.394
16.9741
9.3474
11.8408
11.1932
15.0048
9.70987
10.1724
12.786
11.4733
11.0259
13.5403
11.4294
13.3964
12.3055
10.0117
13.2004
12.8574
12.3347
30.3042
9.75629
14.024
10.1873
14.9526
13.6454
9.98759
13.0303
10.9481
12.657
13.4465
16.8264
10.7599
17.6743
9.92305
14.1494
16.7791
14.6685
11.719
12.2587
19.4499
13.4306
10.2194
17.2007
15.2501
11.2497
14.3023
13.8488
14.5272
11.7676
10.7164
15.3597
19.403
10.6277
11.9351
10.0403
13.8549
12.0114
11.7011
14.1026
17.6242
14.3765
13.745
14.4679
15.8547
10.6269
12.3606
12.4506
12.3141
14.0933
14.2812
12.1772
10.9165
17.3901
15.0107
10.9541
18.2211
12.6932
11.3704
10.3824
13.1137
14.2522
11.5369
16.3939
10.0682
19.2105
17.6247
19.0693
13.7199
12.5659
12.0342
10.6406
15.6295
9.91887
16.3039
11.3298
14.8274
14.1043
11.5358
13.4027
12.0895
17.6363
10.8993
14.4169
15.3523
14.4298
14.5954
13.7014
13.8064
13.9762
19.1552
15.0209
9.95564
12.8949
10.8647
10.9259
10.8782
14.0301
11.335
12.111
11.1885
15.6408
12.1758
12.6578
13.1406
13.1336
16.863
17.0271
18.954
12.0911
16.1498
13.8737
18.0892
10.8362
14.3018
10.2986
11.3603
14.8933
13.7383
12.8645
11.0174
11.0253
12.0172
15.9466
11.9725
11.1957
13.9783
13.9247
10.057
13.3741
15.8471
14.1917
10.9467
12.2003
12.7648
18.7421
18.7333
13.5198
21.1558
13.2887
12.0659
20.3737
14.0524
14.508
13.6625
10.7652
28.2439
12.9601
14.0797
12.8857
20.3764
11.7917
12.3764
10.3464
33.6991
13.6813
18.1925
16.3843
13.5584
13.6545
18.3864
14.2303
12.3846
13.5492
11.4686
24.6877
23.1712
21.4636
21.8146
14.563
20.1621
14.1536
12.6878
27.2493
14.071
19.0726
10.2554
24.941
15.0259
20.7591
13.8949
17.6338
19.3105
12.1989
12.5041
12.4246
18.6727
14.157
13.1682
17.7614
19.1609
12.2014
12.9594
17.8235
14.8023
17.4426
13.7317
14.186
18.3946
14.1239
20.3877
12.706
31.6156
23.0749
20.9541
19.415
20.8972
27.6301
25.3565
18.8786
20.3256
12.669
13.8838
19.5962
20.3796
15.9215
19.342
17.7971
18.3684
18.6949
14.2529
12.8067
27.9183
20.8632
13.6627
15.7286
21.0983
12.3316
26.7564
20.7033
12.6637
21.7815
28.7047
14.8814
19.6908
14.589
23.227
20.2514
12.4747
27.6767
20.7257
11.0105
15.255
22.9334
11.5656
14.1697
25.8669
22.065
16.4483
25.4343
13.7743
17.7505
11.9713
11.8269
27.3767
13.2326
11.3128
19.7726
20.2623
13.2219
16.002
20.2074
13.3078
9.60619
20.7474
8.10787
8.26918
10.9182
19.5528
11.8608
14.0466
20.0889
18.0427
27.6092
19.1756
12.1476
29.4581
20.1926
17.7045
26.9526
20.437
11.2052
14.0044
18.7178
11.866
29.3298
14.3413
15.8223
20.4011
29.1447
17.5871
26.3951
25.2682
22.5115
21.4216
14.6833
12.3809
20.4207
21.9177
12.2771
29.406
20.5933
18.5139
22.5044
28.6964
17.7976
19.1642
24.0712
14.8966
19.6096
20.0037
14.2038
13.8629
12.2555
15.3076
12.7596
16.3521
13.2036
21.3645
10.9243
12.6242
26.1182
14.9385
12.2617
19.9714
19.1465
18.6044
22.0479
12.6079
14.3196
13.6559
10.8315
19.514
18.4311
13.1853
16.0859
11.6586
14.7159
11.9994
19.3439
13.1066
11.7617
11.5899
11.2606
15.3781
13.186
12.2977
14.1457
11.2077
13.9954
12.8711
19.1499
19.912
13.4454
21.0099
18.5223
19.2103
21.5028
18.5213
16.3373
13.2104
28.419
11.7159
27.3104
20.1855
18.4608
11.9627
24.203
13.1074
19.9421
20.5712
12.4894
18.6653
17.9198
13.94
31.424
12.4076
20.6347
16.1686
19.3601
11.9984
22.6226
11.8328
14.134
32.1682
16.7719
12.7589
17.665
14.5692
20.3554
24.844
15.5366
13.6586
33.5558
12.1636
25.3847
15.8265
13.7198
16.8755
27.6742
11.2536
17.2288
27.1023
14.0937
13.4394
21.4054
11.5734
20.2807
20.931
14.0941
19.7989
12.2029
28.3064
16.0918
12.5025
17.5303
19.0446
27.3081
19.5063
19.7932
20.8323
14.164
14.2112
14.3118
29.4948
23.3162
14.5975
18.8362
27.314
11.3132
25.3176
28.6198
20.6794
20.2613
9.45303
15.8891
12.3081
20.0614
11.8254
23.8579
12.5806
14.2611
18.6249
10.8857
26.5198
14.3133
11.2423
17.19
20.8726
27.8554
24.1674
12.9899
21.0476
18.2199
14.5123
13.4322
25.5888
12.8183
12.8029
26.6361
15.7536
14.7821
20.4366
20.4281
13.4272
16.2263
15.9251
20.9701
13.7641
13.1127
12.251
19.1
20.8169
16.6077
12.3863
16.387
12.8468
15.3182
14.2395
15.5925
14.5758
19.1945
11.9797
12.5214
19.8538
13.7581
18.659
14.7768
18.6727
18.2685
11.2267
15.5879
13.0021
11.2707
16.3692
13.1116
15.041
17.9901
16.7626
19.3049
16.3125
14.6756
14.5542
15.4156
18.7228
14.4134
15.8162
14.878
11.6653
11.5107
11.4035
17.3769
17.0879
15.3944
14.3962
11.8359
13.1635
14.3688
12.7332
14.48
10.7931
11.3065
10.2296
13.6128
13.4937
12.0707
11.1575
10.4135
18.4811
16.5694
11.1105
15.7061
13.8468
15.817
11.2031
14.2333
13.2458
18.5336
12.3801
13.3418
13.0024
10.7155
11.4216
10.8591
13.6614
17.6011
16.0763
13.5838
20.8508
12.8254
24.2987
17.5302
13.2401
15.55
12.3535
18.6109
17.759
15.8983
11.3036
15.1927
15.5985
17.4759
20.0509
12.7354
13.5305
13.9581
13.542
11.6165
11.6657
9.97831
13.6987
19.0805
15.9542
17.4787
12.9827
12.2479
10.3398
14.0661
11.0761
16.6134
14.2187
14.5995
11.4959
15.7627
15.4184
21.3711
12.5572
12.4604
13.9037
13.9141
14.125
16.0264
11.3156
13.9615
15.1377
11.9937
15.0138
16.4175
12.5827
20.2349
14.1664
14.2179
10.8957
21.0805
13.161
10.0309
13.8062
8.02908
13.1496
11.943
12.1171
11.1273
20.7813
12.1691
12.5872
12.0887
14.6777
13.5641
14.5349
18.0732
11.1568
18.637
19.422
12.6909
11.7003
11.7704
15.559
16.7029
11.9076
15.0085
10.0014
16.4177
13.4004
18.2153
15.3796
12.9966
11.666
17.1909
14.7918
15.6924
12.1485
19.7901
14.1968
23.2616
17.1428
18.9583
17.0472
18.6679
15.0975
13.2534
20.4556
18.9819
17.2552
15.6501
15.4028
11.0842
15.8138
13.8604
13.6199
12.2596
13.0087
11.7104
18.6959
16.1741
11.0345
21.3812
18.6599
14.1229
13.9641
14.1483
12.4255
13.5489
11.9895
13.0436
11.2188
12.4294
12.825
17.4053
10.4441
13.6041
14.5839
12.0592
12.4003
17.7144
14.7127
16.4909
13.1029
10.4978
17.404
14.1474
13.8939
14.34
10.8001
11.8848
15.2806
12.4219
13.9657
14.5212
13.0724
10.8888
11.9412
13.3321
10.5991
14.9926
11.4635
13.7932
14.3033
13.3641
11.213
12.5877
12.515
19.8265
13.2461
10.5476
10.4947
17.3577
13.0272
10.3069
13.481
13.051
11.5757
17.085
10.2
16.7124
11.6745
12.7749
10.9286
14.0739
9.87677
13.6257
13.6844
13.0033
10.4536
23.3059
15.096
11.2197
11.2418
11.645
13.9072
11.0087
11.8699
13.0843
13.0416
11.1227
14.5295
12.8301
15.0929
14.2515
13.4005
13.9247
11.2308
15.0001
14.1679
14.0089
17.9585
14.2614
12.8198
11.9315
10.7926
16.3202
18.1354
9.94245
24.7004
17.7992
11.3653
16.922
16.4457
11.4454
15.1189
15.371
16.1341
12.2312
12.3282
12.4712
10.0053
11.2285
9.47043
15.3819
9.89791
19.0106
11.0277
9.8817
16.0836
14.5517
12.0027
14.5099
11.4143
19.0982
16.5818
10.3162
23.2223
16.6537
11.1749
12.7651
18.2457
13.8458
18.5791
16.5657
15.6596
12.4485
12.6576
13.2244
12.6292
9.84356
10.6976
15.3167
11.2144
12.1366
12.836
8.79026
14.2343
12.7697
17.3721
11.7789
16.8061
14.5529
13.9462
11.3711
12.8051
13.9833
10.9645
13.6425
11.3277
18.5836
12.39
12.2764
14.9509
17.387
9.76699
16.7536
13.3637
17.1516
15.8531
15.9345
10.2401
10.7101
13.2269
10.8832
13.8575
11.5903
14.7825
10.0139
14.0478
14.8207
16.0501
11.2651
11.0236
13.0634
12.0558
13.1647
13.9328
14.4022
11.9052
13.8384
15.413
14.9456
13.6954
13.4162
16.1542
15.9017
17.0882
10.6537
22.4412
11.5819
11.1851
13.7104
14.407
13.318
14.2299
12.0364
14.2588
15.3343
15.774
10.3515
15.0445
8.97902
18.4111
9.83631
10.8305
15.9172
11.1433
16.0285
12.9937
16.0405
9.15905
10.4362
16.0838
14.4547
12.0453
19.3767
16.4556
15.8072
15.366
13.4552
10.5981
11.9688
10.688
13.7844
11.8012
10.3492
15.6667
13.555
9.99177
12.7259
12.177
18.5835
14.0931
10.1727
14.6519
13.2907
12.9248
17.2765
15.3884
14.8758
14.3995
13.417
13.5402
13.3541
9.5238
17.2934
13.7289
14.1049
12.2979
13.8104
12.732
12.8311
17.5022
18.2367
13.0044
19.425
16.0444
13.2141
17.8637
13.7348
13.8508
12.8454
14.2043
13.3605
10.4583
12.3038
15.3929
11.067
14.5032
20.0849
14.7113
10.1967
18.2401
8.42169
10.7301
8.96042
12.7466
11.8196
15.5696
12.5748
12.9364
15.7919
11.7242
10.8452
13.0825
11.0637
15.5851
10.213
15.9645
13.0278
13.1578
17.3587
8.90137
12.2214
9.36859
12.2223
16.5432
9.92853
14.858
12.7009
14.8142
14.1034
19.1561
10.5499
11.63
16.1213
14.5629
11.0354
18.6391
15.0382
11.0024
11.828
11.0407
11.4442
11.3912
19.1067
14.0391
11.0166
11.7843
19.612
14.4081
13.5514
13.1523
17.4744
10.8345
15.8125
11.6882
16.8835
13.7471
10.671
14.2438
11.7449
11.9641
9.80164
13.2951
11.1982
15.6125
10.6905
15.1758
10.4271
11.5976
10.4911
10.029
12.8616
13.6513
12.2601
15.519
15.8068
12.0428
14.2065
15.4151
9.84263
16.3296
9.43642
12.8438
15.6271
12.3308
13.6141
13.118
13.9045
9.95224
11.0407
9.45767
15.1748
12.2274
9.64463
12.6853
10.38
14.1597
10.7625
13.908
11.2682
12.413
10.9409
10.5095
10.4413
12.1992
8.81273
10.8902
13.8213
14.5484
11.8257
16.0192
10.5644
9.22039
10.7243
14.617
15.6363
10.9606
11.9687
12.6258
12.5431
14.9551
10.2862
13.7752
13.8799
10.7535
9.38765
10.0822
20.8295
14.4248
15.1421
13.7804
16.1212
16.1594
12.1496
12.7199
10.0356
12.7622
14.7481
14.1121
10.7727
9.91917
14.4668
10.7867
9.97668
12.9757
10.8768
11.9659
12.9551
11.3836
15.6604
12.8618
10.2907
13.0065
14.0246
17.6981
9.41705
12.9124
12.8125
17.7098
13.4687
12.1373
12.3776
11.4304
17.3738
16.0461
10.8848
13.5993
10.2407
10.3604
16.6331
14.853
13.512
10.8495
9.01178
17.3841
11.0499
12.3242
16.1481
16.7958
13.62
8.13138
18.497
10.2933
9.31723
9.44405
15.5881
13.1362
13.7099
20.3778
12.2979
17.7255
11.0759
18.9185
12.1035
13.3401
10.2614
12.9403
12.2739
15.6279
11.7012
16.1266
18.166
14.977
11.2487
10.8455
14.1709
12.0909
9.33753
18.4367
10.9053
13.9955
14.6018
11.0989
17.6763
11.8594
17.4913
15.1497
11.0962
10.8698
10.3313
14.9398
13.6074
15.5535
13.5515
12.214
16.3872
9.59324
13.816
10.7037
14.7958
11.5742
12.0111
13.177
12.8966
16.3694
9.50991
17.0245
14.7061
11.0456
16.3239
10.4078
15.4042
13.6165
10.7544
13.6525
9.51344
9.76608
14.876
9.54725
10.3666
13.0808
11.8252
14.1434
11.2217
15.5943
15.997
10.5707
11.231
15.1995
15.109
13.508
13.2638
11.4221
10.5563
10.8608
10.4833
10.4636
18.1595
14.625
11.9244
15.8841
15.6129
17.2704
16.4516
17.0374
16.2432
14.6266
10.3826
12.7873
10.5475
11.1268
14.6994
18.531
20.0378
16.0671
11.1021
13.9941
14.0252
10.0879
9.709
16.7863
14.5727
16.5533
11.1958
13.6546
11.9273
11.7912
11.6202
16.2489
10.899
12.1582
12.5903
15.8719
13.2507
18.068
11.9465
15.505
15.4349
16.4498
13.7661
12.0042
11.2158
13.4526
12.1579
13.4538
15.6832
15.2892
14.6202
16.2487
18.2668
9.96343
10.5424
14.0155
12.7141
13.8291
11.9951
13.8636
14.7165
14.1688
17.1493
13.1768
10.8593
11.0896
13.3669
12.9498
10.211
12.0652
14.6081
10.2325
16.5822
12.1643
14.7317
17.2736
11.2328
18.6309
15.5505
10.9298
12.1585
12.9321
11.3759
10.8335
20.7612
9.63653
16.3263
15.2788
11.9534
16.7606
10.4735
13.1815
6.49453
8.60715
9.49286
13.2351
11.0334
15.2931
12.5109
13.725
10.8822
12.3909
14.1666
10.8757
12.9647
12.4982
18.4709
13.3394
10.1334
12.2209
14.5556
9.59961
11.6263
10.3277
16.4605
11.6968
18.673
16.5986
18.872
16.2338
16.3407
12.6034
10.112
14.1466
12.5914
8.89034
9.35701
19.1519
12.0009
12.8292
9.99012
10.0967
11.6811
13.2582
12.0606
14.5632
10.233
13.9535
10.1162
13.5797
12.7196
12.2074
11.3822
10.4257
15.2578
16.8442
12.8225
15.8555
10.6014
14.1046
12.9555
15.1195
11.1617
24.1034
18.3098
16.9207
12.3429
13.6338
19.4544
12.2301
21.3533
15.3241
24.6083
11.1374
19.0004
17.7825
25.8753
12.0532
24.3966
26.9862
12.6976
17.1609
22.193
13.5191
30.5273
11.6007
12.8626
21.78
11.4516
13.4255
14.0075
26.4747
20.5311
14.0491
16.1599
14.371
11.6801
10.4915
19.8827
24.8794
11.8425
12.552
15.0793
11.629
10.9283
15.1784
13.7269
12.2383
16.8194
14.4809
12.7183
14.0088
14.899
16.3232
12.5784
11.1851
12.4871
11.3833
17.1765
12.0857
13.1924
20.3511
15.578
14.801
19.6928
13.959
11.8084
12.547
23.643
10.9073
14.8939
17.0797
11.6197
10.8468
12.401
15.6656
16.2034
13.3031
12.5247
12.448
13.693
12.0143
19.5362
12.2083
13.6182
18.3052
12.3304
21.2739
14.0051
15.9697
12.7426
13.7181
12.6354
15.2727
17.8753
12.1948
11.5484
16.3968
13.0388
13.2711
14.6094
12.839
15.3492
12.7045
17.2904
20.2333
14.2674
18.5591
14.3795
13.8923
17.6062
24.1605
13.6372
9.92953
8.90355
12.5752
18.632
17.101
19.689
14.4272
18.7015
13.0799
14.6008
12.7061
30.594
18.5928
13.5345
13.569
13.2144
23.5082
16.7743
12.4794
13.6345
13.957
10.8584
18.7131
18.2399
11.8357
17.3579
20.5086
10.5754
12.1652
12.7919
18.1272
19.3299
12.2657
17.8191
16.3825
12.8194
11.8078
19.2793
16.2601
11.3182
11.8769
13.4341
11.6645
20.932
15.2897
12.9042
13.3818
15.9379
15.1426
18.7301
13.4255
16.2474
12.2928
16.48
13.5076
13.3786
14.9994
16.0378
13.225
17.584
11.4643
15.5815
14.8744
13.8497
12.758
17.8383
10.4189
12.9328
13.3896
15.0454
25.3848
12.9551
13.1534
14.0428
11.5316
17.399
16.5552
13.921
13.2766
16.3507
12.076
18.2779
12.7906
14.4351
21.1889
13.3232
16.8473
12.6749
14.5555
14.2298
17.1763
17.7868
14.3851
13.3534
18.419
21.8629
19.892
12.384
17.1206
23.3109
12.6832
17.1526
10.7525
21.5788
15.2218
14.9571
17.7046
17.7894
19.2097
21.0468
14.8129
20.1035
19.7986
19.4677
13.3244
22.1234
13.7366
14.4665
13.5577
23.3386
11.709
17.3936
11.6161
26.4578
26.6001
21.1075
14.1179
15.0634
15.4444
11.9783
27.2722
17.9525
13.6811
14.5569
21.0054
12.8355
19.3189
13.0209
18.9039
16.6623
13.6401
22.7753
13.9664
16.1781
16.6548
11.5551
17.6103
11.6477
13.9316
11.7106
18.1477
13.1506
14.8529
12.8586
9.93368
18.5764
11.6567
14.1206
20.7609
12.2464
14.9247
19.6428
14.1151
13.6711
13.3124
19.8059
15.3192
13.3922
14.6047
19.1895
11.6751
27.578
25.4396
12.5136
12.43
17.392
11.3351
9.44518
17.606
11.8555
18.5328
16.6349
18.954
14.4608
26.5923
17.8607
15.621
19.1185
30.0348
16.424
16.1877
17.0308
12.8634
16.4897
19.9433
15.7136
15.0593
15.9433
21.4315
23.2249
17.8024
15.7146
20.3678
15.098
29.645
14.4447
21.9275
17.5347
16.5387
14.785
18.2608
15.5433
14.6917
24.6725
13.8898
32.4576
22.5457
20.8028
15.2603
23.2147
20.3097
20.9793
15.6586
20.4581
21.7591
19.0745
22.0501
21.35
14.4183
22.9972
21.8654
21.0083
21.9444
22.4983
23.7813
15.6199
20.0016
15.8428
21.6413
24.5415
15.2572
23.588
16.0527
24.2167
15.7064
35.4426
16.3233
31.9845
29.6476
19.0055
13.8445
19.7099
14.5996
20.1658
22.591
17.6783
14.4418
13.3107
27.8439
26.6794
15.2222
31.3028
14.3008
14.5906
18.077
15.7487
13.565
26.6272
14.2147
18.2838
12.9702
23.3026
13.0397
18.1706
21.6228
16.8258
13.7673
13.6238
20.8243
16.0734
21.3628
20.7654
18.7392
14.7048
15.1486
16.3258
16.752
12.0401
19.8584
15.5611
14.1004
16.4291
19.4505
27.2458
14.206
25.1161
14.1381
19.2741
19.5755
35.1148
14.6666
25.5013
24.5408
15.4669
19.3392
24.2971
16.8014
22.3142
12.271
20.5562
13.5795
17.0963
14.0839
24.5473
13.4972
19.2165
13.5549
25.0545
21.6612
15.4666
17.7769
19.432
14.1931
28.0987
15.8827
14.4921
23.6304
14.4892
12.2771
13.1211
14.0082
21.0759
15.9424
17.048
13.593
21.4285
14.6271
23.8121
30.4748
23.3691
14.8915
19.0765
15.145
28.3563
12.8624
10.1936
12.4861
17.5167
16.1017
13.4587
21.7833
14.8737
19.138
18.5206
14.8233
21.3512
13.6851
13.3704
16.8678
13.397
19.4005
18.9011
20.2178
11.5516
26.7269
15.5617
20.6119
18.2743
16.0884
17.8761
18.7872
16.4493
27.5755
18.3324
20.9843
19.2334
13.7528
12.3479
22.5934
16.1728
19.3173
16.1393
11.0706
33.028
13.7843
15.84
24.6539
14.7124
12.9679
20.5112
18.6667
12.6345
14.6414
20.7934
18.6874
19.9279
13.5614
20.1127
20.0806
17.7252
14.5976
19.4002
13.4054
18.1574
18.5507
18.3922
20.1001
15.1883
25.8561
16.6645
12.9643
18.1951
15.187
12.768
20.3272
19.0197
12.8175
16.8169
18.8349
19.9875
20.5054
17.7433
19.2938
22.1666
17.1758
28.2583
20.2376
18.201
17.07
19.0099
23.3914
17.3949
15.8976
19.0147
22.5606
19.9662
17.89
18.2091
18.6785
20.1186
18.7082
17.7083
22.04
18.6758
16.9215
34.3971
21.515
17.5205
18.3416
35.3979
23.2804
26.4045
30.1019
18.5965
18.4174
17.4953
18.3235
18.9577
18.9188
27.8372
20.0285
22.97
19.9703
17.7781
31.8651
21.5894
19.5936
23.7747
18.6512
18.5346
19.3403
17.7936
20.0548
19.2579
14.4032
20.6012
20.0623
20.8883
11.4624
20.3898
17.5187
29.7193
20.6972
31.0501
20.198
19.9386
21.1193
20.5073
18.2739
19.975
18.0382
30.1355
22.6845
28.0548
20.2032
24.2165
19.6873
21.4958
20.9931
18.5797
19.2764
20.7325
18.9103
32.908
21.2035
21.2361
19.2677
27.231
20.7507
20.175
22.2033
19.4575
30.4243
25.7322
27.6898
18.9149
22.0144
22.9803
25.7869
17.984
20.1367
18.1948
16.5811
25.7699
12.3478
25.2347
11.9001
22.4222
20.5835
12.4273
20.321
18.2627
15.6503
19.487
20.5236
25.6135
15.7139
24.6428
13.1649
18.8715
18.9632
20.5653
19.9771
19.3463
22.9678
29.7463
19.5666
14.3496
20.7516
22.7908
14.8181
15.6761
20.6282
16.8596
18.8831
15.4465
11.3271
15.1926
18.4097
15.7306
17.5925
14.6972
19.6771
26.8576
17.8183
13.2114
18.4217
21.0318
13.5066
15.5514
16.4776
17.8604
21.3355
18.317
12.9017
18.6168
18.5041
23.4267
14.0807
20.9546
18.5332
11.5321
12.4097
11.1368
11.9875
12.5267
10.478
12.9648
19.3557
13.4889
22.126
14.902
18.4366
13.9663
14.6909
14.4472
11.5766
13.4643
11.2338
26.6643
13.6309
15.0004
20.1499
19.1435
12.9743
18.8774
12.0495
12.8384
26.3724
13.6458
17.8791
14.1333
14.5337
18.6755
12.37
13.9755
17.9011
17.53
17.3749
15.2776
13.9754
19.5755
19.5356
11.9459
11.4924
12.029
18.3309
12.8535
13.7717
21.6822
13.5914
14.4097
23.3365
18.5191
18.3123
12.7712
15.1176
18.3273
21.7094
12.7481
22.8093
12.7146
21.8194
13.3053
14.5752
22.7349
14.5536
14.723
16.401
19.1874
16.7994
14.9657
20.1949
16.6222
13.3515
12.7716
20.8645
16.3915
17.0991
13.0048
22.8984
18.5184
14.6218
15.449
12.0969
14.257
19.4337
19.9937
13.8259
17.0272
15.5669
21.5264
15.2898
25.0676
19.1254
16.437
22.9328
16.9646
13.9718
14.8175
22.4361
20.5253
17.4233
9.29718
20.5282
10.6194
18.631
14.4861
21.6052
17.4392
24.5821
15.6451
18.4246
21.7018
15.3162
15.5537
24.0306
15.7374
17.3031
17.8727
22.2809
19.3835
27.8517
17.4633
23.1288
22.367
16.2824
23.5456
22.0483
17.6116
18.9905
22.8518
15.7425
20.0287
20.8268
14.3054
21.8363
15.1295
20.7625
17.3252
21.5518
19.4919
28.1369
14.3061
36.3865
32.6245
18.0551
15.3576
15.0137
20.5665
22.7123
20.1952
22.2476
16.9273
18.3039
14.4605
16.1263
16.8234
13.8992
20.2677
24.6372
23.8312
15.2373
20.8248
18.2527
17.8456
22.1412
14.3952
20.0287
21.7494
19.1473
23.5046
22.1541
20.2118
19.6711
23.9826
23.7663
23.3457
21.5028
15.8346
19.8132
21.8534
24.6709
23.8123
29.5795
21.9016
15.6393
19.9433
20.1679
13.8902
22.2461
12.9679
20.3313
13.5505
19.4187
13.8032
20.6369
24.9735
13.8951
28.1672
23.6067
15.8193
18.8534
24.8195
16.6145
20.447
12.669
20.2966
18.6611
18.8349
14.0946
21.583
16.858
13.5261
15.8682
12.0992
11.7435
18.7013
15.7598
12.0449
19.8392
18.3436
14.0502
16.1327
13.5364
18.7321
21.1763
16.3404
18.4943
16.4771
15.5962
18.2075
14.1162
19.3368
13.6662
12.1037
19.6598
19.0412
18.9552
12.4724
14.3457
17.4554
14.3164
12.5684
18.7159
20.145
14.0668
23.0144
15.8892
16.6818
14.0997
23.5828
19.3633
20.6647
15.1684
25.9118
35.4685
15.8577
15.7918
31.0062
17.0145
19.8097
13.2912
20.7428
11.6875
27.5111
15.277
19.6678
23.1472
16.4863
13.773
16.838
11.1137
20.8173
13.8665
12.8041
12.2531
20.067
18.1101
14.4088
25.5769
16.0449
14.5061
23.8033
14.4653
26.0109
20.9823
14.4932
17.2003
18.4877
13.3044
21.086
12.8731
18.6965
14.0893
16.0452
10.8872
28.158
11.7328
13.2735
15.0897
20.4051
17.5274
15.694
18.7655
23.0608
14.986
19.176
27.8417
19.6289
19.2461
33.6488
29.0824
23.6243
31.8945
20.6174
22.4862
20.1445
18.2873
24.6655
19.9865
18.6029
18.2258
29.9108
25.2287
18.2542
19.1438
19.3745
20.2818
19.6457
20.9456
30.6674
31.673
29.7365
21.935
19.4983
20.6246
17.4016
19.508
19.1679
20.3852
18.8924
15.5708
27.5783
27.5157
25.438
25.8986
33.5426
22.1512
19.1325
19.2459
19.4671
19.4135
23.7802
23.2668
21.4851
20.5135
18.8908
20.8434
17.5145
19.1843
33.0017
20.855
22.3655
19.9384
20.4131
19.4363
25.3738
22.72
20.2263
21.4183
18.7715
27.7196
21.6175
22.0565
17.7825
20.7783
20.0301
21.7237
20.416
20.5994
19.983
27.0248
24.7646
18.7917
21.5515
24.8701
21.8588
21.0608
20.9
29.9768
19.525
19.4435
20.815
18.0307
19.1081
20.2207
26.3201
16.7118
25.8014
17.9353
21.3161
18.1978
20.3839
20.5946
11.5404
27.6823
18.1239
27.9888
14.0892
33.1999
22.6875
16.0793
19.4765
21.7488
19.3804
17.9195
18.3848
21.2077
25.6088
12.0946
35.2612
25.5246
17.484
29.2282
21.9117
13.647
19.821
23.4255
18.0145
18.569
20.71
12.7899
33.5585
18.8887
18.4706
12.6613
13.1151
12.6516
21.7394
12.7723
13.6974
21.3385
12.9359
21.4656
14.6246
26.2881
18.0308
22.2349
12.0171
22.9929
13.1941
28.9795
12.3692
24.961
11.7254
16.2151
22.0776
18.4814
13.8067
17.559
20.9764
15.7572
33.0614
25.6599
13.3689
14.1775
14.7212
15.1204
19.463
10.5448
16.2356
13.0498
18.0603
11.3428
19.3518
14.4834
12.0206
18.4651
20.2251
12.8105
20.2149
15.4242
14.1375
12.3697
29.5066
16.703
21.9269
20.1268
14.8229
11.3786
43.2456
15.4548
20.3495
13.5203
11.1985
13.0374
20.7407
18.1093
19.0872
22.9456
15.8026
14.5866
23.7485
14.134
24.8327
22.7662
16.6646
19.0707
20.7875
28.1716
18.7262
17.6625
15.5425
16.2463
10.6603
15.4698
13.6006
24.8289
14.8779
19.3957
12.5285
13.945
14.7945
18.9865
12.9936
21.7461
15.3033
12.6569
12.9694
14.0841
12.0825
20.3666
19.1087
33.5807
18.629
24.0376
13.6148
14.1474
13.7756
13.8879
14.1914
21.7026
13.7409
20.7163
15.3129
13.5041
21.7181
15.9444
17.4815
12.0237
25.6786
21.3883
14.1677
15.4526
14.8297
23.6664
14.7282
17.3999
15.4818
18.9702
17.4494
15.9175
19.7307
15.4106
13.1111
19.8574
19.4578
15.3248
15.2776
24.925
25.3972
16.94
15.4374
22.8955
24.6732
15.6735
26.579
22.0988
15.337
28.531
24.4464
14.805
22.3045
19.0567
21.083
22.445
22.1093
17.3607
22.7829
17.024
29.2315
25.8429
24.3087
17.8984
21.6054
30.8533
16.4263
15.4526
32.8134
18.1551
22.6382
11.3825
21.6373
19.091
21.1394
22.4593
17.9822
20.9191
19.8918
23.9019
20.4505
20.7597
22.4631
25.4559
20.5832
24.4142
23.9785
13.7242
15.7834
21.595
14.0852
20.5451
21.4631
24.1294
25.6175
19.6459
25.182
19.7994
20.3995
18.2834
30.3452
17.5856
20.1402
26.958
15.1999
25.2282
23.1779
23.3876
15.0929
29.4849
22.9986
22.1354
20.5448
15.9179
26.0551
21.5507
26.1119
15.1647
22.1039
26.0627
20.1868
24.9194
20.7152
30.5389
21.6332
21.6658
18.6042
24.5084
21.6631
13.2933
23.9933
23.1258
15.4337
15.425
20.3027
14.5145
24.3298
21.3322
14.8658
19.8803
22.0034
29.4524
24.7401
20.8955
14.3678
20.0731
32.2888
14.7942
28.4007
13.478
33.5707
35.8629
27.8506
19.2145
20.2308
14.3677
22.1836
20.8646
14.8038
21.0963
20.1705
14.7234
32.8004
26.4837
14.0633
20.6061
19.5357
22.0711
14.6613
19.2174
18.6864
14.0188
24.3166
21.5833
14.0716
30.085
17.8598
20.8284
16.2047
22.2139
22.5039
20.1423
21.4527
15.01
20.0393
17.7677
18.0712
14.4676
12.853
21.7433
14.3605
20.4039
17.9862
18.3367
18.1034
13.591
11.3242
16.0958
13.4804
19.2813
13.3231
14.764
13.1475
17.4641
14.0035
19.4525
14.5997
17.3404
12.5015
22.5421
21.6589
19.2225
16.7198
17.79
19.8566
17.1273
21.9951
16.2557
19.9052
16.0664
13.8771
14.1688
17.6131
14.4631
12.429
18.0261
13.8035
14.7446
12.6732
22.3013
16.5132
16.4704
13.4473
13.2725
28.3013
14.984
10.864
15.3433
17.5099
13.4459
11.4528
14.6083
15.1794
15.5617
15.9683
20.2115
14.1831
12.6835
13.1367
19.632
13.3692
14.1136
20.6264
19.5472
20.1867
20.4331
23.9698
20.4065
20.7256
20.4775
20.7764
20.9893
23.3386
17.916
18.137
18.4477
17.3872
18.7671
20.558
27.2308
25.8485
18.755
20.2888
19.1061
23.0097
31.5279
19.6844
25.4829
18.5603
21.5834
22.7339
35.9776
21.551
18.9702
21.054
22.6857
20.2165
20.402
27.6903
21.2325
19.88
20.7303
29.7197
26.8412
19.1248
22.0643
19.9381
18.9545
34.5369
20.4379
24.1384
20.0183
17.9025
24.4458
19.7011
26.7577
18.5882
24.4098
21.3437
15.7371
20.3953
21.6772
22.1505
21.7028
22.1703
20.6946
19.065
28.5675
21.3564
21.4701
24.2786
13.6876
22.2009
19.6484
20.1842
22.5797
21.2052
21.1492
25.6024
20.4667
19.465
34.2068
26.5668
14.5615
20.7289
20.169
19.7666
20.5944
21.3316
21.6346
29.4345
22.5929
13.0906
18.8783
30.0198
19.0905
36.5051
14.2139
12.6743
26.7932
14.2261
19.627
25.3236
13.321
12.1199
20.1651
17.1138
12.7806
24.7883
20.591
18.3847
17.9351
31.1367
13.1253
31.7588
32.4139
16.966
20.83
22.2674
13.6704
17.7661
20.4789
12.7205
23.0958
18.8208
11.9653
19.6296
13.037
19.9113
18.8173
23.36
14.3424
17.212
19.3127
17.5419
14.043
21.8327
12.5494
19.8591
12.1662
11.164
26.4883
13.1523
18.2384
13.1882
12.9142
22.508
13.4583
20.0401
12.7963
13.1027
9.96568
12.7703
12.3762
28.0246
13.6813
9.64281
10.704
10.7714
22.7774
11.0304
14.0401
16.2497
13.5986
16.1497
19.604
17.0114
13.4002
12.2538
13.1098
17.3502
13.1707
16.3526
11.7395
12.2776
14.898
17.202
16.242
24.1749
12.7179
12.6162
12.8983
12.5831
23.9874
17.6717
18.0232
14.2849
18.8421
14.6629
15.5878
14.287
19.5116
17.686
23.1101
13.683
20.8255
15.4841
11.2104
15.5051
26.9412
13.7412
21.5782
12.6417
15.9163
21.523
28.1371
9.68263
17.2614
13.6726
18.4993
20.6276
20.2526
15.2701
31.8513
21.6811
22.4592
13.3853
24.3479
18.1876
16.449
20.3431
12.6948
18.3688
20.7234
19.6292
19.7172
13.7437
23.2635
14.5548
13.5406
24.046
15.544
15.2915
26.037
20.3412
21.0678
28.3086
17.5803
23.8174
14.9437
21.1008
14.3969
20.1144
17.0093
20.0352
15.6694
21.2793
15.011
16.4284
20.8428
14.4437
20.66
26.8831
22.8297
17.3968
22.2554
15.5295
20.4255
15.9296
16.0097
19.9098
22.8917
18.1046
15.7424
15.7178
22.8854
15.0916
21.2741
22.9416
17.7042
25.4026
22.2069
17.5982
17.6208
22.1748
15.5739
23.0967
28.7643
16.0405
22.2875
33.4046
20.3626
25.7696
22.4678
24.3548
22.1941
21.7505
13.7949
17.1463
26.3788
24.3505
20.3803
28.0959
16.6139
14.4981
20.9044
19.2443
17.4532
25.19
22.5662
14.023
24.2152
23.1561
23.8528
21.9494
22.7447
13.5144
22.0647
20.3863
15.6988
31.5258
20.458
25.6912
15.3817
20.3607
17.7263
20.4713
15.9453
21.0754
15.7004
15.4533
26.6978
23.1069
15.1515
23.2121
26.3002
17.8295
21.8292
16.8747
14.5239
23.0174
23.5172
21.097
22.9687
20.7864
13.5451
23.6475
21.2561
12.7212
20.5653
14.8092
19.7805
23.1158
24.4872
14.2634
28.4289
20.5437
13.4173
21.0431
22.766
13.0988
27.3841
22.4199
16.4424
20.3102
20.951
12.3137
20.6564
22.8174
16.4154
19.3314
15.4807
19.7769
21.7645
20.3757
14.1993
20.1918
20.1315
13.5631
18.3419
19.992
14.9872
21.6155
21.8108
14.1803
24.5682
17.6
19.0694
21.0425
19.0325
13.7817
22.6954
22.0367
16.1362
34.6834
20.0454
21.5381
15.4791
12.9943
18.8083
18.2776
24.1987
14.3457
25.7554
21.2266
14.6928
12.5172
18.0613
13.9027
18.4331
23.2909
13.7011
28.1525
33.1585
15.6179
22.0076
13.8086
15.1323
20.6724
21.6624
13.7201
19.0645
18.1199
13.2881
18.4067
19.6866
13.1043
22.0036
18.9556
17.024
14.383
13.4801
13.4037
13.9668
18.8672
20.404
14.7607
13.2244
14.5039
15.7616
18.8065
14.021
30.8278
19.0346
15.2059
13.3434
14.7737
18.1139
19.194
20.4975
21.6052
13.4458
18.7612
14.7095
18.5984
15.1978
11.8127
28.9004
14.9002
17.8631
22.8152
17.0974
14.5922
19.5183
13.7546
13.7193
30.9274
14.5769
14.8261
12.3898
13.9123
28.9758
17.4861
19.3614
17.877
14.3997
30.6572
15.5335
18.0989
27.1081
20.2901
23.086
27.6757
12.9086
29.2324
21.8923
21.5308
18.1971
20.2568
21.1369
17.0978
20.1813
17.9367
26.6915
18.4715
17.4283
18.2128
18.7897
16.3298
18.4363
19.6119
17.8424
29.4894
23.3355
27.5468
19.7172
17.6184
14.2811
15.4947
21.6935
21.3985
19.4576
20.7526
21.8703
20.5103
18.8927
23.2709
18.0046
17.2563
16.9083
27.2078
17.1175
18.2249
18.5773
21.1104
24.7627
26.611
18.7628
17.2876
18.1582
22.0328
17.2494
22.5242
19.1825
18.096
17.645
18.7568
18.2246
19.8547
20.2742
18.956
18.5165
20.3997
24.585
21.6092
23.6829
20.5504
21.0479
25.2139
30.7661
21.0377
21.1235
21.6622
20.701
25.4077
19.814
21.3247
21.1474
19.759
19.9938
19.7538
21.5904
20.1235
20.1464
18.4915
19.3305
19.9841
23.4537
20.2891
21.6734
18.1616
19.6825
19.8377
18.6535
25.3581
19.6984
24.1486
22.8644
20.3271
19.7844
20.9612
26.8898
19.4273
23.4564
20.5423
17.436
28.3527
25.3697
13.2736
18.7281
13.9141
19.8136
15.5437
20.3086
16.0923
18.0629
19.9496
21.716
21.5779
18.6778
13.2271
23.5354
23.1459
20.7117
20.5738
21.6641
18.0644
19.5471
19.9505
18.3997
21.1409
18.2256
19.8484
27.6373
19.2958
21.4484
19.9603
25.4694
13.6974
25.3114
19.599
12.0505
17.1738
18.867
11.321
17.5263
20.3074
13.5357
18.4578
18.3672
12.7494
19.5303
15.1837
11.3711
17.8106
11.3231
14.1423
12.0969
10.7865
11.6452
21.2932
13.3966
15.9713
12.1836
20.2612
15.5133
18.9791
12.3625
27.6365
10.75
17.0274
21.731
13.7491
12.4665
13.4241
10.7355
19.7695
20.054
21.8568
16.0799
12.1542
17.5636
20.1932
12.7855
15.7384
21.5479
20.0595
21.9732
20.5253
13.6904
28.0068
14.0233
20.9095
23.6052
13.6116
13.8607
25.7452
11.0245
14.0979
33.2453
16.5575
24.9654
21.1748
13.2439
31.3417
13.2063
14.96
11.1032
21.8423
11.9234
12.6571
20.7697
14.0492
13.6939
19.0986
14.0538
20.32
20.1196
13.5913
23.6694
16.1526
20.42
13.8489
33.2722
14.7914
13.3576
20.1368
12.9468
17.8872
17.8021
15.018
22.7919
14.9448
22.221
15.9478
32.7894
17.0875
20.2433
17.6973
22.6134
19.5067
15.88
20.3127
14.136
22.5733
14.9268
16.7709
23.3909
14.1069
24.5598
16.6587
32.9774
15.1317
24.8333
18.4259
14.1448
19.8051
20.4432
14.9835
21.0955
31.3304
14.7239
19.6317
20.4563
22.6208
19.3082
17.7933
17.0248
20.3236
22.056
18.6251
24.1683
22.6496
15.8094
22.9363
25.4617
16.5202
21.5623
16.6571
20.2676
17.7503
23.2117
15.637
19.3807
28.0188
18.4654
15.7355
21.8858
14.1308
18.5948
17.7137
21.6966
13.8931
15.0441
14.5194
12.6626
22.4572
22.1492
16.1745
16.1165
18.2789
31.8997
27.228
15.2538
20.991
15.6696
24.1045
19.9007
14.2477
13.8017
21.1282
18.1954
16.1899
13.9694
16.3335
16.3213
16.0745
16.4324
24.7477
15.4674
15.1254
14.2417
26.0738
15.6912
14.7251
15.1831
26.1251
22.013
16.8578
13.0042
21.874
15.9494
21.8976
18.3867
29.6082
15.2239
15.5302
20.5061
17.1694
21.1839
14.1837
13.8388
13.4999
18.0971
13.286
23.6732
22.533
21.8889
17.8173
18.5456
15.6008
17.2548
22.7461
12.957
15.1671
12.275
21.9594
15.9552
12.3457
21.4293
18.9922
21.2521
17.3008
21.1032
14.2049
12.2853
17.2916
13.3115
10.5729
14.6785
16.6921
13.4614
20.9867
14.2675
13.7205
14.7841
16.2514
22.5584
15.3562
15.3585
12.0011
22.9498
12.1344
17.1421
20.8154
14.9333
14.1161
17.9147
11.4488
13.9051
12.1785
20.5464
15.5086
14.0727
13.7717
12.73
13.5156
22.4006
11.4653
19.0555
15.8732
12.6166
23.8026
20.9825
15.8281
18.1898
18.1629
19.925
13.7282
13.2336
12.0466
19.4337
14.4016
12.2298
14.8142
10.706
20.6397
14.5816
19.9894
11.8233
17.0678
29.2315
14.3586
15.3997
13.2203
16.0167
19.487
14.5851
12.294
14.041
12.9546
15.1425
19.0079
17.3106
15.2706
11.742
14.0649
19.6338
14.8294
16.5279
21.9496
14.3938
17.2926
17.2659
21.4946
20.3232
13.5686
19.3827
20.5626
15.4588
14.4932
12.8148
12.9719
11.8188
20.0326
15.0352
18.5583
17.079
13.0725
12.7617
19.5493
22.557
22.8878
17.1244
25.4703
19.216
12.607
22.9205
20.3382
15.2014
20.5147
21.4042
14.396
19.0878
20.22
27.3015
21.2468
27.2649
22.7838
20.5108
25.3985
20.4889
27.2681
21.8901
21.3458
18.5909
24.65
21.7601
19.6274
17.5057
25.7007
18.8656
17.4282
18.8808
25.2526
19.3579
20.1623
17.7266
18.9143
22.4605
19.025
26.9427
23.8292
19.9012
18.9153
21.7156
23.202
17.7581
17.9117
21.6338
18.8359
19.3109
11.4586
18.2798
19.5616
21.4002
17.802
26.7625
19.7436
19.7801
18.8277
16.9898
21.3177
19.3456
26.7203
18.6585
19.3302
21.4415
19.7449
22.1654
19.4237
15.0621
15.3383
27.7549
17.602
19.9546
21.3975
21.2762
20.3257
20.2763
21.9158
21.0228
20.521
23.8711
19.7836
19.4295
18.9549
28.4069
26.9745
26.9886
30.2068
23.3979
19.7013
18.7729
19.4789
18.7843
18.1363
18.8911
24.4325
22.3037
21.7511
23.3854
26.8989
12.8112
20.4152
19.5635
20.0076
15.2896
19.0511
20.5194
17.7436
14.1416
24.8584
20.3404
20.7531
15.4314
12.7226
17.5761
23.1654
25.9472
12.4835
22.8926
13.0452
18.7219
19.3557
14.1459
19.9898
22.2425
12.0746
19.4142
20.7519
19.3128
21.4024
21.4757
30.0906
15.0168
23.1511
29.9561
16.0183
20.1197
21.1746
13.7833
20.8129
20.1278
18.1527
28.6116
19.0569
13.1135
21.0268
20.4108
15.1002
13.9895
23.7573
19.8457
13.3117
11.1866
11.3687
13.5149
11.2373
30.9452
17.1097
11.9372
12.1346
20.0488
11.3294
12.2853
14.0103
10.1858
11.2763
17.9292
29.0637
12.3001
13.5579
11.0781
10.914
19.1706
13.5077
15.0688
15.4442
11.6595
12
18.8856
13.338
20.3553
20.0335
20.7979
14.009
16.0586
19.9985
14.1456
12.8406
21.2021
12.3248
18.4889
19.3802
30.1883
19.3213
12.5732
17.4364
19.9695
32.9389
12.0924
26.744
13.6085
17.4998
21.2003
21.0957
14.0749
19.3764
24.5973
16.8437
13.8971
19.0031
13.4094
18.7341
11.8191
24.7224
15.5898
16.4379
16.0857
19.3188
13.0144
12.408
20.5517
13.0922
12.5591
17.7312
14.2928
16.8014
19.891
14.523
12.083
17.9277
19.0586
17.9864
22.5715
22.0264
18.8227
27.1168
17.7753
10.4119
29.0828
13.7948
17.0739
13.3929
18.2192
29.1357
14.4706
26.9886
25.1116
14.8577
27.3155
14.5501
26.1971
14.7396
19.5276
17.0006
30.9897
15.5286
24.9199
14.3616
23.1078
15.8098
23.7466
23.013
21.673
21.7932
28.0301
15.6028
27.6894
15.1587
19.6497
17.2558
30.2829
28.7937
15.0972
14.287
20.5853
15.4593
20.8123
15.1721
16.2208
21.8386
17.5846
22.2034
24.1919
24.8231
13.8099
25.0776
20.2761
19.9562
31.4487
23.065
28.2033
30.0019
24.8968
21.9575
21.4426
22.4427
15.2774
20.5948
14.1708
23.1524
15.1658
21.3987
12.2635
23.3124
23.5104
23.7705
23.6984
23.3409
14.0959
21.8029
33.5983
23.8779
23.1825
31.2583
17.3647
27.1582
28.0961
14.5524
25.3614
26.0567
25.368
22.7277
21.7391
16.1081
20.4706
30.4887
23.2136
25.9201
20.0217
13.9826
23.9411
22.0386
14.842
23.6246
21.1735
14.4706
19.1765
24.4795
19.1059
20.407
22.0136
14.4885
19.707
22.7191
22.9525
20.6725
19.9942
14.7303
19.5922
21.0492
19.6616
25.7382
21.2058
18.4376
20.1779
19.5937
20.2285
19.0094
24.6381
15.4832
20.8864
18.1469
16.7555
19.254
22.7411
11.9867
25.4036
19.2159
25.2092
28.4322
12.1292
19.8155
23.7205
14.7392
16.7836
20.5644
20.3227
16.329
18.9871
21.598
12.17
20.3171
21.4282
16.2551
25.0398
20.6102
14.4948
30.2677
20.8351
14.2271
18.3951
20.5786
14.5965
25.5716
18.9533
16.5406
20.8373
15.0618
16.0932
20.1784
13.4833
18.3661
28.9888
10.1095
8.99466
11.0809
15.4517
16.4415
17.0651
19.3534
18.4624
19.8133
16.3412
15.9145
18.5941
13.6278
17.6524
23.8306
18.4949
14.7575
20.1885
20.9028
18.7653
20.3783
11.9729
21.2982
13.2424
16.2278
19.7863
14.1256
24.0833
12.598
17.395
19.7959
13.3399
12.4492
18.5582
15.6127
18.4399
19.3396
13.7057
19.5199
12.2897
16.5744
19.7674
14.4545
16.0791
18.354
13.9307
13.4476
19.2222
14.0004
13.8135
18.8152
13.1957
20.9184
17.3634
12.7606
13.1597
14.1906
19.1059
13.2806
21.1537
16.0726
12.2418
19.9641
19.2051
22.7645
12.7132
19.7616
14.1811
18.0898
18.9866
16.042
24.0487
27.0106
14.7461
20.7943
22.5166
27.8007
21.8236
20.9126
18.6674
20.2174
23.3165
19.8677
21.1493
19.0294
28.3897
22.098
17.9086
18.3757
18.463
22.5755
18.27
21.674
18.2678
19.0976
18.2724
27.5414
17.8739
19.0423
19.4742
19.7386
17.8321
18.9744
23.3128
18.6757
17.0681
21.8826
17.9066
17.9062
26.7965
19.9633
19.2467
18.6096
21.0251
17.8302
18.4694
17.9485
19.8737
19.3343
18.505
20.4568
23.565
18.4638
26.7918
18.0878
21.7464
20.3941
22.731
17.823
27.7584
17.6236
31.9887
19.4658
20.0173
19.8682
18.6868
20.6626
22.1251
26.4366
19.3141
18.8033
28.0578
17.4282
18.1481
19.9951
16.9548
18.1119
30.7055
17.777
18.092
19.4061
18.6638
18.315
16.3335
28.1449
17.9048
28.8995
12.1278
22.0359
18.585
12.3606
28.6673
20.3073
14.3217
18.7971
17.3699
11.5028
23.383
10.7871
18.1065
15.6772
6.94991
16.6075
16.6335
11.1147
16.6905
14.8141
16.4798
19.3382
22.3106
22.3268
20.1972
12.6551
23.6195
17.7059
18.594
10.3855
15.9786
25.0807
13.171
17.4716
17.5197
13.468
17.74
11.3647
9.99401
14.0428
24.2242
16.6952
22.8307
17.4731
14.8914
12.0706
26.8718