22.5577
22.5354
18.0309
16.0293
16.8527
13.6166
14.1351
15.0307
16.3898
15.0969
13.8579
14.0143
18.2797
16.362
17.1404
17.4308
17.1034
13.0806
16.2436
16.1573
14.5769
14.7902
13.6257
13.9948
14.7242
18.5845
17.2545
14.9217
15.1653
15.3605
15.4779
22.4767
16.0028
17.773
16
15.4493
13.0082
13.4013
11.5997
14.992
20.4311
16.8471
16.4598
9.14198
10.6462
9.45489
12.2791
9.89998
12.4836
10.8824
12.5393
11.9248
11.6587
10.735
7.73824
14.7368
10.8714
11.4331
8.46785
11.6133
15.3736
16.4704
14.3881
14.9016
15.9213
14.5252
13.232
13.7114
13.5671
13.2523
14.0455
15.3099
17.4099
16.4582
18.3106
17.8763
14.4196
17.7198
14.5968
14.97
17.2459
17.1913
19.048
12.3756
20.2333
16.7322
12.7338
17.3199
16.2418
13.2237
15.9042
15.2285
13.306
14.507
16.6942
13.775
15.9421
14.8643
16.8871
13.4198
17.3224
17.9229
15.0928
16.9713
17.3683
19.7421
12.6298
14.4959
16.5639
15.5858
10.5381
16.725
18.2485
10.7929
15.721
10.5586
9.45454
14.9704
16.1184
15.9065
13.6924
15.0507
16.2544
17.1937
12.6188
7.81441
14.9482
13.758
14.4246
15.5747
16.755
14.1866
16.4883
19.8736
14.2766
16.2653
15.9457
17.2231
13.8885
15.589
17.263
14.9158
16.6437
15.8258
28.4858
15.7766
17.6581
16.331
16.9619
17.7171
15.4934
10.1077
7.49634
8.0457
15.2092
15.266
10.1103
8.74859
9.6476
9.79719
13.0256
17.0809
16.4015
16.616
11.6515
18.4782
11.8583
12.8872
9.75661
8.31352
7.27978
11.1054
9.80403
8.39183
12.8675
7.74775
9.99701
11.0936
10.7159
9.01202
9.74209
9.86436
10.1126
9.87066
7.91073
9.6519
10.6555
13.3232
10.3275
11.7636
13.0888
10.7952
9.40496
8.35415
7.35972
11.6413
7.72679
10.3113
9.94573
15.0952
8.61479
12.819
10.4581
10.9699
8.63034
8.12905
8.73846
10.8604
8.82975
11.1501
7.17699
8.44068
11.1156
15.9303
9.32563
15.9709
8.88585
15.6297
16.4357
12.6385
10.2216
16.1856
14.0498
15.6509
14.4686
13.6564
15.422
14.8955
13.2733
15.8612
15.8828
12.7583
14.4246
12.8064
13.8684
14.7761
14.9988
16.0701
18.7674
11.5255
8.24516
11.0512
11.2307
7.85153
9.50133
8.06779
10.8571
10.4404
7.62103
7.4577
10.5831
7.7017
10.989
8.42686
8.13308
7.09456
9.74604
9.34134
8.50466
9.0234
13.1667
9.64331
8.35892
8.60634
9.75506
8.60722
10.2927
11.9708
10.3496
7.98243
6.97344
13.5681
8.34639
12.3289
15.5697
11.3131
17.6496
19.4315
16.0492
7.42347
10.3272
10.9095
10.5133
13.053
10.2449
9.5901
7.2242
10.2456
7.11634
9.45065
7.74203
9.71569
11.9817
9.90187
13.0792
15.8763
17.3606
14.7978
18.4943
18.8277
15.0856
16.9929
14.2617
16.9056
16.0521
15.9212
16.1135
13.2998
16.4117
13.2068
18.9103
20.8772
21.1447
14.4458
15.4264
15.6465
17.4247
11.8204
12.3389
17.1377
12.3241
8.61109
8.46101
9.58444
7.91244
10.835
11.6696
11.4047
15.9391
11.5468
10.1994
11.3518
11.4938
10.9139
9.21666
8.90447
11.7036
6.36386
11.0566
9.90121
6.63544
7.1924
9.56185
7.41794
9.0168
8.74142
7.32755
6.89365
8.87516
9.82639
11.1407
15.4005
21.0279
15.0697
14.3272
16.4484
19.6126
10.0305
17.2048
9.33708
13.642
9.1545
11.8685
12.5462
11.3466
9.28894
9.67021
8.7616
14.0677
10.7078
14.2622
13.3624
12.2407
7.79853
7.06293
7.65646
10.7
14.5435
8.04633
9.53046
7.29963
9.65662
9.12245
8.80251
8.02228
9.40958
9.97184
8.55401
10.9375
7.69486
8.65142
6.73939
13.7854
9.70117
11.2487
9.30051
9.8807
12.4501
11.3113
11.7849
6.9395
7.58876
9.28308
9.37568
8.6905
11.264
9.70759
7.14232
10.3003
8.47361
9.35348
10.101
8.75111
9.39566
8.79721
7.58821
9.1482
9.24642
7.06046
8.5626
6.91784
10.7859
8.44533
9.06959
10.2891
10.8704
13.6919
9.17122
11.3114
9.07431
9.76601
10.3682
13.1472
9.55161
13.6805
12.1153
13.8079
13.8556
19.1445
12.4951
13.2917
9.18736
11.3792
15.2361
13.2618
14.3792
18.3114
22.7471
16.2852
15.1368
15.7995
15.7552
16.9337
7.05257
8.83454
17.515
16.5315
15.2918
16.3661
16.2244
17.0534
20.5088
29.2207
18.3071
26.2908
17.7757
17.6172
16.0627
6.40708
13.1523
13.2422
8.59633
7.35343
9.68127
8.6841
16.3718
10.4923
18.3891
16.2931
8.13867
8.31705
15.7651
13.9519
10.0361
9.8774
9.69866
16.1325
14.3282
8.03703
16.9547
17.1118
19.7412
15.8562
19.1912
16.2883
15.1081
15.7736
16.6461
17.1899
15.1786
17.4514
10.2627
9.75506
21.102
15.3366
23.6516
16.023
8.93291
16.6158
13.978
7.14718
12.0915
15.9709
18.2918
19.9523
21.2848
15.7529
19.1557
11.2533
15.4722
18.3681
18.1477
10.2478
20.2107
12.0311
23.0477
21.997
16.9199
16.746
15.0175
15.459
14.2854
15.4113
16.1384
15.1158
13.5114
9.57402
15.5976
8.98352
16.6047
19.3553
18.0513
20.1736
11.7271
18.1287
18.4445
15.1117
8.43081
15.4653
10.5258
15.0174
8.3982
18.2785
18.7487
14.7599
15.8247
17.2576
15.5273
8.40532
16.4581
17.6465
18.0407
15.9165
18.6684
8.71487
16.5494
14.5632
17.0474
15.1164
15.3809
14.0056
15.7261
16.2519
16.2742
16.1561
14.9826
14.5876
13.2249
8.61031
17.2284
16.0895
15.4167
17.8647
16.9058
17.1214
15.6578
18.031
23.3755
16.5658
15.0114
16.3024
8.37551
14.6629
14.3357
15.0176
15.1327
16.2515
7.13236
15.0928
16.2019
15.4402
18.893
15.1926
7.05073
16.1957
15.494
8.5017
8.49152
15.6101
8.27535
8.66554
14.4951
8.41068
17.3024
11.0627
9.01893
18.0529
7.88411
8.88484
9.50838
12.0361
9.23635
9.08514
8.10676
13.7394
9.03858
16.5767
11.5072
18.0489
15.9759
6.35892
10.3898
7.16411
22.2377
9.13725
13.4755
9.684
8.52255
15.9398
6.99249
14.9477
16.5884
9.37905
16.1242
15.1492
7.96601
9.92957
15.6162
10.2144
19.6897
15.0833
7.9174
16.7631
9.406
13.1215
20.4948
9.91135
11.7342
17.8409
16.9262
10.6538
8.58279
15.6049
17.2377
10.2069
20.2245
8.37166
8.70492
20.9811
7.94922
13.9556
12.809
9.15104
15.1615
13.5813
8.31947
14.6067
14.995
15.1611
14.8864
16.8523
18.461
33.3167
18.1351
9.82225
14.5961
17.5192
14.2866
17.1121
16.1208
14.8385
15.9563
17.5051
16.456
14.4923
17.1506
16.9076
15.6055
16.431
12.9701
20.8055
16.3141
16.5336
10.7393
8.08032
8.48007
17.3263
8.26958
16.2624
17.2482
15.0072
15.333
15.7073
17.4585
9.86848
13.3294
9.98823
10.1224
15.7852
9.34797
10.1538
11.6109
8.90584
19.0464
11.9661
8.21206
8.82447
13.655
12.0921
9.28532
9.33903
6.68833
10.3792
24.4392
9.40109
10.1018
10.2647
9.54945
10.7896
13.7586
10.7948
12.5552
10.5935
12.7865
15.4723
13.4857
10.5157
9.27319
11.1182
10.2177
10.9721
7.64934
14.7336
9.43153
19.3398
14.3031
10.3374
10.3288
9.17503
9.00662
9.60428
8.63394
8.51831
9.60382
10.9888
12.941
9.44295
10.3918
9.93423
11.5037
10.2661
11.4816
28.6727
11.0645
10.7425
10.5752
11.9897
8.5079
15.294
11.7686
12.0165
9.88419
14.7807
7.74726
9.4317
9.07303
9.86516
9.00984
8.46859
8.86833
9.51407
10.2656
7.64054
17.5819
15.8677
13.2579
11.7564
8.07313
10.7637
12.2964
10.1271
10.4702
9.07883
18.6577
7.81596
8.43116
13.1394
10.4162
10.397
8.96008
10.5242
10.8863
10.8022
13.7488
11.1793
10.4905
11.8646
11.4835
9.98122
11.1765
10.9854
8.21531
8.17298
7.51129
11.4222
10.5302
7.36732
11.6526
12.1438
10.6958
9.75746
9.70094
10.9325
13.1373
8.345
10.378
8.25293
15.4096
8.4315
11.591
8.40039
10.7362
10.7988
11.3489
7.4719
8.7335
8.95066
7.49695
8.03215
9.40122
11.1854
14.6779
10.5546
10.9618
8.35608
9.55164
10.7088
11.1934
9.30092
7.4553
9.80255
12.0531
10.764
7.0096
9.26123
6.39731
11.5622
7.1987
7.53566
6.62747
6.22344
19.6782
12.4375
10.9141
10.2113
12.1001
10.3408
9.11652
11.183
6.85963
7.93474
9.15383
10.8712
15.164
13.4446
10.0737
12.5404
9.02554
10.3956
11.5226
11.4199
8.69742
11.1017
11.3849
9.1928
10.5407
11.9369
10.4059
12.6051
10.0891
6.92852
10.5226
21.1489
8.74214
8.54643
9.02765
7.93568
16.7732
10.5705
12.1879
11.9953
13.9729
9.31754
11.2515
9.40401
9.61415
9.98233
3.51312
9.59798
11.6401
8.03666
8.44467
10.6821
10.1569
9.89376
7.6147
10.3141
7.08513
10.4502
14.156
9.42358
9.48404
8.78146
8.03054
10.5445
11.0558
15.0698
8.78986
8.26148
11.3558
11.1714
8.3813
9.50327
12.814
10.3402
7.06469
9.92478
6.73745
7.2964
7.63699
9.10149
8.63691
10.1006
6.50297
12.2421
7.53402
11.3932
6.53204
6.88018
9.15838
8.87974
15.5534
10.6879
15.7262
15.3145
8.80145
8.87148
10.0682
8.16338
10.1888
10.4846
11.4491
12.7672
8.7752
11.0071
7.36094
7.34418
11.7458
10.7238
10.2047
8.72668
7.91013
14.5238
9.79736
6.99572
8.66266
7.36953
11.6165
9.59483
8.7487
6.96501
11.8467
11.3444
7.2668
8.84
13.5713
8.1708
7.7717
11.7505
7.66256
10.7905
10.9411
9.9345
10.5174
8.3374
9.34474
10.086
8.07303
7.26784
9.21467
9.21048
11.4054
7.91572
7.28578
10.4083
10.7586
10.9042
7.41694
15.3432
10.2999
13.5817
12.6682
15.6745
10.3829
14.2803
9.85493
9.02729
6.62605
6.34882
10.4076
10.9349
12.542
8.96081
10.0905
12.0645
8.20839
11.4922
12.8337
9.13682
11.2814
11.6263
8.07009
8.12216
9.30303
8.56404
9.27415
11.7366
9.0276
12.0606
10.3802
10.9805
9.13958
11.2673
11.7213
10.8128
10.1996
12.8322
12.9314
9.9769
8.22679
9.26188
11.3837
11.6872
11.4346
11.352
12.7114
10.3037
8.92428
13.0695
13.1384
11.5442
9.47893
10.4481
13.4271
7.41464
10.0119
10.0048
10.6235
11.9257
12.0767
9.98876
8.01345
12.6158
7.83408
11.9049
8.63245
9.04402
11.8434
9.55222
9.61665
7.12711
9.84148
9.24693
8.1311
7.02045
11.4185
11.0466
7.19969
7.57202
7.00242
10.1536
9.20838
11.1609
7.10879
11.0408
6.27634
10.5984
11.0143
9.87896
10.093
14.2575
15.3899
9.34126
8.25713
11.1687
13.569
18.5174
10.2167
11.8323
9.25982
8.19508
10.8272
11.0541
9.61858
11.4573
13.5874
9.49922
9.83044
11.1173
15.6857
9.19804
10.6997
7.50269
9.1069
8.46764
8.49899
11.1619
11.0045
9.00929
7.56661
6.84298
11.1728
9.22375
9.99945
9.38353
8.28032
8.42482
8.07312
7.02636
9.83275
13.2428
12.6773
11.7641
10.6554
12.1199
8.12655
16.5229
10.6826
12.3138
9.94648
7.84487
8.3919
11.899
11.8873
8.55939
8.83166
9.57859
10.9289
10.5004
7.01871
7.28908
7.96269
8.59548
10.775
10.0559
7.04811
7.25207
7.51323
10.835
9.03633
6.82207
8.2117
8.89398
8.73193
8.23429
10.62
12.4584
12.6835
9.73747
10.9787
10.2787
14.2722
11.5192
11.6465
9.0691
7.04893
11.8087
9.09853
7.58017
10.1361
8.89778
12.1006
12.8187
7.29486
9.09641
10.1277
10.6356
8.89466
13.1162
13.3615
13.0743
9.53411
10.7044
7.01455
7.62027
8.33569
10.3122
8.84387
18.4567
8.98177
12.2691
10.2263
12.1859
10.8933
9.20647
11.2901
14.6852
13.8573
12.493
11.73
12.9266
7.04437
12.1519
8.27273
15.9183
14.5348
9.09875
9.13325
13.0865
11.9148
9.68033
10.978
9.10404
7.83352
10.5701
7.07609
7.23941
10.5392
13.6942
9.42488
12.9974
11.5932
12.6867
9.22615
14.1296
16.9357
10.5272
11.77
16.9705
10.8581
12.839
8.32448
8.44743
10.7259
11.4235
8.65952
10.308
9.00702
9.62567
9.53583
13.2253
13.1125
8.99181
11.1937
11.4185
11.2986
11.5148
9.05393
9.10573
11.2111
9.12484
9.36939
10.9623
8.81033
7.84202
8.41996
12.2177
10.9372
9.62125
10.6194
13.2729
8.36913
13.1505
9.25963
13.6723
7.8591
7.98296
7.34697
9.22554
11.0142
10.073
10.9955
9.66132
14.8148
10.2342
13.7695
9.13266
10.3634
12.1485
11.9394
10.6654
9.22061
9.13185
9.66295
14.4968
11.3876
13.1403
11.0119
8.5777
11.3801
12.529
14.173
9.83163
8.90318
11.0019
15.1071
15.348
9.14732
15.7683
13.5111
14.0065
9.70576
14.7254
8.04564
11.3395
10.6382
12.6831
11.5403
12.143
8.21608
14.4627
10.7265
7.75148
10.5005
8.05996
8.86184
13.4037
9.63753
16.3408
11.285
12.4729
8.51441
15.4147
10.558
9.08005
11.0243
12.8138
11.6382
12.6758
7.61989
8.43948
10.0404
9.60923
8.2469
6.6697
11.0696
8.94028
8.10152
9.58857
11.6474
10.3316
11.6532
11.6953
13.3661
12.6164
7.93656
11.0079
7.45224
9.95515
9.9499
11.5961
7.79333
16.77
15.8555
11.3302
11.2926
10.9462
12.1166
13.6916
13.2061
11.5674
13.214
14.9287
8.34018
12.3141
8.82858
13.0366
12.6298
9.52094
8.50905
10.6313
8.44683
9.5171
7.49207
8.86144
10.976
14.1429
10.1872
10.0525
10.354
11.5829
11.7175
8.82849
8.28327
11.5768
9.23402
9.00961
10.1845
9.07035
11.8055
15.515
19.0219
15.2752
14.5196
15.7921
16.4023
16.0353
12.4439
9.78918
14.3153
16.1501
14.5028
10.7704
15.1729
14.2213
8.68425
9.16074
12.5724
11.6652
11.9484
13.0968
12.3309
13.8403
13.233
8.65875
7.74014
11.6351
8.17266
10.8613
7.16169
10.797
9.00418
7.1098
11.4101
16.923
12.6566
9.95122
8.97523
9.72132
11.4184
9.39163
11.6541
11.455
13.3027
11.736
11.678
13.6931
16.4446
14.1943
12.1687
12.6403
10.2645
12.2268
7.09317
9.52934
9.9298
7.40249
11.3403
13.3213
8.8441
9.85226
11.8065
10.8987
11.1751
12.5651
13.8531
8.30264
9.04686
13.642
12.2856
8.66848
13.8169
10.6313
10.0522
17.8962
8.21298
10.5626
10.1837
8.38164
11.1622
8.36184
9.44952
9.26067
8.67495
10.0825
12.8684
11.6075
12.6907
12.1241
11.7476
7.6217
7.8695
11.1995
10.5104
9.25173
13.7528
9.93076
14.0258
11.4208
9.56877
8.84436
9.37737
11.5765
7.14841
8.2332
7.34417
6.74665
11.171
7.09164
9.56678
8.33504
6.50486
11.052
6.18712
8.57823
8.70018
6.87078
7.83165
12.4707
9.78243
10.9611
7.20562
7.01438
13.7879
10.9539
10.351
13.3482
18.5583
18.7033
9.46552
19.2152
17.1565
16.114
16.5332
16.7689
16.3312
12.8459
19.1765
11.4325
19.5396
15.1977
14.7278
14.4587
16.1227
12.8551
11.9912
14.2591
7.53002
13.656
7.62252
8.14339
12.8453
10.6165
30.0803
12.5896
17.1995
9.07932
9.90657
9.47142
12.6621
11.1512
10.3006
16.6847
8.53671
8.77181
9.79415
12.3881
7.31845
6.38833
8.7433
11.5986
7.93704
11.1835
7.33241
10.0177
9.84167
8.69572
13.3731
9.18764
13.8893
7.17765
9.66291
8.75853
9.94074
14.3848
9.03364
9.26648
10.1577
9.39771
12.949
10.6185
13.8332
9.1708
10.7385
9.73251
10.2281
9.74096
9.41532
8.60787
8.92755
15.2587
9.62739
11.2951
7.91363
9.17512
7.31782
8.71445
11.5778
11.3869
10.4282
9.3224
6.9692
8.71621
8.23941
8.49224
9.24124
8.6239
9.12132
11.924
7.29085
14.7977
15.2478
10.8502
7.37846
12.1366
9.98343
11.59
12.3547
10.7632
7.39616
15.751
8.23094
14.3695
15.9349
12.0273
9.95263
15.5487
13.3033
14.3876
10.1012
7.12636
13.5128
8.64652
8.08308
7.99772
9.12737
9.52254
9.80457
14.5527
10.2435
11.2524
9.97972
9.04771
16.6321
14.6395
9.00143
10.0588
12.6409
10.8582
8.61946
10.607
12.1472
12.4277
9.33871
10.3747
10.093
16.4925
8.91811
16.1447
20.7071
9.28582
11.7052
9.07895
9.19764
9.09449
9.74295
12.0756
15.9013
13.6738
26.7434
22.3565
17.1275
18.9871
20.4156
18.7706
17.9953
17.4746
14.9642
19.2426
10.1147
14.8171
14.9226
17.8442
16.225
17.058
16.1646
16.7849
14.9714
20.2744
20.103
13.9814
18.8764
15.633
8.48831
13.7202
17.4039
17.2882
9.28982
20.3983
10.2929
10.5072
17.6719
11.7682
14.4764
15.9683
16.2307
10.8304
9.64196
16.5358
11.0407
10.2579
13.8877
11.9961
16.3281
10.1444
12.9503
13.1183
8.6681
10.8023
7.5974
23.376
9.23302
9.59347
8.60002
9.6922
8.70546
8.65177
10.9556
10.0767
17.325
11.7624
12.3898
18.6079
9.23448
9.73113
13.3773
10.8607
12.3593
10.087
13.5379
12.5089
8.33749
8.00736
10.4196
8.46041
9.26153
7.79238
16.7741
8.56243
10.5549
12.9041
19.9255
15.0144
13.2339
10.1749
17.2657
9.88956
11.9804
6.89542
8.10859
7.65716
13.4021
8.8008
15.0904
9.56102
10.1355
8.64584
12.2916
8.70017
13.5475
9.25408
9.20382
8.33982
20.8363
9.5767
10.0337
9.78405
10.2033
11.2218
15.2252
9.08163
12.4726
9.61009
9.93292
8.59307
9.9127
10.2693
12.0624
11.0749
8.93634
13.9891
12.5817
8.62031
9.01312
11.7815
9.05884
17.9948
11.3514
8.51594
7.94407
9.71731
12.2555
9.21743
10.8334
12.8367
12.986
11.9713
9.91428
9.5771
10.152
9.14063
8.77775
15.6252
9.56824
17.848
10.8948
10.9454
9.68454
9.2261
14.2556
15.5763
9.6302
9.58115
8.02098
15.3307
9.77729
13.8166
9.84067
14.1765
8.53942
8.33694
7.46457
7.75151
9.58718
10.4754
7.58444
8.15358
8.29981
11.2623
11.1344
9.20903
17.2429
12.4203
9.31679
16.6552
10.5464
16.6908
9.14957
9.57945
8.94533
11.0684
8.59067
8.89815
12.4929
12.0698
13.003
10.6536
17.8465
9.28087
10.4643
9.0175
11.3396
8.19876
8.69206
9.23899
10.1396
11.2561
8.18116
7.85559
14.0679
11.8971
15.1117
9.89836
9.7523
9.07629
22.8974
11.6426
10.1273
8.38288
8.55931
9.14555
8.19942
9.41729
9.04737
17.9709
9.67945
11.4417
11.0733
11.8246
10.831
8.29492
11.1766
10.2808
12.1817
10.3818
19.9695
19.8491
10.298
15.9266
11.6113
10.7951
10.1461
9.38392
12.4395
9.53168
8.88305
9.38137
18.7443
8.99771
8.39207
9.61956
9.91288
12.3641
9.36027
7.87683
8.90554
9.71887
9.46148
11.0892
18.1882
12.7924
11.1601
11.6921
10.1035
14.1073
8.20083
8.72691
6.87371
9.65938
7.01722
7.56729
11.9498
7.33528
8.50423
7.66018
15.0473
8.21313
10.8454
9.84377
10.4769
8.30619
12.9562
9.04291
16.7061
12.5003
17.5878
14.5328
7.93156
12.169
8.39502
9.08024
14.6644
11.0884
12.4173
12.7553
8.21911
11.2075
9.88248
8.31699
11.7269
8.51306
14.8172
11.3558
10.5459
11.4163
8.49701
15.2148
12.5682
9.34866
7.42005
8.11005
12.2959
8.56682
7.4505
7.31987
13.8169
12.5616
9.7192
15.207
8.19046
8.91587
13.9556
9.59483
9.04513
8.59525
7.20571
9.72924
7.62288
17.4649
8.40352
15.9932
16.1123
11.1628
12.3319
9.45637
10.1758
9.634
12.2978
8.50723
17.476
12.7299
12.6468
10.7001
9.98302
10.1014
10.7806
11.8195
14.9538
12.013
10.8564
10.9634
10.6962
10.6602
9.45514
13.5259
15.5524
12.8843
13.313
7.83897
11.0243
17.0582
13.0297
9.00761
10.7974
17.5301
10.3914
12.3884
12.3999
9.96939
16.8853
13.8324
11.7859
10.6813
19.2572
13.3373
14.9341
9.41507
16.4255
10.8166
8.72669
8.84281
7.99411
14.9921
8.38757
10.5575
7.4905
10.1699
9.44481
11.034
15.5096
11.0004
10.8191
7.77209
15.565
9.77045
8.72778
7.79486
16.2198
8.55001
11.5914
16.3828
14.5525
18.4627
10.2614
14.6054
13.7956
11.6548
9.01035
15.2402
13.8547
10.19
20.5653
14.109
11.3334
19.7671
15.7067
10.5175
11.0176
9.01697
9.65115
16.2371
10.7468
8.70665
13.4727
8.46832
16.3964
11.7245
13.2908
14.3564
16.6586
14.388
12.0659
13.6595
10.0455
11.7373
11.0754
8.85022
10.9764
9.66142
12.5017
11.3227
11.2411
10.7019
9.21159
8.47859
10.2422
9.55294
8.57095
12.3294
17.3194
9.50885
8.19299
7.19485
13.422
9.19582
16.1021
9.78684
10.83
12.0847
9.05904
8.90485
17.0979
10.1766
9.42374
9.96199
10.7448
12.7731
7.83723
9.27422
13.4489
19.0563
11.0868
10.3864
19.6284
10.3518
9.8681
15.4777
9.72416
9.54763
7.94203
11.3879
8.59245
15.5906
8.58708
13.0422
9.12919
9.89834
8.35169
12.4796
7.63919
8.6711
15.6609
15.0075
10.2809
9.62637
14.2137
13.2955
12.0265
9.34787
12.5939
13.9076
11.2074
12.1564
10.4369
9.20638
8.43215
8.52175
8.45717
10.3819
11.0159
9.49991
10.4514
9.36917
16.0185
12.268
14.2979
12.2278
11.907
11.492
11.2127
12.295
11.4288
16.6789
10.3199
13.1165
10.6345
11.1282
10.8793
9.54402
16.6862
11.5337
12.5244
12.3549
10.3386
10.2514
9.27566
8.2634
8.83523
10.1166
17.1804
12.2161
10.6974
9.38554
12.4963
10.3538
10.0269
13.7901
10.8454
9.03451
8.79602
7.90719
10.1981
13.3316
10.8735
11.0515
8.77216
11.1515
10.5357
15.836
12.44
15.4973
9.90105
11.3376
10.9743
11.5449
8.35074
8.66314
9.24313
9.61269
9.72398
10.327
12.7115
8.12429
8.07655
9.19722
15.9762
10.3278
10.6751
11.6905
8.93693
9.15528
10.6685
12.3891
11.6927
11.1175
7.34595
13.4019
10.008
11.3914
7.80602
10.2505
8.67865
9.1113
9.89692
8.72939
8.94061
12.002
9.7275
8.1383
11.2308
9.41001
17.7644
9.53526
8.33077
10.2929
8.376
11.9818
9.50769
18.0594
8.49439
12.9826
12.6713
12.1952
13.6164
11.242
16.878
11.0069
10.2981
12.3441
11.5773
19.6803
17.6152
17.4017
9.13008
7.63336
10.1307
9.65148
11.4406
13.1771
9.69214
9.73118
11.4215
18.5518
11.6928
11.3986
10.113
9.28984
10.2875
10.8018
12.1495
18.3332
10.9242
11.1852
8.93975
10.3054
11.8578
12.9924
17.4075
12.8399
9.30765
18.3755
10.1796
9.58341
16.9048
11.2243
12.2746
11.8516
10.9182
11.3636
10.8022
9.59072
10.1211
16.0103
7.78969
8.79556
9.46778
15.432
19.1035
9.24764
10.0199
14.6109
15.3458
10.6275
10.924
9.86868
11.6392
14.7527
9.68325
8.58419
9.55263
11.5877
11.5839
10.1575
18.2578
12.6605
10.8841
7.43735
8.734
7.80361
16.3852
9.55166
15.9523
11.4294
9.10801
8.87652
17.1363
10.0881
7.95803
18.579
9.02198
8.91318
22.3173
8.96409
8.22449
11.6735
17.8724
10.2366
16.3003
8.56583
16.6023
9.09461
9.15321
16.3784
7.94069
12.0331
10.3355
14.3618
8.97163
9.73913
7.52351
8.93443
6.94564
9.11466
8.71988
17.8379
8.75946
9.83377
8.64543
10.427
10.8769
10.8052
8.62447
14.4453
11.974
9.98063
10.0292
11.9871
9.02575
7.24286
10.0303
9.61716
11.3579
8.52578
12.237
11.506
10.1084
10.2732
16.0568
21.1649
15.3087
13.7344
10.8827
15.0288
15.6451
13.9741
13.2515
9.21049
16.4215
9.87477
20.7345
11.6465
8.43416
17.0876
9.82478
17.6434
22.2056
11.0708
14.1737
8.21183
15.9678
10.4147
10.5482
9.10364
8.78928
9.5768
7.4218
17.4844
13.0233
14.3091
9.93164
9.61766
15.0239
12.1943
16.2929
8.49205
15.2009
8.83222
8.97735
14.902
10.2765
30.0115
24.35
13.4584
10.1082
22.3901
11.7598
10.0541
20.4879
7.21095
9.53512
9.54372
12.0305
17.1659
18.0256
13.4002
9.04686
9.42239
15.4371
9.51957
7.96191
10.9772
11.1302
15.443
10.8388
10.6526
12.7719
9.84519
11.105
8.5135
11.1765
10.1639
9.18777
8.76809
17.8592
9.26644
11.3673
12.5366
10.0577
11.9658
8.91102
16.4739
12.5498
8.86735
15.4349
9.45873
9.70299
8.66775
14.3373
11.2201
15.7015
8.1416
10.4957
8.80136
8.1738
9.07996
7.94517
10.0511
11.7882
11.3129
9.72255
11.8009
7.99102
12.6362
8.30891
15.4107
11.1051
13.1789
8.24105
12.4979
14.9651
9.71579
9.39469
10.9674
10.0148
10.5444
7.66008
13.6026
9.68739
10.9297
7.81463
15.9646
10.5934
14.1484
13.61
15.0574
7.78791
16.3049
9.17171
9.01006
15.7096
9.5235
12.817
10.2441
8.92129
17.8146
10.7698
11.8052
9.75873
12.2775
9.181
11.2337
8.79246
13.9502
8.40578
10.3701
9.47157
13.7133
7.99409
11.4094
10.1845
10.7632
7.3015
8.68054
15.9863
12.606
14.9645
10.6857
11.572
8.45967
13.1594
8.03108
14.2897
9.95855
8.85741
9.65785
9.72791
8.88508
11.4132
12.5515
10.952
9.62969
12.0282
11.938
10.005
8.91515
12.3192
8.41034
9.25653
9.28776
14.0614
9.66896
16.5298
16.1477
11.1609
16.5349
10.3376
8.97738
10.4728
9.92471
10.2029
10.1995
9.71647
11.8105
10.6927
7.12286
7.35285
8.84333
9.28703
8.71978
9.70062
8.81602
8.19535
10.8053
9.07787
16.2197
12.0423
17.1805
11.2772
10.6481
10.0167
9.74181
9.10269
7.40594
10.9306
8.44724
15.8683
17.56
9.7109
8.91102
8.00444
13.2011
8.46485
9.98103
8.4051
10.5278
8.99987
12.0956
7.96547
13.8281
8.58381
9.49901
10.1863
10.7656
9.78681
10.8614
22.0816
9.80461
12.9554
9.7045
7.82154
12.7053
10.1924
8.6618
9.38421
8.49345
10.8239
10.6868
9.04618
16.6204
10.5953
15.5874
9.47885
10.765
12.0246
12.2918
8.84825
10.5284
18.5848
10.9798
13.5162
9.86131
17.8585
9.86609
9.72874
9.34195
10.151
9.82511
9.84027
9.28359
25.1359
11.3491
9.84224
14.2635
10.1945
10.7761
11.1295
16.3192
8.79559
19.0288
10.9153
11.1573
10.7067
9.05496
9.85855
11.0873
14.2336
19.4503
12.1489
12.6027
8.84779
9.75612
11.8788
8.87355
9.23903
10.0619
8.73981
8.78969
8.51699
7.35167
15.1334
12.1113
10.9423
11.8578
11.4252
9.80342
9.40886
9.47198
9.54176
18.7576
9.62584
15.8365
11.8118
8.30797
8.87328
11.3578
8.51651
16.2399
8.34424
16.6824
21.2312
9.63549
9.31076
8.0228
9.52184
17.3882
11.0877
17.9205
10.415
16.8332
11.1246
11.1211
10.4134
10.6079
15.4807
12.5151
8.90974
9.95202
11.1665
12.8682
12.4702
8.20588
9.78556
16.8067
11.4064
9.63483
13.4729
11.5982
11.0156
14.9714
10.1892
12.4257
10.4709
16.6937
8.75106
8.66001
8.81286
14.8209
8.49112
11.7932
11.1555
9.45281
9.48139
16.6162
11.1351
8.959
13.364
17.4094
13.6587
22.0052
11.0654
12.1025
10.1581
11.0041
11.7179
10.7949
7.96519
10.9467
18.9485
12.1193
11.2659
10.7949
10.9289
9.24081
8.39165
23.3431
8.04373
20.4835
17.2471
12.444
9.56185
7.44838
7.14552
16.8715
8.27816
10.2767
10.7308
13.7299
7.82945
10.6944
17.4988
9.16963
10.5192
7.29834
10.4856
19.827
8.75414
15.9801
16.696
18.7836
12.9823
17.2908
15.8466
16.0229
17.441
9.00003
16.0743
15.9322
9.36995
13.4183
16.6442
14.7846
16.1765
9.94792
16.0989
10.8315
8.97765
23.3564
9.22823
10.7354
12.6215
10.2263
9.21143
10.8758
14.9992
11.7797
10.4177
9.66853
9.0903
16.7536
10.8184
9.51922
14.6722
8.68276
9.94403
8.88418
9.70294
9.91194
10.521
9.45793
12.5824
8.45478
9.05645
9.08022
15.4845
7.03899
8.08393
12.9786
7.85519
8.2616
7.13365
9.33415
15.2835
11.6001
10.8058
9.60815
14.3405
9.46682
13.7229
12.599
10.2049
10.3755
9.56238
11.0327
10.3189
11.2527
10.2642
8.83402
7.28867
8.38783
8.20473
12.7967
10.0026
14.5565
7.78332
17.543
11.1371
10.5892
10.9477
9.88515
10.8508
8.789
10.6963
15.9843
8.82382
8.79884
17.7616
9.30552
9.57927
11.3612
10.2036
9.64542
9.70169
9.55475
8.31425
24.7448
9.29363
14.9094
11.5823
8.23261
7.52041
10.5952
9.57722
11.6957
15.9732
10.6068
12.1381
11.2486
8.09364
11.6379
9.32237
11.6988
6.96847
13.9996
8.32829
12.6117
11.2537
11.6589
10.6473
15.0607
12.8662
9.59588
8.80044
8.47899
8.52994
10.5221
9.92023
9.41797
7.53461
9.70583
7.65524
8.16307
9.90677
16.0708
10.7156
11.0665
9.49014
11.6823
11.7076
7.94859
10.8567
10.2604
8.7791
18.5603
11.9284
11.8951
8.38104
9.18839
9.67511
9.40646
13.783
9.77906
8.12447
9.37032
10.4653
10.1596
9.7391
14.9257
13.3775
12.1572
8.28691
17.4322
9.57166
8.5292
6.75938
8.14954
7.86463
9.32086
10.6815
8.91629
7.0391
8.18612
9.22874
8.27502
12.3011
9.57694
10.5968
8.25592
8.72976
12.0964
9.30556
9.57429
10.2261
8.58988
9.93402
8.71698
10.0621
8.94141
9.54962
10.2974
9.77534
8.90154
15.864
8.88953
8.08687
8.93647
13.1054
12.0462
12.0046
8.04135
12.8976
15.5662
9.84401
8.10044
8.97578
11.1724
10.7493
9.65361
8.93976
16.652
8.27267
9.53692
8.62143
10.1606
9.84299
8.91877
9.40387
10.3259
10.3337
10.9126
16.5821
9.27575
10.7776
13.8323
10.4747
11.7758
9.09866
8.5017
9.80888
8.61882
9.13411
16.1798
9.01065
13.8374
12.1073
13.7175
21.7447
12.8284
7.72283
9.22701
8.92164
11.3593
15.7691
8.86375
9.13625
17.7818
10.2215
14.9382
10.7303
16.1822
8.00533
7.74883
7.70094
9.05217
6.82638
7.77431
10.4049
7.7604
7.51948
7.90649
7.304
15.1404
8.0488
10.3987
8.21909
9.29987
8.84075
17.628
9.78219
17.5924
8.71274
8.76705
9.81382
8.69992
15.6936
10.3889
8.98503
7.50155
7.66329
11.2383
8.25458
11.2408
8.75354
9.33655
8.2617
12.7626
7.07655
15.8745
7.40439
15.5901
9.10537
8.48362
10.3765
13.2886
9.70571
9.67019
16.6541
8.66156
9.31248
8.69291
15.3027
10.3389
8.37064
8.64007
9.84971
10.9167
9.72493
8.98729
9.09973
9.93996
8.00854
9.19828
19.0003
9.87724
11.1848
11.2615
8.8132
9.87232
10.7986
13.7052
10.423
9.29686
9.70116
18.0067
12.1446
9.42025
8.48371
9.19484
14.001
15.5386
13.1752
8.86555
7.28516
8.15043
7.73376
9.69195
6.83327
8.63387
6.67982
7.22449
10.5451
9.88546
9.95548
7.72398
10.0766
8.51289
9.5368
10.5455
18.3143
14.4491
11.493
9.47141
11.5849
12.7276
10.8033
13.0125
19.0828
9.74386
8.62559
9.21027
18.4611
9.32212
12.9651
15.8104
11.1636
9.52558
9.32461
8.95219
9.33911
17.3869
10.5858
10.6078
10.8312
11.9582
14.6824
13.7114
12.3705
16.7117
10.6855
12.0328
18.3745
9.30229
11.3888
11.0725
9.39859
10.7895
10.3116
7.87
15.348
14.339
11.8348
9.73312
9.58916
13.9335
15.7658
12.0195
10.5893
9.6208
12.2023
16.1254
15.3625
11.0011
11.2336
9.44845
7.71928
12.3709
9.66785
11.0506
15.7391
12.1793
9.74803
9.91174
8.34657
9.52195
10.2274
8.86153
15.2504
12.1691
12.4004
9.58919
8.99359
9.35503
11.3126
9.75306
8.53314
11.1436
9.60171
8.44515
16.2841
12.3887
9.69253
10.4762
11.1031
10.5142
13.9403
10.1561
11.4592
10.8077
13.7493
9.46041
9.40525
8.70424
8.80726
9.13942
6.98817
8.36696
6.87064
9.22977
9.7399
12.5955
14.118
9.71084
9.4061
9.38127
7.63325
9.43216
8.92611
15.4918
8.13251
8.61199
9.89418
13.4769
10.2078
13.194
7.94602
10.7099
9.16759
10.4583
16.1036
11.2345
11.6122
9.97359
8.28792
11.0285
8.23717
16.5633
9.86346
15.9461
10.2282
13.937
8.99061
8.88898
8.47739
7.67301
15.3489
11.6207
9.9057
12.8818
9.33822
8.5104
15.4213
10.8262
8.71536
9.18165
9.19961
7.84077
7.25877
8.57541
12.889
6.5989
8.92069
7.93151
12.8018
12.6426
32.1688
12.1925
9.19035
11.3074
10.4091
7.4362
8.57436
10.8733
7.92257
8.73664
15.2107
11.0397
9.38771
11.4357
8.5258
12.9459
9.54879
13.3503
10.8567
10.6868
12.6191
13.1655
10.9125
7.96541
9.60257
9.17799
10.9573
7.55598
7.81386
10.7371
6.81879
9.91206
8.29963
8.69475
8.76916
9.34851
7.62193
8.40391
14.9835
10.9596
11.1019
9.61166
12.2219
16.5529
10.5406
8.38865
8.75933
9.55346
18.2315
8.35408
9.98223
12.8606
8.8233
10.817
7.89175
4.50586
18.4901
10.3545
15.7728
13.2437
10.0406
9.83275
9.41253
7.5909
16.6016
8.73333
16.8866
9.18715
28.5926
10.4761
13.5429
12.7793
18.3009
10.8732
10.5612
11.2125
9.49521
16.5847
9.15064
10.0131
9.3241
24.8383
9.68068
10.9064
13.2282
17.0368
11.4615
23.7988
10.2248
12.1795
8.11927
9.69955
13.9881
16.2179
15.6103
9.1688
10.7814
10.5219
12.5857
8.42004
17.1599
11.9077
9.16761
12.0077
15.185
11.3571
11.3144
16.4566
19.8168
10.3764
10.9482
16.6885
10.3591
9.23916
10.9663
9.30997
15.8324
11.3704
10.2517
7.24678
11.455
8.55799
16.8419
10.2298
14.8015
10.5267
13.7401
12.5308
8.2159
10.1193
14.1934
11.7296
14.1132
15.8294
15.7209
14.2474
11.2428
10.0611
15.2012
12.8937
8.85105
9.15761
16.651
9.32111
8.21447
8.18505
9.12634
23.5649
9.09794
15.7402
10.1575
8.30653
8.7196
7.04441
15.4607
9.26343
9.39439
15.0784
11.5663
10.7151
12.6808
7.11157
10.6467
11.4142
10.0816
23.8083
13.6703
8.97968
14.8725
13.089
17.6196
10.4445
11.5003
10.2915
10.5169
9.3009
15.8489
10.4683
11.8311
7.43643
9.52182
10.6107
8.08676
15.3319
7.95092
7.19608
7.39941
8.39153
8.78757
9.5677
10.0109
10.5849
19.3654
14.8893
13.3521
15.4062
12.8064
9.51578
10.0461
9.14156
11.0742
11.1908
16.009
9.40099
8.78892
9.55853
12.4623
9.66104
8.45912
8.10863
7.24035
9.10241
11.8909
10.2474
8.76253
20.2191
11.9494
8.9529
12.4254
8.44556
9.7343
11.0221
22.6965
10.0251
9.11728
10.9544
10.8876
12.6624
16.7594
14.4148
9.3967
9.99907
8.15341
17.9122
15.8425
14.9974
10.7153
15.1098
17.9365
12.7658
15.39
9.02794
15.2565
9.00593
17.6752
10.4263
10.2286
30.1365
9.53084
16.0618
14.8047
11.6565
13.038
12.081
13.1824
13.611
10.2349
9.00613
10.32
17.3285
12.3172
10.7702
12.3932
10.1842
9.49141
14.0785
13.6599
9.68066
16.6196
8.71357
10.0534
18.095
14.5695
11.4537
10.3886
9.32819
13.6169
10.8111
11.3292
11.3084
8.46432
10.267
12.1763
10.5806
20.7688
13.294
11.1437
10.2954
9.23946
10.0132
9.20936
8.50099
8.96115
11.5615
10.1715
9.25387
12.2852
10.7346
11.282
10.3139
11.9781
14.9365
10.9534
10.3602
10.2546
17.5063
9.91046
16.7223
10.7532
14.917
11.7939
10.6387
11.2277
14.2427
10.1391
18.9455
14.5263
12.348
13.9278
10.2619
9.18933
15.2932
9.79888
8.76825
15.5956
8.04871
9.40449
10.897
11.0037
10.1751
8.07226
8.37691
16.8992
10.3829
8.00031
12.8044
11.1695
10.6233
9.39012
9.47879
21.0698
8.24583
11.1854
15.7447
11.6559
14.6078
8.79076
7.46391
17.4275
7.30887
9.83321
17.1689
9.60018
12.9006
14.3303
18.1927
9.01746
8.85295
14.1474
10.6211
12.3635
9.62886
9.18324
10.0449
8.14409
12.2777
14.4811
10.5224
9.1582
17.9052
10.4719
11.5288
13.8742
16.3932
10.2091
10.8248
10.552
10.7106
9.63332
9.03863
7.52205
14.7628
11.8457
10.6976
8.22864
8.38896
7.60642
7.46945
7.36255
8.56986
6.69095
9.17429
13.3173
8.27967
9.2261
22.791
9.95309
8.35086
11.4744
12.8791
10.3597
14.5659
11.005
8.7178
8.94637
9.72062
18.6967
9.93967
14.0661
17.1754
8.66783
15.0549
11.4673
12.5577
9.26251
8.36942
10.9471
10.0576
12.7656
11.3336
10.6043
16.2246
13.9642
13.4655
15.774
15.7861
11.6657
13.2187
9.03957
8.00442
16.0394
9.60916
10.455
11.2183
9.79468
10.876
10.2011
10.7022
9.60998
11.5049
9.00618
9.33149
16.6881
13.1427
17.3905
10.5881
12.784
9.5264
12.9153
13.906
10.7184
11.0893
12.8566
17.5917
18.8291
16.0367
11.8607
15.3545
9.22358
8.10997
7.72019
9.85651
9.66374
5.9001
8.51325
8.54084
9.1179
10.2728
12.323
10.1495
9.65301
9.39623
10.9416
9.55452
10.0786
13.3891
8.92071
10.1099
12.5707
12.3631
9.05809
15.2618
9.1644
12.496
8.29808
8.16264
7.43695
16.1259
10.0509
13.0678
9.39711
11.8734
18.9812
10.1914
15.5651
10.8914
19.3698
9.35831
15.5465
15.0431
9.84016
16.418
19.8047
18.2468
10.7941
17.3657
9.56949
10.9408
12.2471
19.5548
9.793
18.088
11.4809
10.057
12.0578
10.3968
12.6601
15.0878
10.6763
10.4442
11.0233
15.4718
8.76634
25.0035
13.7802
10.8042
12.0688
18.3429
12.1889
10.6914
19.2217
8.56417
15.477
17.9896
9.34498
9.99955
9.53255
16.1856
11.9113
10.8108
11.8703
10.7746
16.1908
21.4091
10.0746
9.9016
10.1957
15.6962
10.0844
12.4721
13.1243
11.032
9.41485
20.4599
11.8002
12.2136
11.3515
13.9677
8.95275
10.1808
16.0653
10.465
18.3622
13.0345
11.614
10.7226
18.525
11.8908
11.1561
10.7703
9.16876
12.3806
15.1304
11.0144
10.4176
14.2811
9.19418
11.8859
12.2129
8.65847
7.52659
8.39065
10.4792
10.7029
7.96567
8.16277
16.4309
9.68337
11.0502
9.35695
12.0096
10.2989
7.97527
11.2382
14.5372
11.1844
7.83716
8.75827
8.37961
9.0513
18.7521
10.9998
9.24649
22.3097
11.085
17.5504
9.53395
18.417
8.20088
10.8634
10.3338
11.0555
8.29755
12.2153
15.8699
11.8364
18.7836
11.7649
13.4291
11.3121
9.45695
8.40556
16.2951
8.44193
9.63381
12.0937
14.9554
11.4841
9.16915
10.0811
14.7857
12.4688
11.7314
12.9176
10.4188
19.2331
11.1553
11.7946
16.1915
9.93273
11.5397
10.2751
14.6153
10.538
8.71687
17.3578
11.2419
11.9798
11.9856
10.0493
9.14079
15.2894
10.3947
9.12443
11.2188
11.2073
11.0494
8.16354
8.61629
18.4615
9.57525
10.7951
9.38226
12.8826
15.8017
12.8377
17.3824
10.6293
11.1965
10.4951
17.6553
27.1119
11.9874
12.7014
12.798
7.36514
11.7405
8.68737
7.63902
9.19706
8.25907
11.026
8.96183
8.45304
7.82212
10.3416
9.78032
14.2385
12.6163
10.6376
8.51053
7.62441
9.46392
10.595
8.89313
12.6247
9.62212
16.2895
9.22684
20.1652
10.3967
15.5627
10.1843
10.7107
7.99162
8.05183
16.4453
8.13843
14.3522
9.43589
9.86907
7.90088
12.8441
9.64016
11.1842
19.3884
9.96256
13.9186
9.39073
10.4021
10.2738
16.1207
10.7572
9.50314
11.1872
17.7042
12.6161
13.2075
14.293
10.7739
10.6149
10.0417
11.3144
10.0894
11.0461
9.88884
9.85393
10.8121
9.77442
18.6667
15.9757
9.36428
8.96398
10.8327
10.4148
10.5682
10.0195
9.60371
10.7857
10.928
11.0994
12.1562
10.0112
10.6505
6.93883
7.56268
16.1161
14.3749
13.8253
16.4963
11.4202
13.1836
14.4246
14.5138
11.6495
15.4301
12.8771
12.2074
10.4
18.3752
11.284
12.6055
10.826
10.076
10.7893
10.2965
11.5609
8.65317
8.92278
8.80037
10.5399
14.7794
10.1189
8.64366
9.91103
13.014
9.67671
9.78871
12.8385
11.3896
11.8712
8.02778
9.80991
9.24261
13.3927
8.70674
11.3787
14.6913
9.88503
12.7153
17.476
8.94633
8.75436
7.59379
8.22276
9.67461
12.4074
9.79745
10.6241
9.08344
9.72711
16.747
10.5386
8.91863
11.1667
11.7223
10.0696
7.22194
9.31128
8.11689
11.7971
8.89331
8.875
9.82731
14.0161
8.61631
10.1971
19.7314
15.73
11.8297
11.0351
12.7393
8.52247
12.7785
10.2232
17.0723
10.2716
13.4321
9.74258
17.0804
11.1615
11.0188
9.3665
9.81783
16.4412
10.5268
13.9016
18.8175
11.2774
9.10045
11.237
18.4864
10.1756
11.2878
8.688
17.2925
20.3706
14.5182
7.99718
9.58618
7.26992
14.6727
10.3043
10.9765
8.80843
7.20995
7.73196
8.30311
10.1484
9.67247
8.67889
8.29462
8.25042
7.73284
7.64643
15.0271
8.04368
7.93689
14.8441
10.8576
8.10604
11.6601
7.63226
9.18986
11.8805
15.993
8.62407
9.40713
9.60557
11.5915
16.4258
9.26172
19.7009
16.6378
9.91375
24.2045
17.9893
12.6739
19.2537
22.0357
9.7181
11.87
18.115
11.8635
12.9202
16.9843
15.4912
10.8489
17.5997
9.99234
15.5223
13.9932
10.6169
11.234
15.1187
12.4023
26.7217
11.7582
31.2745
22.4452
12.0666
18.7911
12.0932
10.072
13.7919
29.4192
16.8511
12.5545
17.8333
17.9704
15.9687
9.18128
8.84478
9.35198
8.33671
13.9932
19.1118
19.5478
8.40682
14.0592
15.9789
15.5239
12.0426
8.77349
12.82
9.93879
17.1441
9.82525
10.5233
17.8896
10.6374
9.91603
9.19062
14.5451
15.5186
9.28314
17.766
11.1346
14.7559
15.2505
10.8393
11.5207
8.75122
13.7835
18.1024
12.405
10.038
15.5138
14.96
13.7706
16.5363
12.7367
11.7243
10.8455
16.3535
12.2903
8.71061
20.0092
9.93145
21.8258
10.4564
16.4479
11.301
9.86352
16.8072
9.09445
21.9107
12.0699
26.6247
12.6556
12.9058
13.23
18.9283
12.2797
12.3763
10.7024
9.72382
16.9481
11.8123
9.06895
16.8291
8.436
15.8593
11.0155
16.9319
9.43298
21.2863
14.6499
9.69864
16.5884
15.0469
8.44351
12.7277
7.55623
12.4506
9.05169
11.1121
19.2849
16.4683
12.6896
10.6575
11.0134
10.31
8.61281
8.33961
13.8052
10.3619
11.6716
13.5046
14.9144
10.1138
13.185
13.6017
13.4848
18.4358
11.1158
10.328
12.262
10.6184
11.3741
9.5651
11.1218
9.9137
14.4609
9.85375
9.1894
8.31666
29.2669
12.8969
14.0153
9.62345
10.9498
8.57151
10.2991
9.92889
18.5284
12.8155
11.915
11.8109
10.1726
8.83172
15.8036
14.3197
12.0677
10.656
8.89428
20.4353
15.2296
9.79769
17.1619
15.7277
8.04939
10.5796
10.9454
9.68349
7.66188
7.40264
7.59042
8.75573
11.1436
15.583
9.86039
10.3012
9.97051
10.3626
8.95591
9.99413
9.62091
10.7249
8.60039
17.4093
10.1959
10.184
7.93794
9.95718
11.7532
9.80463
10.2742
8.89353
15.1129
8.1676
8.08733
7.18921
8.42607
10.281
7.25426
8.61322
8.78119
9.84313
15.369
10.4649
22.2066
12.9775
9.19086
14.3085
10.3272
8.3626
9.38884
21.6751
13.4846
12.4889
7.77805
9.64342
15.6002
10.8414
8.65868
18.3092
15.7385
12.5335
16.7992
10.7191
13.726
12.1468
15.4353
12.5718
8.49147
16.504
18.4859
10.6959
10.7572
10.5088
10.588
11.8137
14.1386
9.55676
19.9089
11.1136
17.046
10.2399
8.6939
8.72652
9.02276
10.2277
9.15794
10.9767
10.1068
10.0839
9.06951
8.89342
7.60491
10.3478
11.6199
10.0135
9.49793
11.4306
10.3279
10.8525
21.8811
14.3138
10.7755
13.2926
11.7694
8.68904
12.8342
10.0021
18.7165
8.52688
11.4439
8.88104
14.8881
9.60457
9.44052
14.8257
8.68728
14.6835
15.4888
9.3335
18.4216
9.13584
18.1582
10.3753
11.3368
11.0395
10.8746
8.4595
14.3041
13.8302
9.43706
11.0099
10.5802
9.13912
9.46697
10.8909
9.25081
25.0397
11.73
10.4164
12.4847
9.31559
10.9709
11.2442
10.3067
10.8716
11.5261
20.4044
11.382
17.8277
10.0493
12.1721
9.1356
9.80086
10.419
8.7815
10.7276
12.0677
12.7347
9.60883
9.68739
19.7396
7.88918
11.9909
9.53515
18.1219
8.93441
9.29723
14.3804
11.7582
17.7057
12.7835
9.04063
18.0643
11.3094
8.9317
9.06464
10.8884
9.92247
10.1788
8.69696
11.1424
15.8616
8.8981
11.6498
9.14781
13.4056
12.7782
13.322
17.4581
13.102
10.5782
11.0281
9.15738
10.3756
9.83163
10.1835
17.1985
8.8719
16.2187
10.5858
9.37828
7.7976
9.77341
8.02886
9.14846
7.54548
11.0243
12.1971
9.87683
9.69649
10.4626
9.85466
12.0427
8.62364
15.5188
10.3725
10.8412
8.05794
10.47
12.8546
13.5936
13.1132
17.7101
7.88848
12.406
14.6919
10.6849
12.3772
16.49
11.8079
10.5582
15.2066
12.7787
10.7409
9.74665
9.18928
23.8057
10.6857
8.95656
11.6186
8.61216
9.56223
10.7187
8.42234
7.19027
12.0544
16.6616
10.4096
8.78159
11.7807
9.56606
9.8702
8.00113
9.28281
10.7716
8.49524
8.25849
7.23876
9.09753
8.73405
10.924
15.8681
10.0487
13.4399
9.76047
8.55329
9.31736
7.98929
9.07595
10.5974
5.3638
7.37818
11.8495
10.9328
9.39984
8.27561
10.0416
14.8854
9.26609
9.82424
13.0941
8.30181
10.1033
17.4263
9.84694
12.6547
13.0587
8.71793
11.669
17.8779
12.6868
12.0293
11.3968
11.201
10.8144
18.1045
11.0949
9.69264
13.9748
9.99
14.705
14.9937
20.4802
22.5524
10.7978
13.0983
15.4099
13.7546
10.0668
10.4428
8.76883
15.7218
8.63578
10.5961
18.1319
13.9898
11.2922
13.2448
19.7579
13.1363
10.4374
11.3186
8.68093
10.5768
11.5824
20.3931
8.76551
10.035
17.1415
10.8728
16.4841
10.5481
8.55701
11.1536
11.7426
14.4479
11.4218
10.3922
9.01024
9.30453
9.88575
12.2736
9.7028
8.72248
11.8203
12.6489
11.3502
15.8804
12.0802
11.716
11.1436
13.06
8.42635
9.1024
20.0841
11.7013
10.2472
12.6141
14.1884
10.7277
9.59067
21.3853
9.8275
16.9712
8.16886
11.1299
8.18457
9.68341
16.7706
9.86389
9.01859
7.39066
14.0334
9.58614
12.6002
10.1978
15.8191
19.1602
9.97921
12.8249
11.2017
11.7324
9.54792
12.9981
11.7233
9.95402
8.3924
14.4308
18.4778
9.60336
13.0552
16.5315
12.3091
10.6871
10.7654
9.88254
12.4011
9.09569
10.6511
10.9281
17.5438
10.1815
10.1111
8.23239
7.97321
10.0706
14.1647
20.3771
13.9587
11.516
11.5718
10.5406
14.8287
9.52028
13.9935
10.7037
12.2913
25.4323
13.2802
12.5433
12.8215
10.9102
18.7817
11.6018
12.9587
10.0519
21.2592
10.3541
17.1307
17.4537
15.1982
10.7001
13.8707
10.7926
11.6234
11.3346
9.54799
10.0903
14.3953
18.9785
16.2036
11.5233
29.3482
15.3579
13.7266
11.8735
11.6025
11.3456
12.5503
8.87598
8.94069
13.3504
13.5365
9.69982
16.6289
18.3539
11.8305
11.8729
10.4818
9.61408
10.5553
15.3254
12.2086
9.76528
16.6041
13.8056
13.4892
13.5267
16.7352
14.4299
21.2822
11.9338
10.908
7.6465
10.4347
12.1428
24.2667
10.4727
10.6629
11.078
12.4052
12.7173
19.4885
9.67571
12.3573
11.4418
10.0288
12.1012
10.9803
14.2147
11.6779
9.48423
16.9394
9.50968
18.4711
23.9191
10.5732
10.4195
16.743
10.2647
9.13552
9.26361
9.50261
10.7897
7.77275
9.60852
9.17166
8.5407
8.59254
11.2027
9.9408
11.202
17.5398
9.7105
10.395
10.338
11.2534
9.31113
11.437
10.9996
8.96078
10.0046
9.90969
10.1486
17.1628
9.57031
9.68218
15.5472
8.93041
20.3733
10.9904
10.2966
10.1263
16.8649
10.2668
10.6456
8.48869
10.5468
10.4886
12.9957
10.8449
9.7638
28.0373
10.2773
12.5368
12.0847
17.5781
11.679
17.6564
11.7869
23.0076
11.5302
12.9721
15.9131
12.8936
9.85758
9.65107
19.4236
10.8369
9.35195
10.4713
17.0801
9.9087
13.4525
18.8919
15.9437
13.5258
13.8172
15.8905
14.1039
20.1712
13.4805
11.4153
8.20311
10.8454
10.7845
10.0256
10.4148
19.3095
13.347
10.727
7.50032
8.34126
17.874
16.1565
11.5118
9.71674
11.5363
10.3935
13.4307
10.1043
19.2531
7.68661
22.5974
13.5089
12.9973
9.18352
9.90283
16.0315
12.071
26.0098
9.18626
10.5557
12.8982
10.0744
14.8065
13.0224
12.1444
11.6654
9.79046
8.08831
17.0488
24.2639
8.03751
10.3844
16.1889
9.94293
8.18313
19.681
9.16115
10.9498
17.2203
18.7596
19.9246
12.1773
16.5693
8.30631
13.055
10.7035
16.1601
9.12326
11.9759
14.6115
8.0178
8.1425
10.8602
13.0774
8.96685
14.3924
9.03954
9.12668
9.80388
15.4022
8.45466
11.1132
16.5515
12.7642
9.66862
11.6993
9.75257
17.4776
12.5377
11.5951
8.78939
12.4681
10.5069
18.4473
17.4763
19.6061
11.8714
8.66612
16.8467
13.5911
16.7827
17.4028
13.5273
18.8401
14.3693
10.2549
17.0968
17.1897
16.5812
16.9913
11.6356
10.1906
17.0341
9.58458
11.1284
8.9973
21.6634
13.2634
11.4841
18.2193
11.5721
11.5635
17.3716
9.92183
17.123
11.5065
14.1093
12.0966
17.5365
11.7866
11.4967
13.0862
21.6975
12.1867
11.0403
14.1943
12.0724
12.8079
9.92612
16.3324
10.2384
17.737
9.07297
12.85
9.80655
10.2443
18.8831
12.5713
9.93548
10.1985
16.7092
13.4052
10.4643
17.6816
9.67077
9.47901
6.86567
10.651
13.1615
9.13733
13.4742
16.2609
11.2004
12.2164
16.4125
11.0533
8.88499
7.01924
7.3334
10.4388
8.63621
9.80739
11.0422
11.2899
8.79245
10.1603
18.8598
12.4881
16.9078
9.10283
9.6215
8.37545
8.45131
8.61912
10.8596
20.304
12.0032
11.1978
10.1894
16.1644
8.87723
9.44996
10.0247
7.36318
8.3407
16.956
10.4349
11.6527
10.5574
13.3138
9.29974
9.94915
10.5569
12.8224
10.4488
12.8961
9.49774
30.7171
14.7121
9.55421
9.45679
11.031
10.0585
12.1041
9.80417
11.9322
9.16473
8.09217
7.0167
15.3543
8.7743
7.99168
9.04268
7.98201
14.7393
12.1488
7.27076
9.78816
9.41775
8.35879
9.57847
7.94858
15.5269
9.4366
10.3804
10.0724
9.73348
12.0111
11.5037
12.329
16.1916
8.62101
7.76632
15.1915
11.2112
10.9212
11.8978
11.1692
13.4439
11.7274
10.221
12.8504
15.1522
15.9327
13.5353
10.6738
10.405
10.9055
18.0583
11.0686
13.3609
10.2639
11.6446
9.52516
11.329
13.7862
13.7342
14.0681
12.8972
18.2639
8.74176
8.84032
8.74104
9.97892
12.5994
16.1179
16.4268
12.7527
13.0079
12.5073
10.7228
11.8331
7.91824
11.5017
9.37283
9.88881
8.87024
10.2957
10.0412
10.7385
16.0793
14.5268
10.0738
11.7174
18.7305
14.4606
8.09569
9.39611
9.00638
6.89573
7.73574
7.83839
9.98681
8.38139
8.32271
7.76247
9.83614
12.4228
12.9257
14.1111
16.6827
13.5788
14.0069
11.0473
9.31814
11.173
10.5256
18.484
13.4617
5.9953
11.2507
12.1583
9.94369
12.1572
10.5465
19.825
11.7904
10.2246
11.9104
9.45027
8.15084
12.5647
18.6845
11.033
10.1685
9.13445
16.8559
9.2359
9.57043
9.93095
18.0444
10.1321
10.2558
15.6078
9.79103
18.538
11.3291
20.1793
9.54627
9.0784
10.6888
8.06972
15.6922
19.9729
12.5255
16.3348
11.7212
17.0541
8.6741
17.5553
18.7482
16.5111
9.1099
12.8441
12.7186
13.2188
17.6908
18.4712
11.6491
17.1688
16.2644
10.6225
14.7642
16.3637
14.2327
15.4894
14.4957
16.116
18.3976
18.1902
17.3646
16.3961
21.0058
16.3765
19.7267
18.1997
10.5951
17.4757
17.3118
10.8275
20.9326
19.8762
16.4104
8.97753
18.2639
19.7652
17.0705
18.5067
17.601
15.025
17.6407
15.3807
16.9757
19.1612
15.3485
17.4728
18.5889
16.8985
13.3822
21.8115
20.3846
10.2151
17.8479
15.2836
11.756
17.29
10.8909
18.4847
9.29699
11.1088
17.1603
10.9714
10.3999
9.575
16.1897
19.0801
10.577
12.7372
19.5841
16.8458
16.4441
10.0001
9.34741
18.0468
9.22523
16.7016
28.0699
9.29904
13.4783
10.8645
13.8517
15.2981
11.0853
9.06373
16.1619
15.4807
16.3493
16.985
15.8708
8.70529
18.4968
11.0984
13.451
14.6769
11.9166
9.22966
17.2734
11.0591
13.6872
8.88572
13.0468
8.01728
14.6281
8.56937
14.7426
8.49019
11.1434
7.75459
9.27187
9.56046
7.9725
9.57578
11.3626
7.87967
12.7526
12.3167
13.2154
8.29943
13.1381
10.1812
9.50717
11.4079
7.12185
8.47578
9.53267
7.22611
9.81389
10.8113
8.79829
8.84416
11.3591
11.7688
15.8377
13.9908
10.0233
9.90367
12.1618
11.5555
12.3548
12.1406
10.5251
9.65721
7.93236
11.1792
13.2903
10.3477
9.09156
7.4878
11.85
8.8281
11.0359
6.9866
8.69107
9.96435
9.88794
6.98423
11.9714
8.53292
8.16445
11.9048
10.5459
8.90828
10.339
8.11112
7.79741
8.06093
12.7489
8.53009
14.3139
11.4881
12.8513
12.3643
9.97533
11.6684
12.7274
11.6847
9.27733
14.3729
12.5644
7.37317
8.83917
9.1525
11.706
6.70987
8.63659
7.71562
10.2805
13.4536
10.8058
9.61388
12.0227
9.71432
12.9352
12.7869
7.65142
11.4121
10.2065
10.1562
10.7095
11.9708
7.97594
11.6312
7.47749
10.8297
11.886
7.06596
12.6036
9.58382
10.8997
9.33078
11.4117
10.3661
11.3168
8.25311
9.02816
10.6145
11.3751
9.12295
7.8659
13.5554
10.7461
10.2191
8.23789
10.5879
9.00767
9.65792
8.70956
8.36984
9.45144
11.0721
10.0047
8.40107
8.40536
10.0402
13.3029
11.0165
8.83456
7.37399
7.14398
8.21567
6.80738
4.32432
9.55619
10.0645
7.64274
10.2745
12.0983
7.10849
12.0389
11.7874
10.403
12.338
10.7342
15.1332
8.13282
10.4516
12.2555
10.4556
14.1238
9.29704
10.5051
7.92408
12.4136
12.3776
11.3337
9.53674
9.85694
10.3866
6.7079
9.01984
12.2562
9.90975
9.85694
10.7878
10.4642
11.3014
13.1772
14.5027
9.90174
8.06603
8.37295
12.5171
10.376
12.5419
13.4261
11.1021
11.7508
14.122
8.84639
9.5973
11.7377
9.57738
15.5585
10.4972
15.5066
14.7552
12.4648
11.2621
9.30576
9.4904
6.68525
8.7588
10.1793
10.1526
7.78681
15.3781
10.4818
14.6196
8.43941
9.56867
11.7923
16.9336
8.34869
10.7402
8.74923
9.98525
8.59943
11.131
10.0133
13.3348
10.8878
10.7534
13.2656
7.6908
9.94523
12.6134
15.2018
11.0403
8.85499
11.4381
8.14202
8.79578
9.88013
7.21704
7.70527
8.22941
8.16111
10.8983
13.8281
7.90228
18.0485
13.1483
10.1901
15.085
9.29952
8.43717
9.19861
10.2858
9.57212
10.1896
11.5403
8.20586
9.29927
7.73002
10.4028
6.87897
10.2129
13.1042
12.2082
13.3993
11.2766
9.08435
8.14782
12.4459
8.86731
12.4351
9.02922
11.8412
13.6561
10.8229
10.4844
8.14466
10.6205
9.45956
7.87684
10.7069
8.50701
11.4342
7.61922
10.3491
12.8088
7.22607
8.06589
9.03876
11.3372
10.7516
14.6545
12.7268
17.164
13.1827
10.6225
14.3443
12.5357
7.85492
16.9414
14.7538
9.65466
9.45218
12.5784
12.1958
10.4322
14.5225
11.0176
8.59408
13.3374
10.0914
8.40289
11.1071
10.4754
13.9413
9.79725
14.0014
10.656
15.2862
11.07
12.1125
11.3961
15.2781
11.5631
13.4788
9.56656
13.2137
8.76727
11.1373
11.7557
8.63683
9.58998
8.07204
9.01449
8.91409
9.70979
10.1318
11.4351
12.1387
10.2607
15.7763
13.3929
10.0347
10.217
9.14769
12.1964
11.2578
9.84528
16.5026
12.4645
10.3326
10.5269
9.92104
8.67849
7.76479
9.57231
9.79731
8.83865
8.43621
15.0693
9.00495
12.6264
6.74161
11.2302
6.98805
13.0354
12.6446
10.0561
11.2972
12.3993
17.1253
11.039
9.50733
9.58647
13.8724
12.1566
9.85707
12.9503
10.0839
9.4862
11.2441
10.1632
7.52678
8.08463
9.98043
8.16648
12.0492
9.32195
7.86587
11.0907
16.6943
9.64291
11.9674
13.0687
12.32
10.0837
10.8732
7.54025
11.2391
9.7588
11.4889
12.856
9.96974
8.66923
11.1948
15.6521
10.1579
17.3025
17.4089
9.92426
14.9201
12.1031
10.4684
10.0554
18.1219
10.0828
13.7189
13.6716
10.1712
12.4552
13.5182
12.0197
9.28516
9.80896
10.7319
8.43523
10.5438
11.584
9.85891
11.1262
12.0448
15.6359
10.1551
11.7329
10.0611
12.164
10.4683
13.4545
11.027
10.9473
7.90482
8.90114
8.43168
11.3045
10.884
13.6288
9.15734
8.90314
12.073
12.5803
13.9669
8.18849
8.63284
16.046
9.03188
8.59595
10.7277
7.96997
11.9968
9.76408
12.3118
12.0758
10.8776
9.53237
10.9931
12.7395
13.9848
12.2327
16.6583
11.9015
15.372
13.0804
12.3718
10.494
8.98893
9.80598
8.32438
12.4425
10.3022
8.77775
14.9455
10.9909
14.3639
10.6644
14.6704
12.0069
13.6448
8.63381
18.3866
15.9276
10.2719
7.90032
11.2274
9.58005
8.49648
8.31249
11.1261
9.0718
10.7063
11.36
11.0095
14.0929
13.164
12.5851
12.5636
9.40219
9.309
9.25158
12.7261
8.28564
11.7308
9.11466
10.5995
12.024
10.6605
10.5512
11.6497
8.66567
8.2338
14.7124
13.1611
13.8537
13.5999
8.75959
10.7863
12.615
11.5396
12.1113
9.73601
10.3968
15.6676
11.3661
12.2712
12.5458
10.8087
9.85097
12.8274
13.6314
17.1936
9.49418
18.4639
18.427
9.60742
13.6312
10.3821
12.2755
9.78032
9.95958
7.15664
11.3523
7.87617
10.3767
11.1219
11.0519
8.39482
9.94416
12.2393
9.30393
12.7085
10.9114
9.0284
9.26819
11.4636
9.25378
7.95861
7.90544
12.0771
7.71606
11.0963
12.6006
12.5953
12.4098
13.8319
15.4422
9.37959
14.3424
9.57906
12.8258
9.47961
10.9589
7.19818
7.95126
8.81381
5.98963
11.1076
10.7275
8.13445
9.75139
8.90936
9.16848
10.8236
8.36443
7.36041
9.60996
10.1615
8.7539
12.4645
8.13206
9.0632
10.6494
12.8661
11.0901
9.94068
9.91114
11.3156
12.535
12.6186
16.3
13.5216
14.9366
6.47566
7.30687
8.95145
6.49968
9.63192
10.0184
9.0189
7.81726
12.151
10.344
11.8119
7.22684
10.1753
11.9032
9.11492
11.8967
9.60255
14.6439
8.38518
9.96431
19.4669
7.9201
14.4426
9.78294
12.5672
8.10584
12.1808
7.97791
11.3255
9.33063
12.7383
9.54702
11.1151
12.2558
7.9319
6.55985
10.9492
8.61001
10.1931
10.8292
10.8359
13.394
9.16697
15.868
8.61585
13.721
12.1327
10.8893
9.85431
8.34982
6.89778
9.00488
7.68907
8.4425
7.06567
16.641
10.1646
12.4944
8.48587
11.7143
14.1792
11.6728
12.341
12.8274
12.861
9.94445
14.4848
18.2854
12.2533
12.0483
9.19569
7.29209
12.3051
10.625
9.77725
8.55984
13.3771
10.2312
12.4578
9.787
14.2475
10.6201
11.4164
9.63259
16.4598
11.3384
10.3615
10.9786
10.6635
7.28881
12.6448
8.72803
9.94614
13.5869
14.6286
12.557
13.8124
8.91124
17.5168
10.0742
16.3728
10.2639
11.8316
16.7246
13.2983
13.8264
10.9846
12.7872
12.7079
11.3448
15.512
9.93606
12.1012
15.2389
15.887
10.9468
15.3942
15.894
11.7293
19.648
11.4308
14.3278
14.4374
13.6436
18.0895
14.789
9.49353
17.2269
12.2986
10.4021
13.0043
13.9602
10.3521
18.4035
14.2506
8.60708
12.2035
10.1929
11.3061
13.2801
12.8253
14.5747
12.0548
11.7315
13.6517
12.1341
16.7596
9.50338
13.2832
10.5317
14.2026
19.2952
15.712
11.9569
11.1065
17.8489
11.3512
12.3592
14.5617
13.1567
19.0763
11.0499
12.3764
13.1663
19.7777
10.5894
13.9536
10.9359
16.2969
15.2697
9.53407
9.67135
9.64463
9.74717
12.1806
13.8308
11.3473
10.6317
25.696
12.1309
17.1066
10.4483
17.4497
10.3894
13.7358
13.4274
12.9669
14.8015
13.6235
14.2635
15.5928
11.0066
14.6653
11.9472
14.3537
12.8695
11.1534
10.3494
11.3346
13.4722
10.5763
13.901
17.1324
14.5838
12.3585
16.8506
11.4561
14.288
11.0791
19.0268
13.7724
16.0209
14.2617
11.6772
10.9614
19.6805
10.4761
13.8302
9.66066
19.1904
10.5808
18.6404
13.1278
10.4618
13.8873
13.4562
17.839
12.3947
14.451
13.9209
12.8104
12.5403
11.5272
12.9914
15.275
12.5534
15.9328
10.6634
13.8273
11.7143
16.337
9.59281
13.5349
14.6488
11.6024
12.5566
9.96853
13.1302
10.4119
16.5133
10.9269
19.5731
14.3222
10.7484
13.1045
12.6434
9.61122
17.2282
11.0874
12.4347
11.0491
10.5896
14.4278
9.57583
14.1112
13.1161
13.845
8.99761
14.4649
17.1885
15.6803
9.33375
19.9345
15.3729
10.1221
14.3143
13.5076
15.2282
10.2127
11.7827
13.2152
11.5952
10.863
13.267
17.3687
16.3711
17.1482
13.6499
13.901
10.4203
16.6801
11.5877