14.8876
27.2064
22.9608
12.766
14.8125
12.0755
15.0598
11.8434
15.3966
15.4301
20.0699
15.2647
17.5171
14.9842
20.5453
13.8912
13.8932
14.5105
13.5398
15.8617
12.7015
18.1508
17.9353
13.9111
17.2753
15.7651
15.3198
10.3857
8.45569
11.3902
7.90015
8.25034
7.46037
13.1813
11.2673
13.3827
10.1427
11.2122
7.31718
12.3467
8.43747
16.0056
6.79027
8.31771
8.8565
10.9775
9.62043
16.3662
12.6985
10.9674
12.0989
17.9697
12.0865
14.8534
15.0446
13.6631
8.48121
12.1721
8.00342
9.70768
13.0498
8.018
16.3348
14.7916
15.4119
13.6941
14.9496
8.20243
16.4561
16.2022
10.8706
11.0776
17.3577
15.7845
14.1403
15.4824
7.47727
13.7946
7.31848
15.4297
10.0472
11.2466
10.6798
11.5773
10.1724
9.60125
16.3103
10.0664
8.85305
8.94544
6.92621
7.5842
14.2636
12.8079
11.4053
9.30965
10.1474
10.4123
15.3768
13.5584
11.5907
7.91354
10.6286
9.94623
10.8549
6.67065
7.53544
10.0792
12.2543
16.8054
13.4967
18.0507
9.20826
14.7787
18.4598
15.2809
13.805
17.5156
12.7705
17.0439
15.4617
10.8049
8.72092
15.6025
8.07414
14.8105
18.7623
27.5622
20.0851
14.2674
12.9105
13.0536
13.6643
11.5389
10.5413
15.248
7.00291
6.34496
20.5423
14.2093
17.9644
11.0666
9.01517
10.5876
14.5184
9.76816
23.5554
8.74486
8.0638
22.9982
16.0996
17.7737
21.2657
16.5019
15.8219
13.5231
14.1881
10.2341
11.007
10.6003
7.43759
8.3994
15.8983
6.03471
10.1765
7.27608
14.7753
14.2907
9.58676
10.1468
7.99381
13.3605
13.6203
7.58111
7.93176
15.3364
16.9381
8.57312
8.72884
13.0294
23.4247
14.1352
16.734
11.1644
11.0423
9.50511
15.1247
8.80622
15.8811
18.9823
9.02015
17.4879
13.1165
15.819
14.3269
9.28344
7.78317
8.90768
7.80549
8.32741
8.09918
8.2584
7.98664
10.5317
6.91894
11.2808
7.63425
11.5736
11.0845
10.0768
16.8976
15.1672
10.0766
9.30576
10.0972
9.39483
8.28256
10.0802
12.0224
7.55575
8.71989
11.9568
9.26561
8.22385
15.0105
12.8422
11.3673
8.84752
13.9019
14.8806
15.5912
10.8941
12.4778
9.10249
9.20949
13.7538
11.8627
10.3742
12.0856
10.1637
8.87331
8.79076
9.78216
8.71935
9.37392
9.43968
8.88524
9.10129
14.9555
14.9425
18.0973
23.1009
13.2772
15.0814
7.72179
18.9086
14.3573
16.8482
14.8028
10.1422
13.461
27.3674
13.3665
15.0449
15.2363
12.4487
15.6194
10.0537
7.42704
9.58228
8.23822
9.71169
6.8179
6.96203
7.19814
7.35857
12.7177
10.6608
11.3238
15.6873
15.7521
8.53677
11.2484
21.2426
12.7536
9.33102
11.2647
15.4112
15.858
17.5301
19.8856
15.7007
17.4517
16.8702
16.7919
14.8099
12.2074
15.8722
8.34405
13.7826
13.2218
10.082
14.6188
13.2115
9.67188
9.04871
17.9018
10.6695
9.09583
15.4165
8.46572
22.2965
10.5061
18.0828
14.8365
13.8047
15.2126
12.6018
14.5931
16.5027
13.0175
15.4233
15.5421
17.6032
9.1915
13.5263
17.3665
15.359
9.77545
15.3114
17.3212
17.0006
14.2258
15.8819
8.94088
8.17964
18.067
17.0552
15.4824
16.3535
9.77448
21.0767
10.6773
12.6616
16.6051
9.41536
9.10779
21.9426
9.3938
9.41621
16.8466
9.22897
16.64
8.7586
18.9009
12.6675
16.085
14.2579
12.5904
21.5911
12.916
9.43185
10.1502
15.6569
11.8852
17.977
9.83101
10.6491
18.7785
18.3008
12.6562
16.2022
16.5942
15.8583
18.3613
9.91924
8.80091
17.6982
8.83284
12.0995
9.02393
18.0923
8.87169
8.88906
15.793
19.6333
20.4216
13.3874
12.0543
15.2529
17.4662
7.48385
6.62601
15.2205
8.6335
8.47667
18.9257
9.84117
10.4992
8.5564
8.65471
16.4958
10.0126
8.37937
16.4776
8.03501
8.19658
19.2055
9.19035
10.7317
16.8489
21.2019
13.3614
10.0955
10.3507
7.87403
21.7025
9.29312
14.9328
17.2698
9.10858
9.67593
14.6702
16.0931
7.3955
11.8606
19.5294
7.85817
8.80039
18.7662
8.13316
24.9098
18.6199
17.6165
14.7442
14.3907
13.89
14.5473
14.9869
16.4055
18.9447
16.8998
10.7163
19.5403
8.05016
16.0524
8.38872
11.2144
13.7674
9.25259
16.2978
12.1463
8.48204
8.90836
22.4378
10.7466
10.3026
10.5504
19.2172
18.7278
11.7529
17.537
15.813
16.0048
16.1261
15.3907
16.777
18.6961
16.6982
15.5619
15.7669
15.3654
17.4717
16.9189
17.514
9.19822
14.8918
25.1294
11.3083
18.3674
13.6259
9.59954
16.3265
10.7393
8.89295
15.4438
9.44292
10.2889
17.5529
11.1059
8.44154
18.8766
9.58073
11.1414
16.3748
10.3326
8.87884
21.0606
11.8336
8.49115
11.854
14.1078
8.26841
24.2774
18.9762
8.72801
14.9647
15.494
7.54034
17.1347
8.47064
8.01921
7.88124
9.54649
8.27287
8.3329
7.80428
12.2158
8.572
10.9047
9.64185
10.9511
18.2334
8.5692
13.3763
16.8642
8.19284
8.22028
13.329
14.617
15.9794
13.3709
16.8053
17.7123
15.0496
16.5393
15.5429
15.1538
15.735
16.5336
18.4059
16.4853
17.4961
17.4498
15.4973
21.223
16.7067
16.7844
16.6287
14.9783
14.7083
16.725
18.2301
14.7058
18.9642
15.8473
15.5712
15.2111
15.683
22.2996
21.1785
18.1879
17.0057
17.5902
18.2063
11.3127
16.3029
10.0322
7.20733
15.9203
8.74734
11.194
9.06068
10.0133
10.1273
18.5927
10.0047
8.59132
8.40224
11.6552
9.5025
8.5835
14.4219
10.5744
10.741
11.6118
10.1684
25.844
18.4676
9.06367
21.389
25.3137
16.6495
17.2273
13.7404
21.5666
14.2931
17.5981
12.0556
22.5909
19.2994
14.3338
20.4756
16.8669
8.89031
10.8827
16.811
13.5943
8.69646
11.5361
16.4898
9.56434
9.4815
11.3049
13.1675
11.5809
12.7554
7.71018
9.78737
10.7213
16.1338
9.25982
10.5947
9.53382
15.2134
7.34912
15.783
8.79754
18.9093
16.9411
7.57917
8.25539
17.7805
11.3003
7.69119
9.33795
22.2209
11.3887
14.9643
11.4238
12.4567
10.5209
9.78365
9.23931
8.24705
14.4732
11.3556
7.87522
7.82486
8.77126
9.0488
9.15936
7.60796
10.3083
7.93349
7.68502
9.70446
8.30909
8.30563
8.91615
11.0821
10.2569
7.94999
11.2475
9.02882
19.5036
13.0816
9.392
12.9104
11.1626
6.22561
8.20303
7.80001
12.9007
10.6596
11.0254
9.60805
7.5458
12.773
9.95066
7.86563
7.61864
8.25858
8.88335
6.7891
8.43596
7.12551
6.62898
8.72333
9.09669
10.7747
7.20113
6.9548
9.85104
8.31369
11.1199
7.04542
7.70963
10.4822
6.68088
10.0247
12.595
9.67825
8.57426
8.86577
8.08584
7.66488
9.85742
6.90948
7.56399
10.5819
9.10343
8.12531
7.70859
14.2719
7.00192
10.2736
10.9865
10.5474
9.5126
8.37559
8.07723
7.85875
13.6072
7.62082
11.8404
10.6057
13.9827
8.24689
8.83485
9.22945
8.96229
21.8822
11.9633
9.05257
9.66287
15.2193
11.2552
8.18787
8.477
9.3648
8.19038
8.70773
9.14306
7.1914
7.59515
11.1523
10.042
10.0792
8.38031
6.58879
13.2926
9.88547
9.62412
7.88999
8.6164
10.1198
10.6914
8.3177
8.92726
11.5364
10.1781
12.5512
13.5689
10.8134
15.6919
9.38951
11.6737
8.9197
8.58032
7.65352
7.24244
7.71757
10.5677
7.64201
8.58956
7.50337
8.09953
7.63696
8.86982
9.14928
11.2035
11.9257
8.65712
9.52064
6.69855
8.29989
8.87529
9.80411
8.44369
7.31728
11.9492
13.1324
7.20214
10.33
10.5578
11.6988
9.27081
9.92424
10.9301
14.3864
11.429
8.46943
8.04697
15.8403
14.8634
7.44456
14.6864
10.0064
11.5785
19.382
12.2825
7.92155
8.39109
10.5027
10.1028
7.93666
7.62493
9.72476
8.72557
8.02132
10.0472
9.11935
11.212
8.46645
8.98452
12.7518
10.7064
13.6169
6.55373
11.3471
7.39241
9.19028
10.4343
6.73348
13.6865
7.89556
9.36998
7.38631
16.9732
15.1034
13.7526
9.85269
11.4414
8.78572
7.35338
8.0737
8.98683
9.32704
7.54058
9.93188
8.01099
7.35651
10.3747
7.9892
8.00548
11.1035
12.8438
11.7642
7.50097
8.9706
11.5121
7.01488
10.5125
8.27182
8.60658
8.81476
9.20794
10.2185
7.56671
15.0024
9.34122
8.68416
8.39681
9.3515
9.40103
9.35363
9.87959
12.0232
7.88702
8.43886
8.62476
8.28356
8.79628
11.0765
10.2949
12.288
8.97805
7.963
13.5178
7.44144
8.49784
8.16644
10.1765
8.27789
7.87074
9.87432
8.85088
7.44027
9.52039
8.47758
14.6483
8.4347
15.0382
16.2466
9.05458
14.7268
15.4579
8.37217
7.75554
17.4055
6.9011
13.7619
10.3916
13.7383
16.3221
14.1648
9.01477
15.5181
16.3163
15.1019
9.1496
14.896
6.71678
12.2396
12.215
6.21774
9.37195
6.64445
7.66786
13.5507
15.0714
7.43424
14.2532
11.4578
11.6917
9.78849
13.6637
8.62206
10.3482
10.844
10.0761
11.3774
10.2253
7.54689
10.168
10.2595
10.0426
10.7015
10.413
6.29938
7.97871
10.8783
7.7919
8.81626
11.3636
14.7162
12.3719
7.14349
7.62171
7.29366
9.39054
17.3219
8.53951
9.902
7.52146
6.88927
9.27494
7.77565
7.7062
9.10396
10.6653
9.59171
11.4197
6.56293
6.85761
9.04171
12.0598
10.6215
9.85922
9.50661
10.2429
7.60159
8.82266
9.07111
8.0965
10.6572
14.8691
16.1351
7.26973
15.9998
9.05083
15.7732
14.6436
14.6055
6.88104
14.729
8.21303
10.6614
15.5221
8.20286
12.0673
17.7245
8.65713
11.7768
16.2681
9.30418
15.2024
7.98033
14.1802
10.6208
10.4785
15.7649
10.7272
7.38509
9.92715
8.51448
9.92179
7.17896
8.2171
6.53529
16.0778
14.1947
10.6407
8.45896
12.0913
17.9187
7.79241
8.90283
14.6738
14.9602
12.2162
18.8984
15.6892
10.7377
17.927
14.4363
13.2703
11.8994
8.78316
7.45283
14.7062
9.81675
10.1876
15.3762
18.8188
11.0061
10.7545
9.61336
10.448
11.0137
11.0447
9.66361
10.727
8.90071
12.3093
10.9404
8.74719
10.0597
12.8319
12.0587
13.4696
14.4535
12.7104
12.1463
11.8665
9.61026
13.6391
12.7943
11.3924
10.0625
10.2901
10.1944
8.78161
10.1876
8.07963
9.09067
10.1165
9.9025
12.9126
11.4029
12.0117
11.2796
10.6458
8.48594
15.6309
11.3928
12.8772
12.3262
11.0706
10.5912
8.85077
11.9231
15.4816
14.5843
13.2193
12.038
9.65902
13.0236
7.89388
15.7636
17.1216
12.4658
15.0144
12.4053
14.1056
9.52799
12.7994
9.14498
12.8747
13.559
13.8709
13.6346
12.904
11.4126
13.0687
9.05978
9.53576
9.40617
9.59092
8.31782
8.84955
10.8333
6.56649
10.1411
9.73369
9.85119
15.5615
9.89673
8.66517
9.55581
14.6139
9.27474
15.3728
19.4684
9.20713
10.862
18.5459
11.5877
11.5166
9.13114
8.9574
14.1288
7.60485
10.3968
8.95514
8.74331
8.78339
11.4109
8.1256
7.64824
16.9459
14.8822
13.5498
20.0503
15.4245
16.0448
17.9232
16.6358
7.22251
15.8006
10.9562
8.31836
15.1905
8.79628
13.1112
10.071
24.0335
12.1824
17.7791
14.3304
13.3184
8.76546
11.6621
7.13072
9.31164
8.28501
8.74596
13.3979
14.372
9.85567
14.1458
6.99354
10.1624
6.98493
7.88195
12.7454
7.08241
10.9179
12.8405
12.9745
7.63537
10.1016
11.7933
13.725
11.3857
11.2449
7.66202
14.0721
13.4868
15.5327
9.93568
11.1703
12.7981
16.9392
9.67547
14.131
9.32385
8.50572
11.6333
8.26835
16.1614
13.9793
11.2168
10.9823
15.3993
12.4534
8.53833
11.9076
9.10724
10.1964
11.5828
11.4831
9.42169
9.87361
10.0891
14.8476
11.054
8.41473
9.11033
12.5381
7.80757
8.71767
8.9347
9.22892
9.99776
8.47343
10.1759
9.15136
11.0357
7.15374
8.89734
8.67989
10.0825
9.81938
7.62916
10.376
8.65007
9.79498
11.3809
9.09188
7.21363
8.62728
8.7875
8.25789
11.0438
8.33857
12.7824
8.23413
10.3935
10.9083
7.68996
11.0115
10.3495
11.3746
10.067
8.56799
12.7611
11.5968
8.918
13.6837
15.1002
9.66942
13.4714
13.1223
12.9268
8.10484
12.0328
9.17776
10.6686
8.32126
7.87544
6.33015
9.16626
7.27191
9.61856
8.08619
6.56879
9.52671
10.3995
10.7344
6.69351
6.89325
11.4516
10.8464
9.75526
9.01281
9.34659
10.4655
11.695
10.7208
8.58619
9.95611
9.9246
10.0157
9.16488
7.74989
10.744
11.0245
10.1657
8.65725
10.3089
10.5726
14.1602
11.1577
8.8166
7.84861
16.2696
12.3862
8.00139
12.22
10.5003
11.7764
11.8393
12.0659
10.9085
11.8255
7.98321
14.1852
7.50214
8.78946
7.43379
9.22902
10.1105
8.55826
9.74232
11.1427
11.03
8.35978
10.0826
11.7048
7.23857
8.96272
10.0907
10.58
7.33479
13.1933
15.8391
18.6909
17.5123
11.0405
8.40286
17.122
9.18474
9.74081
10.0359
16.9605
11.0707
9.68036
11.7176
7.90961
8.03124
9.04903
11.283
11.3759
10.8716
13.661
9.72391
9.23306
11.2121
11.7652
8.87702
12.4459
9.50241
12.3293
9.23921
10.5253
8.6857
11.2943
9.91806
8.06154
9.90095
9.92569
9.46036
13.8716
12.3636
12.4472
10.0531
10.9689
8.31441
9.9742
14.0851
13.7537
10.0603
8.62781
13.2555
10.2915
9.07945
9.7443
7.73437
9.27782
12.4899
9.26788
9.66653
8.98281
12.0401
9.53253
9.11942
9.70736
9.12784
13.4464
8.66592
7.90776
8.45328
13.2333
11.16
16.7317
10.6716
17.3942
9.4588
13.1354
21.538
10.7219
10.4869
11.8324
18.2399
10.8272
16.5336
11.5629
11.557
11.2245
16.846
10.4228
11.1925
9.83979
21.2278
14.5532
13.0917
11.3711
10.031
8.65846
8.23609
10.7226
16.1011
8.38042
12.0271
18.2199
8.2528
12.8096
17.9322
9.97811
12.3763
9.07426
19.243
14.9959
9.86422
8.43262
15.8223
10.9034
15.344
8.67497
10.6372
14.1196
14.3814
10.4682
9.28953
7.91527
11.7262
19.6406
13.0087
10.3125
13.4335
15.6569
8.66057
10.9904
12.0524
9.36946
9.27557
9.22513
12.3109
9.83817
9.43377
8.97513
11.7689
9.59849
11.8698
9.1575
11.776
13.3315
9.58259
8.44341
11.8378
18.2924
9.40703
10.249
12.3698
9.59741
10.1027
15.8904
8.89973
10.9372
12.3862
12.7149
11.3945
10.0603
9.98408
13.7094
11.8979
12.4486
12.2273
14.834
12.9847
8.65954
16.0469
15.9367
11.4378
15.4186
9.59815
11.9946
11.5436
8.54583
11.4723
14.9088
13.1606
10.6405
9.14214
10.3491
9.88058
12.9169
10.6877
15.4653
11.9511
7.23587
7.89245
9.95356
10.6717
7.17282
10.3387
18.4758
16.9589
12.4402
10.1405
12.0619
12.432
14.9583
14.8603
13.5592
15.7189
14.6192
11.4444
22.4312
31.045
21.5062
18.807
16.6926
17.0562
18.5851
9.83159
10.8207
9.07557
10.1369
10.0158
9.43769
8.7905
8.9901
9.85482
10.3061
9.30073
9.40149
14.0305
13.4241
10.0208
10.9327
11.2602
9.94362
12.1745
9.08837
10.5578
11.2985
15.3607
11.0752
11.5012
14.4797
11.8717
14.7555
16.9557
18.5401
14.4668
17.9957
15.2004
15.8211
16.4242
35.6301
20.0052
20.5381
17.4081
20.1594
18.2543
17.1585
14.1512
21.7096
16.1009
17.3597
14.7237
14.7245
26.3425
17.0238
23.2847
15.7286
16.3039
12.6333
11.3861
15.3547
13.7029
14.0644
16.7582
13.5986
14.9725
13.0091
15.6591
15.8189
12.8406
16.1062
16.6257
14.5875
27.2245
15.5483
13.6419
15.7359
15.3549
18.7091
15.2285
17.7143
14.5235
16.0813
14.6527
13.6371
15.8644
14.3919
17.8622
9.4425
14.6364
14.3273
16.5904
16.7471
19.9531
14.6308
16.4386
19.1718
16.0266
16.4782
16.2228
13.4613
16.2362
16.6256
22.2987
15.8839
16.0029
14.7587
13.9483
16.0328
14.8488
14.5739
19.7201
9.89307
14.8284
14.4417
7.39426
12.52
8.7955
16.274
12.6503
8.80597
8.37711
14.6811
10.5471
10.6667
21.7796
12.5732
15.9449
9.48173
9.62108
19.2822
10.8445
7.46497
17.4093
11.884
14.2745
9.21489
18.3809
11.5722
16.1282
9.952
19.3634
10.0189
12.8289
17.548
10.1262
16.0109
17.9056
11.5875
17.455
11.0313
8.5621
15.7941
12.9508
12.227
18.0557
12.8631
9.87394
9.96006
10.7102
9.39311
8.34885
17.5306
10.5262
11.5192
7.90649
10.1544
9.21787
8.05009
7.8085
7.92077
15.8082
10.1429
8.07437
12.2245
15.0482
10.9261
10.7277
10.4971
17.8926
10.7685
10.149
10.5526
8.70683
15.016
21.9427
9.64502
14.7325
11.0089
8.17152
9.69529
9.57791
10.08
10.1751
13.4689
13.1267
10.2018
10.0868
12.7395
11.6213
9.79368
7.95478
10.543
9.31047
17.2302
7.61577
9.87703
8.94599
13.8639
8.06697
16.0163
11.1184
11.6583
9.45242
16.4138
11.9323
8.81649
9.48475
9.2456
11.2369
6.93517
9.62587
9.42637
10.8774
7.95703
11.3968
12.7461
10.2381
8.20188
9.06813
11.8572
11.6359
8.20341
9.27596
8.46651
10.6237
12.2239
16.245
12.3935
8.40197
8.83837
7.59841
7.55521
8.84373
12.1238
13.1176
14.0075
8.45829
12.7834
9.52853
11.2986
16.5638
13.7806
10.9156
10.2619
15.7084
14.972
17.9829
14.8781
11.1101
15.2761
15.0078
28.3779
12.773
27.4014
12.6419
12.2582
20.1227
9.92368
18.2305
11.6237
10.5601
9.006
17.3985
11.9361
12.3719
17.5616
12.1841
13.2005
17.7979
11.3386
14.1872
9.26239
7.49257
10.2246
9.26769
13.3131
13.3249
14.1676
12.2709
25.0725
9.53556
14.6648
14.2201
9.93298
13.8036
12.455
10.9818
17.3124
11.5617
13.7298
11.6758
14.0399
10.5553
11.8095
8.7132
8.60877
14.9063
10.2148
10.7483
16.4352
15.17
14.5832
14.1543
9.8989
16.5802
11.503
17.2624
16.852
10.104
16.474
19.7986
9.4456
14.7945
16.7268
11.7632
26.6317
12.4498
16.7093
13.6362
15.2245
16.2828
16.1683
14.5588
16.9625
17.085
17.9836
10.9692
17.6154
15.558
24.2766
17.3016
17.4379
8.74942
20.9942
15.2317
18.9912
17.7368
17.7238
17.8162
16.6811
17.9145
18.0457
15.2475
16.1514
23.8716
19.6684
14.7051
17.2343
23.6578
16.2894
17.3406
16.4697
13.9993
25.6738
15.6437
15.1077
16.3969
13.0144
21.6973
17.3771
17.4612
18.0203
18.0156
15.5825
13.599
16.238
14.8858
15.4591
24.5795
17.0215
16.4101
17.0888
14.9872
15.9677
14.9876
17.0109
16.0609
15.5602
17.2388
23.4928
13.8745
21.5825
17.1906
17.1771
17.0084
17.0374
17.2054
14.0944
16.2897
14.6358
16.8649
13.0294
13.897
16.2424
15.8211
16.0109
15.3197
18.0954
16.0306
14.4743
19.2913
15.8539
16.4568
17.9915
23.63
16.3654
14.8238
19.859
14.8788
16.9429
22.1245
17.7579
13.6801
17.6009
15.7906
17.4498
14.145
9.21954
20.9447
10.9269
8.14658
13.3637
7.61944
16.1052
11.6519
9.71328
18.7334
11.074
25.0918
10.9359
19.7596
18.5165
17.6508
13.1308
16.1544
14.8803
9.31672
17.8262
15.7165
9.35197
20.1448
14.9169
11.5847
14.4795
12.3954
11.4279
10.3202
13.9724
16.5699
10.2659
11.6465
16.9519
9.95085
12.494
14.0252
9.2823
10.5822
19.2634
12.05
15.9969
11.24
15.6407
11.9211
9.55489
10.4118
10.2149
10.0559
15.7326
15.4277
12.0381
7.52449
9.06443
7.89208
8.47021
8.36751
7.37472
15.7378
9.40392
11.6938
9.38634
12.1274
11.9476
10.9723
12.9873
11.025
9.39742
9.34283
8.44084
9.74804
9.29544
20.9698
11.7311
8.25512
15.3097
6.95925
8.28596
9.10602
19.1311
10.5722
8.75905
14.2407
12.5418
14.3316
13.3476
11.8199
10.5796
11.2485
12.3266
9.91055
12.7567
13.1654
7.59205
10.9755
8.45493
10.4041
6.96227
10.1593
10.0788
39.7118
10.6592
10.6104
10.378
10.8865
16.207
17.0969
10.9137
12.1769
15.0777
9.12691
10.6564
15.9258
15.277
9.81986
17.6917
13.6351
17.9681
19.0755
16.6901
12.4948
16.9146
11.9877
17.5172
9.99659
12.0204
10.4513
23.3751
11.6683
18.0943
11.86
20.9232
13.2478
10.5144
15.6503
10.0125
18.0433
9.84221
9.91029
14.1732
11.7624
15.907
17.0951
17.4123
10.2747
8.52035
16.4655
9.6994
16.1976
11.7764
14.2695
15.5782
17.5434
15.4313
17.5432
17.5521
12.3668
11.8692
8.23753
8.6558
17.7249
14.3605
16.2992
11.4275
15.7712
10.9641
10.441
15.6304
17.0936
11.7364
17.7154
16.254
15.0752
17.9567
17.4092
15.7485
23.9239
17.2611
18.7285
17.3559
11.0157
19.1751
26.425
16.0489
15.9804
17.5767
18.5931
19.0029
16.0554
16.4475
17.0505
17.5569
14.8923
15.4023
16.7113
16.6284
16.2056
21.7743
17.2564
15.4468
15.757
17.0912
19.9902
17.7247
16.7078
24.3832
19.6044
15.6067
17.1515
15.2833
20.9254
18.5579
17.5512
17.332
19.8782
15.6117
17.8885
19.6462
17.2436
16.0078
23.8041
18.6037
17.4935
18.5593
18.8939
19.8843
17.9955
18.0579
20.7778
18.0001
20.056
17.0808
15.6489
16.8995
17.4948
15.0095
19.3281
18.7179
17.9861
18.3124
14.4624
18.1202
22.7985
15.2414
16.5212
17.0405
15.3756
14.8331
14.9048
15.6211
13.4868
15.1297
15.6678
16.0824
15.3061
16.0394
15.6198
17.1722
14.5542
12.9768
14.4813
14.9006
15.3169
18.9352
24.5251
16.9439
17.4405
16.0789
16.0082
16.2306
16.8085
16.5766
16.0317
15.9323
16.8366
17.8469
15.6545
17.3607
15.5486
18.6483
16.2106
13.2889
10.7253
17.4055
11.0616
16.9837
13.7032
15.029
9.62948
12.3842
12.6154
15.8489
11.4443
11.3045
11.3203
15.3652
10.9886
14.8754
8.60232
14.9879
9.27131
11.2093
12.5687
8.37639
9.14669
19.5464
11.1672
13.6974
10.7745
19.1258
15.0803
13.3812
17.5091
11.3579
10.1778
18.7102
14.913
13.908
9.56318
17.644
10.4597
12.2226
10.5794
13.631
11.1745
10.4392
10.3769
11.738
10.8209
28.3284
12.6944
28.0831
22.2966
11.4977
15.5136
15.2639
12.4295
9.28025
15.2568
9.43528
21.3242
11.7789
17.7617
9.68253
15.0906
10.5598
10.4931
10.7896
11.8128
11.0749
12.8539
17.8656
11.4668
13.3399
13.8381
12.7117
17.4988
12.8821
12.064
13.1513
12.8849
17.7306
16.6856
14.7318
11.1335
11.4112
10.6856
13.2504
13.7163
16.0697
21.0088
16.1591
10.3785
13.8877
9.18632
10.7337
9.86363
16.5392
15.008
16.3863
12.7037
9.97498
10.3258
10.3002
15.1927
14.2274
14.3803
12.0863
10.4788
10.7207
12.7608
9.68552
8.69342
10.5607
15.7036
10.6985
9.79006
10.8735
12.7795
10.9944
16.5148
20.2491
10.4948
14.172
11.6485
11.9364
15.9736
11.6042
21.1568
13.5631
13.3611
13.0717
12.2786
16.2531
13.7798
11.7528
15.1515
24.1093
16.7651
10.571
9.02563
11.0076
10.1606
19.9853
14.9911
25.0792
15.2277
11.0203
11.5618
13.5014
17.5435
12.2067
18.6335
12.3664
9.25799
15.1792
13.6308
10.686
18.0946
13.758
13.4264
10.5479
16.9574
10.1479
10.6336
11.5505
10.2439
18.5391
11.5544
13.0053
12.7872
16.4708
10.414
12.5356
9.76839
12.2047
9.46263
17.723
22.3545
17.8128
12.1465
25.0639
22.6306
11.4911
16.3196
8.98242
9.44654
18.5183
9.62511
11.6045
10.4716
10.9522
8.4806
15.2099
13.491
15.9158
10.7662
15.4132
11.217
17.5013
12.5387
14.0551
15.9838
11.3606
9.80845
16.8755
15.1419
10.6711
9.05175
14.4293
10.1937
15.9458
17.7883
11.8762
18.0666
18.951
10.6707
13.7064
10.3938
9.59558
21.5451
18.023
12.4869
23.3427
11.9267
16.0823
9.35137
11.0942
13.0362
17.9809
10.6129
14.2404
24.4307
10.1544
19.1452
11.8856
18.2143
15.2118
11.5567
17.0247
12.9477
20.1104
18.1849
10.9402
17.9746
17.0552
12.814
16.3265
17.5668
17.712
16.3483
16.681
19.3596
10.2225
14.8797
13.7805
11.0848
15.2047
15.2904
16.6092
24.4426
14.6795
24.6859
14.2047
20.019
27.1278
14.1247
14.9122
14.3658
15.2383
11.2382
12.6706
15.6102
17.0376
16.4866
18.6322
17.7218
15.8932
16.8445
14.8477
15.4441
14.3795
20.3446
21.0073
19.174
13.9816
17.5753
25.9424
20.6177
14.9298
16.8889
15.0435
17.2687
18.4847
18.0878
15.4915
15.8416
17.2344
16.7998
16.3467
17.3784
18.9153
17.0797
17.3509
15.5449
17.8099
14.5673
14.7141
15.4824
17.1127
17.6459
16.5417
16.8034
14.2548
18.5136
17.4313
16.1931
15.2958
17.1532
17.1909
20.8624
17.5275
18.8982
18.4871
16.6044
15.4806
15.7371
14.2791
17.3449
18.5293
15.5378
10.3505
16.8781
17.4354
14.0894
10.9943
20.1163
13.2506
24.8316
17.2982
13.5603
16.82
11.8112
10.8238
9.4617
17.7653
12.9585
12.0317
20.3415
11.9641
21.8415
14.1379
11.988
16.9934
9.30776
12.2278
12.6575
14.3545
15.6325
19.0656
12.6139
9.24333
11.1268
8.42998
11.5041
10.8408
20.0437
9.24555
16.0924
9.83913
16.1862
10.4201
21.2099
10.4955
19.5202
12.3678
15.0088
11.7176
11.8161
12.8588
8.47085
21.6631
12.3088
15.8022
21.7686
10.346
12.5518
11.6935
10.6591
10.7815
17.3932
10.9709
11.1339
14.9609
10.166
9.91667
9.67056
10.1136
8.66229
11.0134
10.1108
11.8382
11.0095
15.8405
10.1375
14.8275
10.2041
13.1321
11.5667
9.35782
8.98221
11.3043
8.86782
8.93753
15.594
13.0569
12.1744
8.71
14.5182
9.65823
10.312
12.3819
13.31
11.2056
12.8722
8.59178
14.3494
10.075
11.0514
12.2024
20.1629
13.072
12.855
10.636
12.0374
16.0782
18.2299
11.9891
11.9921
9.21558
11.8699
13.5041
10.7171
9.01747
13.3309
10.8742
12.6268
13.6354
7.88166
12.1785
11.7564
18.6702
14.809
9.93253
10.1695
14.1495
16.0985
10.1091
8.21262
11.0943
8.40282
10.7423
9.15508
10.436
9.41057
13.1336
9.65438
20.2341
18.2304
8.84691
17.1228
12.715
9.64748
9.3445
16.572
17.1435
8.67657
18.4923
11.3859
9.33582
15.1704
12.1182
12.4183
8.88827
18.1434
10.5308
17.8237
15.3809
17.1191
9.65713
19.929
11.5735
16.7547
10.4421
29.5214
16.8899
12.2602
19.4969
17.51
12.0674
20.3186
16.4192
18.143
17.0006
10.4482
11.3652
17.8687
12.8342
11.0762
15.8095
15.6488
12.4771
17.1521
7.926
15.6609
10.3313
23.8753
8.89733
15.5444
18.3314
15.2
22.2949
18.6328
17.5755
18.4136
16.3324
17.1602
18.2012
17.6124
18.4399
20.5565
17.7632
16.4592
23.2792
20.8528
18.7798
18.244
15.5501
15.468
15.9232
14.2716
16.9373
18.6151
20.1974
16.8929
15.964
15.5882
18.5992
15.6409
17.8995
18.8219
18.094
16.9244
16.4868
15.5118
16.6013
20.5815
16.3742
17.5571
18.4948
18.7915
16.3794
21.1945
18.3644
18.4154
17.9596
19.2639
24.645
16.6461
17.3956
16.8735
11.7244
17.0677
17.2493
19.9453
17.3845
16.6358
18.9882
18.0606
17.4471
16.986
16.4275
17.8837
15.6185
16.1803
15.6987
17.2122
19.8153
18.7214
15.4379
16.7946
17.667
15.7254
15.6766
16.7864
16.0392
14.9279
13.9697
15.398
16.6954
16.8625
17.4422
15.4895
16.6013
16.6724
16.1394
16.2452
15.4141
14.7638
14.0007
15.1566
26.9346
17.0076
9.44399
14.2271
15.4241
14.5939
15.3712
14.1778
16.2214
16.0981
15.3101
15.2292
17.5698
16.1497
15.843
16.6566
17.0913
20.1978
14.5663
13.6318
10.5136
15.14
8.83023
12.2806
8.50223
19.9696
11.4579
15.0742
16.2877
12.6957
16.776
15.333
11.388
16.928
10.1828
15.3234
15.5908
15.1213
9.81817
15.2058
15.9093
15.672
16.5403
13.9725
11.3085
14.0568
14.8205
12.9061
20.8915
10.8623
6.82684
13.6616
15.9483
9.0592
16.1102
14.9504
11.2165
8.43386
11.097
11.8029
17.3319
11.2859
14.4976
11.5844
15.5763
11.7118
23.5049
16.4054
11.6321
20.3388
10.7012
10.6214
16.0626
13.1682
8.74857
12.6981
16.3097
11.3591
17.2308
8.65068
11.6883
11.9803
7.48703
14.6901
11.5886
10.7593
8.07828
14.8306
12.042
18.871
17.3926
14.1794
11.0178
12.2211
10.7392
11.0253
15.0634
11.4419
15.9377
10.3879
10.0784
11.8418
14.9043
11.1938
9.23571
15.3698
12.6807
9.57532
8.52658
8.54684
8.07721
12.045
10.0502
11.0015
11.34
17.4783
11.5484
10.0664
16.6477
11.7323
10.646
17.2889
11.22
12.3801
12.4082
12.3178
7.24624
12.5475
9.55371
8.35585
9.57314
9.66682
7.57423
13.2789
8.94111
10.7225
8.78112
11.9724
10.9466
13.6648
12.4867
20.7204
12.011
15.6267
11.781
9.97367
10.4397
16.1631
18.2149
10.9408
10.0807
17.9655
12.5092
10.0706
9.26484
9.34959
10.0974
11.7254
9.10666
17.0595
10.0057
13.2231
8.84162
17.4776
11.0885
11.9905
8.20064
10.3063
13.8812
10.0949
8.39757
18.2778
11.9078
8.52245
10.5567
9.16887
16.426
9.61049
10.0887
8.13676
15.9717
8.50772
7.91653
9.7847
11.604
9.11869
16.4538
10.24
16.6192
19.1272
10.058
9.85262
15.1816
17.1216
10.3066
19.0135
17.9572
12.9592
19.1381
19.3951
19.7519
29.4905
12.1847
10.4871
12.1704
18.5036
12.4301
12.0133
13.3283
9.60783
17.767
16.7999
11.5457
10.5262
18.6485
10.5891
16.9579
19.8825
10.0638
12.2175
17.9296
11.6545
14.8136
17.9373
9.54472
10.2234
21.4262
11.9214
19.8762
9.36886
7.99381
17.3329
9.91629
11.9267
16.9213
13.1343
10.1666
16.463
17.7516
9.62159
15.9847
11.6383
10.9719
17.8763
10.3653
15.2996
18.3809
11.788
18.8181
15.0604
12.4275
16.8317
9.66285
14.3894
10.6098
11.5471
17.096
18.4089
19.9996
19.9902
19.0932
23.5049
15.2482
12.0292
17.0924
16.6076
15.5651
16.7856
22.3923
18.8506
16.0103
17.6678
22.284
18.3737
23.9058
23.8589
16.7111
23.6308
22.0944
15.4755
16.4965
16.9788
16.9488
25.5978
15.2224
17.1004
19.2154
15.6052
17.5575
18.1164
17.2215
15.9914
15.9522
15.0036
15.1544
14.3931
13.9339
15.9315
15.3294
17.5437
16.6207
15.1631
17.4547
16.049
14.271
16.0921
26.1926
16.7243
14.0657
17.496
19.4044
14.3486
16.356
19.1327
17.8498
21.5436
16.7101
19.992
15.556
17.1087
18.0395
15.0771
15.7981
15.517
15.8138
14.1658
15.1187
24.0645
17.6579
16.9802
17.2268
13.3663
14.3504
16.5601
15.2367
16.8197
20.2666
15.6439
23.2852
17.2801
17.6535
18.5913
16.9499
14.4129
17.5499
17.2321
16.4446
15.4638
15.9806
14.8472
16.3602
16.6693
9.25582
15.2443
16.7763
11.0447
12.712
16.4454
15.5036
8.85733
9.0794
16.2508
16.9554
16.7822
9.95927
15.6443
12.9644
7.9328
10.6105
14.4494
8.90841
15.5504
16.0963
11.7703
15.1692
15.0311
18.8248
17.2931
12.181
16.7905
11.1435
9.35313
8.52623
17.4631
11.2489
10.2274
11.8904
9.90934
9.53926
8.56057
15.7694
10.7159
14.1838
18.4795
8.76894
10.3272
19.3744
11.2148
8.46734
14.5058
12.8835
8.70524
11.745
9.9572
9.63551
16.6524
11.9113
10.8653
9.49092
15.9118
10.5886
13.195
8.6301
9.83335
16.8114
12.3943
10.4218
11.1373
12.8811
10.302
9.67424
11.7784
16.7134
9.74147
10.2968
10.5046
8.03126
9.32989
11.9196
8.83306
8.85662
9.19955
8.8698
21.4266
18.0374
11.0374
16.6563
10.2211
9.13538
10.381
8.29446
9.31704
11.6274
11.5221
16.0721
17.3003
12.9827
18.0086
16.9457
13.7437
8.73969
9.08161
9.01162
11.6822
9.46341
11.1323
15.7975
12.6483
9.78342
15.8259
9.70992
16.1817
9.6722
17.4249
11.9233
18.7177
11.186
16.7041
14.7146
12.857
16.9579
11.2021
12.5241
17.5099
12.8813
9.74922
23.6271
11.57
11.804
21.6549
13.8017
11.0251
18.5126
10.8831
11.1487
9.45992
14.3924
16.1506
10.771
12.5867
10.3933
14.381
18.5839
10.5963
9.0228
11.0597
11.5107
14.5369
11.5455
9.08032
14.9573
9.64301
9.5206
13.0433
14.9508
9.8158
11.2135
12.4883
18.2766
16.9596
9.68245
10.4578
18.3562
11.1394
17.6244
13.0938
11.3389
9.62174
16.9433
11.7767
18.1668
10.6883
17.2776
11.1506
29.58
10.322
13.9563
16.6193
11.5379
18.1203
19.4203
19.734
8.81911
16.3675
10.345
24.0232
18.3323
11.1981
16.5852
18.4264
16.9293
11.2584
18.5267
17.6944
18.1751
20.0764
14.5016
17.2063
14.0659
20.5066
21.0614
18.6659
17.7339
18.094
18.1807
11.7389
17.3148
11.1094
18.0388
19.4386
17.6529
16.4936
17.6251
16.1444
16.9337
17.6653
14.1836
14.4788
20.8824
21.3463
17.0737
14.8971
15.1044
15.5124
16.294
15.9238
16.1867
20.5113
19.995
23.4798
17.8277
21.0172
16.391
16.839
16.3118
18.4093
23.2834
18.0823
19.1267
18.5342
20.0805
16.1981
27.3834
20.7169
17.4167
18.3272
17.165
23.5405
17.3822
19.6498
21.4753
19.0671
27.0989
19.1834
16.7984
16.2574
16.6007
17.2509
18.5506
20.835
17.8193
18.5914
18.1515
18.1733
16.4118
22.2263
17.6702
19.7729
21.9513
18.5713
20.9328
17.5287
21.6141
16.6657
29.6985
18.5283
15.9683
17.5127
17.4433
16.9983
15.8538
16.0637
16.4664
16.258
15.3509
19.133
17.2559
15.4378
12.5825
19.9787
15.0914
15.7761
12.5636
10.1205
13.6807
15.2652
15.8815
11.1363
26.1698
25.3721
14.2157
23.1637
20.7151
7.8725
16.9555
13.9654
7.35809
16.2255
8.44314
15.5735
14.596
14.6145
11.4101
9.07434
15.0868
10.238
14.1919
8.51479
7.66195
9.09997
13.9125
10.6158
23.4508
11.9789
36.6499
16.1648
16.066
12.701
25.959
16.5198
9.66738
17.3991
15.9932
11.3609
11.2657
15.048
11.954
12.7637
9.85191
11.6482
14.9294
11.8217
10.7598
17.232
19.0539
7.77358
8.11533
8.66987
18.6604
9.38581
9.02563
16.2393
9.87394
11.5315
16.0953
14.121
7.93859
14.8935
8.80122
11.6169
11.6154
9.05569
13.5867
16.2505
11.238
11.7389
10.1788
9.21465
9.31548
11.4736
12.9017
12.0037
18.5625
18.7672
11.2617
10.3107
12.42
10.0747
13.7886
13.9525
18.5265
12.2569
22.5402
11.4606
14.1187
12.032
11.5736
14.8634
10.2833
13.6636
10.4581
15.5242
19.5141
14.8424
15.9604
9.50095
11.5003
11.5337
15.7525
11.7159
11.5611
12.356
12.0848
12.4784
15.0027
10.3024
11.1876
10.5787
11.8432
10.7636
10.9813
10.9081
14.9015
25.06
17.2878
18.9428
15.7227
10.6107
18.0545
10.4901
13.6188
13.7133
11.0456
16.9512
9.4792
12.0266
13.6457
11.2912
8.60422
11.3288
10.9499
12.1421
9.95472
18.7694
18.9544
12.0902
13.1322
10.5118
19.7333
13.9919
11.0813
13.288
12.2806
19.8158
11.0736
11.152
8.67963
11.4941
8.31149
19.6567
14.1832
18.6368
12.5739
11.245
11.1832
17.167
11.0912
17.705
10.6511
15.1245
11.4601
19.8988
11.5078
16.6494
18.7073
15.4619
20.2706
16.4565
10.8674
17.6445
13.0264
18.2166
17.4455
14.5742
11.8213
17.1192
23.1315
13.9722
21.0148
21.1684
12.425
18.9049
15.3122
19.718
19.4195
17.6649
12.9114
12.3437
24.3411
10.6363
21.2894
17.7863
13.1189
16.9587
11.1387
16.7558
18.0659
14.2543
23.2982
12.5303
17.1267
10.533
13.0966
19.9746
12.7684
15.5257
12.7157
10.3862
19.0081
12.6128
13.9713
20.0486
11.2461
17.7329
10.4334
16.3679
12.2393
17.7367
14.7174
9.73888
17.0359
15.0587
12.204
15.024
15.631
15.2194
9.6561
14.7713
13.2129
15.5298
14.0823
17.1748
15.0394
17.6629
18.088
16.9181
15.866
17.7803
17.0223
17.4469
17.0125
17.2124
17.2104
16.8291
16.6625
17.668
16.2694
17.2637
17.7122
11.9223
17.4005
15.5819
15.8986
17.7557
24.6132
19.7066
18.7275
19.7451
9.54821
15.919
17.4059
16.346
27.9377
15.8077
25.9197
19.4782
15.2549
17.8297
14.8982
15.5202
18.0886
18.1438
17.6788
21.1455
18.1141
16.066
17.0518
20.8059
19.2651
16.562
16.3389
15.769
15.0518
14.6284
18.8977
16.9744
16.2581
14.5548
18.6226
20.2568
17.1904
19.6696
19.5083
17.0871
18.8225
17.301
20.8362
19.9308
21.539
19.8531
16.8729
19.5248
17.148
20.6293
19.4722
18.6507
17.1169
26.6329
27.6993
21.1247
16.9098
17.2469
17.8812
18.6801
27.7336
20.1075
16.0442
19.6134
15.0138
15.4385
17.5203
16.9465
18.5385
16.9531
17.3688
18.2055
17.1717
18.9614
16.677
17.8513
10.7242
23.6179
24.3573
17.5181
18.6693
9.02939
12.0748
10.2708
19.0982
10.1344
16.706
16.3645
13.3154
20.406
13.6326
11.7227
12.2197
17.7739
13.3912
19.492
29.3553
11.7181
18.1504
18.4221
11.6266
25.7868
19.955
16.5558
24.2577
14.3645
15.8199
14.9609
12.3278
27.8869
14.9775
13.7674
13.3227
17.7224
11.0162
22.599
19.2564
14.6565
9.01486
7.73562
11.5054
8.44261
18.4844
18.8234
9.6291
14.8054
9.85002
9.65417
11.677
12.5245
8.43406
15.3283
9.52193
11.5493
8.50283
15.9113
15.7463
11.0231
15.6029
7.91622
8.38037
8.98547
9.93873
15.3626
10.1913
8.8134
11.053
11.6685
10.7902
8.82575
9.42988
9.93862
10.57
9.84772
9.10894
8.98289
10.2531
14.3745
9.23116
7.73898
12.6494
12.9837
13.7261
13.1341
9.89034
8.64324
9.71288
15.7034
11.5176
14.6823
10.1079
10.0163
9.41663
8.25873
9.28794
8.91986
9.48263
15.0392
9.1825
9.62627
28.7898
13.2593
11.3169
12.6008
9.99431
20.3407
22.5353
15.3681
21.9841
7.92293
11.5289
16.1895
11.4393
18.7031
10.3284
17.1517
9.36192
19.0977
11.2935
8.61
18.004
12.1714
14.6649
16.6029
9.69667
21.9613
9.65055
9.28665
18.0579
20.9001
9.57416
15.8202
19.8987
10.8662
12.6402
10.6631
18.5416
13.7871
10.752
21.3112
12.028
11.1996
19.0756
9.36755
17.7228
13.0063
22.6088
12.6283
14.0821
24.5169
18.0671
10.3646
20.8917
21.5106
11.1449
8.39294
14.7676
9.10336
9.97831
24.188
9.68696
9.8731
17.7879
21.0228
10.9171
26.8912
19.772
9.94619
19.3145
18.6691
16.6572
18.5628
12.9128
13.0124
19.7324
9.4533
15.7918
27.3596
22.8331
32.4874
11.0355
30.2527
9.65651
18.2636
17.3638
10.6176
15.7953
17.0129
18.8167
21.9534
31.6173
18.129
22.6803
17.587
20.9718
18.7578
22.2191
17.7332
28.9526
16.7923
16.7807
16.9629
20.5295
22.243
20.7055
21.9414
9.98573
15.7836
18.2357
32.7356
18.1561
20.8322
18.292
20.1537
20.76
17.9678
31.887
20.8073
32.6915
19.9574
17.9664
21.8717
17.7713
18.567
20.3932
18.1333
22.2863
18.4017
18.5639
17.8336
20.9024
18.9682
18.9707
18.8397
17.4195
18.5358
18.1304
17.7579
15.5822
19.3843
16.4111
20.3276
16.4865
17.0235
18.2015
14.0967
19.6019
19.0272
17.3739
16.3875
17.8697
15.6559
18.4922
19.187
15.8331
15.7706
18.3161
24.5397
18.9543
17.9185
21.8997
18.5764
19.1684
20.34
15.4261
16.7574
19.2656
19.0691
19.0574
16.4503
16.19
17.8048
12.5358
15.1292
16.3121
16.4667
28.8621
15.4225
17.9482
20.2896
15.9143
16.4836
16.8135
12.072
18.4849
11.5244
17.4489
13.5481
16.7649
11.3963
17.4809
10.3571
11.1505
14.4674
11.5348
18.2329
14.7014
22.1622
19.9047
12.3815
25.6701
20.2937
13.9181
11.7659
19.8733
13.7232
18.5272
13.0162
12.2672
14.7018
17.8768
15.57
18.4215
26.6174
17.9102
13.673
23.8654
15.8283
16.0787
12.261
13.7614
17.454
11.9536
13.8827
12.0756
17.7094
16.2373
19.2696
13.0887
16.5326
12.6775
11.8892
17.9953
15.2247
13.3224
27.3994
15.0825
13.7926
16.6424
12.8203
12.937
11.771
20.9067
18.6641
10.9462
16.0314
24.2711
12.5337
21.4522
16.382
22.9158
14.9307
18.8141
12.3189
15.4859
13.0778
11.2721
15.9077
11.0074
12.4406
17.6898
15.9021
12.0741
10.9441
16.434
13.3445
16.1472
12.4055
17.3321
15.4052
11.713
19.3379
12.6245
20.1583
15.5918
10.9505
14.7549
13.0242
12.5717
13.9158
17.2212
13.8911
15.6794
12.682
15.6399
13.3943
11.4016
23.4805
14.6978
19.196
13.8555
13.8383
11.6095
11.8745
17.4031
13.1084
14.1396
12.5641
12.3552
13.7419
13.3481
14.5666
17.8555
18.5388
12.3809
15.0485
12.8145
17.5894
13.1456
15.5536
12.0566
11.154
11.9089
25.6001
12.8179
12.7952
17.2587
15.7348
15.0435
11.5292
14.4417
11.1415
14.5204
12.9199
16.093
13.7175
13.1883
19.593
14.2055
18.8518
20.9205
13.1992
15.8269
12.03
17.2082
19.4722
22.1667
12.9287
17.2516
17.031
19.3729
14.3208
14.4604
21.4073
13.1382
12.336
16.5676
17.9985
18.3607
14.7813
10.5194
11.1552
10.0235
15.5649
13.5249
17.8605
20.2564
15.1779
17.8385
19.3003
24.5569
19.7982
14.3929
18.875
14.2284
21.8626
20.6581
20.1726
13.1431
18.4053
20.478
17.53
24.7765
19.7384
20.3412
14.1226
20.3044
13.5549
21.1713
16.6655
14.6228
21.297
20.4836
13.3249
13.7431
19.8321
15.4131
19.8358
14.479
27.7915
13.5126
19.8559
17.0613
15.4686
19.351
12.9418
24.3988
20.0355
15.2014
21.7743
23.585
14.2569
36.8296
24.1157
21.4868
19.1802
19.681
12.4156
23.2271
36.7898
14.0035
21.4169
20.5324
21.27
21.5013
23.4245
20.5656
13.3053
21.2589
13.7767
22.4306
19.4835
21.3767
25.0278
21.4532
13.1815
22.9616
21.2666
14.4515
19.5471
21.8437
14.4561
24.8043
17.8598
22.7349
23.0017
18.4873
24.9478
21.6472
19.8073
20.3681
21.0946
19.4523
14.43
19.2245
24.2603
18.6043
19.33
19.7199
22.6984
19.3142
18.5562
18.2688
19.1
20.333
19.2889
17.8458
18.9074
18.2637
17.2509
21.3585
18.4818
18.5082
17.1372
21.4181
19.5871
17.1943
19.8491
20.2737
20.9431
19.2444
20.124
22.4932
19.9226
18.3048
18.9023
19.1648
19.8981
19.7528
18.8242
19.5452
27.8809
18.5966
19.5548
18.6616
21.1074
25.7528
19.5078
26.4404
20.7204
26.8725
22.3649
20.5019
19.1649
19.0618
19.2337
21.3463
30.897
19.9663
18.0198
11.1646
19.2708
17.5533
20.3517
18.4452
19.9691
13.1127
24.358
21.725
19.7979
26.5756
19.7982
20.4386
23.1367
20.121
14.7407
28.2579
20.0714
20.6101
14.2779
18.1056
35.0714
21.6888
18.8377
14.9132
19.2653
11.3232
28.4018
23.1253
13.42
16.0058
23.1657
14.2879
35.7889
21.0346
15.0111
13.0804
19.3571
20.2091
13.7628
24.243
11.4646
16.9561
21.0295
13.7692
19.2349
21.152
32.9264
16.4171
20.3565
22.6776
16.5934
26.0607
16.1099
17.8911
24.0224
13.4008
17.1416
13.75
11.8592
18.0305
24.7944
13.5328
20.8333
25.2565
12.501
28.5426
13.9572
19.7142
14.2639
17.1415
24.3478
14.569
16.1362
13.782
15.6199
20.693
18.9086
13.264
15.1059
14.7471
13.2183
19.4208
11.8032
14.2426
18.168
22.6166
11.6461
19.2715
13.8338
19.9418
17.9299
11.5904
11.8783
14.7082
30.4902
12.5977
13.6301
28.8835
14.4804
15.1784
20.9409
13.619
18.0391
14.7403
12.8013
12.165
16.2077
19.7353
16.0992
25.1669
13.9142
16.8452
18.8764
14.1786
20.7059
13.319
19.3452
21.9993
14.4955
13.5102
16.9637
19.6836
18.3428
13.2618
19.8544
21.8307
11.7792
13.6682
13.0171
15.2943
21.622
16.2874
18.0589
18.234
13.6647
15.9942
16.512
17.9291
13.3127
18.7982
15.719
19.5438
14.67
12.9273
20.1815
20.3314
11.9389
18.7341
13.2189
20.1156
18.0757
19.6252
12.138
24.2131
21.8774
20.7641
27.6277
19.8523
30.517
21.9429
18.5995
19.694
14.75
21.5276
11.6614
27.5917
14.8973
18.2225
21.1099
14.4665
15.28
19.2861
20.2204
21.1301
25.1545
13.4555
13.9336
18.6473
15.9352
12.5363
13.3369
13.5959
20.9583
14.6905
21.2125
16.5172
20.0909
8.86466
20.5542
22.9495
21.3066
14.8453
22.7387
24.4984
13.9767
19.0667
19.5381
16.5157
20.9188
19.242
20.7845
17.8238
13.7062
19.9447
14.3477
17.9074
12.6549
23.219
20.3275
26.8898
18.3897
26.2021
22.331
19.9535
20.11
10.9031
22.4251
13.385
20.0231
13.8284
16.9359
12.754
23.808
13.7327
20.1866
23.2119
22.7063
13.7987
20.0507
17.9936
13.4041
20.9834
19.6265
15.4984
19.2035
12.6669
12.6084
23.5349
20.6878
14.0958
18.3853
12.705
21.7195
12.5092
23.9194
13.9063
22.7275
14.3141
18.0293
14.1327
11.7525
25.1363
19.6058
12.0901
20.4802
20.7701
13.6967
12.8507
23.4815
15.0007
10.7607
20.2081
12.2558
12.2949
13.8231
11.5883
17.4098
12.4784
16.563
11.5641
13.0178
13.0156
16.3943
11.7982
19.038
11.7671
18.7559
16.7854
13.3918
32.0159
12.6609
22.6931
18.2081
20.1831
16.8327
19.6182
19.9026
17.8079
23.3325
17.6099
13.1428
20.3483
17.5559
11.5708
15.5379
13.6552
11.5529
20.8296
19.1349
18.735
18.5863
18.7142