28.2589
33.6539
20.9101
17.8882
13.9795
14.397
14.5684
22.8022
22.8825
21.5024
16.8369
16.7979
22.7704
19.3637
17.0211
19.8038
17.6768
17.3007
18.2484
18.4204
14.6089
19.6766
18.7664
16.0432
16.3507
16.3454
19.2289
15.8975
18.2495
14.5314
18.3086
16.583
15.5615
21.9981
17.1733
16.8658
17.5179
17.8387
17.0149
27.4017
18.7662
16.7542
20.102
16.5166
19.8244
18.3853
22.8298
16.6759
15.9915
24.5525
17.1853
18.8435
18.2449
16.0527
21.4934
22.4813
17.129
18.3739
16.1272
24.9129
17.797
14.8406
10.697
16.8808
11.5314
14.6834
11.6424
16.7272
16.946
10.6937
15.8143
12.7056
14.3121
20.8579
17.3555
18.1275
18.5221
18.1519
20.8691
25.0917
12.7251
11.94
13.371
14.3158
11.9469
16.041
11.3059
29.6902
17.2873
35.325
14.4992
20.6907
12.4286
13.538
16.6635
11.6479
13.9159
9.82875
13.5648
15.8199
12.0734
11.137
14.7534
11.7471
10.9443
15.3511
13.4675
10.2638
16.9289
11.2819
16.3989
15.5641
13.3364
18.3288
18.6396
11.0929
25.3632
17.1794
21.3116
14.0088
17.1627
9.73024
20.8357
10.7425
23.8983
17.7161
17.967
19.805
19.0436
16.8084
19.6738
18.4833
18.6654
16.7822
17.1042
21.1159
21.165
18.2638
16.3338
19.8763
25.4358
18.1679
18.6136
19.13
18.589
19.2314
17.9267
28.2057
22.5477
29.558
21.5727
19.9221
32.0739
25.5005
18.5081
20.4689
18.8504
21.0585
12.8481
17.1234
20.2848
26.6012
19.9388
20.313
22.344
16.6966
18.0602
17.0802
18.6699
22.4146
19.0216
13.9387
18.3615
17.457
18.0774
17.805
18.1054
18.0083
20.0211
11.1964
21.6546
19.7912
15.036
19.8085
21.2344
19.5655
20.0806
19.5224
19.644
10.8779
25.077
19.5044
17.1667
23.4769
18.4916
19.6555
22.0363
16.1543
17.2629
19.8033
18.9611
10.7237
17.2062
21.5583
23.3833
16.7532
18.5079
13.8526
18.4044
16.7598
18.8058
18.5513
16.9042
20.5311
19.3343
11.8773
18.3812
17.9718
20.0598
25.7759
20.1067
12.6781
21.6293
13.1538
16.8432
26.2287
21.8779
14.8393
22.4529
17.905
16.1954
21.4473
14.3196
19.7231
15.1678
12.3574
12.6015
13.6922
20.1495
16.8481
23.5953
13.5619
15.3553
17.7762
15.8111
13.2849
13.6147
9.24327
13.6668
14.0507
11.2026
19.6387
14.4875
13.3062
18.8191
29.1732
14.6555
12.0799
11.0642
17.1851
11.4795
13.8058
15.8346
13.7185
13.9973
15.7947
13.6025
12.3567
10.1932
11.4472
13.456
16.6878
10.2068
13.539
14.7738
13.3466
13.0249
14.9978
14.3518
11.2867
14.4505
18.2283
20.5721
14.0807
27.5587
11.9064
14.9411
21.4471
18.3154
14.5392
18.0382
12.6699
22.2891
19.6711
20.8993
14.1274
11.8954
11.4064
19.1275
16.9342
19.755
28.8333
18.0587
18.391
20.4258
13.6249
15.8499
17.7082
19.4263
21.1682
17.0823
23.8775
29.5397
19.7475
17.4178
22.8802
17.9959
18.0039
25.3892
19.0625
21.2933
19.5776
20.158
19.8329
21.4194
18.3489
17.4484
18.2784
25.2304
18.6444
21.0544
19.5781
18.0319
21.921
19.7551
23.1129
18.2862
14.1719
15.2385
23.2599
19.9883
20.0526
21.4078
19.3438
20.2
18.8119
28.6277
21.0248
18.5194
31.9273
17.9524
19.4011
22.3417
19.9846
18.2399
26.585
20.059
20.7089
21.5446
18.2348
18.1917
18.7897
15.7777
19.2466
18.4787
17.3671
17.4288
20.7119
19.4994
21.5767
17.7553
20.5523
23.4283
19.6776
18.8369
20.2056
24.4839
20.9775
23.2374
22.4601
22.6322
19.3598
19.9756
18.6527
16.6937
17.9245
16.5664
20.3337
24.066
19.4832
21.9105
19.994
16.7173
21.1513
18.6581
20.7564
18.1461
21.7688
20.5197
17.9444
28.5158
22.9743
29.2636
19.3817
20.2985
19.2183
20.403
19.6764
20.773
21.4632
17.9044
19.0361
19.0132
26.4229
18.2743
18.3394
17.5316
18.3779
17.2335
21.0963
19.0387
16.4166
16.7625
17.8607
21.6243
17.516
19.7064
20.1146
17.8237
14.1414
25.6197
11.8071
12.1067
19.9252
12.9133
19.4487
19.2123
20.2289
18.4599
18.9165
18.0094
20.383
20.0541
19.3988
19.8842
23.8325
18.8586
20.7921
18.2865
9.97889
19.1316
18.4756
17.3731
20.572
11.2194
15.4963
13.9963
17.0819
11.503
17.93
12.4266
16.881
15.6956
19.6514
13.4478
22.9017
12.6036
10.6691
16.4605
29.5141
21.6495
19.9
17.5509
18.6267
13.1707
19.3848
17.6063
25.7387
19.0327
18.5661
22.5645
11.4431
18.4757
15.7263
11.3434
8.02661
17.155
20.0241
17.7521
13.0852
12.1262
23.461
13.5117
19.1693
9.93117
11.3854
15.019
10.1047
15.2382
12.5152
14.3
22.3642
16.1168
17.9147
17.0883
19.2322
10.976
16.4651
23.1635
12.6585
13.5746
11.9098
14.0832
11.6106
13.205
20.3578
12.453
12.805
11.2276
15.5717
15.2248
13.2904
18.9279
18.0624
18.1732
18.6888
15.7981
20.3805
18.3615
17.4678
20.1021
18.0488
18.422
11.3776
19.6419
17.5173
13.3919
11.5203
15.3051
18.5606
18.7046
10.2401
11.9434
13.4157
11.6972
16.3311
16.3418
13.9328
12.738
11.9029
10.7532
12.2026
11.1037
13.8145
9.80176
14.8719
12.1825
18.0921
13.1299
15.1076
17.6304
13.3918
13.4441
16.879
11.8423
11.177
20.3905
11.1835
13.3804
12.1714
13.109
10.2595
11.2364
13.6969
12.0481
18.1561
14.688
14.8139
13.6743
20.6096
9.93332
12.7853
16.1629
15.8827
10.4865
17.4532
18.9004
10.1541
13.3419
13.7915
11.8674
16.4519
11.612
12.5279
11.0196
11.0257
14.0848
23.3713
13.0582
12.9411
20.3933
21.2205
12.9339
23.3924
10.8384
19.8356
14.1871
12.0493
9.39473
17.4791
12.0094
13.9097
18.6611
12.1615
16.0105
17.965
15.4447
15.7693
10.3559
13.185
10.1712
25.8041
13.8077
28.9023
10.7037
18.5457
17.6992
21.8831
10.0734
16.2078
19.4304
18.1635
14.4965
10.8387
13.5429
18.2533
10.8895
10.3908
14.8341
16.9064
10.943
27.9982
17.6814
27.6205
27.6497
10.1179
11.3161
9.60796
22.0469
17.3027
20.0165
15.5708
15.2786
10.0794
19.5062
16.3951
15.7127
25.9746
20.2152
18.3239
17.6384
17.7308
16.2295
21.789
15.7688
17.6164
18.9375
20.3616
11.0712
23.8122
19.4271
21.8609
18.6624
17.6925
18.3704
18.1395
26.8847
18.3219
17.2393
21.5199
18.512
17.8994
24.1265
19.1155
20.6318
18.5053
18.4156
32.0374
17.8494
19.5223
18.4257
18.1327
17.5754
19.0834
20.5189
23.3862
27.1133
19.018
18.0245
16.2324
17.5422
19.6055
17.6559
15.988
20.8682
17.567
18.8419
20.1083
16.1427
21.1175
16.3897
21.2273
17.861
16.7067
18.9846
16.215
18.6327
10.325
12.9353
15.6387
11.0903
11.3289
13.2708
11.5065
11.2967
8.97845
13.0863
15.196
16.6584
9.96052
12.3943
11.2837
14.0119
12.9797
14.3659
9.96948
10.9911
13.541
14.7369
14.0418
11.6431
13.5085
10.154
10.2044
11.8495
8.90895
12.8718
14.3821
8.7736
9.45304
10.2473
10.4834
10.8744
12.2586
17.9314
23.3326
17.1211
15.7023
18.6998
21.684
29.1465
19.6601
17.491
19.4987
16.434
18.3534
18.5718
21.5854
18.1536
18.7133
19.796
17.0249
17.6163
10.3148
12.2217
26.5854
11.6764
16.8954
19.3523
18.3541
9.58995
15.1027
10.8677
10.5823
26.593
12.3764
13.1092
17.6048
13.3471
15.975
17.1967
11.6197
14.1524
18.4469
15.9872
20.9082
15.3407
11.9525
11.8478
15.9431
19.8789
19.6857
18.1792
20.308
18.9775
17.5034
18.095
19.3764
18.6783
22.3951
18.0957
20.0308
18.0484
16.0361
17.3226
16.2836
21.3153
29.233
18.8084
17.777
8.52658
11.6995
15.6701
16.1464
16.5981
12.1021
12.4446
20.11
13.6327
18.6202
15.712
16.9503
18.6157
16.4271
15.6279
10.1765
19.6865
17.4087
27.7088
18.2196
30.9345
22.0924
20.155
22.4329
28.7086
10.8247
20.7741
16.9175
18.2994
18.7184
17.2307
29.3532
19.0061
17.0634
18.1519
34.3326
12.9943
21.8123
20.4224
31.217
22.5866
17.6945
16.6843
15.8783
14.9447
18.1951
15.7671
22.9143
20.5416
14.8552
16.4117
17.6796
14.8694
17.534
19.1728
19.6321
14.5753
18.4094
10.8606
18.2533
21.6127
12.4472
17.3566
18.3125
14.6321
21.9374
12.1136
29.8166
15.0866
16.0331
12.5396
18.5523
19.7029
26.3353
19.4862
18.0841
20.3741
19.3215
17.2527
21.2493
18.6602
18.9131
27.0649
20.9409
25.1489
20.621
16.6668
20.4005
21.0962
21.0123
20.3932
17.5384
14.1316
12.3837
16.5916
12.9347
14.013
16.6211
13.1238
20.32
20.1513
10.132
21.2922
21.6733
20.5602
19.1325
17.6902
20.6352
17.0082
20.2633
25.0651
17.3564
17.1125
18.3803
27.7574
16.9513
18.2104
18.5934
17.9573
17.5799
16.1256
17.4292
17.0901
28.7223
17.1215
22.4934
35.4548
27.5105
22.1268
18.4012
20.3308
27.2481
18.0264
19.2226
17.5542
18.3427
19.8133
9.98645
18.4825
18.2898
21.4422
17.1714
10.6465
17.5059
18.2523
20.6906
18.2326
27.8857
18.5802
17.7279
26.9127
18.0863
24.7671
19.1262
19.838
11.2287
18.8644
17.9014
17.307
19.2892
17.9763
15.392
32.5289
21.0118
23.3658
13.3518
16.7094
18.5858
31.6141
29.1507
17.9771
21.0013
20.0713
16.6026
19.947
17.4465
16.7576
16.9678
21.2443
12.6449
23.0176
12.0396
23.1347
12.6185
20.1047
21.2835
19.4474
19.4408
10.6938
19.677
12.5797
9.31994
20.1923
23.5011
18.1727
18.8196
31.4464
12.4759
21.5852
18.2725
11.6383
16.7905
17.4881
16.9018
15.5775
23.8837
21.4785
18.9416
19.5976
17.5369
20.2407
17.9645
21.7367
17.2298
25.7002
16.9825
18.2503
30.463
17.0813
23.7523
27.4417
19.4966
19.3953
16.1432
21.6814
29.3057
19.8215
23.6708
15.1899
30.712
20.6101
19.691
23.5673
18.9829
30.026
21.7746
20.9227
18.7503
22.8583
23.1757
23.9775
16.0515
22.4582
20.4228
19.7156
17.9137
25.9735
28.9243
19.1729
18.5975
20.1124
15.5977
17.5904
18.0206
21.6468
18.1134
17.9042
16.8756
16.0369
18.3607
15.7106
21.4275
20.4194
31.3262
20.2321
23.4445
19.0535
17.6423
18.3182
18.1094
18.1065
17.808
18.0649
18.7694
17.3838
20.6929
21.431
19.0809
23.2622
17.865
17.3802
20.7685
17.2665
32.5843
17.1463
19.814
26.4348
10.915
21.9789
19.0454
17.2692
18.1523
18.7715
15.9648
20.4673
18.5825
14.949
21.625
18.9784
11.7689
27.2753
17.7629
12.4572
20.1651
19.9868
24.5276
21.3889
18.6574
23.4667
22.9875
17.2484
23.2171
16.9912
17.6991
20.6087
34.2792
29.4543
32.5863
23.1469
18.5996
14.9988
20.0999
20.4338
10.3008
12.6727
18.7375
10.1186
11.3785
20.9345
11.7541
9.50221
12.7188
7.2696
15.3556
14.2435
9.86143
10.0962
14.1864
15.2695
24.1111
14.3312
10.52
11.174
20.7763
11.8976
27.1158
12.2288
19.3894
10.2062
16.0934
11.0459
16.2113
21.4655
13.2707
22.3858
12.1293
15.6155
20.7987
17.9018
16.8803
19.9896
19.9944
26.0618
24.0621
25.1668
14.3753
12.1653
11.7375
12.0546
13.1037
10.5672
11.2146
11.8379
12.988
18.1238
9.79498
18.0077
15.3149
14.4533
11.5703
14.0243
11.9205
11.6882
12.3408
14.9989
15.312
14.1869
10.1726
13.9065
13.732
10.6507
15.8893
13.8149
11.3752
13.5595
12.342
14.8466
13.7931
13.9092
11.4459
11.0775
14.0939
9.99554
12.1542
11.0949
17.0095
10.9159
11.8044
11.5324
13.8125
9.95882
9.6244
17.247
13.514
12.4573
15.9281
12.2681
10.8494
16.6184
10.5565
15.475
18.5395
17.4567
13.9893
15.9518
11.7434
10.2939
15.5739
16.6046
10.4901
12.9199
10.9505
19.4845
9.86524
12.2785
15.7497
11.8701
11.9219
12.684
13.7537
9.65687
12.5132
15.4664
11.8079
11.6364
12.4062
16.5274
10.3277
16.2265
15.0669
11.2119
12.1146
9.76325
12.1638
11.5806
16.0108
11.3955
20.6976
10.1038
9.04057
11.9421
11.269
9.93753
10.6118
9.90969
12.6851
20.0907
12.5333
14.3454
18.821
15.1097
15.0631
19.8687
11.2828
8.83765
15.0252
10.0846
9.96437
8.9117
8.29502
12.5602
10.3707
14.8051
15.0671
13.7342
14.4057
10.6254
23.8954
10.2507
10.3415
11.9881
10.3579
12.4698
9.77491
10.1589
18.9984
9.49676
13.9912
10.663
19.3793
9.59438
15.2525
16.2635
8.12847
12.5222
12.1604
11.2648
11.8499
16.2164
17.886
13.189
13.7056
11.9424
9.04457
9.75887
10.8338
11.7305
14.3489
19.1997
18.8161
10.5889
15.0832
16.3761
17.3603
12.5982
14.9951
10.5199
17.4311
29.9672
10.859
18.4014
15.028
13.4675
16.6833
11.0295
13.7239
15.0324
10.2087
15.0234
13.4767
10.2915
20.6439
18.6194
12.9035
13.6521
14.417
11.3172
12.5412
17.794
12.9307
15.6384
9.56087
15.356
12.4311
11.5069
14.8608
11.6051
16.3566
17.2184
11.6853
17.36
12.6551
16.0119
11.3066
14.989
16.1635
14.5917
13.3113
10.9182
13.5981
17.987
11.5243
11.4047
13.9324
14.5103
10.3609
18.022
10.2481
10.8914
11.858
17.5366
23.3209
12.6972
11.1991
11.069
9.60205
11.7681
16.5061
13.8144
12.5736
9.11645
15.2408
12.5175
11.927
16.2975
16.7231
12.0125
10.1947
15.1222
14.0115
11.5727
16.2753
10.6769
12.1622
17.2225
16.6872
19.2282
20.8878
16.8405
15.4599
10.2644
10.6013
17.068
12.9759
10.5982
23.0993
15.3533
10.1166
14.3225
14.5451
15.2881
11.6737
10.4393
14.5865
12.8805
11.1343
10.9647
14.8321
21.0525
11.4856
17.4917
13.749
9.01444
16.7152
10.4644
9.63242
11.9374
15.6412
16.9274
15.5036
10.601
16.1847
13.507
12.9206
11.4066
13.6179
15.4389
17.3137
19.1846
12.284
13.6043
16.2738
13.038
10.1824
10.3369
14.1854
12.6913
15.4592
10.3814
12.679
11.5873
16.3353
10.6734
16.0053
16.5492
11.4881
12.5477
13.6193
14.1151
13.2986
17.7784
15.9461
14.2344
16.4495
12.4706
12.7762
10.8083
16.6788
10.4924
14.9063
11.9677
9.89851
13.5368
10.9906
14.4928
14.9172
17.1114
10.6723
10.7941
19.6084
15.1982
12.4473
12.9898
14.1511
11.4625
17.2357
13.2394
18.6483
14.9003
12.8472
9.83975
13.0354
16.0815
14.3397
17.4844
14.3747
14.7805
10.2535
12.7909
14.2939
13.5066
18.1055
13.1467
9.46987
16.9635
10.4724
14.4934
15.6944
14.5253
12.9898
13.3967
14.0137
9.65357
15.8609
9.76747
18.0724
16.7899
10.6753
17.4739
19.7144
12.8171
14.4898
10.2975
13.6225
9.23521
14.9802
13.7388
13.1157
11.7464
10.2701
15.3134
9.65343
15.0281
13.0984
15.9123
11.1371
17.6481
9.40227
17.2603
11.245
10.7336
19.0054
9.27685
15.0819
12.1332
9.95627
9.79573
10.3902
13.3567
12.7271
9.83301
11.7478
5.90408
9.25682
14.1351
15.7335
9.39882
14.5947
7.28456
8.57368
11.8822
12.3826
10.3204
7.59741
11.1973
9.25454
14.5762
12.4287
11.7715
13.6668
11.2934
10.888
10.0021
10.9587
11.0485
17.6828
11.7012
15.3383
9.9849
13.7071
15.4791
14.4162
10.7894
12.7818
17.7241
11.541
15.4007
16.5831
14.6406
9.74395
7.67624
11.1054
7.74314
9.63707
11.5013
11.435
11.9241
16.7688
16.9989
15.6785
13.8049
12.5476
14.5243
12.8272
12.4984
12.3971
11.4119
13.8449
17.765
14.6493
12.8599
13.6974
13.4007
16.9333
11.8615
13.0819
13.2454
13.4192
11.2186
9.9751
15.1197
11.65
12.7605
13.1164
15.5349
10.6332
9.03597
10.916
16.1503
9.23006
15.9182
13.3437
14.3376
15.8707
13.4914
14.3609
15.0994
14.3766
12.9984
11.1632
13.2686
16.9257
11.2423
13.6794
11.6606
16.942
11.7135
21.8372
26.7165
11.9969
14.8646
12.6078
13.3152
15.3274
13.4723
13.443
10.4951
13.9483
10.6747
13.2594
17.7651
15.3587
14.0291
12.8858
12.14
13.6794
10.5446
9.31276
16.3118
15.0745
10.0153
17.6371
17.3635
12.0428
12.7453
13.9007
18.2399
19.9009
19.0473
11.5142
13.2952
12.4075
29.6951
17.065
13.7406
10.9187
14.6458
16.1244
10.2597
18.7469
13.4605
13.0804
13.5464
14.6243
14.4166
12.944
14.8024
19.2383
11.9917
16.3997
11.7613
14.8348
10.9923
12.9466
11.369
17.5757
14.9417
10.2617
12.991
10.1759
13.508
14.2699
14.2905
18.8983
17.8352
13.7745
12.4439
10.0445
13.2525
9.79131
14.3087
15.7509
12.7369
10.0265
11.6762
11.8676
11.1707
10.6747
12.8556
13.4811
13.9426
10.7606
9.73434
11.1033
10.4571
11.4776
16.2499
14.5935
15.7007
14.1272
10.4003
15.5017
20.4147
13.7476
17.3058
9.21102
10.3892
16.7627
14.5219
16.2834
9.60101
15.1546
18.6884
13.8168
12.0737
10.7864
13.8954
13.5378
15.0121
9.37868
11.4876
7.96685
14.3885
9.21947
13.4326
13.1502
10.3994
13.5527
15.0494
15.637
15.9668
11.7815
13.3156
14.7416
10.2435
12.662
10.8402
16.4688
12.4248
12.5512
11.7594
11.7091
10.6008
8.62891
11.8169
14.6368
16.6439
11.0748
12.7121
14.4488
12.6377
11.2959
9.37648
11.9254
10.6201
12.8653
14.6105
10.6096
15.2535
9.45925
10.4995
16.3709
15.9471
17.5261
17.013
10.4408
22.5788
17.4891
10.6298
14.4203
12.526
18.4291
17.7872
13.7569
12.8849
10.5958
14.359
9.29379
19.9169
18.6048
9.57484
13.6931
14.4498
12.6118
13.4131
15.5602
18.3801
17.2414
19.1705
9.3396
10.7304
13.2207
12.3302
21.2777
11.5957
13.6374
18.601
16.3708
24.9786
17.2933
17.4341
15.9038
13.6983
11.0714
11.8882
14.0663
20.7856
9.70498
16.5973
13.0627
12.4176
15.9261
14.2295
11.3578
18.1618
15.1674
11.0527
10.0938
14.6622
15.1781
20.231
17.888
17.8944
12.3883
17.756
18.1174
13.1319
19.0071
12.9935
19.8678
10.8424
11.7229
13.6783
15.579
11.5646
14.1189
14.5417
9.06624
14.0431
20.4923
10.446
27.4914
14.0167
18.5882
13.3576
24.0566
15.861
9.47908
11.5963
9.20604
21.8938
13.8045
9.93919
14.2949
11.7768
15.6998
15.5706
11.2249
10.4919
19.9558
24.6273
12.6449
10.6411
16.404
10.5159
11.0088
10.4048
10.8955
16.5913
9.12124
16.8793
14.6842
13.0746
14.2751
15.2412
13.6868
13.1113
12.915
17.0885
10.1015
15.0045
14.3915
13.5113
10.7219
26.4094
16.2526
11.3829
15.6145
8.12515
14.956
14.8019
11.1605
12.2458
12.3949
10.8561
20.7446
12.6712
12.3425
14.0354
18.7098
12.4123
13.9288
11.2309
12.0742
10.0103
12.7273
10.6445
12.9799
11.9141
11.6308
13.0538
14.0764
13.6963
10.4792
20.0072
11.598
10.6089
15.2357
12.9685
20.258
14.6409
13.182
11.4309
16.3301
16.6963
12.1519
11.3253
11.9279
16.8829
10.6072
11.9446
18.5761
18.981
17.2295
18.425
23.5993
10.7105
14.4871
13.5175
19.7302
17.4989
12.0273
12.5882
9.91693
11.4427
9.67125
13.442
11.2681
11.4754
19.937
17.1171
10.4597
16.1439
12.7638
13.6618
15.6095
15.9148
16.8007
13.627
10.7914
12.7567
10.0403
8.93756
14.395
18.0203
11.9874
16.3646
17.6386
12.2669
11.6067
16.5602
17.6892
19.7277
22.667
10.986
12.0269
20.3272
18.2432
23.8531
18.4233
18.9685
20.736
17.5575
24.1297
35.3124
25.8107
14.8395
29.0402
18.808
13.4417
23.3763
19.8546
17.2152
32.7908
14.1527
21.5901
16.4164
13.8008
18.9298
20.1584
16.9397
25.5495
22.6844
29.7126
21.7018
20.6168
23.8208
27.0991
18.392
19.471
24.6997
25.2729
19.8269
21.4196
11.4816
20.9426
18.2852
28.1362
24.6441
15.7007
16.3397
16.6054
15.5434
10.8312
19.3718
14.2971
11.4239
14.0582
15.5641
12.5648
11.1841
13.155
10.3408
11.5723
10.3774
12.9468
12.4944
17.7715
10.605
10.927
17.4637
19.7511
10.112
14.6504
10.8405
11.2485
12.9694
20.9723
17.2441
14.8708
18.4647
15.2241
12.4424
8.60311
9.74254
10.2059
13.2156
10.7928
11.4426
12.026
12.5808
12.7765
11.0983
11.8304
16.5358
12.5822
11.743
12.6276
14.0456
11.764
14.0237
16.9634
11.9508
15.0041
11.2367
12.125
31.2761
20.4073
13.9329
12.6747
11.7614
13.2714
11.9259
12.5261
17.0244
11.608
18.3755
14.8121
15.0346
17.7185
12.1661
18.5437
11.2351
13.5922
16.9211
14.7492
12.9195
12.641
22.8502
13.1038
12.6393
12.1805
17.6821
10.2142
18.839
17.613
13.4089
15.7285
14.8792
18.812
12.4594
12.5986
22.141
12.2137
10.4574
25.1152
14.8084
14.2024
11.6647
12.1506
11.6595
11.1462
12.6397
11.838
13.2863
15.1062
11.311
11.6136
17.4111
17.9846
14.8134
11.5893
13.4328
10.7266
13.7629
19.6722
16.2395
11.8957
21.2953
13.5825
15.498
10.8801
20.2808
13.3622
11.4222
12.8003
27.7394
14.6211
13.7621
11.6995
12.1707
13.7525
14.8384
17.3662
20.0884
13.5124
18.8803
15.257
12.873
14.7046
13.1712
19.9887
14.18
28.1389
14.341
12.3687
23.3928
13.2452
13.4116
14.4051
19.9427
14.9519
25.5562
17.1051
14.2704
23.9708
21.1059
15.4022
14.6955
21.0286
22.6453
32.2546
12.8334
13.1811
25.9687
18.1033
12.3961
16.6563
17.281
12.3914
23.5915
12.4822
15.2165
25.2953
13.2587
12.2355
14.6608
15.2072
21.5058
11.9969
20.9657
11.8627
23.6712
15.2594
13.7575
20.2144
15.9832
13.2852
15.8616
19.7883
14.7922
15.0441
21.9812
14.7621
20.8799
14.2361
15.5091
20.6476
19.0837
12.6808
31.6713
17.0857
18.8134
16.7305
13.8416
19.1891
15.214
12.2046
11.4763
18.3882
18.3188
25.806
16.3747
13.97
19.4716
13.8751
14.895
20.6704
16.5217
18.7318
16.5564
20.6452
18.0459
15.1667
18.9376
16.3992
24.2738
15.375
15.9504
20.2317
19.4918
21.2345
21.3927
16.5707
30.0419
21.2984
26.7808
21.0135
25.1574
20.4345
14.8649
25.2644
15.0242
18.7794
22.4919
15.1536
15.3261
19.5093
14.8404
21.7897
13.5333
20.7733
13.938
29.2585
17.2414
15.4563
18.5761
19.5979
14.2188
26.2031
14.3247
23.5746
14.7265
23.4682
14.8917
14.4544
20.2805
19.4406
17.1919
16.6699
21.7877
16.137
19.1783
13.522
12.599
21.4599
16.6077
16.8228
20.6061
14.467
15.1502
24.7535
13.4354
14.8783
20.153
12.2415
21.6954
13.1158
12.3351
21.6027
17.7186
12.7402
13.1958
23.7401
14.258
15.898
14.227
19.4251
21.0406
14.0758
19.0944
12.0638
20.202
13.7976
20.4447
25.1593
14.8125
16.6994
27.8892
12.6164
16.4861
18.3338
12.2414
16.9989
19.9058
14.0628
13.0515
18.5008
13.3416
27.952
20.8573
12.2023
20.8165
17.3197
11.7158
18.7232
12.4134
17.0529
12.0186
26.2986
13.3126
19.957
12.6309
13.1791
21.6106
18.4912
13.7775
20.2323
11.1485
33.1474
12.8432
18.5685
14.7095
19.5047
14.954
13.6493
12.5024
17.5773
16.7233
19.1014
13.2703
11.1221
16.805
22.259
23.1919
14.1976
28.4799
16.4396
17.161
13.4475
19.3641
16.7551
17.2977
18.2548
20.3518
12.7291
25.4612
10.9833
18.1969
14.8331
18.6037
19.4033
15.7025
18.4183
12.9907
16.389
17.5604
15.7956
9.18626
14.614
10.598
18.0875
9.04087
22.7309
21.1473
12.6935
18.6785
15.1035
19.3599
11.8799
16.1613
16.577
18.7841
20.4299
18.6925
15.4855
20.6167
22.5777
15.4688
20.3042
17.4591
14.7394
12.5908
19.3638
12.9021
29.2321
13.2712
26.0027
26.8426
12.8029
13.254
15.3524
10.6019
16.572
20.9819
12.6
17.5461
11.9556
11.1506
12.9718
11.9175
12.1791
10.5336
15.276
20.3741
17.9603
11.2627
21.0017
19.0958
16.6849
15.0371
19.5836
18.1472
15.6225
18.0445
14.606
18.4351
16.1889
17.4812
18.3311
16.2864
17.0343
17.6432
16.4959
20.2668
15.69
17.3624
17.2227
18.3239
16.276
15.5203
20.0987
15.8465
19.9154
15.6773
16.7027
21.6896
15.9286
18.0477
21.6424
17.4027
15.9359
20.2916
16.4828
19.4992
30.7579
19.8592
22.8297
16.8274
19.6089
25.2091
18.9736
18.7199
18.8434
25.2796
17.5635
28.3051
24.1255
23.8575
17.5072
23.5544
19.0776
17.0907
21.1895
20.6595
17.2271
20.2135
18.1451
19.9306
24.2112
17.8546
24.0234
22.846
19.8597
18.4318
22.1864
22.8082
19.1449
20.0336
35.4697
22.5438
22.3707
16.973
19.9963
19.828
17.1286
18.1794
30.8321
13.5042
33.3011
21.4708
25.1078
23.3666
17.7675
14.1723
16.8715
17.5893
12.382
28.0274
17.836
25.7152
19.5351
23.3444
14.7174
13.0856
16.7377
16.6568
11.0027
16.212
19.7922
10.4568
13.2015
11.1498
12.8199
17.6257
14.3609
15.0447
23.5209
14.5861
21.4161
21.9221
20.8119
11.0978
17.2845
13.778
12.4786
13.1971
27.5278
12.5019
9.76727
9.3222
17.8095
9.27988
12.9749
10.6987
21.5876
12.4559
15.7439
14.838
17.8585
17.2569
19.6819
12.4199
13.4715
10.6793
18.6588
26.594
21.5563
12.9113
20.4887
11.8756
18.5948
17.4974
12.6213
18.719
16.4423
18.5862
12.0108
17.9557
11.003
27.733
10.2078
13.4801
24.2501
11.8495
24.1464
14.6766
25.5915
12.744
10.2979
12.048
10.7483
17.3921
11.7843
13.3896
14.1885
17.6165
10.3941
11.2279
16.9425
19.9
14.9672
17.8319
11.9062
12.4525
19.4071
11.7291
12.8707
13.4731
20.7183
18.8207
12.3866
12.2374
22.3868
18.136
12.4149
14.4567
20.1601
12.0697
14.401
20.6708
12.2127
13.6724
21.3919
13.9723
14.0195
18.998
22.7587
18.593
13.6719
22.8338
11.7755
24.8274
17.3739
19.8676
17.1704
15.5844
20.0549
16.2693
13.0691
10.3259
10.5488
22.5972
13.7225
14.516
14.4154
15.9599
14.3168
12.1262
18.7593
17.9415
22.9417
12.0632
19.0749
14.9752
12.2847
20.5243
13.8062
20.9437
12.1027
13.9296
20.6427
14.4586
11.6439
18.5844
13.6054
31.1653
13.9259
16.365
27.156
15.8629
15.0214
14.3373
18.8747
13.3866
17.0073
17.1451
21.4832
22.9264
12.6624
26.4315
18.304
14.9498
22.1002
18.3187
22.9082
16.5927
20.3104
16.4387
20.2911
13.155
22.5489
13.6157
21.211
16.1672
20.3143
13.6231
27.2471
14.6106
20.4498
26.0752
21.3764
23.4669
13.0469
20.0463
16.4947
19.4396
16.6027
23.161
13.3784
20.1508
14.1294
20.5814
14.5578
30.3862
18.9813
23.0911
12.4689
25.0328
20.1712
10.2298
11.0937
18.9823
13.7815
20.3117
20.3185
22.6342
13.8371
19.702
18.7955
15.0674
19.847
25.8684
27.1332
21.6618
16.8444
21.2157
14.2185
21.6208
15.7672
19.2004
15.2449
26.5679
18.1174
21.088
16.2713
19.3422
20.1413
18.1447
14.0342
23.2897
16.2703
16.9151
21.0987
14.4046
22.899
27.2126
14.2291
22.9417
14.779
20.961
12.7354
19.2993
21.1301
18.6577
18.5399
16.2588
21.038
18.5889
14.9319
22.4811
22.9767
15.3887
20.7532
21.1108
17.2566
16.0197
19.4164
11.5105
30.7655
12.9731
13.9712
22.6013
19.4177
15.5044
12.3252
31.2963
21.3988
18.6921
20.5043
20.8373
20.0738
18.5992
19.2583
20.8591
13.7362
19.813
33.3394
18.2323
13.0322
21.0181
19.5426
14.0444
20.0295
17.4636
19.4131
18.8249
14.5095
19.0654
17.6469
19.2224
13.2811
18.2218
14.102
11.559
18.1143
16.9826
12.6953
17.1935
18.2734
11.6278
18.3582
17.9964
11.5428
18.0901
13.5854
18.9889
12.7261
19.7089
12.0826
19.7163
27.6441
17.4851
21.1759
19.7333
12.4352
21.8996
17.9438
12.3974
20.1774
18.2428
13.4933
18.9882
17.2262
16.8186
22.7433
30.4246
17.015
21.6852
30.0889
12.6118
17.428
23.2089
14.8549
18.7534
14.167
18.5164
11.7682
11.8918
9.9271
17.2382
14.5704
9.96105
13.9687
16.9122
10.6915
17.8691
18.7405
14.9253
12.3865
19.4597
11.1934
18.014
15.8747
24.6632
21.516
14.6193
12.9309
20.3967
21.3883
18.9251
14.515
20.7077
11.6096
16.9952
19.4138
11.5718
18.4421
15.0529
11.1112
18.9133
9.73229
16.7334
18.747
20.4608
12.1293
13.4637
20.3994
12.3328
19.5295
21.2782
17.4122
18.8785
21.1883
19.2143
17.1
18.7671
19.1421
19.4449
17.9221
21.4762
20.8018
28.4693
22.4299
20.1684
19.2648
18.5782
18.2281
18.7026
19.5934
19.5944
19.453
17.7194
22.1305
19.4543
17.2683
20.3055
25.5087
17.0756
18.9723
19.0623
21.6533
19.3437
19.4555
18.056
20.2373
17.0987
16.007
30.1447
22.2366
19.5445
26.8885
18.5266
24.7951
18.7788
16.8419
19.7909
20.2896
18.8003
19.1295
21.6386
17.9433
19.6225
17.7142
17.9904
23.6064
17.9193
28.4691
18.6112
26.2809
17.4849
22.2459
20.9592
18.5195
17.25
21.2299
18.8746
19.6159
22.2519
20.727
21.0188
19.1652
23.3556
19.9802
20.6418
19.8352
26.8507
12.6302
23.7731
11.2946
16.3837
11.7109
23.4895
9.5271
18.8318
10.1726
17.0253
18.3933
12.247
31.861
24.1502
15.4501
20.441
21.3254
13.5985
12.1421
12.2186
10.9947
10.6904
19.3418
16.7817
10.9224
16.3496
13.9776
12.4567
12.2753
19.4357
12.0315
12.2858
12.5787
15.2667
19.6977
15.7988
19.5306
14.9001
12.1493
20.3517
13.6985
10.6953
11.8189
19.6849
13.0325
13.9353
16.745
16.5986
18.7038
12.2111
13.5442
19.6919
12.5023
18.9857
21.2885
21.5902
11.5679
15.4725
20.302
17.2472
12.3202
18.5562
12.1226
30.5023
19.4397
12.2581
27.3173
19.4677
12.876
19.6787
13.1302
11.3769
18.5397
20.476
11.1931
31.7741
16.7854
11.7668
24.3309
12.1023
21.7597
13.1999
14.7666
12.4549
14.2988
14.0427
25.3651
12.5597
24.8422
11.285
26.7188
17.6341
18.9297
11.1041
12.4258
12.657
16.5371
14.4876
19.5449
21.6584
17.4846
11.5408
19.7218
20.9412
11.2877
21.8931
15.2356
19.8081
12.5556
20.1894
16.922
12.227
18.284
12.5059
23.2418
13.8219
18.5488
20.9982
21.2992
15.9001
17.9611
24.8981
13.9382
20.1228
22.0286
17.621
21.5836
20.3673
10.6698
22.8206
21.8694
15.2906
18.284
14.5814
17.2863
22.4333
13.9573
12.3651
20.9802
14.2028
12.7649
19.5077
17.4205
18.4001
18.1392
22.7145
16.7021
18.2215
13.3758
25.8625
16.5094
18.2376
16.6391
23.4196
20.916
12.4141
19.4278
16.7426
14.8671
19.1876
16.2954
20.5823
14.8939
22.8614
15.0884
16.2237
16.1179
12.5857
21.9614
18.6095
22.6017
14.7385
22.5824
12.7305
18.632
12.0494
20.0768
18.575
15.1375
16.9769
22.6523
18.8657
14.379
32.6341
18.7716
25.9066
18.9665
23.0281
16.7084
14.7141
21.3951
16.283
21.7006
21.6299
22.4128
21.5263
31.8618
14.8156
35.5529
20.2108
13.0755
24.8066
22.4591
18.3916
23.7525
18.0673
18.5369
23.4469
15.1104
33.4304
16.7665
19.1819
21.4077
18.7857
26.8639
18.2422
29.0211
30.8707
21.9232
23.3099
16.263
8.29502
19.8217
14.129
22.6495
6.56105
26.8871
15.0165
14.3868
16.4352
14.9721
15.6455
19.2481
21.1291
14.1398
15.2546
13.778
16.0601
29.2202
16.2219
21.3491
14.8585
17.2744
14.8968
20.8747
14.1142
28.7103
21.7122
15.8234
24.6753
15.2594
21.7415
19.3562
21.2834
12.764
20.7947
15.7403
25.2334
13.8189
14.182
18.4582
15.5949
13.1129
14.3501
26.2616
16.0026
17.5775
20.9707
13.7439
14.5584
19.3604
21.0142
15.2558
21.1776
17.6602
12.4617
30.7876
13.2843
13.147
20.27
20.101
19.7377
12.2235
14.8444
15.642
10.6512
30.0688
14.951
18.3606
31.7841
17.7803
14.6868
13.923
22.0565
16.2246
15.8554
20.8508
20.965
12.9829
10.3775
19.271
10.9797
13.243
11.8314
22.2237
10.9382
18.7786
17.3663
14.7331
10.7696
16.3145
26.4067
12.9426
17.7552
12.1939
12.7515
13.0167
12.5595
15.7087
14.5679
11.0249
19.4134
12.53
22.7499
17.4553
22.253
14.4056
17.2243
13.1316
12.6185
9.95032
16.3091
13.0763
17.8466
11.6029
14.37
10.2608
22.1744
15.9593
15.256
11.6034
17.1743
11.9765
14.3126
17.5576
20.6417
12.5609
28.6992
20.4886
21.9625
8.77515
12.6811
10.0558
12.1726
11.5999
11.1258
22.2031
10.8367
13.3747
12.7904
24.5129
12.7544
14.9902
18.6715
11.3361
12.8033
18.1072
13.6262
16.3518
13.7947
18.9466
18.4207
13.9448
15.077
19.4611
13.1369
18.8716
18.5685
11.5053
15.5049
28.1988
13.4763
17.2462
18.4785
13.1267
13.1164
17.7615
20.5976
17.0591
19.2208
24.7145
19.7443
18.5719
23.4295
17.7765
25.0116
28.125
22.1456
19.3711
18.7287
17.7043
21.4508
20.1335
19.9801
25.8801
22.344
25.2483
17.7619
20.2298
26.4
18.6166
27.1871
17.1759
21.5324
16.2633
17.2081
18.4939
19.4468
25.62
18.5207
19.1712
17.8929
20.3191
16.9387
18.8759
19.2439
20.76
25.9077
21.1596
19.6253
20.658
18.4379
20.9397
17.34
21.4993
20.3225
18.8411
16.6278
18.6164
18.31
17.8146
26.2026
19.5078
17.1135
24.2671
19.9428
19.7194
19.6795
17.3139
23.9521
19.7091
16.2311
19.7302
18.3772
17.4767
23.2208
21.3907
19.6121
21.8591
19.1399
18.0523
24.4561
18.1975
22.4731
19.9412
25.4811
32.826
28.1557
19.7674
19.7409
18.0709
18.8526
18.3184
21.2815
17.2006
17.6631
19.5375
16.6707
18.0057
21.9282
19.5409
14.455
20.9199
19.2222
16.4691
21.2537
13.9453
18.5647
13.4521
19.4743
20.4977
19.7644
21.3806
14.4004
22.153
16.0731
18.2121
14.5862
20.9622
13.2309
12.942
20.5566
12.9056
19.7896
17.8495
12.4601
20.4895
19.6755
19.5931
11.9511
28.3142
13.9703
18.6541
23.0373
15.6985
20.1592
19.1763
14.5254
32.8004
13.3252
16.5035
7.86022
16.0301
9.99199
18.0672
18.8198
12.1475
32.8321
14.4028
18.376
17.4333
20.0551
12.7471
17.5387
11.1621
10.3926
11.109
16.9921
13.0444
13.7757
10.8879
25.9698
11.3541
18.6369
14.2183
16.8651
13.9421
16.7274
12.2936
17.084
12.8435
18.5378
17.5741
12.2713
14.5979
15.1186
24.2262
11.297
13.2984
11.3384
21.9807
21.7068
16.3343
11.7905
13.4226
13.1953
13.0831
15.4823
11.3602
12.3232
16.9993
18.3343
11.9541
21.9089
20.989
11.8374
14.6315
18.5681
17.7121
11.9025
16.9929
14.1467
28.7021
13.4974
17.6375
14.6231
12.3642
21.5929
11.9033
18.5792
24.4422
13.1916
25.5054
17.8763
20.0741
12.1607
18.517
12.5429
18.6758
14.2594
21.14
19.8487
15.3726
14.1212
19.8844
14.1136
20.2315
17.8515
18.864
14.8921
12.9839
26.4193
18.631
14.5709
21.7556
14.0726
13.4267
11.2947
26.9358
20.6221
15.7509
23.8313
16.1759
16.8702
13.6299
21.8131
14.344
14.6074
19.7127
17.4672
20.6338
15.4387
22.5713
13.31
19.4679
18.1179
22.114
14.5046
14.8815
23.9362
14.2866
23.4252
15.4012
25.8376
17.7412
22.6742
14.6054
20.5856
13.5461
18.7401
19.3937
20.8542
19.9472
16.2013
21.8563
16.6949
14.6782
16.6437
13.3031
32.1545
21.4817
18.9499
23.5717
14.3573
20.4953
15.2102
20.2014
15.4143
33.8997
18.0484
21.2536
13.8938
22.3925
14.3606
20.9555
21.8655
17.9363
31.3971
32.1612
15.7271
15.095
26.35
13.9823
19.1837
21.7568
15.9186
20.94
26.0641
13.424
34.0602
21.2333
12.5714
18.114
17.4084
12.6436
18.9339
20.8867
13.3138
22.3292
21.284
13.5734
26.606
21.8045
15.4918
25.5861
21.4737
18.7386
22.1778
21.8676
13.0356
19.5895
19.2369
13.3999
13.6667
14.2368
20.3245
15.5981
24.9067
19.9327
15.0591
12.6729
17.7864
14.5615
25.6443
14.8195
14.5636
12.9788
16.8661
11.6478
21.3735
12.5404
13.1827
17.8884
16.5802
16.0212
19.9106
20.8657
20.5615
17.659
12.5987
19.1947
13.5712
14.1761
18.4815
18.1793
19.1825
14.4786
19.1941
11.2826
27.7823
12.4152
26.0269
17.826
17.3455
12.974
23.477
12.833
20.7875
34.5788
13.3931
19.5408
12.5938
17.8597
22.9905
13.1808
22.5029
13.4891
20.6424
25.4378
13.5237
13.2989
16.4175
19.7364
30.4165
16.0271
15.613
21.4049
17.2118
13.3002
18.4002
14.6724
22.5667
20.016
16.9773
14.859
13.8085
20.2379
22.0304
12.1594
28.2135
16.1832
15.4558
31.049
13.4816
23.9789
22.793
12.9163
16.9836
16.4651
15.9564
18.9899
11.1832
12.7126
11.0609
18.1823
13.0329
21.7588
19.5213
20.4416
14.0675
16.8753
26.4542
18.8018
12.5842
20.6267
18.4279
17.2892
16.621
16.8886
23.2674
13.2208
20.8088
12.7806
19.8809
17.9406
14.546
21.1423
17.4627
17.1711
12.4504
19.4959
19.6545
9.93648
21.1336
17.2158
12.0111
17.9446
17.2483
18.7884
22.3696
11.4931
22.3456
11.9639
20.6011
13.9401
15.533
22.7724
11.231
18.6149
32.3159
15.6818
18.5367
11.3836
27.3151
13.9578
18.3415
11.7468
26.9153
16.1385
29.3988
22.6206
14.0935
10.4119
17.076
10.7725
19.3289
17.0317
24.5202
16.2034
26.1092
22.6555
19.9248
23.0694
17.9613
25.7669
19.493
16.9674
26.1316
17.4525
19.3704
17.1289
17.7459
26.1391
16.5445
23.733
16.1852
17.113
28.1663
18.2674
25.3016
21.4968
22.2065
35.3473
22.3406
16.4797
19.5623
19.9115
28.3295
20.4648
18.7027
18.332
17.5781
19.1896
18.5801
18.6375
22.8076
18.5701
21.2099
19.5219
17.2959
17.7681
23.4815
18.3632
28.7182
21.9406
15.6796
24.2792
17.4506
18.7826
18.0536
18.7475
19.5793
19.3454
22.2479
27.7392
19.8413
18.6901
25.2582
19.138
27.5901
20.9239
16.9422
19.0304
19.6317
20.0968
18.3093
18.1263
18.0412
27.6222
20.7344
20.7904
19.2109
20.0245
22.8053
20.1109
24.0159
17.9583
21.1641
23.4955
20.7015
21.112
20.5961
29.0591
19.2838
30.2032
22.34
20.0695
19.1311
19.0802
25.8852
17.8752
18.0753
16.198
29.9751
16.3494
25.6771
17.9621
22.7108
12.2655
13.8798
22.3
14.6846
28.9656
21.7359
18.3179
20.5772
12.065
13.1691
18.6993
11.7221
22.4901
16.4173
21.316
12.786
18.7619
13.5516
27.8819
17.2919
18.2026
20.7798
12.6496
32.0144
13.5013
16.0295
13.2545
14.9132
11.7722
19.0401
12.8939
16.2757
15.2634
23.4768
11.8528
24.1699
18.0665
13.8975
15.1777
13.5792
16.3062
20.6747
18.7607
18.1157
15.1106
13.4655
16.0893
10.0622
18.6256
25.8179
12.3759
18.1907
14.7227
12.8565
14.3257
9.82431
15.9073
18.0873
18.8006
12.6412
14.4988
13.1065
11.838
12.2914
14.0356
19.75
13.2105
17.2714
15.4257
15.8685
12.8644
16.8048
22.5979
13.5566
20.1661
13.9744
12.0672
11.8272
25.5273
16.8017
15.2274
18.4129
30.9438
14.2022
14.7555
25.5097
11.3075
23.7252
14.7956
14.4916
20.4848
12.8239
26.1667
22.3154
19.7469
20.0082
19.5537
24.2789
12.2565
31.0862
14.4136
34.3041
12.2872
11.8353
19.7249
15.9559
18.9309
21.5732
12.6228
13.9368
12.3096
17.2807
13.7062
13.5906
13.2813
17.3251
12.2391
19.2956
14.1492
12.6458
11.489
26.5255
11.3788
17.5006
17.6089
13.8035
26.432
14.9637
13.6269
19.3031
19.6637
14.9395
19.5152
15.6176
20.2483
18.6856
14.4939
15.0318
20.1024
15.2321
13.3548
18.9861
19.0507
14.295
15.5699
12.2007
19.7057
17.4382
13.2754
20.2279
21.8395
18.2738
13.1263
26.6459
15.7029
23.6927
13.3511
15.3901
28.141
16.7491
16.1683
23.8114
13.902
35.1635
16.1348
22.5307
21.1969
20.0355
13.9691
25.3819
14.855
19.7682
18.5066
13.7029
24.7495
15.8936
20.7954
24.6395
24.005
14.0333
20.2225
20.923
26.0257
35.8236
17.4899
31.7578
19.0084
14.2719
21.0726
17.0932
20.3803
17.0236
13.7535
20.3946
27.3413
24.1132
14.1096
13.3886
14.5146
29.3606
20.9665
16.682
23.8192
16.3085
14.2232
15.3535
12.5976
17.823
21.6405
18.4788
26.6043
15.333
21.1862
15.8615
17.0203
15.6694
20.1346
13.1543
20.0337
15.8217
30.0466
21.825
29.4879
18.5264
18.7353
17.8783
20.6076
22.4354
39.5826
27.0992
25.2027
21.4724
21.4513
19.0837
25.8887
20.1703
22.0854
21.8667
18.5015
19.3666
22.3126
17.5224
19.5766
21.4799
23.1152
17.7633
22.1523
17.6023
19.0492
23.0423
17.6474
13.6071
22.178
18.5795
19.9403
13.5719
18.8195
17.4073
19.5061
21.3983
12.6857
18.2242
19.0498
20.3636
30.7771
12.8018
19.8693
28.2087
20.2837
21.1565
19.6692
17.4145
25.9199
21.8188
11.2853
18.5378
11.2792
20.5475
11.6667
28.528
21.7992
18.6888
11.27
17.7822
10.843
13.2798
11.0826
10.22
10.0914
16.6317
16.68
13.6146
12.7713
10.9151
13.0201
13.8201
8.83611
12.6002
17.3008
25.3914
13.0402
18.5862
18.3707
9.4975
12.6647
15.8757
15.3745
17.755
15.4752
19.1425
20.4112
16.268
12.1474
18.4061
11.452
15.0298
11.6931
21.2536
11.2792
18.4086
15.3201
16.2388
25.2776
11.9759
16.8893
13.2812
11.3744
25.3867
19.7147
11.9455
12.3135
11.9993
18.8266
13.4009
20.073
19.6331
28.7524
16.1654
10.1121
19.6261
19.8292
10.2658
11.3179
20.068
12.7405
16.211
19.9746
13.9959
10.6288
14.4375
14.3106
22.1935
11.5615
15.6094
14.5488
21.1023
15.3498
13.1571
21.8062
26.5029
12.93
12.7474
18.3313
16.2378
16.5913
12.8782
19.26
12.248
10.0975
14.5012
12.995
12.7819
12.8503
11.6328
10.3746
10.4244
17.4098
10.2327
11.7296
10.5701
14.6566
18.8953
10.2647
9.67077
12.5584
22.5319
12.6176
24.8947
18.9406
13.9671
19.6844
12.1553
12.6401
11.8967
21.4071
12.141
8.65207
18.9885
7.30002
9.73714
15.3401
13.0972
13.5636
10.552
14.2841
11.9995
18.2035
12.9052
21.3801
18.399
13.1149
16.6553
16.9105
15.6854
14.1461
12.2956
14.3687
19.1474
16.9048
17.9142
25.2353
17.6972
27.0499
23.2
21.9654
19.7168
18.2238
18.511
18.3819
22.8881
19.2332
18.7543
20.7353
18.2132
18.6197
18.0843
22.3422
18.6761
18.2859
19.7247
16.656
22.7079
17.2616
26.525
17.2765
17.3038
18.7115
17.9267
23.9519
20.4831
17.5843
17.0886
28.1673
28.8815
19.4886
17.7353
17.8958
18.7794
16.8011
16.0659
19.7839
17.0551
16.3947
19.2011
20.0991
21.088
19.9563
18.8191
16.5289
17.8465
17.7192
17.0305
25.013
17.0714
16.1635
27.7037
18.3158
17.0657
18.6671
17.5773
16.5615
17.8018
17.6534
20.4135
28.6476
19.55
28.6185
24.3835
16.9015
19.4234
16.8168
16.7299
17.7771
17.7262
15.7046
16.2445
17.469
16.2672
17.4429
17.1012
17.2401
23.3205
17.9364
16.9437
19.3691
17.5281
16.4243
15.7757
18.4233
20.0531
16.8682
17.2941
16.8704
27.9337
20.6854
15.4356
18.9046
17.8872
17.641
17.6395
16.849
21.2341
18.7551
18.0574
19.792
17.9032
25.8278
23.2439
28.4582
17.3853
17.2228
17.9794
18.4227
16.7077
19.4062
20.353
15.0818
17.1532
16.7564
16.0734
16.9343
19.311
17.4344
18.1256
26.4276
20.8323
19.6754
23.2898
19.0312
22.6369
16.9574
17.7019
18.5315
17.4221
20.7279
26.3856
21.1164
22.7213
22.8057
16.4195
21.1052
19.4101
28.0166
21.6776
19.6913
15.628
18.9411
12.7959
13.4714
16.3463
16.4912
20.0764
19.1143
31.5738
20.5907
20.4337
16.4717
20.3233
19.1202
15.8488
15.4042
17.4971
18.3764
18.0993
21.0581
19.3069
17.3209
24.1009
17.2837
16.6397
21.7114
20.5127
17.2955
18.0871
20.4527
19.8983
16.3496
20.1219
17.6184
21.6477
20.8864
16.6909
18.815
18.6277
28.0235
31.3943
18.5107
17.8075
17.5297
18.4312
18.7971
20.3015
30.6482
25.6291
24.3284
21.8147
20.0265
17.8853
22.4455
17.6868
17.957
19.061
19.331
17.0347
17.194
16.4481
17.8309
18.0233
18.0202
17.7697
17.8429
17.3296
16.3732
16.8274
16.9396
18.8884
17.9314
21.4196
18.1703
17.9807
17.796
16.2817
20.8067
17.3086
19.656
18.5859
16.7932
16.2525
25.0813
19.0783
18.8387
30.429
27.0993
25.1113
20.7142
19.5213