32.7922
23.6776
16.9474
15.4708
16.8823
17.0845
21.8042
22.5642
17.0735
22.0347
19.1506
15.4698
19.6552
17.7981
16.1797
18.6215
19.3958
18.562
28.1392
23.2251
20.4346
20.4591
16.6594
29.3336
16.3799
18.629
18.4713
15.5525
16.2239
16.7389
26.7629
20.644
24.6114
17.3343
19.7433
15.6963
21.2901
20.8846
17.9369
20.2144
18.0086
17.5382
21.1094
18.629
18.1351
20.0622
18.327
16.5043
21.3091
17.4486
26.3922
18.2672
26.0144
19.0214
20.113
19.2081
18.8174
13.9751
16.3441
21.9416
19.7355
16.1945
18.5583
15.7577
18.1071
16.2003
18.5088
16.4178
26.2099
17.5801
27.0054
18.2322
21.346
18.7319
17.8247
18.03
22.195
15.5062
16.2554
26.4526
16.9961
24.7948
17.0299
17.1542
17.5733
18.2882
18.3961
20.5994
14.5686
22.2155
19.7239
24.236
18.2354
17.7191
15.8882
16.6482
14.4725
17.3364
16.0935
15.4048
15.6966
15.5365
18.306
15.4454
25.3331
18.0387
16.935
15.6967
16.364
21.6259
19.2416
25.4163
22.1777
18.6161
16.2472
19.4967
29.0645
24.1738
15.4036
20.2946
19.4699
30.1649
19.6977
18.7885
16.7686
16.2771
16.5384
17.2638
25.4367
17.8731
19.453
15.3108
20.2157
18.4244
16.7237
17.8947
15.5899
17.5701
19.7961
17.6877
24.6299
17.4887
21.1243
18.373
17.1799
17.1586
18.1066
18.5558
19.5337
19.8557
19.9411
16.7351
17.8926
17.2334
16.3747
22.0987
17.4404
15.0815
15.8646
16.9434
16.2498
20.3425
23.1452
16.4486
15.9864
21.6237
17.1184
14.3057
17.9786
15.2396
25.6468
20.0354
16.6148
18.7938
17.2943
16.127
17.9767
16.6178
21.5704
16.4024
20.5984
17.0709
16.2969
19.1419
18.0094
18.5232
18.9712
25.7549
16.7206
16.5425
17.3869
18.6504
16.7141
14.8868
18.2124
18.365
25.4629
17.9193
18.5051
26.8345
17.9338
18.2588
25.6513
23.5458
18.8193
20.0485
23.9795
16.9136
17.1944
19.2684
19.4352
18.2328
17.1036
27.1186
20.4207
16.8309
17.0294
27.1661
24.8178
26.3285
23.0749
16.4813
15.4663
17.4134
24.8797
23.051
15.7775
31.2152
17.2413
19.4603
16.5126
17.1052
15.9351
19.6144
18.0988
14.6827
20.4712
18.7283
16.3775
18.9564
17.6787
15.9663
18.8616
15.903
14.7016
20.345
15.8508
15.4855
16.2704
16.457
16.5123
22.2864
15.0165
16.5596
19.7939
17.3348
16.5093
16.7458
17.4656
16.3277
16.5162
16.4346
15.4123
16.3067
17.0847
23.234
16.5195
20.6508
14.0421
20.7317
14.6056
15.7057
18.2305
18.3145
15.3398
18.4929
15.2447
14.6198
17.5556
25.0287
23.1632
19.6733
15.5692
16.5869
17.8241
27.2161
20.6875
17.2886
16.9762
15.3642
16.1223
18.3702
16.3904
15.0148
24.3682
17.5442
19.7511
15.4099
17.1145
16.0562
16.1191
16.2453
26.9865
20.9342
16.6531
17.4234
19.6951
26.257
17.9095
16.9391
27.4598
19.5219
16.6602
35.1272
18.3503
28.6586
17.5884
21.4013
16.6268
16.7003
20.7483
17.7374
20.5353
21.4602
30.9568
18.8029
18.3201
16.0613
28.5869
21.1783
28.928
18.2368
26.4928
17.9813
17.1303
22.8486
18.4062
18.5584
19.1811
25.8563
17.6906
20.6172
18.4004
22.1613
16.3532
18.3534
15.9587
19.7662
17.8337
18.8599
19.3644
15.8191
21.2302
21.9525
16.3565
22.5515
16.4569
18.4514
18.4564
15.9938
32.0973
19.2399
19.6797
22.1609
26.0416
17.5986
19.917
25.0804
19.105
17.9336
19.6177
18.0873
20.4001
18.8056
24.9554
27.4105
16.7029
23.8645
20.2552
17.6547
18.8678
19.768
18.7012
18.2764
18.7315
19.1433
25.9013
17.866
15.5133
17.4807
17.9074
16.9392
16.913
17.4713
15.4246
17.5476
16.9254
18.1059
17.3055
17.5284
19.0513
20.3813
17.7293
17.789
18.7233
16.8169
30.7974
18.4284
30.9594
27.7426
19.4862
16.1149
17.9
19.4113
15.6978
16.6363
20.3058
16.5677
24.6562
18.9183
17.03
24.1061
16.9997
21.3639
17.926
25.7338
25.1402
18.7263
19.5559
22.4988
18.6256
19.69
17.7815
16.6291
26.326
16.4082
22.105
19.7048
15.5783
20.3633
19.489
19.2327
21.0897
17.8642
24.7821
16.8331
19.9765
17.8569
18.3109
20.0916
20.3556
18.4334
17.8331
20.2292
17.6327
21.9489
20.3824
23.4974
21.4641
24.5585
18.9754
11.7857
19.7997
20.214
17.9362
24.7684
17.3814
17.1006
17.4165
17.7693
18.6924
17.2408
18.7421
17.3211
17.4958
17.1952
17.0248
15.9514
19.7546
18.5886
17.295
16.452
15.8643
15.7161
15.9511
18.2667
17.9986
17.1942
16.5822
19.4246
16.4276
19.4842
18.9973
16.5833
27.8049
23.0406
18.1553
20.3964
16.4151
18.1358
18.229
20.0648
17.7309
29.4197
18.8375
20.5754
18.2231
18.5809
17.0864
21.7606
18.8576
20.0594
17.673
18.5679
20.6592
17.0725
17.8547
16.9333
15.1246
16.457
17.4026
17.3292
25.7145
19.1245
18.6535
21.3349
17.022
18.9982
17.4883
20.8363
16.8264
27.1463
15.2597
20.4147
12.8951
19.7434
19.2623
15.4339
19.8357
26.5134
23.5138
20.6791
17.5363
20.1406
19.604
23.2338
17.7799
16.897
19.2261
19.6822
25.697
24.5283
16.7816
19.9874
16.9855
17.761
19.4397
17.0966
26.6467
19.3711
19.5775
18.3433
18.3903
16.9542
15.7772
23.3512
17.6853
16.7434
16.4235
19.2226
16.825
20.8054
18.6521
26.2614
16.2621
22.3484
29.2533
21.973
17.1057
26.2925
17.6644
16.9792
20.031
17.4548
15.9418
20.8365
19.5968
28.602
16.2764
16.5901
27.4137
17.3243
27.3493
17.2045
27.4412
19.1652
18.7517
18.4225
23.6456
18.456
15.2741
24.379
18.8326
24.922
20.1401
19.3045
16.5532
18.7621
17.7576
22.0152
16.4707
24.6934
20.0939
13.3285
23.5299
15.6982
29.3177
19.271
25.4604
19.5747
18.5312
15.6389
24.8248
21.6796
16.2322
21.1144
18.2341
19.2109
22.5078
29.2218
16.6222
16.697
17.6538
16.6167
17.8885
20.6088
18.2225
19.552
18.8542
18.2191
19.4023
19.5037
18.1162
19.0138
19.7323
16.2817
17.313
22.0527
21.6917
19.4611
16.9757
21.6832
18.0798
18.9264
19.5197
17.6948
17.6544
16.5036
26.8822
18.5845
27.6534
25.77
18.4601
17.5471
18.6309
17.214
27.6181
18.741
19.7215
18.4027
18.4188
19.1201
17.6901
18.7637
16.5668
19.4228
17.0294
24.9199
21.3495
16.9372
18.3811
23.4603
16.2946
19.0427
16.0369
18.7551
19.471
17.6703
17.681
19.1331
18.6059
18.9085
17.9868
18.9126
29.4796
23.7095
17.2802
18.2097
17.9959
24.2229
20.0808
16.8115
14.8592
14.0197
16.7542
24.1603
18.2561
17.5869
21.6385
16.2628
30.8023
17.9048
21.2266
19.8989
20.7891
17.47
18.6576
20.4486
19.6077
20.6749
18.913
18.8161
17.6884
20.2553
20.2401
18.2073
17.3188
20.54
15.9514
19.5257
17.0758
19.3771
18.0193
18.4467
25.2194
24.636
12.9764
21.7265
18.7202
18.8363
19.5933
17.6403
16.793
18.4456
15.8148
17.9048
16.262
15.6804
18.7957
16.7869
15.7306
16.2796
17.0103
26.6487
18.0392
17.9112
18.7285
19.4304
20.3183
19.8056
16.4216
20.1338
16.225
27.6196
18.8504
22.7103
18.2919
18.0287
18.557
16.8486
17.8074
18.2086
16.6201
18.5563
25.2978
18.498
26.6678
20.4156
17.4762
20.0373
17.8044
17.7639
17.7065
17.8866
17.0792
19.3149
16.1802
16.2934
17.0545
16.8636
15.9093
15.7824
18.725
15.008
17.1127
22.7045
16.2438
20.9629
16.0824
17.2895
16.1586
16.8167
15.7188
19.1268
15.9072
17.5223
23.8245
17.6919
18.9921
19.1889
19.8736
26.4299
21.524
17.5727
16.9893
19.9228
18.0816
23.9234
22.6238
20.1445
24.355
24.3325
17.8563
18.6661
16.7317
17.4333
17.5024
17.4796
14.4274
16.5333
21.205
20.4441
17.5214
19.5697
26.5886
19.9982
18.656
19.8204
15.9305
18.493
19.0977
17.05
17.6633
21.7319
30.8997
20.1756
22.5569
20.622
17.5818
18.3241
24.0715
18.4382
20.2184
23.3704
19.0317
17.4476
15.8355
18.6268
17.0479
16.7028
33.5096
17.1312
26.9456
18.6695
18.0797
24.593
25.7056
23.2984
24.6348
15.5732
15.9259
14.2617
14.9164
17.7179
17.573
28.1795
15.8914
21.3574
24.2683
17.5373
21.9343
19.5134
18.3544
19.5923
19.1004
19.9247
18.7935
17.3901
17.7587
21.2883
18.1493
17.8878
19.3591
20.2226
18.7653
18.7268
17.0818
16.108
19.4976
17.5133
14.8132
17.6094
16.1279
16.3812
15.6669
15.9601
15.6674
26.8662
17.5588
18.1795
22.3089
17.4368
16.8369
19.4118
16.3832
15.6772
15.9944
15.4257
16.8632
17.2072
27.2603
17.1473
18.6646
16.0001
17.552
20.6089
16.4328
29.0569
18.732
15.7082
32.0714
19.1338
17.5893
17.6286
16.8388
19.0329
17.4595
17.4553
26.6873
23.6499
17.6268
18.3332
15.9699
16.4484
21.1925
18.3981
15.8548
20.6836
16.3296
16.73
20.1485
17.7893
20.2555
17.1019
17.182
15.8854
16.4204
17.4623
16.3944
27.7161
16.2304
15.7653
19.0386
19.8178
22.0358
16.8564
16.7711
17.1808
17.1181
28.1758
30.4997
20.8328
17.0258
22.1248
18.1014
24.0706
18.9955
15.9482
20.8267
25.0733
22.624
18.2536
16.9864
16.1479
18.7582
17.8788
17.7045
25.3454
23.7332
17.4612
32.1134
18.4851
24.0288
18.0317
30.9951
17.6586
15.6297
16.3277
18.9794
20.0346
16.4451
27.4277
19.5014
17.3796
16.9309
18.7064
19.354
17.8957
22.3654
26.9321
19.4863
27.1592
19.0117
17.4599
16.8021
18.0656
17.3248
16.5076
16.7761
21.3629
15.4136
16.3766
17.6811
16.9848
16.5246
18.634
16.1865
17.1996
27.8853
16.1818
16.9415
17.092
17.5332
17.2698
17.6435
19.9305
15.678
18.2002
14.4632
18.5186
21.7072
20.4287
16.8954
19.6324
16.2917
16.6689
19.3232
17.7894
15.9757
16.8167
16.5519
17.1273
18.1832
15.4477
15.2316
17.4972
20.8854
16.8105
16.4441
18.9325
15.304
16.447
17.4123
17.3433
22.6674
17.3487
14.9267
15.5506
20.0927
21.5476
15.1041
22.3072
19.0684
16.3419
18.3467
16.9832
17.5518
16.0677
18.2984
21.6554
16.2726
20.757
22.5125
20.179
15.9748
17.2666
16.4226
18.08
20.5193
16.7114
19.9197
15.6977
15.9535
18.6364
18.5265
16.6627
16.1068
17.2149
19.1317
16.7232
17.6682
17.2422
18.999
18.204
17.3832
17.016
19.6055
18.644
16.7797
27.1373
18.1144
18.4047
18.4697
21.2115
18.7972
18.9672
16.8769
17.5304
19.526
18.8154
16.2798
17.9515
18.2489
15.4726
22.9014
19.2967
26.5096
18.4748
22.0172
26.894
21.7377
27.858
17.3206
15.6649
17.7209
21.8992
26.5821
22.791
16.8357
17.4182
17.0609
17.0432
15.9457
18.0853
15.1403
14.885
24.2181
16.9775
19.1573
19.7144
17.5991
19.9756
17.9933
20.9908
19.3324
17.0403
16.0614
17.4191
16.7365
15.4345
17.4684
18.3692
22.062
22.2867
21.3488
29.1741
16.7804
16.4907
16.1952
17.1101
15.621
29.9839
24.6098
17.3681
16.3411
15.9729
17.1553
21.5912
17.7148
18.0716
19.4304
18.0683
19.497
17.3363
16.1024
19.7434
18.8219
15.6422
16.9054
18.0754
15.6323
17.4367
20.5114
22.7607
17.1328
18.6828
16.7147
19.562
32.189
16.7752
20.2603
17.7062
17.4422
27.0906
15.3627
14.9698
14.4452
23.9089
24.3061
16.4672
15.9794
17.1206
15.2929
15.5695
17.4939
17.0666
16.464
19.1403
18.2354
20.1338
19.9794
18.1832
17.2585
16.2929
18.3974
20.1541
17.0604
18.0835
20.4958
23.3815
21.3859
18.3283
25.998
20.0054
18.735
19.3537
16.7057
20.557
23.1594
19.1252
16.0596
17.849
18.6958
17.5259
17.3078
16.4447
17.496
16.5812
17.4748
19.7864
16.465
17.0391
19.8159
16.3702
17.1003
20.2875
16.4001
18.8339
19.1251
17.2022
17.4299
24.565
15.9224
18.2134
17.8832
14.8452
18.1569
16.0093
21.4298
16.4134
16.3903
16.0847
31.5733
22.8605
28.5191
17.9064
26.0306
24.425
20.6285
18.337
16.2331
18.6786
22.7697
26.0452
18.926
18.2114
18.6979
30.2104
21.2404
17.4417
25.2105
26.2321
17.1201
17.5226
18.838
23.0192
20.166
18.5111
17.2378
17.4718
18.8686
18.4521
18.6609
20.6712
16.0683
24.9566
19.3167
18.8643
20.6644
16.8469
20.186
23.293
15.0806
16.8288
15.9424
21.5312
15.2748
17.2851
17.887
15.0209
17.5411
23.5638
16.4362
16.8363
13.9904
24.3188
18.6412
26.1196
18.9694
22.3207
27.4164
18.5206
19.2927
22.593
15.4731
21.6459
14.3889
15.8194
16.3095
15.6249
20.9938
18.7657
17.1733
17.7723
17.6019
23.8
19.5793
18.7824
16.7643
16.8466
19.6838
16.1001
16.9626
23.3531
17.5176
17.0202
27.7874
16.1842
23.1956
12.8083
26.7323
17.0742
18.8786
18.2868
11.5238
16.3878
15.8106
23.8401
17.5927
22.5716
15.7231
18.0699
21.7283
14.3053
25.5413
18.6899
16.5604
18.8537
22.6285
25.9487
17.7036
19.9031
17.3422
18.0788
36.6134
15.6133
12.3301
14.9276
13.2688
10.8194
12.405
15.1455
12.409
12.2925
16.6975
13.5615
19.5613
11.8304
17.311
13.1219
20.686
21.8524
18.3514
15.4871
22.9158
24.1716
17.7204
18.3702
16.8839
12.0975
19.275
19.1269
18.2948
15.2867
11.6757
13.6393
28.6965
14.234
12.2504
14.7596
12.3783
15.8842
13.8216
9.98186
20.28
12.4233
16.6954
15.5135
18.4926
21.709
19.19
25.8468
19.6869
14.5194
16.9608
19.2232
12.958
20.0054
16.8378
20.7123
15.1434
11.3588
15.1738
12.6891
16.0053
11.5717
12.826
10.8139
11.8761
11.8839
12.5241
11.8846
10.8408
18.6816
11.876
12.626
12.9928
11.0241
11.8192
10.6433
12.8089
13.802
15.1014
13.9049
12.9564
11.3074
13.3436
12.749
11.899
15.6142
12.8138
16.7346
16.1424
11.2664
12.799
14.4567
12.1011
11.0546
9.06386
15.0045
12.1332
16.8864
16.723
14.0251
13.4963
12.8711
12.9675
16.1881
12.9768
14.2678
11.6038
14.4092
13.5584
11.2545
13.9873
15.2275
11.9933
14.9736
11.6682
14.6572
11.6314
12.2159
10.3555
17.2629
16.6295
13.3748
12.7545
11.4293
9.58888
10.1295
9.27857
10.5075
9.20743
10.5821
15.8983
11.7373
16.8863
10.6508
12.0224
14.0916
12.204
10.2186
12.1252
10.9708
11.3575
14.9563
9.58678
12.1314
16.7536
14.4359
10.8673
12.211
13.3466
11.0044
11.4516
12.9229
12.1219
16.1631
18.3108
15.5384
11.443
14.8106
13.1993
17.7553
16.7879
11.5555
14.47
14.28
16.4652
11.5662
13.9851
12.9613
13.8393
10.6912
11.833
11.9377
14.3953
12.3067
12.0294
18.1025
12.556
15.2431
13.2272
12.5128
11.8568
13.7521
19.362
10.8797
12.4087
13.9129
12.1704
12.4197
12.0352
16.946
13.8227
12.9991
17.4598
15.1984
12.331
13.7576
10.2663
9.71332
8.95735
13.7044
12.1682
16.3797
19.7856
15.7451
11.9229
18.035
13.402
12.3947
17.039
11.3675
12.1581
10.9816
24.5256
13.714
12.2324
14.2303
11.8133
13.2822
19.0857
10.2204
14.6906
11.646
11.3552
11.5439
11.2495
12.9966
11.3153
17.0206
10.7732
12.7166
21.6962
14.6972
15.0421
17.0249
11.8484
17.5966
27.0817
14.3273
11.2352
18.8571
12.5017
16.2862
13.3282
16.8694
12.6765
13.1668
20.6089
25.6986
10.7629
24.5725
14.6017
13.217
19.0508
11.7444
23.6755
17.1192
22.0548
19.1653
26.0972
17.0025
22.9647
19.4775
10.8636
15.3061
20.2582
10.6896
20.3883
12.4724
9.9935
16.5582
15.8186
19.71
12.1244
15.8816
18.5366
18.942
19.925
12.9892
17.3111
12.4907
14.3331
13.318
25.6037
15.0048
14.3728
11.4577
13.4028
13.8494
19.9042
13.3724
16.0027
16.2362
26.0462
9.31708
11.8016
8.65681
10.4258
8.10893
14.8609
10.2801
14.0779
13.2011
13.0438
21.521
12.1397
11.8128
16.6516
16.1238
14.8595
12.1615
13.508
18.8973
13.8849
13.8438
11.6737
12.3484
10.7058
13.3611
14.9123
14.7695
12.0316
17.6488
13.2235
18.3479
22.7296
16.5525
14.2944
13.4164
14.0309
12.6618
13.3481
11.9458
10.0363
11.5808
20.6472
12.2545
13.6997
21.1901
18.6992
19.192
17.8446
10.3807
16.4979
13.1865
11.5606
13.6545
17.6282
12.2889
12.0129
13.0822
18.9872
11.2292
13.3438
11.5136
9.65589
21.7497
12.4514
11.6956
19.6393
28.0288
16.5812
11.8233
13.7815
11.7091
15.4364
19.274
12.5167
13.2661
12.7994
19.9755
12.1285
11.2021
16.4044
13.0854
22.0635
25.2778
20.6685
11.8447
16.7648
12.7719
11.358
24.528
11.3763
20.0927
11.7049
10.8979
13.1069
16.4533
11.1571
10.1774
11.2935
11.6816
15.5719
19.9992
12.2656
10.7002
20.1585
10.0883
14.172
17.7998
13.9998
11.1096
28.9952
13.5664
10.8629
26.8488
18.3329
16.8593
11.8927
10.4254
16.8214
8.53407
11.5349
22.4035
11.3388
28.4352
14.6212
21.082
11.66
18.464
10.5329
13.7133
10.552
10.9314
12.6298
18.8392
11.442
11.7049
12.808
12.6433
10.0797
14.1474
10.3985
17.458
12.6146
13.1586
12.7697
10.2678
18.1215
16.6554
15.0708
14.1453
10.1519
10.6368
14.4672
10.5488
11.0776
9.82803
16.1009
11.8045
28.0615
12.4985
16.2911
11.4413
11.4736
13.1074
12.5698
10.9029
13.2618
14.7432
16.7285
14.839
16.2073
11.7517
15.5843
16.3468
12.8656
10.8724
10.59
18.1349
11.3756
11.0512
12.3063
10.3046
13.1585
14.0952
9.95588
15.8538
17.1374
13.862
13.2641
11.9158
11.6579
10.3565
13.5208
10.5539
20.3569
12.4079
10.4723
11.693
17.4193
12.2805
14.0826
18.4896
12.6334
17.488
13.0834
12.9386
11.2509
11.0974
15.7966
14.516
11.44
12.5911
16.5703
11.9829
12.0668
17.572
11.6541
12.2238
10.378
23.5541
12.5691
17.1301
14.0121
11.3398
10.6125
10.9917
13.0913
10.7229
14.646
9.85497
13.9142
11.9465
11.0952
10.6972
13.3094
16.5929
11.2261
16.5949
13.8144
11.0077
11.8697
16.196
12.0098
18.6556
12.3123
14.6986
12.3461
17.6991
11.5618
23.7288
13.4535
16.7118
11.9308
23.9726
14.31
11.5771
13.9446
13.3353
26.3223
16.624
20.0926
17.4899
13.7132
10.8857
10.4212
10.5762
17.5329
15.1198
12.1396
15.4601
13.7235
12.3425
15.1184
14.3947
9.62704
13.4142
16.066
15.3642
9.61034
16.1953
12.946
14.3907
16.4868
12.7628
16.6524
12.0858
12.0322
11.8213
15.2943
12.849
12.6169
12.4377
14.5504
12.2439
11.5672
11.3658
10.3889
12.2407
14.0009
12.5643
21.5689
11.1931
14.1105
19.6757
12.6813
11.9234
10.5471
16.0502
11.2037
11.5506
18.8851
21.1656
11.2513
13.3375
13.8147
14.943
14.0404
13.0358
14.2404
11.7473
13.9019
12.0411
17.3181
20.4925
13.8298
14.8187
19.8954
13.2173
21.2073
21.8933
22.2498
18.7654
18.1009
19.581
10.6468
20.1724
15.0245
11.6358
15.5994
10.8245
10.5544
17.0081
13.1877
12.1075
11.5092
15.096
21.0948
14.4938
8.74537
18.5214
10.7504
19.5691
12.8294
13.9071
12.5315
13.5075
19.0773
11.459
13.9565
13.7013
13.3561
12.3665
22.0906
12.9754
15.9578
13.7531
14.4881
11.1719
17.1654
12.2822
11.3586
17.0202
13.4008
13.3989
17.2142
14.4495
11.2915
19.0367
16.6641
10.4114
13.9481
13.078
14.8226
12.0012
13.1682
17.85
14.6663
12.6423
11.6833
17.9937
11.2732
10.2941
11.0331
11.9154
11.9484
12.0328
10.4864
11.5029
12.9267
13.4564
11.579
11.3817
11.1025
11.6735
14.2897
12.0028
10.1831
24.6803
19.681
11.4454
12.609
11.6605
14.1898
13.2604
9.75075
18.0048
9.76019
14.2263
22.4946
12.8665
14.3975
12.9196
11.9362
14.4397
14.1779
13.9262
14.1742
14.2731
18.16
16.2313
11.7064
11.6777
11.8075
13.3312
11.5944
10.0333
15.1322
13.6385
12.0414
18.4319
14.2421
13.3949
22.8305
23.0576
17.476
19.5878
19.4279
30.1692
22.909
19.9648
31.0009
18.9056
18.906
18.6478
14.4353
17.6813
17.3455
19.2721
13.8568
11.8359
18.419
18.9667
17.3747
20.836
22.5189
15.1007
11.5415
27.1685
19.259
12.6576
17.9401
21.9751
17.8491
16.2163
19.4251
14.5514
20.2734
15.4478
17.4721
13.6015
13.81
16.3249
19.6395
12.9018
12.1107
18.8675
13.2204
12.2334
19.0936
27.9498
11.6897
18.4577
13.7816
11.1996
11.7358
20.3218
12.3327
13.82
15.5709
13.7798
8.1296
11.5501
15.4136
12.1063
11.9879
17.0703
10.1041
10.6802
12.0657
14.7155
19.271
11.9515
11.92
20.9488
9.80838
17.6544
13.3404
15.1724
10.6186
16.3955
7.75399
6.99133
8.40102
10.7613
17.464
11.0409
13.1039
12.377
18.8602
15.4666
18.1589
12.2804
13.5514
11.603
12.9371
26.6733
12.945
15.6843
12.6553
22.7513
13.6892
11.8075
13.7522
12.7665
22.7694
14.4007
13.6285
18.796
14.3229
12.4996
12.199
17.9498
16.9531
12.0228
17.3285
26.7637
11.1387
14.4102
16.0606
13.7855
17.3737
25.3273
13.5035
12.5408
18.2931
10.8296
13.7686
11.989
18.6241
13.2144
11.1998
18.4285
11.2865
16.5342
10.1909
17.8699
16.2005
10.5229
12.828
19.1034
14.6366
12.6945
18.6044
12.3187
18.7771
11.6383
25.4047
11.7486
17.2082
14.0201
15.576
18.0858
13.1195
19.1449
31.3908
17.5414
24.4897
19.8695
14.1747
12.5673
17.796
14.1777
18.1872
11.8794
14.2845
17.0945
19.818
21.6123
13.2484
17.6102
13.9297
16.4525
13.1205
16.5155
13.3349
12.2482
29.2989
14.1902
13.0057
13.6598
10.0978
19.2211
10.8774
11.7961
11.3041
10.3561
16.1789
13.013
14.2061
10.7975
13.0266
9.72258
12.4902
14.4285
11.197
22.5447
11.9191
17.6559
14.226
18.6246
10.1128
13.3607
13.7484
10.3448
11.8329
11.1802
12.7739
11.4448
13.4253
11.6034
13.4009
10.6717
13.5373
9.56774
10.9105
14.1645
15.2545
18.8715
11.7201
12.6597
13.1192
9.82873
12.369
12.1465
11.6783
13.9415
11.1595
11.274
9.55064
18.7771
15.5362
18.4511
11.7327
17.2352
12.9529
11.6782
10.6232
17.3393
13.5737
12.9402
10.8787
13.9627
12.8846
15.8857
13.1291
16.4102
20.3705
11.5049
24.5509
11.2157
13.3582
24.8708
14.2877
8.93164
8.62945
9.07129
10.3059
13.8434
28.0493
11.9615
17.7191
15.3381
14.7098
16.8504
10.8428
13.362
26.7583
12.6616
14.2183
15.1477
12.4434
15.3233
12.7031
14.3011
16.0175
11.8563
14.4856
19.4629
18.1909
12.9732
13.4444
10.3136
14.1146
13.6044
12.4394
18.2012
13.8561
11.5404
9.63649
12.4711
15.4636
11.7917
12.8415
15.9585
14.8745
11.2447
14.3356
13.722
11.1012
11.1417
12.9314
13.9697
9.76554
12.5404
18.785
11.4313
18.604
16.573
15.3448
10.2857
11.23
11.9385
10.4381
10.8679
8.78288
12.7093
10.5521
9.05621
15.0256
10.7372
10.6654
11.9883
16.3739
10.5531
10.6212
11.7238
10.3255
13.9422
11.3951
11.3876
10.8521
10.2427
15.477
17.8386
9.93711
11.5308
14.1945
12.2062
10.1888
13.548
10.0439
11.0022
15.6439
12.6203
12.8142
11.1408
16.787
9.25336
8.50021
24.2935
16.1219
14.7133
12.1507
15.7303
10.0347
11.0775
11.2744
10.0455
15.4218
8.51491
17.2781
13.5092
11.6212
12.0343
13.6929
10.7163
9.14213
14.5248
10.0377
18.0596
11.586
11.6351
19.7804
10.727
11.1388
9.53754
12.4328
16.7574
12.0246
21.2219
12.013
18.3474
21.0636
13.9477
16.9932
13.4433
11.602
17.2088
12.3281
11.6036
11.2937
14.2928
15.7573
11.0736
13.2421
10.9105
16.8675
12.2013
12.3529
10.9687
11.7785
10.7537
11.7036
12.1749
19.8198
13.3488
11.474
13.9037
11.7656
20.7824
11.1431
19.5313
13.4855
17.2066
14.0812
10.8319
13.4942
8.57495
11.7245
13.0791
12.5703
15.9064
11.5789
13.3301
17.2457
9.44401
11.0834
12.0831
11.673
13.0503
18.6808
10.3255
15.5287
11.2605
12.1951
12.6841
10.5703
14.6601
14.9184
12.5177
14.305
12.5033
13.9344
11.8755
18.7244
12.2063
12.8974
19.4564
13.0503
15.2187
14.2482
12.6794
11.2172
18.271
17.7308
13.877
21.6154
12.7514
12.6034
14.3999
11.9987
11.9652
15.652
12.2392
12.9404
23.0747
16.2336
13.1733
17.3524
12.4025
11.8503
17.5206
12.1515
12.2985
13.4162
15.2062
10.875
17.3235
11.6255
14.8342
10.9855
19.242
11.016
15.3932
14.0024
13.0084
11.8355
14.443
11.6906
14.1659
14.8846
11.3238
19.2145
16.3756
13.0946
14.2533
12.3535
13.2962
18.823
13.5678
13.4034
9.48133
13.2669
11.9828
12.01
18.8084
11.626
15.5062
15.6731
14.7095
20.699
12.6885
18.3826
21.4015
18.5013
15.1293
23.4395
11.316
11.4467
13.7699
10.1396
14.816
12.1281
19.5853
12.8164
12.1215
12.4089
11.2749
21.1075
12.9353
11.8238
12.8339
10.9283
12.1
14.961
11.5396
11.8572
14.3896
13.0173
17.2707
13.098
12.5836
11.8336
14.6613
14.4432
11.1472
13.7549
11.6069
12.2917
12.1443
11.2788
19.3807
15.275
20.1976
11.9197
15.0178
10.7224
14.1484
16.7028
14.55
11.0783
10.099
16.4965
11.4368
19.4292
18.761
11.8881
13.9121
14.9928
12.9735
13.6226
15.2745
17.6893
10.7895
17.8305
13.408
10.9875
12.1578
11.1264
17.4591
11.3289
16.1634
14.9341
11.1343
27.9854
14.2026
11.4748
12.9659
14.3647
12.4723
15.9434
14.9776
15.0933
15.619
15.8331
17.5298
14.3156
18.841
9.26778
13.4611
11.1158
14.2556
11.3234
15.5087
11.6814
16.2305
11.6859
15.1243
12.9207
11.1401
16.8459
13.9845
19.7515
16.7087
12.1961
13.5606
13.7123
25.9965
14.4047
11.6257
11.8897
14.5174
28.7024
13.3726
21.5466
13.5495
10.54
11.7493
19.3356
12.9584
10.6512
13.8238
17.0817
14.2293
12.8459
14.127
10.6563
14.1181
9.9803
11.3818
23.8621
11.2956
18.6108
13.6915
12.7237
19.6332
14.1207
14.9549
12.9726
10.6528
19.212
14.6007
11.2287
14.1943
10.5626
14.474
14.4593
12.0467
24.9633
18.0785
11.876
12.133
12.2894
13.7721
11.6068
14.5736
14.4714
11.6526
8.77124
13.7827
12.0228
11.045
12.0523
19.2015
13.8395
15.918
12.3679
14.1056
12.4145
16.1306
16.6441
18.0473
13.9145
10.9112
20.4528
11.2647
12.0415
11.7386
12.5172
19.6947
30.9506
11.0095
12.2147
14.551
16.1201
16.078
20.7781
12.8567
16.6762
13.9254
14.9483
18.395
9.4903
13.7944
13.8957
21.492
11.5335
26.859
13.3119
18.9131
15.0203
14.0383
15.9887
19.4764
12.0152
12.1903
19.7487
13.6071
17.4438
13.1572
12.2178
9.76188
9.96358
18.4145
11.3665
13.1652
13.1866
20.521
17.2443
12.888
25.3758
20.7858
18.0713
13.2468
25.5677
14.9053
13.2077
18.9856
13.412
11.9742
12.7359
19.1192
17.7659
19.4943
21.9112
17.4001
17.5464
11.2958
24.314
13.6818
14.0157
28.8686
12.3725
15.1268
13.2264
12.1568
11.5698
13.1931
20.2817
17.0171
32.7827
11.9462
26.891
20.9402
11.3596
11.4886
20.3546
12.8497
8.94673
19.8607
16.7932
14.3177
12.1916
19.4096
13.9306
25.1031
14.7181
12.8146
18.6885
10.8735
14.9137
10.953
19.3211
11.1748
21.3904
12.2922
12.1685
12.0366
25.3332
13.7379
16.8017
12.9734
20.2924
10.3212
12.4128
11.2549
13.4162
10.2579
11.5423
10.6455
12.4457
11.1087
11.2615
11.5807
9.56223
21.7195
12.6657
11.2096
12.9042
16.9204
10.993
19.5458
13.3659
10.954
19.0341
10.865
19.0764
12.5767
13.4153
13.6614
15.7674
10.724
12.9138
14.7016
17.2406
14.6307
12.3444
13.317
11.4356
12.3245
11.194
11.3382
13.9913
11.6238
11.1083
18.2527
13.5225
11.2659
18.3806
10.4911
12.9424
23.1115
10.1825
21.1112
32.6134
16.0084
13.965
11.7169
12.195
10.1812
12.1206
15.0819
11.6628
15.6426
9.83
13.979
14.081
18.3018
11.2713
7.62868
7.60368
12.015
9.79521
13.5739
10.7561
11.2398
10.9179
12.2389
13.2588
10.8599
10.7735
9.33155
13.3555
10.3998
20.3732
11.7535
10.524
16.1172
17.37
9.4916
13.2356
13.8379
18.5325
14.6629
16.2768
16.4342
20.6279
19.1608
11.1171
19.8313
13.7771
14.7108
13.1484
19.2836
12.6464
17.8523
21.2725
16.5117
10.3053
12.3687
12.7283
15.4653
10.4816
16.531
12.6042
12.9634
11.2669
14.1809
17.39
12.5795
12.9966
12.4433
11.0971
21.7327
14.0255
17.6462
13.3788
14.8287
13.2702
11.301
10.9717
11.8853
13.7885
11.6759
14.8154
10.8498
15.3248
14.9301
16.5663
12.0687
11.5266
10.461
13.3342
12.4772
12.7444
17.2769
13.2091
10.4452
15.358
9.21978
13.9245
15.5408
10.0642
11.2378
9.69958
11.2719
9.98846
11.1298
9.41608
12.0172
13.4087
9.35945
9.91453
10.1474
10.3536
19.9925
12.1169
14.5475
13.8869
12.4385
11.9265
12.5923
10.967
13.2123
15.1058
11.8855
11.2444
20.1284
14.1481
10.6898
11.2606
13.1209
10.8675
13.5249
10.5825
14.4923
19.0335
15.7648
14.277
13.8291
12.6453
11.9601
13.0924
13.2626
13.6707
14.8633
9.34162
18.3674
12.2316
25.2018
19.6698
10.9909
18.439
11.6284
10.6441
26.4724
19.4203
23.8481
20.261
14.3093
22.166
12.2628
23.9033
13.5155
14.3621
19.7086
15.4537
18.8309
11.4627
19.3415
13.3236
11.1556
14.4834
18.8788
13.0281
16.6926
11.5499
14.873
11.9778
13.6144
10.7461
15.2202
19.6765
16.0828
11.9146
11.1788
8.58709
9.80044
8.43202
8.5652
18.8582
14.5165
20.9287
14.6184
19.0704
14.4435
14.1402
14.2207
13.1397
11.0017
10.6732
13.7208
10.549
16.9194
11.745
12.9552
25.7034
15.3142
18.6351
11.4956
12.049
11.0887
15.9269
11.5243
17.0692
17.5869
11.0855
12.2995
15.5756
11.551
11.8294
10.8805
10.7725
13.1128
12.8369
12.5206
11.2619
25.0085
12.9242
25.618
13.0451
14.0432
19.2199
23.6962
16.8679
10.5675
11.2382
12.3718
13.6005
12.2012
14.1503
30.0987
10.879
22.9869
18.0063
12.6666
13.4841
12.0548
9.82622
9.94561
19.3416
12.22
12.6758
12.672
13.8755
14.7596
21.5972
10.9749
18.4057
10.5722
10.2193
25.9597
18.1589
13.2539
10.5712
14.7771
12.6051
13.6362
20.0146
12.1307
21.244
23.0184
11.8007
13.9016
15.9524
13.0458
13.6821
20.9099
14.1444
13.9316
15.7978
15.3842
11.0165
17.1472
12.0667
11.4994
10.6299
24.1741
12.0525
23.6218
17.0333
32.2827
13.0605
23.0409
14.5066
11.6579
12.2834
12.6138
14.0007
19.8057
13.8597
15.9136
10.8615
12.3936
14.9772
11.881
14.2312
13.4886
11.4559
14.1873
17.0859
13.9457
12.8277
11.7515
11.3071
11.1024
12.4073
14.4698
12.5032
14.3891
11.107
18.3149
11.137
22.7852
14.9484
14.082
11.3897
10.7174
10.4276
10.5334
11.1091
13.2678
20.1096
11.4802
15.8563
18.3852
12.0914
12.2564
15.1208
12.9278
11.7348
12.1064
9.58675
19.1019
17.8532
11.2024
13.939
11.1878
11.8705
11.1708
19.028
12.5881
10.9888
16.5742
21.6944
15.0594
10.8779
12.9357
7.46737
8.03194
10.1661
10.2338
12.8644
15.1068
11.7307
19.7865
11.9323
13.725
16.7414
13.5588
18.0177
11.168
17.9479
11.3623
18.7612
9.90703
19.5175
22.1283
18.853
17.756
12.6056
17.0457
10.9527
19.8648
10.6961
15.6891
14.3122
16.3233
13.2139
11.8015
19.342
13.4524
17.1508
11.2483
12.4126
18.9377
15.6793
11.9494
12.3664
19.4699
16.0177
17.5854
10.604
19.1917
14.1937
27.7431
12.672
13.6399
11.4532
17.8068
10.3836
12.0134
23.2196
14.6961
11.0172
30.295
11.0602
25.3475
11.4503
19.4365
25.6359
17.1186
11.6461
11.4747
11.1267
11.4054
17.4153
11.1869
11.6766
10.8284
19.9639
10.5269
12.1702
9.84366
13.002
21.0897
18.3824
11.1231
17.8584
11.306
15.5367
9.87046
15.8898
11.9404
19.3039
11.5786
14.4468
10.299
12.2068
11.4832
10.4853
10.7982
15.2727
9.79953
14.3294
9.76203
12.8506
13.3282
11.37
11.455
10.2172
10.9528
12.9963
10.0865
12.153
12.3158
12.4018
11.7217
12.8181
14.5347
12.5771
13.0103
9.72022
18.6188
12.7537
14.83
11.8997
15.0279
13.917
12.9402
13.6454
15.8458
16.8495
13.9006
15.257
11.5305
14.7976
10.7317
10.3737
14.4071
11.8869
19.6112
10.7632
16.5794
9.81122
14.9336
14.3878
16.9552
10.9813
11.2709
17.0822
11.6585
19.717
11.9745
11.6752
17.0224
12.508
12.0093
16.0373
11.3517
10.9532
13.4601
16.1521
11.5391
9.39583
24.3107
12.3178
17.0786
13.3787
11.4703
15.8099
14.9347
11.9591
11.6241
12.0834
9.42329
13.5867
22.5361
10.9466
8.38737
15.9531
10.3117
11.2734
8.20098
11.7023
12.0765
11.5875
11.2731
11.3997
11.9957
18.3508
10.552
20.8552
14.7122
9.95822
11.9212
10.9897
14.4715
8.38328
10.6347
10.5346
19.4739
12.2516
12.889
12.6762
13.1379
18.5373
19.3864
9.71486
10.9021
10.0322
11.7419
13.5682
12.3847
12.3294
10.7621
12.4753
11.9425
13.7392
15.1958
15.1189
11.7176
12.2986
11.96
10.6207
9.72538
10.6532
8.12598
15.4229
15.6088
10.6308
10.6619
12.5283
10.267
17.2796
12.0336
12.1378
11.0519
14.3881
10.184
14.8246
14.4174
11.1065
22.4144
14.1829
10.6519
10.2482
9.4388
10.8447
10.9462
17.4483
17.5782
12.9614
11.3136
20.2495
12.4407
15.7864
15.0925
13.5447
11.7559
12.3892
13.5088
11.0462
10.4219
11.8743
10.9062
10.1997
14.9139
11.2641
12.2221
10.3905
9.41615
10.7042
12.442
18.219
12.709
11.3283
11.1599
10.081
19.156
12.0976
14.2618
11.9265
9.60502
13.7627
13.6496
11.595
14.8126
11.5624
17.2368
21.5285
13.8199
12.4498
14.2051
16.8847
13.1931
14.1934
16.0761
11.2471
9.56889
17.0881
11.0573
11.4338
13.6704
8.89083
11.3428
18.1639
18.3268
13.6883
12.1312
15.5903
9.90184
17.3829
11.5887
19.5894
28.2431
13.2302
11.0369
12.2105
18.7943
10.8565
12.4254
16.3628
11.7041
14.1974
9.98728
10.9782
9.09432
14.9681
9.83367
9.91873
9.27671
9.36997
10.2295
12.2402
11.5932
9.45933
11.3414
15.6433
10.4536
12.5108
15.6341
10.975
10.8735
11.7637
14.5747
9.20083
12.6522
11.133
11.7546
16.6674
13.6007
11.0534
8.32669
9.14952
9.41013
10.7116
11.7391
11.867
9.89901
12.1241
10.9519
14.1092
11.6757
15.1894
10.1238
10.5544
14.562
11.4526
18.2329
14.6373
14.2642
16.2334
15.223
13.7224
10.7582
15.0601
12.4018
14.2295
11.4378
12.1597
17.084
14.5828
12.8187
13.6845
11.2798
19.9683
11.2577
11.7213
12.4335
14.2296
16.6631
16.7893
10.8391
16.5936
15.7991
11.5751
14.4254
15.9904
11.772
14.0356
15.6499
11.0566
19.8269
17.9216
10.5972
11.7374
10.6593
11.2329
18.7456
11.2339
15.7233
14.7674
13.7733
14.8305
15.4695
10.8919
23.7489
13.4873
17.4712
12.5581
14.5446
15.8355
11.8572
19.1238
13.7856
17.8337
14.1875
13.4997
13.605
12.2336
13.3023
13.1332
10.7636
15.2423
20.8775
14.1596
12.0027
19.1443
19.7729
13.0014
25.9678
13.2567
18.4525
15.0006
15.3968
12.1301
13.1087
10.8387
16.85
18.587
12.9013
11.9961
11.4806
10.5972
13.8983
12.927
19.4068
12.3334
13.0601
17.8011
17.225
15.3719
13.3395
11.5395
14.417
11.9766
11.6532
17.4474
10.2004
22.0363
12.8011
9.76686
15.401
10.8464
13.1067
12.7134
11.8649
11.5543
20.1544
13.5674
15.8169
18.0613
20.7269
15.3328
11.2855
17.8902
12.3268
15.8869
12.0638
12.9047
10.9202
12.2529
16.3769
11.2323
13.478
14.9055
15.1647
11.6646
18.7355
17.2501
11.5228
20.2316
23.6816
13.5089
11.5368
12.3823
19.432
12.1536
14.3762
12.4226
14.1385
12.2542
25.5431
18.8456
13.962
15.9452
12.0951
18.7088
11.7341
20.8223
35.1606
12.3743
11.1255
8.51383
10.3251
16.0615
12.2411
14.205
13.9321
11.2525
12.5132
19.5533
13.7981
12.7405
18.2479
14.6344
17.7563
14.23
19.5191
15.6085
21.093
15.3353
11.8535
14.1788
22.1226
18.7523
12.0539
13.9581
14.226
23.7067
11.3456
17.9787
11.2256
21.2135
14.1606
17.1524
14.34
27.7484
13.7476
19.8687
14.4209
15.109
12.3897
18.1001
14.6546
26.3628
13.2693
17.6322
10.8759
14.3873
11.9833
13.217
19.3458
11.9782
22.0583
11.9732
27.178
16.0531
12.5589
15.6739
14.1262
12.5861
17.5898
15.3185
12.247
16.5987
14.529
12.0907
33.113
14.127
21.2941
15.3866
16.0842
25.6355
15.4614
16.4278
20.3618
13.1071
14.1968
11.5027
14.9039
20.0547
12.9331
18.2203
11.6825
17.8111
11.734
15.1089
14.9786
20.3618
15.8992
13.7391
14.4547
11.3828
19.3055
17.7667
12.1614
19.8218
13.9125
17.0046
14.6926
21.1586
13.8571
22.7068
14.7225
19.1654
11.6411
19.6411
19.6869
11.9577
28.465
13.1453
15.5301
14.2791
20.4745
16.6638
27.9006
18.1279
33.3152
19.9081
17.8386
16.8364
18.4054
18.28
20.2487
17.2875
14.1128
13.6417
28.9614
14.0649
12.5641
27.6347
15.5836
19.6037
20.755
14.4468
21.2666
17.4589
23.6349
14.8661
20.0424
18.3061
19.5909
13.4517
10.4926
24.1719
12.0823
23.6334
11.3179
15.8767
20.1136
14.308
15.5577
31.1555
14.5021
13.0078
12.8843
19.9594
13.248
13.3721
13.9523
13.3021
21.5908
28.7476
12.6269
12.9043
13.0207
25.3018
13.9241
17.7778
26.3617
20.0885
8.38573
7.5015
8.99904
17.3974
10.037
19.9324
12.8857
16.2714
13.3144
15.5461
15.5963
24.7507
12.005
18.5804
12.7308
16.3494
12.0488
12.9105
19.7601
13.4492
15.8302
18.4566
18.8948
14.7362
12.0143
12.3002
20.1473
12.2386
16.187
12.7444
19.4997
14.9548
15.1441
12.3434
27.2892
18.084
12.6104
17.8505
19.9957
14.6683
21.0076
19.0937
19.4544
12.8432
17.5857
14.6464
15.0288
11.1457
11.1702
18.7849
28.0311
14.795
18.0921
12.2769
18.0045
12.2193
15.2462
13.3116
11.5178
28.8052
12.4528
25.8643
19.7438
13.8952
17.9112
14.5791
22.9958
14.0636
16.3498
21.3675
19.7702
14.5208
14.3976
10.0387
20.2279
32.2318
14.5085
14.2647
16.7314
29.1103
13.4403
17.6671
12.5336
13.6587
20.74
11.5613
14.0807
20.0241
15.6878
17.9354
11.9869
19.9784
13.8797
20.9304
11.4516
13.5886
14.063
12.9145
11.2314
13.36
9.34039
15.708
25.458
11.8512
11.8596
11.2188
12.3162
15.3815
13.4647
27.4937
12.549
14.6258
11.3527
10.8423
16.0319
12.446
17.0243
20.3589
12.3658
14.3116
11.938
14.4023
10.0833
13.9075
11.9661
19.013
12.0781
11.8178
18.1304
13.6194
12.4391
15.7428
13.833
15.4539
14.2653
14.5937
14.4157
13.6273
20.4874
13.5056
10.1929
18.0782
13.1302
16.1705
11.16
21.1852
12.3942
12.0161
13.1906
14.3284
13.9727
11.5593
10.1122
20.074
17.6582
12.733
11.12
16.9388
15.7149
13.0759
20.057
10.6386
16.5235
22.3978
15.9326
12.6509
15.6278
11.7402
10.6669
13.9682
7.06301
7.67239
10.5282
8.1704
19.6353
13.8553
13.077
12.2654
12.437
15.6891
13.5335
21.5629
14.854
12.6093
16.7364
32.4241
14.1144
20.7711
16.2342
19.2704
13.6584
13.8263
13.8675
13.2676
16.689
25.0356
13.7499
21.1302
14.1082
12.7208
13.4702
12.1478
16.2895
11.6625
19.8075
23.9779
14.5704
27.6996
11.9468
13.2669
18.6132
19.0228
12.6675
15.0607
11.9129
15.7728
13.4409
17.8075
14.8616
13.5455
13.9194
12.5369
23.8236
15.6623
23.0647
12.8502
12.104
18.5224
16.9924
20.7293
12.3212
13.5599
22.525
20.8677
16.2145
20.068
17.9011
33.5554
17.99
18.9127
13.1562
13.9985
15.4182
15.6743
12.5498
12.1345
18.6947
12.2711
13.6212
19.279
13.8744
35.7644
13.0162
11.5472
13.2947
12.606
14.8037
11.8915
12.8787
17.687
19.2019
12.0877
13.4577
14.3017
12.886
21.5297
13.2673
16.4642
16.0753
15.6153
18.7731
20.7616
22.073
20.0056
15.6577
13.4791
12.7738
12.5343
11.9261
29.7371
14.4353
18.8529
14.4041
23.3131
16.0664
11.9872
16.916
12.4112
18.5149
19.5403
15.3903
14.0269
17.4335
22.353
13.5012
11.4773
16.894
16.8898
12.4098
22.9404
17.7338
13.4608
16.6741
18.8505
15.7018
29.888
13.0837
26.8188
13.7702
27.3876
13.5594
17.6666
11.1329
14.9879
23.931
20.4356
20.692
15.3386
15.6753
12.0089
23.6972
15.8292
15.035
18.2992
14.2937
15.6656
20.5568
12.0569
13.278
17.1054
11.7163
14.7655
13.3489
23.3517
15.0067
14.6412
12.4143
30.0892
14.1034
8.36416
20.2259
10.2281
11.3266
9.30951
32.2956
13.9816
21.9857
12.9244
13.3015
17.1364
11.6049
12.7436
19.1328
13.1606
14.0682
13.6646
17.0607
11.4566
13.4811
12.7673
14.2503
17.6416
21.8087
13.2096
12.8252
14.1617
13.3908
24.8825
11.7417
14.8816
12.5956
20.8898
22.3368
11.8042
14.1014
14.1679
14.1288
12.825
13.0575
14.4701
14.6535
22.0295
12.6818
17.186
16.3412
16.1138
11.3597
11.994
11.8503
12.7463
15.3122
13.7625
11.9644
12.5156
15.9708
14.5472
17.5494
13.701
12.9499
15.4755
10.3962
22.833
19.49
14.2245
12.5474
13.049
18.9656
13.6448
13.023
17.2054
18.5972
12.6995
15.4352
19.1843
20.4682
11.6449
15.0993
19.4397
18.2245
13.2026
12.9057
13.8752
19.7177
17.4004
17.764
18.3389
11.6598
13.7256
20.0535
22.4268
14.5844
15.4442
18.0198
12.5795
15.0722
28.6552
16.1086
16.1846
16.8849
19.5188
11.4864
19.0151
15.7898
11.4626
19.5312
25.5004
12.8266
11.361
20.7111
13.5861
17.6241
10.7725
29.4596
15.5758
18.0419
12.3579
21.5791
12.4977
13.7802
11.6823
18.6699
12.1354
20.6938
15.7376
13.7307
12.6799
14.7067
19.3106
12.2775
14.0451
18.1124
14.4408
11.1067
13.9741
22.6321
11.4993
13.2979
17.6464
13.8776
16.2028
11.137
13.0244
13.8574
15.3819
20.5393
14.3865
13.2657
18.7304
13.9269
10.7119
16.1824
11.0117
17.9144
12.85
13.2604
14.6643
11.3632
15.2462
27.7921
15.2209
11.3416
16.3287
17.3175
12.758
9.82343
19.9052
15.3401
9.82867
12.313
18.7613
11.954
11.793
21.3836
14.705
10.5842
10.6906
9.00458
9.60694
12.9891
15.7864
12.3074
12.2741
20.5484
15.2788
11.1443
13.7481
14.0852
14.4335
18.045
13.4843
13.6202
9.76771
25.5756
15.7472
18.4241
19.9177
13.7772
17.5549
12.4343
16.8488
13.1828
15.7125
11.0929
20.8062
11.843
13.8901
10.638
12.8043
20.1236
12.2165
17.3234
14.88
13.4703
15.583
12.4707
14.9682
14.1111
13.8763
10.7816
17.6804
11.1994
13.218
10.9738
12.7384
12.7079
13.3221
10.6541
12.5605
17.3065
14.6073
14.0143
18.3744
11.8849
13.5259
16.2114
10.9809
10.2991
11.8777
22.7288
15.3885
13.6803
15.8645
10.6069
14.3665
12.4741
11.0415
17.0759
15.708
11.6158
17.1149
18.1624
11.7695
17.9255
12.0801
17.646
14.5614
12.7543
11.2499
10.8241
13.9697
12.6116
14.864
14.1547
15.0635
17.0106
16.9129
16.7927
11.7037
10.714
21.58
15.5543
13.4566
11.1777
15.0917
12.0971
10.7401
14.9464
10.3354
17.8246
14.9625
13.2339
19.4499
11.4547
13.2721
12.2114
14.2698
11.4231
15.2779
13.5219
13.0829
13.4893
10.3186
14.0668
10.3017
12.2073
10.0644
15.5437
11.7989
11.0186
12.6405
12.0866
13.1323
10.2762
16.659
16.7273
12.5825
13.1626
15.3408
12.7768
21.1096
15.1558
13.9758
13.4659
12.6825
11.0179
17.599
13.7134
20.8967
13.7317
12.5376
11.1709
11.8215
11.7353
11.8705
15.5091
16.8419
13.4667
11.3143
10.9079
15.3848
17.2631
17.3585
11.7867
12.8515
18.9026
13.5203
14.5334
14.8835
18.5304
14.3795
13.5778
16.1012
11.1143
16.5802
14.1312
9.88133
9.08742
11.4734
11.6447
10.3622
18.396
12.801
14.2234
13.3322
15.2157
19.2563
15.642
12.4595
13.8457
20.7883
10.8861
13.4257
16.6454
11.0171
20.3489
17.0617
17.1153
14.4668
11.7855
14.1092
11.8993
20.4419
19.8418
19.2196
9.89513
12.2724
11.4979
13.14
12.3582
11.955
24.8261
12.9291
19.0061
13.9622
12.352
20.3941
13.4807
13.0002
14.5007
19.1669
16.3147
19.9395
13.8004
19.0497
11.9624
12.9866
19.8388
12.0845
15.6579
24.0485
13.1007
15.1828
22.6105
21.3459
11.7095
24.6675
18.6643
17.3079
13.1056
12.8812
30.0853
21.2965
13.2372
15.8679
21.4859
17.8061
11.7237
24.7281
12.3984
17.9075
17.2697
15.0972
22.2657
12.0883
22.0768
12.9406
13.1077
12.3568
16.0746
18.9401
17.0318
12.3977
16.1701
12.8218
12.9797
19.0916
16.2958
10.3886
21.0332
19.8623
17.0157
20.3597
9.92703
17.9687
20.1806
18.5379
11.4929
18.8582
25.3909
18.1632
19.2365
20.3957
17.158
22.5509
19.0055
18.4436
19.9685
22.2104
19.5544
17.9405
26.0894
31.0837
21.4671
18.1894
28.6559
27.1088
22.0717
19.1409
16.9781
16.2518
11.1501
25.0456
18.6809
16.1396
16.4324
22.1547
10.6932
21.3234
17.6337
11.3141
21.9334
20.687