30.4631
25.8604
21.9643
21.0734
43.8233
18.1344
17.8594
18.2811
18.2814
30.2901
18.1602
17.6163
19.4021
31.0462
18.0127
19.4702
18.9328
24.041
18.7857
19.6107
18.7339
36.0284
21.9786
18.6425
18.7393
19.8541
18.3913
21.3342
21.8027
19.3376
25.4976
18.1736
17.4238
33.2881
18.4245
17.8218
23.823
22.0402
19.4432
17.799
18.7444
19.6295
19.146
21.0095
20.061
17.709
17.7996
19.0709
18.9822
18.1409
19.0109
35.6021
36.8134
18.6268
18.5291
18.393
37.0981
21.0221
21.7599
26.4101
19.4014
18.5277
17.6997
18.6091
18.8765
22.2782
19.7346
26.0646
19.5524
19.9357
24.9483
17.7233
33.0722
32.1657
20.1613
20.1251
32.7633
23.548
17.7884
18.6241
18.5002
17.5112
28.118
15.7742
16.1889
17.7398
16.8056
17.0437
16.5215
28.953
18.7001
18.6207
17.478
17.221
17.5534
17.7489
17.8092
19.7381
19.2027
43.4368
35.9371
21.5672
20.7862
21.0909
22.4399
22.6322
25.0491
18.3845
18.1349
19.5027
18.2315
16.3441
18.1974
17.8609
27.1313
20.641
17.9862
20.0846
21.3929
18.3953
20.1769
21.3524
18.6895
20.9632
34.0394
18.8043
16.6891
15.6172
20.097
32.8935
21.4926
18.6431
27.9456
20.2473
18.9572
42.2882
22.8723
20.7156
20.172
27.4012
20.6823
27.5873
19.0323
19.7407
18.5402
15.8561
32.227
21.8907
16.079
25.7004
16.4535
25.7691
17.2992
18.505
19.0871
24.6932
21.4364
31.5745
43.1557
36.0679
22.7343
21.2992
35.5643
26.7598
18.81
20.66
28.6019
20.1558
22.163
18.521
16.6053
24.3888
20.8927
21.3873
20.8293
28.7718
20.4604
20.3073
20.332
19.1695
23.5182
19.636
20.5308
18.3023
18.8213
19.6534
19.7797
21.6171
23.7119
21.6592
23.6701
22.689
23.0118
20.1208
20.1675
19.0488
20.3689
31.7705
19.4681
18.6163
28.6634
20.8218
22.1659
19.43
23.5204
21.5149
17.5031
17.7446
16.8874
16.9343
17.2109
18.7941
17.6093
18.0427
18.7913
28.2622
19.3293
28.5979
18.5685
20.1325
20.6813
18.7826
20.9272
16.9356
26.4581
23.587
15.0872
23.7612
14.7936
24.2209
18.3641
18.0425
16.3781
19.7929
17.9477
18.1299
33.3781
26.1464
19.499
20.8402
20.4191
21.9242
20.6797
18.7495
19.5619
20.4358
20.4016
20.3718
20.4955
20.5725
20.6347
20.6464
19.1517
19.2497
23.1993
20.5828
21.0851
30.5291
19.8058
21.2944
26.1511
20.9143
21.7329
20.5274
19.6936
19.9743
31.0363
19.9031
20.1226
32.1708
21.8329
24.2059
19.5075
20.8742
34.4034
19.7221
19.5617
22.2542
19.3725
19.1191
19.8812
19.98
19.2432
19.2767
20.2601
19.359
19.3927
19.7544
19.6293
19.219
19.6749
20.2202
18.8797
21.5603
19.7281
19.7374
19.248
21.29
40.9561
20.0365
19.5325
20.6373
19.5669
29.9328
19.9302
19.8376
19.2079
20.2286
34.3486
46.7683
23.5633
19.3486
34.5758
18.9188
19.0351
21.3486
20.379
20.6311
23.405
20.0425
40.9692
20.3072
26.1423
18.8527
19.9424
19.6632
40.583
20.423
30.7217
20.3117
32.0506
20.3424
20.5501
20.3661
19.1966
23.6567
20.092
35.0751
18.6849
20.213
20.1881
19.2973
34.5191
20.2158
19.663
20.106
20.7572
20.0615
20.3066
29.1634
21.9575
19.3265
23.1042
20.3385
20.4915
21.4595
36.0909
21.8009
19.9785
19.4603
22.3737
27.8106
20.3772
18.5106
19.8339
24.0495
20.1093
19.7662
20.28
20.7921
20.6714
20.227
47.855
34.7424
19.5356
34.9392
28.9341
19.8535
20.0234
19.6684
19.5757
22.6177
20.0694
20.1429
19.5756
33.7235
20.0347
20.0235
20.155
20.3036
29.452
27.5655
20.4478
19.3941
22.3979
44.8304
20.7552
19.8951
22.0092
21.7744
21.6801
21.223
20.1843
20.6305
36.1296
20.4122
19.8209
20.5245
30.6799
25.4222
20.1543
20.7014
19.689
19.0372
19.1861
22.6593
20.0519
18.4109
17.8026
18.1379
17.7722
31.9999
16.3827
30.9372
17.5597
16.9134
15.2978
14.6104
15.3342
16.7238
18.9007
15.5107
30.2115
17.5862
20.6921
16.3093
16.7595
20.1904
16.9598
19.3583
16.5146
17.3472
26.6157
36.0672
19.4839
33.717
19.8588
18.4357
19.4827
28.1278
19.1124
19.3771
18.9771
19.9226
17.8118
27.3295
16.9136
18.1363
18.3339
18.2689
19.4649
28.2248
19.4561
21.623
19.7088
19.3685
20.8258
20.1965
28.1159
21.3622
20.4686
19.8381
19.5522
19.9008
20.3376
20.3788
20.8385
32.153
26.4319
25.5955
19.2965
18.4203
21.9573
24.5968
17.7031
19.4573
17.6659
17.5248
18.4861
18.9591
19.0164
19.9697
19.6204
20.452
20.179
22.3286
19.4091
27.3193
20.3628
18.1784
40.3265
32.9559
19.0308
32.3557
19.7041
21.1616
26.1201
20.1518
19.939
22.3702
17.8377
27.4228
16.7904
30.9276
17.3325
37.7603
17.856
19.0682
19.7097
17.6361
22.6808
16.6871
17.4853
32.4843
18.4474
19.9431
20.4369
19.7906
18.8542
19.7808
22.1683
19.991
20.069
22.1739
20.7908
20.0375
19.8717
20.6438
20.5911
20.8824
25.1319
19.9952
21.8657
19.4857
20.2212
20.3813
21.319
20.6256
24.1585
19.7985
20.3653
18.8025
22.4611
18.2023
27.8838
19.5105
32.8474
38.2688
19.1155
33.7495
18.6378
18.9282
19.7322
24.4924
25.1752
19.6995
19.3302
19.9389
39.7029
20.3411
34.6395
21.0548
44.0385
27.581
20.8184
20.2567
20.4881
25.8461
21.5334
24.6078
34.8966
19.8247
21.9345
20.4566
20.2144
19.8215
20.378
20.122
18.9608
21.1419
25.9031
20.1939
20.4036
21.96
19.7659
19.6579
20.5292
19.615
20.0962
19.2096
48.5149
38.3617
34.2477
23.9687
20.6316
20.3889
22.2008
28.1222
19.0829
19.4006
28.5096
33.5489
34.6031
34.2459
21.0022
19.5347
20.6823
19.2862
19.9557
21.8771
19.6415
30.7721
19.1193
20.1481
19.3581
19.1798
18.8243
18.8452
32.6346
37.5391
18.4539
19.9284
19.4291
20.5927
22.4554
26.3962
20.6271
31.3206
20.8911
19.258
34.3552
19.6108
24.9706
26.1857
18.7871
18.6915
28.7425
18.6111
19.5377
17.8869
18.0739
25.4967
20.6447
18.984
18.9662
17.7639
22.3078
18.9794
19.0958
24.9125
18.4468
16.8797
18.1378
17.6342
18.9748
18.5921
17.9667
16.8908
17.0487
31.9662
17.5563
22.3069
20.6616
17.0507
17.7578
30.7288
19.2778
16.8309
18.2791
19.3639
16.6291
19.4651
16.9974
27.2877
22.3857
17.8449
17.7215
23.9264
22.4155
18.0928
17.6408
26.0499
24.8827
18.8344
18.2965
35.9047
18.5455
18.4815
26.0309
21.209
19.6055
34.4566
23.2288
19.7253
19.2463
23.3596
18.3843
18.2137
40.3144
19.617
21.4678
35.9328
19.2972
20.9053
18.7352
19.9394
21.8493
19.9386
20.7335
29.7504
26.7096
21.2509
18.4054
18.0116
19.6337
26.2909
23.3136
19.0407
20.3864
16.9373
18.1933
22.684
35.2007
18.1569
19.6534
19.5297
20.4464
20.0534
18.8419
35.8375
19.5175
19.0371
18.3016
31.044
19.1272
22.3454
19.8065
20.766
23.5703
19.5069
21.1949
19.2374
18.6734
21.6669
19.6397
20.3377
19.8032
19.8387
28.7645
41.2318
18.4545
21.1067
18.4337
19.7822
22.4546
17.7167
19.3956
19.8769
26.3802
36.6269
21.9659
18.7659
17.8218
18.0276
18.3353
19.2333
42.4482
28.714
17.9208
18.9059
18.4135
20.6553
18.5596
20.0852
18.2262
18.8739
17.9699
19.9429
19.7283
18.6909
19.8797
43.301
20.0338
22.116
18.1116
18.4571
20.3237
18.8412
17.3113
18.6244
27.1306
19.0521
36.7052
18.7763
26.6249
17.8548
17.732
30.852
17.5105
31.5769
18.3161
17.7685
18.5824
18.6582
36.966
17.3342
33.1576
16.9971
25.7328
17.4757
20.2605
18.8683
28.491
17.8937
38.7459
24.3734
19.3538
19.8875
19.2816
18.4441
19.7475
27.9123
26.4872
19.276
18.248
18.2944
17.6246
19.401
18.2578
23.2864
33.6961
23.3371
30.5097
20.2688
18.9621
17.2114
17.2509
18.0495
25.189
18.7434
34.4542
19.6353
20.4439
20.5464
34.8174
22.5564
19.2
20.5103
21.2634
20.9113
21.5503
32.951
22.7637
22.799
21.6865
22.5805
23.9167
23.1736
22.2804
22.2536
39.1384
22.5476
27.0012
23.2825
22.5676
22.8732
23.9701
24.2611
34.2062
23.3184
22.9806
36.274
23.3885
40.2605
23.775
22.9509
24.4627
24.5292
25.7608
23.0332
25.1525
23.4029
25.0042
24.3774
38.7716
23.137
39.7554
31.7311
42.3437
28.7223
31.7686
25.4765
24.8324
25.0703
26.1576
24.6673
24.3463
24.6718
25.6689
25.292
33.9768
28.8803
28.2297
26.0482
28.3546
25.305
25.6882
32.9182
26.4101
27.7875
26.8469
43.3262
27.3155
38.4985
34.8165
36.5935
27.9632
26.9514
31.9219
27.3879
27.5913
26.4383
26.742
27.3244
26.7392
26.7394
28.0575
44.6209
25.8609
27.3789
35.7835
28.2343
34.142
26.2264
27.4828
28.2123
25.5826
25.4869
25.3393
26.24
26.0804
26.7951
26.4111
26.2204
25.5539
26.4132
36.6252
27.916
25.4986
26.8782
26.9321
26.1145
25.7755
47.6979
25.108
40.0195
26.2246
25.5602
25.0759
27.425
24.8562
20.7269
19.275
19.4543
39.1883
22.4953
33.4298
28.9198
20.5032
21.3812
32.7368
20.8654
20.5479
38.0925
28.4395
22.9932
24.0413
24.2574
20.5333
31.5091
34.8102
25.3077
38.5778
21.4638
23.747
19.8633
20.2122
18.7617
20.8503
20.0544
18.2214
19.4489
23.6967
20.7084
21.2339
45.2824
33.2772
31.6096
40.1219
24.8379
39.3668
34.0943
20.5276
18.1345
21.1962
19.1465
19.3172
19.1813
18.7127
19.2546
38.3464
19.4869
19.3993
20.3241
19.3153
20.4632
18.2159
27.6424
32.1465
18.1571
33.804
35.7391
18.2394
19.5431
18.9283
42.189
19.385
18.6175
37.8008
20.652
36.0108
18.6158
35.4448
32.2506
21.9918
21.3902
20.6832
18.2836
18.2874
17.0082
16.7083
18.8267
26.7106
18.634
16.1337
18.0459
16.5513
16.9448
21.5067
31.1849
19.023
17.1203
36.3479
19.0958
21.1815
20.0542
16.6821
17.8762
17.0788
19.8883
16.8118
31.3155
32.324
20.6909
18.5062
16.3866
17.1047
19.498
16.88
17.8954
17.5999
16.4994
15.9356
28.2947
27.9069
41.7008
21.891
31.6539
18.949
27.3067
18.3672
18.9207
20.9436
26.1238
24.9189
19.2912
25.9499
18.2558
39.9901
22.0267
19.483
22.1822
24.0966
18.3713
18.4527
18.977
18.4684
23.0842
18.9787
18.4156
19.1037
31.1234
36.5165
28.667
17.8613
29.0994
19.6504
27.7854
19.1342
16.8566
17.8128
20.6035
18.5535
16.3193
20.7022
21.5821
27.8488
18.9011
18.7043
30.1383
18.8766
18.9084
32.8745
19.6403
27.6438
22.5836
20.2027
18.9015
18.9017
32.6861
20.723
19.1948
31.521
18.2306
18.2162
26.4805
17.9374
29.0808
52.7353
16.2607
19.2541
19.1238
28.6101
20.1668
20.3504
18.3412
23.1063
18.451
22.5108
17.9703
17.9008
17.7295
18.403
26.2536
18.6415
19.0233
18.1352
19.7247
23.178
18.6174
21.4573
29.8089
18.2583
18.1489
21.1414
22.5253
24.473
23.0883
34.2522
30.4049
17.7706
18.3087
18.1358
23.875
31.9974
31.7087
23.729
22.6899
17.1784
16.9636
17.1216
16.4503
18.3084
17.2754
17.0847
21.6485
16.7711
17.9099
15.7642
15.7108
15.9242
16.2404
31.4573
18.7196
16.4289
29.3464
27.2027
16.2931
14.9922
16.6191
13.7399
18.7052
28.7765
31.5885
25.1013
18.5945
17.5049
21.7734
25.7511
14.0042
28.86
27.4964
16.1996
15.8363
17.4301
16.886
14.0909
12.4907
12.0646
11.5706
26.2632
16.7527
26.4276
16.7065
15.4349
15.9507
19.0924
19.2245
13.3927
13.1035
11.7358
11.9398
10.9631
21.8484
15.6136
11.3604
11.3446
12.3469
18.0893
14.9665
11.4287
28.1211
18.0388
23.739
15.2049
12.1858
12.4336
11.163
23.5559
13.3935
15.9803
11.9241
11.265
22.0346
22.8587
14.0852
12.0315
10.3299
11.2644
10.6516
14.6426
11.3234
10.8639
12.1687
10.818
15.4487
15.6965
11.585
9.30907
10.8925
9.9431
9.70421
22.4686
12.5394
16.8315
10.2621
17.3418
13.494
9.29096
14.7867
16.0031
12.3868
10.4892
9.87638
13.1307
9.93896
9.48133
11.8018
9.74527
9.22423
13.9364
11.1296
20.1115
11.6865
9.16045
8.4202
14.8866
16.3489
15.1645
17.6725
10.6653
12.5439
18.1093
10.9291
11.7281
10.7686
13.4434
23.7481
19.8015
13.5908
8.55826
14.9703
8.95147
8.68119
8.97102
9.27863
9.55088
9.84695
10.6191
10.3828
22.2507
14.7486
10.9157
9.61963
8.94439
12.1536
8.89541
17.0315
12.7359
10.3933
12.3892
10.5663
9.70796
10.4284
9.99715
9.71318
10.4931
11.6905
20.7421
13.6664
9.92394
14.999
11.409
10.0894
22.7222
21.2071
10.6639
10.5115
9.51246
21.1109
12.8215
11.1009
22.858
12.6847
21.5049
26.2132
10.3155
20.2585
15.5635
16.1907
12.4271
12.3503
12.0195
25.5041
18.2134
11.3257
11.6977
13.2333
11.8228
13.2186
21.3851
12.2346
19.8081
11.6165
19.5046
13.6673
13.2629
15.1739
12.9292
12.4092
11.1787
11.4177
13.1818
13.3116
21.3204
12.4854
15.2829
11.7863
18.477
13.5982
20.3659
24.4994
24.8746
21.5171
13.368
13.3731
13.0935
14.201
13.1372
23.7051
13.7139
14.1443
13.7126
16.6157
13.4458
15.2896
31.1826
26.7652
14.3178
21.7384
13.6148
16.0227
13.5169
15.8566
13.6682
14.972
16.5254
13.6679
14.0114
23.0384
16.6499
15.1767
14.4656
14.4785
14.68
15.5477
20.0756
14.728
21.8908
20.1035
14.7029
14.4195
18.8877
14.0677
14.9466
29.0575
14.5406
14.8266
16.8281
19.6484
15.0484
15.071
18.9581
14.8156
16.3883
16.3136
20.049
16.1307
15.3352
16.2341
15.3935
22.447
30.2414
30.9943
15.1924
16.5574
16.0126
15.2333
16.892
14.4055
16.2973
25.3378
15.8234
15.374
19.586
15.4796
14.9428
16.5309
20.684
14.944
18.2239
14.72
16.2396
15.2017
14.2192
14.6522
16.0706
15.5457
14.5038
16.2103
18.2501
15.6686
17.2231
17.0813
19.706
17.2232
17.0309
20.3406
15.9466
16.7961
16.2084
18.6443
17.841
25.8799
28.612
14.8207
14.1379
32.9505
20.8422
18.2786
15.6486
16.699
15.5306
32.41
18.0208
26.1186
14.5918
15.4226
18.4815
17.6649
33.0082
19.0739
16.9691
16.6492
15.512
16.8082
15.2041
15.8409
16.1913
15.5804
15.4289
16.0331
15.7051
15.4055
15.883
17.468
16.7457
22.5529
16.1955
17.5132
18.7221
18.2639
16.1906
16.8325
40.155
31.9424
26.5014
24.9452
18.1852
17.2642
17.5168
17.4401
25.9918
26.6056
16.6893
16.8244
17.7666
16.7739
17.2308
16.5716
39.1348
29.3725
16.9357
25.9647
33.634
17.0135
23.1655
17.1851
26.6329
18.0018
19.1033
16.9039
18.5388
17.6542
17.4045
18.5865
20.4422
17.8457
23.4952
24.6568
27.8587
23.853
20.2622
42.3073
22.2745
20.7354
20.7962
28.9104
23.4068
21.6416
26.064
37.9801
22.987
26.7291
24.2917
23.306
25.4588
22.7288
23.1405
24.5001
55.525
43.1438
34.7863
23.436
24.0218
27.7678
38.0666
27.558
33.373
38.5994
24.8916
36.5944
24.5886
40.9237
24.8542
25.7708
32.1798
25.0779
25.2866
36.9469
25.6616
26.9311
26.7424
42.538
24.5595
24.9464
26.1091
23.9423
22.7517
23.8628
22.66
22.6155
23.1516
23.8228
23.2151
22.2784
22.3342
22.7082
21.6784
36.8737
29.3435
20.6373
33.7561
24.4695
22.5419
24.498
24.8268
25.5453
26.1161
26.8357
52.7281
27.0357
26.5755
40.9233
24.4646
25.5818
25.5459
46.5294
28.8003
23.786
24.8186
36.169
29.7573
23.1231
22.9513
22.2817
22.5633
22.0549
22.8454
28.0497
23.6657
24.261
27.4847
23.7485
23.516
35.3962
23.5632
24.8697
24.8528
25.4094
41.1883
26.73
25.976
26.1332
23.3352
23.1596
21.1251
17.3586
21.0904
23.4961
19.9795
35.2311
22.3015
22.086
38.9366
21.4447
36.47
19.3706
27.5056
20.6792
18.5536
37.6297
42.1411
19.2224
17.5666
18.0563
28.4681
31.8151
22.5983
19.8886
18.1367
18.6298
20.5851
18.984
28.5282
31.6202
18.8713
19.7951
18.7784
24.8208
20.0662
29.1872
20.4718
20.3471
19.3447
19.1148
31.8759
18.5046
19.6446
30.899
24.8629
19.6979
24.0455
20.5524
19.5646
18.8931
35.6053
33.8986
19.3994
18.5451
20.159
20.6069
18.0689
19.4187
33.7007
36.0739
21.9104
18.3814
35.3831
21.7448
29.6811
18.1282
35.4322
20.4704
21.7377
21.0759
19.8814
19.23
19.4388
18.9411
20.076
19.2773
19.2937
18.0348
19.65
18.278
17.9163
18.1554
28.4656
34.6631
25.9504
21.9422
28.2533
17.5081
18.77
27.575
16.4952
23.4019
24.9138
16.9929
19.0914
24.5765
17.9494
32.3177
17.6094
18.8488
17.7144
18.9712
18.3887
23.7783
27.5346
19.5645
25.0772
19.5773
18.7908
18.8319
18.6208
20.4952
20.2742
18.7864
19.5027
25.1095
19.3722
20.4477
33.9042
19.0516
19.7401
38.0546
18.8518
20.1616
20.3224
20.2652
21.2004
19.4801
36.4922
21.8262
45.8069
36.5592
26.4419
20.1132
27.2773
36.3789
31.837
19.398
20.1443
19.7731
18.5794
18.5265
19.4507
21.0839
19.4328
19.1926
20.4819
18.5412
18.8042
20.3197
19.2912
36.3908
20.3569
19.211
19.3289
20.5826
21.0975
20.1538
19.3298
20.8634
31.1207
18.2096
23.5939
19.0971
20.5528
19.7967
22.3952
18.5275
18.6862
18.086
20.2738
18.8986
20.3752
19.2879
19.1183
28.5141
19.4098
19.948
19.0506
19.6413
21.4276
18.5748
20.3535
18.9827
25.2895
21.312
34.1256
19.6118
31.2105
20.1028
30.6998
19.4485
18.9907
19.1805
18.8539
18.6775
19.3142
19.3732
21.5814
30.0843
20.3491
20.774
20.9417
22.9608
19.8931
23.5755
18.8461
35.2168
20.3469
19.1375
19.8498
19.9451
19.6714
18.6699
19.4497
20.5273
20.2076
22.1314
19.8389
23.2689
29.7873
19.3304
19.4064
19.4661
19.2502
31.1571
41.0187
18.8464
19.156
19.5515
25.1032
21.3768
19.6528
20.03
22.3018
19.5515
20.6596
19.0219
20.6425
20.1995
21.6924
19.4382
20.0498
19.3379
34.5837
21.587
36.072
19.9281
36.4222
18.2387
30.9345
18.3219
22.0427
17.3015
29.1673
16.3559
25.9721
15.4106
21.3441
24.6495
16.8459
25.9055
15.3254
15.3522
15.2257
15.252
15.313
18.4935
15.8426
16.9399
15.7159
15.0456
15.9095
14.9363
15.9706
16.5603
29.6905
19.9913
14.9032
16.2264
14.7646
22.4805
15.3846
23.8107
16.0829
17.98
15.0803
24.1874
16.3659
32.7368
35.8132
23.028
16.953
32.0938
16.5502
27.015
18.2214
16.1483
16.7962
17.1943
17.6866
34.8733
16.6429
33.0579
16.7629
21.635
17.2597
16.7416
19.3268
22.5535
18.0785
16.7871
27.2425
34.4287
17.6519
26.653
17.0971
17.5022
18.5883
17.083
18.4586
18.5092
17.6667
20.3906
16.7364
17.354
17.7347
30.1739
16.8057
50.9336
22.2639
15.5622
17.6264
17.0403
16.1008
16.7713
27.9452
28.6104
16.5904
18.6802
17.7332
18.5536
20.0324
18.0637
25.0129
19.9321
20.2162
21.2053
22.4849
20.1463
20.7639
23.0302
24.2846
35.2766
24.6741
20.2808
21.6514
40.9619
32.7102
30.9339
19.5999
20.3343
19.5024
18.8634
19.0007
44.4847
20.8697
23.6761
19.6847
18.6898
29.5904
19.3544
18.4892
21.3313
20.4383
17.7672
21.195
17.8843
17.6773
19.4332
36.8288
20.5374
20.3333
32.0333
19.7917
22.9515
17.5847
18.1308
17.9005
18.8892
19.5402
17.5343
17.9864
17.5933
18.1734
18.4334
19.2266
18.9441
18.5349
19.3455
17.4043
18.0422
17.8903
20.4629
20.1506
17.8592
19.3754
31.901
31.1418
17.9188
19.1515
18.5197
17.9178
34.8749
18.0265
18.6918
18.309
30.0029
17.5457
29.0594
29.2401
18.1557
19.0166
22.3649
18.5357
33.1402
19.9611
18.286
19.687
18.4022
17.8792
22.5958
18.0964
16.7413
18.697
20.8837
17.753
17.7699
26.3122
26.9957
18.8951
18.4559
18.8013
21.1769
18.7984
33.1125
25.4815
31.9572
19.2917
20.2943
18.0217
18.9851
23.1984
30.3727
18.3807
18.7295
30.3489
19.3513
36.0177
19.6942
19.1421
19.3264
28.0878
20.2533
18.1832
17.9539
18.1528
19.1608
30.8559
17.6259
35.9756
18.3682
25.5919
17.8755
19.9644
17.937
18.4482
18.1211
18.3282
23.1094
34.3377
18.2623
28.8693
23.4533
17.9007
17.9097
17.4459
19.6328
17.7106
18.7553
25.9616
18.287
19.8065
19.2792
19.5149
20.922
19.2156
19.7572
18.7305
21.4137
21.0863
19.7213
22.1775
20.7754
21.1204
22.1135
20.8507
20.9824
20.9256
20.2636
20.6229
20.378
24.6762
30.9175
18.2816
17.5951
17.3885
17.9342
23.0871
16.9383
15.9951
17.4671
19.1084
37.4844
19.8185
18.4913
19.638
17.593
18.9022
21.4284
19.1697
16.5025
25.8212
17.1128
19.3042
18.9416
18.773
33.4323
19.3731
33.3489
23.8364
29.7845
24.4523
17.8947
28.1652
19.9195
30.9847
20.6603
41.9216
18.8895
28.0772
18.8818
20.6394
17.6507
26.3144
28.8434
15.628
18.2551
31.3264
17.8885
18.5901
13.8084
15.0866
19.7936
20.3197
16.9104
22.5656
30.6053
17.0176
15.6222
19.5588
20.0165
19.6923
20.2005
19.659
20.1801
19.8624
19.29
19.7108
20.092
20.0809
19.3436
20.8282
18.8514
20.7333
20.3177
31.3071