19.4883
16.7608
16.8107
17.5998
17.0347
33.0341
18.4926
16.8837
16.6825
16.1238
16.4925
15.8856
18.3482
17.5576
18.0189
35.6104
24.3909
16.5617
35.6742
17.6135
17.7155
16.4728
33.5973
30.6818
16.8156
21.959
16.5834
22.1312
27.3667
33.5285
19.4484
19.2768
17.2182
17.7992
24.5249
17.3993
31.2614
16.3969
17.2595
28.4441
30.8494
20.0735
16.1969
17.5454
18.3973
16.4132
16.7291
16.5339
16.6922
16.5345
16.0343
18.4124
33.7622
17.6456
21.8455
17.4756
16.1979
35.6678
17.0266
32.2135
20.1427
16.3299
16.0304
29.3968
32.4149
16.4178
33.749
27.0146
18.6844
16.4898
28.7551
17.3038
16.8585
17.7628
17.4188
16.6083
17.1687
16.8132
16.9369
16.2736
20.4759
17.406
18.3325
17.4247
17.0941
18.237
15.7477
17.3371
34.2605
18.377
16.6864
20.7321
38.5329
18.1036
18.0847
16.9924
18.3445
16.325
22.7473
17.8364
19.6152
17.1921
16.3276
21.9959
16.4815
21.387
16.0644
16.0588
18.2307
35.6401
17.6932
18.5414
17.8303
16.9764
27.203
20.2159
17.2128
18.6515
17.8161
17.0752
17.747
16.3013
17.3154
16.9128
24.7426
20.9152
16.6745
20.5387
17.4054
16.4046
16.8273
16.891
17.0341
16.6245
17.5779
16.8316
28.2164
28.3786
24.257
16.4898
15.0044
16.089
30.2477
16.3615
26.9739
16.8329
19.612
16.4635
16.3575
16.5915
17.0899
17.025
20.2283
26.9925
16.1212
17.9004
23.4842
16.8959
15.4217
17.4299
43.1432
22.5167
23.5197
22.4825
17.3331
15.0567
15.987
16.0103
16.082
16.3465
17.081
15.073
14.9294
17.5243
15.8028
27.5667
15.8143
16.362
29.1975
20.1448
38.2564
22.1507
19.6867
17.439
19.7357
17.4673
18.6886
39.4262
22.7405
20.9328
19.4187
18.9186
20.0169
20.8215
21.5629
19.1356
24.0856
36.94
24.6601
19.9366
19.8043
20.364
19.4717
20.5839
19.5487
20.3822
19.1552
19.7224
41.5233
19.8744
20.2087
20.1996
20.9053
19.4808
25.5485
18.8736
23.4218
20.2549
20.1082
21.2165
36.7261
21.6206
20.4155
20.3677
20.6319
20.96
30.6093
33.3733
20.1128
20.6362
18.7339
23.7663
19.8779
18.6579
27.0859
17.7715
18.407
20.1328
25.2818
30.8262
18.8488
17.8786
20.4754
19.6133
18.6409
24.4591
18.4259
19.6354
23.5559
17.5887
17.8801
18.9377
31.1532
25.3681
18.8756
19.7052
19.1035
18.8739
26.7265
18.456
20.5224
18.8674
21.5936
18.5395
19.1106
18.525
17.971
18.3756
20.2233
23.8787
16.4429
32.0163
17.6016
20.558
27.8962
17.5412
25.8669
17.5771
17.0605
16.5812
17.6124
17.2208
15.7794
15.8615
23.047
16.3542
32.557
18.0906
16.3422
16.4909
15.5361
16.2746
29.7067
27.8727
24.359
20.0936
27.7691
33.7684
16.7643
16.8821
18.6251
15.995
19.1982
17.9029
23.8956
28.1825
32.0642
17.8261
34.5163
19.1424
19.6048
27.7471
17.9156
18.1213
17.2258
19.2415
17.8643
18.3808
18.1293
19.0523
18.8773
34.0774
19.4427
17.9779
18.4036
33.423
18.0794
18.0071
17.4767
18.1624
18.6397
19.9997
23.8473
18.9424
18.3006
20.0607
18.0229
18.6197
22.0242
37.3596
18.683
17.2003
31.0524
19.0386
17.2685
29.5586
16.9255
19.0535
26.8668
16.708
23.13
16.7102
17.4933
20.8532
16.4571
36.0265
17.8805
17.7417
16.6765
25.2963
17.0586
17.5863
17.7096
17.2195
18.981
16.7415
16.9107
31.4576
17.4076
17.5229
17.5514
16.9304
36.0385
16.7674
17.2494
17.0787
28.4046
16.2472
44.6637
22.8514
21.1669
18.965
28.2214
15.7532
16.1009
15.4835
14.1662
14.0607
15.0034
16.1948
18.4182
19.7475
21.8917
15.4008
24.9196
20.3195
20.8696
16.5057
27.6955
32.7611
18.7067
20.2448
21.5249
21.598
21.7698
22.3615
19.016
21.2175
34.5469
28.9388
20.6146
20.3292
19.515
18.9975
18.3944
19.3738
19.2974
19.3689
19.4931
17.1666
19.0215
18.1242
28.9993
22.2804
18.3977
27.0307
27.8789
18.321
20.4732
26.0659
16.688
18.1735
18.1155
18.005
22.5049
18.41
28.5035
18.971
18.692
21.4764
19.5114
17.6726
17.4409
18.5425
17.9389
18.6861
22.0243
18.5879
30.0245
21.2028
53.1757
30.0595
23.359
22.158
22.2491
24.0125
22.2944
26.6576
22.7036
22.4591
21.5171
21.0312
22.3091
40.3206
20.8072
22.9616
20.2383
20.9069
50.6553
30.0273
40.4487
24.7504
20.5046
20.554
36.1002
20.5262
20.885
18.6385
19.237
28.2437
17.905
20.0587
19.6878
23.0772
23.115
33.4629
27.3849
42.1055
20.5482
23.1827
18.9955
34.2542
19.8794
18.5843
20.2354
28.7032
20.2237
18.5594
19.4092
19.0936
29.1736
19.4679
20.5006
18.3806
19.1117
18.4844
18.9426
18.9876
19.715
19.2586
33.6514
18.7112
29.6202
18.7341
29.7734
18.2991
28.0053
41.8452
18.6785
20.6666
19.017
16.9511
16.7281
17.1528
17.1389
17.8264
18.0698
18.8573
18.1579
21.096
18.0461
18.9555
35.99
19.9505
19.3327
26.8474
22.7242
18.4801
26.1638
18.1331
18.2743
20.7071
17.7521
21.1879
29.0002
18.4594
18.7922
31.1134
23.6665
18.7607
19.4945
17.4532
27.8136
18.6249
18.372
31.0226
18.1657
21.5689
33.9588
28.236
24.593
19.4289
18.6093
19.7106
25.0117
18.3272
35.3416
17.4557
19.83
19.0394
19.3851
20.7414
20.5149
19.9505
18.7532
26.0204
19.5873
21.6344
40.7787
19.8728
22.8012
19.8794
20.6857
38.2388
31.1274
33.4983
21.4115
26.3576
31.8413
19.5593
19.9058
19.163
18.8702
20.6371
23.5739
18.7742
18.3824
18.8091
18.2635
18.5005
31.2017
22.1606
18.6252
17.4583
17.1026
20.4385
20.0771
17.3086
18.3371
18.8984
19.6819
18.1341
21.6513
18.172
19.4185
18.6789
19.7904
35.2811
28.7949
41.2372
33.7633
21.0821
40.9706
37.6787
19.9616
37.2214
40.9647
20.6298
21.4269
18.7349
23.6753
21.2371
19.3277
18.8101
21.487
16.9878
38.4896
20.6545
18.6064
18.7937
18.7561
17.5963
27.4565
18.4347
43.8835
23.0806
22.5135
17.6291
17.6974
17.4686
18.5174
26.4858
19.2461
18.9956
18.2425
35.4376
28.8097
18.2215
18.478
28.3077
19.7231
42.1266
19.8963
29.8168
19.8487
18.871
17.8077
17.6119
17.043
17.4025
20.8368
18.9486
15.7791
17.8466
31.9973
25.173
17.7771
32.0629
17.0911
16.4373
18.1053
34.7512
31.6913
18.4354
19.7139
18.2247
18.0959
17.4097
31.4731
18.6837
31.1123
18.7866
17.7441
17.0203
24.9524
17.7815
34.6878
18.1485
27.4028
25.2576
18.4163
18.0115
39.2526
19.7098
33.1923
19.1817
41.9397
41.6799
20.3078
19.5651
21.0864
19.9132
19.8859
19.1153
21.4338
18.7635
31.8168
34.7476
19.7097
36.0698
20.0025
17.7791
19.4817
19.6083
27.4306
18.509
20.6723
18.0412
18.8508
19.8271
26.1025
19.3356
18.4626
20.1743
20.323
18.5259
18.4957
22.1054
19.3828
22.9271
27.3194
28.0977
19.9354
21.9078
19.3243
19.2479
36.9642
19.3368
18.9892
19.5134
21.2944
23.4063
29.7191
21.6855
19.1889
19.8583
20.4154
19.3632
19.2022
19.8006
28.4016
20.7076
21.4997
23.9605
19.8051
21.5503
21.4965
20.5856
19.9755
29.1027
20.2969
20.3214
19.4215
20.3007
35.199
33.2849
19.459
18.2717
33.2635
23.6078
18.7435
36.1266
19.393
32.0655
24.7763
18.3193
17.5876
18.3333
32.7889
18.3048
18.2251
17.4338
17.3048
17.5221
18.242
18.9946
17.4418
17.7733
17.2843
27.2161
19.2036
17.9566
16.9676
17.1489
17.4408
16.8653
21.895
18.126
25.2834
17.0542
17.5727
15.5413
19.7467
18.6757
17.1166
17.5292
17.6614
16.8514
17.7718
28.5569
16.0085
17.0456
26.7656
37.5551
36.0745
36.1317
19.5092
18.9465
19.5776
19.6464
27.3991
20.1214
20.7449
19.6153
20.6137
19.6544
22.7145
21.69
19.4197
20.1134
19.4948
19.932
21.8465
20.1415
29.559
21.0012
19.7841
19.5719
28.8263
29.2108
21.646
21.7478
36.5127
21.5832
27.6591
22.6849
21.7937
38.8346
47.9611
37.4114
20.8765
37.3856
33.8051
21.5533
24.8314
23.5638
24.427
33.9481
25.9447
25.9451
24.7287
24.7827
24.8159
24.0563
24.3476
24.405
23.0163
37.1845
25.2718
23.952
23.8964
23.1728
23.5964
23.7731
22.8803
22.7639
23.5934
34.7942
29.6602
23.2253
24.4301
23.1703
33.2285
27.1608
23.7331
22.4407
45.962
29.2096
25.0916
27.4461
24.7644
24.0203
27.6494
25.8208
24.3951
46.6697
24.8195
24.5922
23.9322
27.4421
23.1031
37.5865
21.9812
25.5181
22.9136
30.1808
27.7451
21.2187
20.5337
20.5971
19.3403
20.6459
31.0024
20.5917
37.7396
29.2453
23.2437
21.0521
39.3806
23.317
37.1356
37.0787
24.0109
41.4042
25.439
25.0007
48.0425
41.7584
26.2898
26.199
26.5241
25.0827
25.3437
50.2273
32.2272
23.0964
23.0983
30.176
26.9539
25.8115
24.257
23.6221
33.5568
25.4477
24.406
26.8962
29.901
22.1786
23.3671
23.3621
44.9656
26.3748
30.2405
24.4735
34.6258
23.6972
24.1411
22.9185
22.4769
21.8254
22.1597
23.9205
21.5267
23.9308
20.0476
33.5415
19.5895
29.69
39.9137
18.8019
17.4184
15.7644
16.0505
15.5305
29.9382
15.3783
18.2173
18.2391
24.3263
17.6595
29.5555
16.7551
19.0976
27.0606
17.4369
29.5117
17.6969
18.0181
30.0056
18.2096
26.6707
18.1154
25.8368
18.6808
18.1154
18.2165
17.9029
18.2673
17.5484
28.0488
26.9029
19.4794
31.1315
20.996
20.2041
22.7086
26.1079
36.0364
20.2745
20.4824
20.2717
26.8018
18.8356
18.9269
29.5061
20.9761
28.3422
21.3444
27.6774
26.6449
19.1588
19.5895
19.4262
19.6809
21.5901
35.8857
20.46
25.534
29.6847
31.5504
28.9434
24.3717
20.8931
32.9517
19.9162
19.7756
26.3551
23.6047
20.4526
19.4388
23.1317
21.4883
19.6511
20.5719
22.6271
20.0053
19.2883
29.947
19.9442
38.3173
19.4066
19.0482
21.2688
27.8688
40.7228
20.2618
28.7338
26.0675
18.3897
21.5288
18.5348
21.0553
18.1691
17.3082
19.6169
18.1771
25.7922
18.1738
28.5219
17.9889
21.324
18.7664
17.786
20.1723
18.3262
17.7702
21.0756
19.3237
17.9824
17.4132
18.9566
16.4021
24.4098
16.8312
19.3121
22.7102
17.3853
18.1176
18.3894
18.19
27.6024
26.1836
16.623
16.4743
25.8331
17.7216
20.7462
18.9492
19.0899
18.0725
26.6043
21.1856
16.4888
16.3838
17.1707
15.443
29.3788
15.3771
27.7399
22.8136
15.9033
33.9874
16.5687
30.0367
17.3811
20.7759
33.5027
31.7583
21.6207
17.7283
18.912
26.7225
34.5521
21.7732
18.8645
19.9466
23.216
19.1305
17.7494
22.5242
18.7043
17.8104
20.0782
18.9614
20.7751
18.1354
18.3631
17.6635
17.6137
20.1203
16.951
18.2563
42.097
25.1233
27.4489
16.2068
16.2635
16.8692
34.3991
25.1059
17.4151
19.0804
19.2763
20.043
20.5562
25.7056
24.8791
21.7683
20.7379
21.1757
37.5363
39.9144
20.5586
21.8392
20.8506
20.0076
19.8891
24.6956
31.0438
21.0848
28.6841
20.3706
21.1133
20.6915
20.931
21.7859
41.3342
21.0156
20.5415
39.7604
21.012
25.8798
20.3691
20.4
20.843
22.4563
28.9383
20.2647
48.3469
21.1164
27.779
21.3123
22.3586
36.6502
27.6588
41.8205
20.2754
18.8007
21.3462
23.6007
18.9038
19.2398
20.9705
21.4178
18.5745
22.3952
18.4947
19.7296
22.1104
21.7044
19.0361
19.5082
18.354
17.7901
18.5183
34.8691
19.1521
23.6076
17.2087
16.3518
17.0766
17.2392
17.0764
16.454
17.3944
15.9458
18.7561
16.7592
25.7209
15.7871
25.5348
15.8082
18.1756
31.4325
28.8797
26.549
16.4897
28.9407
16.1626
25.2364
18.1943
15.5848
34.2886
17.3867
19.8294
17.3833
16.317
15.8451
16.776
15.7383
16.1194
15.975
18.1038
18.5136
27.424
16.6887
16.2034
16.6362
15.9445
16.5853
15.8991
15.4714
16.0938
16.252
16.8914
31.4077
33.4799
18.2442
16.5861
15.9196
26.208
28.7298
24.6476
15.5973
17.0934
17.2348
19.2054
16.8063
18.4231
25.5404
17.1554
16.8172
16.9623
20.1208
15.8047
15.613
28.4949
16.2903
25.209
15.7014
18.3472
16.3257
22.0312
16.7175
16.0914
17.5927
15.4987
15.6791
34.572
17.1903
35.805
16.9194
27.6241
32.8748
37.5089
38.6872
23.4123
17.586
18.2359
22.1481
16.2791
37.4736
17.4503
16.8868
29.3327
16.4847
16.3355
15.6829
30.5707
17.592
14.9108
14.9098
27.9319
20.871
21.0083
14.9927
15.1862
15.0914
27.0144
14.9006
16.0877
19.1729
14.8553
16.6392
14.7617
16.3663
19.1308
18.5343
38.2832
18.2781
17.4537
17.7085
24.5477
29.1273
18.9572
18.7745
20.6503
19.1373
21.3546
19.6312
19.4311
20.443
20.6097
21.2827
21.9354
21.0358
18.8937
20.4405
22.06
24.2895
21.3077
25.9721
35.3835
23.0106
21.7055
22.5197
21.9705
34.8725
26.4143
20.2179
20.9594
21.5567
20.9626
20.6236
19.5659
22.0813
19.0238
19.3301
26.2129
28.0036
20.2752
18.9557
21.3008
28.459
20.2277
23.3081
26.1147
21.5091
33.7197
21.434
32.3451
23.0133
39.8787
21.6138
22.6572
23.8883
35.7806
46.5244
31.1583
25.0453
39.5698
23.2189
38.6918
39.3962
22.4381
36.2121
27.5395
22.0287
32.7153
20.7721
21.1869
30.226
21.7064
36.4239
31.237
22.2532
22.4225
21.9011
22.8881
22.1503
22.5357
21.4359
37.4268
21.2962
40.7647
22.4807
35.6469
20.7345
28.6785
19.4945
22.4517
30.5107
19.3374
20.3709
20.1961
25.676
19.2522
19.9219
18.5037
20.0837
19.2541
19.3037
24.5821
18.7296
19.3433
18.9113
18.8888
23.371
19.2432
19.8904
19.8593
19.5733
19.7683
23.9097
20.4979
44.2576
29.0498
20.2854
20.4917
21.6879
26.8116
19.7805
41.7071
19.1465
19.5809
20.8513
20.6325
20.8648
21.4228
21.2044
20.3996
35.9348
20.7086
21.7549
19.2974
20.5611
19.5674
19.7205
22.9689
18.6588
24.7641
34.5576
33.3698
20.3513
19.9731
20.0669
20.561
28.9097
20.0039
17.4968
38.7128
26.7095
26.5414
27.2329
18.481
17.5973
17.9814
18.3755
18.4732
18.0774
17.9585
18.7079
19.0511
33.0766
20.7303
18.6417
36.2555
18.6103
36.1515
19.3018
19.1336
19.4037
35.0282
20.3007
22.0956
36.4793
21.215
26.5098
20.2201
19.1961
18.8193
19.0112
35.3996
36.0734
19.8194
18.876
19.3844
29.3511
18.6921
18.644
19.2954
22.3473
44.0048
19.4226
18.2354
21.5119
20.2742
17.034
31.5833
31.3929
33.6605
17.718
26.7281
20.1637
18.4818
28.8511
20.2112
48.8689
32.8046
19.228
20.5304
19.9315
22.8077
19.4634
19.6606
21.5186
26.3459
18.1543
21.0074
21.4481
20.8655
20.0917
36.1927
20.9918
44.6856
31.1187
22.1683
21.9301
55.5657
26.9659
21.6097
23.1964
22.504
20.2775
22.2743
19.9735
19.6364
18.8378
18.8146
31.6813
20.5048
33.9554
18.8112
24.6604
35.8955
33.7043
19.1324
17.9517
19.4485
17.7477
17.8936
39.8356
30.0837
19.5148
22.2271
19.9024
33.2553
33.0086
23.3313
36.4089
18.3969
18.1064
17.4386
18.536
18.3849
18.6473
18.7001
20.2899
17.4054
17.9746
29.7987
26.4898
17.7619
33.8147
23.1535
23.378
17.3521
35.8176
18.8737
34.1526
32.7274
38.2755
35.9549
17.7898
23.1526
18.8882
26.0295
18.0732
19.0257
19.1502
40.7779
26.0535
23.4439
30.0564
17.2112
16.2771
17.0445
16.0289
40.783
34.3346
23.6954
22.791
15.9487
17.1577
29.5735
16.7927
24.0421
31.672
17.3784
15.8126
17.563
16.3282
15.8084
17.4251
16.4494
23.8026
16.2025
15.7322
16.4098
17.6856
36.4949
15.4845
17.9186
17.9808
14.9611
15.7029
28.523
15.3535
13.8662
31.3709
17.673
14.8178
14.3681
17.0168
25.2768
27.9845
21.8511
28.2601
13.0941
14.808
14.7203
29.3618
19.0209
33.5046
19.8085
15.7218
15.2354
14.1108
15.5414
15.1308
15.9498
16.5847
14.7585
14.7085
18.0395
14.4855
15.4511
15.2105
16.5405
14.6984
21.9879
15.7006
14.8272
25.286
16.3425
18.0956
14.568
15.8972
17.9567
22.1771
15.1516
14.9416
15.9672
15.4927
16.2109
34.1823
26.3116
19.5215
16.6378
14.5422
16.5959
14.8809
14.9607
25.6242
23.2728
15.7184
14.9056
17.1665
16.6272
15.8617
15.9585
29.7431
15.9396
17.1396
31.1604
25.851
16.5328
14.5591
14.4324
14.2733
15.7611
13.3969
21.9176
23.8644
13.9573
23.0634
13.2999
17.2854
13.1608
13.8377
14.115
13.8115
29.2568
15.7145
14.3402
15.2893
13.7025
14.2506
14.0344
14.5051
14.0924
15.0901
14.1365
13.3093
15.8448
14.603
13.116
32.6884
14.299
20.0948
24.0476
14.7394
22.4137
14.2384
13.0999
22.1744
12.5961
17.8723
21.1213
24.9067
13.4129
24.7977
13.6263
15.6318
21.8328
20.0759
14.9682
29.5237
15.3605
24.7574
26.9954
17.9892
28.4047
15.899
19.4561
31.1493
20.0703
29.7135
15.4725
15.5108
14.1578
15.2713
17.9166
14.9989
23.6108
35.277
16.632
30.6397
25.2011
21.7289
15.8753
38.512
25.8212
15.8269
15.9598
19.9649
16.8929
26.6859
34.1168
17.4702
17.3213
31.3028
17.1252
16.5632
15.0455
16.5524
16.9415
16.5168
28.3475
32.1606
16.5184
18.2117
22.7361
31.1617
30.9344
31.2993
15.3295
30.883
15.598
28.4541
21.2362
15.4206
16.7132
16.6451
21.9406
20.9823
20.6188
18.7611
15.7892
17.8166
17.8933
17.6544
16.6191
16.8651
19.5821
16.3131
33.9799
21.8271
17.1542
17.4334
17.5412
17.0434
23.034
30.1493
32.1306
31.6593
33.876
31.813
17.2802
18.3891
18.0327
17.4983
17.5228
24.6859
16.8009
18.1655
21.4394
22.6785
24.6969
32.2341
19.1757
16.669
16.9612
17.2208
30.3641
18.6625
16.9449
37.1556
24.0386
17.8096
16.6094
17.5758
21.3167
16.8926
16.9793
17.4036
17.571
31.1467
17.1673
42.4784
34.0836
18.0421
30.9237
17.7166
26.7723
18.0163
30.0225
34.2561
17.0649
18.4606
17.2794
25.3656
16.368
29.6385
31.1694
17.3241
15.347
16.4721
16.8875
17.7112
33.0107
31.3552
17.7291
29.313
17.3796
19.5163
18.6092
16.2215
18.2708
18.1369
17.1255
17.9033
18.763
16.469
28.0056
17.5588
16.8373
27.5057
16.8769
40.0209
31.9073
19.334
32.5272
17.5704
26.8775
18.5351
16.7684
17.7899
44.3423
19.1585
18.9934
29.3994
23.1999
17.4554
16.8912
16.4854
25.8936
16.1809
36.4519
17.7548
42.4758
22.3549
20.8133
16.8968
27.0833
32.5839
17.5555
19.3832
17.3922
20.9585
17.0617
18.2907
18.7983
16.7619
34.6252
17.0176
20.6742
29.6819
18.2636
24.7338
19.5268
17.8957
21.024
17.013
32.9049
18.4569
33.7824
32.2895
34.6247
19.4613
35.4148
19.4024
34.085
20.4919
19.7767
20.6835
19.1678
28.717
29.3024
20.1592
28.7162
19.0754
18.1709
17.7789
19.9211
37.9088
18.5357
17.9422
33.3218
24.4259
20.962
20.366
18.2322
17.1789
38.7629
38.9024
18.8603
20.66
20.3706
19.1179
32.3958
20.6328
33.8724
19.7053
19.1133
18.3929
18.3444
16.906
33.3077
21.5847
19.4605
30.1162
19.3575
18.0983
17.7634
35.2936
24.5219
18.2802
18.5733
27.9745
18.2258
19.7474
17.6768
19.8213
19.4163
20.9036
27.7647
21.9563
18.8192
19.0269
18.2711
32.8343
19.2853
18.1744
16.7262
24.833
36.2081
31.2417
30.044
18.1055
17.7747
17.7503
27.5937
16.2734
27.3036
18.9517
19.9001
18.8821
47.5232
33.122
32.9375
16.8231
30.0936
17.1116
33.8481
30.9992
37.5852
25.4013
18.6856
18.9149
18.8209
18.0739
31.091
18.3334
18.3633
20.4864
17.7728
30.696
18.8162
20.2619
18.4774
21.5034
18.9753
19.2881
19.9829
18.1113
20.7005
19.8475
19.8914
36.5955
22.5728
28.0368
21.3141
38.6373
19.9043
20.3334
18.9371
21.6953
18.8032
20.9918
19.7158
19.4659
18.8946
38.0305
21.1298
25.0532
20.3895
20.5616
19.0639
25.3589
19.3124
21.3214
20.0545
20.3546
18.9409
18.8081
22.4224
19.7484
18.2725
19.8756
18.745
21.6565
19.9857
18.8475
22.7915
18.4301
18.7078
33.3708
21.1392
19.3355
18.9883
17.465
17.7318
35.3145
18.1865
17.5106
37.0879
18.2331
18.9969
38.802
18.5085
23.7977
18.7037
21.407
20.6342
19.6638
19.641
18.6993
17.7276
33.68
22.1189
17.6733
17.4677
19.7657
35.8009
19.4418
23.4037
28.7127
20.1517
24.6488
16.292
16.5337
18.7267
21.9745
18.974
18.6482
18.5804
30.7295
16.6661
17.1395
18.4182
16.4189
35.8646
17.5206
21.2754
18.1875
19.4445
36.9774
17.4967
20.5227
17.3246
21.7488
16.9877
31.8764
16.4742
17.363
18.4659
18.5754
16.4448
26.0741
16.0047
16.9655
23.1111
17.5807
16.4802
20.8377
16.7348
31.855
20.5769
19.0927
17.7144
17.6852
17.6854
17.6793
18.1144
17.1614
38.7034
27.0743
17.9113
18.944
18.8029
19.6889
22.0329
18.3254
19.0099
19.4156
19.5204
18.3936
18.7802
19.0282
18.7692
19.461
19.7672
18.9003
18.929
17.8744
18.7443
18.3395
17.2934
19.2484
21.7269
18.4349
18.9209
17.9138
19.746
36.7414
22.6464
45.977
21.3813
27.2264
19.7782
19.2831
19.4322
19.665
18.8676
19.2022
18.2441
34.3907
28.0727
19.3809
18.1468
19.5787
38.9915
31.6112
19.0537
18.2361
20.7302
20.1614
17.5992
18.8335
17.7004
17.2681
36.8287
18.5793
15.5781
36.1043
24.639
39.4602
25.8209
31.7969
17.7881
18.1997
16.2308
16.2189
18.9784
32.7369
27.1611
29.021
28.6261
17.2436
15.4523
18.0211
17.1892
16.2242
26.6755
18.0009
17.144
18.088
37.5194
44.5117
29.5878
20.2583
18.1854
18.2058
18.0701
17.7003
17.3226
18.0016
27.6628
24.7088
18.3753
29.4972
19.1265
28.9177
17.5736
18.6486
17.6398
17.55
20.7709
19.7446
18.0471
18.7658
18.0311
17.6809
18.3447
17.3674
18.3474
17.2321
17.8788
15.9561
36.6381
16.2475
16.9891
17.8863
22.048
16.5401
16.2503
37.4563
16.4316
22.1578
17.0514
17.6675
16.9889
21.3891
16.9307
24.8915
27.1472
16.6807
17.7566
16.209
29.5077
16.965
32.2569
17.8426
33.236
17.7655
19.2913
18.6426
18.529
33.3678
17.2655
25.6351
18.1571
19.3751
37.9507
36.6926
19.7573
18.5441
19.549
19.2525
17.791
18.1413
17.6812
36.4553
18.975
18.7834
17.2376
17.6717
18.6013
18.2086
18.6523
19.0124
17.9704
18.0664
18.925
24.774
18.0067
18.2425
18.7679
18.8271
19.4584
18.2722
17.6164
19.6277
18.4156
17.812
20.3609
18.3551
18.0976
20.5161
18.6159
26.2806
19.8171
19.9614
19.7051
20.8072
19.4353
20.0643
18.4818
19.8639
19.412
20.8388
19.3807
27.8081
19.7253
19.0807
32.2823
17.4605
17.637
16.6521
17.8398
17.6333
17.663
25.2828
26.4194
20.4888
27.5766
15.8715
18.2284
15.5665
17.2859
18.6376
24.7062
17.5388
16.6802
16.5016
30.5967
18.0792
16.4753
37.1846
32.9425
27.1028
17.4588
17.7263
16.1307
17.5274
16.7576
17.4975
33.3791
18.9112
32.6199
20.9286
22.0071
17.793
26.241
17.0098
30.7603
27.0924
18.5851
17.0752
17.8978
17.1736
19.8735
17.5098
16.1637
26.6078
16.1677
24.0319
15.0538
18.0085
15.8394
17.9483
15.1241
17.3657
16.3046
16.0362
15.3162
17.1313
15.3136
15.7353
22.4348
17.5192
22.4296
16.7888
24.739
17.1147
23.9052
27.135
33.0093
31.5
18.2832
19.6326
18.7902
39.2616
18.7387
17.7278
25.0643
18.9257
18.6321
18.6431
31.68
18.4983
19.1499
28.2311
18.5871
20.8347
19.2615
18.2504
16.9177
17.5175
39.7756
21.4208
30.9137
21.0497
19.7153
17.9321
18.2248
16.9678
29.9246
18.3183
16.8162
17.2968
16.9607
24.4967
18.3032
16.5047
17.4605
27.8799
17.4654
16.5167
17.6776
32.5015
17.7952
17.3341
17.0091
16.2015
16.5588
18.5767
18.5979
16.671
25.6471
18.1977
34.3055
19.5933
17.3733
19.6704
18.1153
17.3978
16.7175
17.3212
19.1752
16.7358
17.0527
18.4088
19.0965
18.4488
18.3387
22.7442
18.1361
20.2319
17.7103
19.683
16.8542
17.6156
19.4001
20.3683
20.9615
17.7576
19.0108
16.4437
17.6087
23.8837
16.3903
38.9648
25.6244
18.2722
16.9315
32.9174
37.5416
24.8417
18.3981
17.9342
19.0095
16.5861
16.9323
15.2844
31.7023
25.2576
19.1327
34.3823
25.0793
16.6028
17.3547
16.4421
23.6087
16.2314
17.1717
17.2552
16.0137
31.6211
17.0617
16.3835
21.1548
16.5501
16.0694
16.2563
16.0499
14.9501
15.1946
14.5196
16.2024
16.0196
17.0879
17.0156
17.4846
18.856
17.7416
16.0738
17.6543
18.0396
16.569
18.3328
33.1042
18.2841
18.43
31.0806
35.8786
18.9351
27.7605
17.7828
32.3307
20.1105
17.3099
15.8886
17.0026
29.7496
19.3994
26.7708
14.6034
14.835
14.4723
14.5987
15.3556
18.1017
24.9126
21.49
15.5303
15.6448
17.589
15.2933
16.4836
15.7849
16.2879
22.2397
34.7619
31.8338
17.3749
20.7998
20.1957
21.3489
17.9979
18.4642
26.7858
19.5925
19.6237
18.3437
18.7969
18.9748
20.0174
17.8622
26.5484
18.9499
20.4454
21.9427
17.3883
18.6077
28.6053
17.092
30.8906
15.2119
26.7445
15.3685
18.1848
15.7069
27.616
16.9554
16.982
16.6297
15.6572
14.6817
15.3192
15.4592
27.3329
18.5641
16.7881
17.6186
29.2048
16.5753
18.0516
17.4278
31.2304
18.5162
21.1013
17.9307
17.2001
18.461
17.333
17.5497
16.9373
16.8611
18.1648
17.727
19.0749
18.6025
17.2667
23.185
18.092
18.1607
25.7425
18.3907
18.3022
20.0654
17.6773
17.9516
18.3078
18.8925
20.4276
17.1778
17.4903
18.4856
28.6884
18.2567
34.191
22.4337
18.613
29.5514
29.6234
19.9658
19.092
18.1754
32.7438
28.4543
18.2303
26.336
19.6209
30.0847
21.0372
18.2198
19.2595
18.0133
34.7731
18.6673
18.1432
20.018
17.4105
19.0405
17.5907
17.6536
17.6279
18.0419
18.6272
33.8616
39.5154
24.6625
18.9654
19.699
18.5948
18.8189
26.3702
18.4968
33.5818
21.4695
18.9632
18.3307
45.2353
25.6318
19.3516
18.49
17.9566
33.8777
20.5404
21.3603
19.0816
18.2144
18.2715
18.339
17.1927
20.2773
19.4959
19.9352
34.553
18.1663
17.5438
27.0176
18.1125
30.5599
21.1859
33.7081
18.7932
21.8723
31.2103
19.3097
18.0731
17.7445
16.7772
16.423
19.6386
17.9949
28.1773
17.3959
19.3868
17.6553
16.9818
24.48
18.5541
17.438
18.1715
29.368
18.1567
21.8892
23.3079
17.9114
15.9894
27.2979
20.0756
16.9407
18.7403
15.7094
15.8643
17.4519
18.1263
17.7712
20.2173
17.0994
19.8726
17.2832
16.6152
15.4909
16.7726
15.8458
16.2781
28.0296
16.1076
16.8477
18.6104
16.2195
16.6311
26.9231
16.5576
15.4921
38.8804
19.4043
17.4979
23.4047
18.0333
32.3522
23.3403
17.6051
16.026
16.8327
24.5276
16.2941
16.76
17.8738
15.8664
29.6136
17.108
33.3636
17.7636
16.4858
15.9907
31.0801
20.942
21.3046
17.6122
16.5361
19.2425
17.0483
27.2356
29.9815
17.2974
31.1536
19.7342
16.8629
17.5105
22.8893
23.8928
16.5477
34.0479
18.9084
17.3617
17.7913
16.9706
17.1221
16.4739
17.429
17.294
16.9962
16.9746
16.3143
16.621
17.2247