38.669
24.8032
19.0096
25.1828
19.3722
14.3181
14.325
13.693
13.6893
12.6434
31.0016
15.3108
15.8545
14.155
15.7653
19.6771
24.2416
15.4066
22.5359
24.8811
27.4407
13.9566
18.7787
14.8453
16.1086
15.7745
16.2516
20.1148
15.2935
14.5609
17.856
16.0816
13.6416
13.0545
20.1561
15.637
17.0319
22.2576
15.4202
28.4372
16.8879
15.0961
14.3867
20.1611
18.6525
15.8108
15.5846
28.4864
15.1619
14.2887
29.6071
15.6702
13.7486
18.494
27.7892
21.4983
25.368
13.7356
13.8319
18.0463
24.0081
15.3724
27.8894
24.0091
22.5359
19.4554
14.2006
15.3039
16.5795
13.8314
28.0683
16.6633
13.423
22.521
13.3411
12.8104
23.8167
15.2492
23.2047
16.4572
28.5709
14.5471
15.0338
16.0412
25.5657
15.8518
24.9482
15.0309
12.911
22.8472
15.1372
15.8723
17.3403
13.8752
17.9809
15.8489
15.1881
18.5943
26.2647
14.4102
14.792
19.0371
20.8271
32.6398
16.6424
21.1259
17.442
18.3682
14.5934
17.6778
20.1972
33.3009
16.237
18.0183
12.6465
16.9357
19.7337
17.084
13.2314
25.5283
13.5438
17.8703
14.0027
24.1074
14.1445
21.9679
12.974
15.7272
15.1732
24.9785
14.8344
14.6904
14.4434
19.377
12.7074
25.0072
26.5055
15.4933
32.339
21.6088
27.0692
19.0854
13.0607
23.7014
21.8843
12.7498
24.3867
22.0185
13.7496
24.9264
14.181
14.2611
14.8087
17.3071
20.6728
12.4865
16.4027
27.5305
16.8957
24.2879
33.6188
20.6099
14.8218
28.3666
15.7334
17.8255
14.8385
22.8842
13.7467
21.1911
19.3841
33.1932
10.4448
14.7288
14.079
13.7868
13.6191
13.052
12.0217
16.9621
15.9523
21.9405
19.741
23.4917
17.8319
18.1118
15.5527
28.4791
13.9266
15.8022
14.313
11.0031
21.775
11.9424
13.3193
14.3858
14.18
14.771
14.2269
24.0804
17.2034
19.9056
12.8852
14.4896
14.3434
11.3507
20.6331
15.2812
15.6236
14.0163
12.069
14.6466
14.0473
12.2934
17.9569
12.5825
12.6634
22.4518
12.8574
15.941
15.4875
10.9326
12.9836
13.6488
16.8448
19.6354
10.7329
26.0798
14.6509
14.8351
16.1794
17.7924
11.6076
13.7464
14.6938
15.8251
13.311
12.2507
23.0587
12.842
14.2137
14.2436
29.8243
26.3351
14.061
18.7036
20.9052
12.3454
20.7844
15.1375
26.4162
14.8851
17.7534
22.2318
17.1948
10.451
13.1676
17.596
28.8856
16.2859
24.8697
14.6767
25.1883
16.7856
14.8777
14.1749
23.2059
21.0607
19.3856
25.2453
24.5984
17.4345
14.5668
16.8775
15.8938
26.8611
30.0537
16.7134
15.2693
14.75
15.1185
20.2485
14.8074
14.6266
17.205
16.0607
33.0129
25.0185
17.1539
22.3695
16.6302
24.3863
27.7475
16.6414
16.3634
16.2856
16.6408
19.8713
19.1409
15.8535
23.9166
32.8102
15.4042
16.4223
18.5527
20.6469
16.522
13.9934
24.9991
15.652
30.0564
15.7993
20.0794
15.0517
14.7594
15.3398
16.365
19.6625
29.7789
22.365
17.532
18.8341
16.2331
17.161
25.0444
28.0039
25.9803
25.0571
14.3828
12.7561
23.0656
12.7367
25.0905
15.5567
14.4543
27.4474
31.3459
15.8609
16.6823
12.555
13.7274
13.0639
12.6532
25.0384
16.4506
26.9333
19.5456
16.5294
16.836
13.8329
29.2186
15.7606
17.6601
20.8679
21.2692
14.2853
23.4744
15.3373
21.2841
13.5793
16.5942
21.076
35.1087
18.2203
21.6798
25.938
35.2362
22.06
16.2376
16.5594
20.1537
15.8395
16.289
15.6275
19.8609
23.3119
15.5245
18.901
15.6784
18.2861
15.9353
17.4236
19.9503
18.1689
24.9078
17.9844
17.9818
15.2701
18.66
14.8057
29.2203
13.175
12.2667
11.248
13.9819
22.0002
13.8488
10.47
19.3238
14.7243
15.2192
13.3771
12.7003
13.038
15.2223
16.0829
12.2749
11.7728
21.0508
12.6918
27.1473
20.0981
15.86
10.4769
11.9002
20.0399
15.3601
20.0892
11.4668
12.9282
11.3075
21.4356
12.8979
13.2018
14.0215
15.8392
16.7256
28.8004
21.2156
46.7278
27.4034
18.0941
15.5036
27.5367
17.925
15.2012
15.9166
17.0894
35.0418
21.6747
18.0615
17.5485
16.1441
18.2808
20.8805
26.1697
14.5798
13.7675
13.4984
15.7693
24.2119
14.7157
14.2566
26.2055
16.4937
26.4328
22.3008
11.4478
12.7329
12.4805
13.9527
13.0999
12.2759
16.6852
26.2435
23.3594
14.2569
12.7305
21.9945
16.8101
16.0848
27.2363
14.0147
15.4355
26.3665
14.0803
14.2244
15.5161
27.8175
16.7654
17.8904
24.0274
14.594
16.8967
11.8204
11.7106
11.9963
13.2698
14.5853
12.9308
20.9326
11.9825
13.1623
12.1623
14.0649
19.2594
14.6975
23.22
13.5729
18.5693
21.7246
14.2854
16.9381
24.3996
14.6343
24.6548
15.5004
25.2957
14.0207
16.5473
17.3834
15.0973
16.3176
15.0736
27.8575
21.095
14.2419
11.6527
11.7671
13.7634
15.7033
14.2121
18.2824
15.7278
17.9276
20.2189
15.5869
16.3234
23.8263
14.8726
25.882
15.8507
13.0461
14.4879
13.8072
13.939
13.1069
26.5086
15.5496
19.5912
16.9121
23.68
14.8675
25.3351
15.3104
17.1574
29.6023
24.9359
16.0915
32.8114
18.1669
16.2295
16.1504
15.7075
35.3229
17.8373
28.1359
23.0397
15.0637
16.6201
14.0469
14.9917
28.1233
16.9765
13.991
29.0137
15.2182
27.2727
17.7877
17.8859
15.6111
16.9871
19.9534
25.1053
14.3948
16.6152
13.2452
14.8487
26.6804
14.1518
15.0772
14.3856
14.2563
17.4564
12.8408
15.0437
31.5514
24.5441
20.453
14.7093
13.2512
21.1519
14.3636
17.8444
15.0624
17.5821
20.3429
19.9106
12.6819
17.4301
16.7205
16.2497
14.8314
12.8411
20.8464
13.1267
12.5341
26.6634
13.9764
13.9165
13.8491
15.3757
20.7104
16.8461
15.9282
11.9476
16.8305
13.4657
21.5105
14.2671
20.8902
12.4374
28.6264
16.5312
13.5264
18.2003
12.6416
15.5617
16.7347
12.8583
30.3248
19.6468
38.4504
19.9476
14.4479
13.41
17.2408
24.1639
13.9011
28.4463
15.5896
30.413
20.0246
30.6108
15.5128
18.7116
16.5299
16.2166
17.6286
16.2405
16.7049
18.9814
24.4366
19.2932
16.89
17.8517
17.6726
33.0374
16.6433
34.1803
34.3841
18.7286
16.1342
23.008
15.9471
17.4595
15.5223
17.9833
15.3896
31.3621
23.7626
14.1439
13.2328
16.7426
25.5038
22.6858
13.0504
19.2836
10.7011
13.0739
12.4388
13.037
21.7536
27.5524
23.1741
24.3676
11.7558
13.5667
11.4081
12.9254
29.9852
12.3174
24.2533
24.1327
21.799
19.5122
13.8266
12.4957
27.2356
22.5882
27.2531
22.8041
21.595
22.8844
24.0518
16.9751
24.9015
28.2883
39.4812
33.8022
29.9789
20.6611
29.8365
21.0877
19.3966
24.578
20.7371
31.52
25.9751
22.7721
25.8025
18.1938
32.3632
19.0686
21.7827
19.7837
16.9027
19.0372
16.8246
14.7728
21.1398
14.7063
20.3013
23.1643
18.901
17.6499
28.4873
25.728
25.4382
15.6529
19.4652
28.5092
19.4892
27.9593
22.4059
27.0563
19.424
15.3418
26.9113
14.5395
25.7337
15.248
16.7297
11.4875
20.945
16.562
23.0524
14.2654
13.2846
17.5165
22.5853
22.8491
31.0651
17.005
23.8344
21.559
21.8745
25.2252
23.5878
22.6972
22.7647
21.7067
20.0098
20.4059
12.0726
21.2772
13.8477
21.0287
22.3227
26.7304
14.9127
28.2057
23.0534
17.1418
14.1812
13.1268
17.3705
21.3897
16.1247
16.1801
12.35
14.9029
16.8643
13.9959
13.9604
10.7639
21.5891
12.8702
13.1821
12.3539
15.7634
15.2073
12.2671
22.1823
13.2229
20.9086
13.5035
13.6295
17.5307
15.9287
14.9704
14.3784
18.6665
11.6243
15.9573
13.4024
13.7219
13.3676
22.862
21.8506
17.4892
13.4493
14.0908
23.6638
14.4183
19.6727
14.3103
12.3904
15.012
13.4937
15.135
13.1013
27.5016
14.3386
15.0921
13.0127
13.8404
13.8679
22.8325
15.0067
22.6117
25.1989
17.091
17.4106
16.8686
12.4449
14.3784
13.9242
17.7489
14.2099
13.4855
19.7419
17.6607
14.4086
13.3465
14.1187
19.5305
20.4593
14.8859
12.4807
13.9243
11.4219
17.6753
18.4405
13.4258
15.3528
14.6641
28.4938
14.3678
20.6343
12.3202
23.6338
14.2461
21.9461
11.7897
24.027
16.2631
11.1434
15.025
11.3363
13.2254
13.9242
16.4
14.217
15.5569
22.9652
12.0618
11.4081
11.8779
21.7344
17.4394
13.1686
12.6343
13.4092
20.7675
12.169
18.0895
13.4936
22.2399
15.1792
12.3851
16.3548
12.3373
19.938
15.5301
12.6003
15.3946
23.1639
16.4482
13.038
11.3834
9.7012
10.9714
14.3586
11.2849
12.3097
14.4734
11.6006
16.9068
12.0492
19.8405
15.2961
27.0766
17.0394
16.1959
32.5438
17.7203
30.9619
21.4612
26.3704
15.0097
13.7616
17.4134
25.6167
13.8573
14.3018
13.3698
12.7994
34.3983
19.517
19.5383
15.2943
15.1921
16.8993
17.2761
28.3541
17.3267
15.0056
24.3991
14.3071
22.4168
26.7619
16.8228
14.9678
34.1701
22.57
19.315
16.0911
21.3631
20.8952
30.9223
19.3231
20.5404
14.573
14.9477
12.1816
24.6946
18.749
11.1107
19.5834
12.0708
19.2384
22.2157
13.3192
26.1615
14.2663
23.1709
13.8588
18.7483
15.0576
23.7265
20.0919
15.9339
15.9681
14.747
18.012
15.419
19.1192
16.1609
16.8506
24.9748
34.8543
20.1312
16.4606
15.983
30.8629
16.2518
20.4754
23.8428
17.0128
30.8211
18.8028
13.591
11.4828
10.9956
13.9551
14.4401
12.8776
12.6003
13.359
12.984
11.9396
12.6269
26.7487
11.0684
13.8266
11.1448
12.3637
14.8573
14.0651
17.8087
31.754
16.992
17.5966
32.6606
28.0271
21.5493
36.5246
14.4343
22.9783
26.6406
23.6325
22.6531
18.0927
21.7994
21.2441
15.8669
22.362
15.9859
24.2401
21.5871
20.4222
19.256
27.6545
22.7815
23.7361
21.4244
31.4861
28.2482
19.0222
12.5572
23.6647
25.5712
33.6415
28.389
34.4097
17.8788
17.4586
16.9773
25.3957
30.7453
26.7888
28.5683
29.2426
22.9925
15.372
17.336
17.8101
15.231
16.4384
15.9016
15.9914
31.0154
24.9927
13.6738
14.6933
11.2776
22.1367
13.5387
24.003
21.2291
24.2973
13.5444
18.5685
14.624
17.8574
13.7279
21.5659
24.2558
13.058
18.0796
31.6837
18.3309
20.2153
35.1717
27.0885
16.1605
37.9163
20.97
31.5038
25.3048
16.7343
23.4972
25.5571
14.9789
28.3366
15.3219
15.0595
14.5977
31.5013
15.1574
25.3421
14.6382
25.257
13.9342
17.7875
14.1427
13.7869
32.5449
16.6187
14.3558
14.3034
13.8471
27.2016
17.0736
12.2233
14.2796
12.7287
13.8276
14.5622
14.4557
19.8057
15.7084
26.6973
18.8157
13.7818
16.0282
12.9766
20.4227
13.5856
13.6818
13.8982
25.261
16.9017
22.6914
26.2028
14.0482
17.3221
21.7055
15.6855
13.2592
11.3893
22.3943
15.1488
14.0911
24.0508
25.0122
23.8253
25.773
27.283
13.4072
15.8639
26.7686
28.9961
19.983
18.5113
27.4021
24.9562
24.1499
32.207
22.0572
20.4076
27.0347
26.6424
19.5768
34.734
25.094
17.4815
37.8708
29.4426
25.2096
37.0679
28.6324
31.1794
25.2902
20.1205
31.8921
29.1552
15.7289
23.5323
24.2147
23.3527
19.6107
22.6132
24.6781
38.5858
40.6815
25.7812
18.6358
14.5427
23.7594
14.106
15.4792
19.6242
22.6572
19.0144
24.7365
24.4826
31.4189
17.9899
26.1782
24.0737
21.6974
33.7572
14.4394
20.5839
17.2253
17.9784
23.1288
24.8669
25.37
16.0363
23.5587
16.9824
26.0183
33.0561
30.6255
23.718
32.4687
26.6067
23.0443
16.1987
28.172
12.6952
24.2573
27.6044
31.0942
18.0525
18.0419
24.109
30.4598
18.9629
14.6223
24.7794
21.1329
20.2524
20.5107
24.9236
13.0152
22.8538
19.7695
25.1151
27.2299
15.8197
14.5437
13.3273
13.4891
20.6973
14.0987
15.3582
14.2153
18.3456
18.8255
15.2939
24.9
14.4341
13.9745
12.3851
14.1636
13.5228
11.718
29.1563
24.3786
27.6008
18.813
13.4208
15.5207
14.378
12.1131
28.0126
14.7507
23.3477
15.7737
20.9489
12.5147
24.2264
12.6806
13.7934
13.2287
18.5141
10.5034
10.4318
23.8046
15.9716
14.4052
14.8792
19.9243
25.8712
28.0879
20.0906
12.3619
10.7963
13.5501
12.9118
16.1135
23.3181
12.2371
26.6428
20.6526
9.96509
19.3748
19.7608
11.7734
27.2798
29.8078
17.0785
14.0046
18.1117
11.4359
12.1115
22.4179
20.646
22.308
26.8349
21.6159
13.575
10.5742
10.3282
13.443
12.2502
16.1254
13.3918
12.3207
19.8892
19.5704
9.99263
25.5704
18.5061
11.931
15.6308
16.3108
20.3385
12.846
14.4837
21.865
11.329
14.0431
26.9731
21.3056
16.0124
15.9566
13.308
18.3046
19.1039
19.9882
15.0457
27.7899
14.6064
13.0925
13.5919
13.2284
21.7495
12.9538
17.0941
18.3929
19.1946
15.3391
25.1353
10.4855
14.087
15.6057
15.8691
19.7065
16.5216
17.0197
14.1334
12.3427
12.7567
9.91575
22.7651
14.2126
10.498
14.8634
20.3666
22.4954
27.4665
16.1068
18.4092
13.3
16.1358
26.918
13.3412
10.9808
15.3136
12.9292
15.2826
13.6164
21.8749
12.7193
24.1154
15.9124
14.8535
14.3942
14.7287
16.0922
14.1613
30.2047
15.1453
15.6399
13.8624
21.9806
13.5213
29.4729
13.2702
15.0649
23.092
17.1485
28.5664
15.542
14.8915
13.242
19.3034
21.8924
14.6334
25.6286
15.492
24.547
22.6001
12.0947
25.8366
26.3863
15.5328
25.2183
33.8296
16.5406
17.3956
15.2349
15.2815
15.5615
31.028
19.215
15.3085
16.8354
16.5373
24.5007
14.1389
29.4633
15.678
29.2933
15.0152
30.0796
21.9106
14.0574
21.4415
13.4892
14.5609
14.1573
13.4638
11.9871
23.2354
17.1822
16.0942
14.1301
14.3987
14.6829
22.5162
14.5465
12.7298
13.5084
15.5318
27.3016
14.571
21.8457
14.8723
13.8148
22.2426
15.4215
15.1494
12.6504
15.3678
13.3031
16.3973
15.0429
14.2327
16.3692
16.8229
18.4138
10.9314
14.5431
26.7214
14.967
23.9647
17.2318
30.8042
18.2269
26.1095
28.1496
14.9069
23.7864
16.4108
18.584
17.6538
19.6882
19.2385
17.4283
15.3441
15.0688
14.8119
24.196
26.866
27.0379
36.0787
29.3499
54.0112
31.1428
32
36.7036
32.5196
31.9224
32.9743
26.901
24.276
25.2515
22.1345
26.03
31.9568
25.6071
34.2053
37.4305
39.6565
40.5868
38.1861
39.1669
21.793
22.3376
33.6469
27.4851
20.935
18.1388
18.3897
18.3266
17.1429
22.474
24.2936
23.7842
21.3094
23.5237
23.9892
19.2803
17.1492
13.2305
30.9387
20.27
13.1369
11.627
11.5009
15.2365
24.1409
17.2894
16.9775
15.6855
15.2706
24.4495
12.9871
20.3914
24.8454
12.6913
25.5521
15.1104
14.5542
27.9179
20.7574
15.9411
19.0506
17.6916
28.5459
21.133
12.9002
15.4014
13.0981
25.7069
14.6906
14.5799
14.4797
13.596
26.8033
14.925
14.3883
28.1779
16.8616
28.5962
19.9992
29.9235
16.2218
24.9099
15.9146
14.8143
15.3693
18.8503
14.5566
16.572
26.2458
37.3357
16.802
18.0309
16.6387
29.1739
25.8094
21.9398
29.675
28.7841
20.4032
22.8069
18.3203
28.467
15.75
17.7606
24.6033
13.6624
18.6634
15.5736
18.8635
13.4942
33.4712
31.1904
24.6595
26.7628
14.2231
17.6318
14.8936
22.8303
32.4606
26.1569
15.0479
15.6228
29.3852
14.8048
18.3469
13.1955
13.9461
12.4738
15.9513
13.7639
14.3201
17.0499
12.7309
17.9418
22.6404
14.7219
31.3177
19.8891
17.282
13.6597
16.7593
35.8278
18.0446
14.6308
14.3796
22.3028
15.0805
15.6803
16.691
24.3976
15.155
30.175
15.826
15.3959
12.2594
24.9004
14.8786
23.2807
15.094
15.2208
14.6425
25.3922
19.5984
13.0836
15.3868
14.2408
15.776
14.0585
25.6833
13.9862
27.9341
16.4716
14.0868
14.8498
23.7921
14.1596
18.1564
14.4649
26.9676
16.6497
24.8071
15.9821
16.5803
16.3933
24.7513
14.6323
19.0983
15.6204
16.8278
18.5505
15.948
16.3427
14.1263
14.2356
14.2874
13.2829
15.737
15.1688
19.5959
12.5615
28.2596
14.5369
12.5121
21.2191
13.4608
14.1215
23.4383
15.535
11.2912
25.7263
14.4648
13.7343
13.2323
12.8293
12.6205
21.9384
21.8657
26.3976
16.383
11.3088
11.7919
24.2566
12.9113
22.2878
25.8345
24.2547
26.8564
19.916
25.619
21.4672
29.392
25.8859
29.5717
29.3501
23.531
23.2972
32.4292
24.2242
25.4525
30.2267
23.9479
27.272
24.1833
25.4379
24.7479
26.4233
25.8508
23.4946
20.9866
26.4615
27.2098
27.278
26.3409
24.2185
13.3413
25.5383
21.8105
12.9917
21.6548
9.87489
22.2699
20.2231
21.9932
20.3173
23.3248
17.9355
19.9699
20.7641
17.8361
14.4621
23.1072
25.8669
21.2697
17.4982
24.4136
25.5583
19.4115
24.7256
24.7845
14.5107
25.7774
15.3255
18.2969
25.427
13.6598
19.7785
26.691
17.6946
23.1345
13.8446
24.7581
18.3488
12.1235
18.1471
20.5937
14.1721
17.7109
16.0915
23.8626
27.0096
13.6822
26.875
20.8367
13.3421
27.4714
15.685
29.7591
16.8589
29.2521
19.2177
11.9739
17.3709
18.0836
11.8523
22.3708
13.9499
23.503
21.1322
13.712
9.9247
12.2102
17.5805
15.0989
12.1257
12.4983
14.9333
20.6843
12.8546
12.9663
13.0486
16.2227
12.0401
22.8141
20.1289
14.657
23.0788
15.0906
29.7717
15.1223
16.3442
13.1575
15.6705
18.9786
14.9425
26.5173
16.7079
21.282
15.2565
15.6279
18.3117
16.647
31.8425
15.6193
29.612
16.6034
31.8216
15.8197
15.1168
15.6893
18.2105
13.3292
26.1393
15.3382
21.4095
13.3836
16.8129
28.7461
14.468
15.5201
24.0429
18.707
14.9538
21.8574
25.7318
28.0699
13.6831
17.7088
14.866
15.1841
26.3049
23.582
27.4096
29.3504
23.6226
23.3871
15.3275
17.593
19.1543
16.553
22.1442
21.4084
14.5506
28.9759
27.1857
35.8279
26.4588
16.1999
29.4976
15.6463
29.2626
24.4924
39.3798
18.6692
29.1201
30.5379
29.096
29.1379
24.5366
22.2948