42.8499
25.9832
25.047
24.8989
25.6021
22.7902
24.6233
25.6208
25.573
25.33
26.6101
28.9331
23.9643
23.0348
28.7685
24.1989
23.1225
31.122
23.2965
22.8899
21.4778
21.1134
22.1943
23.2959
26.6135
20.8484
23.0826
22.4705
8.72616
8.26568
9.13937
21.1282
24.1724
22.827
21.5554
28.7876
22.1841
22.953
22.9954
22.7592
22.888
24.1045
38.8225
24.8165
30.9085
24.2834
25.9579
23.0127
23.8714
22.5548
23.5162
21.563
23.4041
21.6212
23.3481
24.5668
22.1977
22.7563
5.89927
6.77482
21.6313
24.2144
40.3117
23.6436
24.309
21.0207
22.4086
24.1678
22.3331
21.8537
21.3644
25.0128
23.8459
44.3048
24.118
29.8569
26.9277
22.7208
36.786
36.5485
28.0914
21.5501
27.2877
38.5464
23.0891
25.2765
27.4715
27.0143
22.4742
22.1168
7.66962
25.73
23.208
24.3247
21.6201
23.0387
22.0501
36.2724
21.9201
23.3345
23.1678
22.1069
23.1171
22.9539
31.1015
25.4075
24.325
26.3002
24.4356
24.0383
24.1953
27.4251
21.2053
21.1984
34.3877
22.8196
36.1238
38.9681
20.3618
18.448
25.9161
6.31485
34.2575
10.2359
21.9493
25.4114
22.2711
22.3093
23.5187
21.0164
22.0099
24.1712
22.272
23.5314
22.5915
25.1555
22.9171
22.7121
22.4116
23.3853
22.6546
21.5948
26.0544
22.9405
24.2264
22.2138
22.6596
22.536
22.5474
23.4084
22.4856
22.2559
6.74166
25.8379
6.66119
27.0337
24.4769
21.1356
21.0367
28.7029
22.9986
26.1294
22.3681
25.2733
24.2738
27.9805
22.067
24.9963
22.5864
9.77754
23.5903
36.9413
25.0069
7.38432
22.3793
22.7614
10.6157
25.9803
24.7896
22.1698
26.078
24.8094
25.8771
39.7686
39.7671
31.4862
32.8617
26.9232
31.9279
32.6815
25.5836
48.4589
39.0648
43.7003
25.6031
30.458
33.8661
27.9165
25.2144
25.217
32.7911
35.0986
29.2718
50.6446
32.0585
25.61
6.34512
40.9088
24.7769
28.1564
28.0608
25.832
39.4013
30.6447
6.32536
5.48645
44.3301
38.3817
29.5408
40.3425
25.2091
25.7558
25.5832
27.3627
26.0878
25.6433
32.1027
26.3849
46.0972
21.5921
34.2179
34.3731
25.5019
26.1553
26.7731
26.6172
27.7323
29.1995
26.5546
25.8107
24.2036
40.5692
27.2107
28.18
28.2049
25.9588
27.4625
6.36386
8.44387
26.4336
27.1958
24.8338
6.49431
38.4717
7.99838
26.3003
26.2554
25.896
25.5855
24.7558
26.4416
26.3925
26.2163
24.7943
25.3825
30.2009
26.9751
23.2611
22.1755
27.1538
25.8578
24.4311
24.222
27.8573
22.1244
36.3637
24.6539
22.1232
22.6032
23.4673
22.5405
22.6689
22.5486
37.2909
28.2881
22.9114
22.7819
24.9464
25.3005
24.9527
26.0893
36.4695
31.722
28.39
26.9671
28.6069
25.6397
24.637
27.5768
26.3932
27.3379
26.4676
25.7043
25.0089
27.058
27.6021
11.1703
45.5153
7.75056
8.36516
9.24068
34.1959
26.2077
24.9604
29.7351
29.0286
38.6271
26.6688
25.6218
23.3935
25.4114
25.9649
24.1083
28.8609
29.5396
27.7937
26.4383
25.5025
25.0728
23.9062
23.1625
22.3139
23.1132
24.4585
26.2758
23.8037
24.0096
26.1885
23.8879
23.7843
41.6011
22.851
23.3145
21.6178
24.9286
23.8515
26.1936
23.734
26.9101
24.109
25.5887
26.8596
26.4531
39.4096
22.9216
22.4286
35.9543
26.1136
44.2675
23.7296
26.087
36.7446
25.5225
26.8334
36.3817
26.0017
24.1359
37.0652
24.7822
45.126
47.4029
25.5158
24.0568
24.6365
22.8441
26.4211
25.1284
35.0043
27.7691
25.0121
25.6626
49.6677
27.4888
24.0331
22.0684
21.9526
22.1209
22.4094
20.7543
21.4439
21.0882
24.6269
24.02
23.5449
24.9043
23.5218
25.4214
39.3023
26.3774
27.6826
24.5409
24.4939
27.2732
25.2358
24.5087
42.521
26.3858
27.7924
24.9764
24.0194
27.2631
25.2835
25.5179
24.5407
25.4875
23.2904
22.9373
23.9573
25.026
22.7855
23.8086
21.6919
22.8163
25.5044
28.9922
24.0335
25.4568
24.6011
35.3254
28.3345
24.7315
36.9887
31.074
22.984
22.8022
32.3066
24.82
24.0475
28.5685
26.4589
30.7295
31.9162
25.8389
25.0832
27.7465
26.5986
27.6114
25.2559
23.8339
29.807
23.2516
36.7661
23.8979
23.811
23.8647
37.9451
24.6015
24.0606
23.824
23.0957
22.2321
31.1617
22.7775
24.2081
24.4335
38.4458
24.0666
34.9822
21.5696
31.1221
32.0202
22.9116
23.9476
23.3335
11.2446
32.9648
25.4648
26.2529
25.069
25.148
26.7571
24.4002
33.2813
21.4674
29.0425
22.7585
23.1987
36.3329
25.1903
23.9707
26.3767
26.9734
25.4803
27.6917
37.886
25.4677
35.6924
23.925
25.6583
22.7314
22.9049
9.32696
10.8378
25.4314
24.2135
23.2064
25.3534
8.3472
6.20673
9.84661
28.4345
10.2392
8.22279
12.5336
6.23109
6.50356
12.172
6.01583
7.14234
5.64655
6.82785
5.64038
12.2708
6.72528
6.67669
13.1055
7.82303
5.1752
4.99636
6.2683
4.75562
6.71358
11.5608
8.01387
11.1069
6.86166
9.04099
6.25593
5.06441
4.53426
5.69431
6.49861
10.8747
6.40892
5.92229
4.08218
6.96022
3.25845
6.8314
3.69759
5.59209
4.20378
9.56811
7.24498
5.69404
9.06612
6.0554
6.34892
10.8343
6.03977
7.82035
5.6979
6.48086
8.82236
10.3973
10.9008
12.0505
5.92493
7.19978
5.12726
5.95439
4.6857
4.65607
10.577
8.5871
7.19123
9.79784
7.6055
6.47818
5.73885
5.82847
4.8492
8.45407
10.021
5.0693
8.34633
4.45394
7.99656
6.17353
4.48767
6.10348
5.23017
4.7229
5.77393
5.3267
6.66741
6.43074
5.47459
7.58166
23.8194
5.15515
11.9242
6.02813
39.5913
7.23331
42.4283
6.81703
27.5676
13.3167
29.5725
24.3251
8.40455
7.29703
25.8356
6.03435
34.3296
10.671
29.2624
6.41175
34.508
23.7616
13.4457
36.413
7.50537
12.1026
13.2308
7.25274
7.01641
8.84821
5.6215
28.2719
5.94883
36.8165
24.2448
6.45151
6.25637
8.2657
8.26132
11.6859
8.11015
7.91038
12.7455
7.9891
36.9695
6.79651
7.10372
6.21435
11.2696
6.86801
11.2236
5.06319
11.2743
7.12096
10.0289
5.38912
12.5741
7.16273
7.96397
7.01032
5.14992
5.36083
6.09785
4.26574
10.9565
5.76468
7.846
7.40791
7.05871
8.17453
6.54496
5.14557
6.66396
12.0841
6.28643
7.94966
5.1978
5.38851
10.1161
5.84359
5.04983
8.01248
7.37031
7.02846
12.2614
6.96125
8.91566
5.09732
7.19501
4.91725
5.85611
6.30716
8.10548
8.07625
10.1477
6.68766
5.95796
6.49936
7.43323
6.5994
7.0302
6.58989
10.9688
12.5939
10.7905
7.27098
5.86825
12.784
10.9728
6.39632
4.28637
5.23471
4.32729
2.97218
6.17224
4.46104
5.42059
4.14742
5.73071
8.49649
5.38283
8.08045
4.90595
5.84584
6.56432
11.0985
9.04534
11.0529
8.02651
12.4118
7.71227
9.15015
9.20186
10.4464
12.6325
10.0917
9.16568
12.1361
8.63784
8.81365
8.89551
9.38163
13.8894
6.96944
8.87304
6.82307
8.74086
8.82983
7.5825
13.0101
9.44647
9.72514
12.5484
10.7175
9.80303
8.47739
6.19927
6.38299
7.75058
12.7276
7.13127
13.3204
11.8472
9.55741
9.01408
8.2633
10.0355
8.64914
13.8096
8.28918
9.75053
9.23484
7.1402
33.4512
8.7436
6.0377
32.7844
24.0186
28.7185
25.0528
33.2868
23.1931
24.4292
28.2271
27.2404
27.0591
26.4606
25.3839
24.4891
25.1026
26.1476
24.2134
23.7071
38.6182
24.2484
23.0294
39.5227
34.831
24.6008
25.1057
22.189
31.1221
22.6232
21.5265
23.4656
39.0479
23.0433
22.2515
29.6871
21.5139
23.2366
29.0744
22.1784
22.1964
22.8801
21.2375
20.4162
22.3436
23.2686
34.3143
9.77865
26.1525
9.82105
9.23995
12.3331
38.0391
35.4124
22.6095
7.29216
22.6236
22.3902
6.62988
25.406
6.21916
13.2946
22.1309
22.1386
23.3436
23.6573
23.3237
8.44113
35.3717
35.5856
22.8742
36.0271
22.3739
6.28802
24.4358
8.65812
6.5029
29.2109
10.2468
23.5385
10.7232
34.9322
12.9586
35.0775
25.4936
23.1684
25.6935
24.0654
23.4889
23.9634
24.2136
25.3395
22.8959
22.8123
23.1849
21.2153
32.9181
34.5149
20.0214
21.5952
22.923
7.76063
25.094
21.938
31.4365
7.84813
26.6132
23.2007
6.83799
26.4267
22.2907
25.2204
23.5067
23.5392
22.0029
22.599
23.9894
22.0822
22.7422
10.473
26.3503
9.26981
22.4124
31.1991
21.6466
11.3258
24.3863
7.50764
8.58005
31.6724
13.8728
39.227
24.0529
28.2682
21.6087
23.5635
25.8321
30.5765
21.9905
21.8313
20.5439
26.9456
21.2376
22.8704
21.1616
35.2082
21.0587
38.1181
24.5282
22.3337
24.6385
20.8032
20.7704
21.1654
32.921
7.13422
35.2475
23.142
7.25105
32.5882
9.80179
30.6811
20.5847
23.0416
36.2119
6.09247
17.56
8.60592
27.6587
7.69241
31.9319
8.96573
6.79962
6.56443
7.12896
9.1444
31.4074
10.2111
6.10418
14.2122
6.5896
25.6021
21.407
22.6162
23.6332
41.2712
12.406
24.1621
6.07583
11.8263
7.49428
38.2961
6.28327
33.5428
22.5054
21.4889
24.4916
22.5045
21.1274
21.4457
22.3918
31.9991
20.6367
20.5075
21.9069
22.5409
23.5491
20.8863
22.6466
22.9048
20.6262
21.6086
31.6503
21.695
21.098
40.1059
39.0133
23.3515
37.4078
21.3615
22.2299
43.8554
29.4835
25.3371
30.8654
21.7519
22.2102
22.2103
24.1236
24.3703
25.1181
24.6155
23.0845
21.9484
32.6734
23.6053
21.4101
22.3626
22.6574
25.5711
33.3093
21.6897
23.5309
22.5806
22.0282
26.3691
32.9187
25.8475
22.5874
21.8969
22.5264
22.5613
23.9577
22.0503
27.5151
29.865
23.0164
7.10255
25.7398
25.0079
22.6044
22.924
27.9487
20.9519
6.06372
23.4201
6.68548
31.3131
6.14434
8.82085
6.85997
28.7396
10.0551
33.4427
38.0199
6.71282
46.995
24.8164
6.51287
48.4588
23.5556
28.0351
6.91899
7.7622
41.5082
8.46791
6.84431
11.174
24.4585
6.32754
25.1223
10.4122
33.5758
7.60122
23.3404
6.24769
27.358
22.6542
22.9483
6.55438
12.8717
10.84
12.7385
10.3283
36.9346
24.9622
6.18849
23.5634
9.1026
10.8236
22.2012
9.61612
8.1755
34.6274
46.721
8.53446
24.7553
21.8931
7.99746
42.7619
8.17154
49.9239
36.9074
6.73587
34.9297
21.7883
8.55157
23.5116
7.65014
6.70101
13.2884
39.1342
24.4183
8.71598
7.33074
45.7914
8.18722
51.8786
11.748
14.3501
10.0642
27.4534
38.8061
25.1526
6.56591
8.49502
24.9398
8.9092
31.8074
9.08936
27.4953
23.3122
31.6524
35.4374
8.36745
6.52662
7.09059
25.2098
7.01874
8.54488
24.714
23.7332
22.1208
11.1031
13.8313
22.2983
31.4593
22.5828
10.2577
24.6567
22.8888
22.3648
25.6527
25.0618
28.8728
50.9271
25.6859
24.2256
7.51698
27.7465
39.6873
25.4029
39.4933
25.1201
6.97668
32.0395
11.3088
35.3143
10.7074
36.0433
24.6948
27.8355
6.67759
29.3375
24.9154
22.6577
33.6509
23.9387
7.81168
11.0917
37.4706
25.2804
13.6135
24.5399
23.4653
28.4781
24.1719
23.4872
25.0274
30.3888
7.56123
24.6873
27.2534
31.6411
8.41563
11.9977
25.2385
6.81251
36.0352
30.6877
8.85606
11.255
23.2881
31.504
24.4855
8.38966
13.8284
24.593
9.46977
13.0379
44.9844
10.5852
25.9557
22.2673
39.0362
10.2511
32.8647
28.2988
7.18264
22.2018
6.56682
30.0537
9.41175
12.6553
35.9217
6.12957
27.3627
13.4156
10.5492
7.72941
11.5254
7.32135
10.1344
8.47471
6.69359
22.7571
14.4642
14.4635
5.64221
7.16496
8.84489
25.1176
21.3501
10.1171
28.4746
22.5576
8.21263
38.5739
7.57217
30.6228
10.7815
9.88594
7.9121
6.50057
6.26575
8.59282
23.1461
7.07078
7.90265
7.86636
8.2992
6.28637
29.3169
6.28051
5.75827
10.5976
9.86153
24.291
8.32756
37.3651
6.79484
25.4496
21.2554
21.8786
20.6299
24.7192
22.0355
25.9365
7.03956
27.0046
8.18344
21.4858
7.71648
22.5356
10.849
14.6892
25.2145
5.76194
9.39455
9.03544
32.1678
7.30288
7.12414
13.6419
8.33256
29.0127
7.67698
6.48301
11.6509
22.3617
22.9255
8.72848
22.8521
8.11581
14.1273
31.9862
7.0416
9.24493
11.7863
6.64446
7.23867
9.2483
12.1726
9.56011
5.34851
7.84385
7.31541
5.79976
7.9275
7.06947
5.78807
12.3599
7.19553
13.2433
7.84512
43.1074
21.3333
10.6709
33.3176
6.80844
6.17642
7.2128
7.86817
34.2839
11.2172
11.2243
23.2025
21.565
8.32933
12.7671
26.5016
8.8807
7.28052
37.2647
6.71469
27.2724
11.0838
10.3556
7.01766
9.11869
10.9518
38.4627
7.07448
9.59353
37.1982
22.2087
12.4611
25.9148
11.3219
23.6304
6.13022
29.6527
11.2913
9.88016
7.64062
8.68108
19.6083
13.028
8.54781
13.9552
36.1491
6.5411
8.57381
37.1961
22.2554
10.0967
7.76303
36.1158
7.1654
10.9006
24.3347
21.0026
13.5569
22.8872
31.2354
21.062
8.79053
46.4825
15.114
9.11335
31.9606
8.96696
7.93378
12.9016
30.5468
14.8917
7.69977
30.1716
20.0174
17.6526
23.5072
19.7864
7.92503
23.9977
6.9193
6.42969
6.59878
13.541
7.76503
31.5054
20.3665
14.0934
8.90057
36.0572
7.71164
37.1688
23.8689
7.03834
20.8802
20.4753
6.63093
31.6413
19.5148
19.9806
8.18443
22.6024
7.53255
40.3895
9.10398
13.5686
6.25679
12.1721
21.8732
34.0671
23.7084
8.42804
20.9333
6.01506
9.44283
11.63
10.2624
13.5294
33.6254
21.1124
19.1557
14.1277
32.0056
26.2084
34.1985
19.9197
31.3139
8.03637
21.8887
8.06011
7.5763
5.89163
30.1749
19.7725
7.4995
21.1198
33.2463
7.57595
33.6622
13.7206
29.3218
7.18713
38.9606
9.12972
33.3172
19.6056
18.9275
14.1967
38.3885
7.0954
25.6703
7.28184
7.14533
11.8017
8.53448
11.0686
29.2618
6.43182
25.2721
7.81245
14.2022
27.6573
12.4347
20.3428
5.39158
21.8392
9.82613
32.8492
7.67345
36.0679
11.1783
10.2024
21.4678
7.70285
21.0633
31.7508
21.3274
20.7804
20.1711
25.6864
6.26238
12.6283
29.2055
22.2313
39.0106
30.0643
22.1185
8.29275
37.2065
9.76985
29.079
35.2418
27.9081
19.7001
38.9042
29.4161
22.1696
20.2249
34.4806
19.7146
22.3958
23.8986
20.2203
25.2052
21.4892
22.9706
25.094
31.0001
48.8684
29.2269
6.98657
33.5646
10.4987
9.66904
26.275
6.65936
33.5035
27.2848
6.67251
36.3058
7.06806
6.95631
41.697
6.27688
9.407
24.7306
8.77873
17.0677
6.59282
22.6635
7.96844
28.9134
14.603
27.2931
5.82348
7.02641
10.1366
31.4123
24.6614
7.2933
18.6062
12.3564
26.7483
6.35474
14.8252
10.6876
11.4264
10.4542
22.9669
7.14179
11.0843
5.76271
12.2109
7.34389
22.7672
10.3025
10.1404
13.6095
7.7931
36.7688
8.09244
24.9567
10.6571
34.1975
7.43879
24.9538
22.5489
23.1347
5.91337
8.71219
37.6936
9.60837
26.5391
12.1954
8.73759
6.92434
25.3973
21.2482
23.4341
6.19358
22.9405
9.39208
21.9692
21.5789
9.67723
7.4935
42.0919
28.0571
28.3554
23.1182
22.2094
23.0789
35.7654
21.1644
6.91786
51.1204
25.191
14.3082
25.6501
6.66992
29.1641
13.1185
22.9434
10.8036
36.797
49.9111
24.4075
21.3472
21.906
20.3929
11.0147
35.8622
27.9711
4.56418
38.4652
26.6478
22.2271
20.3673
24.6906
20.0812
22.4099
22.9264
10.0255
19.7235
39.0761
23.5075
10.2165
18.8353
9.60189
21.0285
34.9526
9.02126
22.6199
11.9743
10.9093
20.1942
8.60238
46.3244
24.7537
8.12706
23.7408
7.97015
6.46408
20.9343
8.22216
23.4997
10.7133
9.96351
8.21833
35.8486
22.3813
7.81953
25.3391
6.50846
20.0876
6.96164
29.1345
7.80043
12.4103
7.5424
20.9143
7.62224
8.54345
12.0029
25.6222
7.38469
13.7889
32.4618
23.3444
20.3759
10.3858
21.2832
11.4119
21.1324
11.4269
33.4673
8.05281
33.9076
8.89035
34.8822
22.0209
20.6186
7.71042
34.0835
8.78958
42.0354
9.0755
33.3047
8.06649
16.2881
20.3228
33.9465
8.56907
23.328
22.9164
10.8288
14.8319
11.6192
34.8258
16.0712
11.547
39.6684
24.7376
29.3135
15.7983
12.4188
35.9689
8.09238
12.2964
23.0548
6.41865
29.8862
14.3182
12.3271
12.7521
7.57295
7.95544
31.7472
7.29872
8.28758
6.23647
7.34854
14.5265
8.51936
27.1461
6.49861
8.6575
33.8882
8.14611
10.2147
18.3598
15.2543
7.3276
23.8645
8.49144
9.59815
6.40635
7.50074
7.61297
11.5271
9.66624
34.1458
8.59935
7.41163
9.81739
6.58849
6.4559
9.58446
23.8748
11.8103
14.7605
8.33576
10.9063
8.2492
9.02131
32.3807
9.12941
11.4268
8.01636
8.34911
20.8022
7.95536
10.3135
13.0647
9.9698
5.33451
8.96854
23.4373
7.80145
14.4867
8.69526
7.76383
11.2117
14.8174
7.16078
14.482
11.0804
6.56144
6.14811
10.1151
10.9947
8.05332
7.93125
21.5619
8.07724
13.0554
20.5098
12.0143
15.3224
33.5347
8.31849
24.3982
7.42545
9.67126
32.5917
8.32174
14.2516
25.6483
7.95938
14.8299
26.4553
8.19262
9.08127
23.1756
7.11353
10.7683
7.25077
27.9565
9.46165
21.2388
10.985
12.0073
33.3089
9.48754
10.413
13.3335
12.7364
18.6447
23.8029
18.2044
10.0366
20.3545
9.59726
26.1509
20.0497
19.3873
19.2956
20.8585
21.1316
20.6892
21.4837
19.6274
18.9371
19.1495
29.3163
29.2347
36.7871
21.9531
32.4494
19.17
9.3545
23.8048
17.7483
23.0008
21.9257
18.0772
20.92
22.1512
17.1565
18.5469
19.0271
16.495
17.9492
17.6025
31.1115
18.2127
24.3331
16.6179
33.1791
26.0416
18.3929
16.7948
21.6145
19.1807
15.9715
19.3333
21.9695
24.9793
15.8547
27.8456
17.1032
37.2096
21.5212
18.341
17.3849
24.6268
17.2659
30.1906
17.0309
21.6429
17.971
32.6898
25.3965
19.4165
20.1074
19.6748
22.08
21.7638
22.2095
19.5712
22.3094
16.5788
18.9038
20.2016
19.2974
19.1218
27.0512
18.0562
26.7679
20.1755
21.1294
20.341
18.8033
31.5374
19.7153
17.2035
22.3596
19.4387
20.5729
15.1563
10.3783
21.2229
9.83247
31.7532
19.9055
19.1328
39.3622
26.0243
19.5946
19.4766
22.6717
21.1432
8.84133
27.1359
24.161
24.2084
26.4385
23.3786
21.2277
24.7821
24.7695
23.2985
21.8331
22.9493
25.1684
21.7081
23.9555
22.3002
33.1034
20.9295
22.8009
22.4671
22.8985
22.9818
28.3223
22.1272
21.1237
19.9435
21.7092
22.423
21.1291
22.4594
21.2739
21.6716
22.2851
23.2099
22.1901
20.1924
23.0134
20.737
21.3132
29.4026
20.2906
21.7031
21.5379
21.6272
32.3281
23.1572
23.0002
23.3218
21.4115
41.8615
21.1353
21.1309
20.5833
24.7957
26.3855
22.1766
22.7262
6.25488
33.3819
14.7499
8.51715
8.58295
13.4491
34.4623
11.1572
6.68557
12.663
7.3435
12.3827
8.37801
6.96715
22.7662
6.51826
6.76825
8.87521
6.26499
8.1726
19.4929
6.68469
9.47361
6.82087
7.22508
9.35029
8.29819
5.61061
9.50649
33.1213
6.75466
7.68385
9.14878
6.18525
10.5991
9.88014
8.7534
8.07722
24.6712
7.49157
6.61323
35.9901
9.31985
9.4253
30.6683
10.2267
34.1193
7.79668
8.00226
20.5745
10.2623
24.3456
20.549
20.1914
20.4997
21.6743
23.0862
20.5825
21.2302
7.85141
38.3117
9.01741
28.2046
23.1335
20.1677
20.1621
37.0596
21.1778
21.9089
35.9643
27.0755
25.8612
31.8086
36.7043
24.1621
40.1675
35.8711
21.1878
22.3673
36.3886
21.5133
30.8301
21.6681
44.6639
23.3115
19.7862
32.5289
33.1923
24.255
20.4422
29.6644
6.52962
34.9498
20.8238
20.7386
22.6331
8.64705
6.31287
19.9806
6.30464
6.66273
11.093
28.7611
6.05588
31.0548
6.86058
26.2534
5.87906
33.6338
8.74908
13.565
8.37771
34.332
7.2792
9.07584
8.79241
20.9944
6.0453
25.3298
22.3336
20.2358
21.7858
21.1605
6.25864
20.1317
20.382
6.47066
22.8445
24.3362
23.2706
20.216
20.0527
26.0761
25.523
40.1137
28.7123
30.5015
21.412
26.5813
23.6552
23.3901
23.1433
22.3242
22.697
30.1185
22.5419
22.6433
20.5107
23.4095
21.6911
7.34494
22.8157
14.7363
14.1355
38.4698
7.61573
10.3389
36.5458
6.87808
7.26591
26.266
7.13163
26.4816
11.2799
8.75029
11.9788
36.1886
7.03405
9.21058
11.1382
13.8624
8.55362
10.7562
23.7336
10.082
6.95668
8.40164
34.3635
16.3072
27.7095
13.3156
10.4499
44.8146
8.30671
28.4125
12.5107
8.33513
8.18406
23.2962
9.30461
8.88098
21.7218
7.51048
8.80539
31.9307
23.5469
7.99058
15.4024
26.6984
8.81794
20.8463
7.27643
14.9386
6.30147
32.4065
6.65609
7.48479
12.5512
41.0649
8.43448
8.3895
11.5153
19.1125
9.54659
36.0922
25.906
6.54679
25.1767
7.58957
29.2438
39.7149
27.8229
21.4306
27.6961
22.8696
44.5709
48.0361
27.8483
22.398
37.2632
24.9993
25.2202
23.3527
24.5897
41.4449
27.8708
22.1873
23.507
22.4839
21.518
32.4103
25.2515
24.728
29.0312
23.3489
23.9456
28.1763
23.5486
27.2144
23.5051
24.1323
24.3228
29.9802
24.5816
22.0751
33.3188
32.6123
24.0958
24.7381
25.5374
31.0781
22.4897
24.56
25.6586
24.134
24.5925
50.4285
28.0068
24.2937
23.2749
23.3871
24.142
22.7469
26.2524
25.1589
30.6614
23.361
24.2547
24.6886
25.7795
23.2132
23.237
24.4155
24.5849
28.2212
24.7252
26.0468
38.7196
25.282
23.2624
25.1741
36.1766
25.3538
25.5794
26.8426
24.5899
25.8854
24.0215
24.352
23.8052
23.6165
38.555
25.3464
46.0417
35.0906
36.5598
25.3031
23.3379
45.7736
38.8591
23.4939
23.4002
25.127
39.5619
39.6671
25.1459
37.1987
22.3723
23.5837
28.1965
23.681
34.3914
22.3106
22.8024
23.4327
37.28
22.349
26.0718
23.8659
37.4737
21.8498
25.7987
31.632
22.5457
24.5388
20.39
22.6812
23.5344
21.5975
27.0337
22.447
13.4356
33.8014
21.2996
34.3904
9.22736
6.85565
6.30959
7.42668
20.4202
7.42327
25.0102
25.4734
6.93447
25.0397
21.1577
34.9348
31.2829
21.852
31.6039
7.41813
22.2007
9.09829
24.4113
10.7051
40.4552
11.3825
6.73287
27.9126
20.5659
11.191
10.4059
32.858
7.72954
12.7978
8.18535
9.45013
7.87888
9.94259
10.0399
8.56775
23.5531
7.42964
7.83577
8.49682
15.8744
7.19828
7.03906
7.48832
14.2508
10.0892
21.2839
8.85893
9.1931
21.6924
9.72315
11.5669
9.83494
18.8304
6.47909
7.66562
7.2438
10.864
23.7005
8.39971
7.30092
9.32191
10.5124
10.7433
6.92186
22.4487
7.09819
21.0705
6.84225
25.8078
8.5069
12.543
7.36996
27.4963
7.83347
14.741
10.6371
29.2825
11.3546
16.2142
8.72242
14.3707
23.2521
9.2045
30.9523
7.41132
11.1999
28.4244
6.74745
32.3063
7.78013
13.8927
15.203
8.7252
39.3242
21.5437
11.1445
7.83981
26.9255
13.2516
13.754
8.31755
9.42273
35.9036
13.0764
11.5194
7.57044
13.6781
14.579
7.448
11.4482
26.5454
7.93339
34.555
23.5821
7.98508
13.2796
7.39787
32.5097
7.92185
9.1067
35.3517
15.113
11.9454
7.08505
31.3991
10.3533
15.5749
29.6686
9.4914
15.1016
21.2203
7.25728
24.0243
20.5035
22.4627
24.9867
31.5961
20.2783
36.7425
7.55761
38.0277
8.90333
13.63
22.6225
11.2071
25.5169
21.5925
23.5371
22.0279
31.0514
20.4181
22.729
8.65309
27.6551
13.9078
36.2455
6.79387
14.3187
30.8412
7.11428
29.8375
22.3222
10.8796
39.7057
25.9815
23.3651
21.5439
24.0924
7.19969
22.8991
13.5394
23.5258
21.6951
21.9922
20.5064
6.43145
11.8478
24.4706
22.2657
5.38108
35.0703
21.3707
7.48423
6.94922
30.98
5.98372
9.08184
7.77249
7.95946
9.31043
8.61623
7.97977
20.7325
6.21913
9.84802
22.6891
20.9399
23.5064
21.0129
20.1818
20.4568
35.8008
9.98756
21.0419
20.6575
37.9779
21.2427
11.0147
8.66774
42.4778
22.283
23.0218
20.3964
7.0094
23.9016
7.58539
25.8717
6.04577
7.87672
23.8165
11.4797
37.6989
10.0214
7.39798
9.55268
24.6897
21.2571
7.79706
36.4338
6.84042
12.8014
8.05701
19.8889
7.8265
9.6051
6.5227
22.0746
13.0507
14.5022
40.2171
10.1985
6.90603
14.9669
28.182
8.64159
13.7712
37.0036
7.9095
45.2945
7.65913
10.3109
12.5176
7.21759
23.5713
21.2301
11.1097
21.414
21.0251
7.18261
9.79407
35.9801
9.63104
12.8382
14.0093
10.6771
23.2168
9.07908
10.0985
7.13483
10.7636
6.90335
36.3346
8.10694
7.04803
31.8562
6.7297
25.1569
8.76741
5.7455
24.0334
8.40913
5.77933
12.5813
23.0492
8.31219
9.89695
22.043
5.84351
9.55322
9.54562
9.93339
7.41429
38.6045
7.62302
8.03485
12.2175
7.39037
36.1548
9.10301
11.668
8.5097
13.3629
8.86375
7.35029
13.3365
10.1555
8.03313
9.65404
9.81736
7.30973
10.9639
48.3923
7.09165
8.40116
7.88654
10.2987
9.88227
9.56509
7.43429
7.97592
6.4348
5.98656
6.93441
6.8133
33.005
5.89561
10.177
35.9756
12.5221
6.95928
7.12472
30.8999
5.99942
14.9682
5.40142
26.3087
6.98582
13.1129
11.1279
9.1592
8.64155
5.83465
11.9598
11.5959
11.7209
11.8905
6.80249
28.3102
9.25256
11.4455
5.78226
29.9174
11.4591
7.02497
17.8391
21.8929
14.661
28.1396
13.4803
12.5428
7.12402
10.0269
21.0857
17.9139
7.26781
9.33092
7.30318
10.9806
6.35422
12.1139
20.7827
5.28215
9.79537
15.6421
6.9122
7.64554
31.414
8.28304
24.8789
6.88888
23.6292
24.6327
32.266
7.43124
23.4361
6.59947
13.907
23.1034
6.60284
32.8501
8.83042
10.3162
25.6244
13.8573
9.47999
33.8564
34.1476
6.25304
10.4236
40.3418
6.36447
7.52769
21.6199
7.93502
6.98253
25.6943
7.44345
6.17076
9.80727
35.9607
7.21636
13.858
8.73233
23.0679
6.44076
7.25716
7.21518
13.8593
28.5092
9.7126
22.5859
29.5082
22.0749
22.7548
22.4231
35.2442
24.2218
21.1535
23.314
23.4732
28.6515
27.2703
23.1618
24.9686
22.7262
23.3488
22.308
26.4867
22.2253
22.2605
22.3495
5.93028
39.8624
7.80659
9.68822
9.22469
5.95892
28.7006
11.0552
6.58593
8.22285
29.186
6.77936
32.8312
23.9922
6.26084
35.5452
6.88079
8.6385
35.6615
23.1598
14.0087
7.85707
37.0201
6.77524
9.08299
8.32304
5.76093
6.57788
15.2627
27.2984
22.077
7.80087
30.9575
20.6949
22.4383
7.9052
10.3208
11.2866
26.2248
6.28271
7.30768
12.0185
27.2613
21.2937
6.00977
6.58002
26.5487
7.89469
33.3795
6.61602
16.5179
7.05892
22.8
6.08031
10.6459
23.563
6.59388
12.0142
24.875
6.51577
7.71597
10.0123
32.1947
8.82539
32.5698
38.0609
6.53806
8.34764
8.2433
7.22724
20.5899
20.8863
20.6024
20.7485
6.29936
22.649
5.95193
24.4811
20.1592
6.26129
33.1635
6.43844
4.15009
20.5699
8.10893
12.5654
23.6133
6.66618
22.5268
6.51233
6.14476
26.0889
5.56301
14.3619
20.0019
8.506
11.3232
5.60096
33.1019
5.78181
25.1009
23.0501
9.08241
24.8407
23.1684
20.1327
22.415
5.63944
6.15859
33.7973
21.1893
33.0426
7.92434
35.504
8.6775
23.7797
7.88933
29.9931
8.54306
26.7555
32.2447
26.1467
26.7051
24.1684
23.264
22.7201
26.5808
25.5649
40.0566
26.1068
25.2591
23.6401
25.4361
24.7713
24.8353
8.05746
24.9687
25.256
26.2095
7.22682
25.9167
7.16474
23.2076
26.4169
23.0885
24.3637
24.7349
7.82693
24.8495
28.4503
8.32745
32.7398
22.8894
22.8838
22.1494
22.2052
23.3532
23.1392
28.2135
24.8041
7.28205
25.0021
6.56452
24.6011
7.14551
28.0602
8.47677
23.3871
14.3368
25.0238
22.608
21.8728
10.6689
39.3873
10.0241
42.8054
8.98891
35.917
13.7326
8.24688
24.8668
7.03043
23.5035
5.94733
27.1011
22.4542
6.47957
24.7604
22.817
26.5962
25.2772
5.69647
8.25782
27.3406
8.83059
33.8261
31.6611
25.6443
21.989
23.2122
24.1926
24.8767
24.6065
6.70375
26.3877
7.4603
32.9841
25.074
25.7249
9.17181
34.5611
27.2396
37.9259
31.557
28.0241
25.2264
47.1837
25.1174
34.5538
24.1048
24.0528
23.6337
23.5244
24.9704
25.2739
23.5935
24.854
24.186
26.9527
23.5158
26.0428
33.6637
21.7068
23.062
24.7835
29.5867
26.2875
24.8845
23.4193
23.1576
37.4925
24.7788
6.28836
8.10956
15.3197
7.33054
8.11811
8.95069
13.017
5.5608
5.66357
8.72232
6.43098
6.64635
5.71564
8.03641
8.048
5.77521