35.1232
21.7142
19.2164
18.8966
19.8698
19.9882
19.1203
20.8139
19.7913
19.8832
19.1035
18.8689
22.2609
18.6789
24.2533
32.7907
19.2486
26.3212
20.0015
25.8639
22.0959
21.9654
19.4847
19.2343
6.6375
5.71214
7.10901
8.63121
13.0038
12.9226
6.68371
12.9723
5.7671
7.86109
9.39603
8.22006
12.7512
9.3379
10.3882
9.80016
13.2311
8.61993
6.37927
8.9513
8.68284
14.8044
9.66122
5.0198
5.95809
8.07459
11.4476
10.657
7.97408
10.0658
7.90896
9.00039
5.84416
9.08487
9.19186
13.3471
7.99643
6.16066
9.91479
8.82876
9.15448
8.91401
9.03691
9.2597
9.51431
10.1009
6.684
9.87233
8.82765
30.7537
21.5382
22.3367
23.8608
8.69581
26.9703
22.5924
22.9918
36.8584
24.2941
22.1604
25.6222
23.497
23.4532
24.9536
24.7581
24.9833
22.4543
27.153
23.758
21.0495
19.1979
20.4943
18.9135
19.8873
10.0189
6.23443
31.6974
33.7054
10.7192
30.5632
9.14223
21.0828
21.6692
19.6313
27.5215
21.5471
20.1024
34.328
23.7846
22.1499
22.7538
23.0621
39.4179
27.2338
22.5024
21.7546
23.4037
26.3857
33.1854
21.6337
21.1102
24.1059
27.3522
23.4484
22.6573
19.0991
20.8244
35.3879
13.7641
27.3733
6.21797
7.14659
23.251
6.07172
6.36877
24.4151
5.9891
26.2201
33.4154
43.5613
25.8449
31.8511
20.9429
21.3383
26.4512
23.6383
24.0972
23.4226
24.0307
33.6898
30.5921
23.7477
30.7909
24.4057
22.6042
35.6334
23.3543
26.8816
26.3472
22.9836
23.3398
23.1552
23.4748
22.3935
22.1476
22.3274
22.1687
20.5531
21.5151
25.14
21.8845
9.57388
37.8187
34.1983
22.143
22.2364
37.3532
35.8554
10.6203
32.8015
36.6275
9.95413
28.5619
21.859
7.51631
36.3592
20.1432
14.7379
25.1359
21.3036
23.4663
23.6424
20.598
20.0717
31.3799
35.9821
21.0465
22.7433
21.9308
6.99158
33.1391
6.69987
7.52419
33.4932
13.7524
10.5329
10.7174
9.71022
34.0778
8.19918
15.5219
6.428
43.9034
8.06606
25.4066
7.15048
31.9961
26.6185
18.7308
19.9439
24.554
20.1535
19.4842
20.8242
23.4862
21.6554
24.6484
22.2026
24.9716
22.2057
22.4108
25.8679
21.3513
22.5322
22.8933
22.6398
23.9729
24.8882
25.1981
25.7039
24.3192
24.5148
24.1215
22.8706
32.2633
27.3621
24.7354
23.7104
10.722
32.7594
7.23619
9.25266
9.07956
13.823
7.32963
30.3996
6.40386
29.3596
21.8888
21.9431
33.4352
9.59938
10.895
10.5139
10.0795
9.47644
5.16018
6.74712
5.50972
3.79786
7.99628
4.80216
7.23837
6.22129
7.98216
7.71364
5.5577
5.84434
5.59781
5.47051
13.8268
8.02082
9.65441
5.50151
7.30418
12.7451
7.77052
6.47951
8.57966
8.45242
8.50077
11.5581
6.20522
6.20364
6.03188
5.01244
11.3556
11.7259
8.17441
9.56074
10.5015
14.086
10.4781
12.8659
7.1355
9.84142
7.99521
7.45215
10.05
26.0195
21.9629
34.1476
7.19851
20.3402
21.1317
26.1303
32.3831
29.5854
20.5996
22.0675
20.8029
21.5539
33.6206
21.1308
21.5143
21.138
22.1402
5.77142
6.08145
21.6286
5.9882
9.03845
9.60281
9.07476
8.78219
9.82215
9.43805
6.95111
9.02821
10.4491
10.095
10.2568
9.78418
7.15051
10.002
10.9978
9.0878
10.1297
13.6894
10.23
10.0952
8.23436
10.1173
11.3262
7.17249
9.61624
10.286
12.4158
7.81178
9.50556
9.13749
9.99568
13.6762
11.0853
7.05847
6.98273
9.6177
8.59021
7.42546
7.42893
8.58704
10.2826
9.67551
10.4044
9.5916
10.6608
10.3762
8.74229
9.06922
10.0005
9.36823
9.74465
8.53872
10.462
13.7125
9.63216
9.05251
9.76608
11.0742
13.3931
8.75753
10.4582
13.6104
10.8225
8.14251
8.24024
9.27983
15.1634
8.26524
10.8072
13.2003
8.5111
14.4591
14.3863
11.7336
11.4915
14.7105
28.9482
7.1615
23.1675
40.6213
22.5293
22.872
21.5631
23.1321
29.1884
20.3119
21.8751
21.0043
20.1648
20.8696
37.8615
20.0451
21.3228
34.727
26.8175
20.322
5.49178
21.8145
9.57972
6.05377
24.4311
9.50289
29.9133
21.9095
17.8314
33.5673
12.6862
25.5838
7.57077
20.6015
19.2094
19.8943
8.84928
21.2481
19.1533
32.0739
21.6308
21.2275
21.3849
32.9486
19.3183
12.5594
22.8544
9.26447
19.6638
6.56
20.6998
9.73227
6.95156
9.78307
6.49756
7.72819
6.90199
28.8121
7.51759
15.9819
9.13926
20.6824
9.55235
35.2063
7.20317
10.124
33.2828
19.7556
9.12785
31.8496
19.1059
36.1887
19.4606
8.26203
20.492
8.10277
22.1794
34.502
7.26298
32.4852
8.59284
14.721
10.0193
37.6903
7.60594
20.5061
8.43906
8.83799
20.7506
5.93708
6.85841
15.6108
10.5546
22.4266
7.17309
20.6613
17.4852
21.2942
19.4133
24.4827
6.68119
30.8788
19.477
19.9166
19.1926
17.8361
6.77848
25.6193
6.818
9.50473
23.2002
6.539
6.60844
6.90766
11.0701
6.26841
38.9556
6.89288
10.0763
10.6157
28.1902
6.42567
7.91761
7.43757
13.8756
9.06329
39.1187
15.654
9.30261
8.90589
10.005
6.74153
23.2782
7.51544
12.6836
7.37159
23.8281
9.4561
15.2955
34.6154
14.1054
33.2814
14.1254
26.0568
21.2547
24.9246
6.70825
22.651
37.2823
19.8936
13.3796
38.8276
6.06835
22.5573
14.6264
12.0643
26.4775
5.99947
8.73108
25.9088
8.22946
8.21152
36.7211
6.03135
9.69591
6.4149
21.0548
7.76692
22.5875
9.93177
9.99643
6.25856
32.4757
5.93817
21.3957
5.65779
9.748
35.6113
8.29893
23.8528
9.29714
21.8735
6.93539
23.3247
10.0406
23.69
9.26354
35.5869
22.4071
22.4827
7.21465
42.8049
7.13513
28.3829
23.2916
23.0433
36.6689
13.3254
28.7945
23.5369
6.51283
10.6351
11.281
27.4067
7.52329
15.4307
9.94068
22.7146
6.07399
29.9017
7.83871
29.7049
14.413
7.61972
8.91999
37.2688
23.6356
24.2114
33.4019
6.64007
13.194
8.23196
14.6737
32.6141
7.78726
13.1341
40.8944
7.29146
9.05773
27.0635
7.93649
8.33278
6.16385
23.753
21.9722
7.03501
9.16565
34.0314
10.2402
27.5898
22.3714
20.7094
28.1436
22.3646
22.2281
6.2198
36.8502
9.77965
11.3709
25.3742
8.3795
8.15986
22.8781
22.668
22.1405
20.6431
21.1018
21.5157
21.13
20.9579
19.6265
19.8882
22.5053
40.7045
27.2045
21.1321
34.6928
6.58252
14.3157
28.8149
13.9893
26.0861
6.3829
36.6156
7.67134
22.6995
8.4637
21.1384
6.66085
8.29001
31.7618
8.84495
7.40501
8.89409
20.6889
7.49456
8.95951
6.61201
33.9654
7.39441
40.5161
7.11325
13.1969
19.3167
7.74157
14.7815
28.9726
5.99575
22.894
6.37654
21.0214
9.83274
23.0475
6.62949
7.35216
9.74173
29.7317
10.9965
20.986
22.5725
22.2604
22.3702
21.5741
11.628
22.1034
5.98571
15.6612
27.3285
7.44742
9.53746
38.1966
6.95694
10.3974
32.376
6.88459
36.2369
26.6567
26.6847
6.8726
40.9531
20.6728
34.2949
19.0993
9.98993
7.13019
25.3314
26.4975
22.0585
6.81931
11.0499
27.3993
7.44805
9.36185
33.4802
15.201
6.00526
22.3581
11.3005
7.3638
34.3069
14.5722
6.50531
44.6023
12.0313
24.7684
35.1578
10.4191
8.50462
28.962
7.24644
25.4764
7.67481
24.8748
7.80691
29.3967
7.32156
14.0067
30.6059
10.8061
23.321
7.36822
7.37534
33.7492
7.75708
31.4918
7.03924
21.6237
8.20645
7.7832
22.8858
7.21967
35.3573
14.8038
25.1076
7.50797
22.2111
13.4628
28.395
20.2129
8.24664
35.183
21.1345
21.4772
21.4241
20.0764
23.9286
19.7087
9.3814
21.5509
19.924
25.4564
21.2105
23.0398
24.7564
18.8781
20.8367
34.1495
19.7505
23.5886
20.108
27.4364
19.7082
14.3641
23.9846
5.95957
27.3344
30.9674
41.2268
21.7818
9.98942
26.3113
20.7323
6.8076
21.9874
20.3475
23.5009
6.03623
17.8778
23.9591
20.103
33.67
20.4049
20.4332
26.1371
18.793
20.586
22.5651
27.4841
20.8258
20.2456
7.28475
20.3205
35.0947
32.7842
21.7807
27.5997
10.2116
21.8671
20.0877
8.5052
12.0342
18.13
7.67486
24.0023
6.6536
11.5645
22.2719
9.45591
8.4075
19.6492
12.1864
10.0213
6.73292
9.88972
15.7851
20.0468
26.995
5.91323
6.5361
5.47773
19.5923
7.03584
21.3872
31.3758
36.734
21.8584
24.1239
29.0006
21.3238
21.6554
27.5629
19.6851
21.3476
18.7241
8.44775
19.6346
20.5644
9.82152
32.6545
11.2053
26.1799
20.0369
25.5178
8.92757
24.2302
10.084
10.7734
9.38044
22.289
8.91188
15.7363
7.46016
31.7405
7.13087
10.9605
25.218
7.48973
11.3007
26.4193
7.27461
23.7979
21.9963
9.73482
26.5074
10.2771
45.7384
9.22166
26.7426
22.6916
9.51444
20.6038
11.6425
24.9411
25.2355
19.663
21.0002
22.9868
8.66756
23.0726
26.5337
39.8744
23.3072
21.3344
23.386
20.5071
18.633
7.19659
20.1426
19.8273
8.31752
20.82
23.74
32.1858
10.5295
23.796
11.8064
19.9421
23.3808
9.05408
8.062
22.0102
8.1825
22.3807
19.2083
14.2931
30.0173
20.3502
18.9835
29.9965
21.8611
19.6546
26.055
19.9506
19.5404
35.8804
10.4381
20.3777
31.028
6.33615
32.6832
15.0425
27.0555
21.5795
9.39522
27.3627
19.5977
10.3312
34.8219
34.3595
20.4739
22.2448
19.5777
9.44986
36.1781
8.11673
13.2076
18.2694
6.80982
21.9458
6.92084
25.1033
9.21864
7.58465
9.37902
40.7281
11.9773
7.18028
8.09972
10.4707
33.71
10.4175
9.08655
18.0511
12.3763
24.1278
6.51527
7.16555
7.23112
6.70435
12.4413
10.4475
8.51125
9.33277
8.56529
10.4576
11.2089
23.9508
10.8617
7.29037
8.52649
9.78058
12.0513
7.28917
14.3607
15.5076
8.23755
5.12795
5.51286
4.33732
6.28964
5.87722
8.29148
10.1782
27.3145
6.69202
24.9067
22.4194
21.1213
35.922
22.6664
23.1488
35.0868
23.0293
21.8262
22.481
20.8405
24.9861
36.3069
19.4848
22.3224
24.6797
21.8843
19.8328
28.7026
7.02402
22.07
6.79875
24.5974
20.8448
21.816
10.7418
28.871
22.2665
19.5873
7.64256
23.437
20.3576
20.6365
20.5333
20.3835
47.7554
37.1251
23.5711
23.4901
21.3411
9.31938
27.0911
22.7527
8.5068
20.5203
28.2999
8.23906
12.6062
23.0135
30.5381
20.7521
40.7571
28.4222
21.8297
20.9774
18.7895
22.9267
11.0795
9.75696
31.0592
8.68011
32.3482
11.5718
33.15
20.635
31.6765
19.2497
23.356
26.7245
26.9101
20.2524
20.3699
32.9243
33.9913
19.8259
17.6423
20.7385
16.3569
22.9123
7.13516
33.0606
10.6824
17.444
12.0928
17.7154
22.5299
18.2659
13.7735
16.9928
22.4515
8.96992
7.30478
28.8039
18.1915
10.1121
35.613
12.5788
20.0878
9.09453
24.4178
22.1749
14.6476
9.47031
13.8463
23.7447
8.27625
28.4226
12.4548
13.2735
23.0622
9.25749
26.1817
19.2977
19.0783
8.45312
13.9992
10.1247
16.472
9.81143
17.8317
9.15097
6.78282
30.9605
9.52196
18.5968
18.1852
16.597
17.6035
24.6108
18.8916
17.5827
27.0068
15.8584
16.5854
18.6846
16.1898
14.8077
15.2828
16.175
15.0954
25.6148
15.5355
15.1031
14.9149
16.039
14.2029
15.824
14.7326
21.0359
16.7731
20.9493
17.1714
13.0909
16.5805
13.9799
18.898
15.9274
21.6774
22.3102
16.6386
14.3695
16.9072
29.2451
16.6685
18.8726
13.4771
21.8042
16.418
15.4545
13.6293
14.0223
17.636
13.3787
15.5335
25.7526
15.2763
18.2537
13.0349
19.6126
15.7534
14.9127
14.7148
15.6165
24.575
26.3461
19.8658
14.5596
25.7115
16.8122
14.4038
15.8681
14.4785
15.7563
19.5903
12.5034
18.7632
16.5521
29.5903
13.8102
18.2674
13.8382
21.648
16.9211
18.1325
15.0786
14.6921
22.5586
17.2285
13.6553
12.6162
21.5163
16.7035
11.9726
13.1817
14.7779
14.9475
13.8832
13.6334
19.4128
15.0081
19.0635
11.2579
13.7089
12.1445
17.5525
15.072
10.8816
15.6972
12.9517
11.5292
15.7847
10.9061
12.2612
13.6341
14.512
12.7039
12.1206
13.9216
17.9333
10.872
11.5439
15.9963
16.8824
12.3213
20.6573
16.465
11.04
18.5077
13.2341
10.9035
16.9328
15.7059
11.7275
18.6687
11.4056
12.4294
19.1291
12.1259
11.5513
24.1948
16.0074
15.5786
15.0213
19.5032
10.7823
14.964
14.475
12.2556
15.5174
19.3479
19.2779
19.1029
13.325
22.5566
13.5633
18.9861
11.3282
12.4439
9.66145
21.2547
9.46958
24.686
12.9884
15.5251
21.6592
21.5768
13.3666
13.7831
10.4853
11.6415
13.0733
12.2501
19.4382
13.6359
20.5721
10.8421
12.3407
14.6743
19.8265
13.1322
13.0319
19.1887
12.0546
21.1145
15.2446
14.9783
14.9814
22.4991
11.9057
11.931
16.2231
11.7851
26.3644
25.3394
15.1393
10.8926
10.3987
14.8724
10.0285
20.9424
13.3312
19.3211
11.4909
12.9348
12.0777
15.3336
16.7064
14.0476
19.1495
17.0863
25.3413
13.1431
14.8646
13.3962
20.6412
14.0903
22.4135
19.4936
14.2157
15.1939
12.4895
15.5263
14.637
19.5728
23.6924
6.39024
12.8314
10.5205
13.8292
14.5472
8.33464
13.6894
6.06407
20.3513
11.955
13.3973
7.70679
13.5885
8.94712
15.7227
17.2272
14.3318
13.5227
10.0427
12.4358
7.76648
9.74274
16.9492
8.18292
15.9621
9.5571
15.1631
18.902
10.1009
8.62187
11.1315
16.4219
14.3988
19.0074
9.819
11.4945
10.0125
10.9451
7.58962
26.8378
8.12228
19.3626
14.2756
12.2833
9.08918
22.646
11.8761
14.3812
9.92053
15.6538
12.9922
9.06845
10.1672
16.4631
6.87532
10.5915
26.9807
10.2248
15.2616
9.6451
10.4075
10.5484
11.1885
14.4051
11.0427
10.0498
12.8879
30.9817
15.5352
19.8695
7.58104
11.0291
9.11059
7.2123
28.6116
8.45387
15.19
14.523
9.58428
9.57004
30.735
11.0877
15.4964
8.7494
8.12364
11.0151
14.1204
10.7345
8.37006
22.4912
19.6262
9.73678
27.2141
17.2445
24.8944
7.24694
11.3401
14.5287
28.3603
7.75471
8.79245
14.9746
9.88232
8.60284
7.42025
10.2189
13.8059
31.1171
11.4489
15.3738
32.5438
12.1573
24.6819
20.517
17.7659
18.6248
18.179
7.52197
7.83786
10.4833
9.02063
23.1777
23.548
28.3276
7.19411
6.35695
23.653
7.70382
32.6968
8.38464
9.04689
8.48019
30.9393
8.92306
6.62161
24.5179
6.93111
13.1179
28.5803
13.1207
7.67236
7.91016
12.9878
13.312
13.6145
15.1941
32.8278
7.8304
8.65605
12.4931
7.99965
7.55219
9.52729
13.5137
8.98722
5.93307
7.61517
11.1356
12.1283
9.33473
12.0915
7.43714
10.6623
7.13742
17.7744
12.8786
10.683
9.90042
23.416
10.3709
8.8946
9.75827
27.5207
10.5359
9.00929
10.9729
7.01896
13.9295
7.33816
7.03457
14.2783
11.0038
21.9691
7.39653
7.08273
11.3521
30.385
6.63486
9.95024
27.6427
7.97623
21.9621
8.20848
7.93259
24.9871
25.8871
20.3352
30.0811
18.7699
9.64024
19.2814
18.3111
8.85959
25.1045
11.7585
35.6393
22.0766
19.9166
22.6843
19.4251
35.4063
7.73451
28.553
19.458
29.3803
20.6926
21.3681
22.5471
20.1742
23.4083
26.08
21.8321
26.7703
24.9842
23.1954
20.9059
20.1712
21.1917
21.3667
27.6313
25.8887
21.9898
21.7683
24.2381
26.0524
21.0033
11.1597
20.6989
8.86789
30.4873
19.3562
19.7545
20.5377
6.86327
23.1306
30.6633
18.5138
11.5317
18.7708
19.6551
19.4219
18.0689
19.5649
26.4394
20.1195
19.4496
19.2933
31.6342
20.7615
19.3834
19.9996
19.8371
44.6451
24.8479
21.3859
21.3644
22.2988
21.0686
33.2782
29.0816
29.5426
19.9816
33.8083
22.3135
35.2301
32.213
22.3921
23.3541
19.9806
20.6238
34.7843
21.3787
19.695
30.9746
31.8068
9.53581
27.179
21.6556
23.9065
24.2832
31.3586
21.5599
21.2177
20.5966
31.4328
24.028
19.8192
22.1481
31.1979
19.9224
25.816
34.3038
18.6557
26.8513
17.9258
26.5939
20.5311
20.856
21.6347
27.5943
19.5817
18.0768
9.62201
19.7111
21.3376
6.37979
7.52727
24.9809
8.34389
11.958
43.3767
11.885
6.40606
9.82745
7.28712
14.6175
27.5698
7.02158
22.7821
20.1477
33.7277
8.59975
20.858
8.66542
23.9261
18.4677
7.37248
22.8626
31.2779
19.7565
24.1108
21.0956
34.3328
9.45043
25.2848
19.5884
34.5723
21.442
24.3979
5.92956
33.1646
7.63252
30.8178
7.6722
32.9729
6.81561
9.74286
33.9307
9.23259
9.40678
11.3815
22.4117
14.388
6.27764
27.3364
6.85156
13.1199
12.6754
12.9012
18.4253
8.17305
21.6552
20.4408
20.5034
24.5174
21.2602
28.0809
20.5295
31.5979
35.8803
28.2121
19.4749
19.87
22.3801
21.9
20.2321
21.218
39.859
38.3401
22.636
20.722
19.5551
19.1083
20.5746
20.6608
28.9228
19.833
18.7708
46.1278
12.1236
39.1176
26.1741
10.1262
20.4911
20.7187
8.60968
29.7613
6.65343
30.2133
6.56493
7.53317
10.0702
25.239
21.3846
7.22449
20.6527
31.377
9.90897
25.13
7.08349
39.5252
7.95574
30.1457
21.2226
19.262
25.3243
8.97432
21.484
7.09623
27.3126
7.45091
27.0896
7.08146
26.6092
9.04182
24.5256
8.39171
20.5901
6.21633
6.34566
25.1199
6.30066
9.85562
33.3685
22.1234
7.90978
10.7801
5.71872
4.3541
20.7349
5.63746
9.51541
11.9857
12.4935
7.31705
8.73543
30.8736
6.4265
34.613
7.43879
23.5969
21.0861
24.5085
7.67788
13.1549
29.0045
6.7492
10.176
10.7777
11.492
5.86312
6.3832
30.8684
8.03278
48.0618
13.5879
12.2633
8.37561
25.1544
6.28267
6.61483
8.27447
28.5241
12.8028
7.23022
8.1876
12.8746
27.7981
7.5681
10.0235
8.59726
7.01824
27.7401
5.63168
27.424
13.0622
9.56687
26.2413
5.65664
14.4583
7.20418
8.95154
7.68112
7.42698
20.3685
6.79809
10.049
6.2229
21.0209
9.44901
11.7351
7.12868
7.92154
13.6374
8.98952
23.9525
6.52924
9.04012
6.4512
6.90503
6.49659
9.79231
36.1773
30.9993
23.5428
29.313
21.003
20.5546
23.0669
22.6028
31.4899
20.2852
20.3528
21.7949
20.1876
21.304
31.1607
20.3684
38.6941
11.0268
36.175
22.4382
21.6485
19.8286
21.2025
21.5491
20.0574
29.908
23.4163
42.5515
33.0841
21.1944
23.3496
21.5924
20.3631
20.4777
20.3904
19.6696
17.9195
34.0508
21.4521
26.9718
19.6639
18.3448
18.3359
9.50989
17.6001
20.5096
32.4759
28.1551
19.3795
17.7446
18.6969
18.441
13.759
24.8082
19.8009
27.4196
7.46764
21.6644
8.00983
28.9929
28.7944
19.8808
7.09664
20.3961
8.76493
12.4755
18.8683
17.1167
9.77378
7.11508
38.096
10.1876
9.01049
35.1457
11.7706
9.58039
18.5279
43.5514
12.3601
8.48042
20.6289
8.36734
11.6662
29.1928
6.90951
18.5844
7.82176
9.30289
7.93732
8.65756
7.03531
7.95853
18.3903
10.9904
9.41227
7.70498
27.286
13.134
24.7572
6.91096
15.0699
17.2558
33.425
6.98884
25.8181
18.2698
9.34561
32.3805
23.1523
17.6841
21.0056
21.5044
45.1218
35.6299
23.9345
6.64217
23.2249
6.47716
25.5283
14.3352
5.64713
13.6906
39.9076
13.8984
21.71
28.4609
31.6391
6.91488
39.8371
25.4553
6.4819
9.41606
8.76037
33.7417
6.63036
9.42858
9.55779
23.7907
8.4277
11.5616
7.47092
8.39775
28.2189
6.8665
7.15965
10.6386
25.3857
14.5351
7.75831
25.4804
19.6234
12.8398
8.51712
21.4191
12.3095
7.42626
9.49775
24.5687
6.73454
21.5541
22.2153
20.683
11.9973
13.5618
10.4514
34.0705
20.1542
8.91517
7.43763
29.5876
19.8134
19.0597
23.3761
6.45579
5.96941
32.7353
20.5566
19.0827
20.5256
20.0468
20.4297
34.6676
19.9197
22.2681
18.8439
21.7693
20.0234
47.3909
24.484
7.47087
29.7528
5.53365
32.5466
7.23598
7.13863
9.50829
7.92769
6.52908
27.7066
9.64939
6.66774
8.89014
6.75785
21.6584
12.3372
8.5028
9.23633
11.6268
8.51062
22.8433
6.43098
13.256
10.485
8.70946
25.3323
19.8698
6.53638
24.014
14.2726
28.1822
6.72993
25.3303
21.1279
6.11051
7.75061
12.3575
27.6348
9.94815
11.0103
10.6759
13.9749
7.16538
30.3508
7.47087
7.95084
10.0096
8.94427
7.28337
27.9487
7.44325
19.3299
6.1057
8.34994
13.6122
11.5624
9.03971
20.5915
6.45114
8.2906
28.476
7.02775
14.4175
8.53034
13.435
8.82529
9.70115
9.26574
36.341
8.24824
6.93538
7.04411
9.44618
13.8419
9.51166
40.1262
7.18697
13.2938
14.5093
12.6616
8.97652
24.353
7.09026
10.8417
7.90564
24.0532
7.07427
10.6354
7.69064
39.12
8.43789
14.844
25.672
19.3936
20.3789
21.2227
18.2222
13.9151
30.0783
26.2555
21.8658
33.259
21.1895
6.83432
22.7264
10.9643
22.1079
6.53874
35.5986
13.7488
26.9829
9.07293
36.6406
21.9906
21.6099
21.065
10.7947
30.98
23.4167
25.7608
23.1021
20.7356
22.3424
23.4925
22.0529
7.2049
25.75
23.7007
28.3741
39.8734
22.9538
23.7319
24.5815
23.1697
22.3931
22.7745
25.4296
21.6795
21.9798
24.8155
20.9837
23.0164
22.8328
25.5858
28.5059
27.1819
25.3773
25.1869
21.0548
40.7981
24.0684
25.6976
21.6168
20.9191
21.3295
32.8478
7.9927
7.37422
6.98681
10.1782
9.42147
12.9399
6.73603
8.55886
13.8999
6.36699
5.92682
6.90057