36.6626
22.2363
31.8789
21.5713
20.8102
20.2835
22.0384
22.6419
20.0445
22.1949
22.0647
43.0584
21.8426
21.0433
21.521
21.3542
21.1459
20.7725
48.1193
24.889
20.8879
20.0373
20.7066
27.5011
45.9185
9.8921
30.0788
22.1285
22.0457
24.2853
20.8097
20.9324
20.8551
20.8642
7.79098
24.2704
22.4174
21.909
23.6643
31.9351
22.2867
21.6237
22.8367
22.1727
22.4152
23.2806
23.1582
26.2818
27.8091
27.5549
26.5473
32.9468
23.5998
23.4198
22.3444
27.6051
20.3036
26.0919
21.9688
34.4391
20.8451
26.5696
20.4821
19.8997
8.35044
7.98086
21.804
6.45801
23.7506
19.6075
19.3465
21.1547
25.2896
5.86578
12.3049
32.2011
32.7336
9.13274
6.3392
25.6272
21.6917
20.1348
6.8089
21.126
20.5122
7.35153
21.3052
23.5658
7.27275
8.44342
21.0901
20.0034
20.4943
21.7191
22.1145
19.7478
26.7292
23.387
26.6414
30.1435
23.5826
19.6859
19.2347
19.4514
22.3053
19.4074
22.5023
20.0906
20.7064
6.71301
10.0895
18.7644
10.1278
37.7963
33.9411
6.18524
17.4878
25.841
9.41524
6.76005
20.6133
8.65089
19.921
34.9181
27.2663
19.8283
21.179
19.9051
8.10652
34.0177
33.7937
35.4866
21.2573
11.9548
7.42867
22.0168
7.43309
25.5928
13.5974
7.72006
21.6815
19.9508
22.2985
7.16001
30.586
7.44582
11.6618
23.799
7.10221
27.7285
20.2883
9.83894
41.9203
21.8343
7.31722
35.2431
20.7434
7.33362
6.66974
24.6411
6.20251
9.69227
22.4615
11.9351
31.4141
18.8256
33.3962
23.8112
18.7293
14.7504
27.8834
9.50866
8.51229
25.9274
20.2904
7.2158
29.1821
21.0957
6.2487
36.5681
18.617
14.8023
27.4524
18.4358
6.84266
20.2525
19.366
6.79601
22.1377
19.0573
21.0767
21.5764
20.3046
20.5802
20.1936
38.7899
9.14787
41.7181
29.7538
23.8433
21.4335
18.7339
18.9593
30.131
22.2083
21.6054
22.8259
23.2468
22.3845
20.4181
29.8621
38.6419
22.4148
35.6051
22.7606
22.0915
22.5613
7.79396
30.6351
25.3753
21.7003
20.7414
21.8532
21.4857
28.2309
21.5263
40.5914
21.9441
20.9233
7.92446
14.2127
11.4884
6.54437
6.87639
7.4629
6.93876
8.80643
7.45454
5.7153
6.73939
6.25565
7.41608
6.91943
6.13703
14.578
8.25539
7.43632
5.89528
6.74084
7.41274
9.2282
15.2024
10.1972
9.27289
4.25971
4.09678
3.7203
5.63615
12.1936
12.0737
12.4427
13.1544
10.4516
8.93035
10.7161
12.1338
9.36051
10.2446
7.69562
11.5595
7.02296
10.4334
13.8525
12.6132
11.2533
12.3192
12.3432
8.61727
10.1526
9.08369
12.6813
8.64589
13.551
9.45429
8.81878
8.75024
8.37419
9.97849
9.01168
6.53448
6.13139
7.07337
7.51481
6.0211
9.3755
24.6021
6.02082
6.21875
13.4642
12.8766
11.1128
9.14123
7.83308
8.16787
10.3971
8.6279
7.71451
12.1651
13.3217
7.97449
14.524
9.64891
10.9726
9.76641
10.1157
12.3976
9.29753
8.90639
10.129
10.0183
5.92935
10.8627
9.58271
8.1341
10.3713
9.54247
9.28686
7.78592
9.28051
8.42101
8.92428
9.68815
10.4566
9.38828
12.5677
7.53627
7.27204
8.61093
9.03654
8.63684
9.06149
11.71
6.58076
9.10287
12.3113
7.93109
10.5287
9.7589
9.45918
6.46219
9.2229
8.3013
8.64807
12.0024
11.0978
9.15595
9.99859
8.07926
13.6083
9.33657
13.295
13.2222
7.09098
10.0138
14.0834
9.73929
11.5856
12.5476
8.05371
9.87553
9.31277
8.92993
10.4335
12.469
9.23925
11.9591
8.70417
8.12139
7.36665
5.79146
12.0774
8.53235
14.435
7.87062
8.82338
9.16748
8.08506
8.08891
8.05134
8.45527
12.3433
12.3222
9.29251
7.90877
10.4742
8.623
9.09899
10.0457
13.8757
9.33428
8.95101
6.05178
22.6014
21.6278
23.166
6.95188
13.5134
10.4356
7.52947
7.7931
35.562
28.2053
19.5231
22.7741
21.2439
26.7342
22.4753
20.4207
23.0909
23.2239
20.6529
21.3919
18.7513
19.889
20.2909
18.0395
11.612
5.57081
25.2778
8.01919
5.75278
8.73456
24.6138
7.48818
9.48646
27.8797
6.41533
8.50841
31.7991
14.677
7.30144
25.6771
7.88017
13.1988
23.862
6.72785
7.32585
11.2513
7.3631
24.6252
6.77559
6.05741
22.2731
9.6933
12.3425
8.57792
12.7846
12.2819
10.2313
6.73904
14.1611
10.5342
6.99353
8.25837
32.8484
8.1506
33.0104
6.36239
13.8569
8.71494
32.9815
8.54188
10.5878
19.2883
7.0695
19.5665
11.6869
9.8816
24.0553
6.64418
37.3522
13.8713
38.5095
21.3636
7.40629
35.622
7.24734
21.9355
7.49932
13.0121
25.3254
7.51319
11.1198
9.95139
9.77903
8.80798
25.2853
6.69437
37.128
10.5591
8.00999
6.37654
7.46856
8.59241
9.11598
9.38667
31.7732
6.79173
21.9791
7.69661
19.8206
19.579
17.6765
38.3708
18.6082
18.6066
19.6422
18.7595
30.2201
6.87226
24.0404
10.4303
18.1891
9.17138
8.64479
26.356
20.9273
34.6907
16.2445
31.2262
19.9238
12.3792
18.6936
7.60559
25.467
6.98107
8.0506
23.716
10.4292
19.6112
9.75741
13.8088
26.6056
18.6445
6.24299
8.45756
31.6139
10.0575
11.0761
13.2179
7.81129
30.3263
8.89746
9.25441
10.7763
27.3241
6.45186
22.8441
22.1409
9.2839
34.6867
22.7703
7.81608
30.9944
11.9309
21.0254
19.9831
23.2156
20.7682
20.105
20.5947
21.328
21.4954
11.379
22.1467
20.3054
35.5444
25.4314
7.8719
22.4154
30.7899
5.92691
10.0117
9.03748
32.7099
14.0419
35.1586
7.33219
25.9804
6.56707
6.86083
33.8558
7.16211
23.3836
10.7426
8.83041
6.3111
23.327
22.9933
8.93406
6.33778
31.7845
8.76396
47.7047
13.6783
30.0487
23.9297
37.3596
33.9816
22.9344
10.7259
28.5844
32.8956
22.2275
25.0036
7.32491
25.0884
23.5995
23.2196
7.67703
6.95333
6.52836
40.2344
7.91152
11.0254
10.147
12.5752
6.95144
32.6235
21.8726
6.60159
8.09136
24.9443
6.40678
9.14465
6.37267
37.4291
29.9341
22.9396
23.9352
25.3095
24.1659
22.7831
23.3485
35.0089
24.4393
22.771
23.3157
24.3691
23.8286
23.5275
20.4893
21.8291
24.7416
21.9814
24.3802
31.2398
22.5483
38.0196
39.6255
23.6945
23.0543
6.07975
6.22348
39.8974
9.73854
12.0638
7.48038
35.2183
6.33972
21.5383
25.6023
21.3453
22.096
23.2076
21.3438
22.0045
23.4236
21.3129
22.6106
20.5905
22.3892
45.7906
28.6073
6.86587
37.3483
26.1484
42.8333
6.39791
39.8192
6.65272
36.7596
20.8674
21.3664
23.5246
20.6886
26.4287
19.3406
39.3244
13.4256
8.53285
8.94667
12.218
9.32855
10.3036
38.3345
9.29348
13.5041
5.97697
7.79823
11.1534
10.5459
32.1329
7.9161
27.7021
20.3552
23.8345
5.69876
25.5335
20.1711
34.8876
21.5103
43.5902
21.7644
21.4733
33.1767
7.14891
24.1973
11.9088
21.9498
7.49016
6.7076
33.6485
7.12001
23.5541
7.29099
11.0726
37.9744
16.6518
10.8661
20.9881
22.8757
23.9808
8.81789
24.2694
22.0924
20.9901
20.7118
20.9487
22.76
29.3478
20.5286
24.2215
20.5593
7.33491
28.5498
18.2091
20.1347
6.95012
38.2363
21.1543
24.9328
20.5492
18.9213
33.1589
19.564
8.1537
25.9833
26.1015
6.94362
41.8958
24.2543
21.8242
32.1577
20.184
31.9661
21.3466
30.6042
19.7375
32.0433
26.988
6.74432
9.2812
34.9834
8.86751
9.4296
21.0935
6.9269
7.56929
9.49422
13.9236
25.4938
21.3049
22.064
21.8035
20.6371
24.3706
37.5
29.0659
20.5301
25.1785
20.2069
19.1553
25.3894
19.2159
20.8516
20.5888
20.0911
19.3894
10.4265
35.2845
9.78438
18.4336
20.0297
37.5218
28.1708
20.6634
19.48
20.0322
20.5465
19.8928
37.1495
20.1161
18.6124
39.8373
22.3599
20.2467
23.8238
19.644
34.0946
9.17099
26.6175
19.9093
8.06522
22.3862
6.93683
35.0421
21.063
8.05963
19.6904
18.5975
9.71471
18.5777
10.415
36.2116
22.0699
20.547
7.23463
44.8484
20.1293
21.6109
24.4075
7.79993
45.5397
35.1325
20.5391
31.6593
20.3808
10.9827
24.3761
19.5093
26.8055
30.3555
22.1488
20.4636
20.4536
9.1959
26.6859
5.74093
9.85416
19.4753
6.82417
25.1534
6.88969
20.5252
11.0273
8.20655
29.2004
7.9652
10.9312
26.0002
9.90322
7.45991
7.85928
27.6121
8.34811
7.70583
9.0202
25.7477
10.0162
10.4256
19.9345
8.77045
22.0535
9.16932
19.8739
18.9121
11.9813
9.05464
13.7924
24.5525
7.14544
13.3109
8.03137
12.784
23.6143
7.55389
8.22147
14.2802
22.7559
9.34429
18.5096
7.95353
21.9924
24.2807
20.9563
20.0437
19.1466
21.5375
20.0039
22.7263
25.0875
19.6504
19.2334
18.5765
21.8125
19.0152
20.1544
18.5989
20.6355
20.4196
21.7929
19.4624
20.7595
7.01
21.0821
20.783
19.6342
20.5646
20.5135
21.9365
21.4071
19.283
19.1652
28.4085
19.5739
21.285
27.6641
20.0414
23.1722
20.8028
20.3994
22.9007
37.4095
20.9898
33.9682
21.3593
25.0293
20.4961
20.6711
21.3498
25.8794
19.6684
42.9249
30.4151
25.6065
25.8386
19.749
22.3656
19.1941
20.8258
23.2202
19.4997
20.406
7.22718
24.6516
6.26411
20.442
19.3502
20.4081
21.3406
40.4135
19.6608
17.6487
24.2009
24.2989
20.3843
20.646
20.1409
14.6117
9.91832
20.8555
6.76776
34.2062
7.75547
11.7388
9.08741
23.6655
6.52055
15.456
9.10546
9.85556
6.51595
10.1717
9.56738
6.27975
26.5119
19.4106
6.92982
30.9758
6.71441
10.0158
34.4873
7.17805
20.737
8.68825
22.66
19.4092
22.4103
18.9434
32.7476
35.439
14.5788
19.1517
24.368
17.8597
17.6989
20.1986
19.6358
26.0456
8.03688
20.4358
16.6933
14.4157
21.3701
9.21757
19.1209
19.3107
18.5929
6.96416
18.03
19.1757
8.19134
18.5458
9.84473
8.34539
35.6295
7.8636
28.7756
8.10668
25.7112
8.03487
15.1426
17.0052
11.3194
22.9714
19.1336
11.4218
13.2485
34.1076
6.87847
31.4868
11.4702
9.77156
14.6702
29.717
13.5038
8.41697
10.8189
6.88793
24.2772
12.8451
6.94442
8.90174
11.8255
19.2005
9.75278
17.3114
10.9832
18.777
33.5457
17.4129
31.5462
18.9687
18.6723
19.776
17.3295
17.4246
22.3071
17.965
18.5028
23.9154
17.0626
29.1758
18.0078
25.5135
21.9853
16.8557
29.4861
18.2385
20.9893
15.8772
28.2086
18.5335
22.9632
16.2452
18.7845
18.7491
15.4764
18.0824
17.1024
23.302
36.1416
28.685
17.463
20.8206
16.4275
7.10497
20.3881
8.26667
22.4776
7.76803
15.1093
10.781
32.6852
15.3018
15.4756
18.3931
21.9079
15.3262
26.402
15.8453
14.3743
17.0379
14.7163
15.2008
19.6725
16.475
14.4432
19.0601
14.9683
19.6748
28.1201
18.5004
17.1341
16.4843
17.2618
14.2981
14.5479
17.4084
18.1201
15.6397
13.9151
17.4438
18.7547
17.1059
16.137
20.2065
14.0142
14.2474
28.1101
18.3759
14.4393
15.1376
14.4295
15.2191
22.0624
15.6857
19.0974
15.4973
16.0422
15.937
17.4444
16.037
14.8119
13.2012
15.0668
13.3544
21.6993
15.6543
13.7602
17.347
13.1062
13.4505
15.2994
20.6827
15.1358
19.2802
14.6428
9.54003
13.0851
12.6397
11.0569
11.8417
13.2235
15.4898
14.6137
24.0573
20.4325
13.1737
15.7805
15.1343
16.0404
13.2672
12.499
11.8428
13.3823
11.6582
10.3844
20.709
17.6226
11.3406
9.67932
12.5126
11.5642
12.6388
18.9217
13.2864
14.7467
13.1256
19.192
19.2645
11.6231
11.1947
20.4184
14.5192
19.6804
11.4995
15.1125
11.4205
18.8386
11.9163
14.1108
13.7856
13.6093
17.6701
13.9699
13.1747
18.6587
14.0446
9.61348
10.658
21.2797
13.1528
12.702
10.6601
12.9466
12.8426
15.3401
12.7444
12.1642
15.8148
17.3634
11.0144
9.67499
19.7848
12.528
13.2884
13.2315
14.2112
11.1373
11.5007
19.6805
14.4012
13.2657
12.9766
21.1597
14.0738
12.6632
14.0031
13.8561
9.61644
15.7785
19.9201
13.0427
11.0878
13.7391
10.4862
11.4253
22.455
15.8976
17.8225
17.3651
14.1433
13.8592
21.0595
10.3353
18.8387
23.1084
24.1236
17.658
18.6384
15.3217
16.0542
16.5431
14.8307
21.2042
16.9843
11.5573
19.4915
14.3185
13.9445
22.4551
21.7421
15.6915
19.3599
17.9539
14.4353
12.3241
22.8809
12.8081
16.8096
13.1371
14.1714
16.5092
21.153
14.7661
17.4785
12.0318
13.5887
18.9411
14.3932
16.2489
24.5995
15.0458
12.6632
13.3699
21.3627
20.7399
15.7691
22.3581
12.8966
18.7533
18.3287
14.5749
21.4156
12.017
6.55962
23.1162
7.29549
14.6357
14.3964
14.7915
10.3686
9.35711
26.607
16.2964
12.4113
18.5155
17.1762
25.2217
7.13038
20.8751
8.28153
14.3893
9.8195
20.9419
14.6041
9.32195
26.3981
7.74878
19.4734
7.40953
11.1919
11.145
22.7604
7.50624
8.10117
22.3868
6.91613
8.95607
7.02691
11.5347
10.5945
21.5504
8.92526
7.56447
11.0306
14.2559
11.1592
11.2024
8.3694
18.583
7.84003
18.8396
11.4015
15.3854
10.8117
10.0059
11.2326
27.5292
10.1174
13.2048
7.61553
11.3751
11.0061
7.27534
37.9298
11.9763
14.4273
13.4121
25.4743
8.12378
29.3422
7.92673
15.0088
7.7673
15.1173
8.6247
13.7198
11.2939
8.99318
11.9807
29.1359
6.96061
21.7409
8.24465
6.04973
10.5759
8.13668
6.70833
8.27404
23.5947
6.68213
8.33428
8.96066
30.369
7.07347
9.8646
14.0548
26.1634
6.80799
14.3382
8.56465
12.698
14.6911
21.0761
6.67657
8.79281
15.3592
29.2355
12.8679
8.80909
30.4025
7.74388
10.0186
18.7378
7.38242
20.3138
31.3717
25.7186
7.40284
31.5535
8.58263
20.7289
18.3555
20.5095
22.8813
19.4504
34.0493
28.7114
19.8911
20.8328
21.1891
33.2989
25.15
22.3533
22.1791
21.3655
20.0145
23.3902
25.1548
40.8354
20.8599
21.5298
24.7797
21.5436
45.71
33.3994
36.295
41.0391
30.7167
21.8036
28.2395
34.5563
35.7772
8.34251
26.8945
23.9986
25.4737
34.0608
33.6896
22.04
21.3887
22.1975
24.498
20.1661
22.9319
23.6826
20.4209
22.8413
24.6057
15.0957
40.4227
25.43
22.1562
10.8596
33.3895
20.2741
25.6473
7.4705
10.4158
32.1277
10.8927
11.5749
19.2744
7.63309
19.712
23.9177
18.1875
9.14434
31.3366
7.80813
31.9954
35.5936
31.0273
7.7233
25.8386
21.5596
9.27143
35.9899
20.3544
20.0708
8.41558
26.7012
21.5602
11.2946
19.791
23.5273
21.2402
23.7435
13.6173
22.1749
8.24436
40.5551
11.7521
14.7275
28.0941
9.82144
23.8224
7.6929
41.5568
12.5537
32.8559
21.9302
21.1615
23.1272
28.6381
21.32
23.7002
25.3715
21.536
31.5118
21.2383
22.5243
24.742
37.7481
33.3803
31.8558
20.2798
23.3527
22.1111
23.3271
21.8677
20.9917
28.5789
31.2983
19.2064
17.7503
19.7426
27.9053
19.4222
19.0928
21.0384
21.4087
19.6694
17.8921
25.2932
40.0538
29.5202
26.7122
32.4701
27.1374
34.9402
19.4187
26.5263
17.6604
21.9796
20.8466
18.1285
19.6632
18.5909
17.7094
25.5188
17.6271
19.7549
24.4305
18.6626
31.4636
18.0798
33.3891
17.8267
25.1397
21.6391
19.1836
30.0597
7.05911
11.4926
21.4959
7.15789
18.943
7.78646
7.63162
29.3309
7.18029
6.84665
21.9144
20.2943
18.8641
19.5284
19.3505
17.2874
20.2327
14.3529
6.40134
28.6681
7.57789
13.5484
11.6934
21.1654
6.43257
26.6104
7.39801
36.4577
25.7559
18.632
12.0472
8.73479
11.6
24.1561
7.52167
26.3586
8.20238
21.6837
8.50197
33.2861
23.0047
7.45879
34.3681
8.00399
5.96473
7.4532
25.6496
29.6464
7.37592
14.0428
12.7753
8.04637
9.97239
47.2533
8.97991
23.0696
9.56256
33.3418
29.9201
7.52935
22.2117
8.26488
37.6965
14.04
13.1935
24.53
14.9318
6.89357
36.2052
8.89673
30.6447
20.2915
11.3035
32.6197
11.9495
23.9664
31.5416
22.3926
21.2
21.9652
21.1484
21.5087
22.1539
28.2173
20.9587
22.7409
48.8516
23.0975
20.9452
23.1243
21.1539
38.1742
24.0012
23.5959
19.9884
19.6521
20.2162
19.9773
19.965
19.9323
19.818
27.189
25.8463
23.7897
19.2992
29.0956
27.6719
20.283
19.2617
19.2878
34.9338
24.4745
18.3229
31.7552
16.7128
19.4637
17.7381
36.2641
9.41849
17.6897
6.29544
6.62064
13.7827
10.4681
23.5925
7.38764
22.6331
18.1587
20.1457
9.29001
18.0173
18.9372
6.73057
19.8102
10.4578
8.86697
27.8102
15.424
6.18628
8.12504
7.90145
18.7912
6.52089
13.3466
23.4162
8.70871
23.5706
11.1719
6.94724
9.26454
14.4482
21.6029
13.9014
7.19458
9.39509
32.2623
14.7375
11.3058
7.53304
10.2328
22.9039
7.25269
7.67137
7.01738
31.6509
10.6921
11.6391
7.73271
13.7027
10.2015
33.4129
10.7672
6.74617
7.30773
9.61443
14.4473
24.3414
7.31586
23.2459
8.40262
40.7999
36.9472
8.40577
24.5064
9.83796
25.0436
20.7139
13.5048
14.3398
12.3215
21.9908
21.4129
8.20866
47.5688
11.0664
33.8932
8.3628
7.26072
9.81904
8.39012
6.20088
22.7751
6.52344
9.59264
7.08807
31.2299
6.07163
26.1153
9.65418
15.8312
10.0063
8.27611
11.7394
9.60157
22.669
6.67838
10.1909
10.8069
30.1446
20.4325
11.9413
6.57103
13.0094
6.23539
6.37317
22.1392
20.181
20.373
6.88106
9.74829
9.47866
6.59368
28.4418
7.17439
27.3134
9.04528
31.6732
7.16019
8.85471
13.1657
6.15374
13.8738
11.9721
23.0103
20.226
10.6978
8.58979
29.5546
7.99233
5.99027
9.98693
6.80655
13.1203
13.5223
9.2495
9.7184
10.6747
7.0873
6.98832
41.4501
8.20465
7.26282
11.424
27.7098
6.69785
7.58655
9.92828
8.1763
14.0384
5.86155
10.0469
8.95969
11.494
11.4767
8.2611
9.33407
10.4682
3.86648
5.49205
4.89876
5.4579
5.16751
8.73098
34.243
10.0505
7.38065
7.27105
13.0107
13.1235
8.88325
10.3061
31.9585
10.1015
10.5717
7.90945
8.40622
15.8984
13.6106
10.4244
38.0829
13.1005
12.9132
8.06437
33.7426
8.12563
7.94677
33.5131
28.1035
9.2297
25.9573
21.3372
8.76821
20.9297
22.3468
19.9542
20.1051
10.1079
24.4165
18.8897
20.7223
33.6881
21.5993
36.9351
21.0045
25.244
33.4653
9.7403
24.4474
24.8647
7.15354
40.3756
23.5058
22.4217
7.71235
23.8596
30.0248
29.0164
20.5383
36.7598
30.824
21.7427
20.5821
9.79345
24.7256
21.7334
22.6909
21.828
20.6805
8.34745
22.4967
19.7571
36.4297
41.8344
22.6231
22.8138
23.413
20.754
20.6447
22.0067
28.7192
21.0459
24.04
28.1561
25.5409
23.5641
37.8244
22.8067
32.023
20.4463
30.8361
20.9222
21.4157
22.2819
32.5968
22.6075
21.3546
22.2766
22.216
20.9352
21.7615
22.1791
24.7571
22.428
23.2602
21.2426
22.7627
22.696
23.2866
22.4645
20.7807
25.3754
22.0589
21.0406
22.4686
20.6324
22.9765
21.6599
20.7278
27.0694
22.6344
20.9068
22.4116
34.5726
23.1156
32.407
21.5508
22.2808
20.7731
21.3894
46.2069
24.4235
22.7161
21.19
36.0946
36.5999
20.2986
36.8387