22.6049
16.6391
6.77235
6.30792
8.09902
23.4301
8.14584
6.10159
5.87475
12.049
8.95792
9.44914
14.2752
7.96465
9.32669
11.3976
19.0261
6.78153
7.29066
12.6238
6.89323
8.43165
8.01281
5.96134
8.64979
8.28219
8.80182
8.86423
8.39768
6.55816
5.84082
8.28899
5.17114
7.90569
9.34735
9.99621
9.03268
6.31496
5.68383
4.24615
6.86732
6.32197
5.25689
5.68027
7.42963
7.55234
8.46158
14.0889
3.83186
8.27978
5.49338
12.5825
7.5264
6.72743
5.75635
5.87715
5.77081
6.20619
6.56023
5.31181
10.822
7.8156
12.5691
6.4283
7.18576
13.9718
7.92443
8.07124
8.11538
6.28496
8.28101
13.0067
11.7568
6.55911
11.586
8.21252
8.97268
10.0694
6.7188
13.5234
12.8881
12.0205
8.87798
9.96488
14.9322
8.6827
10.8927
6.47902
11.8754
21.1697
5.85509
10.3885
9.36376
10.5172
6.67817
22.3722
6.89144
7.57386
10.7411
13.7798
8.51003
12.0918
9.27327
9.24628
10.0186
6.69189
6.48571
12.639
9.2449
5.60872
9.62642
28.9799
7.77298
17.4256
11.8623
7.47394
15.7309
7.77871
12.5128
16.5022
10.6321
29.1113
6.3714
8.9704
8.51192
33.0621
6.48042
13.8285
12.3208
8.7716
19.1306
25.5532
6.61261
21.7652
7.04412
13.8549
10.3763
9.95017
7.7485
8.1111
9.60232
7.44678
15.7962
31.0432
8.64003
10.3249
16.744
6.34165
7.65333
8.15869
29.265
10.3923
9.21033
17.0542
9.43931
9.09542
9.13315
32.5868
9.11066
22.2355
16.4414
10.8587
12.2395
8.02726
7.35487
8.84186
14.0093
15.21
29.2174
9.57131
8.3419
25.3718
6.46883
7.21912
9.91909
15.3207
14.2843
7.57307
12.9238
10.1832
8.0877
9.42836
14.5417
22.7341
8.3343
10.3405
14.2389
14.2047
35.9157
9.67763
22.2535
6.93314
7.66773
7.73597
17.6925
24.6956
6.57773
9.04223
35.5252
10.9674
32.8972
10.4205
37.2029
30.724
7.80598
7.84333
13.1172
12.6472
19.2303
12.8039
11.475
6.24067
21.6046
6.6474
9.40536
28.3981
6.63673
19.185
7.21068
26.8213
18.3263
8.36541
26.2176
24.4475
6.72056
23.3628
25.6846
25.689
6.84068
16.7569
18.766
18.4936
7.80257
11.1906
31.6483
17.4107
11.3406
23.8693
18.8118
31.8886
25.5732
18.8598
29.891
18.2843
18.725
17.076
19.2487
17.4955
17.0618
18.9952
18.316
17.8309
18.0852
20.9312
16.3797
19.2257
16.375
26.2995
16.7206
17.4443
19.6719
16.5262
33.0547
18.7925
17.4064
15.7801
27.4834
18.4961
17.4459
18.7356
24.7453
38.1647
25.4989
15.3711
16.0704
17.0769
18.0021
17.4003
18.623
16.9852
18.8241
7.40189
18.9305
17.0141
25.3518
30.6935
11.7153
29.3557
16.7127
27.8417
6.90085
19.1937
6.99475
8.42372
11.5276
23.9748
6.65507
9.12327
8.77587
11.8309
5.8924
9.07591
9.57021
10.2173
29.257
13.1848
6.35857
8.54371
8.28393
9.92047
26.144
7.05713
8.67978
26.8891
10.0569
15.1821
9.52099
20.1242
20.7351
20.4767
20.4716
18.9111
15.8205
23.9408
16.0244
6.87954
7.88628
22.9362
7.48709
9.60523
22.8424
7.62535
12.4313
12.2308
6.5806
22.7316
8.48612
38.0884
19.7572
18.1959
6.10458
28.594
10.8755
14.2799
8.54986
25.6472
19.0328
20.0485
6.21515
11.5036
24.513
5.99093
7.78328
26.1688
19.7955
7.05859
31.0135
27.6322
21.4814
16.0845
38.8574
19.7216
17.0686
16.2102
10.4279
22.8513
16.6003
18.5992
7.94536
33.5481
19.1773
18.4561
17.2444
16.8647
17.1455
19.2291
11.6307
20.9505
10.9241
22.5847
14.4755
14.4758
22.2034
16.5788
22.6802
20.0669
19.71
18.4286
18.3459
17.7942
9.38885
29.7965
19.4078
24.0618
19.2505
19.1308
19.3536
17.8637
19.1242
19.2665
20.4339
17.8186
19.8547
21.3417
20.4275
33.4027
19.8312
21.0264
37.0262
29.658
24.053
19.7021
20.7437
26.1851
22.6145
32.3743
34.9406
19.9718
20.9304
32.336
18.3529
31.7543
19.0929
17.8234
16.715
30.6358
21.9959
19.9044
17.1552
18.29
17.6482
19.1337
16.2374
15.9997
24.2055
21.4265
14.5445
6.79425
15.4437
14.6314
19.0828
15.9174
7.07545
27.448
17.7194
14.4467
16.6407
16.6405
17.3308
27.9516
17.5997
28.4607
16.7729
30.1122
32.2059
18.2805
15.6711
27.7534
18.4807
16.6046
15.9097
23.7183
17.3453
18.1136
7.51887
21.6921
5.87669
20.2848
6.58753
12.301
24.3206
18.698
17.958
17.6873
7.43437
18.306
10.5428
36.0477
21.2466
20.4975
20.9718
27.5421
6.90665
23.6968
18.4133
21.1068
17.7421
17.4947
18.2051
15.9112
5.9888
37.4614
7.77731
23.8433
10.873
13.2854
7.48674
11.6054
7.9563
7.79376
8.32304
6.86476
8.5477
10.1042
10.4546
34.944
10.8067
8.53483
7.72501
10.6875
21.5575
7.68939
7.10457
8.87829
6.98013
24.3608
12.4193
9.07418
9.49698
8.95431
11.6214
9.09017
29.6189
6.66467
8.52574
26.0385
6.92863
9.13903
6.28666
13.4536
8.75169
24.3672
6.5057
13.6325
11.3575
8.68845
32.5143
8.52833
13.8768
9.33991
12.7692
13.2236
13.3353
37.9886
7.24768
7.1226
7.18581
9.37283
30.8887
8.38139
8.52742
10.2369
9.5479
11.2985
25.4703
7.64742
9.37686
13.1849
13.3425
7.3207
7.99246
12.2017
36.2251
6.5893
7.20129
10.3445
8.37646
8.99954
30.3772
10.3366
41.8465
7.82788
37.0393
6.77868
42.0963
9.14908
9.0274
34.5196
8.27275
10.0149
26.0642
13.5837
6.50391
9.3172
23.4176
13.8058
6.81193
11.2659
25.4182
11.2333
12.9751
32.7941
13.4989
8.69363
13.0143
25.9869
6.57362
21.2724
8.79422
29.1289
7.89464
8.18927
33.0697
11.1248
28.3243
12.2527
7.18295
9.44929
19.3875
8.86212
13.2051
10.2685
14.813
30.7467
7.84008
27.4764
18.0299
26.7076
18.2468
6.7784
22.0721
18.4926
35.6128
18.5222
19.4209
12.2058
29.0271
10.6372
23.6962
42.0068
6.85253
13.871
7.49606
8.16879
26.6163
7.55771
22.1836
10.1447
19.7959
16.9508
13.5783
24.8909
17.1848
31.8673
6.85321
24.1589
17.8891
7.07322
24.3753
7.45932
23.2215
6.93063
7.44101
8.47533
7.46296
8.97929
6.50956
7.32234
7.07518
10.4667
35.8829
11.0576
7.26254
8.0557
14.6451
6.56827
9.11365
18.2531
6.93912
9.63352
13.2985
11.3257
10.5053
13.8805
14.3792
29.1462
9.21488
10.1608
7.78906
25.4991
5.94302
11.4621
10.2003
38.8321
7.07058
12.5902
7.56035
7.50629
8.50641
11.7051
7.04937
8.92713
9.14828
7.99397
29.7616
8.65763
6.81201
9.6005
14.9378
33.0359
7.60669
28.942
7.34339
8.92664
8.90435
21.8289
10.2878
9.49632
10.9833
27.1384
7.74231
14.3389
32.8225
21.3058
8.28193
9.24474
14.4814
9.11273
26.6042
6.63192
11.886
7.15027
7.71127
30.5434
11.5581
33.6791
9.54765
30.8944
10.0143
36.3176
9.32429
29.2805
10.0834
37.0557
9.18435
28.6189
7.18964
13.1782
23.457
6.13847
9.80775
40.666
11.1206
5.72607
10.0061
32.4152
7.72525
39.8848
10.3893
11.083
20.8332
7.11237
6.44382
8.10599
6.68985
25.7093
18.0931
6.97094
12.5493
6.33198
28.555
8.7385
11.7816
13.777
27.7431
8.29078
10.3676
32.7013
14.1333
10.7585
17.8468
11.4193
13.0782
9.65524
7.38407
9.59216
30.3297
16.6152
18.9089
6.97323
31.5097
6.97
25.4703
10.3035
30.8091
37.8879
25.4958
18.4101
23.5105
18.6082
17.5612
28.5472
32.1616
26.1497
18.6377
27.4441
19.9057
19.8142
8.60822
20.7258
17.8815
7.46728
34.3063
6.82835
9.44224
30.7863
11.8561
8.04206
11.649
18.6785
9.3785
20.2518
12.4759
6.07336
7.84876
9.39429
10.4433
13.7196
25.4025
7.71022
9.79881
8.66568
7.66436
7.89861
9.48066
37.3436
7.89541
10.4578
26.1284
13.0358
8.08803
29.323
8.3135
23.6357
30.5158
7.11901
28.8498
20.42
28.4057
20.9692
20.9796
21.6975
21.8619
33.9418
6.2865
34.2743
6.79624
18.9463
31.1515
21.4147
6.28707
30.9662
21.3606
22.2172
21.5035
22.1518
22.3838
32.1348
8.38922
28.9581
7.23554
8.78386
9.23245
8.86565
33.398
6.30578
13.5888
11.7453
24.02
6.3784
14.7579
5.3637
37.6511
8.63766
34.8442
10.3057
6.59681
8.90341
8.47457
23.1569
16.0593
6.51678
16.1714
43.8066
8.70087
32.264
22.4252
6.68958
28.7337
6.37933
9.0844
15.9176
24.9356
6.37438
15.1432
34.6951
6.36977
39.9259
19.8279
11.108
33.9791
6.26137
9.86523
9.54015
14.0049
31.0834
5.3923
41.5119
13.6308
8.37479
8.22491
24.9398
11.3048
6.3201
7.04284
6.75551
8.59622
9.63682
34.9502
18.5161
26.7823
19.417
27.1033
21.0066
21.4464
20.7542
37.3661
25.8717
33.1843
20.2166
20.8233
19.5296
19.4165
20.363
21.8131
27.9797
19.2866
22.5125
30.7456
20.5141
19.7797
22.5022
26.4155
21.9152
38.4649
25.5427
19.6305
34.6332
19.5471
50.1108
32.2969
19.839
22.7425
34.644
19.7252
19.4644
18.8802
20.7447
30.1023
19.9642
28.2313
19.3969
8.54699
31.425
10.0793
30.9965
19.0717
20.2905
19.0262
23.5054
20.8707
29.0342
22.4573
21.4861
31.3361
8.09923
24.0368
18.8771
33.5732
7.43803
10.5469
28.183
18.4263
18.6691
17.6675
18.2938
21.141
22.854
12.431
29.5535
20.7846
30.1712
17.8393
18.1861
19.3415
7.53906
19.0983
10.7714
13.1854
13.933
27.2981
13.6747
8.65212
11.5798
26.6398
6.67803
14.2282
10.0412
27.0679
7.25312
12.7618
29.9695
13.5145
10.5139
25.5154
9.32454
21.8127
7.73309
7.87746
20.4658
9.17083
9.98511
8.19765
11.4426
27.2697
9.22478
22.8094
21.5612
18.8357
27.7691
9.20955
21.614
8.34062
23.1665
9.58887
25.0356
16.4114
28.8391
8.83695
17.1226
24.8021
7.00106
10.8059
20.9112
7.79998
23.0545
11.3013
18.0881
10.9079
14.4085
13.1318
32.535
12.567
20.9318
16.5411
16.961
16.1328
19.3275
17.1879
20.734
16.5914
16.9835
17.6188
19.0977
18.2439
27.3886
10.7779
23.5029
24.9295
17.652
18.9606
27.9568
17.4374
18.2683
26.286
17.2443
17.3696
16.7013
17.8462
16.1128
27.1316
17.6267
18.3174
18.0277
17.0151
15.7215
18.1127
17.1589
22.3711
17.4667
19.2279
16.5574
18.0699
16.7936
23.7888
19.6169
16.3052
18.4921
18.3182
17.3001
24.5871
19.7338
16.323
32.3458
12.7835
18.4254
16.4677
7.45298
18.2366
16.3931
14.4065
20.0761
8.74347
22.3065
18.9771
6.97046
19.3105
7.49809
20.8395
15.2105
24.2871
15.4082
26.3357
15.4541
8.98684
21.7318
6.84828
7.79507
19.4552
7.64727
7.57103
11.3651
9.7467
15.954
26.1557
16.2852
32.7799
23.7298
20.5935
16.2237
16.3758
17.9277
16.4356
24.0547
6.63305
33.9364
39.9663
25.5604
7.79181
21.6738
9.12144
31.2076
18.3991
6.85106
10.7119
21.0746
8.9062
7.3192
34.4863
6.63713
27.7077
11.0776
12.8982
18.033
15.9285
15.0654
17.6077
17.3986
21.7184
18.4915
17.7133
15.6321
29.6562
20.8226
18.2311
18.5241
11.7693
7.8646
18.1053
16.3806
16.7552
18.9179
22.34
17.0748
26.7615
17.3511
23.792
16.3423
25.8206
18.9478
20.2725
16.0631
17.6159
14.8112
11.5969
16.9126
9.59576
28.8502
16.017
28.2193
7.20784
22.7707
21.4441
18.088
15.3328
16.4154
15.9471
19.3901
15.6025
15.4492
32.2447
19.2524
26.1368
14.656
19.3075
24.3256
24.3384
15.5995
27.7772
17.7091
19.9164
23.2938
23.129
16.6979
20.6764
25.0751
31.395
16.8731
28.9592
21.374
14.295
33.3073
19.6459
19.4175
16.5154
15.5369
20.2495
16.5425
18.6981
30.8144
17.4995
17.2266
17.6498
21.2087
20.3789
37.948
20.387
29.8724
23.8154
19.0409
18.8134
28.777
9.52166
31.5144
18.9989
18.77
19.2116
37.5698
25.8916
20.4927
8.36695
19.5501
19.7312
20.5196
19.9485
19.0671
32.5201
29.7472
36.574
32.8219
28.8774
27.6306
15.2505
24.0479
11.2798
27.3347
24.3008
20.5693
20.6386
8.498
5.73788
10.2132
6.745
9.55848
9.35935
23.2299
6.39249
7.44321
8.98148
7.47547
11.2539
9.66039
6.75769
6.1889
27.8813
5.68533
7.6693
26.2174
7.56629
45.5225
25.4049
11.6477
17.7869
7.5143
23.5736
8.70813
25.6026
6.77459
23.1908
27.7578
22.5546
23.4463
21.9593
20.329
24.4083
22.9608
22.4735
22.5013
19.9801
20.8356
22.7574
35.5998
21.8906
21.8258
29.6807
23.5486
23.1513
20.3882
22.1233
22.8666
32.2199
9.84821
32.0244
20.9512
22.7043
7.27243
24.8566
9.66334
22.7869
7.85452
6.55019
23.7585
6.77374
7.50266
13.5803
9.71838
34.3175
5.92859
11.777
16.5516
6.12819
5.8364
24.8223
5.16672
6.98553
6.09095
10.4298
5.24477
9.42188
30.8277
6.91929
8.91682
36.3492
7.20159
13.2264
6.47995
6.33926
30.9267
13.9045
10.116
11.906
37.9497
8.57601
23.44
23.3335
21.6479
20.1215
39.9588
20.4443
19.7584
21.3795
22.2157
20.1159
20.0353
20.4245
22.8798
20.0392
18.2875
32.5264
20.2919
29.127
22.079
29.661
18.3661
8.07638
10.0668
25.9327
24.252
6.46014
27.1764
30.0939
18.6842
19.9766
18.4217
19.1898
18.5402
18.3468
42.5482
29.8634
18.5244
23.9385
19.3069
34.6878
19.9906
26.8301
18.2575
24.474
19.004
29.9719
23.0241
19.6594
19.0968
19.74
19.3205
20.1266
20.9631
20.4332
32.8724
38.765
20.6879
27.533
21.0801
22.5378
21.8883
21.4658
26.8094
30.5084
22.0725
44.623
23.862
27.1739
23.7901
28.8933
26.4399
22.059
20.595
21.8969
19.8427
34.654
23.7756
18.3015
20.3915
27.3153
20.1647
19.4586
20.5124
28.1753
20.3379
34.2179
24.2151
25.4845
19.449
36.683
20.7913
18.1623
24.2985
25.9614
8.13271
6.24334
19.9876
17.7863
7.37442
6.89935
29.1553
9.91353
12.9545
27.0033
20.7967
20.0864
6.23532
22.4477
20.6311
19.0574
8.71255
27.3136
18.3463
16.8061
7.09113
19.2182
19.5819
19.2651
17.4943
12.2617
10.3129
18.74
8.84496
17.5265
17.6379
34.1069
20.2216
18.4148
19.9988
17.7337
19.9267
17.5519
25.8893
18.2927
18.9359
20.2942
30.1792
24.1709
20.1764
18.154
17.8444
8.86717
34.3678
7.61007
27.1802
14.4428
24.594
6.42457
7.15248
26.779
14.5356
19.144
9.25116
26.1518
18.9726
7.26242
19.8386
6.71229
29.8858
6.45534
33.9166
29.9856
8.20017
24.5149
17.1158
7.56409
21.1965
6.77648
20.9577
10.8457
22.3968
6.71769
10.1738
7.31776
21.8346
19.9841
17.0125
6.13292
22.3633
18.8001
20.2773
8.41828
7.96854
23.7551
7.37863
7.86607
28.4778
20.2551
6.27457
14.8745
18.1126
11.8046
30.3784
10.7582
9.90153
19.678
6.98571
30.4575
6.4817
8.25017
22.7083
6.47767
9.55906
20.5977
20.869
8.32285
20.3545
17.784
7.43856
24.6415
6.26947
9.11889
25.4951
4.51753
15.3027
8.00548
16.5654
5.57409
12.2217
20.3255
7.8495
8.99361
12.2015
7.46828
26.4687
17.5729
8.08955
6.94463
29.2912
12.3967
13.9249
26.3609
6.59504
7.15484
8.98261
11.788
7.02991
22.3203
8.94756
9.2379
9.31932
30.302
7.13972
6.53053
33.6274
7.00184
22.344
6.3007
8.37413
24.8481
12.5533
9.63986
7.35969
26.0969
6.83026
6.75399
8.50016
6.93066
13.238
10.0058
34.8129
23.396
18.4544
18.4455
20.2725
7.2214
7.6432
31.5247
10.0312
32.8538
9.34856
10.1222
10.7205
33.8331
9.761
8.96385
24.2393
9.67609
8.63519
14.2816
9.68674
27.3543
6.9817
8.81413
13.2064
41.5237
10.3047
9.73297
36.8706
6.29475
9.57909
18.3168
8.01936
8.05904
7.35198
5.82526
13.5993
31.0591
6.11322
13.7769
7.63528
13.4413
11.6504
9.26604
8.49989
34.6172
8.23985
9.28478
26.4714
8.33113
13.3899
12.9892
7.19516
10.5443
8.64327
38.1449
7.86945
22.4472
7.04133
9.28162
13.0603
24.6652
8.07458
12.9899
11.3729
23.5259
11.4149
12.3932
7.74347
8.76763
7.06762
13.6731
10.6097
13.1686
18.0471
13.7544
12.8323
32.2008
14.7431
7.38494
8.81354
8.16528
13.707
10.9746
10.5099
9.77439
9.79407
34.4748
6.33679
10.6395
12.1422
12.1612
23.7919
6.68406
22.8434
6.38426
11.4606
6.89182
6.92682
8.88119
9.45134
6.16668
13.0443
36.8225
10.6927
9.79622
27.1413
20.3957
26.5717
7.47768
17.9233
5.92907
27.2934
7.49709
6.8677
6.50452
12.162
9.03218
10.0452
6.16812
8.62874
12.8518
30.5052
7.38312
7.69099
27.1404
20.8934
20.0884
18.2209
26.8416
19.3675
8.48218
17.6389
26.1271
19.7971
19.0642
19.0007
29.4845
7.30077
13.9331
13.1508
25.3965
27.3379
18.8248
8.17188
21.6
7.74201
24.6542
23.5915
18.0259
30.2885
20.4242
21.2527
12.7531
17.9529
18.0449
20.9685
19.3244
6.31219
9.00272
8.74194
20.621
5.98806
21.6683
5.47289
27.9965
14.3391
10.7203
12.2452
9.02619
9.38585
36.3137
7.11878
13.5882
29.9052
6.06411
22.6945
6.90865
10.693
5.84754
11.5726
7.10341
19.6164
10.073
6.1212
13.7564
9.21556
8.80864
9.03767
23.0377
19.8768
6.54884
6.07165
8.97016
35.8198
7.50151
25.74
7.92146
7.24994
26.8503
6.43302
6.32535
20.5319
13.6757
26.4952
34.2428
9.30832
31.3305
6.40981
31.2423
19.8411
7.63584
6.60342
23.5024
6.7304
25.2738
6.15789
23.8159
10.7336
14.4105
24.6788
10.2831
8.66923
12.238
12.069
7.79953
10.2125
8.26394
25.109
15.9925
11.3726
9.86505
24.4435
6.44283
22.2517
8.26799
36.2466
7.91005
13.3613
22.5571
8.19025
18.8219
6.87963
20.3719
7.17321
6.94022
43.9525
12.1804
7.53582
9.35105
26.0092
6.40742
26.2402
18.2868
17.69
25.4442
6.96701
36.0682
8.29541
7.20681
15.0622
18.2364
20.9058
28.6594
8.82693
26.4389
7.19004
14.6595
31.9103
41.9685
35.2617
7.08902
20.1678
35.0849
22.2207
10.7501
22.0694
18.802
26.6263
17.4149
18.3889
18.5841
6.67244
30.0848
18.931
18.4142
12.5241
29.722
19.7192
22.0181
26.9836
20.4398
33.7168
28.2817
40.7436
21.7801
18.8547
18.5719
20.3915
18.8082
10.2428
32.5821
18.9445
28.087
7.2468
21.9692
7.128
12.0735
11.6189
10.6646
7.28861
30.3875
6.68229
8.09122
13.5794
12.6966
24.365
6.8819
7.8643
9.23568
29.127
10.0767
17.2478
9.72606
6.14871
7.79901
8.6319
8.87591
32.9958
9.52453
11.8118
7.88338
7.54446
8.83845
6.73775
8.44191
28.3468
9.5349
6.92632
7.93905
10.044
15.3309
11.3048
10.2339
13.9223
32.486
10.104
10.5906
7.49862
7.02536
13.8943
26.1928
7.77543
6.87398
16.6958
10.5562
9.35507
9.09692
24.3143
12.7944
7.85778
25.0427
9.90252
13.2993
21.8399
10.1048
10.6552
10.8458
23.23
9.39322
8.45188
9.67528
8.4886
9.92706
9.56209
7.66568
28.8313
11.0998
8.06625
8.59499
21.7418
9.75744
6.86943
11.0321
19.6601
6.45521
9.08859
6.84293
9.19225
17.6847
14.2242
11.9853
33.0195
10.587
11.8729
8.51389
32.4696
8.87449
10.4865
28.9891
18.4815
10.4275
30.8849
7.1434
11.464
10.7756
8.73274
13.9887
13.9561
24.7108
7.61703
23.9221
19.9729
18.4272
18.7346
7.05252
13.8681
25.7963
10.0402
19.238
9.16389
37.726
8.53217
8.62243
30.6493
18.5841
7.00928
14.137
24.4523
6.70016
19.5197
8.23851
9.86952
12.5366
32.6099
11.4046
14.6239
9.17558
26.5907
11.06
12.9908
7.24801
9.19935
33.9068
9.925
10.7259
14.7483
27.8565
9.39679
9.5632
10.4422
32.5475
12.5238
12.3635
20.8804
9.26608
11.3809
26.7669
9.35388
22.5831
9.25176
22.8059
9.4184
17.6766
8.46874
22.7813
9.10391
11.4374
29.3893
13.2614
12.9299
23.646
10.1112
16.8368
8.3882
25.7653
8.6135
26.7977
8.12754
18.3855
7.28258
33.143
10.1394
10.9253
25.6747
17.1608
9.14389
12.4726
22.7724
6.50597
12.1242
7.60304
29.7105
8.75548
28.3068
6.84855
12.9351
21.8838
6.52192
9.38283
13.2196
17.0292
7.57844
20.0047
18.5721
28.4195
31.2009
19.9688
18.2455
7.14845
33.5972
36.0188
19.2458
27.6798
31.073
21.403
20.7598
21.6559
38.9326
35.9746
33.965
21.5194
29.9437
23.2454
20.6068
22.6023
22.5212
22.0005
23.7562
32.0596
21.0203
38.5548
21.4508
36.7558
21.1307
35.1143
34.6694
21.565
21.9798
22.4874
23.1531
22.3816
22.0961
30.3605
22.8594
28.1701
23.8915
20.7039
33.5637
25.2202
27.8281
22.5121
19.5068
27.302
20.4466
20.9043
24.5
20.1179
19.7129
20.2646
21.2228
20.5318
21.2004
19.7489
20.8359
20.1862
35.8831
19.991
19.8943
19.7523
19.1666
20.2368
21.731
19.6414
20.921
19.732
38.5334
21.5675
20.1491
34.6119
49.9136
31.2748
19.2095
19.1687
37.2397
32.1749
19.1525
19.796
29.4925
29.376
18.6295
20.2814
19.8086
20.6594
20.2749
19.7357
20.5274
23.4756
19.9912
19.1822
37.1686
33.2777
21.5735
37.6097
31.9022
25.6924
19.5423
22.523
36.6985
25.6864
30.6502
20.5198
22.8368
34.2947
40.7739
19.7749
20.1088
19.7452
19.6056
22.9453
20.3626
19.3779
20.2109
20.2211
19.0667
20.3697
20.965
27.0741
24.5712
29.823
19.8759
18.8896
19.9447
19.5893
23.9069
19.1547
19.7472
31.2771
19.22
43.2914
30.1296
19.3601
19.4905
21.3715
20.0402