15.9729
7.21069
11.8064
14.4726
15.6012
6.79619
8.64707
16.0022
12.124
9.4237
17.1324
17.9887
11.5
9.89794
14.6961
11.6367
12.7803
9.84128
19.1016
7.95105
9.25843
8.25951
8.39083
13.142
9.4684
11.0629
10.2078
17.5588
10.9029
7.91525
8.89294
11.5316
10.7317
12.1146
12.15
14.7725
9.90328
18.6848
13.4653
12.8755
10.78
10.3301
8.80024
18.2827
9.57514
16.2712
12.1235
8.29915
7.9563
8.35891
11.6728
9.2995
10.1643
8.46386
13.8524
13.8749
12.106
11.316
11.2659
9.04208
10.5264
13.836
7.40486
20.0212
13.3125
5.18425
6.81886
8.01158
7.32437
11.9969
15.6522
10.7537
9.27846
6.08359
7.98707
10.5451
14.9836
8.12934
6.47245
9.75405
15.3861
11.8206
12.387
14.6649
11.0286
15.8845
6.90867
11.5792
14.0154
13.7389
7.47256
14.9648
12.9416
11.7456
10.7812
17.8245
9.99811
12.3008
14.4789
10.5461
15.2223
14.3688
9.5013
15.4913
11.5604
11.4589
9.63508
13.908
8.751
14.7041
17.73
7.70912
7.96986
15.9713
11.1751
7.11948
16.1456
8.54493
8.65347
8.07856
10.8282
9.88382
13.6964
20.005
7.70339
11.7006
9.37341
6.60914
10.7851
12.3872
17.4352
7.84496
7.84648
13.93
10.4966
13.5837
8.76827
15.8916
13.9321
12.6967
21.1151
11.7015
11.5878
19.1267
9.25127
14.5187
18.4815
15.5335
8.6163
7.97774
17.6645
12.8277
19.3346
17.1308
16.5381
12.4741
15.6084
12.8101
13.4168
15.9896
8.08861
18.6146
17.3681
9.34145
16.7696
11.7514
10.8961
11.1824
8.76206
16.6005
17.2201
13.072
19.6538
13.0639
14.1699
14.9364
9.79826
19.6195
15.5287
11.6224
9.15875
19.3977
13.4513
16.3595
12.1136
10.7225
8.58942
12.1063
13.8987
10.0508
9.9391
16.033
14.1528
10.0645
11.1127
11.7359
7.86205
9.62823
11.4113
9.41586
16.6479
16.4432
15.638
11.2781
18.012
9.97968
18.0577
12.9613
10.0725
18.3456
17.8534
11.3768
15.7955
8.61688
9.89492
14.4521
13.6634
8.62086
9.44557
19.6228
10.4881
15.7446
11.3034
6.9754
19.4171
12.2568
8.47875
8.98196
10.0902
8.74402
18.8277
13.4022
16.2038
18.1184
10.9798
12.2623
11.9745
11.3033
15.9273
17.219
16.3031
14.1608
9.68674
12.486
10.8925
17.3844
12.3274
8.54216
8.83925
11.1104
15.6152
9.91299
13.9161
12.7654
8.05158
18.1963
11.1635
20.2132
13.7183
11.4587
7.53506
16.7014
11.2144
10.5422
8.33641
15.7984
11.0453
8.88524
10.0004
9.0228
14.4973
7.33655
10.7676
15.6109
17.427
15.9497
13.2659
15.3615
13.9591
10.5274
7.78838
7.30378
10.0736
15.536
11.2343
15.0577
15.3522
11.6923
16.9697
13.2104
13.7934
9.54573
7.82193
16.9697
10.2026
9.97035
16.0152
8.63634
14.3793
14.7445
16.1817
13.6853
19.8862
17.7534
19.6972
19.5693
11.6683
11.3644
10.5906
8.57727
12.5905
10.375
18.0579
18.2227
19.9283
19.9268
10.2603
19.9981
14.1916
13.2257
11.2142
11.8995
21.65
15.0887
11.1134
17.8273
13.521
11.1224
13.3445
13.4187
11.0684
11.6741
14.3549
12.2302
12.3027
12.0622
11.8551
11.6089
13.8628
17.1192
22.2542
14.5361
9.70266
10.7184
12.1783
23.446
9.16068
11.158
16.1593
19.8398
12.088
10.904
19.3683
13.6251
10.4707
10.1115
11.2887
9.02196
11.2849
11.521
9.74056
9.20832
15.5463
12.9021
12.2298
10.5119
11.3429
11.4755
16.7525
7.53855
12.6306
8.90869
17.0665
11.1908
16.737
13.9504
14.1438
6.25321
6.08774
5.95934
14.7471
14.5637
11.7331
9.84508
10.2899
14.3532
8.25228
11.0059
11.646
19.5045
10.6799
17.6188
12.4615
18.6183
18.9524
19.4496
14.082
17.1431
15.1921
10.5646
14.9776
11.2545
6.8988
13.774
8.08262
9.90166
12.8425
11.0268
12.3082
13.0228
16.439
12.2122
18.0498
12.9559
11.5383
9.24045
15.0429
13.1718
10.6826
9.60804
17.2315
14.6471
9.28733
17.7923
16.9147
12.6271
14.1338
15.5705
9.75705
7.48234
10.699
10.1009
11.0271
11.192
13.4412
18.1446
15.5395
13.0518
11.659
13.1356
15.3554
10.1674
8.8384
8.09017
7.62246
13.3377
11.7265
15.6762
16.2593
11.3845
16.9758
14.9975
19.2257
17.4778
11.6663
9.21155
19.9782
13.6319
17.9213
15.0693
18.2189
14.0985
14.8895
15.2773
11.5868
13.5154
10.3079
14.5293
19.3297
8.40513
11.3685
11.716
19.9838
15.6932
11.6796
9.58355
12.477
9.09666
18.1772
7.65871
15.2753
10.8094
14.8553
12.2667
7.97457
11.2649
10.3564
10.4606
13.3197
9.0278
10.4156
12.5958
10.2319
16.8373
12.031
10.8819
17.0606
18.869
11.7484
10.8223
20.4321
18.3727
13.471
20.3956
17.9892
12.2518
8.65237
8.16488
10.6256
8.10641
13.0484
8.90643
17.5361
12.9182
11.2771
19.3837
11.4987
16.5861
14.6316
17.702
18.2574
18.1764
9.76648
10.9259
10.0137
8.11301
14.3179
14.6696
9.86216
10.3394
14.967
12.924
8.94525
19.4113
14.2919
9.77022
18.9162
14.9108
10.779
19.2894
15.5489
10.6372
9.7083
12.8186
8.78858
9.37288
12.9954
12.381
11.6173
10.7635
18.0257
15.3414
18.1794
10.6275
9.2033
10.5972
11.8189
14.6627
17.5226
19.595
11.347
19.6174
8.24001
18.5657
12.2368
13.1273
10.5088
14.6774
14.1986
18.6924
10.873
9.59923
25.1634
18.5127
13.4296
19.3631
16.2009
9.69778
8.52491
9.6196
9.45142
13.7931
10.6243
15.3281
15.1272
8.07158
12.8256
9.90889
11.2837
9.3912
9.5628
10.5399
10.8987
7.8918
17.5115
17.9415
14.6464
7.98037
9.03942
10.9002
12.6508
15.4718
21.9007
16.149
12.183
17.2999
16.2168
11.9906
7.87995
13.6134
8.40228
16.5565
8.41885
15.9689
14.6753
14.4962
15.0861
16.1137
17.8849
17.954
13.8753
19.7585
10.775
18.2764
13.3202
19.1034
16.9629
9.32944
16.6886
10.8279
16.1538
10.9041
13
14.5261
13.9728
9.58047
8.18713
10.5433
8.93123
17.537
10.3298
10.6922
14.3366
17.8669
18.3495
11.0953
12.0724
9.0114
11.4413
7.24532
8.3475
11.5911
9.19782
9.10622
10.1267
16.2775
18.5719
12.8044
11.8526
14.6249
17.1061
11.5447
15.4146
8.97474
13.2389
14.3598
18.9965
11.5003
10.6593
9.22989
20.8775
15.0584
16.9981
16.4181
11.5496
8.49531
10.5648
8.77115
14.546
11.0235
19.5043
13.193
16.7551
12.1555
14.7386
12.7485
9.39177
10.4511
16.6177
16.802
18.5096
14.2257
18.2868
12.3655
13.1327
22.0003
18.2894
15.0961
10.6745
15.2647
16.4082
12.1944
8.92451
10.612
9.665
8.9093
7.03173
8.42997
6.34475
6.12107
8.2416
15.2527
11.227
8.60309
8.24965
9.85078
8.48667
18.0418
13.068
10.1247
9.26672
9.46264
17.4341
8.04285
9.26059
9.33863
19.3458
11.6394
15.0352
8.37351
8.3629
17.4638
16.6886
11.8015
17.7025
15.2117
9.53269
12.7545
19.9648
11.6512
20.3187
9.87785
16.3917
9.20509
17.029
9.82597
19.8385
16.5116
20.3718
13.4286
20.1038
14.9677
20.8656
20.0495
11.5915
8.01914
8.68192
8.6643
7.02897
7.38936
15.7657
7.3368
11.3583
13.8446
9.87147
6.91822
7.47909
11.4843
7.13346
12.1518
7.88951
15.69
7.0477
16.7381
10.0146
12.6905
18.378
13.497
11.6175
14.353
11.9494
16.9329
12.6219
19.6717
10.4681
11.6499
18.0147
8.35839
15.5837
12.1072
9.07838
18.3639
12.67
8.06266
7.88845
18.0601
10.9798
14.3933
8.69908
9.0875
18.1471
16.0282
16.7121
17.052
11.7997
10.6544
14.624
20.6702
13.2017
12.7984
16.6514
12.5843
9.33548
9.06079
14.352
8.45307
10.4179
14.2701
17.9055
12.3284
16.5767
19.1696
12.8689
18.8096
8.37502
8.43489
13.9544
11.3958
17.3032
14.5995
7.56801
17.1443
10.331
11.2778
8.03241
18.1645
9.80616
12.1715
20.7613
13.32
11.1816
9.16398
12.7972
18.4115
14.8204
19.7847
16.8459
16.8608
13.6076
16.1048
13.8113
20.3454
18.1067
8.0711
10.1539
17.3986
11.8397
8.53618
20.2322
12.1592
18.4435
17.7859
17.6182
10.8608
20.5813
17.9934
8.81342
13.393
9.19979
8.32534
11.4053
15.7226
9.16425
9.69634
8.59562
11.7118
15.578
21.2301
14.6837
9.31007
18.4811
9.00133
15.4052
14.8775
9.32615
12.9108
7.1453
7.98876
14.3413
15.2729
8.93632
11.6994
10.7034
13.1366
14.929
8.69841
13.217
14.9624
16.212
9.81266
13.0361
11.9877
10.5027
10.4267
13.2834
13.5491
9.18822
7.06738
18.8833
7.60005
10.049
9.32022
7.8051
8.82312
7.68255
7.82244
15.0927
7.45833
10.3875
8.463
20.5476
13.777
13.7211
9.77969
19.0602
11.2612
12.0173
17.6612
11.7875
8.89027
15.8669
13.392
17.6568
13.0781
8.40119
9.30369
15.6428
8.62196
18.9347
10.337
9.12266
10.811
17.3805
12.1459
15.9989
7.93584
19.7251
15.7611
15.261
10.1492
17.3845
14.2145
9.26522
8.89309
9.93409
18.3591
10.9813
10.4432
12.1998
8.85895
8.51675
8.96397
9.27132
17.753
18.5565
15.9336
8.14454
15.4311
10.3582
10.829
12.0267
9.17149
7.13561
8.18881
13.5762
7.20605
6.87193
14.5945
7.13151
15.1542
7.22028
14.9576
8.24531
9.74497
6.64419
15.0809
8.96645
11.2419
13.1793
15.3064
12.3066
9.05604
9.31477
12.2121
9.35733
7.9658
9.18602
7.48207
8.38535
7.38384
7.96444
18.4585
11.4762
9.34662
8.89802
9.19618
8.41684
9.29307
8.43187
20.1522
10.7612
8.58376
8.40032
16.4873
18.5375
9.73372
10.4954
9.92769
17.2163
8.36292
15.1775
17.5072
19.461
18.8251
7.58051
15.6143
11.3444
9.33557
18.9354
14.4376
15.3229
18.7585
13.136
16.6339
16.1307
11.5271
11.4119
10.2968
9.84531
10.7368
10.4816
9.68329
13.032
9.34532
18.644
17.2602
11.355
9.96429
18.7785
20.5061
18.0847
12.5587
10.3168
7.99915
9.22647
14.1984
9.27221
7.79301
9.85719
8.48792
17.4191
14.9338
14.2774
8.38564
8.82215
8.44212
6.8957
15.3291
13.4165
9.94801
14.68
15.7576
13.293
11.886
9.47073
9.85898
10.0961
12.3374
8.78842
16.5865
7.72566
17.1769
15.8676
9.25735
15.6855
13.3822
14.5324
9.72374
7.57888
8.22768
15.3929
9.28802
8.25139
10.8182
12.5713
14.7209
10.4934
12.5795
17.532
15.833
15.6829
8.22892
12.7763
21.6824
11.3927
18.3835
12.6236
10.3776
21.1477
16.559
11.7001
18.0847
14.2597
10.5852
8.29929
8.53585
11.049
8.18511
10.0394
7.43424
8.83144
22.7818
8.41101
13.5411
9.43385
17.3009
16.0434
10.2647
18.5719
10.8884
14.0978
11.6325
11.2097
12.2385
22.1789
9.57211
23.1084
12.5008
16.7376
10.3518
19.3987
10.7164
23.3232
20.6917
11.928
18.3633
13.5631
18.3152
8.62751
12.9263
19.5906
17.4096
20.5831
21.0255
10.3471
21.8582
11.8656
10.5595
8.84956
15.2406
14.3244
9.345
8.52826
9.39784
11.5551
14.895
18.8216
9.39046
20.2594
17.209
16.1818
11.2853
18.0289
16.1197
11.1389
9.12201
21.8526
12.0877
10.1621
20.151
9.26671
11.2636
21.867
15.8497
10.7841
9.8342
10.5856
9.64757
9.93676
17.0214
8.78937
9.58452
9.84692
18.2881
10.2267
17.6628
14.0996
11.4702
15.0844
8.68703
13.468
10.742
10.3502
10.4194
9.30503
12.6385
9.69563
18.9393
18.6174
14.1501
14.8948
8.57663
7.17602
11.6382
16.3919
6.66435
9.49184
12.3973
8.66004
9.60419
9.15548
14.9513
10.5218
15.4169
14.2197
9.13355
15.3301
14.4159
9.87783
8.14716
9.06333
7.6722
14.7719
8.92151
8.50061
12.3215
14.4993
11.6657
12.7356
7.45209
14.5149
16.646
14.2453
17.9064
11.0418
11.5877
13.0128
14.7255
8.9705
9.34809
13.6326
8.35986
8.85698
11.6772
13.3347
13.3644
13.1564
12.3172
12.784
13.6972
14.3955
9.99572
22.1815
14.659
10.6119
8.97597
18.7171
23.3126
15.4174
18.788
12.0165
20.3981
13.7546
11.6302
10.4808
8.59368
8.11413
9.17197
9.48204
19.2622
17.3978
10.8483
15.8034
7.91483
18.1929
7.97393
16.6617
12.4439
8.72889
18.3503
13.3001
9.7286
13.2074
16.5451
13.3726
15.7073
6.26876
12.0894
8.05692
15.1592
8.25746
7.24767
12.3693
9.7486
8.548
14.7912
8.32921
19.1829
13.3756
15.4741
10.0917
17.2316
21.2184
21.9395
12.5153
11.2288
10.9915
10.4348
7.17562
17.4271
10.938
8.43996
9.9608
6.87098
8.27852
7.57484
8.43496
17.5536
10.6
6.74327
12.7129
6.94801
7.2517
12.6515
8.84036
13.2074
15.1357
12.912
13.3797
9.92681
17.2518
12.7227
9.98229
8.51879
13.9004
9.86644
8.97452
7.40032
7.99586
8.48066
16.1586
12.2226
13.7167
21.8978
13.7611
10.949
19.6274
11.2773
11.324
8.17742
18.9648
19.3439
11.6336
12.4139
11.1636
18.0914
12.1828
17.1348
19.8687
12.1221
17.136
10.1784
11.4067
13.5902
24.9838
10.4346
9.9797
19.2128
20.4308
14.592
11.248
20.7123
21.1395
12.8125
18.85
14.2524
20.8874
16.4449
11.5761
15.3207
16.5791
12.1433
9.19525
8.18961
8.74074
7.61117
9.75617
8.84791
7.47153
12.3316
19.0127
9.40016
12.6781
19.9784
9.49056
8.81457
18.6832
12.0286
10.5077
9.94776
7.85787
8.33651
11.969
10.07
11.5893
16.3992
10.8225
22.5967
13.1443
10.0603
12.9885
9.70706
16.4153
9.77358
13.6377
10.488
20.1287
12.7113
9.77286
9.19442
15.7981
18.2795
10.9517
9.64985
17.2992
20.8715
12.5651
10.2685
8.35177
10.2252
7.97371
9.59318
10.383
8.57699
9.20332
11.0502
9.60752
14.3279
12.4948
10.2311
8.85427
19.9885
10.1924
8.02754
8.21046
9.82733
8.27128
8.7709
19.4986
12.9718
18.5193
9.73001
20.63
11.9978
11.797
17.9979
17.7702
10.9144
15.3119
13.6255
9.96865
7.58963
8.07205
9.49125
8.4123
12.853
15.9639
15.9552
12.8279
19.0258
14.5671
10.9184
16.6057
8.94965
13.8289
11.5598
10.1361
7.98174
19.645
12.1135
8.21358
7.13589
12.9012
14.8008
13.7474
12.8142
11.4474
16.3561
10.2686
9.79553
16.0389
11.7641
8.09026
9.7089
10.0848
7.58467
11.1159
9.88911
9.85924
14.4158
10.4753
16.2789
11.2243
8.14954
7.51662
7.22024
7.42225
16.7892
10.8736
11.7331
7.94614
9.88009
7.23204
19.0792
20.5693
11.7834
8.57993
22.6237
14.8841
16.2304
15.3448
14.8396
11.6055
20.3448
20.551
11.9458
10.4844
9.36996
20.7545
10.9174
10.4776
15.2872
8.88077
10.6715
13.5504
10.9829
13.308
16.6335
9.39792
10.5763
11.1988
15.539
9.8522
17.708
9.70041
12.1809
18.4434
13.7556
14.331
9.26739
16.921
9.66311
21.2073
16.2414
8.72535
10.4719
9.20162
12.6656
9.85126
22.52
12.1678
13.1919
10.0561
21.9517
12.2354
16.0709
21.9765
9.84249
19.7123
8.69645
10.6059
12.175
19.0044
11.1412
9.98799
12.3211
9.88763
15.1125
11.3264
14.8085
9.48023
16.7214
19.8153
14.8232
22.128
10.702
18.6439
11.0511
9.4901
8.18089
19.7097
11.8607
7.85158
7.673
9.38544
10.2101
18.0243
12.9726
9.37916
9.68732
16.1518
8.69898
8.13284
7.99496
14.7453
7.68474
8.51137
10.6985
7.69405
16.0481
11.9211
16.4236
8.04005
13.2076
11.2668
8.44022
11.1088
7.88123
15.5797
18.0765
12.7037
9.10077
12.1799
18.5503
10.4378
8.84156
8.43348
12.926
17.7825
8.31044
17.2929
8.4785
8.99705
10.0821
8.4491
16.887
9.20473
8.65291
8.32514
13.6785
8.82534
9.35825
16.2653
14.7614
10.3545
13.1076
9.43359
10.8224
14.1368
7.72301
8.35017
5.48504
10.5707
9.05521
13.5352
10.2076
8.8152
17.4173
10.64
10.7431
6.84255
17.4903
16.0476
15.0744
16.395
8.24388
20.5243
12.3575
17.8674
13.9371
9.96109
12.2239
8.49625
11.4125
9.07395
7.27204
13.8607
19.8567
14.1064
17.4001
11.0252
10.0519
9.62755
12.2629
15.5596
16.7039
9.83208
8.49475
9.87837
9.47426
11.9092
22.8865
11.1714
14.2716
10.1791
14.5452
9.33975
18.7398
8.68731
13.0539
13.1907
17.6329
7.99366
8.36022
14.0807
6.91236
6.79689
5.98297
7.73041
7.75744
17.2132
9.37124
16.6176
9.03955
14.1121
14.5075
13.2657
9.82538
8.66358
7.69085
5.97205
8.33494
10.0566
16.5642
6.39544
12.1996
7.55075
10.8496
11.6413
17.1947
17.2379
10.2449
11.4128
13.6516
13.5479
11.141
13.2288
13.599
6.48856
8.53593
13.9709
9.73164
7.95504
7.10875
8.47212
8.72038
10.977
13.5795
6.46981
14.0241
17.9435
10.456
14.7105
15.986
16.9008
8.23474
8.48926
11.7566
8.95522
12.4801
13.8749
10.29
11.9512
12.0231
8.6597
9.72727
18.8018
9.70558
16.2817
11.1062
12.337
10.9669
9.4241
15.896
6.63378
13.3143
13.3433
12.8253
8.7822
6.98698
17.9415
15.937
12.2594
9.30123
7.75885
16.1535
16.0173
16.1129
8.12698
11.683
9.13001
14.7995
8.09236
7.45767
13.8226
7.75911
16.9179
7.18305
11.3009
17.2546
10.9551
17.3938
16.4227
10.8859
9.76425
16.3713
16.436
14.4533
9.83002
8.92422
8.84237
7.27301
8.67195
15.9976
12.6856
10.0827
10.0536
11.0983
8.63124
8.28051
12.7272
9.6578
9.19353
18.3621
10.1326
14.8501
12.5625
15.3126
11.724
8.29975
7.48638
15.3795
8.99135
20.1246
22.4232
10.0538
10.4601
9.17622
18.8947
14.9507
12.6242
16.3208
7.57839
18.2607
18.5588
13.3187
10.7135
11.1933
8.52384
15.4363
8.62359
20.7329
14.388
10.0279
9.37847
19.0275
12.2515
12.592
20.9186
13.1399
8.41113
8.61916
18.3367
11.8245
10.1921
19.2041
15.3485
11.78
9.47858
9.83802
16.0986
11.1566
8.65591
6.62922
15.6252
9.75243
7.74262
13.0882
14.9245
13.5085
10.6716
11.805
9.31975
16.0103
7.58709
9.55015
11.2827
7.74228
9.45188
11.8973
15.6631
16.2313
10.838
14.9167
11.7599
13.0127
15.3105
17.0707
7.85849
12.3098
14.4309
17.591
17.2152
10.8236
21.2548
17.8541
13.0449
19.8948
16.6029
10.0076
18.0694
7.20411
8.40651
8.50712
19.4206
19.8697
13.5437
21.16
15.0304
9.37225
9.4102
9.19649
9.35435
14.7988
10.6607
13.181
9.92087
19.2454
19.1219
26.5332
16.8016
16.8034
14.4387
9.52548
9.64871
10.3616
11.8692
11.163
10.1313
10.4378
25.7381
21.0787
22.0495
17.9525
17.5567
11.7306
13.9286
17.1933
23.366
13.3887
14.9923
18.6974
15.028
12.8186
12.2639
12.2006
15.6061
10.4323
15.445
16.3704
11.4684
14.8087
22.7489
12.931
16.8494
9.72892
21.9339
12.3909
10.1185
10.467
11.3501
13.2339
9.26027
19.5724
8.8014
15.3092
18.2921
9.69417
21.0706
12.119
16.4087
9.54369
9.05061
10.0947
17.5935
12.4997
11.135
12.2928
7.55482
17.8811
17.1251
18.766
11.1679
16.2274
14.9903
17.2887
12.0023
9.3892
10.1523
8.66241
11.5796
11.3679
8.2223
8.39273
10.616
8.12267
15.3002
11.8319
12.2998
20.1159
15.2391
8.1258
9.38573
19.648
12.5867
10.9164
8.36319
8.39277
13.7523
11.3074
12.3421
20.4559
11.3952
9.67511
7.85651
9.18723
10.5287
15.3173
18.6036
12.1662
19.8061
10.9477
13.9228
16.22
7.08698
13.0055
8.62307
8.643
8.1213
7.71421
10.6117
22.5092
15.3514
10.1583
19.6301
9.06127
9.24886
8.55915
7.02528
13.5067
10.6201
11.0647
7.45685
9.3706
8.08467
13.5721
6.83207
13.9531
10.9334
11.9162
13.3066
10.4618
16.1597
18.7545
10.5307
7.04191
6.53485
6.38807
16.3495
6.72142
8.69227
10.201
7.00791
13.1759
13.851
15.0635
14.2423
9.61212
8.59126
19.7088
10.9874
17.8147
16.4606
17.113
17.088
18.0211
13.7647
21.0022
14.0592
18.2061
18.9185
11.2289
8.75769
8.18196
17.2711
17.4559
7.91808
17.2289
11.2765
8.36205
20.4984
18.1789
8.95674
10.3854
15.271
14.7893
15.8544
19.1967
18.4658
10.4641
24.7796
16.3649
10.9142
18.174
13.8614
19.1331
12.6242
8.38812
15.9258
11.9646
15.0122
13.5991
21.9819
15.392
14.987
18.8245
11.5013
22.8757
12.6615
16.0145
24.807
14.8785
23.8109
14.5291
16.1659
19.7036
10.4535
11.791
23.7327
9.78528
23.7526
13.7416
16.8959
10.922
22.5319
21.2628
12.8989
10.8771
14.2218
9.87845
21.8295
11.3328
21.9021
24.2432
14.0791
15.7519
10.3862
15.7265
13.3763
9.78209
19.5329
9.62376
20.8398
11.8306
26.8363
12.1406
20.6674
12.3253
20.6646
12.8309
20.2535
10.8246
27.2225
15.1854
9.88903
7.93349
14.4827
13.7733
20.0453
13.7288
10.2606
7.69652
9.37994
13.3182
14.8262
10.7591
13.4779
18.6777
10.4162
16.4632
9.72463
13.0294
14.6684
7.97179
9.38557
7.1051
9.95546
7.29999
7.83878
7.09012
7.73396
15.4577
12.7132
16.554
7.65683
19.1572
15.6994
19.1586
17.213
17.963
19.8255
11.7548
13.3074
12.19
12.4655
12.8228
8.35136
9.47266
6.60747
10.9219
8.76381
19.8133
10.4783
8.64944
8.90779
11.8574
8.64046
9.51861
8.6151
8.43049
17.8678
9.38012
15.6028
10.8988
11.1833
7.10253
8.2275
8.3875
9.74702
10.6121
8.25038
12.907
14.2855
10.3814
7.89872
8.86985
18.0773
8.00411
13.3672
9.86924
8.62489
10.0668
8.84328
17.0345
16.5981
11.6315
15.4186
15.8876
13.4428
14.2252
7.16365
16.3216
11.6311
8.38868
7.30794
11.6506
12.2167
20.2028
10.1162
13.5804
18.7394
9.53225
16.0074
15.5466
10.286
21.4947
12.8292
10.102
11.7375
10.8469
11.1685
10.1675
9.33364
8.7988
10.6498
14.7334
17.439
12.6956
10.4689
20.3189
14.6022
18.23
13.9603
16.6716
13.7721
20.7951
17.4353
10.273
13.9354
9.76164
16.1575
12.7273
10.1172
16.8136
20.4556
16.425
20.4467
11.3827
14.0492
9.204
10.6567
9.42997
12.7429
8.20395
10.3003
8.90949
7.95939
9.06749
8.46012
8.03845
17.9758
7.74743
18.2164
10.2105
17.2274
11.5463
8.11002
19.6848
11.3032
16.3166
7.45695
15.5449
13.4834
14.8673
7.0341
16.7861
10.464
7.91816
13.2393
12.2765
16.963
12.1933
7.33138
7.73933
15.5528
14.6373
9.05878
7.00193
12.6188
6.52095
11.3899
7.03681
14.3731
10.5702
8.22858
9.59682
10.1272
7.95945
7.43953
6.04789
5.66668
13.8851
15.2568
8.99764
16.572
14.4692
12.1927
13.4247
6.2037
8.04415
16.6691
10.2214
10.9139
9.31938
13.2589
9.97756
9.70772
9.32912
8.59994
8.86648
11.2822
8.43269
10.5797
13.2709
12.1105
14.1016
10.9302
10.2289
15.782
10.0575
8.14559
17.0084
14.6044
9.31993
11.8525
14.8841
12.5915
10.6255
13.8759
12.7447
11.095
8.77222
12.3118
8.44145
10.0273
16.5975
11.4601
16.4489
11.2875
11.4291
17.4004
15.8895
11.9556
8.41755
11.1344
8.79295
8.04087
18.3882
8.37838
22.5082
12.6833
9.34211
13.9918
11.12
15.6441
10.4399
9.98025
19.2167
13.8203
11.9197
9.12322
19.0951
8.24868
15.7171
11.5258
20.035
14.4571
21.1818
19.7019
10.9953
21.8546
20.5344
22.7457
11.6402
13.3544
12.5872
10.1976
19.3078
20.7542
18.9266
18.2489
12.1155
22.2496
12.1522
20.9009
12.7216
12.628
11.2544
11.2783
24.0242
13.2455
11.153
10.3824
13.2464
17.0885
11.151
24.084
15.3993
9.98587
17.2338
12.1288
11.1669
9.8186
17.3688
22.778
11.6446
10.7598
9.98699
22.6113
12.6774
13.6929
21.1861
14.2292
17.577
10.9666
12.0821
12.9706
9.1769
10.3431
9.63531
15.6635
8.48159
9.06475
9.23093
14.4669
18.1319
12.0566
13.8022
8.45882
8.71939
14.3797
11.1461
8.30854
18.4472
16.6093
15.1795
9.46732
8.44345
9.88917
13.0764
11.5461
10.7712
11.9212
20.0758
15.233
10.4068
19.9444
12.0548
9.63465
8.86901
8.50966
17.5745
13.9969
11.1463
19.592
11.09
8.98441
10.7742
10.4992
8.55052
8.9544
7.66925
16.0202
18.8172
13.2255
16.6557
11.3425
9.44277
11.7964
10.5237
12.8465
13.846
10.0195
12.5595
13.9158
15.2162
19.9635
18.4948
13.3153
9.21593
17.1839
12.4898
10.5451
17.0374
14.9101
8.89411
20.2076
8.78811
8.86261
14.3147
10.9106
17.0064
9.42579
10.1232
16.9116
11.9239
13.4281
10.8438
15.5222
8.58565
11.7255
15.6946
11.1534
12.4265
11.4316
17.1402
13.9628
10.5126
9.3192
12.2386
9.55545
9.20401
9.52202
8.89782
18.4752
16.2276
13.397
12.5137
15.3972
10.7286
17.0988
9.03706
19.6013
12.6659
18.387
19.2279
12.9591
19.0778
11.7348
17.3942
8.75682
9.70125
14.3167
10.2654
20.8007
16.2463
15.355
13.3608
24.5998
12.6619
11.9281
14.8248
9.44934
12.6756
10.4399
10.4924
8.94582
12.5876
9.33927
7.93942
9.42121
8.73966
9.25487
9.39717
7.73492
8.19115
12.2542
17.6485
7.97016
13.6939
9.00362
7.92311
9.43053
7.52693
8.52182
10.654
7.55363
7.76657
11.9796
20.0016
14.1944
9.02208
8.41563
15.2192
19.3172
9.93029
9.95552
10.4058
7.9181
20.3671
21.3918
13.3966
12.2085
19.3528
16.2215
9.63539
18.3643
10.786
17.4549
7.65715
16.9798
10.5192
16.6588
19.349
17.0903
10.9954
18.2594
13.4624
22.8574
8.97789
9.74755
8.39564
8.5927
17.8339
12.9942
19.3312
10.2761
12.6781
10.0129
12.9844
16.3495
14.3018
16.7509
10.9847
10.0758
9.92116
9.28409
17.0816
18.8857
8.90461
21.2823
11.6671
17.6149
11.4818
10.9692
16.7651
8.19626
9.64405
10.4777
18.2648
18.369
11.4058
11.8897
11.7606
9.03144
18.4575
19.9441
13.766
11.629
16.479
15.2153
14.047
12.1563
9.26545
8.5634
9.3432
11.892
8.83361
20.6247
13.5694
8.20813
13.5832
17.6923
7.90024
14.8561
18.1264
11.0315
8.97426
12.258
19.9392
16.7787
8.57139
16.8012
8.44449
8.77239
11.9669
12.2216
8.71599
11.6599
9.03084
12.6107
10.7951
9.72992
10.5904
17.8656
11.0763
16.1138
16.0643
14.9625
21.4727
13.1167
11.7381
9.03025
13.1401
9.2287
10.1239
14.8239
10.2117
9.98774
9.65488
20.9634
14.0349
9.42724
12.6421
9.67416
9.36963
9.57236
17.7709
15.0514
10.746
10.0422
23.2036
21.8915
12.6084
18.2389
11.3974
18.4794
13.1408
22.6686
15.7278
10.1324
8.89966
8.30801
8.51393
10.802
21.7188
14.263
17.3566
16.9019
14.9696
8.78322
7.49451
7.28508
15.8261
7.50726
6.36318
10.3675
14.8914
10.7099
14.027
9.56398
15.3069
7.58486
11.844
8.04761
15.9305
11.4581
12.6279
10.8131
16.2857
8.99239
10.8406
12.5834
8.20345
7.75756
15.0114
7.36365
17.4194
15.1239
15.5892
16.1142
10.5543
8.46402
8.96879
8.59363
19.2765
12.2233
8.34912
10.9325
10.4974
12.8379
10.9048
17.8665
16.9551
14.9302
18.6722
14.7969
9.70409
16.1895
13.4369
19.1452
11.2015
8.83235
13.7918
9.20156
8.36982
9.46953
11.9461
7.95085
9.02354
14.9507
10.1569
11.5701
8.98871
17.9604
9.27551
13.0654
19.4729
17.3831
11.8351
8.89631
21.699
12.2073
18.0466
10.8769
10.449
15.402
10.4788
10.2542
10.3323
19.8746
13.3282
21.7901
17.3638
21.9781
16.0813
10.9713
13.1302
14.7464
15.842
15.1781
9.91579
12.4244
10.1709
18.3865
10.2672
23.4382
20.0085
10.9055
9.78886
14.8698
16.2146
11.242
10.3374
15.5408
19.6313
10.709
13.7665
19.1349
9.85527
10.3013
11.8034
8.76545
10.4754
18.093
8.87585
11.5389
8.03414
9.60714
9.14961
9.10131
8.54424
9.00774
15.617
14.0154
15.1016
10.6871
9.02619
21.0465
8.60188
10.1665
10.3752
8.61754
11.312
8.30739
11.3283
12.0618
14.2855
10.9936
19.2977
16.2563
18.5402
18.729
16.5333
14.048
10.258
16.4255
15.2724
20.3292
16.8329
9.12691
19.0558
14.0012
11.7788
16.2853
9.16312
17.3582
11.1762
8.66468
15.3905
11.1536
12.7534
20.5554
18.9048
9.51427
8.92282
10.3458
11.1116
10.2562
7.78826
8.13074
18.568
10.7367
12.6106
8.87246
6.98188
18.9877
10.5474
11.9592
13.7319
10.5973
15.4246
15.2738
18.19
8.32624
13.1342
20.506
18.3587
11.7984
13.4114
11.124
10.8069
19.4356
14.988
15.8408
22.0493
20.1269
18.351
13.0755
12.81
22.1611
15.523
13.0173
20.3168
17.8134
15.256
15.9379
10.5847
20.1212
10.374
17.3871
9.68084
17.8229
11.0873
10.0749
11.6658
12.2097
9.84217
10.9104
9.95667
18.5398
8.72541
15.3542
8.19667
11.0108
10.541
6.95474
15.6059
7.26212
20.8774
9.80776
16.6757
10.2217
8.15055
6.52384
8.64652
6.30694
7.72049
8.35846
6.94463
7.70674
8.16035
8.54892
10.4546
9.60166
10.2043
7.81851
10.785
8.45738
8.27522
11.0292
8.15849
8.95348
13.0301
8.62115
14.3693
15.4461
8.34868
12.3564
17.4192
16.5474
12.768
16.8525
11.6108
14.4299
16.6575
11.6112
14.2402
12.2674
7.556
6.88357
6.52355
14.1225
15.4267
9.59013
11.0853
15.9138
17.2991
13.0285
13.1058
16.9563
15.2006
19.2265
16.213
10.5057
11.4622
16.5713
14.6186
10.7032
19.9948
11.4292
10.2503
9.24781
9.7847
10.3352
16.3654
8.22366
10.5923
8.38521
14.1384
20.056
19.8837
15.5338
8.33144
19.1456
20.5741
16.1955
9.11428
10.0326
15.4247
14.8043
9.83288
17.8923
10.1569
11.9644
15.0924
8.46067
15.7538
10.9737
9.62546
18.0905
22.0704
16.4214
15.2373
14.5616
10.1606
9.78101
10.1128
8.70984
8.8344
18.4823
9.47206
15.1438
9.48025
21.823
11.6183
20.6013
14.4993
10.041
17.8806
13.4568
14.6633
23.2917
12.8846
18.1147
11.4633
11.805
19.1555
15.8692
9.56225
20.7461
13.2148
10.8443
18.5786
11.5473
15.781
10.031
21.7022
11.4251
11.1606
21.1562
20.7922
14.0116
13.8848
10.66
9.75448
17.0123
16.8282
12.1737
8.2787
15.8121
13.188
10.377
17.9941
12.1289
16.6292
12.1601
8.86175
9.96333
9.00962
9.78137
9.28021
21.1736
15.3142
11.5763
8.08485
9.07002
16.323
18.4044
9.58777
10.7015
15.5476
7.80425
16.8082
17.3448
13.1902
10.6889
8.86385
8.08929
12.3734
9.87899
7.70074
10.3317
9.36487
8.25059
12.6885
13.6926
18.3639
8.69675
15.8087
12.585
20.463
7.84895
7.68488
7.7847
14.7658
16.15
12.097
12.7013
8.8483
8.23998
7.84337
10.87
6.59045
18.5241
10.5268
9.77478
12.1193
9.17687
13.4883
14.45
10.4926
8.8316
8.35612
9.21148
10.5074
8.62446
10.6266
11.6645
10.3235
7.41923
16.9633
6.12039
9.80538
18.6393
8.07166
16.214
14.0429
9.75843
12.8438
14.2179
15.2188
11.4547
14.9921
12.529
15.2488
15.7031
11.8275
15.0821
14.2342
13.4018
9.39366
16.6815
7.18888
11.3358
10.3011
16.5312
11.1972
9.71951
8.84717
13.4541
14.7324
13.2715
9.48123
7.47758
10.0657
11.2746
7.2471
8.97382
10.7651
8.22163
9.99259
13.5503
8.76226
11.4082
17.7364
15.1225
10.9097
9.28638
11.6957
8.74883
8.03695
9.09227
8.9561
13.7357
10.0949
18.1921
17.6806
16.5424
8.6891
17.8564
17.3079
10.7222
11.9002
13.528
16.3646
18.4092
11.2011
13.8556
10.4865
11.2618
9.1068
10.1816
9.93985
18.7624
8.70906
15.3512
10.7479
15.8699
10.9862
12.948
22.3757
19.4325
9.53107
20.0785
11.9003
15.7033
18.2509
11.8416
11.4331
10.6704
10.2736
21.3464
19.2534
12.1705
7.90395
20.2996
14.0972
8.27144
8.56168
15.3382
14.5383
19.0153
16.0176
11.0662
17.1523
11.9096
12.9738
18.2701
10.2357
19.3343
17.5373
11.6529
15.389
10.2856
9.51079
18.7114
8.89576
12.8372
18.8091
14.9866
9.04995
14.0369
20.061
19.586
16.5723
18.6351
13.1342
16.9826
13.2596
9.64037
17.2653
16.195
16.4194
13.9283
16.0415
10.2647
14.0067
14.4467
10.778
11.9567
8.06122
6.55955
7.35867
12.2978
11.9837
12.4472
10.2624
9.08413
14.0087
10.0491
8.05576
13.3829
13.7316
8.39217
6.6294
12.3342
9.45175
11.4315
7.81539
19.5054
14.6465
8.57258
8.5446
8.09134
11.1828
19.2106
17.7672
14.4605
20.4056
12.8814
19.5103
10.9632
16.0773
15.3824
10.3424
8.42285
17.3897
13.4009
17.6218
15.2976
12.059
17.7916
11.3595
11.722
8.61247
9.23606
8.86419
10.398
9.99484
8.38655
16.3096
11.0808
9.6724
17.8276
9.47568
19.7185
14.1695
10.1244
14.7539
12.875
21.549
20.5681
19.9696
10.1558
14.3234
11.1092
11.9133
9.65894
19.1997
21.268
11.4323
18.5729
15.9109
22.2937
12.7096
12.2664
18.9411
11.9362
15.0407
13.9426
9.38473
11.4361
11.2153
11.5417
9.82105
11.2039
15.1714
12.7091
9.64182
11.519
9.39052
9.3794
8.59123
8.33433
9.88575
17.6786
12.9584
10.7531
11.188
9.53505
7.35135
9.00223
13.451
8.78332
7.49493
10.5952
15.3164
13.6692
10.0876
11.9481
11.359
8.89435
17.0754
17.4837
12.5056
13.3921
14.7544
9.84815
12.0856
15.1497
15.6053
13.5004
12.8581
9.68968
9.42842
19.5463
14.5526
10.2927
18.0529
15.6239
18.481
12.686
8.4923
16.9406
7.72965
18.4147
10.1427
12.6864
9.14051
7.39392
8.20703
7.90733
7.70481
10.6391
8.55425
11.5563
9.36111
12.9419
16.3875
18.1853
14.0569
16.1657
15.9025
9.68868
15.5315
8.74859
8.68913
8.01826
9.84479
10.0508
8.4136
8.1886
14.35
15.4374
7.34924
8.473
20.1063
14.6034
11.7805
18.8236
14.3825
18.9916
12.599
15.0436
5.21318
6.62299
9.04181
7.76763
11.3439
9.08345
16.9289
11.947
14.6022
7.98418
18.2099
12.8443
8.77363
15.719
9.89051
11.575
18.9751
10.2912
8.14908
12.3498
11.1301
11.9919
15.6364
8.10522
11.558
8.37197
8.07519
7.13271
7.9286
16.248
10.728
10.4386
7.93608
16.6115
17.0425
12.8644
8.19201
11.8781
10.444
8.23699
8.27693
18.5835
17.2306
13.1518
16.4334
13.4611
8.39316
13.2895
14.5938
10.5971
15.0573
17.676
13.1748
8.40312
15.2544
10.4326
11.5696
10.6299
8.3873
8.78925
11.0452
8.51787
8.44896
18.8428
18.3432
15.1067
8.84892
13.7311
19.779
12.9846
9.64426
13.6023
9.42288
18.1893
8.48786
9.57851
13.7408
11.2218
9.00893
8.96494
8.96898
17.3007
18.8265
11.0287
7.97846
8.81953
11.0876
9.13193
18.7285
9.2443
13.8301
11.4727
22.5534
17.447
11.8228
10.2788
18.8227
12.5473
10.1459
13.9401
12.0118
10.4135
9.73126
16.8035
17.6117
12.1168
19.4017
13.5372
15.3074
10.9869
10.1762
15.2056
9.45623
14.9317
8.67593
11.5052
20.3731
13.3529
13.2627
21.9315
18.2673
13.7213
10.6378
11.6358
11.4037
8.31018
16.8264
19.1493
14.6123
9.26951
9.80498
15.7309
19.0731
12.1644
9.60486
13.5525
21.2095
22.393
14.7914
13.2754
12.5323
9.56941
18.9391
20.9875
12.7831
25.195
18.7727
21.8172
24.5532
12.4364
10.7886
9.27854
18.6807
10.7756
8.055
10.9893
17.545
10.7102
8.25245
19.0656
11.666
9.09964
9.0031
9.04456
11.0893
17.51
10.5004
9.19746
9.74874
8.27728
9.89229
20.0788
11.9779
22.3074
8.54971
10.3413
10.3244
8.89652
19.6637
15.8384
11.0269
9.26456
8.36743
8.33624
20.1134
17.3209
16.5503
16.8155
15.709
17.0785
11.9615
19.4948
11.4898
14.8446
14.6192
20.8096
17.327
18.3626
20.1424
12.8516
12.1733
23.5418
14.8352
21.926
12.23
10.5465
17.5654
11.7684
10.1349
9.20513
13.52
20.3998
14.1568
8.32167
16.3369
13.5093
9.09089
9.43423
9.03693
10.157
7.58493
9.78492
11.2873
16.3045
9.80683
15.1027
15.0434
14.8405
13.9846
10.6214
19.2004
8.9979
13.5022
14.187
9.33588
16.8766
13.7766
11.2767
8.73759
9.60647
8.88365
20.1171
10.9132
9.89021
11.7488
11.2228
8.22814
10.3726
9.29075
16.7613
11.3506
9.21593
11.1087
20.0715
12.2764
15.7375
9.59239
21.0339
11.3807
9.82834
9.32243
14.2077
12.3943
12.3941
17.5073
19.5017
9.08171
9.9782
18.4538
11.9307
14.3724
9.81273
16.4986
8.67492
13.5482
18.7675
11.6833
9.65886
8.84108
16.3318
8.00277
15.975
11.9373
16.3275
20.1202
20.4129
17.5415
10.7374
8.7228
9.9772
8.40944
9.77478
8.53868
9.66463
7.93664
21.7991
11.941
8.25725
8.34854
9.46366
14.7962
8.11269
10.115
10.8177
7.63036
7.47759
10.3231
13.6632
11.4121
9.12341
15.3703
7.3502
18.7792
15.8315
10.0765
13.9095
8.25874
12.7052
15.2304
18.6413
10.161
16.3151
17.7329
16.5489
13.0182
11.6975
13.1159
15.7456
9.08355
9.61019
15.4516
13.8349
12.7605
9.0633
17.5418
7.66765
10.5652
13.8928
17.4136
13.7835
11.2904
9.74263
17.1192
14.1943
16.0647
21.1193
15.7211
10.2596
14.7286
18.5038
9.79194
10.7907
17.5037
9.95549
10.1841
8.08723
8.20272
7.70567
8.19081
20.5616
12.2329
12.037
8.95085
8.06474
7.2749
8.47266
9.52818
8.21157
17.2251
8.90402
10.2289
13.7409
8.49731
8.81735
8.7612
11.1563
12.0484
8.26291
9.00895
9.44752
9.27409
9.02597
9.5396
18.3558
12.1717
8.0808
9.0876
8.21346
14.149
18.5787
17.4832
12.33
12.6032
20.3546
11.7709
11.0513
14.8645
9.67853
11.4561
20.0214
13.1791
9.13469
9.57577
11.3792
8.038
17.6609
11.732
18.9539
14.0231
9.0248
19.0838
9.01736
10.7589
7.86353
14.9807
8.83771
18.7105
15.0723
19.8608
17.4827
18.463
16.4739
18.669
11.3565
9.10691
19.217
19.2266
11.4229
11.2567
9.24439
8.83308
22.5512
20.5048
23.3628
14.9214
18.8394
17.2906
11.9747
10.0394
9.03101
21.5836
12.9314
15.5669
12.3923
9.74847
11.8593
19.3921
9.80475
10.4805
9.83215
18.5926
21.7691
14.4613
10.3505
10.2568
8.75251
9.24491
8.64648
8.29861
10.2389
8.10537
9.14974
10.2383
9.15781
10.2188
11.6961
20.3131
14.8013
15.9912
15.1599
11.4287
9.49797
10.1387
17.2484
12.0192
13.2434
12.5814
11.1227
10.4046
8.70189
11.9071
16.1088
10.3502
14.8472
8.7489
13.2039
8.28773
16.2566
8.5399
12.0927
15.7298
12.8455
14.8045
16.5163
11.7101
16.4191
8.3691
8.89612
6.89622
7.6463
7.66138
9.93535
7.82065
13.5841
13.2624
13.7799
7.86501
7.14801
7.45854
7.63465
13.9461
9.61148
15.0718
7.72112
11.3322
9.81966
9.02427
17.2344
16.4616
11.3488
13.2646
15.9985
9.77909
12.7667
17.3945
6.943
17.2124
15.1476
18.1436
12.6467
8.4984
21.947
20.1843
10.1053
9.63441
13.2475
15.6809
19.7076
19.3833
19.5052
11.0182
16.3883
9.48635
13.6127
11.2888
17.0642
13.3087
7.69471
10.8478
17.4293
16.7605
20.2189
12.5081
13.0534
13.4532
7.62704
14.4957
16.3146
11.6746
7.85669
12.8026
15.2407
10.6301
13.4297
15.7131
7.019
18.3908
11.4246
14.3546
17.0176
8.09022
7.16454
8.67763
7.51544
6.56744
9.16714
8.06324
11.606
12.1998
8.05559
14.6536
16.2325
7.05396
16.8971
9.8692
9.58476
16.4177
13.6746
17.045
9.18315
8.8363
10.0295
11.2434
10.331
8.3864
8.12135
9.81593
8.49276
17.3942
8.66072
14.7718
6.86715
8.49564
18.8317
17.9338
11.5281
15.0529
8.82551
15.8216
11.8913
14.8863
10.492
12.0439
18.8931
12.2111
11.7814
12.6925
17.0756
16.9395
12.3938
16.8174
13.1222
9.27038
18.3727
18.4459
22.735
17.3297
13.3291
11.7133
16.5333
9.08869
12.2686
17.299
11.0521
10.2425
9.79156
9.14115
20.4713
12.2182
18.6624
9.93795
13.6074
10.9791
14.4197
7.74988
14.8535
7.69073
10.4052
9.6613
7.63103
19.6041
14.8306
8.64412
13.7262
12.3504
8.20117
15.8662
7.768
13.2352
13.2691
10.1802
15.7623
8.34734
12.0884
20.458
14.7091
15.811
13.2455
12.348
10.6888
13.1859
10.3857
9.50424
10.7848
10.1608
12.0738
19.5918
20.7828
19.7948
11.5864
20.8115
12.2761
18.8201
11.5975
19.0105
10.4936
17.9505
10.7896
8.74203
20.8011
11.935
11.6359
15.4777
10.2038
10.7273
19.2422
11.7466
8.73725
17.036
8.46073
10.3941
10.6494
17.8789
10.8375
11.6139
11.1324
9.53902
9.67209
21.4089
11.3173
11.2934
9.6013
17.471
11.3908
15.3961
12.0219
18.9668
9.49314
15.0045
20.2761
21.3141
13.6645
12.4815
14.5459
11.0189
15.4527
9.53453
9.19063
8.87686
10.3952
11
18.0291
14.7293
10.3044
8.62464
9.86112
8.18663
16.8954
8.65426
11.3293
13.1132
18.5604
8.62429
17.7755
13.8473
9.47665
11.2462
13.0809
12.1412
9.47521
8.25817
22.7053
13.8086
7.81407
15.6943
8.06475
9.60653
10.0185
15.7551
7.36984
9.92154
8.8192
7.82127
8.03787
14.6033
10.5001
16.633
13.9002
8.28672
17.7172
12.334
13.7256
15.7675
11.3651
9.28633
20.1131
11.5621
19.0493
8.53388
17.9542
13.9009
9.15405
13.1006
12.3797
18.9356
16.0332
19.9994
15.1796
12.7166
10.3401
9.16066
9.95968
9.30663
19.7546
14.379
26.4261
15.4486
18.2939
13.0747
10.8668
21.034
14.7391
8.93345
9.15656
11.5118
9.63183
16.0031
7.75481
10.846
18.5097
14.7229
15.4285
5.95457
14.1006
11.6341
8.31852
17.6766
10.3224
10.345
14.5781
10.3124
10.8029
9.3568
8.19145
20.1671
12.3186
14.9733
8.86603
13.8755
11.0862
19.2059
22.3855
19.4199
10.1216
9.80302
17.9695
10.496
13.9157
20.2009
9.99596
13.7831
12.1101
10.5576
11.688
11.9082
17.7399
11.3407
15.4771
13.1549
10.1073
9.82916
22.6391
16.5795
13.4801
10.1967
15.8739
9.26552
10.7053
9.71694
14.9948
12.4049
15.4582
16.987
10.0226
13.8553
12.8288
10.1322
12.3739
8.98237
11.3172
8.76366
19.6912
12.1149
19.8917
18.0871
14.4666
9.14615
19.5615
11.7527
7.74223
13.4638
11.9839
9.64056
8.01366
7.05662
13.7371
14.8994
13.1758
8.93921
13.2287
9.46835
7.54416
8.19363
9.21069
9.42063
18.5814
15.8793
9.44359
14.8035
8.6638
19.4338
16.4845
17.8261
17.1424
11.8113
14.3834
12.3038
15.1857
11.664
7.99078
8.50472
7.17395
11.1223
15.1515
15.4125
8.40557
8.7592
8.52327
17.4781
14.9165
14.6545
13.6572
17.7586
8.10834
13.2249
18.9277
7.92213
6.21556
6.50551
14.3762
8.87442
12.7279
12.8122
13.2186
12.4949
12.9435
13.2898
10.2926
8.02518
14.2082
7.70054
10.9112
7.36897
14.4569
12.564
7.50448
15.7596
10.6182
11.5105
13.1961
12.0892
11.2029
13.7342
9.57321
16.8918
10.4467
13.202
11.7025
7.41081
8.29645
17.4055
14.4153
15.0933
13.6416
11.0423
8.7537
16.8646
10.5729
11.1789
16.7892
16.3312
8.71492
9.89017
9.30573
7.38004
17.2646
9.87932
9.34579
10.3785
16.48
11.0066
9.24295
10.877
7.7548
8.49217
21.4713
10.6209
20.8112
12.417
9.16201
11.2601
11.2478
20.2479
14.6926
16.7501
8.20955
17.7899
15.9582
10.2651
17.4064
8.44726
15.8308
12.7422
9.8379
16.7807
14.821
7.30718
17.425
11.2827
9.92602
18.0233
12.3794
10.483
12.6549
7.62754
16.8439
8.78947
14.7553
17.6909
10.8696
8.14613
9.57177
16.8463
7.22178
9.82924
14.733
10.4702
10.8103
15.5183
14.8287
9.88815
8.9785
15.9978
11.6072
16.3426
10.5505
12.7203
8.68548
10.8609
9.87958
19.7718
14.2445
9.36527
12.3456
16.3554
10.798
14.399
17.3062
13.9086
9.24245
20.9483
15.8553
16.6531
18.5884
11.2107
8.26307
17.935
8.96721
12.2449
18.3653
15.9531
18.5653
17.3347
19.4363
9.16128
20.0837
12.2452
10.7179
18.3696
22.4873
11.3099
16.5281
19.1703
12.7154
18.8698
13.0339
9.95119
10.1894
10.4039
11.2517
12.6373
20.8069
12.3382
19.443
10.2212
16.5552
21.2606
8.2721
16.1858
8.32605
16.8318
17.0021
8.40935
8.24633
8.60657
11.2774
10.9719
7.21086
7.64445
19.9997
9.87083
18.752
12.3055
20.9922
14.8342
17.4731
10.7635
8.36339
7.44695
9.37656
9.30342
19.7025
13.612
9.77922
8.19276
17.7297
12.4237
11.1768
11.3718
12.9464
14.8532
15.0871
18.5851
12.4017
11.0981
16.9571
9.10807
17.7931
18.5952
12.9222
12.8829
8.04769
9.02967
8.43812
8.97482
8.73966
15.5121
18.735
15.6781
10.0394
19.0513
14.2608
8.35501
13.6968
11.573
16.1765
11.2911
14.9542
11.0546
16.846
8.52437
9.86528
11.8681
8.51888
8.60261
19.2996
17.2415
11.4383
17.9504
9.60754
17.4972
16.855
11.0334
18.2824
19.6291
8.86526
16.9948
19.7898
11.5488
18.7975
16.4606
19.4335
14.4206
10.6667
8.72101
8.83866
16.4286
12.7875
20.6638
11.8009
8.98712
19.6005
10.8101
7.81491
12.7191
13.6708
8.50495
18.2486
12.9943
11.0808
11.5023
8.76338
19.0254
10.222
20.3189
10.5714
10.2895
17.9333
16.9943
15.9713
12.0337
8.93615
8.33005
14.939
18.9045
9.85906
17.1815
16.0112
18.422
11.5253
20.9452
11.841
19.4457
20.3305
12.763
11.1875
8.99534
8.54517
12.122
15.1039
11.2843
11.2078
9.65776
9.83208
10.2888
8.53835
7.93256
18.7859
11.2675
8.5406
10.922
7.69064
16.9211
14.5202
17.1495
10.9359
12.4654
20.4624
20.6545
12.6832
8.74681
18.7824
10.959
9.38052
10.3819
11.6377
14.7948
15.4891
17.1559
15.4305
11.3077
8.27851
9.71763
9.31728
8.53813
18.09
10.0263
18.875
18.1562
7.82514
15.416
12.0716
8.24855
13.92
8.23471
11.3756
16.19
13.0778
16.2443
16.0154
15.5234
8.9592
9.69817
15.6816
9.9482
10.3659
15.7302
8.70102
21.6215
15.6994
11.163
20.6866
13.0976
18.5473
16.2201
10.8503
18.7232
22.4459
12.2386
9.93755
20.2484
14.5281
16.0758
9.56115
20.0855
12.054
17.8547
10.0777
10.4158
9.70534
8.84761
8.28036
8.57814
8.21425
15.9165
10.0519
7.66268
17.7906
11.3092
11.2637
13.3117
18.6253
7.96262
13.9907
9.01689
10.5309
15.7716
8.84022
17.8311
22.6583
13.7065
19.0918
11.3735
8.87149
11.1231
18.0936
10.3924
17.0907
22.9001
12.3686
9.58178
13.8732
14.3294
12.1328
10.1546
24.3172
13.2235
13.4058
9.20208
10.2295
13.0507
13.2853
10.6304
7.58449
10.1957
16.9709
7.83475
17.8262
10.7308
13.4738
19.1818
13.9904
14.2134
11.5213
7.87067
8.43843
15.2443
11.9012
16.201
10.871
10.9079
11.5804
15.5636
10.2099
11.1652
7.61472
11.0291
8.02274
8.52527
16.7417
12.2941
8.30585
8.52341
17.979
8.15236
18.0561
7.84735
16.0562
13.8603
20.8417
20.442
12.0503
13.7849
14.3166
16.3701
9.50648
18.1403
12.7718
18.6674
12.6475
13.3459
15.8769
16.5246
14.5426
11.443
22.8878
11.0846
17.1463
10.0478
21.843
19.0258
17.855
19.7734
20.8513
11.507
10.6451
9.42616
20.6731
17.7721
8.60453
20.6333
13.7607
9.3091
19.3239
15.665
13.4848
10.3315
9.32509
8.46962
11.0833
12.9387
13.0577
9.50265
17.2416
19.9198
15.9329
12.3092
9.78866
10.4361
10.1113
10.1387
15.7726
20.5158
17.9856
9.95895
13.9634
14.3804
19.0049
22.0415
12.4855
13.3264
20.5308
18.9803
10.4983
20.0302
20.1677
23.5656
19.1125
15.756
9.74343
9.95783
8.45399
11.0096
8.3665
18.1713
12.8349
8.75932
8.27439
13.7988
9.90668
17.126
12.4565
12.737
12.3281
9.60842
9.11755
7.36409
8.92199
17.9309
7.2612
17.5421
8.04795
12.3141
13.0513
9.00177
8.92199
15.231
12.1633
10.0882
10.6424
21.3668
10.7577
9.16099
15.9511
17.1307
11.7529
9.02966
9.92912
10.323
16.1063
15.7558
10.9493
8.0721
14.8324
6.87807
16.8831
9.0038
16.3156
11.806
21.5592
15.3044
21.6123
13.8513
17.0143
11.0324
7.73439
9.09171
18.0519
10.9313
10.1641
10.3323
7.78716
14.6711
11.8698
14.9837
15.7681
8.75856
9.35741
10.4953
10.3727
20.7253
11.652
13.9574
10.109
9.06924
8.84346
11.6159
8.73418
12.2829
9.96506
8.41809
14.5166
10.9412
10.3179
8.28879
11.6958
9.01868
10.0405
17.0664
8.61307
19.9059
13.722
18.3669
8.91172
11.3457
16.4526
12.1825
18.495
7.43211
9.74054
13.1912
17.2845
9.123
17.6542
14.956
9.06249
8.30214
7.6711
16.765
10.0615
15.6764
12.2021
10.8904
11.7052
18.4473
13.0836
15.089
12.1657
10.891
7.4892
18.1194
8.66161
16.5787
15.393
17.1834
10.724
9.91934
15.4829
13.8017
7.47002
13.1274
11.2623
6.19992
14.1774
12.399
10.7618
5.82936
6.61345
6.85844
14.8778
13.7064
8.45185
11.0582
7.15029
15.1348
17.6682
13.5175
11.1796
8.56016
8.19979
8.24281
7.6506
17.1876
8.70813
10.7372
10.1812
8.9726
10.5431
9.14148
17.6682
9.21816
16.6705
12.7831
18.6646
8.89983
10.6395
9.81638
11.3705
10.575
17.6971
8.38674
20.5367
12.5442
9.51428
16.2968
18.3163
11.9483
16.3603
12.8297
15.7013
9.09404
13.7867
9.14898
11.8518
9.13166
9.09057
8.93494
14.1643
9.58029
10.1902
9.0151
9.53349
13.0152
9.94598
11.5806
21.8052
12.1059
11.4339
17.9425
15.8558
15.7745
8.75027
17.1048
13.3182
9.84165
12.7939
9.56861
10.2566
11.408
8.2331
10.035
18.1464
8.53852
6.80777
8.45379
14.2736
11.5417
12.3976
9.61806
7.49798
6.43032
9.27723
8.1187
17.3864
10.9473
17.1799
8.8119
9.20814
16.8204
16.8467
19.8198
16.4169
11.8223
9.14775
15.1514
15.9821
6.99483
7.21932
6.57995
9.1189
9.54847
14.1317
9.85748
8.87375
10.0333
21.093
14.227
15.3169
10.3412
15.1242
9.89459
12.4049
8.70383
7.06542
18.4953
11.4145
18.4779
7.44761
11.4891
13.6675
10.9885
8.3273
9.44402
16.634
7.96238
17.4701
10.9395
9.64031
7.38465
16.7389
9.74288
18.6834
13.0225
12.1078
11.5316
12.9151
8.65517
21.9462
9.17391
20.8651
11.5888
14.3675
11.0675
12.4014
17.6902
11.6945
11.9133
10.6492
10.9781
10.7286
16.9806
14.6707
9.92241
12.1396
10.1706
25.1005
13.1357
21.3942
14.4596
9.81742
10.7951
20.8509
13.1599
11.9927
17.35
11.2848
10.8131
7.98543
13.4371
9.456
6.96161
8.48174
9.03512
9.16783
8.4445
10.9938
15.9383
9.66346
16.2854
10.4852
11.8023
7.65565
12.5462
17.5583
21.3327
19.2907
14.7581
13.5824
14.7572
14.9722
9.21796
21.1442
12.7699
10.648
9.21832
18.0328
17.7028
20.076
12.4325
10.37
9.05047
11.5826
8.84707
18.3638
17.0926
17.3203
10.6247
9.85686
8.40158
20.2643
15.8322
19.1042
13.8163
9.80131
18.9055
11.7925
10.2599
11.5311
19.2698
10.441
20.8844
13.0053
8.36446
8.56679
10.7784
10.1062
10.0547
15.8956
22.8649
14.8792
11.8121
9.50158
9.75629
9.01832
9.3096
8.74817
10.1551
9.98919
23.0181
14.4008
11.8735
14.2018
13.011
10.4546
22.1466
19.0686
28.3318
24.1528
13.9337
10.6303
10.4411
10.0682
14.4694
18.583
11.2563
22.9147
23.3976
11.012
13.8853
11.4131
11.0083
11.1875
11.1364
12.9941
12.1858
25.7294
17.0871
12.6171
28.6067
16.9272
24.1879
13.4141
19.8825
26.4098
14.1804
15.2646
13.7037
14.8406
34.9328
24.0162
21.597
15.7809
23.9821
15.8983
15.8023
16.1555
25.4956
28.1626
17.6279
38.6315
26.3566
18.4421
15.9452
15.8049
15.7353
13.8678
13.1933
22.7134
13.5123
29.6664
16.3726
20.0373
13.2789
21.4048
11.805
14.2638
12.8724
10.653
13.4805
11.6105
25.2308
18.8453
17.864
11.1852
14.5157
24.8483
13.9938
11.0524
14.233
11.8123
16.6356
9.42288
15.534
10.4544
12.8466
15.7889
10.1423
6.48264
9.72523
7.37987
8.73683
9.09173
10.7844
16.7808
15.5923
12.4505
7.53785
10.0259
15.6314
15.2896
16.8849
15.3526
11.4527
12.5006
14.4924
11.1932
7.76932
16.224
9.38085
12.9491
7.66227
15.1788
9.21483
8.704
7.62954
10.6673
10.3502
15.1725
10.2235
6.40872
6.38008
11.6402
8.83808
13.9069
12.7925
6.91954
13.6885
16.0375
12.6596
8.19923
9.17259
9.95532
10.9553
5.38185
8.00877
10.252
9.04711
7.68305
5.44361
5.7189
8.30976
7.9224
11.0086
11.1759
7.26108
12.6849
7.82976
14.5894
13.3043
11.5815
8.05658
13.7744
14.9438
13.8022
16.7138
12.7315
16.3172
11.5335
20.923
14.6249
16.162
11.9671
9.74504
17.666
17.972
11.9413
16.8237
12.8702
13.5876
9.03619
15.0486
9.98758
7.8101
12.6161
10.2658
16.4071
12.7176
16.0261
10.8422
18.1193
16.8091
11.6746
14.4846
16.4996
13.1657
15.4048
19.5329
9.61645
16.8075
8.75871
5.95981
6.39561
7.06581
15.3677
15.0236
8.9187
13.9879
6.93421
16.9683
16.9643
11.7559
19.6639
15.1479
23.5089
10.0666
8.83192
10.2674
9.25921
17.0302
7.94256
7.90529
7.2957
8.84692
9.09938
10.5205
19.3107
13.5275
13.1426
9.5441
17.228
10.8639
9.69471
12.4031
9.66551
11.8127
19.4618
10.4725
21.6024
15.1185
23
11.5012
14.9919
25.8055
12.9344
9.53475
15.9502
10.0776
21.6099
12.921
20.0821
10.181
8.63584
8.10613
8.95234
8.84738
16.5752
14.2359
14.5361
17.844
9.24641
18.7891
13.2327
9.18084
10.55
12.6332
12.288
7.07092
16.3465
9.2219
8.25353
13.6545
5.87044
11.31
13.37
11.1101
13.639
10.1389
11.9972
11.9124
11.9708
15.4649
14.5264
11.6956
14.9935
14.4274
13.7083
13.4556
18.5329
8.02435
17.5846
16.011
15.9614
10.1808
14.1614
7.71264
16.3564
11.0074
11.81
14.8205
15.9135
12.8996
17.0883
13.5122
11.2456
6.95712
6.98799
5.95811
7.84791
13.3685
7.24642
8.40961
7.3221
15.3223
10.5962
11.4188
9.19671
7.39897
7.58494
18.8032
9.07713
8.75363
9.14772
11.2045
9.55662
10.3978
19.554
14.7313
8.47053
8.28986
16.1878
10.3715
8.20329
15.565
12.9355
15.3388
9.66603
9.04028
9.14937
14.52
10.6983
8.8364
19.7662
11.9948
8.1764
10.7175
12.0874
18.006
12.9845
17.5044
9.33701
9.97256
9.43922
16.4664
15.1308
16.2247
13.3556
16.5887
8.86077
12.5321
14.4118
9.20461
8.68177
8.22624
9.442
7.15711
17.9444
12.2949
13.7136
16.1815
14.892
7.60101
16.1105
8.55881
19.6534
11.4406
19.3874
11.3568
24.2805
16.8836
21.7546
21.9549
16.4009
10.135
12.462
8.53843
9.13056
9.19298
9.21867
15.1572
10.1842
10.1032
13.3969
9.49026
8.26904
7.96655
17.0911
9.62553
8.004
9.34994
14.8074
12.4243
13.42
9.53404
11.8347
11.1431
12.3437
8.51471
14.5969
14.9033
8.26374
9.12366
13.7326
11.6501
6.19109
10.8695
8.98838
8.85688
10.9501
13.9739
7.65881
8.27362
11.1385
13.6096
10.3972
10.449
11.9339
13.5262
11.0174
8.88466
8.45998
15.0336
9.64662
14.3211
9.36071
9.2618
14.2281
14.565
9.10661
8.49917
8.85966
9.96267
16.2575
9.43746
12.8324
13.1543
17.5522
9.05669
16.4279
11.0112
7.06976
6.6964
6.62681
12.2785
7.8531
8.15545
6.31872
8.52612
7.41608
16.3181
7.92922
7.56197
11.5076
9.24954
9.92518
14.2605
12.8456
9.14436
12.3161
13.0132
15.7954
12.6855
12.6745
14.2142
14.1054
15.9037
6.86821
10.0435
15.4616
7.45237
16.7003
8.56179
16.4288
18.6992
12.5574
15.5268
17.9714
9.08088
16.2337
16.811
14.666
8.32816
12.5302
18.5957
11.7638
9.64742
13.2553
21.8428
12.3638
21.3993
16.9985
21.9452
11.8863
16.2131
9.36634
19.7025
9.98436
24.1302
13.7099
11.4886
9.27896
22.3167
13.3459
21.6224
14.5773
10.5711
17.7129
11.8333
15.1409
15.2437
13.4889
10.5096
13.4426
22.1712
12.9813
9.87197
19.4377
17.743
9.22533
11.2757
11.1989
8.29405
9.78019
10.0868
13.7596
15.6545
5.47609
9.35982
6.93951
10.1069
6.51413
9.28247
8.20709
15.6206
11.4036
6.1964
6.53327
11.4998
12.2631
8.19513
13.6756
10.7029
9.99047
11.4767
11.1749
8.75695
15.4918
10.2549
15.3806
8.99244
8.89709
9.06849
15.6726
10.9929
18.3708
10.037
10.6126
10.4888
7.9959
15.6357
16.2027
12.5915
11.4558
16.6924
17.0525
19.007
8.06872
19.6485
14.53
7.17012
17.5827
17.9891
10.5745
7.82121
9.98043
14.181
7.12747
10.3151
9.00536
8.86279
7.03417
7.85466
9.88622
9.33391
11.0968
7.70656
19.2465
7.79295
18.7954
16.189
21.3392
14.0919
10.6476
7.5038
17.1474
20.4586
17.5926
21.5346
13.8505
19.0199
18.092
14.9542
13.8373
18.2115
14.472
9.12533
19.7154
12.9835
10.1398
11.4163
8.50574
10.4251
9.63331
12.9089
17.5297
12.0258
17.7199
25.6595
15.0029
22.5197
13.5141
11.893
23.6151
11.7743
23.8067
13.3028
11.7779
17.0486
14.1969
13.5872
17.8344
12.4044
19.3058
18.5168
15.0888
19.8714
9.81318
19.0273
15.7378
13.3792
10.482
12.1695
9.5771
10.5605
22.4712
17.8239
17.6226
10.8395
17.1147
10.2867
14.7545
11.4516
20.6413
9.79112
21.8251
19.0425
9.92083
11.2755
22.6489
18.2785
11.7042
12.3767
20.1261
18.8427
16.0954
8.47082
8.82474
18.8475
10.1408
19.5933
14.5069
9.5903
9.09551
14.2941
18.2196
15.344
17.9294
9.09859
11.1695
10.7404
8.43245
8.0763
11.7443
9.60233
8.9836
12.8661
11.1198
15.592
10.8596
7.80832
10.7218
13.1119
17.3522
13.497
14.8476
11.9458
15.5628
5.34827
5.76476
13.6031
12.1961
10.0206
7.35714
16.4341
9.439
13.4766
14.1936
12.064
8.67238
6.0801
9.35348
7.51846
8.35697
14.4122
10.5612
8.69955
14.3463
14.3711
16.4485
10.7916
10.9223
18.0011
17.7888
10.2038
10.4009
9.82491
17.6243
8.7885
13.2107
18.6158
10.3508
13.9355
12.5504
13.6897
16.693
10.1864
17.8409
15.5449
15.1708
10.5716
10.9054
9.00895
12.7191
10.7762
14.7957
10.3794
8.49659
14.4252
13.0389
16.9404
15.1641
11.1226
14.6225
7.12109
16.9381
7.19483
16.6085
13.6642
12.851
9.43131
9.3793
14.151
16.3647
17.1706
10.5924
14.075
10.6989
17.9084
14.1648
9.01288
15.8138
8.0553
9.09448
16.1684
10.2364
13.9911
16.1098
9.54203
8.87763
10.7008
8.14751
9.19178
11.1508
7.82805
11.1463
9.31934
11.7751
14.994
9.4702
15.5606
12.9514
11.3494
10.8776
11.5057
9.21402
8.49606
19.1059
9.64978
11.8436
9.00729
6.64306
7.7488
9.86419
18.5936
10.8674
10.2874
16.799
6.96458
15.4447
11.5752
15.8988
14.9758
10.248
6.8305
10.0917
15.5781
7.10124
10.7523
15.8182
9.08632
12.4971
10.9217
16.2962
10.5406
16.1628
11.7277
9.51597
17.8083
17.6853
9.84335
19.2665
15.5184
17.7716
8.78523
7.77518
13.5211
8.50128
14.8397
8.50497
12.2901
9.38339
10.4775
11.6277
16.9534
9.57842
15.6899
15.7346
11.785
14.2478
18.8441
12.1679
8.73695
9.53691
9.91506
14.207
7.37268
10.9827
12.9778
16.881
12.363
8.9796
8.36351
5.56109
9.60718
14.4863
6.35366
14.3179
16.8359
10.1007
13.7477
10.9813
11.9287
7.95039
16.2255
12.9852
14.5452
8.8391
13.9988
16.7474
13.9736
10.444
8.20917
16.059
12.9784
7.91996
10.4595
10.0005
12.858
16.2709
14.1491
12.5839
11.2032
17.5355
13.9332
9.35111
18.213
10.1496
16.9798
10.0911
20.8745
8.01208
17.9864
14.6794
11.4858
7.71473
11.0846
16.0942
21.114
15.4839
10.3753
17.6933
21.9276
15.0111
18.9103
12.1154
9.31787
8.03658
12.63
8.00356
8.24427
17.2189
12.3612
9.33399
10.1783
12.9578
10.235
18.6571
16.065
11.5855
8.19009
10.6655
10.7056
16.6469
12.2026
15.7591
8.77257
11.1765
16.4197
14.9828
15.6288
9.13535
15.4337
9.19607
16.4352
14.2729
11.8273
10.2561
14.535
9.98746
12.5313
8.51628
11.1669
18.1889
6.66267
14.3185
10.8242
10.6104
13.3721
10.0398
9.07924
15.7814
9.83425
11.5516
9.11998
15.5801
15.3032
6.70912
8.9142
17.0917
12.7256
8.48579
14.1498
14.2621
9.22453
10.7834
10.7883
14.6613
15.2631
15.1635
9.42359
8.80045
13.9435
18.2085
12.0772
11.8611
14.6318
17.4797
6.89474
10.0187
14.9584
12.9437
15.8808
16.8713
7.31611
11.873
10.4482
16.4324
9.63752
8.38475
16.0452
11.2971
10.1271
8.8542
14.4047
9.17617
12.9266
9.11875
15.8932
14.4574
7.71274
11.8077
8.2543
9.22509
7.36889
7.57266
9.69664
11.5827
13.4779
9.70247
14.8263
14.4726
15.5877
13.3865
12.5441
16.9367
15.3301
13.7086
16.0592
17.0851
12.1186
7.85344
10.0743
8.93566
7.54184
7.02475
9.915
12.5889
10.3519
11.0981
5.65569
15.7384
11.9695
14.06
13.0516
14.1095
13.5153
11.9688
9.11789
9.00699
12.296
15.6338
8.60721
18.2661
10.8951
11.153
15.7127
7.25516
15.3576
7.36765
15.8908
15.9631
12.2029
13.8591
9.63134
9.3079
8.05356
11.9013
10.0792
15.819
13.7816
10.4544
8.62668
15.7556
19.3423
9.96065
10.8557
9.49693
10.7574
10.2424
10.258
19.096
16.2981
20.1772
16.2603
17.0261
18.6378
9.52585
8.08794
15.5977
10.3391
7.80749
11.9592
9.6538
13.6524
9.20528
13.0184
15.2407
7.96007
7.16602
11.5403
9.15035
10.4316
17.6382
11.425
17.4692
7.37259
16.1646
18.4873
14.8169
17.1217
12.1727
7.67051
8.5333
9.48913
9.93207
8.12035
13.2543
10.2894
10.0617
8.5937
14.3018
8.78987
8.97792
17.8295
16.373
10.3964
16.6864
15.7371
17.5551
12.1326
9.62792
19.955
17.0487
8.54876
15.2549
15.1059
7.11828
14.8047
12.3048
10.7426
7.60341
7.6784
19.8069
17.428
14.1198
11.0677
9.29586
9.65326
11.1927
18.9844
11.8428
17.3335
10.0581
15.9108
9.9057
16.3701
16.6886
17.5091
16.027
12.4976
13.8689
14.2403
10.7646
10.7069
18.6473
10.2404
9.24419
18.2393
14.3806
8.01937
13.7956
17.1964
10.126
9.9464
7.86166
12.8316
10.8408
11.7807
10.7222
18.1458
10.3306
10.8514
15.775
16.821
9.48628
16.7071
13.0332
11.2552
21.09
14.2168
15.2421
9.02207
17.7148
12.4376
16.5626
20.2135
8.41707
15.7234
13.5279
10.5876
14.3125
8.52875
9.60059
16.3344
9.12147
16.4787
11.03
11.5426
19.4285
9.71987
8.92286
16.2176
16.5637
10.9501
17.2888
10.3892
15.9832
16.0299
10.4445
14.27
10.8332
9.24777
9.12971
17.4979
10.0046
11.6884
12.5679
18.3388
7.79081
19.6144
16.9028
12.2648
7.99751
16.3792
11.4556
11.779
8.55235
8.75473
7.70685
9.25899
15.8337
10.1347
7.93427
7.38349
7.6833
6.38504
7.34977
17.3925
12.0833
15.7678
9.54999
14.5225
17.2873
10.9679
7.74533
9.78118
14.5865
16.5128
12.9845
18.6655
15.742
10.7298
14.6561
14.7865
15.4572
15.7675
10.6138
14.688
13.9452
14.0676
14.4613
11.3862
16.8744
16.5239
16.4753
9.49419
9.40537
14.1711
16.1187
8.96758
14.4233
12.6271
7.31397
9.28193
12.9186
14.4644
6.81289
6.62449
14.2573
14.6587
9.36013
15.4099
9.91671
11.7729
9.67486
7.46786
8.79683
6.42831
11.1503
14.8142
10.7364
15.4475
11.3492
9.60076
9.85162
14.3852
13.0608
13.0257
12.6027
14.2601
8.35219
11.5333
15.4845
10.0901
7.74533
6.97118
8.93587
12.0503
11.0139
8.52562
6.64584
10.8589
13.2859
16.1587
12.72
17.4339
14.8709
12.4007
8.37075
16.1529
16.1778
16.4464
17.4655
13.0036
15.5762
12.8745
9.2419
8.79756
13.1964
12.0489
10.1117
16.6429
9.63995
15.5892
10.3218
11.3436
16.6
14.9929
15.4609
18.2983
14.1056
15.7029
11.404
11.6239
7.52033
13.9757
12.9238
16.3616
9.77252
12.5706
11.8955
15.6738
7.83722
16.6996
10.1175
11.2433
6.89124
16.1012
11.1101
7.58043
10.4349
13.5552
12.5455
12.8328
15.5284
8.48085
7.92778
8.53843
12.1976
13.2284
17.7556
16.3141
13.961
13.5788
12.7855
8.81617
14.6391
10.181