11.3045
9.21796
11.3833
9.01214
10.0862
16.2071
18.6603
16.5953
11.237
15.8224
17.6535
10.5809
16.4941
11.1864
13.264
13.8609
9.78779
12.6861
10.7742
8.62283
10.8226
7.77109
9.32652
8.82172
8.41534
14.1501
10.7409
9.3791
19.0768
12.0534
16.8945
11.8221
8.10803
14.6724
7.71642
9.91036
8.88203
18.2137
12.0115
9.01622
10.1448
7.62145
9.63414
15.7431
17.8724
17.0751
17.1995
15.4665
13.7957
15.481
18.2569
16.725
17.5054
16.7641
13.4751
10.0988
14.283
16.0445
13.2167
13.4891
12.1287
16.067
12.5855
7.96491
17.7711
12.7451
15.6379
10.0705
18.8875
10.8592
18.7988
20.4572
13.133
16.6495
17.438
11.3668
14.4513
7.94375
15.2843
11.8356
14.1263
9.9902
12.6811
10.236
7.62115
14.656
12.0702
8.12447
17.5076
17.1953
11.0255
15.393
10.1581
10.6879
10.3399
7.34928
10.4461
9.57982
7.84055
7.68368
13.6736
12.263
17.8991
18.4508
21.6286
10.8675
18.708
11.2418
15.3593
10.8356
13.7942
8.11132
17.4659
13.1304
17.4068
8.233
7.94718
17.2407
13.2546
16.377
11.9524
10.3703
16.626
15.2433
9.7343
13.9941
15.3005
14.0629
9.49756
7.59971
11.6249
12.3922
9.45818
11.7999
17.266
9.48197
9.42734
7.68829
17.772
10.9309
12.9666
16.6732
13.8535
12.1856
9.24453
9.52928
9.20968
11.8483
9.00617
9.76514
21.1376
14.6141
12.4531
10.7269
16.3878
19.1625
8.36731
15.3524
9.40622
8.1848
16.6361
10.5805
9.95709
16.0916
11.6001
9.32715
16.8247
18.091
13.4587
7.78338
8.30875
11.933
8.40989
10.0455
16.6809
20.918
10.4962
8.56339
17.7281
9.28539
11.5304
16.6298
9.1933
20.7305
14.5015
11.9518
15.0888
10.6984
15.7108
13.577
15.3082
13.5738
9.01759
12.3397
11.4781
9.28319
9.44782
10.0474
11.9133
13.7982
18.7769
8.3816
13.5415
19.9955
9.76819
8.39007
10.846
8.8773
16.0373
12.0024
8.71205
8.61972
16.9238
8.67138
11.6525
13.8242
9.85699
14.3985
10.9275
10.5158
7.57143
15.4978
15.533
10.1502
10.2772
9.07814
17.3585
11.498
15.5493
12.0085
18.726
12.2502
22.2189
11.4497
17.4369
14.2007
8.82678
10.9712
11.1522
13.2643
11.1331
9.88721
9.53873
16.0943
11.5097
21.0928
10.9807
18.3458
14.4203
11.2304
11.2454
19.8854
10.5335
19.9411
16.8572
10.6622
12.3869
9.00699
10.4607
10.8507
17.4056
8.37791
10.651
14.9511
20.1547
14.7666
14.3013
18.2202
11.506
19.2526
11.3651
9.28009
11.1417
9.82866
13.1779
9.05641
17.9669
11.585
15.8326
11.0531
20.6649
20.9982
16.8442
22.8384
19.0217
16.2918
11.9542
18.9267
11.2912
14.5518
17.0901
11.2356
9.86913
9.44715
13.6543
8.78029
10.7362
11.2737
18.0879
15.6442
17.255
11.0753
15.7969
9.72397
8.82452
7.69033
16.6158
16.1121
12.4051
10.571
12.3007
10.9468
11.1054
10.3854
8.99431
10.3691
10.012
10.2676
9.4441
17.2512
11.4811
18.8378
21.2207
17.0815
10.5296
10.9183
19.8702
9.5977
22.3577
13.1907
23.9436
10.3695
22.628
22.4839
11.5538
17.8983
20.6213
19.8582
12.9367
14.8215
9.73231
12.0677
9.37707
16.5254
8.64657
7.68245
15.8944
11.8729
9.28869
8.12897
15.079
16.4764
12.1919
10.4181
10.7237
18.5853
13.816
16.7241
10.4596
8.35779
8.79238
18.4765
12.6319
9.70115
8.44229
13.0229
8.99568
9.41916
19.1514
8.29934
10.5183
8.46685
9.54365
19.5226
19.6652
9.34451
9.73471
10.2027
15.4571
7.99771
17.794
16.6722
12.6485
15.4949
11.7068
9.6558
12.2534
19.7957
13.4352
8.69652
11.3481
9.86641
9.40208
15.9227
10.7432
10.1977
12.418
14.9334
9.92746
11.2075
19.5627
19.4274
16.9539
19.3775
20.598
18.3946
17.2992
9.8724
10.1932
10.4254
18.1262
15.4946
7.94342
12.9153
11.5187
22.2711
12.521
15.007
22.4853
8.2041
17.0018
12.4302
17.0316
10.1705
19.9327
12.865
8.54504
7.24256
17.257
17.7202
16.7649
15.2353
8.18291
18.0633
10.9248
13.6331
8.04985
12.9878
20.4851
17.9788
10.0952
17.2806
9.72521
7.09043
14.49
9.0426
8.67247
17.2832
13.2035
15.276
17.519
16.1518
16.5713
19.5953
23.1919
13.781
11.6512
17.1503
11.8704
13.4135
22.0132
9.94646
10.6853
12.2145
17.381
10.47
11.8781
19.3783
9.50314
13.1987
15.5012
14.6836
9.77783
11.2354
13.1274
9.49144
9.82106
20.2163
12.6115
11.0317
17.0875
11.1208
7.62219
10.1509
7.01683
10.493
13.2571
11.864
7.51089
10.4486
14.3554
10.9423
16.3845
7.56188
14.8349
10.2257
9.57408
10.3086
8.34274
10.0155
7.90752
8.68091
16.2244
10.742
19.1878
14.1488
19.0104
12.391
9.81966
20.4255
13.8341
12.9278
10.0973
8.78
11.0516
11.6896
20.5154
11.903
12.9388
17.0401
11.6169
14.0609
12.6022
15.7437
10.5562
18.1635
13.3691
13.2729
15.1353
10.7246
14.0638
9.38951
11.3197
12.7458
10.3096
11.3499
18.3847
14.7813
13.8077
15.8866
11.5305
11.4279
8.33861
9.03218
13.6294
11.52
8.77601
11.9962
7.61693
9.28366
11.4623
9.90307
8.32483
13.7352
18.352
8.41094
12.5852
14.929
10.3373
10.7955
12.4579
19.8612
14.2674
14.9559
16.5642
13.1909
8.43849
18.6513
12.5125
14.9123
9.41127
8.22715
17.6107
10.2214
13.8123
10.5574
9.71687
16.5873
14.7744
7.92172
11.3417
18.9225
13.0666
9.88597
20.4744
11.2463
12.7153
12.4161
15.5116
13.2115
9.74574
8.63168
8.09153
12.7897
8.86782
10.1296
11.176
9.40262
17.6809
13.4928
15.4475
9.51459
12.9513
8.72033
16.395
8.66771
8.15388
19.9174
11.7404
15.3766
8.80987
13.1191
11.0353
15.3097
10.3744
15.5093
9.8842
9.17651
17.4138
12.9078
12.2392
13.8775
17.6086
12.5601
10.8875
8.18145
9.58
8.31166
19.2296
11.7827
10.895
10.8448
17.4477
10.0981
11.1674
8.17514
9.85343
19.1337
20.1033
11.3176
19.7951
15.4911
9.54814
10.4242
9.57051
9.52481
9.47205
16.977
15.463
17.6155
8.6082
17.1581
12.0869
10.8606
10.2384
15.5706
11.2508
18.0471
13.3217
9.61222
7.62278
11.8301
18.862
7.60576
11.0452
8.26587
8.48121
16.103
18.0758
13.4104
11.3509
16.7842
10.8061
17.8923
13.3556
9.82167
14.0081
15.4454
18.0477
10.1109
10.4331
20.9648
14.1948
9.27438
10.7419
19.8479
15.2992
22.0204
12.4577
18.7293
9.19527
8.7421
17.9684
10.4049
9.22841
18.0709
10.0732
8.15992
7.14798
15.9535
14.042
12.806
16.0147
10.6705
9.87124
9.32111
7.15287
11.6879
13.6223
8.8557
13.9668
10.0083
12.9752
10.2092
11.2005
12.1504
20.63
12.4856
11.7854
15.8865
11.6437
18.4371
19.0265
20.1027
9.54394
10.2906
10.6203
24.2133
13.1678
20.0801
11.3498
18.3543
9.28749
14.6505
11.5535
9.89482
10.6038
12.453
8.79964
13.1566
9.27032
18.419
11.8023
14.0765
13.5061
14.2224
13.197
9.83053
15.6282
6.85577
8.94339
11.9257
12.4242
12.8485
15.3493
7.98442
18.389
7.38147
13.7431
7.92403
11.1071
20.9784
11.2341
15.8165
10.343
17.1026
13.6309
10.7451
17.6834
11.1563
9.81594
9.0491
19.9655
22.8829
24.4378
10.8506
8.22754
9.99705
12.0344
14.5937
20.5096
12.7732
19.9568
14.519
18.1076
12.0763
8.84978
16.1591
8.67646
8.8216
13.9823
15.0596
12.8583
9.30447
16.8259
19.6924
15.7856
10.4746
10.3131
9.1944
13.1358
7.86959
17.3412
12.5019
15.6782
10.31
8.06242
17.7402
8.53944
14.5896
19.207
14.5451
10.1769
8.74876
10.9988
20.7415
11.7634
10.5697
10.7812
23.21
15.3644
10.4449
8.58297
19.2034
19.0755
14.9135
10.0527
15.858
8.63989
9.6045
16.9946
12.3149
9.86478
16.092
12.671
16.2549
7.84041
10.8268
7.85032
9.69113
15.0816
7.42476
10.3503
13.6978
11.1831
11.6164
8.63951
16.3819
10.211
17.1171
14.2032
20.8487
15.2939
15.9309
12.2074
11.7568
19.8906
20.9545
19.5067
19.1024
11.5629
9.44231
24.9924
18.3529
16.903
11.2852
12.6607
8.91535
9.03269
18.4213
12.0237
12.2664
10.2526
12.7184
8.37874
12.7793
9.537
18.6203
11.6831
14.2056
10.4406
7.42619
9.18338
10.5577
7.83284
17.5257
7.70625
17.2169
10.8113
14.6759
17.5236
10.9305
14.7608
10.1348
8.67961
7.13591
9.57748
10.3052
10.2202
18.4488
16.6677
19.7239
11.8816
12.215
8.34824
9.60233
10.6781
15.327
13.1528
10.1053
10.7547
19.6039
12.2437
12.0923
8.05162
17.7815
10.888
9.33263
9.92793
10.5219
17.3498
14.6559
12.0181
9.71641
8.13236
10.0565
10.5335
7.01427
15.8935
9.96545
18.4314
16.7086
7.84054
10.0316
20.4593
16.805
10.1259
9.53771
10.4857
18.7154
10.1801
9.71769
8.83566
19.9637
9.82836
17.1566
13.147
10.2406
19.4592
10.2703
21.9437
24.4629
14.6986
13.0642
9.49753
10.3789
16.259
8.68958
9.64024
10.5003
15.801
19.1987
10.8669
8.1633
9.73585
8.93279
15.0453
16.0846
10.9546
7.53429
8.53817
18.3448
10.5828
8.96872
20.2101
10.2511
16.8062
9.57717
10.4896
9.5936
21.1456
12.7329
20.1077
19.8647
9.16753
22.1013
10.9042
10.6695
12.7494
13.1875
15.8711
10.7221
14.654
8.66517
9.74024
13.365
15.2801
9.1355
16.9543
10.4694
15.8922
14.2302
9.73053
9.83847
10.5955
20.8975
10.6856
15.6807
13.2756
8.62227
8.83102
14.9772
9.92003
8.46257
8.21521
9.23714
8.3723
9.07372
9.358
8.4226
14.7651
14.1031
8.82514
17.1914
9.94744
11.6011
19.9926
12.9842
12.3765
10.6504
11.9744
9.73152
22.7035
20.1397
16.9588
17.4486
11.2016
20.3916
15.2007
17.1373
11.0018
17.576
18.8538
7.78944
12.6354
16.998
20.5222
17.7791
16.2819
9.1494
12.7267
13.9184
11.7073
10.3153
10.0618
19.3306
18.0731
7.5633
18.4984
12.6124
19.2642
12.5689
11.7009
20.3151
19.3528
23.6075
12.4185
11.2689
10.9918
8.75196
8.47802
9.99932
10.4105
8.27158
18.8826
18.4018
11.3207
15.5789
12.265
10.3663
9.93663
8.95547
10.9229
11.7173
14.9826
12.5598
9.99984
9.60079
17.7253
18.7775
12.7787
9.64904
8.62972
9.69248
9.09302
18.0347
8.41958
18.4182
12.5084
8.20135
21.643
9.82675
11.9181
12.6061
8.9605
19.6669
14.1196
9.32158
9.44682
19.7853
12.2037
8.0714
11.4716
10.4432
20.8769
11.9766
14.4531
18.6071
17.7016
9.91023
13.0902
8.62856
17.579
19.0607
18.2866
11.8591
17.2794
9.39498
14.0039
13.9951
10.9133
18.6832
8.98564
21.7961
12.723
8.8295
8.92334
15.5778
9.87401
16.5169
20.1711
14.6159
17.6268
17.1754
10.6712
14.8217
9.93206
11.4994
9.47883
18.0884
8.00782
14.3916
8.86883
18.6178
12.593
8.89821
10.0307
8.57738
7.42171
13.6794
11.0872
10.8074
12.5803
10.8767
11.0071
16.4961
11.2496
8.02787
14.8996
13.5878
9.86464
14.321
10.4163
10.4129
18.256
8.48153
13.112
22.068
15.955
17.2338
19.415
10.9526
18.1355
10.6876
7.73065
9.48303
15.0509
19.8614
9.90043
10.2562
7.41833
15.9684
7.64656
10.7962
13.8028
9.68436
19.4273
12.0188
11.1261
7.72059
8.69719
13.5099
10.5371
11.0668
9.90282
13.0896
12.5876
15.5174
16.5557
13.916
11.5757
8.72832
15.3389
17.3059
11.4671
10.5071
9.34204
10.4673
9.63012
12.4484
13.501
9.82272
15.7519
15.4172
14.3367
12.1121
18.4062
11.6389
21.1117
13.3705
12.8442
15.4388
16.2269
8.4927
18.2501
18.8165
17.4372
11.6734
16.6403
9.97069
9.0254
9.16092
15.9172
9.97371
10.8828
18.7568
14.0717
13.5643
10.0847
8.95654
20.2503
17.8302
9.64929
17.6209
8.63966
18.9821
10.7329
10.65
9.46732
10.286
7.97191
14.872
15.6963
11.1542
10.5984
18.7748
14.1348
13.9118
17.7104
10.8667
8.97683
8.07357
16.5765
7.03837
10.932
13.2187
18.5779
9.78283
19.2739
18.401
12.0109
20.4714
12.6511
17.3168
18.5187
16.0385
16.5508
16.2933
15.2741
7.38155
13.8743
6.93079
11.3231
9.15898
18.5953
11.8109
15.6907
12.4165
15.0894
19.1801
7.98543
13.8227
9.92435
17.4422
6.95583
13.1164
15.9803
14.6118
12.1751
15.0158
14.9696
12.1431
9.01827
12.7625
8.87578
22.5331
19.1178
9.67153
12.8459
21.4395
17.1895
9.25792
14.7773
14.3497
11.3535
15.2743
10.922
13.6717
13.9826
19.5499
19.4221
13.2841
16.8016
10.4228
15.8864
9.05369
8.49971
8.14112
10.0492
17.1308
11.3687
7.94927
10.0336
7.01003
18.1448
11.0228
13.7674
18.2763
20.5013
12.7481
18.4497
16.4211
21.2187
18.4022
18.7514
9.9455
10.1242
9.83819
10.5025
16.9215
9.47731
9.96194
9.95004
9.59493
9.72251
16.3599
15.9667
10.0498
18.6004
15.056
11.6662
18.8723
16.9011
11.4386
10.8303
8.97412
9.6622
8.53776
9.52397
15.6182
8.73435
18.2618
10.7544
12.5936
8.62912
11.4466
20.5865
14.3895
17.643
10.4594
16.2543
14.5815
11.0916
13.872
10.388
10.2084
17.3336
10.586
8.85603
10.5624
17.3824
10.6738
12.0999
10.3129
14.1271
22.2911
15.0177
10.9457
19.2325
21.9257
14.8883
15.8488
21.7122
12.301
9.04268
21.805
10.8516
14.4141
10.845
19.2865
15.1427
13.8328
16.8289
12.9845
14.461
21.2495
11.428
17.4116
16.5731
13.0542
10.1143
8.9021
11.9893
11.8469
14.8551
16.5107
11.1188
8.27866
9.85627
17.9741
9.08336
18.4402
14.81
14.5417
12.7118
14.0536
10.4507
16.3112
14.4032
12.4038
11.9165
13.8948
10.0403
15.4197
11.2024
16.6728
11.5093
8.19327
12.6976
11.7111
14.4583
8.35507
7.57001
6.88746
10.2009
10.4426
7.80956
6.74813
6.57601
7.38223
9.9963
9.13576
6.84858
11.8401
8.71266
14.5928
16.3031
11.0288
7.26558
11.8804
13.2576
9.8274
12.4939
6.79221
9.45121
7.34733
15.0061
17.6258
14.2946
11.1389
11.1539
9.27446
13.1124
18.5283
16.515
17.806
11.5964
17.3019
10.85
12.9416
17.8819
17.6591
15.113
9.45365
10.5938
8.21689
17.1775
8.96527
9.54454
12.7936
18.4907
10.9894
19.2553
18.6829
17.4048
9.63761
14.419
15.2755
9.85636
16.257
9.70817
19.7948
18.6266
11.6059
13.5614
7.80827
13.913
15.9207
11.2659
7.4923
17.7058
10.9399
8.99082
10.9796
12.5261
13.9731
9.17616
8.42069
12.1517
15.6627
8.72767
7.5123
7.42136
10.6038
12.9071
19.2307
8.87222
16.0842
11.7021
8.07381
19.5962
11.4678
11.8452
9.6974
18.197
11.1778
10.8346
11.4364
10.2883
9.00387
20.5072
14.0118
16.4847
12.2363
8.29827
15.167
13.7943
17.2094
17.3347
15.9898
11.9863
16.6642
15.3367
23.6528
20.6172
17.6376
13.3143
11.611
16.1255
8.78015
11.3555
8.93584
8.45188
22.0874
16.2954
11.1841
9.04446
14.0023
8.51153
15.3342
15.6389
13.5735
22.4917
12.5792
10.2562
13.623
9.81177
10.3907
9.19053
9.77754
8.29434
22.6533
14.5265
11.0428
13.0339
14.5795
14.265
15.7667
9.95999
11.6192
10.3808
9.4427
17.1897
8.28382
16.6577
8.48635
9.90273
8.28238
8.87927
11.5302
8.72869
10.2593
10.3532
14.2561
22.4207
16.9255
8.94774
10.4546
8.92802
10.9963
15.4163
16.4434
8.79362
15.818
14.85
10.5484
9.88593
7.91971
8.56251
8.51435
16.737
11.0979
20.9396
13.5589
8.76677
9.61646
9.26202
11.2873
13.1097
10.7379
10.7323
16.0958
9.75867
14.6046
9.87274
13.8851
9.43979
12.6928
18.8035
10.0079
16.2419
11.2996
13.986
21.4958
21.1416
12.9973
17.5078
11.0694
13.0289
13.9918
10.4098
9.26431
9.73043
9.84576
8.48369
15.3147
8.91501
9.50723
8.893
22.2199
19.9653
10.5119
8.78828
20.1028
11.1071
9.27372
9.06724
18.3246
9.84729
11.0563
9.54181
10.9104
8.64366
9.67349
7.87838
14.4618
8.11447
8.14157
8.22879
16.124
11.2118
21.1306
10.1599
19.7096
11.6734
16.1283
10.8392
10.6999
9.25595
17.6011
10.0184
14.0098
16.2916
18.6505
15.4681
13.1972
12.0344
7.99348
8.91126
19.1737
15.553
8.00047
9.24022
8.46799
7.89603
8.05911
8.57438
10.9184
9.1754
7.98909
12.4847
10.1387
8.66714
11.9191
8.82798
20.5581
11.3047
22.3786
13.5114
20.9547
12.7276
24.1017
12.053
9.72382
10.0311
23.4677
10.704
22.8876
10.0887
11.4303
10.1899
13.5381
14.3987
10.5497
11.9609
10.7709
11.999
18.362
18.4172
12.4485
13.0208
23.072
15.2623
12.2932
16.8221
12.6022
26.5018
20.1266
12.8712
24.9918
13.4826
14.6086
13.3943
23.5559
13.7586
14.3635
18.6582
14.4241
27.0708
14.137
19.5759
16.3984
15.4509
17.5059
35.6657
21.95
15.3326
17.782
16.1248
17.2106
16.1317
21.4991
25.2933
14.6976
17.6598
14.5568
14.7013
39.0208
20.3482
16.424
31.23
23.1589
24.8759
16.2864
19.255
15.2897
14.8296
25.6092
13.9055
25.04
16.2868
13.3692
28.0971
13.2668
16.2239
27.1007
13.7884
24.3956
14.8211
21.7078
14.1658
18.7476
23.1251
22.5987
25.7997
14.1602
18.5498
24.493
13.4296
23.3687
14.665
18.3253
13.589
29.4953
14.7432
17.1341
16.0305
23.5039
18.2625
15.1875
20.8469
13.1136
14.0177
14.5239
13.7206
14.2754
13.107
23.8171
21.5571
12.8661
14.7899
19.9056
14.0422
22.26
13.0813
13.9229
26.2986
13.3917
14.8686
11.1956
16.9889
12.9986
18.6822
12.8796
12.0974
25.0715
27.8482
12.7733
13.7716
11.8152
12.8445
13.4324
24.4289
11.3308
15.1464
23.6713
12.6023
23.1624
13.176
21.5719
15.1037
24.4388
15.6619
13.1994
11.5874
24.0618
14.0631
22.6247
13.7886
10.6283
12.0184
12.2329
12.4671
11.9593
11.1162
11.79
13.8572
11.0487
13.1988
13.0738
15.4654
11.9441
17.47
20.6912
10.9586
27.0648
12.7972
11.1792
20.9839
16.9906
9.99069
18.6371
21.4546
13.4903
23.1207
10.6174
16.0741
11.6255
14.5985
10.6232
22.2374
12.9259
10.7518
22.7137
18.9441
11.9721
20.4337
16.4889
11.9649
11.5528
13.859
9.53038
23.721
10.5439
23.2763
11.8638
15.6617
9.34915
24.1902
12.7409
17.9753
23.4249
13.7461
13.6126
11.6111
20.7903
13.3283
9.668
26.0913
20.5831
13.3106
12.7918
13.9234
12.7501
24.4079
15.0285
23.9299
22.3476
12.639
14.0795
15.129
27.6062
14.034
18.8899
21.8377
13.8126
12.0527
21.0822
19.7716
16.0346
10.2752
24.5674
21.9064
11.5226
15.5126
11.693
12.0638
12.5085
25.2114
13.2843
12.1901
9.92994
13.5549
8.66408
11.5504
8.24706
10.0368
20.7768
20.4419
12.5571
16.3086
20.6664
13.8184
10.6557
11.1687
11.717
13.1009
18.6441
9.19676
15.7097
13.3989
19.8247
9.09169
21.1631
11.2226
10.3513
15.2857
21.5273
9.33569
11.0079
20.4019
14.5276
10.6289
9.41188
17.8971
11.752
22.5715
12.5125
13.418
14.8042
10.9433
11.0578
21.577
15.2917
17.4584
22.9717
13.6105
21.0004
15.2938
27.5764
20.8735
14.3931
11.9362
13.8713
11.811
12.1424
18.309
12.876
13.8302
30.9103
17.5617
27.4407
15.482
27.3208
13.8354
21.1039
14.1499
18.4426
13.845
23.9744
14.1857
18.0667
14.5488
14.0318
14.1503
25.4701
15.7792
23.555
13.9559
25.2274
14.472
18.0229
14.8341
17.9904
15.7236
13.7327
29.9139
13.8517
18.0276
21.014
19.2776
14.0962
25.7089
13.8616
20.8752
13.7911
22.0329
16.5233
13.1764
14.6662
16.9788
20.1169
14.7968
28.9823
21.812
16.3289
24.2129
13.2601
20.8356
16.9226
12.8412
28.073
14.586
26.8085
28.4919
15.2389
29.0387
26.4179
29.062
15.6017
13.7216
14.9554
24.984
14.2524
28.906
20.863
32.4012
15.8902
19.3135
13.0755
15.3364
14.1885
14.3878
26.489
14.5563
15.3648
28.3826
18.3286
22.2814
14.3023
13.9647
33.6196
16.3846
28.4069
17.13
21.0261
12.7489
28.7314
14.1847
24.8475
14.1658
23.2873
13.1102
17.5283
13.1504
14.4886
13.86
28.3269
14.731
13.2068
16.5394
23.7726
27.78
12.7442
15.5478
13.6722
11.8873
23.0916
13.2873
22.1026
15.8879
23.5068
12.301
25.3364
14.5251
16.3045
17.3119
12.7352
13.6357
24.5251
15.1522
15.9776
12.4462
21.213
26.0883
14.4649
28.0617
14.0602
13.2833
13.4751
15.0508
18.9667
13.4658
16.579
12.7302
14.1068
13.2576
22.0942
15.066
12.509
23.0949
15.8732
24.0206
13.4754
13.6447
12.8649
24.0414
11.4178
16.9523
24.7093
12.6875
27.1165
18.922
33.037
17.5041
18.6245
16.5959
13.6708
12.2462
26.1738
15.6228
12.4017
13.5693
25.597
28.1397
14.6434
13.816
25.1578
23.34
19.3571
14.0789
13.0923
25.5632
12.7375
22.5216
16.6764
12.9861
11.8956
19.6889
13.872
11.2016
22.3191
12.2233
24.3133
14.2857
13.8826
17.4688
12.9136
16.9181
11.5693
11.5951
28.281
12.6864
14.8917
20.8815
12.878
28.0954
21.7362
24.5258
13.7798
13.7584
16.8715
12.6137
22.8009
23.2399
18.7727
20.6648
13.4138
13.4601
32.4254
18.5542
26.6747
17.1106
13.2624
23.9901
24.6737
12.3522
22.8631
29.0224
18.7422
12.6826
26.5402
14.753
22.2981
13.7778
16.0236
12.0496
13.4452
21.3352
16.1109
13.8057
13.9264
15.779
13.1889
24.2956
27.7412
29.2488
13.1054
26.6178
13.935
34.6744
26.0902
25.6789
28.3197
19.6436
12.3521
15.7072
13.3597
24.3477
13.0074
28.2969
14.2522
12.4113
21.4534
11.9829
22.7293
12.2187
11.7489
17.2884
11.3604
14.301
11.6608
25.2063
15.9762
11.9502
11.6361
10.4652
11.5455
21.0178
12.9207
26.5057
18.0205
12.501
18.8427
12.302
12.7704
12.744
12.437
12.2813
12.3453
12.4067
12.9761
22.5585
13.7591
15.781
14.895
11.4292
22.3594
13.5838
22.6969
12.2815
13.1947
12.3982
12.9747
15.5702
23.334
17.1591
19.6645
13.1949
23.4355
12.92
11.9162
13.7079
26.4641
14.336
13.2243
28.3924
24.4346
13.8023
21.4817
13.7076
29.5902
15.0222
32.4433
19.7952
19.0426
13.3449
20.8196
22.566
13.9213
14.2727
20.1226
12.3976
13.058
14.0986
12.4703
29.2853
14.0211
16.5494
15.4179
13.9869
12.832
21.6335
13.0541
26.9472
15.7239
13.5671
13.1464
28.6933
17.1434
23.903
11.9466
27.7198
15.2409
24.9613
13.0156
21.1335
13.5696
18.5125
13.7417
16.7429
13.2814
16.1559
20.118
13.412
28.5301
14.2788
27.2686
13.9624
12.8825
23.7684
13.4231
13.9055
13.5961
14.3169
13.5694
21.8671
26.655
23.3849
13.5315
25.4958
19.2611
14.1423
12.127
19.1441
12.2164
14.6471
30.2453
15.2748
23.0478
14.6604
15.076
26.3124
16.9273
14.0714
15.3317
14.4554
16.1681
24.2453
13.4164
13.3621
22.734
14.3248
12.0882
21.5188
12.8361
17.1316
11.8133
28.8649
18.0935
20.8645
13.2301
15.7632
17.2185
13.8857
24.366
16.4872
13.6825
12.341
13.6634
12.0727
12.2701
22.0154
27.2935
18.2254
16.1202
11.5902
12.7136
25.3868
23.1122
18.5412
13.2959
24.3635
12.2586
13.2184
25.0038
13.2751
22.7578
12.5183
20.5351
25.3596
14.02
12.2526
14.3151
15.7486
14.0215
12.1008
15.8562
12.3647
14.2723
12.8722
15.2562
27.0429
26.5043
24.5874
13.1348
26.4776
13.1222
20.8789
13.2477
16.9743
12.8213
15.5161
12.2162
12.3716
15.1945
23.9951
12.6106
25.6918
14.027
12.6154
12.6827
12.3949
14.4411
17.155
24.332
23.3738
20.9094
13.2051
12.6226
12.3971
13.1491
12.1544
13.9418
12.8973
23.0423
11.7105
21.0805
12.6623
18.6923
12.6679
12.3018
13.8296
19.797
17.3473
12.6292
18.3739
11.6455
27.278
12.8933
25.4973
12.0122
12.6941
10.9075
13.8172
15.5134
12.2533
13.7459
20.9532
13.5196
12.9591
12.1695
15.9884
14.2144
19.9599
11.4555
16.8796
11.304
12.8358
30.0264
17.7242
12.5809
12.7039
13.481
31.1757
16.1875
14.8779
12.3701
12.5608
11.8819
12.9749
12.1645
12.1367
12.0259
11.9586
10.7744
11.099
12.2695
10.2194
16.1895
16.7494
18.882
12.2134
12.8873
12.0332
16.1266
10.8217
15.2851
11.2991
26.0342
12.7997
25.0503
11.6306
24.5348
13.7098
21.4569
12.8613
13.8254
29.2358
15.0814
19.3145
11.1833
20.5397
11.8572
24.9386
14.3628
19.6908
16.948
14.9583
24.1666
15.8001
11.6948
21.9215
17.5531
25.7236
13.6781
12.7588
22.5053
11.0455
23.7034
13.0608
11.3355
13.1051
26.1346
14.2944
13.028
26.3215
14.5002
17.6557
11.8596
11.962
13.2081
11.8601
26.0526
18.5146
24.7772
12.3842
16.0577
19.3524
18.2047
14.6796
11.2111
12.414
24.216
19.8584
11.0386
14.654
22.6371
13.6694
12.4264
31.0489
18.2118
15.6653
11.651
21.8276
12.8425
24.5585
12.4236
26.2196
14.1804
25.5326
13.3992
15.1767
28.9257
17.3699
19.0666
18.8455
11.2023
17.9654
11.0236
11.2121
13.0759
14.1862
14.1063
11.5366
12.9971
12.2909
15.0699
12.6002
12.4268
13.0587
11.6517
11.5756
21.9965
12.6651
16.2913
12.6643
12.96
12.3195
14.4946
12.8098
14.1917
18.673
16.6549
13.6327
21.4008
22.5115
12.2197
27.84
11.4258
20.3416
12.3091
19.1305
13.2256
21.2126
12.1352
20.0739
22.9962
12.6519
16.5959
18.9694
12.087
17.0467
28.7775
14.2227
21.0865
15.4019
13.1748
12.8061
14.8903
21.6397
12.7431
14.7636
14.2457
11.9654
21.5941
11.4219
16.4456
20.8646
11.5929
15.3944
12.7799
22.4016
10.948
10.9403
11.9121
17.574
11.7796
21.4034
11.6962
12.0048
12.5361
12.6187
12.5709
11.5039
13.8283
11.6401
12.0234
14.2666
25.91
13.8585
16.6426
11.7431
15.418
11.4534
23.1717
12.8558
26.9018
11.2791
27.7038
20.3193
12.8088
20.2137
22.5848
13.0184
16.854
20.3111
12.8554
14.3744
15.0814
11.9489
13.3279
11.8459
12.5084
14.3118
11.5213
13.2595
18.1915
12.8248
16.4197
19.7488
13.9103
13.2761
12.8249
11.0143
19.1659
16.0391
14.2426
19.2143
11.8462
13.0459
12.0655
20.3242
14.0238
17.7653
19.4094
21.1657
20.3257
13.2452
23.7217
21.8969
12.8028
17.7645
22.7866
12.0459
13.0334
26.3344
22.7993
12.7799
25.0533
23.1764
13.5333
20.2355
12.9948
11.7878
13.2213
16.6156
12.1779
26.2012
12.5674
22.7082
14.9567
25.1333
19.9921
17.7259
13.0949
12.7113
11.611
11.448
13.4618
21.9174
12.6636
12.8718
16.385
18.521
17.2649
21.0752
14.4286
11.8251
11.6992
15.7153
11.162
12.4473
12.5325
10.8057
13.1452
12.1572
12.4508
11.1689
22.1011
12.6264
14.7317
13.8157
16.4888
11.5225
14.7463
19.2703
12.3531
11.4773
12.0888
19.3025
13.0092
20.057
11.2035
25.5829
21.3469
14.664
11.0344
10.6797
10.3688
15.2305
24.6027
13.7197
15.0574
10.9024
11.3369
10.4141
20.2433
11.9431
11.6523
11.7489
11.4126
20.8682
10.3524
22.803
15.1644
10.8849
10.7433
10.1775
13.9218
10.4592
20.985
16.3755
12.0699
14.2452
11.6258
11.0431
10.5985
16.616
10.3302
11.2702
12.0986
11.2458
10.7833
20.5531
13.1136
10.2216
20.3052
15.9476
11.0987
18.5468
24.6417
13.3055
11.9724
9.90767
10.9647
10.4533
13.1455
20.9286
22.3902
13.3952
14.5229
13.8277
11.2147
16.3982
13.4589
13.0383
11.4412
20.4284
12.317
15.6907
16.0631
10.9642
11.5684
11.6673
11.891
11.2039
11.6332
23.6611
11.3049
13.0409
11.928
12.6141
23.5399
25.2416
20.3712
19.3603
11.4038
12.2009
24.2071
15.22
12.0426
19.5983
23.0247
11.5624
11.8306
11.2784
25.118
28.8891
16.064
11.3049
11.2253
10.6014
11.46
19.1684
13.0497
12.0097
19.9277
11.5996
14.3564
18.8973
25.4933
27.3332
15.9773
17.3432
13.2291
27.0463
12.9869
17.8841
19.2059
12.1148
11.2885
20.6203
10.9149
19.0118
15.5035
24.751
14.0538
11.6075
22.2868
11.1321
19.5954
11.9228
12.8552
24.728
12.9843
12.22
23.6768
12.3368
18.3024
21.4861
11.3981
25.3889
13.8638
12.7347
29.5335
14.8054
19.7481
13.1305
12.9374
17.1414
13.1409
21.9047
11.1919
26.2288
21.3015
12.7179
20.4477
13.0926
18.3555
20.7171
12.3767
15.6485
11.4556
12.6191
22.0121
12.1486
16.6835
32.0157
17.551
14.5958
17.4011
21.4309
19.8588
17.4774
10.8154
12.9166
20.3171
17.1032
14.3627
14.9986
11.9896
12.3765
13.2731
13.1312
19.6571
12.5878
16.6645
11.797
12.8698
23.3422
13.7856
12.9734
11.274
21.6789
16.2215
12.0095
13.5804
13.1781
22.1127
11.5201
12.4464
17.2789
24.617
14.9503
12.862
23.7228
12.8532
23.055
11.4097
15.6385
12.1009
11.7792
24.2134
18.3573
19.0571
12.2743
12.5851
25.5528
16.6765
12.891
16.1475
19.4508
12.641
22.6935
25.8555
15.8844
10.6897
12.3976
11.3748
11.2328
11.1616
12.1436
12.9953
13.3214
15.0316
12.4893
12.597
18.3034
11.7798
15.9481
12.3871
14.6914
25.1669
13.4156
25.0666
14.2849
25.9373
14.4172
12.0061
12.1503
12.1524
11.3179
11.9534
16.2063
12.3698
14.9185
26.0551
19.1076
31.1418
21.4161
12.9781
20.54
11.317
23.1437
11.5776
15.9166
11.1658
14.5731
10.4637
14.0569
22.4352
11.3128
21.8986
12.6874
16.5457
24.3975
13.8612
25.3355
15.2075
11.9093
13.6003
11.7479
11.7967
12.3134
11.776
12.8173
11.6818
12.0596
11.3236
13.3653
16.4629
11.722
12.7209
11.9358
11.2377
11.9529
12.5145
23.9468
13.0659
14.1128
11.6014
11.6839
19.373
11.4268
19.1082
25.3184
12.2346
21.776
13.3478
24.7251
16.8183
16.6177
11.8537
14.9603
17.673
12.2399
12.2052
14.928
10.5804
11.9209
13.3615
17.7559
12.8956
19.66
20.0411
15.0061
17.2558
24.9312
24.4408
14.3918
11.6324
10.5758
20.238
21.7577
13.6757
9.82472
19.8046
12.8013
12.6519
13.0473
9.74323
14.8898
16.9764
10.561
16.3193
21.2052
9.84161
13.8933
10.0641
9.88076
22.9558
11.8876
21.0237
12.4394
11.6123
17.078
11.8126
11.1611
21.2907
11.439
10.2023
21.4576
13.2605
15.3768
13.8834
9.79153
18.4659
10.653
12.0811
11.7494
12.808
17.3078
12.1312
22.4127
14.8911
14.3491
21.8142
16.0508
21.2832
11.3725
12.1644
12.7144
10.5029
16.4022
10.608
14.7411
22.4544
12.0031
10.042
15.8702
11.8825
24.3144
13.3212
10.1352
19.596
9.40074
13.224
10.4653
22.4513
14.4526
16.8821
11.078
9.92545
9.89092
12.3447
14.8791
10.8955
10.3615
10.4635
11.2954
11.7081
9.84943
9.83153
14.634
10.5872
10.3806
19.6319
18.7866
12.4743
9.15676
14.1668
9.73886
11.3883
15.187
9.1404
21.9094
10.7177
11.263
16.4812
12.2052
11.9395
20.3168
14.3487
11.4663
18.2343
11.0329
16.6582
14.8942
11.9159
15.8085
16.0324
10.4275
15.5279
10.5517
12.3528
14.6673
19.2559
22.9712
16.1695
24.0747
17.261
12.6408
10.8374
10.5821
21.9432
16.3738
10.9409
9.82451
10.9959
10.1853
23.0092
15.4752
11.2986
10.5882
8.74248
9.02189
8.95433
12.612
16.1753
8.78754
18.2488
11.774
13.6089
21.4085
12.0438
10.7127
22.0273
15.2189
9.29032
22.4067
17.8154
18.4266
8.4381
20.1598
15.876
12.87
15.7983
8.0799
8.9642
12.0211
14.1814
15.6009
11.8234
18.8497
17.6649
8.80821
10.9872
12.2747
14.3918
17.065
18.6507
17.2129
11.9268
9.26337
13.1303
16.7949
8.09669
20.8811
12.231
13.6221
19.1566
10.3032
10.9928
20.5829
13.5576
18.6654
12.6455
19.8566
15.8949
18.2292
10.2132
10.8491
17.7415
16.6811
17.382
8.66544
10.4177
21.0838
19.778
14.5138
15.7928
13.4197
13.8095
19.0493
10.9212
11.0942
9.51048
8.51817
8.64046
9.32126
9.9248
9.34963
12.4758
10.7237
15.386
9.32703
10.7276
8.90996
17.2676
22.1257
12.531
18.7093
8.7311
19.179
13.2856
9.15437
12.3751
9.94751
18.9622
10.2562
21.8269
15.7383
10.9784
9.22191
20.0939
12.6725
11.6665
22.1859
11.3725
21.7431
21.0125
13.6012
9.90782
21.0516
16.8884
14.5352
13.0978
21.6314
18.3201
12.3117
11.4335
10.2756
15.7911
17.8506
18.8741
12.7971
9.97606
11.8007
24.3881
15.8661
11.7795
9.71415
11.2375
10.7472
10.2913
19.328
26.0519
13.9074
24.4959
11.3818
17.6303
9.38639
15.0639
20.8476
13.3271
20.3394
11.7408
17.4605
8.93393
13.1615
10.4062
14.5734
9.00253
19.2267
12.5439
21.0057
12.5535
10.1523
8.94355
22.3156
11.4062
10.3368
9.49172
14.6472
9.82285
19.1385
10.6389
11.403
9.7018
15.4032
15.9523
22.1009
9.96429
14.6806
10.0842
11.4349
22.1021
16.5289
20.2467
10.7262
9.87912
13.3788
12.3596
9.57488
12.4618
11.0023
9.40526
10.2818
20.0014
11.07
15.7511
12.3947
9.3606
19.7354
10.2107
24.6662
13.4277
11.0516
10.0192
10.8356
10.0483
9.54051
11.4099
9.14966
8.82314
11.97
12.2715
9.62709
11.2361
9.71044
12.0975
13.4259
11.8262
18.7001
10.93
8.17913
11.6075
9.95008
10.3754
13.6155
9.28921
9.33051
17.3789
19.6769
11.4304
16.4897
10.7808
8.96559
11.9524
19.4868
13.0225
20.9056
9.24737
22.2177
14.2182
16.0216
10.6116
10.3772
10.5866
8.88931
15.8758
21.8845
16.147
13.2429
16.5903
16.5469
10.6011
26.9256
24.4977
18.1615
10.3834
14.6383
10.0814
9.37733
22.4818
15.1737
18.3997
20.1866
15.2489
10.0588
9.66273
11.545
15.0526
9.64003
11.3428
8.81324
20.8281
12.3048
13.4037
15.5863
20.6799
11.4355
20.3883
9.15645
17.5674
12.3238
14.9595
16.9619
11.2771
16.7441
10.9617
21.2186
14.4851
10.2548
24.7706
14.8728
19.947
9.70284
20.9838
13.5561
17.8466
19.5775
18.574
11.6904
14.9017
12.5875
20.1212
21.5848
11.9637
10.254
20.1434
20.9722
13.6468
25.5871
22.8281
13.4072
20.1473
10.4261
21.9037
13.6674
11.0777
12.9296
10.5028
15.9077
10.7891
13.9855
11.214
15.285
12.66
10.4038
10.8277
12.2784
11.1894
24.1546
16.3401
21.539
11.6116
24.2728
12.6294
10.1978
12.7599
10.5755
22.8329
22.5188
22.9125
12.399
16.6116
11.7384
10.5297
24.5709
12.7195
24.2803
18.4908
11.3117
11.5076
12.8882
32.6869
17.4477
20.7647
15.2854
11.6859
17.1029
11.642
20.2859
12.3696
16.5341
14.2494
19.3241
12.5903
13.2905
11.2862
25.9053
19.7671
13.2252
10.6779
18.8347
14.2322
11.7154
20.9275
23.7076
18.1164
22.3784
14.2773
16.0663
14.3728
12.0158
21.1426
12.0619
15.2564
12.7028
12.8612
12.1993
12.3209
12.7907
12.3595
16.7361
25.9668
16.1685
26.0742
13.5014
18.59
11.8971
12.3339
13.8945
11.794
14.3964
13.1517
13.4004
12.241
11.8385
13.0028
22.5846
13.4006
11.9087
12.514
14.2251
12.1733
16.2012
11.9043
11.6536
12.0615
29.6756
13.1379
17.8358
13.6908
11.4525
11.5001
16.3469
14.4317
12.0222
26.453
14.9809
25.5654
22.274
12.5767
12.5939
12.0501
13.6376
21.4695
24.3105
13.1853
25.1314
12.5984
11.7215
18.172
11.5958
20.8817
12.2683
17.4663
17.9242
16.9938
12.547
15.6165
27.1927
22.2684
14.4383
11.2144
25.9554
27.0634
21.231
27.7361
15.0765
12.7283
17.7525
16.0519
12.09
25.7834
11.5604
24.7291
12.5909
13.5988
15.7951
12.1493
26.6332
28.3296
14.5041
25.487
13.5693
21.928
13.2943
20.4235
12.646
16.7244
12.8462
13.041
26.1981
14.5624
25.4824
13.294
11.5731
11.4311
12.6751
14.0241
11.9772
14.2723
12.1535
20.7579
19.7302
13.1173
14.4823
25.1001
14.1231
13.8487
12.1531
15.8564
21.9435
13.5252
13.6604
14.4675
12.7341
27.1612
19.1684
12.8702
15.385
12.6276
20.4289
12.8829
25.2542
13.8118
12.486
11.7089
15.6103
12.6418
12.6137
19.4784
12.5501
26.5912
12.8194
14.1813
17.254
20.8558
14.0793
17.6781
11.7921
23.9909
13.1569
12.2769
12.4254
23.3926
11.8803
25.8669
13.8803
13.4532
25.3375
12.5762
24.9925
14.1405
13.5676
13.3852
12.2608
14.0657
13.273
13.0671
12.9529
21.1415
26.4085
15.3463
13.2783
12.3216
12.2079
28.881
20.9482
12.6144
15.4748
11.2069
12.8619
11.5155
14.4681
26.6295
13.498
27.7838
21.2417
21.2985
12.3783
22.1406
13.2522
16.9476
12.4402
14.9437
11.5776
12.7331
15.2393
12.6067
13.1213
12.2979
12.774
14.4548
13.1132
12.0281
15.3928
30.4828
13.8788
24.4394
13.6824
12.6728
21.5174
12.5952
12.1881
13.4942
14.2884
23.5506
17.4683
14.8163
20.6641
11.3958
14.0047
24.9734
16.6322
11.4184
15.2034
12.3381
11.5385
12.7346
14.98
22.3133
13.8764
21.4675
25.3074
16.1153
11.5782
14.0325
11.6407
26.6314
19.7096
11.3453
10.2343
15.2134
11.043
12.298
23.6274
27.272
11.9073
25.6099
10.2891
21.4708
11.942
11.8018
11.943
10.4301
10.5388
14.381
10.518
17.6107
10.6695
12.4549
11.4505
11.9296
23.6864
22.9796
22.1245
18.6772
10.8744
11.5524
13.2607
13.449
10.8451
12.2587
10.7706
22.1451
15.7993
11.8012
14.0969
22.025
14.8593
11.8108
14.0044
12.1704
11.8199
11.241
15.3158
13.2071
10.4626
11.6953
13.9241
11.5437
29.4883
13.9176
31.7933
16.4748
12.7904
11.8933
10.7576
32.5819
21.1336
13.3034
22.4996
12.781
11.4024
12.1523
14.4656
11.667
15.9106
19.6777
11.6392
21.1886
27.3269
15.1613
26.1847
14.2059
27.2443
13.3185
21.7293
11.935
28.4533
14.0859
13.719
26.0067
19.9429
16.8658
10.9393
22.7017
20.3627
20.6876
29.3555
14.5834
19.9787
13.5939
13.1141
20.4942
11.0643
14.2725
19.7081
9.87217
24.751
23.0241
16.069
15.0222
17.3269
15.6957
11.3133
15.0628
9.82526
11.7947
9.84032
10.2447
10.1411
21.7896
14.2919
12.5004
12.2851
21.5658
18.0461
10.3824
13.3742
23.4269
24.8968
25.2676
12.5199
16.7804
19.8352
11.9998
13.8207
24.9105
13.5448
11.0095
16.0558
21.5801
11.8924
17.2303
12.463
10.9351
22.5656
16.4683
15.4031
18.7878
18.559
11.207
13.0051
23.1196
13.9993
13.5924
11.1369
11.0242
11.9673
23.364
11.8582
24.5516
17.1712
23.0105
15.0966
10.5477
15.9076
10.2769
10.8511
11.1225
12.1147
10.4328
27.0977
23.5431
12.7827
23.6377
16.4341
9.87452
11.0369
8.92062
9.84612
10.6959
8.89971
9.7049
23.0528
14.5498
13.6972
12.259
11.009
23.5365
14.7313
10.3115
13.2676
11.9622
15.7921
15.603
19.4887
11.8392
9.27247
17.1137
13.7177
10.0312
14.6236
13.9955
11.4898
9.51754
9.42681
15.1124
10.9806
20.5278
15.3171
9.98643
10.1495
18.3997
9.52453
18.4014
12.0386
11.0042
11.7757
11.4325
10.7765
11.3905
17.9357
14.3069
9.3154
10.9106
13.0965
9.37217
18.8128
9.95373
11.2776
10.9854
9.54396
20.1882
24.0529
11.2911
20.6639
20.065
18.6894
11.7023
14.0093
19.7227
9.44677
13.5582
20.6368
17.7728
23.7745
11.2814
24.4238
13.49
14.328
9.96391
18.3478
12.1827
10.0339
9.0425
9.45356
8.56445
12.7182
21.5253
13.8007
9.18376
16.5307
9.4156
9.91979
12.5288
9.66919
9.64732
9.31522
11.3786
9.62402
17.6932
9.08187
15.3833
8.92968
18.6872
11.3704
20.0047
13.2691
8.99367
9.77022
11.0458
9.89418
14.6275
13.5359
23.0727
12.4386
19.5276
9.84247
22.0017
21.6426
10.104
14.9414
23.416
12.5962
9.70483
10.7056
22.5646
14.7284
18.1648
8.77715
15.9397
11.683
17.7711
10.4189
16.0378
15.2462
10.2591
9.8059
9.0624
9.39047
11.1425
9.4554
17.9046
11.7474
23.3128
13.8222
10.4163
13.5932
9.187
20.5095
14.3567
16.0529
9.80228
12.9333
19.8285
18.9515
11.1129
12.1594
14.2952
10.7076
12.3182
16.8282
27.1192
22.393
11.7894
10.3854
11.7101
11.1592
10.2853
20.4826
19.9642
15.8588
26.5023
11.3194
10.7227
13.114
11.2666
24.3225
25.8117
22.5851
11.2667
15.5982
22.9112
10.7825
12.6802
10.8945
12.2593
16.2016
24.2498
16.2143
16.2312
23.703
20.8057
13.1244
22.0262
10.936
11.6213
11.3609
10.9419
12.1435
12.1229
18.3642
13.5171
12.8219
13.1758
11.4383
13.7597
10.5165
21.3974
14.1504
11.5963
14.3867
12.3037
12.908
28.3727
19.4418
17.1762
27.8048
25.8556
19.0247
12.0655
13.1088
12.1586
13.4152
12.9047
11.9038
15.8745
24.8688
12.8402
15.822
27.606
16.6294
23.6042
14.0086
22.1459
13.029
22.4266
16.1942
13.2121
11.4492
15.6548
11.7372
19.5194
11.6574
13.8011
13.9552
11.4956
11.8948
12.3374
10.9044
11.8332
12.1238
11.1674
15.9162
11.6758
20.2422
14.3309
15.1349
10.994
10.3329
20.6548
14.6839
11.4319
27.6706
26.2106
13.626
21.2233
12.9374
13.5641
11.2298
23.0042
13.2379
11.2528
11.0762
10.1903
25.8884
14.377
20.04
13.5795
9.91704
18.3737
11.6123
19.8603
12.6572
13.4689
14.8055
10.5731
9.98441
18.7398
12.1852
13.9231
9.72858
22.7357
10.398
12.2687
10.1293
10.2999
16.2565
10.8744
10.2814
18.773
9.53502
16.5206
9.83729
13.9062
9.82776
18.6921
11.6191
9.93642
11.8375
9.68563
16.9081
9.96678
15.0693
15.1022
15.1217
10.8237
22.8
17.9174
20.3006
11.8772
15.0098
13.8941
20.3584
9.8575
14.9344
10.0724
17.8834
12.0076
11.4282
11.1935
12.787
11.1732
16.4114
25.3255
15.7596
15.1576
20.1992
10.6844
11.0048
17.9114
13.636
10.1858
22.7603
17.5297
21.3229
15.4861
21.5342
15.3687
10.6218
17.6064
12.243
17.4782
21.4512
19.7716
11.6659
9.98631
23.9642
13.4236
10.0366
10.9075
10.4589
14.0958
11.8554
18.145
10.2158
10.7855
10.7464
12.1686
14.3695
11.0215
23.1668
18.2539
11.4966
21.7053
15.0343
11.3511
11.7359
18.658
12.3804
15.2728
11.8666
13.1657
20.479
13.8339
23.5877
13.8984
10.6079
26.1623
23.5633
12.1672
15.9879
11.2848
10.7753
10.9325
13.0911
10.3998
12.8387
10.2195
12.4227
11.6343
11.8838
27.4781
26.3736
20.1325
27.8867
17.1181
24.2742
12.0801
14.745
15.4481
11.9829
23.9959
12.5987
20.6487
13.5863
12.6726
11.0618
21.6541
15.7901
11.3601
10.3549
14.3914
11.0978
10.8583
14.2779
14.554
22.187
12.4027
17.0684
15.7904
10.2958
20.2696
13.7625
20.6035
16.3472
22.7732
11.9976
22.5206
18.344
11.4253
22.3364
14.1731
11.5202
14.5285
24.1462
25.0332
16.8025
13.3177
21.3509
10.5806
13.9584
10.3053
12.5458
9.09863
18.7637
9.88867
21.7532
14.7557
12.3539
26.1613
15.136
9.46091
9.31746
13.1791
9.9843
13.3389
17.0051
12.0336
11.2243
8.91815
19.0592
9.15318
12.2026
23.1769
17.2205
13.5636
13.4003
9.05996
15.6679
19.3928
15.4633
17.6376
13.013
11.9292
21.2485
18.9354
10.1923
9.85835
11.7986
11.2559
10.4452
13.2828
12.8067
11.9339
10.0923
12.3169
12.228
16.7745
26.9451
12.2882
15.3232
15.1207
10.1346
10.8569
11.3951
12.876
9.76621
17.8841
14.262
12.7966
13.397
11.9905
23.1691
15.4744
15.4349
10.6497
11.2424
13.8776
15.2017
9.18762
13.2317
21.1756
11.7098
10.9834
9.96275
13.4009
9.78544
14.0332
9.64916
9.73183
11.926
10.2568
13.5604
12.9567
21.766
19.1632
11.1856
13.003
10.0992
11.1558
21.0576
10.4681
21.8067
15.6864
13.5958
8.72525
14.9768
10.1462
11.7167
9.59497
16.982
11.7566
10.8096
11.4484
22.1529
11.1071
17.2967
22.8262
25.3606
12.7561
21.7981
17.5038
12.2718
15.6736
13.1564
23.3224
11.2311
10.4285
10.6841
13.8251
10.8149
10.6876
11.1834
10.7085
10.6731
9.95283
10.3203
10.4498
10.7238
9.80556
11.3982
18.406
12.5674
13.7562
19.1037
11.7252
24.1093
15.2348
13.4994
10.8034
13.5373
10.522
12.8468
10.3988
12.1591
22.3513
11.6936
10.7384
20.8528
11.9195
22.7593
13.0337
12.0682
10.9645
11.4038
11.35
14.013
21.4188
17.0008
10.1387
11.2646
11.782
29.0576
19.4788
15.6116
22.2082
11.1691
23.7339
27.0029
19.4396
12.1422
23.6553
13.7674
20.6586
10.1519
22.1253
11.9165
20.0283
10.0735
13.3854
11.2179
17.9437
22.6988
15.0966
14.581
21.5672
17.6528
18.5589
20.4961
10.6964
19.7548
12.1463
19.0769
9.86529
18.5203
10.2956
13.7025
9.18343
10.6676
11.7112
10.3587
10.7936
9.79988
12.8674
11.5741
12.9601
14.0719
13.8177
10.7881
9.79758
20.2911
11.3622
23.5734
14.966
10.9083
22.4722
12.1229
12.4931
15.5536
11.959
11.6196
11.1356
10.6426
20.7704
10.8788
22.3027
10.562
21.4954
27.1504
23.3622
14.3965
10.5524
10.7955
14.8069
10.6938
10.4255
19.084
11.6986
24.9239
14.5618
19.5614
12.3908
12.3083
18.6027
12.3152
12.6059
25.0645
14.6074
13.001
24.7794
19.7787
11.5649
12.24
12.834
11.8121
14.5154
12.0014
21.6785
12.3959
15.4352
22.7428
12.3047
26.0684
14.131
13.7531
27.0767
21.3102
12.5958
27.8886
14.1678
14.534
16.7601
12.7901
20.9729
18.7477
12.0397
25.108
13.5483
25.0568
13.6523
30.708
14.6549
30.8582
22.4821
30.1952
23.2995
22.7738
14.8783
12.4026
12.741
12.2914
23.916
14.1981
15.2824
14.2687
12.6757
13.528
28.8193
27.8928
13.4922
22.8478
13.2299
17.4128
20.4183
13.5918
16.9461
16.8585
18.3183
13.0177
13.8798
27.6907
14.545
13.5567
21.846
21.8922
18.0613
12.9532
19.0677
13.6813
14.372
13.2592
12.8237
12.7646
17.1317
14.9638
14.2667
12.8863
12.4226
26.3056
32.7222
26.8157
13.3239
31.5374
16.4792
23.6518
19.9714
12.0927
13.0291
25.9491
20.4185
14.5629
15.9079
13.2201
12.9977
28.6163
20.0909
26.867
28.3776
22.0767
14.757
18.3232
23.6619
13.6579
24.7936
14.1042
23.9137
13.3382
25.7237
14.2143
14.9277
24.1968
15.8582
12.9316
22.1004
13.8413
32.7595
19.2879
25.2103
15.404
13.8824
22.3798
12.8168
25.211
14.4189
15.9638
28.6414
20.2454
20.575
13.757
27.6295
13.9589
13.2577
11.7738
27.6015
14.8131
12.1809
25.5468
26.5313
13.2411
13.7426
29.3764
26.9292
15.3135
12.3228
21.3227
12.8999
30.5406
15.3127
23.8487
13.2138
16.7195
12.7503
20.3419
13.0242
15.3855
13.2859
16.7658
18.5603
14.1915
13.9418
14.7101
15.1463
13.2734
13.503
18.3872
21.8033
13.6765
25.1487
15.1883
20.0209
16.8306
12.6703
18.4512
14.034
12.7875
12.9444
26.3221
14.4916
13.7082
19.3008
14.055
24.923
20.8299
18.4626
13.3907
23.2294
14.2168
18.0918
14.7478
12.9359
13.7184
21.5264
13.1968
26.0927
13.4732
22.4233
13.9588
14.3711
16.9604
13.4748
14.422
16.4013
13.1531
27.8066
14.4167
27.4559
14.5462
11.9044
17.9405
13.6965
12.6059
24.747
14.6936
25.8319
13.8457
13.158
28.0973
17.1538
27.4008
24.2547
18.9359
12.9813
13.0418
14.6447
13.189
22.6293
17.5838
18.5037
22.1765
11.7058
31.5861
16.3087
11.7695
14.0479
12.1141
13.8957
13.1753
12.8786
21.3048
14.6695
12.0147
12.4288
24.1334
14.5327
18.9473
12.4914
24.9252
23.3691
15.7073
18.8154
20.1968
12.3236
15.3654
21.0163
11.226
15.8878
11.3306
14.2389
11.672
24.825
20.7289
12.3601
11.7886
26.6756
12.2552
13.187
19.5892
16.6793
12.5084
19.6278
11.0998
16.7296
22.6092
21.1717
12.7201
12.6733
20.6144
11.7638
26.1317
25.3376
15.2141
14.4326
12.1919
23.7762
14.3296
11.8347
12.9697
13.232
11.5521
12.7224
12.3685
26.0205
19.1319
12.4041
11.6261
18.3158
10.9442
12.6552
12.2206
13.3867
19.5422
13.577
12.0737
10.8151
12.0423
24.688
23.7269
12.0125
21.8046
21.7233
14.9016
10.8409
11.15
12.065
12.1448
11.7549
10.716
12.332
11.991
12.6037
11.3234
11.3402
12.5505
13.2515
21.9985
11.7512
22.4166
11.581
22.7282
15.2877
22.2578
12.6848
12.9258
19.5743
27.8277
25.9337
13.2336
21.6073
18.9921
17.1839
20.119
11.6309
18.857
11.7014
11.9317
14.7865
13.9883
11.762
11.1357
13.7049
10.7355
12.5556
10.7001
18.0595
11.2449
21.6475
11.997
14.2471
20.3777
21.6424
12.7574
12.0402
22.7335
11.9936
12.8187
14.2737
11.56
21.6291
12.7416
15.613
14.1604
20.92
11.9978
24.343
13.3528
17.3186
12.4596
14.6505
16.6132
12.2305
14.9516
12.3115
11.5165
13.3413
17.637
17.1666
17.2818
12.5138
12.8425
12.4394
14.9823
18.5892
11.004
14.8983
10.7969
11.9629
10.3018
20.1428
12.2012
23.2619
11.7228
10.4293
12.7388
15.4119
11.7032
17.673
10.5272
12.4723
12.391
10.1561
9.65193
10.1173
26.9449
13.9381
11.0489
9.20635
15.676
20.8574
15.7223
21.2681
20.4617
12.4368
23.1253
11.8454
11.2424
11.8392
20.3955
24.3717
14.4463
10.3029
10.9023
21.0094
10.2336
22.1336
16.1658
15.724
10.9911
11.1701
12.148
21.8025
11.4741
11.5601
13.5563
12.1346
22.9403
12.9252
24.2316
14.9055
10.6754
10.7923
12.9111
13.0149
19.3879
15.5241
11.3837
12.2898
11.5815
19.6244
18.5741
11.8689
10.4012
26.2474
29.549
19.1475
24.6098
12.5185
25.1155
13.5075
26.8459
14.9019
11.6389
15.195
22.0924
12.6031
11.7492
12.3429
12.0834
12.4051
23.0591
21.5267
13.614
15.7757
11.9988
11.7345
14.763
26.8495
14.5463
13.0941
12.3546
12.6867
11.877
11.1429
14.142
11.4272
16.8267
12.69
12.9148
11.2599
23.868
14.3044
18.073
16.4806
23.6565
14.3353
27.9521
12.8421
14.0687
19.1018
15.051
15.0822
11.8971
11.015
16.4395
11.2292
14.162
16.7612
11.7438
12.2752
30.1426
23.4043
28.5557
14.9075
11.5402
13.0924
20.52
11.0196
19.1786
13.0145
15.6473
12.8863
17.485
13.0555
10.4945
17.6728
11.1366
10.2249
22.3748
14.8991
11.9775
10.8068
18.8622
12.4016
11.7814
13.913
26.105
17.7454
12.198
22.2994
21.7004
12.4044
22.658
12.945
16.5945
14.1601
20.2203
16.5672
12.5952
12.38
12.9173
12.4089
14.3545
10.9856
27.0348
17.5487
23.7585
13.9429
22.1986
15.7366
20.3379
15.4413
17.7604
12.445
13.9131
13.3217
12.4606
14.7285
18.2889
13.7829
22.6169
29.9937
17.4934
13.8544
12.4777
29.8208
16.2002
32.0936
16.7769
27.775
13.8476
14.2541
12.9058
20.0306
29.7558
20.5285
11.4747
12.0414
14.6616
11.0702
20.1976
12.7443
20.3141
14.5532
12.8931
12.0859
15.6349
20.4353
12.3801
13.3435
13.0606
16.5767
23.2422
15.2167
21.2408
11.4403
11.2189
17.5329
12.7631
23.4302
12.3133
27.406
14.6919
13.1097
17.1549
14.355
13.3689
13.6406
13.6396
13.635
12.9688
13.2803
15.7217
12.8576
14.2079
23.9557
13.3592
12.9416
15.4581
20.0581
21.9371
15.2485
25.612
12.7337
13.7119
26.002
13.786
16.2871
12.841
13.1501
13.1952
17.4613
28.9588
13.1164
10.6588
21.9062
27.8474
14.02
24.9345
14.2752
20.9393
18.3495
12.9288
11.5468
14.205
13.4915
24.8549
13.6688
13.5244
24.3258
14.6621
26.887
12.8867
15.5687
24.2883
17.3685
15.2817
18.5002
12.9894
13.3249
13.3004
23.4391
21.0979
12.7245
15.4573
19.0579
12.9266
15.3611
13.8503
30.979
16.248
15.012
13.8152
13.3571
25.1943
14.6404
16.2177
16.9787
25.4243
23.5373
25.4358
12.2907
16.6123
12.4813
13.0709
11.971
12.5351
21.2173
12.0023
25.2533
25.2849
17.6246
15.4843
12.8989
12.1764
24.4497
14.4743
25.4994
13.7998
13.4788
13.5293
13.9166
26.0975
28.2346
16.0433
16.62
14.8406
17.3191
13.1792
14.1295
12.8098
22.1714
14.4556
15.1647
26.1715
14.0693
21.7574
18.0142
26.2922
13.9777
14.1885
14.055
12.1284
27.5671
13.4626
28.1837
17.0758
13.6858
22.7942
13.2029
24.1848
12.9777
23.4103
18.8505
15.2535
17.3336
28.8373
14.2164
21.892
14.5279
16.0118
14.5498
23.9615
13.3194
29.5469
26.8879
16.1461
21.2476
24.874
14.465
30.2185
13.8934
16.3552
17.4176
13.9887
18.6347
22.4469
15.0273
14.1989
14.7953
14.0296
13.1171
15.1656
13.4516
17.5096
13.8192
13.677
28.902
17.2652
23.791
16.3705
13.929
26.0873
13.6104
26.9657
13.843
13.3347
12.9607
14.3
20.5755
14.0118
15.9393
12.9271
14.0923
13.862
12.9801
12.6908
12.9042
21.6637
18.9476
24.9985
15.3587
13.0878
13.9389
18.5519
28.1365
14.6333
27.4341
14.2819
21.8148
13.3659
26.8451
17.1009
23.7706
24.1292
18.6981
13.3862
17.5895
14.2288
17.077
14.8217
18.6003
31.5767
16.0298
13.8737
13.5427
13.5898
28.2037
14.9199
14.0993
25.7378
15.8324
28.5084
15.6769
12.2909
18.0664
21.0562
12.5781
14.2563
14.8191
12.407
12.895
14.5484
12.9023
25.8052
14.2486
12.8306
23.4509
13.0834
16.8754
12.7213
15.4869
12.6328
21.1215
14.7345
13.2975
11.4553
13.522
22.6527
14.0016
11.8421
28.4766
25.3902
12.7709
11.7397
19.8744
12.8074
16.5647
12.3209
12.5738
13.5944
16.7733
13.8642
13.6115
12.3537
12.8049
20.6338
15.5781
12.0905
16.9561
11.7914
12.4729
11.8085
13.1733
11.9874
26.438
23.2183
13.3376
26.442
25.6293
13.2996
15.7136
24.647
12.8341
21.4867
11.5014
26.1818
23.5348
12.1425
14.4306
14.3672
11.1284
18.2742
21.5869
13.2292
12.0926
18.1892
11.7961
15.7873
13.3933
16.6785
13.1727
13.0183
14.203
14.0353
30.244
14.0747
18.6366
15.605
14.7649
11.2151
12.7563
11.9727
14.0137
11.9313
12.2747
11.1772
11.1471
12.2806
11.4672
11.8467
13.3075
11.5832
13.9872
12.4268
11.9644
12.0794
26.1237
19.1426
13.5642
13.6389
16.6421
11.2537
17.8087
20.8909
10.8619
10.6788
10.3558
12.4324
20.1343
11.7644
20.186
27.4366
12.4233
11.8739
11.8703
10.6838
21.3692
11.5754
26.7179
20.1461
15.8283
11.4834
11.2749
11.2015
12.5453
9.70795
13.2025
11.0388
24.9375
12.3723
10.7606
13.6524
12.4427
20.1459
12.0191
10.1129
19.9143
21.2797
12.3283
13.7114
12.5609
11.8714
12.0393
10.4792
11.7863
11.0667
10.488
12.8277
11.1329
13.7421
21.3249
21.1621
15.4516
11.465
10.8215
14.3388
10.2467
11.2453
10.9374
11.455
10.7113
17.5108
28.3775
15.6192
11.7386
10.4302
20.7687
10.5793
11.9502
12.5478
17.9017
17.644
13.7964
22.5667
12.6271
13.9417
10.4353
13.9043
11.6413
22.9132
26.0746
14.7064
16.4325
18.3101
10.7356
12.7143
11.3998
25.7225
14.281
16.3571
29.2539
26.5089
24.0764
13.7301
12.256
11.526
12.3497
27.9084
16.013
20.7611
23.9783
23.9329
30.0103
15.8083
28.5555
15.5722
20.5652
11.9888
13.4276
22.8514
30.5568
15.2958
11.469
13.4286
11.9008
25.5152
28.011
15.1382
11.6797
22.6612
12.3324
13.7969
12.1528
13.484
11.6691
13.2137
13.2932
11.9666
14.6326
14.5395
14.7591
25.0344
24.2563
13.8467
25.2486
17.9704
12.8147
31.1105
15.0353
14.1557
18.1314
27.5034
26.722
25.7114
26.8972
26.4254
18.1758
16.424
13.7917
11.2095
15.9115
13.6571
12.5659
11.4906
14.6398
11.0522
23.2515
25.4454
15.2438
13.7405
17.0257
10.4213
21.6635
10.4626
20.9552
10.9395
17.8009
9.62389
11.8273
18.4997
8.92048
19.6135
10.4438
9.86726
12.362
11.5565
12.1337
15.4379
8.98669
10.8824
12.8642
16.675
11.7789
14.3156
21.2525
10.8437
19.7375
11.6004
24.4834
14.5958
15.8696
14.2334
15.7897
18.2413
20.636
16.6974
21.2752
10.2604
12.7133
14.0379
10.1578
12.8468
10.6857
10.5313
9.18486
10.2247
11.1161
19.3793
10.8499
9.77029
14.1627
9.81109
11.1841
15.8096
9.94715
17.8059
11.9831
19.9123
11.7174
17.8243
11.097
10.7547
14.3618
12.8026
17.5952
11.3396
12.4427
9.98748
11.5592
21.5332
12.8453
12.6578
11.6209
10.0022
15.6845
11.3932
11.9321
10.0166
16.0734
10.7146
16.2135
14.5598
16.5716
16.6467
11.7516
13.1551
18.3317
9.8359
11.3389
26.6912
19.4858
11.9689
23.5881
13.5832
11.5437
12.0215
12.3665
14.2582
11.295
21.8609
12.3916
11.9725
10.7733
22.5806
17.0917
12.9013
9.9256
12.6294
16.4764
10.2583
11.2333
22.5665
14.6567
11.3925
21.5962
26.2075
15.4113
19.8096
13.3917
10.8737
16.7549
17.4687
16.0304
10.5481
13.8097
23.119
15.4042
23.709
12.8744
14.2806
20.0803
23.4057
13.3067
18.6795
19.8736
9.68448
12.5334
12.4327
17.2652
10.5634
21.4661
19.5507
13.1115
11.8898
8.40985
22.0951
12.7044
11.0437
14.9056
10.1793
12.4932
9.29914
12.4002
19.8465
15.6864
9.38952
10.6744
9.25685
19.288
11.4889
10.1783
19.5628
9.28862
19.7782
21.0616
16.6142
11.2225
9.77075
23.1132
13.2605
17.1779
12.3362
13.5524
9.61058
10.3609
9.43734
11.2599
18.8523
19.0123
15.4354
10.797
13.7487
10.4591
10.9629
14.0749
8.95191
10.8024
18.7234
8.19227
22.5567
20.2287
14.4733
12.5029
17.1815
13.6987
13.6156
17.3586
18.2786
8.30507
18.5203
10.7504
20.6835
9.5932
10.2707
13.8913
18.1773
10.5824
9.06566
11.8963
18.9625
18.7154
22.565
11.4614
19.6529
13.6162
9.32728
9.96162
14.3277
19.6635
9.90325
12.5251
13.1258
11.1525
11.2508
16.8487
10.6814
19.9389
13.6267
22.0076
10.3739
11.1734
9.76366
14.7806
11.8668
15.2361
16.5097
11.7951
10.6925
13.5967
9.94543
9.15518
18.1304
11.6944
17.0562
20.8466
15.5865
15.4025
16.5531
15.8472
10.9122
10.4648
12.3474
9.3974
22.2383
17.0046
21.4632
9.75834
10.5042
10.7836
18.9038
9.54398
19.4468
8.76306
14.151
9.89603
19.4631
11.2802
21.5399
15.7256
13.0172
8.76701
24.5782
21.5301
13.5253
12.4557
14.9102
25.9426
17.1089
12.1569
13.4019
13.7295
10.5557
20.6142
20.2061
13.5029
23.0387
25.8833
13.3297
19.1062
17.8401
12.1571
15.8065
14.8161
11.3174
14.1944
21.9469
17.6958
12.5675
10.7611
11.245
19.8562
9.81915
24.411
12.1044
22.4713
24.4317
12.9079
12.2301
26.6693
15.0695
24.8927
21.8577
12.3304
23.0456
12.7883
10.0714
24.8428
13.3618
21.5676
15.4172
10.1847
12.776
10.7079
17.8681
12.0959
22.5151
12.0227
13.7602
10.911
20.1823
11.779
12.4458
10.2791
12.7302
12.1605
24.5237
11.6944
11.4565
16.6208
15.0317
19.977
11.9884
13.4314
9.78681
17.4076
22.4414
12.0597
19.9902
11.2979
11.4717
10.211
11.7406
10.0416
21.8085
11.3251
12.4341
21.4257
15.8155
17.0273
12.3615
11.0239
18.9584
12.5607
21.7267
18.566
10.3212
10.3484
13.1446
8.20284
8.80233
17.5914
16.5096
20.96
10.2022
9.57916
15.2109
8.68838
12.7034
14.3976
10.3828
20.0838
10.4275
17.9968
14.4844
11.0334
18.4201
8.7845
18.6608
20.0537
10.3249
18.2904
19.1262
18.8066
20.7041
12.6128
12.697
19.3684
13.2239
9.43112
17.0254
20.3958
11.8204
12.2942
17.3884
11.6704
11.8263
9.0587
13.4705
10.9326
9.12917
13.8478
12.5521
16.7107
14.8053
10.2456
7.69649
7.41003
8.06123
8.46647
9.48317
9.90517
13.5307
16.1181
14.2311
11.2271
13.0159
12.5435
9.30045
9.60068
9.42151
8.824
7.66425
13.9698
6.75394
11.6992
8.37412
11.636
9.45674
8.50364
13.1196
8.73292
8.04904
9.86569
9.14385
9.4026
6.81351
15.1636
12.2579
15.8136
17.6542
13.4801
17.0308
17.1608
16.6103
12.0122
22.5829
12.2454
12.34
18.0101
9.12098
15.1858
16.7192
12.1841
9.3374
17.305
15.4189
12.3467
12.3573
13.1702
8.75831
12.5409
9.95429
7.3646
9.08379
17.4626
8.1488
10.6855
20.4029
16.9893
9.18315
8.74628
16.1645
16.6381
14.3618
10.6268
7.44199
7.66226
10.9927
8.35289
20.035
12.5659
14.6146
8.9755
11.2583
11.4643
12.6037
12.6789
14.4477
13.2547
16.6175
7.06491
16.7062
16.1667
9.37283
7.35829
17.2275
7.57722
13.326
12.0582
7.98017
9.7922
17.6039
7.81617
8.40749
10.9966
10.9921
17.2655
16.1083
12.2487
22.8161
18.0454
8.27962
17.7087
11.1616
18.0743
11.3536
18.8899
15.0983
12.208
8.66553
8.55409
10.8614
9.35952
8.33174
11.03
10.8247
11.3639
17.7998
19.4262
9.93113
14.8995
11.8311
22.483
17.1051
13.4769
13.221
16.0031
12.2857
10.402
17.3961
10.5818
15.6011
13.9612
21.1164
13.9802
8.83879
10.8858
11.8263
6.71879
8.19404
9.1864
17.448
10.5618
17.6181
17.1051
14.7585
16.1753
14.7837
12.2225
18.3979
14.6603
17.4668
17.3462
12.9401
16.6882
12.7179
19.1715
15.0029
12.3586
20.8917
12.5736
8.4682
8.36584
13.1654
12.1339
14.9222
10.7279
14.4324
15.1913
17.8879
13.9937
15.3872
13.735
11.3386
17.114
8.6059
18.6166
9.43902
15.8771
16.244
14.4724
12.7373
10.052
10.3305
19.5243
21.887
16.1018
10.2491
8.26327
10.7286
11.9011
19.3988
12.2172
8.89987
20.8866
18.1267
8.81726
23.1335
19.7723
17.6747
11.2311
9.47547
14.1535
13.1914
19.4501
10.8077
17.9144
11.9102
19.3854
16.3515
9.51072
14.828
14.5005
10.3338
11.4319
16.2952
11.2771
17.8362
12.4738
23.0596
10.4046
10.9334
19.5319
26.5074
15.8465
17.1155
11.0356
12.9456
18.6759
18.6386
21.9687
11.7573
20.0252
19.7091
11.224
19.2629
10.1512
17.4125
12.8638
19.345
12.3294
11.4405
11.5072
22.4453
11.1854
14.2197
19.026
10.8699
11.2197
18.325
22.1664
16.8918
13.1479
10.4186
8.66184
8.58778
17.0453
12.3963
19.8794
8.43807
18.4421
9.42735
9.19377
18.6304
13.9547
17.5126
17.9864
11.8552
17.647
11.1835
12.9453
9.04274
10.5039
18.9954
11.3105
10.0348
8.34514
23.779
13.6176
8.4559
21.6938
13.6894
13.2566
12.5437
11.9292
19.2747
9.75748
11.7199
8.42202
11.0399
19.2402
11.4222
10.971
9.05234
10.834
13.3062
13.2003
8.07566
11.5809
10.5108
8.89228
10.1413
8.9696
11.0107
12.3236
10.9678
18.5432
9.50603
21.2708
10.7225
12.646
14.0967
20.268
11.4675
10.9576
20.5349
10.7222
13.7127
13.1584
9.70448
21.3334
13.817
12.0415
10.2185
15.5746
10.4546
20.9825
12.1449
13.1405
10.3352
16.2087
10.3337
12.1487
12.0668
29.3449
23.5035
13.8627
22.6678
12.8536
24.9075
20.7367
20.0501
15.0252
10.8295
17.8548
12.4987
25.0951
21.2763
13.5372
18.5485
22.6141
24.49
12.8483
31.9291
14.8452
27.1903
14.3412
21.2839
12.713
12.5579
17.8612
22.996
12.8756
28.9209
16.3529
10.9628
15.4042
11.0986
11.0067
21.3597
11.856
10.9578
11.2495
10.8967
24.9214
13.5929
12.7045
11.8406
11.7351
11.1483
11.7453
11.1617
13.5812
20.3854
26.6996
15.3853
12.493
12.1566
18.8914
11.3648
15.8805
11.9285
11.2429
19.0666
12.7662
10.8218
11.2796
11.9693
12.9102
12.7299
12.5709
11.6012
11.9245
25.0413
13.7591
11.3794
10.8747
11.1769
11.7873
25.1794
13.2048
17.131
13.2436
23.3432
12.3969
18.1903
12.1519
14.1959
10.9748
14.757
11.5492
14.5579
11.9742
11.161
22.5273
14.1983
12.6011
13.0343
11.2931
12.2524
17.207
13.1442
11.8774
30.2881
15.799
24.6706
22.7245
13.8908
12.0336
10.6298
11.6902
11.6714
25.7715
14.4946
15.9728
11.7681
11.809
13.4435
25.7114
16.6301
12.9028
11.0743
13.1279
11.7685
17.8147
13.9826
23.6631
14.9752
23.5155
11.4339
15.3538
23.4058
13.178
26.1749
16.4553
25.7919
14.0617
17.854
11.0871
11.5546
25.1428
16.9323
15.5737
24.9849
21.0288
12.6494
28.5718
15.5313
31.1792
18.2867
22.9707
12.8719
19.7278
11.1826
13.0289
10.663
12.4986
15.7376
19.599
17.8564
21.8332
16.0927
12.7671
28.3286
15.7593
25.3103
13.782
13.0939
19.3566
15.9937
18.2979
22.6179
25.6496
22.4322
27.7702
11.9197
13.506
20.1981
11.695
14.4559
12.988
11.9659
13.1496
11.3195
22.38
13.1612
12.0452
15.7602
13.9283
10.1879
11.5525
23.1696
14.6735
11.4176
14.5691
12.4596
11.6674
11.7957
14.4505
12.0332
10.5251
19.1154
16.9995
24.4576
13.4954
11.2636
18.1903
23.114
13.1393
11.0521
19.3612
23.2651
12.9956
11.8235
15.3311
10.9789
14.5652
17.6012
11.8906
14.0912
11.2503
11.3555
11.5314
22.8338
13.2458
11.0757
28.6596
13.8158
17.9562
11.583
15.0477
12.7532
11.4954
24.4005
12.2287
12.6382
11.9883
15.9452
11.3709
17.0292
12.5798
26.3209
27.326
11.6044
14.4591
13.7387
13.6053
23.1502
20.2451
22.8423
12.3108
10.7189
9.853
24.8268
14.5477
11.0458
10.676
20.9203
11.775
15.5803
21.0651
13.8883
17.9771
12.4988
15.536
13.2018
13.574
22.6614
12.5649
11.2209
28.0669
21.7602
12.3255
15.0923
25.5157
12.8018
14.6634
12.9928
13.7131
10.2898
14.865
10.0586
12.6865
14.6657
27.1436
14.4007
20.7927
15.7601
16.284
26.3106
13.6346
13.4844
11.2018
10.9081
12.5161
11.9743
18.416
14.7157
12.2131
10.8814
14.5408
12.5241
12.0401
12.8897
13.0044
12.2347
26.1627
14.9644
12.5498
20.3917
14.61
10.457
11.5578
11.0795
13.0085
11.7108
11.041
25.9891
24.3099
20.7321
11.6
11.5393
10.1113
10.5788
16.6075
10.4264
23.4164
25.0634
20.6404
15.5706
24.7661
11.7366
10.9914
16.471
12.0938
9.99724
14.3303
12.6677
10.281
19.7681
11.6871
17.0865
22.1053
12.9425
19.6673
25.1644
19.8389
24.2817
12.0206
10.9036
9.72689
19.8791
13.0266
23.3628
14.3213
11.2071
9.06753
25.2256
12.224
17.6641
14.5948
9.3444
10.0906
9.37483
19.0802
27.4801
14.4555
10.9237
21.2829
20.8898
21.7172
24.3551
15.8863
14.1491
9.27113
9.83919
9.74086
9.09725
21.209
18.9063
23.3035
10.5596
10.5886
22.2469
12.4778
17.3336
16.8863
8.44408
8.63567
10.5129
9.18818
20.3728
10.599
17.9959
15.5376
10.6286
13.9581
11.7026
14.7238
11.0503
8.72814
11.6312
13.4943
21.4361
19.3175
7.81032
9.35796
7.95002
12.233
17.6432
18.7499
11.3784
8.80925
10.3632
7.21805
10.5862
14.4966
20.0329
15.3057
12.0237
8.6984
17.179
14.6382
11.7263
8.03463
10.4324
10.952
17.6069
12.069
13.2315
13.3048
10.3981
10.8203
21.2782
11.8833
20.8053
19.7625
15.0012
14.4573
19.5339
19.8971
19.5759
10.8673
19.6854
16.7775
13.969
11.1332
8.96837
11.3648
12.0239
14.0586
9.13854
16.2539
11.783
8.98949
10.1373
9.2616
10.7192
9.93636
22.4772
12.9041
11.1687
20.36
12.944
9.36412
9.19847
17.4729
8.82618
21.0861
11.5714
13.97
22.6675
9.42216
13.4397
11.652
16.0618
11.541
9.73953
14.8573
10.6029
23.2796
9.97962
13.0708
10.8646
21.2587
11.8635
10.0196
9.84125
8.87376
9.35789
23.5106
21.6817
13.5468
10.1838
14.663
9.67516
14.9885
18.3448
11.6548
20.1252
10.434
11.0528
8.67014
21.0775
11.7525
9.57924
14.2367
15.5717
13.6679
10.3606
8.21837
19.7338
19.7725
18.5904
19.0067
9.69853
9.28538
9.08956
16.4256
11.0688
10.8134
12.7792
9.27671
9.95949
9.94007
14.5052
8.66722
20.3298
9.61123
18.1483
11.2804
19.9832
9.08396
10.8409
10.3446
19.432
11.7295
10.2133
10.2696
10.336
12.4872
8.51763
22.5601
13.6341
14.2226
9.50331
9.9372
10.1786
9.02036
18.8987
12.1933
15.6522
11.3153
20.7827
18.3728
18.8384
15.1064
13.8732
12.7027
20.0172
19.8762
11.2571
9.12998
8.48434
17.1683
17.1881
8.55818
18.9761
10.0563
18.3317
19.0658
12.389
8.95846
18.7496
8.19101
22.7935
16.4384
12.0466
17.7495
11.2751
12.3661
8.79314
8.271
12.7752
8.95613
17.5049
13.859
9.40114
17.851
19.9976
16.3391
17.5513
9.68743
7.88059
19.14
18.7963
11.8004
8.73166
8.17696
8.57668
8.79331
19.8639
9.68127
11.5063
10.3112
17.0678
16.5101
11.2951
8.85533
17.6134
11.0916
10.3592
11.8895
16.6542
19.8293
11.5579
14.3326
18.9478
16.713
11.5227
9.84403
17.8814
13.0779
11.2057
8.27652
10.13
12.1974
20.8838
13.5279
9.00797
15.0764
12.7389
11.0217
15.1617
11.6457
18.7645
13.2181
19.8847
10.0797
15.0678
9.53906
16.5797
21.1847
22.5722
21.1968
17.4348
17.1402
11.9152
8.79028
8.65915
7.47326
9.2381
13.1769
17.5127
10.7401
18.8944
9.14701
12.1507
10.2159
13.0546
16.3133
16.083
8.95794
10.963
19.9029
19.9157
14.2684
16.7627
12.483
11.7137
10.9685
12.2973
24.2693
14.7937
9.9795
18.5705
12.8485
12.1897
10.5037
11.3756
12.6048
9.76894
13.1617
10.4918
10.7423
10.4544
11.6558
9.77268
21.7299
17.8221
11.5592
18.8259
10.7131
20.731
10.4219
15.5475
13.4181
13.2353
23.9761
14.0362
16.3556
14.6179
18.4242
27.1783
14.1963
24.4861
12.3332
12.644
10.7128
23.7203
15.7535
12.6723
17.3141
10.1575
14.9797
21.3019
12.8878
11.2197
17.7834
9.78828
23.3169
11.8474
22.181
16.0246
10.5158
12.197
8.93573
15.9083
9.56658
19.0735
18.5716
13.5385
14.8023
13.0544
10.069
18.4841
12.4819
8.6392
8.19976
11.6187
8.48163
12.0611
9.26224
17.9075
10.0784
9.06759
12.5906
20.1311
10.7442
19.0459
10.2061
8.843
9.46285
21.1259
12.6856
18.9658
12.0627
9.86836
10.8468
12.688
25.4891
11.0629
23.0323
17.317
23.3895
15.2464
18.4774
12.734
13.6841
10.3222
10.7615
22.2429
13.6003
20.3075
11.9019
10.6008
24.5911
16.1
22.284
11.3322
9.98205
10.4616
10.8206
11.1934
15.7477
12.7209
9.84844
9.4245
17.3987
9.4857
19.1926
8.63656
15.6152
18.6443
13.8114
10.2766
11.0174
9.24286
9.27486
9.80062
14.8511
9.67935
13.5697
12.1327
18.9265
9.63132
22.6436
18.7067
19.9897
18.779
14.9289
9.97339
10.5817
18.5345
19.3432
12.9263
14.4759
8.7583
21.4499
14.6814
9.12248
20.8165
21.8936
14.2604
13.3579
16.4099
10.8484
10.1401
13.3854
23.0584
15.0862
20.4838
19.5388
17.0295
22.4754
12.2056
10.9919
17.8331
13.9231
18.4915
28.1394
15.6313
21.7103
17.258
18.5046
10.7429
22.8304
22.9077
11.7166
11.7234
9.62658
9.42106
19.6179
17.4562
10.9339
11.547
12.9511
9.73057
10.1897
9.54106
22.3912
11.4645
10.0023
22.0737
12.3662
21.8237
12.1703
9.1102
15.3987
14.0095
10.0682
11.3569
8.76695
17.9011
9.0171
13.6571
9.80095
8.491
8.75674
9.06208
8.74266
9.45724
17.2704
14.8066
9.27782
14.4124
9.57856
7.30362
7.19462
7.44196
15.6766
13.5804
13.3099
10.1511
8.14039
10.888
8.94698
9.16173
9.82806
7.94364
9.53934
13.8268
11.0084
10.7125
11.6437
10.2811
19.7816
9.93739
9.09674
12.515
8.88449
8.75909
15.4258
9.36196
14.9906
9.66285
13.0641
17.4887
14.8729
13.8431
19.3671
16.0013
11.2689
20.9224
13.4149
13.5335
10.8155
9.23859
9.79715
9.77054
21.2723
21.6242
13.71
21.0399
18.4649
14.2548
17.4377
9.70658
10.9894
13.332
9.56716
8.57354
12.8233
20.3407
20.9998
15.181
20.7939
17.7805
9.18313
11.4653
8.94473
14.0265
17.2301
19.2087
13.632
10.8017
13.3507
10.3363
23.2016
13.8448
12.9388
9.54797
13.7651
10.2248
10.8216
13.9486
12.4997
20.3132
9.30408
17.8223
10.7677
22.6372
14.7228
12.1793
13.77
9.68681
9.45948
19.6987
12.0915
20.0755
16.4058
10.8862
22.086
12.2415
9.02904
10.0612
8.26949
10.5326
8.57862
12.8267
11.8959
13.086
8.78857
8.06183
9.77272
12.6924
18.7555
11.3842
10.9724
14.7151
9.25299
12.2519
9.35044
17.6467
16.2881
9.87687
8.50656
9.71897
17.1285
24.9064
15.6242
18.119
10.6503
12.5008
14.9691
9.68486
19.8139
14.512
18.3355
17.052
9.61145
20.1456
12.2774
11.807
15.9467
26.6851
26.2474
12.1282
28.4012
21.8574
11.3448
11.6714
11.2482
12.0005
25.3692
13.0347
22.7901
12.9803
11.9545
25.8075
20.754
15.9625
10.7908
23.033
21.5345
12.6775
16.1848
19.8
15.5264
13.6203
19.9583
10.2797
18.1992
7.74767
8.83328
16.7015
12.7894
15.9238
10.5212
19.8716
13.0611
8.89855
9.85582
9.1929
8.50622
12.4611
12.3833
20.0685
12.5555
8.82147
9.38945
8.79884
11.264
8.70281
8.58476
18.0866
22.2566
13.7281
16.3779
14.8425
9.24706
10.2303
8.94962
9.77253
9.14423
9.20296
10.6826
9.46152
19.8638
10.8952
12.0487
12.932
15.9999
10.781
17.5884
11.3496
19.5581
10.8085
15.086
25.0337
18.1252
14.2603
11.0599
11.5248
14.064
14.558
10.7356
26.9158
19.605
11.1963
11.2962
16.4736
12.1363
20.7277
12.2113
21.4124
14.213
10.2162
10.5127
9.26088
12.0213
9.55654
22.2725
16.5263
11.6336
20.9115
13.5385
15.767
13.1811
17.8335
15.1624
10.1017
11.4965
11.0013
10.3449
10.0753
22.765
15.451
10.9241
13.8778
16.5504
12.587
10.5156
11.7818
12.2471
10.6825
9.78979
21.9424
15.2658
10.6807
11.7433
19.1227
11.0911
10.5719
12
20.4591
11.6485
11.8208
9.85297
10.9309
16.5671
10.1321
10.011
10.6249
9.64876
19.4554
12.6535
14.8611
10.6877
14.1275
14.4362
11.5983
11.872
23.0978
12.9643
12.2717
23.2068
25.1374
14.049
14.9828
12.9214
11.1319
22.3374
10.5033
19.72
13.0492
13.9535
11.2857
10.565
11.9466
22.354
13.5918
13.5591
11.2686
15.0901
10.4706
12.4045
12.3146
11.2117
12.1916
12.7936
10.6216
13.9671
23.964
17.0812
11.725
24.2512
13.9174
23.9376
13.0507
11.9049
15.4016
10.8577
11.0064
11.3496
21.6087
11.1352
16.9013
10.244
27.0462
20.1698
20.6836
24.8148
12.2699
26.6184
12.8205
20.738
21.7775
12.8847
10.7418
10.5824
10.8195
13.9097
21.4205
12.6915
21.4405
13.4418
10.8309
23.0062
13.3153
14.0543
11.1848
13.5849
21.7949
12.3628
21.0782
13.2761
19.0304
18.0975
12.5903
10.9653
11.6999
10.8415
20.7222
10.4425
12.3715
10.5644
10.9381
20.6362
10.1103
10.3568
23.3613
12.2195
11.858
11.9551
18.1973
12.5607
22.96
14.5581
12.7995
16.0849
16.4613
20.2183
14.9172
15.5048
12.225
12.9465
25.4547
13.4958
15.6544
14.5351
11.2937
12.2456
19.5992
12.3289
15.5813
24.086
12.3841
26.2629
13.9038
13.3085
27.5339
13.5081
30.5974
17.1504
11.1136
21.4746
21.3575
11.2529
16.4527
10.4202
12.4038
22.3101
29.331
24.1066
21.4061
11.3057
11.9549
22.9287
16.5199
11.4156
25.6646
12.159
10.7428
10.6616
17.9529
11.2676
23.9604
13.6044
24.0927
12.5923
16.7259
20.8118
15.6949
13.6595
15.3641
11.4075
15.7344
20.5435
10.7353
16.6442
10.5873
12.7229
13.0686
20.879
10.4553
20.3594
12.1375
23.7108
26.3415
26.39
14.2799
29.8536
24.7139
14.6677
22.5587
18.3586
15.7046
13.0468
12.6416
10.8369
13.0123
12.9126
24.9782
13.337
23.5264
12.1798
12.5976
24.0865
12.2955
14.3956
11.9555
20.8639
12.431
18.0595
11.2386
12.2085
13.9281
11.1698
13.131
19.3405
12.6009
15.7508
12.8114
9.62207
22.5316
15.2912
19.8244
14.9455
10.843
12.8608
20.5629
16.4939
23.8184
16.3329
22.4157
10.8936
21.1456
22.7913
15.3475
11.3646
9.63197
10.0115
13.5718
13.7006
13.9667
12.9936
9.61701
10.4976
11.8684
12.6
8.56781
20.8667
19.2359
18.7875
10.6945
12.5049
9.78924
11.1147
10.2934
8.72688
10.9319
18.4366
15.3463
10.2604
20.0099
11.8119
16.1406
11.0405
19.3572
15.0835
13.9908
11.7963
9.35831
19.1705
21.6803
17.9002
17.8055
11.5779
12.3372
28.2148
17.9326
9.42132
12.7456
18.3684
22.869
11.6329
15.9457
12.7905
11.372
12.0229
10.193
9.45584
16.869
10.4876
14.2452
9.7702
11.2634
10.7641
12.1245
10.4336
11.2644
10.5967
26.1429
12.823
11.2635
11.3239
11.2022
19.9404
13.5099
16.6017
10.8367
12.34
21.7052
22.7611
12.8198
15.814
24.5596
12.2971
10.2432
11.8633
11.5793
11.5744
11.3957
21.8788
11.0229
15.5373
15.4937
21.0342
18.3185
22.9868
11.5231
11.1968
25.6342
18.2537
11.6444
10.6263
19.5103
12.8394
15.8195
10.986
11.2453
10.8318
11.0216
11.8644
13.63
12.5281
10.0762
14.7108
10.0675
11.1817
12.1429
11.9837
13.2014
25.495
14.0633
24.8227
12.7073
21.194
17.3112
16.074
15.5622
19.386
12.1094
12.3505
13.3514
12.9736
10.3721
10.3126
20.6353
21.9753
10.19
16.0273
12.1709
10.678
16.5068
11.8356
21.1698
21.7582
12.4614
20.1007
10.8026
24.0489
27.0695
14.5612
10.865
14.047
22.2737
15.555
21.4656
10.4907
10.9682
25.2889
12.8029
20.4679
11.4088
16.3484
30.4181
15.7259
10.7248
23.7651
13.0882
11.651
11.3932
15.3973
12.1684
21.9238
14.2679
10.0642
11.4793
11.9399
19.1989
10.9881
11.1127
15.1647
18.8052
13.0501
15.4101
18.4304
12.51
25.8096
27.1894
26.2358
14.2683
23.4484
12.6303
26.1207
12.8355
13.5926
13.2107
14.3632
24.535
29.9348
23.3702
26.026
17.1049
13.4416
24.5622
14.8245
11.9551
12.0957
11.8893
12.8427
26.3534
15.2417
12.4062
22.4873
12.9172
13.6984
11.953
19.6001
25.2209
30.3291
19.5045
27.9348
13.7799
13.8624
12.4602
18.5696
12.207
28.3715
25.0982
14.8309
25.1426
14.5962
12.156
25.5355
15.1395
22.0564
11.9056
24.8613
15.362
15.7755
11.6788
19.688
16.677
24.7621
15.1413
21.2759
17.3265
13.5332
21.842
15.0914
21.7689
13.3972
12.9834
13.1215
13.4851
14.0151
16.6086
18.5612
12.7717
14.4388
12.7985
18.6885
24.5536
20.636
24.61
17.6237
10.9388
14.1342
16.8544
11.6563
23.7739
10.6681
23.1203
22.4946
18.8133
21.1162
16.3677
12.5483
12.9907
22.6682
12.3285
11.6857
20.2234
23.4142
13.7556
12.1311
12.9412
12.7868
21.7295
12.7208
19.9306
29.2531
25.1829
15.7311
18.4515
13.8278
28.8786
30.4589
31.6067
24.8589
14.9152
19.5083
16.1244
15.8764
13.5082
25.0274
15.0546
25.6606
14.3097
13.9656
13.6216
14.7654
14.2728
21.0983
14.5006
14.9296
25.3128
27.4388
30.006
16.6659
23.0269
13.4417
17.9088
12.704
14.4986
12.5605
27.4331
26.6541
15.1407
25.3831
12.8013
23.542
16.1069
25.6597
14.8438
20.243
25.3008
21.9521
22.7115
19.581
14.9505
22.8619
13.4036
19.4209
12.9105
13.3544
12.4691
14.0421
13.9297
28.4945
25.4193
14.7342
18.5997
18.5894
13.7111
22.8212
12.2517
14.671
22.6262
13.5719
26.2284
15.0609
16.0171
12.0913
22.8508
19.2889
20.9644
23.6284
13.9061
12.7471
22.8015
21.3479
12.6787
15.0255
12.2897
13.816
26.4757
19.6863
14.7179
12.5064
26.8394
22.4908
22.6596
24.8793
13.1218
19.6651
14.9095
27.7673
18.4849
31.859
20.1242
14.9107
26.9813
13.4641
23.6953
14.135
21.4868
13.8132
22.241
13.9471
12.9836
17.152
13.9765
11.4897
17.1576
26.9674
13.8659
21.8935
14.9953
24.5484
13.3872
29.7789
17.1406
12.6794
16.8086
12.9985
18.8318
16.3961
12.0802
14.9008
15.7935
12.6448
26.773
24.9941
20.5717
11.4892
23.9934
28.7614
19.0789
15.8209
19.3687
10.2478
14.5739
11.1609
19.2175
11.5191
18.4961
19.3482
24.66
26.5867
12.9822
11.6052
11.4099
21.5256
17.442
14.4464
11.6454
12.0096
12.6112
19.2535
12.8961
24.9861
24.6122
14.5719
10.2711
11.9563
11.0076
10.8746
11.4969
11.4375
16.2271
25.9405
14.0489
16.5289
14.0613
17.3512
16.0639
11.2754
18.1834
19.9088
12.6621
16.6746
16.1762
14.5666
12.298
11.5673
24.3643
21.27
11.7603
31.2257
25.0284
13.2568
18.3013
25.4935
14.7398
13.6654
17.3305
15.0487
15.281
27.9107
13.9114
13.1188
12.9258
11.8216
25.6937
15.0008
18.7991
14.5445
14.8859
11.3356
12.0426
12.3551
11.0431
19.6301
12.7781
24.0574
13.458
14.6692
19.7956
23.7325
12.3891
12.445
25.7773
14.5217
23.2968
12.8699
13.6127
11.3899
13.9442
23.5298
24.1361
13.3434
12.3257
27.9439
18.0653
17.5379
11.9373
11.4786
14.9608
21.8176
12.8489
18.0417
12.1731
12.601
11.4179
23.1597
12.6106
14.3248
27.6704
14.3258
29.7203
19.113
11.4113
10.7815
12.9083
15.7325
25.2575
32.3269
17.0216
13.5797
25.5894
13.445
12.5247
25.6892
13.3516
12.9492
12.7142
11.9428
12.8599
13.2029
13.2722
12.1623
26.1233
18.0667
27.6598
18.8245
13.1954
13.2333
14.2689
20.5906
25.3778
31.2497
18.3051
13.0056
16.8879
23.7559
21.1309
18.217
17.9889
15.2009
19.9043
12.7376
13.9506
18.1178
17.2307
19.1935
15.8601
13.0753
28.6745
21.3819
17.1458
21.4439
14.8047
24.3267
12.6161
21.7228
14.1534
20.1556
15.8193
24.6379
15.2743
24.93
14.7681
14.5427
15.1844
13.8437
17.2406
36.3405
17.0645
15.4493
17.8803
14.3644
14.6657
32.0933
26.4262
14.9024
16.6015
23.161
16.7488
12.6669
16.3429
15.5153
12.7267
15.3871
27.1473
20.3061
29.4778
14.8765
31.2551
15.4054
27.2403
13.8988
14.0233
32.4251
27.0674
16.2822
14.6845
15.5033
11.9347
17.5969
15.273
24.3925
12.4713
16.3397
11.7748
22.9607
12.8317
31.1454
13.7178
17.4241
23.6746
14.5295
25.598
22.1104
13.0981
14.189
19.9778
13.2969
17.779
12.5937
12.6626
28.8249
14.9239
14.6728
17.6869
12.8245
25.7623
13.3183
13.1887
13.0371
13.775
21.0446
16.3354
17.2995
11.5156
11.3981
13.1801
21.1217
12.9635
15.4751
25.765
15.7049
13.2787
13.0465
17.45
12.6463
26.7389
26.4053
19.9542
14.4916
13.0757
12.7625
12.061
16.0531
12.4572
22.6926
14.0465
13.4758
28.2707
15.2998
13.1383
13.0115
12.9546
14.5929
13.1502
15.5524
14.2397
15.6483
26.4068
14.3688
21.7922
14.6074
11.8971
18.7167
18.4335
13.8836
34.3229
15.4904
21.3798
14.2593
27.1467
13.6498
27.2816
13.5728
21.8413
20.1057
12.2113
12.8831
12.3501
11.7524
13.3589
24.8137
14.0482
18.0902
13.8673
18.3697
23.3899
24.8271
14.7047
12.3792
28.078
17.4881
27.5407
16.9764
16.6627
13.3934
21.8389
15.203
14.5755
21.4255
20.6741
13.7228
21.5977
19.3269
21.0385
11.687
13.4658
14.3309
14.0842
14.3476
12.9887
22.741
16.0069
16.0689
31.1095
16.1216
14.4829
13.2733
19.7387
12.8151
13.8575
12.6409
25.4091
13.7006
16.6989
20.0267
24.1391
24.5854
12.8224
26.1675
15.3049
31.963
23.832
33.3516
13.611
26.46
14.17
25.1327
14.3672
18.15
12.9772
21.1389
12.9383
12.8381
21.5264
13.5336
14.3968
22.8774
16.8803
12.958
31.4207
20.4319
28.2279
13.0078
25.6865
14.7686
26.8565
14.3415
22.5921
13.0665
24.9435
13.6603
22.868
13.2903
13.1939
24.0672
14.3327
23.4368
18.4828
27.5515
14.7629
14.1921
12.0674
12.3274
25.2965
15.3864
17.2948
12.8612
17.5128
31.5311
24.362
30.9259
28.62
30.0309
16.5511
26.474
19.5708
13.9262
23.7104
13.4095
24.5619
13.636
23.4354
14.1559
17.7695
13.8796
14.835
15.3819
13.7744
16.6489
14.9616
24.9243
14.2909
14.9234
13.4889
28.118
14.7922
15.6011
24.5011
14.0321
21.1866
14.0552
24.1748
14.2458
14.0629
14.0015
25.986
14.7308
16.1388
14.9838
23.1097
23.5075
18.2502
14.415
16.6264
15.3629
25.8127
14.5702
17.5
12.9843
14.4346
17.0987
25.7639
13.9575
23.014
13.7249
29.9568
16.2261
18.6507
13.6025
25.1126
14.119
19.8601
29.1273
27.9918
13.304
17.2513
25.1151
14.6132
13.9155
16.0601
12.5694
25.6524
14.5754
24.7994
15.1426
16.1816
23.1342
16.4263
14.2228
29.9607
21.0261
28.8351
15.3786
34.8721
24.0263
31.7541
15.9615
21.9914
29.0466
13.5815
14.4764
16.8239
15.0476
13.5361
13.4185
26.3679
16.2892
13.2306
15.5449
18.1089
19.1472
12.6383
13.9737
18.6383
14.8096
13.0233
29.0215
14.9886
31.2711
26.4554
25.657
13.7125
14.8932
13.7176
13.9946
14.5848
33.8645
15.5109
20.5001
14.1676
34.599
28.2677
14.6084
15.9781
13.5477
15.6766
13.5667
13.9417
16.2581
18.9136
14.9112
21.8466
13.3488
14.9809
15.8404
13.7105
14.1891
13.2632
26.0722
14.0647
17.8269
14.3382
13.7302
25.8811
14.3152
20.7125
13.4607
26.5267
13.9915
13.5747
14.9156
15.1329
23.9765
12.6122
13.9116
13.2279
13.4354
14.7751
17.0558
13.3132
28.0146
14.0416
16.4187
13.14
13.7771
14.8672
19.8689
17.6962
14.7613
12.8051
16.0199
14.0566
13.1424
12.9664
16.0249
12.8388
14.0784
11.7289
13.9255
13.4699
14.2368
21.2735
25.08
19.7715
17.1672
21.1198
18.0514
16.4603
26.7738
17.3911
12.7543
12.7839
19.1994
14.2958
19.9718
19.3829
12.7452
14.9659
26.9547
25.3635
17.1713
22.0347
11.7766
11.6504
16.6141
25.3705
13.8518
21.4802
23.5861
11.8485
24.6341
11.1427
11.4564
13.3806
18.6748
12.0574
19.8113
11.9511
13.3246
12.2029
14.2535
25.4457
16.1841
20.2697
11.839
18.2356
12.02
13.2794
10.6768
13.6778
12.6941
11.989
18.554
14.4944
11.5109
10.4565
23.5679
13.4146
11.2158
21.1247
15.1059
10.5119
23.2106
14.5512
15.5135
12.0261
10.6631
12.852
22.2093
11.4282
22.9284
22.7191
14.1477
11.4888
20.4026
30.5495
22.9953
13.5206
11.2323
11.5388
11.4742
12.5767
12.7042
11.3007
23.918
12.9748
14.2491
21.4123
11.7611
18.1433
17.8285
10.982
16.3762
21.3182
13.0544
29.6279
26.0428
13.5295
17.6936
12.2973
21.876
12.9916
24.3709
16.4086
14.7745
12.4571
14.8598
21.0421
19.2324
22.0194
15.3179
12.5883
20.8249
13.7972
17.6118
13.9955
11.8002
12.6124
13.5528
14.6174
12.1304
12.0359
29.7496
15.1657
17.5325
13.7192
11.9374
13.9434
20.1066
13.2554
14.1361
14.6207
15.039
12.5196
19.565
12.5135
11.6335
12.0693
10.8796
11.9315
19.8632
21.3233
14.5768
23.3742
23.3749
12.6762
13.3384
24.3365
11.0945
13.3204
21.2701
15.2602
14.9957
9.69537
15.7007
11.2549
16.8232
10.8497
12.2808
11.4537
17.408
10.6675
9.87104
12.5545
19.2978
12.946
13.324
11.8232
19.4147
13.2505
10.5198
12.761
12.6235
31.0505
16.2983
27.5001
15.4831
19.5031
23.5967
11.7495
12.8177
12.0394
12.7425
17.6599
12.7111
13.2527
11.6175
12.9521
17.3369
12.3336
20.7884
13.71
11.8141
10.4363
24.4175
13.395
21.9941
11.4934
16.8438
13.4638
24.9132
20.327
20.6848
13.1171
11.4153
21.1222
11.7527
10.7521
23.3858
12.6133
11.4004
17.4656
20.1743
11.142
17.0516
13.9284
12.4676
12.805
11.2658
20.2073
16.4842
10.9638
16.0633
11.7944
15.1893
15.8529
20.2225
19.6027
12.3302
18.9846
11.5827
10.7722
12.0547
26.1387
13.0215
14.4262
14.1853
23.2539
18.0172
26.9302
13.6
20.759
15.2051
19.9105
12.8716
15.9007
15.4004
21.8268
13.5397
26.5419
14.1407
19.7154
10.2475
13.7072
11.4596
21.9762
13.1527
26.3339
18.2295
11.2486
11.0447
22.1834
17.8568
12.5356
15.3411
24.0414
13.1927
10.7867
24.8199
10.8152
11.3308
14.2686
9.81026
14.0902
10.8807
11.8367
25.3086
23.1304
13.8475
11.0808
11.062
29.3067
13.6514
22.7297
11.8426
17.7471
11.6196
11.9884
16.6141
11.1417
22.3155
12.2771
22.4594
14.1771
23.9173
14.7761
15.6213
26.8761
13.7236
16.4414
12.3553
10.2678
11.4419
10.1814
12.2471
10.3453
11.3641
12.2462
11.1475
18.4244
11.1741
12.8904
11.1671
10.9537
10.0579
12.8379
13.5332
16.5475
11.0703
16.0796
9.86582
17.3844
21.96
11.047
12.5843
10.6583
9.94182
22.621
13.4482
12.5077
20.2692
13.1158
23.0291
11.5286
18.6097
14.4048
10.6543
10.39
15.9451
22.8108
21.3743
17.3905
10.5487
17.6936
11.0026
11.9417
11.1999
11.2845
11.59
9.49515
19.8697
10.1553
16.7717
20.2865
11.6762
11.8402
11.9978
13.8417
10.9258
16.2478
10.8194
11.4146
13.6654
10.6597
12.2692
16.6441
11.8455
16.5087
14.7826
12.4288
20.1307
13.1696
26.4422
21.3334
13.0809
14.3579
23.6889
12.4595
23.6559
17.3787
15.6987
11.9489
21.2615
20.4502
14.2841
11.0428
22.2574
12.0294
13.6456
18.9786
12.3924
13.5224
12.4259
12.9174
19.6035
11.4362
11.6191
11.9183
11.6242
11.4856
11.3963
24.6987
23.8598
12.2972
18.643
12.3183
11.0388
12.9867
10.7521
24.3259
24.8386
11.949
13.1892
24.2324
17.1309
25.2596
12.8235
10.8867
19.2038
12.4934
11.2594
22.2317
10.4767
11.8775
11.489
10.5704
12.1191
25.9127
12.2196
21.4524
16.8784
22.7539
13.5636
23.5778
11.2976
19.3085
10.7911
12.1986
10.2001
13.0242
13.2983
20.9058
10.5076
13.9322
10.7474
21.4772
22.3097
12.1356
15.3013
12.9215
24.477
24.2014
19.4201
15.5589
16.0575
9.68561
11.3143
14.082
13.1954
9.25623
12.4139
10.9179
11.6104
16.6447
12.1285
14.2835
8.5179
10.8072
17.9782
9.26125
13.1722
9.78843
20.2649
19.5061
12.4495
9.16413
11.0589
19.9896
12.5107
20.8578
12.9167
9.69929
13.6022
14.3333
9.58117
22.7797
11.0423
11.2988
10.1295
16.3989
9.30508
19.35
13.2109
17.2686
11.3239
11.1442
11.505
19.0276
12.4062
16.5801
19.3941
15.7955
10.3859
10.4724
20.2667
8.50576
17.7572
8.35536
16.9948
12.3082
20.7594
13.2155
17.2855
9.20551
17.1879
19.237
23.2099
17.4486
10.1267
18.5189
11.1572
10.38
19.3983
13.2454
9.16756
18.8918
12.2749
8.60754
19.9529
12.478
13.2445
13.0538
9.60042
20.0936
9.81562
17.3797
23.2389
10.097
11.0097
11.0083
25.4101
14.5768
11.6633
18.5393
24.6976
16.5138
12.3004
11.4733
11.787
12.3724
17.1636
12.8863
22.0364
13.3125
13.4581
12.6205
20.9736
14.1901
12.0414
13.4822
13.5557
12.9674
21.8447
12.5583
12.6915
22.4475
12.4442
24.7755
12.951
25.2587
14.3778
20.0577
12.9783
20.0562
12.9857
12.7153
12.4585
13.1971
22.1322
13.3478
23.4133
15.4583
29.3059
26.513
14.7801
32.7198
26.4989
19.3938
13.8057
16.1356
18.6765
13.4203
13.4003
33.286
26.888
14.0266
25.401
17.8123
23.6228
13.58
20.8641
22.5648
13.5032
13.598
25.1271
22.1204
17.9711
12.6054
26.6543
14.8617
26.5856
15.2459
22.9619
14.8847
16.6551
14.4412
13.5893
26.3118
15.8134
15.8573
12.9495
14.0189
13.5211
15.7147
19.6258
17.9088
11.7051
12.9351
12.6912
13.714
14.4305
15.1597
13.7481
24.0569
13.5358
17.6203
13.7122
25.1259
13.641
20.7857
15.664
14.6126
17.5557
14.5204
12.7793
16.0534
13.866
14.0355
26.9041
15.6681
19.9787
13.103
14.7869
13.1471
12.7975
12.7801
12.9291
13.2138
16.97
12.8268
22.1734
14.7659
14.8887
19.696
12.3279
20.5747
14.1923
23.2176
14.6019
13.1506
23.7843
34.4415
13.8078
17.9766
24.6198
16.5044
23.5393
14.1199
14.0167
17.132
27.7515
26.466
14.0284
13.5435
22.8557
23.8193
30.0279
21.3976
13.439
15.6559
16.1803
15.2667
17.2869
12.0499
14.3917
25.9602
13.7028
17.4763
14.9342
12.6033
13.5064
17.1954
11.9798
12.3113
12.3515
22.1728
19.3243
15.6446
24.6117
13.541
16.6396
22.2303
13.0114
23.1102
12.1787
13.2777
11.65
23.1977
19.6598
13.6865
24.842
14.4283
16.0936
18.1111
15.3303
12.3461
21.8325
12.3952
14.608
27.7279
14.1839
16.4172
12.0894
22.1999
15.5551
12.9057
17.2069
12.7864
15.2195
13.4241
12.701
27.3522
13.994
23.1837
14.1561
14.5202
24.6933
15.5139
20.7011
26.1819
15.1346
25.1327
14.2901
25.7389
22.6431
16.238
13.5735
11.9517
24.6638
13.0921
12.5563
24.2862
19.9593
11.2942
10.1659
19.101
14.8596
10.1396
10.234
13.502
10.8674
16.7265
11.6124
16.8716
11.1173
12.8058
12.1018
18.1667
14.1423
20.1006
11.1685
10.5539
13.2222
12.6023
13.0598
12.9681
12.6653
10.872
10.8846
9.8509
10.9764
12.2313
10.7948
20.5282
22.2733
17.8434
12.583
16.9194
12.4844
11.5674
14.487
23.2926
14.4982
11.9381
10.4617
12.8527
10.7451
11.864
12.3123
14.7663
12.5513
28.9146
17.9038
15.5586
19.3042
13.6687
23.826
14.4244
14.3779
17.7478
14.0306
28.3468
26.897
15.3282
14.3065
13.3621
14.5242
24.6031
14.0639
15.1488
13.7607
15.6799
23.3366
21.9269
14.7221
23.6349
14.0715
16.3192
13.7703
17.0596
13.1764
17.1657
15.2607
34.5301
35.1963
31.8473
16.6318
13.6997
13.3975
24.714
13.9963
29.6263
28.5144
18.1327
30.4392
16.9891
18.6195
14.0465
33.6782
16.1051
22.5697
14.0103
14.9023
27.3825
24.9964
13.9261
30.9632
20.1354
24.7902
15.4809
27.3935
15.3844
18.2094
13.5998
29.4042
15.2464
16.457
14.1539
27.2855
16.1359
34.0895
16.1646
28.7103
15.1765
14.5312
37.4126
19.8043
15.309
15.111
14.9933
31.1982
14.9689
14.9264
16.0774
23.5422
19.3717
16.0967
14.0136
26.7719
14.0456
14.9347
20.1491
27.2848
16.823
30.2113
14.2214
27.6749
15.6557
15.6749
18.0597
14.2958
15.0302
14.1849
17.5533
30.1167
18.4091
15.3053
13.5337
26.7955
16.5
15.0975
17.4642
17.8657
14.8916
24.2285
12.9338
18.7993
12.3838
19.0722
26.448
14.7179
27.418
15.345
22.7938
12.7816
16.9692
14.4492
14.3403
15.5332
14.7474
15.6204
15.1081
14.2587
17.4111
11.8983
15.2098
12.1691
13.9076
23.3317
14.2435
28.3522
14.216
29.8631
15.2087
22.9129
24.6774
13.7824
19.3564
12.6869
17.843
12.7517
16.2437
15.197
12.1663
24.0508
18.4415
17.2409
12.19
15.9474
13.0401
27.4508
13.6162
15.3474
22.1789
14.2556
19.4414
12.0058
21.0854
12.2599
16.1019
15.7998
12.4418
15.2551
12.6901
15.529
37.1935
19.8551
11.219
13.8311
21.2009
12.0843
13.7789
12.6614
12.464
12.4181
23.168
25.822
14.0996
25.8476
15.341
13.1019
19.5769
14.7244
13.7315
32.6031
36.0086
17.9918
14.9059
23.3169
12.9843
24.1226
14.6914
26.1764
14.8857
13.1679
12.1896
13.8238
29.6902
13.8457
23.381
24.1321
12.5985
14.8134
21.7188
12.8237
14.5597
23.7539
12.4932
13.9086
15.6502
21.2032
11.5711
16.695
15.9286
12.7464
12.7707
15.61
13.209
17.5519
12.0467
13.6803
21.7041
13.9295
27.3439
13.285
13.0175
21.9631
14.2059
18.1316
19.4754
12.2898
11.7949
22.1328
17.7587
26.4661
16.238
31.3911
23.0258
12.0511
13.3243
21.2005
16.1131
16.2235
20.0436
13.6111
15.5253
11.1687
23.2098
13.3829
13.894
24.5371
13.7523
14.6976
15.408
13.1163
14.2501
25.3117
14.1244
15.2162
13.7637
11.7825
24.6968
11.4745
25.691
25.129
16.6863
13.8255
20.9632
12.9531
21.5741
12.9688
19.0037
11.1201
10.7031
12.0924
19.6791
11.3992
20.5167
28.4465
22.5724
17.7627
12.3484
21.893
20.0933
15.0502
17.2421
27.6169
14.4811
12.6735
13.4779
16.5353
11.5412
12.8904
20.7167
13.3461
25.3675
20.2284
14.0008
12.1089
21.5466
13.9167
18.5425
18.9245
16.391
12.5627
20.0654
30.7821
22.8342
24.9008
14.7023
16.1413
18.6213
11.8993
13.761
12.9913
12.1357
11.3204
12.9682
24.2877
13.0352
13.53
13.6786
12.3092
24.8129
12.1592
29.3117
16.896
27.0773
12.5435
30.2855
17.2651
21.3219
12.0811
12.3954
11.3107
24.3571
25.826
26.532
16.338
21.8053
11.8348
17.2779
11.7027
29.7627
14.0003
13.4405
23.2199
16.4578
16.2271
16.1514
13.1833
14.924
11.5777
12.9248
13.709
13.4363
23.6657
13.1191
22.0263
16.5427
12.8222
27.6914
16.5711
13.8285
12.9434
29.4148
17.4782
25.8324
24.4742
26.1734
14.0224
12.3625
11.9181
13.8759
15.3007
15.1167
13.5977
13.297
15.5195
12.1604
31.3544
21.2923
14.2025
13.0031
12.838
29.6667
14.0881
17.1761
14.2833
15.0633
12.7797
24.7365
29.2279
18.2571
22.7047
14.9749
22.1118
18.3601
13.1052
16.4853
13.264
12.3465
12.6367
26.936
13.9728
12.9588
13.7793
12.7073
25.0384
13.0651
20.1826
12.9137
15.6195
12.2301
28.4051
27.2963
26.0485
13.8126
14.756
28.7323
14.883
27.9032
18.1786
18.6227
26.2654
15.8545
12.9819
21.6226
17.2298
28.2566
13.9031
16.5988
14.9297
25.0509
13.9632
29.7185
28.2292
15.707
23.1404
26.561
26.5583
13.8609
14.7774
14.2287
14.7989
15.9275
13.868
13.6333
17.2884
13.3625
22.0063
25.0728
14.7052
24.8118
13.8209
23.6014
29.7689
15.1853
20.0216
19.1921
13.4043
29.1592
14.9288
18.2626
13.3752
14.0338
25.018
23.7188
16.2249
12.3932
21.3636
13.922
21.4191
12.7169
26.0633
29.4686
14.8151
15.029
16.6472
16.258
14.565
26.5605
14.2969
21.6821
23.0847
16.29
20.1077
13.2599
13.6796
13.5093
14.382
13.9374
13.0135
18.7935
13.7116
12.6768
18.6109
16.0111
18.4157
29.6642
13.8126
26.382
14.4189
18.2697
25.8344
14.393
24.29
33.0291
19.9327
23.2479
14.5497
16.0391
13.0842
15.3633
28.2754
27.3858
16.643
17.5132
13.5485
13.7991
14.9297
13.6043
16.0052
30.9131
12.9488
32.3446
21.6141
16.4678
12.9439
16.7837
13.6434
13.5003
27.5094
14.613
26.6058
17.3428
21.7426
12.2888
13.7199
12.2632
12.8248
15.488
16.3123
14.4647
13.5185
12.6619
25.0718
12.7396
27.2213
16.3047
13.3781
16.5439
26.9058
19.4673
26.428
13.2667
28.8901
18.6718
28.0304
16.4514
16.863
13.1315
16.4084
26.3995
15.4056
14.7806
14.6209
13.2192
12.2422
14.9409
24.8119
14.5825
14.4937
25.1015
20.1366
12.6263
34.9155
18.6556
30.314
17.7543
21.0603
12.4673
15.8401
13.0933
14.7606
25.4747
15.9416
17.7625
12.6823
14.3754
13.1866
16.4029
13.9321
13.891
12.5679
20.2015
13.7889
22.3009
16.8934
15.3543
35.4201
19.7848
18.9802
15.7132
27.659
14.5378
16.6843
14.2861
14.1156
22.4132
14.0709
26.1442
15.0086
15.3976
13.4212
27.979
14.9676
31.6264
15.8141
14.7679
13.4207
12.7249
23.9802
24.2783
14.5125
26.5889
13.2803
13.3984
13.5786
26.0353
12.8544
26.2575
26.3543
18.4598
26.4278
14.1726
12.0075
17.2536
11.5909
11.4875
14.1882
16.8333
14.2984
23.5489
13.2091
14.3149
12.5641
15.2678
15.68
12.3777
23.8639
13.4482
15.9316
12.5298
14.6129
25.5529
23.2445
12.5828
12.7151
21.6801
13.5463
18.0341
12.5359
22.5572
18.0003
13.6023
14.8384
13.3864
15.9877
12.7379
21.0581
17.295
21.263
12.9049
13.0549
23.5218
14.2719
16.8183
13.028
14.2704
12.5944
15.175
16.18
11.0639
22.4771
19.8314
21.2984
12.5077
20.1732
14.463
18.9006
13.4312
30.0588
17.3301
12.2315
27.3351
13.9702
24.7053
19.4179
13.4201
19.2626
12.2497
30.6258
15.455
27.3938
14.296
25.2184
21.585
13.4636
12.6045
21.8686
15.3773
30.6325
21.409
24.3975
17.2712
19.5485
12.8657
14.6869
12.0204
12.9596
13.4091
13.6174
14.2603
21.5107
12.2682
18.3342
21.7801
13.0089
32.5477
20.137
20.738
25.5058
13.4781
23.5376
15.8526
21.9653
23.0466
11.96
24.5582
17.867
10.9899
22.3728
19.8002
12.8988
22.5254
24.8478
13.9713
29.4368
14.2559
26.2984
13.1517
14.906
17.191
14.4562
27.9545
19.3639
25.8507
13.7993
24.8115
11.8527
26.5138
13.8714
13.758
17.9193
21.4458
12.165
16.7092
15.2284
13.1565
11.4759
10.3509
11.4051
11.9608
14.568
18.2148
13.5421
16.5496
13.877
9.18925
18.3909
11.7302
13.4289
12.9705
17.0358
14.5654
16.4579
10.0773
9.80218
9.49873
13.8819
15.0765
15.8577
8.56788
10.9593
13.7029
17.3652
9.88493
13.998
7.80615
13.1763
11.0886
20.7517
19.7559
10.5523
20.4696
11.0937
8.5896
13.583
9.41953
8.8467
15.5809
9.31014
12.8848
11.0484
14.3851
12.5406
13.1527
17.2254
8.05056
11.3482
10.0589
12.5347
8.37818
8.09594
6.45911
8.27477
12.7708
11.262
10.2593
6.8503
9.12418
9.91178
10.5827
11.5463
12.4736
13.7323
15.1765
7.19124
10.6948
16.137
14.5465
8.91201
18.1751
13.7108
15.448
13.2557
17.7238
12.5847
14.7651
13.6337
9.86754
13.71
16.7366
5.9732
16.6514
13.6557
6.93286
14.6147
18.2752
10.453
13.7371
17.1558
14.7319
17.0267
8.34265
17.3243
12.2777
12.4008
13.4631
15.091
21.829
12.693
17.6354
10.37
11.234
13.0312
19.2737
13.0255
13.0861
10.8433
11.096
12.1998
11.1679
15.5396
10.738
12.2619
13.6991
10.1218
11.5927
16.4418
8.8828
15.4379
10.8721
17.4039
9.78229
10.7557
9.45302
9.12894
17.5605
20.4007
16.4053
14.1535
17.2965
14.8164
15.3002
15.0428
9.9726
8.7731
11.4669
17.4573
10.465
19.1601
16.257
10.1809
14.3713
19.2506
12.2345
18.1377
10.1746
16.4444
8.78079
11.3922
19.8364
14.576
10.0136
20.4494
13.7765
12.906
9.8801
13.2873
12.1156
16.3202
11.0795
19.585
10.6039
12.8917
10.3779
17.5218
10.8431
16.2315
13.5697
10.0643
9.03668
7.51065
17.6757
12.8415
8.07523
15.7035
10.4401
9.9587
18.1908
7.40471
12.5286
18.5546
14.709
14.7486
8.87659
12.275
8.39761
16.6663
9.77841
22.0012
10.3576
7.56894
8.47418
9.64901
14.171
8.66362
8.54195
7.43081
8.19757
14.173
13.5467
11.1931
9.134
9.73414
17.1983
10.1047
7.73708
6.12703
8.69398
5.64996
6.15769
7.93128
10.3948
13.0575
14.1475
14.7073
9.84559
14.6089
15.2602
12.8574
11.9161
14.4232
15.646
9.80408
19.1716
7.72408
10.3184
7.74608
18.2377
10.5154
7.57959
10.2504
17.0651
7.62542
9.69196
15.483
7.59555
7.41027
15.2357
8.50068
12.3444
10.2859
12.0596
11.1413
10.5143
7.74994
19.6869
14.8083
10.8932
8.06811
8.86221
8.36705
18.0271
17.7351
12.3455
18.2679
12.0257
10.8264
11.4229
20.5059
12.8039
13.0363
9.68952
14.1639
19.0049
10.4119
17.8915
9.45494
16.0563
18.9376
12.0892
10.6157
8.19965
9.94549
7.73824
9.49147
8.9815
8.34201
18.7263
13.1996
21.4133
10.7516
9.43025
8.09133
10.2232
11.4075
7.62855
9.09067
9.35978
13.9787
9.59852
10.786
8.42552
17.9427
20.1185
18.7806
10.2299
11.073
13.5642
10.0669
9.83855
9.34705
21.8166
11.6754
9.63419
11.6735
11.0818
10.1495
8.91841
10.9344
9.89512
9.98207
14.7652
10.9106
12.9123
9.11397
17.5824
14.5334
12.6147
19.189
10.5446
16.5047
8.13406
13.7904
9.21589
9.74361
9.03155
19.2271
15.1283
11.9212
8.07011
9.99878
10.3366
9.64925
9.81977
12.3758
12.426
8.66437
9.56412
10.8602
11.5899
8.44421
9.74378
22.3984
12.4869
24.0111
14.9463
15.0816
11.0358
18.9657
11.1028
20.5693
9.84673
12.3916
9.29555
9.85839
11.1264
10.6891
12.4219
10.8725
25.5502
13.9873
10.4788
16.2647
8.04753
14.9564
12.0713
9.99822
8.35242
12.4192
10.1825
7.78354
9.86213
15.6671
11.406
15.7838
11.753
8.60178
11.7862
15.6057
15.4189
16.8094
10.9907
12.5965
7.06384
7.16032
15.2027
10.3736
9.14893
15.6121
16.1309
9.36275
9.8634
14.7417
8.63766
13.5439
6.66554
8.37619
18.295
12.6936
15.5271
15.1498
13.957
11.5782
6.10971
10.4715
6.13026
7.57846
5.83593
10.1575
7.2114
7.7508
8.40333
11.8191
17.8726
16.9437
10.9541
9.76891
20.4112
10.8511
14.8222
17.2756
7.20831
17.4053
14.1438
9.33612
8.92338
12.4036
11.7348
12.4777
18.1067
14.5845
9.55275
14.7117
10.5514
9.93883
15.9195
14.098
17.5095
10.0909
11.0274
7.93885
10.3552
11.1794
15.395
12.4491
8.22297
8.82163
15.9399
14.1068
6.52027
13.2571
9.15743
8.93057
13.0873
9.11311
10.5143
10.8292
9.65763
10.5125
7.70975
7.74528
8.82973
14.7472
7.47003
18.7655
8.27126
16.6682
17.9556
17.6265
6.9363
15.1908
17.1864
8.75822
9.64409
16.439
12.6698
9.73292
17.5749
7.34096
13.825
12.3137
8.21293
8.86368
8.61457
17.3581
6.78016
15.1815
9.85007
13.1955
16.4734
21.6744
8.86583
11.9031
13.3009
9.11991
21.3739
12.0492
17.2979
13.8268
13.3076
12.6134
20.4255
11.1273
12.8875
13.7181
18.4999
11.1909
16.9318
18.4122
11.2919
11.4033
12.395
11.209
8.04121
15.7005
11.0738
8.0831
8.11039
18.5909
15.2515
10.5181
7.73665
10.6648
13.5835
8.93068
9.26852
16.222
11.8262
10.452
7.79541
16.8567
8.22649
6.85792
6.93623
14.9264
10.2048
10.0679
10.3565
14.8339
16.5513
13.1608
8.41014
12.1262
7.62374
8.25301
10.2049
15.1739
10.5901
9.36
13.4457
9.3542
16.0091
10.9625
12.9606
12.817
18.1006
11.8772
10.9965
13.6389
14.2017
15.2497
7.35353
15.1876
11.5378
11.9861
13.9522
14.5885
8.28778
11.3811
14.7066
8.84666
7.55978
16.6483
6.66246
9.187
9.48551
9.47336
15.699
7.14279
12.9247
8.00656
16.8237
7.15108
11.5973
15.9613
9.71775
7.23287
14.4677
8.93524
11.5083
8.70887
8.25608
10.2046
15.7679
16.0839
10.2498
10.8351
18.4435
10.9071
11.8549
11.717
8.65146
12.6347
8.42297
12.1117
10.1003
9.86012
11.0258
8.89326
12.2233
10.3508
16.2986
11.0796
9.02244
18.5323
15.3786
7.75734
20.5441
9.2563
14.4277
11.0264
17.2813
9.90711
12.2622
10.4814
12.649
18.7831
13.3167
12.0324
17.152
15.3626
19.1793
19.246
10.1634
9.56794
16.8415
14.8623
17.871
15.105
19.0426
14.6334
19.0478
9.8592
9.67821
15.2172
13.1737
19.3869
12.5819
9.58201
17.8046
12.4684
10.0203
15.318
15.3125
15.7231
9.24681
9.26324
7.98516
7.46274
6.73272
13.5476
14.4308
15.8603
8.92027
15.5386
10.8991
10.6584
12.2015
8.9861
13.0599
14.7396
9.57874
11.4711
7.00724
13.9509
11.7946
11.6411
16.3538
13.1022
9.69503
6.68403
9.00489
20.2915
11.9987
15.5377
13.6115
15.8963
14.6287
15.3095
16.3781
9.51018
18.6082
11.0259
17.1023
11.4743
10.7183
16.5711
13.2965
15.9637
17.2845
7.1736
15.2952
14.985
11.3397
8.88737
15.6947
16.2012
10.6974
12.7636
7.83356
7.61073
7.04802
8.7406
16.4528
15.4778
18.7676
9.92469
8.80349
7.84258
14.359
8.96328
9.61201
16.9428
10.2286
17.4019
11.9685
19.0553
17.8157
9.25579
17.0575
19.6915
15.1294
14.1726
20.3064
21.5773
15.9626
12.5958
8.37116
10.5933
9.30097
15.1231
10.3957
8.44997
10.4604
13.4108
14.3806
13.8733
8.86492
22.2361
12.4641
11.219
17.9392
18.0837
10.913
12.6929
21.1406
11.8104
11.0001
10.6882
10.1658
11.5449
22.187
11.456
15.8106
9.96404
9.11389
17.4615
10.8449
11.4505
9.66756
9.8218
15.7985
18.2201
12.5262
16.5297
9.53939
13.4585
9.61384
12.7433
8.63361
17.0707
10.6215
13.1806
11.899
11.2969
8.3229
9.31829
19.3422
15.4173
16.9079
7.63383
15.2925
19.8148
11.1789
5.69872
7.60684
6.89771
8.95982
10.2185
13.7703
14.7201
8.60975
15.6897
5.50469
9.81405
15.102
11.4396
13.5062
9.39469
13.9306
13.413
8.41787
8.90099
11.369
6.99586
16.1064
16.0887
9.94251
9.31929
14.8388
11.8968
17.6023
17.9707
15.8022
14.1313
22.6199
10.8551
11.796
19.0707
11.8371
8.2936
12.9212
7.67438
12.6895
11.799
16.6657
8.15439
9.41904
7.27361
15.2061
11.4762
9.95616
14.3301
8.5194
8.23235
13.619
10.2217
13.0414
15.8952
8.71895
10.218
10.1572
9.76069
15.9298
10.8304
9.87982
16.6337
9.8735
19.353
16.971
6.99159
10.061
9.24085
7.1116
10.1533
17.9847
16.2074
16.5937
14.1574
19.8402
9.08516
10.4054
14.9673
11.0515
8.80619
14.9223
7.99906
12.7773
8.60979
8.77467
10.4695
13.637
11.9789
10.8484
9.77204
17.0049
12.5137
17.1249
18.8894
13.9583
12.817
7.65761
13.3946
8.52638
16.0518
10.2072
8.84306
16.1371
18.4026
13.4664
16.9791
11.1496
13.3202
11.8113
13.9162
16.2768
10.0778
9.24926
12.267
10.153
8.59116
13.261
8.53758
8.53154
15.7493
15.9509
10.2841
9.37995
15.9318
15.0969
11.7563
8.94137
11.5586
10.292
9.17443
11.0451
16.3279
12.2728
12.8908
15.7566
18.3689
9.61929
19.9069
23.0353
10.7966
9.7816
14.099
10.1283
15.9917
13.0242
13.3821
21.3658
11.2041
11.2914
9.59407
11.2275
16.3793
16.2979
20.8545
17.704
12.3167
18.9205
7.25777
10.7257
16.9247
7.94268
9.77569
12.4687
11.787
8.52141
6.95943
12.5125
16.1265
11.274
9.9859
16.0753
14.153
17.6565
8.81785
13.4606
10.565
7.58496
14.3595
7.16829
7.33597
10.3545
9.12914
9.49915
8.27835
14.2188
6.42658
15.0885
9.35843
13.5245
10.6556
7.77346
7.03045
8.53656
6.88861
11.7293
9.92665
11.3886
9.47619
19.6429
14.2032
11.9028
16.0628
9.45059
8.93458
21.0226
9.37187
15.1498
10.3886
8.25114
10.3016
10.7426
9.40413
15.1952
11.4891
9.57789
9.99867
10.6861
6.7102
14.3619
13.4711
7.6495
15.0061
13.202
12.7169
9.66179
13.1529
7.22964
9.25767
9.07884
13.7802
15.1055
17.4972
14.4734
9.53373
13.3451
6.85179
15.6339
13.3411
9.67674
9.0367
11.122
10.3646
10.541
12.5712
10.3854
12.7522
7.72289
8.83067
9.6621
16.0762
6.92335
17.805
14.6667
17.5999
14.7151
11.9954
13.4834
14.8805
9.91889
10.6839
14.2543
9.32912
18.6067
13.4425
12.2189
10.8161
17.2936
10.4479
9.83493
8.50133
23.0162
13.7984
18.0546
19.6607
12.1306
13.7621
20.1059
15.5696
11.3006
12.512
18.3805
8.13053
8.07062
18.9131
18.0396
11.127
12.8574
10.9439
22.2906
14.494
9.71202
20.9847
11.95
10.746
15.7626
14.7121
9.94351
13.1991
16.9861
9.26922
12.2226
8.41821
9.14105
10.349
16.7195
19.4855
15.6924
19.6819
12.0743
16.1972
16.0775
10.9619
18.1517
12.7698
16.2748
11.3715
10.4085
8.28682
14.4864
15.5561
8.00601
16.0603
7.0461
15.7846
14.7252
17.5275
13.9327
13.1607
9.92715
10.8754
12.5453
10.8667
16.2524
13.6646
13.4254
11.0286
7.60337
12.1625
8.18622
10.4526
7.99775
11.202
11.0838
15.3383
15.2979
8.54287
10.6932
9.11139
9.03805
12.3138
9.12483
9.25618
9.89331
6.29733
14.1509
10.4727
9.4708
15.3434
10.1633
8.42523
8.65288
6.29898
8.97218
11.5302
8.22605
8.40459
8.81634
7.21908
13.5336
13.4834
14.7415
17.4552
11.8982
11.6993
13.2006
7.20498
12.6188
12.0532
7.26894
6.13478
9.25167
13.3934
10.073
13.835
11.8111
17.0543
12.0341
8.94835
7.81047
9.40699
10.3158
7.76022
8.63058
15.2274
12.4384
13.4882
9.91517
16.2263
11.2556
8.97244
8.1719
13.1858
10.1083
12.1065
8.15128
13.9391
18.9716
18.3383
19.4181
12.3696
18.9866
17.7507
20.5264
13.1074
20.1557
13.7064
10.1583
17.7333
18.7397
14.5203
19.6811
14.87
23.277
19.4
17.5965
12.9916
17.1938
20.5352
10.4902
23.7144
11.696
16.4315
11.0718
20.3771
18.8173
13.0918
10.3857
16.7873
11.5949
13.4279
20.8141
11.8784
13.1816
10.581
10.5307
18.2913
11.3633
18.8628
20.5325
15.667
14.8676
17.3697
10.0556
12.077
17.2221
10.7037
9.55735
9.62964
9.69153
10.4714
15.4956
9.98094
13.5669
14.1653
12.4201
15.5386
12.9956
8.21534
16.5948
16.6658
13.9554
8.25377
19.2603
11.2313
11.6128
9.66944
16.5512
7.57962
17.0716
13.8911
14.7744
13.6854
10.8664
9.45451
10.6626
7.60631
12.2103
7.43129
8.38284
9.28334
16.2166
10.9988
18.6005
8.94767
9.16045
18.4327
11.4054
19.314
9.03779
9.57031
10.2046
7.34672
8.12201
18.5663
10.5953
11.3424
14.0827
8.41555
17.6116
11.8777
17.9832
12.6388
17.8797
15.5397
14.9005
10.1424
8.79627
17.9849
10.8657
8.57881
8.16754
10.244
11.8435
8.62882
10.6076
13.4305
8.69415
8.29879
19.2073
13.1538
14.1027
15.4787
9.88642
17.086
10.6949
17.1528
22.5308
21.3583
19.7581
13.2413
8.18032
10.774
9.84125
18.4965
11.1632
19.3437
19.9206
13.1095
9.3257
10.5927
16.2744
10.6149
20.2157
16.5533
9.53374
17.075
10.5419
9.51921
9.83998
17.8033
11.4407
21.4819
10.4947
7.7108
8.35082
8.64561
9.7409
15.4417
8.95382
8.23097
7.97771
17.0223
13.364
9.26186
11.8892
7.97236
8.09984
8.08649
12.2339
15.5297
14.4228
19.1296
14.0906
15.5523
13.8688
9.9648
19.8928
13.3559
9.74323
10.0404
15.2946
7.43925
16.8258
10.8203
8.04463
7.31067
12.7437
11.4672
8.38213
7.49156
15.1562
8.27187
15.2804
18.1383
17.2544
8.05128
13.5432
17.7178
11.7333
16.8338
11.8779
9.18831
11.3824
8.21028
7.84529
18.8353
14.3891
9.51332
20.1903
14.2163
8.11784
15.4467
8.50403
13.6812
7.7614
9.352
12.5385
15.8105
7.248
17.0133
16.5667
16.9063
9.21892
18.1657
13.5993
9.44665
8.57965
17.4413
16.0316
17.2364
16.8169
15.0188
10.8878
14.379
14.2182
8.32227
10.699
11.5054
18.6456
11.4191
8.8285
15.716
15.1051
17.487
12.8273
19.2935
16.9209
14.9006
15.722
7.18327
13.2935
10.7507
16.9329
13.0014
13.6083
8.29307
12.8803
11.3069
11.7622
13.9749
17.2137
15.7502
10.8083
19.0311
16.3097
17.2047
17.1339
11.9276
10.3476
13.9409
15.5729
9.51786
17.9513
16.7701
12.1012
12.4989
18.7028
12.1883
6.73261
14.7542
19.2536
14.2895
7.43115
7.90431
15.8478
8.80979
10.7328
12.2043
12.1053
16.6755
17.5277
16.262
11.7592
10.7187
14.6627
12.976
12.8944
18.3992
12.9229
8.38774
12.6195
14.5092
14.7688
12.7589
11.1691
7.07601
12.3166
10.2146
13.3578
11.1505
15.2361
13.4991
16.9897
13.5089
9.89795
15.6004
8.92379
14.8159
14.8462
12.6611
12.5324
8.51369
16.2503
9.05428
7.41635
7.41873
15.2043
13.9378
13.4059
7.78774
12.2283
11.651
11.0072
10.1123
17.7246
10.9442
13.5971
14.8973
13.7206
15.5363
18.9197
8.88113
8.59254
17.2069
14.2603
10.5578
10.9918
12.5387
7.60266
7.97071
6.47159
7.10003
10.2434
10.1959
14.3621
14.6334
12.4584
8.20932
8.05984
12.2428
15.2555
13.4532
15.4749
9.48158
16.2188
12.1603
13.3306
12.3186
10.7515
11.9306
14.4607
17.7965
7.32293
8.67633
14.7868
12.5937
11.6115
11.6943
10.4095
14.7836
14.6285
9.88283
15.3346
15.2398
16.1847
16.1995
13.3091
17.4539
8.26035
14.2284
10.5429
11.1741
13.4849
12.7524
18.0027
15.5499
16.8039
16.8943
17.218
15.1683
9.52912
16.3663
10.7843
17.1204
12.1699
11.5546
12.3873
15.1352
12.1824
16.1293
17.3481
19.3834
7.20855
17.8714
11.6765
19.2146
13.1522
11.7024
15.588
18.0633
11.8649
7.96287
11.5708
11.3921
17.4138
17.7177
12.5924
13.0327
18.8877
11.8242
9.36259
11.6592
16.4547
14.2778
9.24425
10.0397
10.503
12.6046
15.6044
9.57333
17.5559
11.6917
18.1863
12.2548
9.43429
14.6182
16.0302
18.1776
9.96056
11.9532
8.45513
19.0539
11.0184
18.2755
14.0989
10.5481
15.6932
14.5242
10.2773
9.18424
10.3121
14.0746
9.97426
7.61641
16.4294
15.9645
17.3705
15.8572
17.8388
12.1463
12.6647
10.9182
8.33239
14.4426
15.3939
14.901
12.0217
11.3833
16.2422
16.5635
16.665
12.4377
12.8884
16.5794
11.0858
10.4572
17.3149
16.5626
10.1333
19.76
15.7842
10.0858
14.1015
7.89624
15.8739
13.2955
11.1215
9.78278
9.21406
16.9173
7.21409
14.8504
7.67826
13.1894
7.21554
10.2385
7.43845
21.121
11.5561
12.5156
11.2382
10.7836
9.25847
10.9564
11.7879
16.2468
9.13176
9.44386
16.768
12.7179
11.6877
13.8375
11.1332
18.0544
17.1276
12.2542
15.4977
9.78474
11.0937
8.6203
14.4625
11.8438
8.86559
10.1446
7.02015
9.35873
8.45366
10.0124
11.2764
17.6965
8.1814
23.3371
23.0431
5.45502
12.7181
7.64091
9.80563
6.79836
11.4325
7.73956
7.61799
14.8368
15.8053
11.6618
7.9597
8.98479
16.1201
10.8337
11.435
10.5992
16.0102
7.98914
17.7383
12.5372
22.1997
15.894
11.6572
11.8969
14.1288
18.8372
10.1291
8.37379
9.44471
17.7379
11.0889
11.3169
11.7403
20.777
18.854
18.4371
22.3116
9.81283
15.7301
13.4817
12.6861
14.2723
17.4965
11.2465
11.9158
19.2649
12.2161
11.3885
12.1055
17.6066
19.1369
11.7007
18.6842
10.5071
16.1607
10.1666
7.68485
17.2252
12.1471
12.8836
20.7228
13.4909
18.9092
16.983
12.6263
8.81087
9.32453
14.014
17.0113
17.4964
10.9382
17.3855
11.4606
11.3109
10.9036
14.7006
8.54659
7.4037
19.0648
17.4333
8.06291
13.12
11.4703
10.6092
16.957
8.87131
18.2935
10.5508
9.1317
8.58401
9.22412
13.3464
19.7505
9.25607
19.3445
12.9838