67.3134
49.1023
47.8259
47.5897
48.1878
50.1643
47.4076
67.116
46.3851
47.8399
48.3013
47.3133
48.1779
52.6449
69.2314
47.5742
48.7153
46.5922
48.7231
48.2554
48.1723
50.3928
50.6438
48.4022
51.3862
48.1747
51.3821
58.8668
69.1144
65.3734
50.0988
51.6104
67.3641
60.7729
48.761
49.5731
49.752
49.4205
69.5121
62.0434
63.9971
47.9359
51.3076
48.6594
47.4765
54.714
56.9626
49.8943
72.0661
50.087
83.4431
54.9871
48.3087
52.1397
59.832
50.0128
48.674
49.3692
49.1546
48.5429
48.1264
47.7102
48.1846
64.7003
48.1406
72.2745
48.5554
47.4127
52.1751
47.3019
49.7922
48.608
67.7624
47.807
50.3043
48.2821
49.8271
61.9704
50.107
58.22
48.5889
47.3389
46.0683
44.0879
64.1962
44.7916
45.4978
44.5785
45.7858
47.2786
46.6562
45.2019
43.5625
44.4897
44.3929
43.3608
42.8284
43.8
43.2016
40.88
40.8415
40.8279
41.7199
50.1256
50.0922
42.6522
57.1314
41.8726
42.8659
40.9616
52.099
80.5778
47.3263
44.5103
44.4462
48.4599
50.6114
44.3675
47.2889
49.4656
51.0362
52.268
50.0855
49.3883
53.8599
49.1492
45.4629
44.3058
45.0691
41.4926
42.848
43.3757
41.1202
42.6442
41.6942
41.3757
41.4371
42.7111
44.1785
43.1732
44.4527
42.7933
42.973
42.6473
51.198
39.7949
41.9048
42.9324
41.7115
41.7032
69.4047
47.1373
46.226
64.4254
46.1582
46.7578
48.1605
49.7027
49.2962
49.2635
50.267
48.9427
49.5309
47.5247
49.3449
60.7707
46.201
48.3342
45.7785
46.5923
70.798
45.7368
46.0535
48.7667
44.9969
46.8994
45.3001
42.8439
43.5844
54.9826
58.4716
45.9329
43.5377
44.082
62.6017
44.6498
47.175
45.9944
45.4584
63.6442
62.4099
47.2351
45.7438
46.8079
44.2852
43.5839
45.4095
42.6923
41.4035
42.029
42.4798
42.7876
42.0569
76.9847
43.7766
42.621
40.9068
61.6989
38.8216
46.8957
53.1979
54.3168
39.8595
55.0394
40.5829
40.9244
42.8038
42.5934
41.8957
44.7793
41.5131
43.1305
40.775
54.3149
38.62
43.293
43.6434
41.4547
79.5696
50.3519
59.2552
62.262
45.1895
45.7396
46.7207
52.2101
60.2146
47.0092
47.3795
45.1746
46.3907
46.5381
51.396
71.8777
72.6849
58.9613
46.2717
49.91
46.7219
61.3473
47.3184
47.6758
45.8564
46.1286
46.1951
48.9049
46.9872
46.8195
48.6876
49.2255
45.8826
64.091
46.9301
54.1099
47.297
45.8653
48.3635
46.1851
47.5726
49.4487
58.0049
47.5454
47.8147
47.0511
46.9801
47.5184
46.3411
80.0441
57.5502
59.652
47.2782
46.8543
45.5439
51.6848
46.3677
46.7591
49.1918
46.5203
47.6199
47.0265
46.7012
46.8881
79.3143
73.4962
49.9153
46.2771
47.07
49.2634
46.9975
58.3219
47.2642
51.2871
45.925
45.0459
47.3769
46.3214
45.2521
45.2456
65.1301
47.6044
46.804
78.8608
51.1399
49.4247
66.4942
49.4094
47.7016
49.2211
48.4799
46.5704
48.2947
49.0109
46.7379
46.4427
47.3472
47.1835
45.9871
47.3321
48.2761
48.6053
48.3396
47.1981
46.0154
47.038
47.2457
47.8151
65.8481
90.1172
64.849
46.0335
47.3224
45.8844
61.5581
80.92
47.0778
46.6594
52.9795
44.6773
50.9977
46.3305
46.6196
52.138
47.1525
45.7741
46.5999
47.9266
47.1983
47.2589
47.8073
46.5574
46.6456
47.8289
46.1957
46.9036
55.6121
46.5284
47.5154
59.2391
58.1492
59.8364
46.9527
46.3572
46.7601
46.7217
45.6782
47.148
46.2808
48.1426
48.8695
47.5652
66.4978
46.8465
46.994
64.3402
47.0376
46.9554
47.8071
47.424
49.4184
46.2063
51.768
52.0289
45.3779
59.2412
46.4471
45.953
47.4132
46.5486
47.9715
47.9813
45.5615
46.8427
46.7118
45.5678
46.1738
79.7147
49.7021
48.0617
45.9426
46.9429
68.9333
48.4755
79.5355
47.0132
47.8841
46.9956
43.8118
46.9744
45.4957
46.886
58.5157
45.923
42.6634
41.5428
42.7824
40.316
40.5931
40.6868
41.6644
66.5922
41.0494
39.9399
40.7447
52.8633
39.2602
37.9894
38.5252
37.4649
37.4439
40.7405
39.6649
39.4786
39.8751
39.4737
41.0602
48.1584
43.2356
41.3974
44.156
43.9048
40.9802
42.6841
41.0637
41.6866
41.3509
77.185
41.1072
40.9688
41.9805
42.6977
43.4515
44.7173
43.8949
41.2959
42.4596
53.8747
44.8176
42.2071
44.3097
72.63
59.3944
42.8525
43.2526
44.8823
43.0713
44.4212
44.7044
44.2916
43.9069
45.9111
45.2953
44.1031
45.1356
61.4268
43.865
43.2566
42.7468
45.315
44.0686
41.718
54.5882
42.5268
44.6734
43.577
43.0199
43.8947
42.3208
42.2526
42.8423
42.6746
43.3571
93.8627
44.5217
43.3933
42.9701
42.5447
43.2716
44.9788
44.9923
43.2048
42.0357
43.0256
40.0597
41.5982
42.765
42.2529
42.1619
42.988
43.372
73.2072
40.4063
40.457
41.5864
42.3209
42.1806
43.3924
63.3456
77.6027
42.1855
41.812
42.378
41.4126
43.203
43.8088
43.4024
43.6235
43.8682
46.8148
42.1983
43.0219
45.4804
67.3522
43.7304
43.9354
43.7462
43.0148
55.9774
48.5671
52.862
42.999
43.3524
45.0688
44.5484
42.7441
53.1813
44.7259
43.331
44.9483
44.6616
44.9946
60.3113
44.0455
46.3455
66.1569
60.8491
42.9612
54.512
45.3019
44.6289
43.4457
43.6097
45.0773
44.5687
45.0155
47.2703
45.9547
54.7274
47.6578
47.2475
55.8768
78.0703
62.399
45.3744
47.8249
46.57
45.9765
45.9304
45.27
45.9232
46.3239
61.6859
63.4616
45.5701
45.0732
45.029
44.7091
44.4857
47.6675
46.4338
57.9326
44.7895
44.2953
45.6722
45.0825
63.9383
46.7037
46.5003
45.8412
50.1108
45.7509
47.191
44.819
46.9683
45.4739
45.9828
44.5158
45.1537
46.9309
45.0599
45.9039
44.2882
45.2527
46.1538
45.0647
45.1589
44.2997
45.147
48.7176
45.8347
46.2317
46.2188
46.2408
46.8495
45.0758
48.8133
46.9823
52.8267
46.0412
46.0929
47.7539
45.2775
45.7335
69.391
44.6404
60.7573
68.0975
53.6897
44.7928
50.3857
46.2485
45.8386
44.8178
46.1889
46.8377
46.149
45.2405
44.8314
47.8311
46.4878
78.9564
64.6324
45.7711
51.9626
46.1584
45.8095
45.9623
47.2526
47.3713
46.996
45.7482
46.8671
44.7363
45.9471
45.4517
44.9638
43.4902
44.9022
43.6215
54.7374
42.8689
42.6656
43.8136
43.7887
45.3595
66.9968
44.0439
42.3073
43.7805
45.1944
45.8197
45.6246
44.6487
44.8287
65.8475
44.8522
58.6457
45.4208
62.9115
44.7064
46.9752
47.1225
48.0381
46.3036
46.7023
46.5474
46.9232
47.1732
46.8558
46.9064
48.9858
47.6466
46.2441
47.4728
45.0261
58.7628
45.1057
46.0709
44.9972
45.2159
45.0181
46.0795
57.5857
73.7706
45.5567
43.7659
51.1528
42.4525
60.6385
44.8145
45.986
44.5603
43.0665
43.0753
83.8919
43.8027
54.2843
63.4838
42.9871
43.441
70.873
43.081
44.721
42.77
43.1071
41.3732
42.6126
44.0034
81.3605
44.5863
44.0908
42.2788
44.2418
45.893
51.2736
44.279
43.2835
44.7099
43.7447
44.1118
44.1927
43.997
45.1635
43.3269
43.6756
44.3696
58.7459
42.3997
43.0516
42.5528
42.4795
43.7005
43.7031
43.4532
56.1153
42.6671
42.4014
43.5913
43.4803
45.0575
42.6468
42.5265
43.4484
41.9466
44.087
41.2569
54.0811
42.9013
42.1194
41.0333
57.6039
42.3327
41.2205
41.3679
74.6517
43.3372
41.06
42.4841
75.3276
47.8885
42.7087
41.724
40.6961
41.6835
39.7879
39.7727
39.9617
39.952
40.1055
67.7018
40.8082
39.3964
42.353
39.3426
39.3394
52.8601
39.536
40.7573
40.3066
41.3262
46.8768
41.6364
43.5501
41.7016
40.7691
40.3222
45.722
42.4896
41.2762
41.0082
41.5097
40.7271
42.254
40.45
57.4414
41.0633
82.5225
42.0327
59.2475
40.6942
70.4405
41.486
40.4678
42.5975
49.8339
38.4862
42.5248
41.6587
41.5606
42.6609
43.9369
55.3755
44.4932
44.8535
43.75
43.9991
63.5199
44.8778
43.508
45.7535
48.5751
64.5343
47.7293
46.9871
47.1401
47.6342
66.0467
47.7266
47.0066
57.9087
49.0412
48.3617
48.2623
49.182
72.502
71.0568
50.3366
52.9786
65.6224
88.8015
54.0509
60.5192
50.6306
50.5684
80.1868
74.5293
50.6719
48.4205
49.0383
62.018
51.2208
63.6204
49.498
80.073
48.0948
48.6494
70.969
50.3762
58.4428
51.2526
49.0578
51.1542
50.3186
52.345
68.6263
51.5921
67.5168
48.9273
70.3234
52.7465
51.7499
52.1735
53.0633
70.4701
51.4689
52.2265
94.9071
54.7717
51.7477
51.8599
52.1111
53.8309
52.6987
74.1898
52.9257
53.9094
65.0414
51.2049
52.3774
52.6153
51.1627
51.971
75.0394
52.5804
51.7595
52.0205
52.1716
68.4616
52.0111
60.0017
51.3535
55.9977
54.6187
52.1943
51.902
51.9371
49.7754
47.9139
49.3899
49.1341
54.6895
67.9833
49.7205
49.0945
48.7339
50.2947
49.7351
50.4899
49.435
51.4451
52.0669
52.008
50.5481
52.0244
52.4771
50.5776
66.6124
68.2597
54.1603
50.3363
49.2606
62.8625
43.7534
45.1154
42.6276
43.503
42.263
44.165
44.3401
45.5711
44.5851
45.1259
44.4785
44.1821
43.9978
44.5931
45.2153
45.232
45.2142
45.2907
44.8504
44.5715
44.391
44.1685
44.2029
74.8963
58.3841
55.6464
45.4714
43.4551
76.3915
46.1795
56.6279
58.2012
43.7887
52.4122
43.8689
43.7337
43.58
43.8475
75.0505
50.5071
44.2199
68.717
41.9363
42.2484
42.2742
42.3665
43.1776
41.7744
43.0235
44.1997
42.3918
42.0555
43.4503
41.8064
41.8674
42.5781
43.5575
44.084
42.2221
40.7633
41.1224
41.5185
49.3691
41.6819
42.9293
41.2648
48.289
44.3731
44.5228
51.9982
41.9689
42.1105
43.4261
50.5183
61.4792
42.3505
41.5505
41.3269
59.3238
67.5547
41.6063
41.3453
41.5902
41.848
40.3984
41.2733
41.4321
41.7211
39.3583
39.5552
40.7926
42.8356
39.7975
42.2059
39.6009
46.8432
43.7017
50.4791
47.8829
40.6049
40.2099
42.1127
41.6565
40.7825
45.3402
45.3454
40.2306
41.9375
55.543
40.3899
40.0664
41.3051
42.3019
41.9813
43.2762
42.6881
41.73
60.681
69.3661
58.6069
44.4738
42.6004
42.8499
44.2012
45.3551
46.1649
47.1583
65.0992
43.5885
54.1071
45.36
41.5506
44.4986
42.7354
42.2922
42.1527
44.2787
42.6858
44.0603
73.7322
53.9116
42.5678
43.1841
41.906
43.2823
43.0014
43.7482
44.6474
42.9724
66.3956
45.3093
40.4549
40.2096
39.5724
40.5091
40.7822
40.6928
40.5802
42.0661
45.6803
53.9734
40.1341
50.2254
41.1502
40.1405
40.8096
56.0968
42.6693
41.307
41.3738
40.2814
71.9182
42.7609
40.4464
39.8539
39.9585
54.9976
40.4295
65.5928
41.5815
41.9962
39.2389
41.4785
38.256
41.1628
62.16
40.2544
38.9001
40.7948
38.3885
54.4101
38.9331
37.5862
38.6711
37.8491
44.7351
37.0584
37.483
38.9914
37.3675
38.1637
38.0006
37.4247
35.9866
37.0145
37.1421
53.318
36.8125
59.0039
55.4436
38.0718
37.882
46.5761
35.951
36.0363
36.2294
36.4395
36.6693
47.6723
36.0151
38.9028
35.4195
36.0729
31.6582
31.3701
34.7567
33.4948
33.1758
32.7734
33.4988
35.9365
31.7261
32.1874
32.3958
31.6002
31.3811
37.8954
30.6166
44.0641
31.8039
46.9912
30.5886
30.6012
39.6151
31.226
30.5921
52.5138
30.5594
29.7487
33.1479
30.7948
28.5471
28.3852
29.7744
29.0771
28.7635
28.7887
38.1397
39.053
26.6679
26.7782
26.8084
27.0871
25.6219
52.4045
44.0802
26.5494
26.8125
35.9214
26.6055
25.4246
35.9531
22.1949
20.9268
29.2059
22.9182
22.9891
25.4312
24.1604
24.5025
27.4112
38.8651
23.8205
26.1217
25.7485
22.9994
38.3476
23.8524
25.3635
25.2717
27.5575
25.1991
26.4711
22.9573
38.6562
22.9373
31.6083
28.1464
24.553
34.785
33.1492
28.2401
19.8566
46.9007
23.4165
33.9651
25.6976
35.3476
20.1114
19.846
20.3169
20.6486
19.5043
19.2699
21.2204
19.4694
19.9622
19.6778
29.9118
29.7156
20.6486
25.1739
19.169
21.3652
18.8415
27.9063
20.9735
31.2651
33.5698
20.5135
19.2624
20.2276
24.0334
25.5193
30.1239
29.1343
33.3167
32.9787
19.577
23.3028
23.1895
19.1604
25.7225
20.8805
19.5187
18.9176
18.6869
20.1945
31.3091
20.0073
18.8726
18.1643
20.5927
19.1677
19.339
18.2851
19.4664
26.4114
19.0075
18.7789
17.2453
33.9301
26.7471
21.6171
19.1898
24.2558
19.9562
18.8985
27.8187
18.4211
21.9282
29.0089
19.5914
31.11
20.6183
30.3259
23.7007
20.2545
40.979
40.0485
36.1573
27.7192
23.1984
22.1412
20.8356
20.6927
29.1953
19.4234
20.8448
19.6877
26.4687
22.0856
20.7692
19.9031
32.4051
21.2951
30.9356
38.5683
43.7107
25.0621
32.3343
21.6834
36.2637
22.0117
24.6673
22.0328
36.0797
25.8812
23.8291
21.8771
23.3996
23.1356
23.1728
24.4602
22.4862
24.0411
23.6987
23.6928
24.4866
23.5323
23.1278
27.0213
33.626
22.1561
28.087
29.13
24.6685
27.0232
24.1343
43.2973
25.2853
26.0313
24.5723
33.9701
25.9819
37.0061
26.369
26.8608
26.0511
26.9837
27.0395
25.611
26.7665
26.7846
46.752
26.93
36.0107
28.3353
29.1653
29.2957
41.501
29.394
50.1868
30.9844
29.0854
31.1539
29.7738
32.8603
30.0044
30.7648
35.506
31.4464
31.3617
29.9997
30.6778
30.4969
30.8386
42.3832
30.1474
42.8015
29.8457
30.6096
52.3231
30.1515
58.3134
32.4264
42.8754
29.1051
39.8592
31.2749
31.997
31.9698
44.2867
32.7641
32.6042
30.6088
49.588
33.0805
41.6544
34.5781
33.1004
44.7382
32.7634
34.0578
62.6296
49.3282
35.2976
35.2204
34.8856
34.8455
34.5753
33.8919
34.2379
37.3276
45.2634
35.289
42.1434
35.0743
48.2844
34.8013
35.9404
34.0867
34.2585
35.4465
33.8073
34.0704
50.8027
37.0111
42.2101
37.5339
36.3996
61.0743
39.4356
37.1688
38.8752
38.3088
38.1415
38.3538
38.7911
63.2718
37.8965
38.7942
36.8233
53.7427
55.9913
36.1499
63.2509
43.1782
36.3945
56.1608
50.244
40.8487
37.1017
36.3461
35.6696
35.3276
56.0751
52.2224
35.3483
37.0915
38.6109
36.9796
39.0998
35.8392
59.3343
37.5362
37.2272
40.6905
36.7692
37.7782
36.9253
45.5208
37.9211
49.5196
38.1583
37.6887
38.1736
39.3628
39.8314
41.9375
41.2549
38.2307
38.5636
38.7755
39.2826
40.8644
38.0191
39.0626
39.6377
39.9106
38.7556
38.6418
40.3643
40.7034
56.8097
38.4316
38.4619
55.1993
39.1155
38.9936
40.4563
65.6121
40.5806
38.1523
38.9563
37.4499
38.1291
39.3655
37.3001
53.5177
37.93
37.8534
38.0311
38.3204
39.6709
41.0739
39.7746
38.8961
39.8538
40.5574
41.0626
42.3087
60.2049
58.9799
42.5849
43.4394
43.448
43.3325
43.0437
43.6791
53.2428
78.4774
44.3979
47.1717
48.132
46.5493
46.7948
44.4131
62.0652
45.6578
45.6321
45.4531
47.4534
49.0133
49.1466
50.2487
49.8181
52.2711
51.8459
51.7293
63.2897
78.746
53.8745
52.0939
54.4217
54.4021
53.5061
54.2026
54.1627
55.3041
55.0987
57.6243
65.0348
53.1664
54.7132
53.6241
54.2663
52.0691
53.162
50.5718
66.4559
50.9179
49.6869
48.4517
49.7116
70.5362
45.7031
44.2125
42.7121
60.2707
45.1209
45.3657
45.8921
45.8095
57.5812
46.153
46.3377
47.9065
48.2582
47.1625
70.6147
55.9337
56.514
49.3377
47.6336
82.1395
49.2633
47.9458
46.7399
49.6257
48.5327
46.4872
46.5679
45.6352
45.4372
46.0042
46.9269
47.5541
81.8638
49.2784
53.9024
50.7095
48.8127
51.2187
63.0117
52.1306
50.9212
50.5792
48.847
52.0396
48.5105
81.937
48.7
48.2517
48.8863
47.0352
45.5247
45.5979
44.9299
44.4757
57.0725
47.497
55.1063
49.1593
46.3285
45.0629
58.6656
41.5742
41.6034
41.5315
56.4167
42.7654
44.1163
46.4143
43.6494
58.2187
43.7547
44.0798
43.7495
43.7037
54.2982
44.0406
44.7982
56.9997
57.8857
43.5709
44.3329
42.2397
43.0388
42.7288
42.4541
42.0667
41.9336
43.1434
50.6728
42.1109
42.7801
44.751
45.2185
44.6378
44.8644
45.8066
46.8362
42.8641
44.9909
42.9414
42.6035
42.9086
44.3907
43.0245
53.4869
41.7796
57.4212
41.7823
50.6901
41.3736
40.7221
53.473
42.8863
41.649
42.422
55.8816
63.0411
58.0453
43.3395
42.2949
41.6517
44.6171
44.1407
42.8701
41.753
56.9962
41.2815
40.6058
42.4677
42.5649
41.1863
39.8541
39.9257
40.618
39.3081
39.0527
40.8914
37.5233
38.1322
39.6219
40.3134
39.2563
41.101
41.4849
52.3811
44.1244
41.9232
75.007
42.2179
42.1072
41.926
41.4561
43.3624
43.4825
43.2253
41.9546
42.6811
42.1741
63.4269
70.3715
42.1132
44.8859
62.3173
60.6228
43.9495
43.7095
44.7087
43.8257
42.838
45.0413
43.5578
55.5722
44.5426
42.4938
55.0467
42.8924
44.036
42.799
42.8698
44.9488
45.2035
44.372
76.012
43.995
46.8075
45.172
46.5752
44.8063
45.334
45.1562
43.5966
44.7863
44.688
45.1283
45.7798
44.4968
44.5912
43.8952
43.924
44.7066
44.1207
43.4716
43.8886
45.3175
44.8638
46.5761
44.4757
43.9375
44.0798
43.9835
43.7016
43.5448
44.1837
44.061
43.815
44.9686
43.8062
43.6
44.0771
62.7891
42.1731
44.1488
45.3722
44.6153
47.8248
55.0797
61.4292
43.739
60.4263
43.5229
44.2237
58.4855
68.4026
44.6113
44.5444
43.5902
44.3805
43.1148
62.8301
57.4733
45.2956
43.7191
44.2325
54.9638
43.5421
43.665
43.7091
43.4863
46.0498
55.479
44.3778
43.0235
68.3797
44.1817
44.373
45.1339
43.7239
43.3304
43.8654
43.0545
43.275
49.3535
55.2186
44.1057
59.3414
44.3127
45.1627
44.7582
44.4162
43.8293
42.9953
44.8559
43.143
42.4893
43.4582
42.7011
41.7401
51.4767
42.792
41.8803
41.9826
41.7446
66.8445
41.8456
42.7634
41.6664
44.4426
43.0638
44.2114
43.7642
42.9195
43.9547
44.9624
45.1612
44.1805
44.7886
43.5869
43.7746
43.619
43.3734
43.1311
74.5067
43.0013
43.1205
43.7037
41.8902
42.6087
41.2387
51.3288
42.2172
42.2843
39.2389
38.4369
37.9272
46.4755
38.2294
38.0468
38.3278
42.0485
38.8111
39.0279
38.4051
40.04
38.0823
38.1564
43.6232
38.7305
38.4312
38.2981
38.1846
42.6108
37.7134
37.8532
47.9986
46.3356
60.0246
37.9663
40.9108
38.9232
40.3543
37.7247
37.6193
38.1664
38.6349
38.9967
39.6119
37.8761
50.4736
62.3211
38.6948
39.8433
39.6433
38.5616
39.5131
41.0411
39.3717
37.3539
45.7107
39.3802
41.3241
40.586
38.1134
41.6208
62.1471
38.864
38.4933
39.1799
37.7411
39.9703
39.5072
40.6508
38.7323
39.4906
39.9458
39.2805
44.0161
41.0857
41.1741
40.2077
39.4533
40.8091
41.2966
43.3687
39.6481
38.7091
39.1709
40.5597
40.5874
40.7998
42.3045
42.6262
42.8851
44.5429
43.446
58.1147
44.421
44.1524
43.9424
43.8079
44.127
44.254
44.2132
42.0491
42.3955
41.7712
72.3915
44.9601
41.3387
42.9745
41.3708
41.5895
60.6239
41.2256
43.8791
43.8434
42.9633
43.0984
43.8761
42.5859
41.8916
41.4128
41.6504
42.782
42.6046
73.2219
42.4396
52.0849
41.5288
55.0464
60.3285
42.7681
43.1302
41.9811
41.4684
46.5218
42.4777
43.2272
41.9944
43.8025
48.352
41.5076
40.4655
41.5644
56.1256
42.5124
42.0989
56.9135
40.0342
41.271
46.1921
41.1553
41.0853
40.8772
40.5487
41.8853
40.6108
38.0462
39.7283
39.2543
38.8822
40.9308
39.2708
51.6552
39.6929
39.8826
41.2559
40.6293
41.524
42.3268
55.2668
41.5806
63.9963
40.897
41.7036
41.9458
41.1227
42.7099
41.09
40.1815
51.971
40.5921
48.5558
56.7979
66.3472
54.9515
43.0507
44.4511
44.1685
45.9913
44.3457
43.0577
44.3369
43.799
42.8818
42.5978
43.6318
42.0976
43.2248
41.4772
42.4942
41.8578
42.2118
42.2199
43.3543
43.131
47.6177
43.516
62.9887
43.3428
43.1432
44.8247
55.1838
42.7218
43.0653
43.3585
43.7838
61.5582
61.6085
42.5158
42.7899
56.6981
43.5711
43.1461
42.4524
53.5567
51.1226
44.1418
55.2273
44.0337
42.77
42.2084
41.8872
42.7293
41.3708
42.6417
40.8539
41.5678
43.7125
42.1354
43.7925
53.9474
43.0001
43.2485
44.8183
42.8794
46.1902
45.4682
43.3374
43.9174
42.8321
44.4083
45.5461
44.6348
52.13
45.6883
45.0442
45.5351
45.1669
45.5097
45.2803
44.3102
43.7447
42.3354
58.3843
42.4424
62.1222
39.3425
51.7934
41.2153
42.065
44.2974
43.6794
74.7101
44.3073
42.4511
43.7303
43.3226
45.0613
43.2324
46.0365
43.9265
42.5312
59.0414
44.4725
62.5852
43.5462
45.6299
46.6834
46.4432
45.8197
47.6197
46.8446
48.1634
46.9938
52.3885
49.3937
46.1754
46.4985
66.1114
45.1075
45.7255
44.2321
44.255
44.9943
47.1289
42.7525
44.9531
57.6181
41.1814
49.9866
65.6117
43.3159
46.5963
73.1921
64.0362
39.9771
41.3352
57.7301
47.7382
47.3265
45.8954
46.242
55.4685
62.1713
46.0923
46.7528
47.8889
47.5388
73.8682
47.1394
47.219
71.5616
47.119
45.7058
61.7415
59.1184