65.2049
67.428
56.8959
50.441
58.6181
54.3954
51.9742
50.8094
93.5292
51.2034
50.4824
50.6212
51.0106
66.8571
57.1447
50.4418
51.486
63.5755
58.4477
57.6326
56.1719
51.9756
49.8073
52.3142
52.8527
49.8592
51.2891
53.2499
52.1767
53.7245
49.6461
51.9281
69.2548
52.2795
51.0088
54.9925
50.4762
52.3357
51.8936
51.1162
51.4855
51.0641
53.0193
51.6021
53.3574
52.4233
50.4823
52.495
52.5514
50.5721
52.5007
49.5383
82.909
52.3174
52.6756
70.6442
53.2055
52.4961
53.7347
51.4518
68.5524
66.9377
59.4912
50.1601
54.2974
49.6145
47.3777
48.6478
46.354
47.7631
44.1103
46.5225
47.8454
46.3673
71.412
45.9836
46.1576
48.9469
46.9916
46.6141
46.0578
52.338
46.3907
43.14
43.0416
43.8617
43.6044
45.424
44.1167
46.3947
45.1458
48.107
54.4411
50.1854
48.4758
50.02
43.1278
45.6902
80.2266
45.6078
61.8166
46.716
45.3356
70.3118
46.865
47.0605
46.7338
48.0723
45.2071
47.7034
45.2548
45.4174
45.7765
45.4125
44.0202
44.1113
43.6712
44.8445
47.4432
44.8395
46.3425
47.2614
51.7249
48.5893
49.8997
50.9436
45.9303
62.5816
59.2266
45.8144
47.1106
47.693
46.3013
66.8975
66.9327
45.878
61.0329
45.9932
46.9882
45.6508
47.7452
42.7795
43.5533
55.1798
45.2359
45.7996
65.3364
44.9484
47.3783
48.3837
49.8661
43.8387
47.1347
67.9554
45.6903
49.9068
53.6381
44.1617
45.064
45.9832
61.2758
46.6688
47.956
75.4927
59.9569
47.2351
47.1295
45.5306
46.6409
45.4825
47.7279
44.9025
46.7232
45.3003
46.2372
46.6551
50.2422
47.1798
50.2142
67.3522
49.0948
48.1456
50.285
58.7917
48.7019
50.3247
50.8812
51.0633
49.5798
49.9591
49.7839
51.6888
60.176
51.5251
49.5499
51.3452
50.6881
51.9502
52.8513
51.0856
52.4227
52.4107
57.3589
49.9818
50.1917
49.9419
49.7613
50.4716
50.8356
56.4318
52.1282
51.2707
51.74
49.8955
49.6655
50.0304
51.4087
50.5643
51.0932
50.0876
50.3623
65.5726
49.8106
64.2751
50.3901
71.253
62.6556
50.3487
66.3256
50.687
48.4665
53.0064
53.8232
49.4899
49.0824
51.7563
51.0699
85.4723
50.4153
50.7179
50.7553
50.5354
50.2078
50.3356
50.3529
50.1602
49.3443
49.9967
57.0151
64.1133
51.5138
50.0606
50.0253
69.5426
52.5463
49.4914
50.76
50.0826
63.481
49.2798
51.4213
50.401
51.4125
49.488
71.9391
79.2155
66.7783
51.2076
51.7609
50.7107
50.2594
52.5979
49.1902
89.9164
50.6908
49.673
52.3702
49.7501
60.9181
49.2299
52.3148
49.4006
48.8994
50.3996
52.429
51.5009
49.6848
49.7061
51.5967
49.0143
51.1068
57.3402
49.7036
50.5216
49.5476
47.7632
53.5355
49.5934
50.7725
50.5686
50.9007
64.1757
51.6094
50.0717
50.4035
52.2043
51.0318
49.8922
48.4866
49.4235
52.1124
53.9363
51.7414
82.5739
50.3979
49.2892
49.5112
51.7633
53.7966
49.6723
71.4778
49.4728
49.1298
51.3575
48.8161
57.3521
50.9248
51.3189
52.1622
49.8216
64.0785
49.9574
49.8325
51.582
63.5968
70.6737
50.0281
49.8171
48.6103
49.6464
50.6015
51.0985
49.4442
51.4252
48.988
49.5747
50.5405
49.4354
51.7517
54.0851
53.9092
66.2001
49.3772
78.0984
58.2352
76.2428
49.2569
50.0245
63.4694
68.798
48.9278
48.1983
53.045
50.4349
50.1924
48.3302
50.4356
50.8156
58.4453
48.7518
52.7547
52.0452
50.1408
51.8109
49.6007
48.8309
53.4456
47.0633
49.6174
48.9651
52.6361
49.7397
50.8446
50.8035
48.5051
49.3563
47.9362
48.274
52.7484
48.4813
51.9466
53.9382
68.7562
54.2543
71.8931
69.4425
48.7909
48.2821
49.7278
48.7695
50.0174
50.281
49.2933
50.3635
62.4166
49.4567
48.2482
51.8672
49.4431
48.4025
80.9747
50.2894
48.7203
49.0685
50.9861
70.5494
66.217
50.7933
49.5542
48.6508
70.31
50.5552
59.3496
50.4995
50.8801
52.6785
51.5005
51.2126
65.3021
50.967
61.9813
51.7219
53.2626
51.8772
50.7704
49.3026
50.2237
50.9055
50.759
49.6648
76.2956
59.9644
49.8064
49.7222
68.364
76.4626
49.9804
48.5575
51.2283
49.336
48.3646
59.9209
50.4181
48.9603
64.6705
50.7039
49.8712
49.1591
48.3869
49.0964
49.386
50.044
63.8986
47.9497
63.2505
63.1469
50.2412
80.9733
47.9012
47.5924
46.7441
45.4053
45.3423
45.8601
46.986
46.5945
59.5248
47.6718
46.7891
46.883
60.8947
46.3645
46.6811
46.1356
45.0793
54.6729
46.2829
47.6477
46.6246
45.9052
45.6288
46.2207
44.5651
43.5167
71.3213
45.5702
44.1751
43.0781
42.7196
44.1216
45.2148
47.7859
72.2113
47.0322
44.8613
46.5099
45.8977
45.6153
46.0962
45.2613
62.0095
45.2404
67.8828
45.0227
44.9171
45.794
45.4622
45.9017
55.5071
46.7917
47.6785
49.2785
45.9195
46.8727
45.5716
46.1029
57.7756
44.6515
43.6092
43.9742
42.7458
42.7018
67.7291
54.5144
42.9649
46.4016
43.6122
59.3043
44.8311
57.1266
44.9454
45.0119
44.29
45.1628
57
47.7698
43.2342
43.2732
46.6619
43.8163
44.9498
41.2713
70.4207
56.6062
67.9011
41.9862
57.2437
65.0932
68.552
42.5671
40.5046
40.0645
40.749
39.9568
40.74
40.6153
40.9189
42.0891
42.9381
44.1077
43.0713
58.7582
44.7417
42.4564
43.1309
42.2091
41.5635
43.5139
43.5221
42.6608
61.4684
42.511
48.3291
41.5887
42.5714
42.3955
42.7394
60.187
43.5841
43.9482
43.7566
44.847
44.5155
43.9506
43.8263
43.986
43.3958
45.6129
43.7305
42.8325
43.4877
45.9017
76.711
44.3237
46.3315
43.4005
44.9739
45.3441
45.9369
47.3544
45.8177
45.2586
71.881
85.0138
45.43
53.4945
50.2046
63.9953
45.4543
61.5527
46.0913
46.1736
46.7365
44.9653
44.7186
43.4288
42.7424
63.6594
43.7558
42.0654
42.8698
62.1218
43.063
44.6706
42.1608
43.7936
44.1465
43.9414
57.8317
42.5644
42.7534
42.0844
41.7006
41.3874
39.3635
39.8865
63.0841
62.8488
55.395
37.7278
36.2651
35.7583
35.4507
50.9986
34.1707
43.287
38.5439
36.8682
36.266
35.7241
37.3642
54.705
41.9897
38.9805
38.6823
40.5825
45.3044
47.5686
45.8691
69.1262
41.7964
50.5312
39.9759
56.7601
58.332
40.8192
40.334
40.0176
39.2184
40.9424
40.5422
40.3444
40.0122
39.6235
39.7377
39.2874
36.196
38.6324
38.4511
36.0971
61.4684
34.1179
47.542
31.9898
33.1572
33.9062
33.4121
32.7052
35.0827
37.9926
61.4467
34.7649
38.6612
34.5646
42.9205
34.4
35.1636
40.3397
37.3501
37.5104
37.1009
36.7897
38.9936
48.4334
58.8495
48.4162
38.9295
35.6442
37.4405
37.4067
37.8674
35.7854
53.4704
37.5111
36.603
36.6712
38.0195
36.7807
35.8843
37.4463
35.8588
36.0984
37.3513
66.8421
37.8617
39.9486
44.2481
35.8238
34.2717
44.7726
33.5909
34.6914
34.71
38.3144
36.0858
37.6607
35.6937
35.9836
37.3947
35.5755
37.577
37.6226
44.2472
40.1449
47.893
47.2086
37.4987
39.2045
38.3455
38.7057
38.7769
48.9911
39.2159
38.5718
37.0285
37.1872
36.9295
38.2489
36.3988
39.6147
37.3613
44.4987
37.8258
36.8704
35.3812
35.0576
47.1659
37.6381
35.842
36.5227
36.2302
37.1342
37.8175
36.7467
36.4472
38.8928
37.4621
38.1242
36.884
38.1293
39.3297
38.511
39.6957
37.6232
39.4041
37.8961
41.106
40.9403
41.3514
63.8078
42.9375
41.2834
43.3634
42.102
43.6369
49.1702
46.0191
47.2592
43.7083
43.3618
43.6741
42.1532
40.4379
67.808
44.1779
55.5625
40.2031
42.5982
41.8575
42.232
41.0832
47.0097
39.6544
39.9639
39.3398
38.3155
40.6191
64.6536
39.9201
39.0018
39.2723
53.4779
38.8024
36.6184
37.0887
37.9398
62.7873
39.9376
38.1107
38.7023
38.7065
38.252
39.8249
38.9813
39.6323
43.4217
41.0663
42.5442
36.5992
37.7065
61.2077
48.9268
37.6333
54.023
38.6509
40.8787
40.285
40.0845
50.0633
65.6618
39.5552
39.0258
39.2572
56.9992
38.0627
63.7035
37.8938
36.6566
37.2478
43.2997
35.7395
39.4263
50.9326
39.9709
39.2345
38.5896
39.3329
40.5859
40.0714
50.9245
41.6587
40.0388
38.947
53.8758
59.6624
43.6581
52.6721
40.1934
39.9826
38.441
52.7935
40.3801
64.952
48.6217
41.4264
42.4173
41.4235
43.8928
43.3398
43.8938
57.3005
44.8341
43.0379
43.19
41.7522
64.3055
57.998
42.8494
44.0797
44.994
66.1788
44.6145
45.3346
47.7613
46.2008
45.9306
46.4048
45.0727
44.5153
44.4879
43.3296
58.9884
43.0348
49.525
43.6822
42.9085
42.1694
42.1623
40.7342
41.9475
41.3773
42.2408
41.4987
44.4726
42.0285
43.7188
44.8891
41.7998
54.8256
41.8931
42.4745
42.9223
46.3702
43.7459
66.471
42.4637
53.116
40.6074
63.042
39.4405
41.1978
40.5175
67.428
45.8007
41.6283
39.7935
39.2256
37.9721
38.3234
48.0136
39.7846
39.4422
39.5542
41.0591
71.6686
42.1275
60.6819
42.9152
42.7954
41.5496
40.3002
42.064
42.8533
41.5906
43.0932
43.1888
41.2945
40.7575
40.5139
54.9106
44.8516
40.1165
40.3089
40.0684
40.0833
39.5143
39.685
42.4359
39.0636
37.9442
39.2514
37.827
39.5535
38.6684
39.7302
40.7805
39.8476
39.9936
40.7373
42.445
41.4677
43.0904
43.5519
61.1746
52.4138
41.5309
41.5181
41.9675
41.3068
39.8883
40.8814
40.303
41.676
38.7346
39.5455
40.6525
40.2639
37.6009
38.5296
38.6134
41.6893
40.8274
38.0321
39.16
38.1411
37.4927
38.4183
38.365
38.5819
40.3305
40.7676
54.9598
39.9538
39.298
41.9864
40.8278
38.2373
38.4279
38.5037
71.526
37.5832
41.1962
39.2274
40.5812
49.9186
42.3616
43.3047
41.2051
41.9785
58.034
42.4489
40.9216
40.3329
40.9164
39.5144
45.9215
41.2012
41.7356
43.1203
44.265
42.074
40.5763
41.0815
58.2413
42.5439
42.9021
42.2995
44.2333
42.5167
43.5595
43.5672
44.5674
43.8792
45.045
43.1019
44.2027
57.318
43.7826
57.8664
42.1305
40.3776
40.5554
37.0926
36.8102
54.1118
50.9111
38.5448
38.9444
47.9313
38.4355
39.0198
37.9423
40.6792
40.299
47.6287
38.6122
37.8578
61.3895
38.7801
37.0609
38.0635
63.9301
45.7366
49.6346
39.2157
40.1038
38.7469
38.3912
39.4481
40.6261
41.612
39.65
38.4218
41.9532
40.4785
40.2314
39.9633
39.9173
40.6702
43.6607
45.6364
37.9315
41.3225
41.0085
39.1384
39.6331
40.4239
39.6106
40.0397
40.8861
40.5778
39.9673
43.3168
41.5169
40.2448
40.6335
40.9715
40.6021
71.5283
41.3844
41.3572
41.4645
43.2465
42.586
56.9134
44.5113
44.869
44.5712
44.8163
44.6988
41.7875
41.9812
42.4124
56.9178
42.876
42.3865
41.3286
56.7592
42.8171
42.4618
42.5636
41.2509
40.9339
46.9629
42.2927
42.5629
41.8142
41.3249
39.7096
40.8493
66.3661
40.1052
43.6927
40.951
43.0363
42.1508
42.5106
42.1368
40.7751
41.4062
41.292
44.2985
41.7317
41.4643
41.0742
44.4585
40.3016
42.2112
41.3946
40.3658
41.0305
41.442
41.317
40.7297
53.2385
38.2408
53.338
41.9895
44.2541
43.8307
46.9527
42.3435
56.578
42.9404
44.0941
46.3989
44.1176
41.7582
41.2122
42.1719
40.0015
70.1219
41.1586
40.8135
39.4392
40.799
41.3388
40.9177
41.9795
40.6409
41.1996
40.9476
51.7458
58.3357
42.359
43.1116
42.7881
42.8246
42.3595
63.4332
45.4775
47.1382
45.808
43.1829
44.6394
44.1201
43.5965
41.8
42.3605
43.3192
43.638
45.2059
43.5237
44.5266
43.8477
42.8734
47.5552
43.6175
44.4434
44.9884
44.7069
53.247
51.226
58.3782
45.2138
46.1008
44.8729
43.6192
44.0258
43.7003
45.8903
42.6979
42.8691
44.4113
47.7993
46.0214
49.7292
43.5414
42.1803
41.0548
58.9173
41.0375
40.8848
41.6246
43.9589
42.1156
54.1599
40.9039
42.8553
40.503
42.9736
42.536
59.4264
57.7671
43.1937
40.9255
40.6222
42.0098
42.9521
40.2838
41.5345
62.0331
47.9053
38.7501
57.3194
59.1586
53.3515
39.6276
37.4523
38.0683
39.3667
43.9111
39.4386
37.6164
37.0875
36.9612
37.3363
36.2773
46.6105
48.8692
38.3596
37.1447
35.5312
54.4261
46.225
34.559
35.1878
35.8763
42.5332
36.8607
34.8239
36.0122
36.3962
34.9027
34.7329
35.8035
35.1413
35.9228
34.6172
36.5882
36.6768
34.2427
33.4168
32.4079
43.6354
32.8365
34.2899
34.5919
33.3491
33.4439
34.4423
34.7918
37.7794
36.637
35.4845
37.1425
37.3
38.3804
36.6509
38.179
37.6413
37.106
42.4302
40.4111
42.2171
42.4525
42.8349
41.4285
42.2571
43.2366
43.7444
44.5778
44.1052
53.0139
63.7646
47.0274
46.36
55.0941
63.2411
47.9844
77.5528
66.6134
49.3524
65.3735
47.5228
49.2167
49.4016
49.5152
51.8783
52.6819
53.6835
51.1455
52.2345
50.4629
49.7324
48.5193
47.2434
44.738
45.6638
46.2631
47.2549
46.4293
64.788
47.5345
48.4409
45.8398
40.7462
62.1228
41.3977
42.8767
43.8228
71.8137
42.9724
42.7516
56.9689
63.3921
45.7689
45.9
56.9669
45.4612
45.8985
45.4814
59.1374
47.4085
47.3867
46.2252
46.5609
46.9451
45.8574
65.2769
45.031
45.9069
55.7661
47.6595
46.0897
46.7094
47.7707
46.0234
44.9307
47.7344
47.4651
45.2326
45.8921
46.3995
45.5874
44.8421
44.9184
46.1083
50.5987
60.6767
57.4275
50.9703
45.9904
52.5061
44.5978
54.2434
44.7293
44.698
53.824
43.4004
44.3736
51.5502
43.4461
53.4316
42.0868
41.8163
43.0013
42.7623
44.0251
41.326
41.0963
42.4003
40.3197
43.5015
41.2949
59.3092
41.7431
41.6613
42.4522
40.5096
65.8784
40.0722
41.0743
57.6548
43.8739
41.699
40.1616
40.774
59.8645
54.9497
42.0858
52.1385
42.2776
67.373
44.5445
67.8509
40.439
39.4315
47.118
39.9023
75.9361
40.9685
41.4404
40.2484
40.7882
40.4059
52.1223
44.7797
39.7859
40.4724
39.9503
40.66
42.0093
39.1958
42.3635
63.7572
45.2611
43.9561
57.5856
40.5433
40.1153
39.8305
38.7765
40.763
51.6191
40.3364
42.592
41.2832
39.1988
40.504
40.1433
68.4217
40.4139
41.3371
39.4215
41.3878
51.1867
40.8323
51.5275
42.4087
47.0671
46.6878
41.0298
40.2387
40.276
59.4444
41.2346
43.9184
93.7641
40.7461
41.3249
40.0901
40.5723
41.4103
42.9764
41.4404
56.8209
53.8713
39.6346
64.1939
48.9018
39.2035
40.1155
40.4948
39.8203
40.2503
68.0163
41.284
40.0618
39.7945
42.2245
59.0266
40.1498
40.8926
40.4665
40.0259
39.0843
40.5569
40.8094
41.6845
42.2007
39.5584
63.1998
41.0644
40.7622
39.9056
55.0149
40.8569
40.583
40.7
69.3908
48.8462
42.1691
42.1678
40.0561
42.0723
69.5637
44.5835
40.7211
41.2888
43.0592
42.3049
41.1868
43.9228
44.7476
44.6051
72.5613
51.8698
54.9424
44.6606
43.8607
44.9219
47.7146
46.0278
45.2642
43.1702
42.7994
62.1836
46.4315
69.9536
49.9668
42.0988
44.525
65.4037
45.8313
59.4101
44.5054
61.504
46.7277
45.6368
45.5251
47.2715
46.5466
46.9828
46.0952
47.0944
62.7864
53.966
46.6055
47.5622
47.9899
47.1617
46.2892
46.178
47.6715
47.2356
60.1319
50.2714
47.5323
47.4889
47.3721
44.8089
59.2571
46.1303
50.1153
64.1963
48.816
46.0529
46.5889
71.095
48.3462
47.2962
47.098
47.6104
52.3157
45.7842
44.7776
65.8092
47.5092
45.9178
44.4816
44.92
61.0463
42.0178
42.5623
43.2112
43.3358
44.1487
61.6883
41.8135
42.8945
43.549
40.9922
43.8633
59.7917
42.9152
59.9327
46.4101
54.1091
42.0802
72.6735
61.6279
54.2746
40.5627
40.8781
41.9276
40.9375
42.5897
39.8614
40.5921
40.8013
41.9406
43.0301
42.5818
42.2452
43.5071
44.4501
53.8934
43.179
61.2183
45.8878
45.7971
47.2609
45.4563
44.6758
45.3995
44.3494
48.3289
49.869
47.1457
65.0664
80.0847
64.451
49.1687
48.5739
51.8157
69.5887
50.0828
64.4334
48.6233
48.3918
56.7363
50.1029
50.8172
51.2185
50.446
54.3012
52.0833
73.1435
55.192
50.6005
50.8508
50.5381
50.8054
51.0335
50.5944
83.647
51.2372
62.2068
48.1464
49.567
47.8996
46.3613
45.9541
82.2015
57.4487
71.3538
48.1964
62.0278
47.9423
59.333
48.5304
50.8248
61.7935
46.7351
47.9696
45.3121
48.416
47.7854
86.8564
47.6661
47.8905
44.5815
46.0708
47.4499
47.5602
66.8935
47.9033
49.2355
49.0557
48.275
79.0352
48.7952
48.5877
67.0618
49.1292
48.519
48.8502
49.0261
47.1575
47.5827
48.2696
48.2351
47.1362
49.6339
47.6481
61.1903
45.4962
45.1466
46.7413
45.9969
44.8621
44.13
43.9406
54.8519
59.7578
43.2736
43.0543
43.7874
44.1154
43.3127
43.6896
42.7658
44.0582
45.6481
43.7949
44.5701
45.6439
46.2323
44.7284
52.7827
48.2634
64.1339
54.8601
51.7676
52.214
51.9977
51.6343
52.1301
52.3839
59.5212
58.5183
53.3905
53.1851
55.207
86.6561
56.7112
54.669
80.9654
73.7107
54.7006
63.0108
53.8364
54.2064
53.0274
55.8572
53.5586
70.4658
54.0911
52.3023
83.5751
54.4256
53.9333
51.8451
54.103
52.7288
52.2875
52.1284
63.6987
52.591
52.5195
51.5999
52.7052
66.6592
52.6239
53.9686
53.894
53.524
71.6296
53.5176
52.8766
53.743
53.2318
53.2363
53.9669
54.3796
51.5227
54.5579
52.4554
52.1263
52.3023
51.3145
52.7672
75.1907
52.0864
77.6027
52.6896
51.7419
52.3776
52.739
53.079
51.9177
59.5487
52.7616
53.1265
52.9213
52.2838
53.4342
52.0435
51.6033
51.714
52.7568
53.0162
53.179
61.6607
53.1753
66.4698
53.164
71.5796
53.7125
77.6134
56.7763
53.0526
56.5484
56.3639
54.5635
54.1021
55.8939
74.3504
68.4444
86.1773
55.7149
55.7117
56.7048
97.4828
54.7611
58.0961
55.8047
54.6539
54.2388
53.4848
64.7503
53.5094
54.6021
55.6626
53.9236
63.4074
54.9007
55.3723
54.0808
54.5018
53.206
55.4159
53.1974
53.449
53.5431
78.0739
68.8212
54.4589
54.6127
52.6555
72.1124
73.7324
70.5446
54.3385
54.3398
53.6742
53.3163
52.5484
56.175
54.8863
52.752
78.3026
55.6091
53.1398
53.8049
54.1622
53.767
53.0495
55.4873
53.6331
52.906
70.7601
55.0942
53.978
55.3682
55.2076
68.252
53.0406
52.795
66.4212
54.308
67.3058
55.1189
53.0155
54.5185
53.6583
55.7817
59.424
54.4486
54.5929
56.1456
64.5357
53.4606
52.655
51.5539
49.6046
49.8323
51.0795
48.0644
51.4545
48.8391
48.4616
68.4725
65.2679
47.9245
50.5782
47.9881
62.163
49.136
47.125
46.6831
46.7131
48.0903
46.6203
46.813
46.8032
46.2261
46.4181
53.9568
45.4883
44.2903
43.4516
45.7956
43.3501
74.1698
46.339
43.6839
65.3481
44.2743
45.2659
43.8144
60.6079
45.0923
44.1334
44.0563
40.4019
51.3265
39.4467
38.9415
59.9901
54.7876
40.7053
42.2541
51.3622
41.865
42.1046
61.313
40.5405
41.4613
43.6382
41.0912
42.228
40.9224
42.2508
42.0442
53.5115
70.1616
43.2121
49.5983
42.5346
45.826
43.3278
54.2612
44.4196
47.4468
44.5283
42.6733
44.0722
42.7886
44.7898
42.0034
41.0235
42.2878
44.7869
43.7016
43.1394
41.5573
52.3336
40.6154
42.4072
42.3361
44.889
41.7867
44.3263
41.1904
42.4722
42.8352
41.7505
39.316
40.9221
39.6685
40.3825
54.0755
41.6263
38.3432
39.8687
56.613
38.7714
38.5466
38.238
42.2518
37.4797
36.2905
38.1466
38.4527
37.2591
38.4922
45.0118
42.0425
40.6718
39.0309
39.6653
39.4929
40.1136
70.6806
38.1316
51.712
39.5205
39.1377
37.9615
37.4688
37.9413
54.5402
37.6947
37.8615
39.6535
40.7683
39.9905
41.5477
42.1347
43.4399
41.711
45.4996
43.4967
45.1499
44.1578
43.3599
43.53
53.5969
46.7365
46.1831
45.5778
44.3784
45.55
45.8477
47.1148
47.0987
49.5489
48.6293
48.8852
49.3203
64.9231
48.932
49.0027
59.4215
50.1288
47.2234
48.7442
50.4819
47.3001
62.6666
47.9833
47.3837
62.7422
44.6157
44.8595
43.7699
41.6115
42.7849
40.9485
39.6446
42.4476
52.5994
40.245
38.5151
37.1519
61.6076
39.4252
49.5746
40.3996
39.6306
39.2145
40.6157
39.3781
39.3686
39.5009
41.8798
40.8801
45.549
40.3415
67.705
41.9984
38.8733
38.3786
59.9865
40.7391
38.4174
73.8232
42.774
41.7065
41.6121
41.3358
55.9924
40.079
40.3221
39.5401
39.9736
39.7757
40.3383
60.2049
51.9196
45.8635
41.0199
40.4528
39.4245
63.7169
39.8406
39.8882
58.2714
40.0589
43.0703
39.2348
39.4488
39.4175
39.0093
39.7247
40.655
38.593
40.0768
39.459
38.5017
40.0541
39.1156
38.8147
50.6922
41.6375
41.4794
38.8163
37.864
50.7165
39.8204
38.3677
55.3247
38.5969
55.4507
39.1768
43.0631
38.1084
37.8644
38.1442
37.286
38.2185
36.6076
34.131
34.7284
35.1011
37.1202
52.5946
49.4712
37.8857
39.8807
37.4331
43.9642
53.0403
36.5255
38.8565
39.2504
39.2274
38.9911
37.9279
37.6956
37.0615
39.9428
38.8506
39.2383
39.6401
38.1691
39.6182
44.4481
39.9024
51.8933
39.1212
40.1631
39.1312
39.0122
40.9174
39.3096
41.8886
40.4146
40.7452
39.8124
39.6795
38.6056
46.7786
40.13
39.1564
40.8233
38.7776
40.1562
39.1363
38.3516
38.6772
42.1949
38.6553
39.7799
39.1533
41.0986
39.001
39.9973
39.8095
39.0063
38.5604
40.4202
39.7893
38.9941
51.6596
39.2314
38.6377
62.8499
51.1717
40.6724
67.1323
49.1956
39.0691
39.3369
40.2949
40.2279
40.3377
40.6024
43.3332
43.2431
43.3437
56.3249
45.0974
47.1609
57.0746
45.7482
46.7376
46.3667
47.1155
48.6872
50.0036
47.4736
48.3959
53.5643
47.4274
63.7109
49.8675
47.6697
47.0818
75.914
48.299
47.2227
47.4844
45.3275
49.2549
67.6032
46.5012
75.1194
48.5059
44.3565
43.5311
41.4226
40.5545
74.6539
42.5589
45.9463
40.4064
39.9965
38.9458
40.6308
41.3253
40.3634
38.9056
40.5477
40.4196
57.8775
39.9668
43.0046
42.6826
41.8741
41.5661
41.4882
43.4089
52.3981
52.6394
48.6486
40.9238
41.2059
64.6045
55.1279
39.7944
40.0369
46.6554
38.8079
38.9669
64.1527
39.9713
42.0471
41.1065
40.7864
39.1762
39.0285
40.6161
38.517
40.2963
38.9268
39.541
38.1172
38.9281
41.6114
43.3446
41.2643
42.2105
42.7801
42.9085
44.1935
58.0285
58.9094
43.924
43.0291
44.0633
45.3665
44.5132
57.3892
45.325
44.4309
44.9139
49.6077
47.1384
46.9553
46.2309
46.214
46.6987
46.8568
46.9609
72.8513
66.9432
46.478
46.415
47.8128
47.9578
47.7385
47.0354
50.3452
47.1858
47.3955
48.9616
50.2621
48.6357
47.4937
46.7047
48.3952
47.9171
47.8071
48.8437
46.4948
60.0641
48.6136
48.816
47.8374
48.9893
49.8804
47.7948
47.9824
47.0759
49.0471
69.9845
47.3716
45.9908
46.7011
47.6003
48.9102
48.2477
47.4903
47.3546
45.8
48.6852
64.5431
45.78
46.2665
47.4235
47.3542
46.6629
46.9348
47.8864
47.0057
45.9774
46.4252
46.1905
45.9359
54.9606
46.3524
48.3925
68.6061
48.6577
47.7711
76.829
82.7617
72.5555
55.5519
48.1528
47.5558
46.3262
47.4542
46.7607
46.1911
46.8161
48.0139
45.9925
45.9303
46.6052
46.4423
68.2202
63.838
45.538
43.6547
44.3765
43.4142
45.2649
43.558
44.9645
48.5556
45.9921
45.6378
46.9557
45.5526
47.4586
46.315
46.0374
47.3333
46.395
46.887
46.4299
68.8828
48.3421
46.846
46.9545
68.0373
55.1544
48.4513
47.3102
46.3017
46.7859
46.9295
46.9758
48.0931
46.4589
61.7502
48.0182
47.1936
47.8541
49.9729
66.4633
49.9916
46.0237
47.3206
82.338
49.1638
51.731
48.9838
50.227
48.1881
47.317
63.4285
49.8302
69.5808
48.3181
47.4578
54.1736
46.0895
46.6971
48.0878
47.318
62.5661
48.2135
68.0235
49.8822
47.0256
46.9442
45.8002
45.9187
56.2011
45.3959
45.1232
45.0605
43.964
44.0859
46.4491
45.5035
43.7256
45.0144
69.7728
46.9393
43.3835
45.0796
44.9379
44.7118
45.3599
45.0082
48.1204
44.7384
45.849
44.1273
44.4107
44.1296
45.9192
45.8208
44.8796
44.1157
45.0814
45.3542
46.5751
45.6726
49.0289
46.5918
72.7287
49.6214
74.5603
47.4666
46.8349
46.3658
45.4074
46.8201
51.3724
51.8739
53.5942
63.0482
54.7538
52.4159
54.0242
52.7043
50.1487
50.8535
42.9588
41.4465
42.1243
44.6055
67.576
43.9374
45.4773
46.5619
48.9944
45.0539
41.2088
39.1637
40.7645
42.8299
45.2551
44.3206
56.9308
43.7403
45.832
45.5347
57.9847
46.7099
55.5363
44.7357
48.3739
44.1833
46.1278
44.7007
66.2713
62.2458
44.8809
46.2004
45.3915
45.5207
46.8534
44.8053
44.594
44.9907
44.922
44.4481
45.5457
44.8617
44.5958
45.0351
46.6809
51.9359
45.4683
55.9469
45.0031
45.3915
45.3852
46.0685
45.3829
54.8505
45.2534
45.887
68.9766
63.5361
45.569
44.7017
44.8142
46.4325
45.7604
46.2354
44.8877
45.6914
45.1398
48.0411
45.7626
82.6911
45.3784
48.2768
58.0541
48.1479
47.1134