48.5617
46.8271
68.6453
45.3649
52.2243
46.576
72.8029
48.3823
45.9821
45.1049
58.1434
46.0016
46.0579
46.0096
45.0798
44.6529
45.9424
66.5821
46.6113
46.1243
48.3952
45.7981
45.4168
46.8722
46.3826
46.9853
62.6888
48.159
54.2198
45.5857
46.021
47.0718
65.8186
45.9065
62.8158
67.4867
46.0419
45.1868
47.5052
58.884
47.3964
45.8323
45.2405
48.1931
45.037
45.2133
46.4549
45.2187
68.9527
62.963
78.741
68.0193
57.371
46.4368
45.756
65.7776
49.9288
46.8096
46.7851
46.4082
45.3071
45.5385
46.3342
45.1869
44.7881
45.566
45.3348
45.4754
50.2137
49.2005
46.5506
46.0843
44.9737
62.4233
46.3706
45.3305
46.2406
45.7949
45.1828
46.3416
46.3037
44.6661
44.7743
45.7229
44.6592
45.3366
44.9889
43.9303
46.3558
46.1192
46.1082
44.9536
45.998
45.0808
45.636
45.5618
46.1563
70.5075
51.7154
53.0337
46.7244
45.4829
46.2009
46.1813
46.1224
46.8447
53.1199
45.1818
43.9739
64.1431
45.6685
46.4226
45.2693
45.8972
61.5892
64.6441
47.3841
56.3621
45.1529
46.1213
47.041
45.0682
91.3419
62.2526
45.1051
52.056
57.3148
46.1873
44.9589
46.7279
46.1279
47.6596
44.5653
76.7611
46.6446
55.7072
60.4375
45.506
55.1525
45.4971
58.8621
44.5471
57.0806
44.9332
47.1059
44.4481
53.7108
45.5894
43.5593
42.4567
50.5644
58.6295
42.5059
43.9506
43.4062
43.5563
44.95
45.4756
43.0531
67.1368
45.5165
44.9916
44.5347
46.2969
42.5859
42.4111
42.9821
42.0383
40.8723
40.4861
41.7321
41.89
45.7113
41.2433
41.8505
66.4727
55.3369
45.3874
45.2036
44.8342
44.2797
44.2477
45.5778
44.3181
66.735
46.5626
46.7294
46.3542
45.9767
47.4146
46.5055
47.8133
47.2084
48.5965
53.636
49.5655
83.3187
79.3883
48.2487
47.496
48.81
88.9303
54.2175
49.0198
48.1406
47.6166
45.9869
44.8599
45.2167
45.2503
61.7651
45.2524
59.4012
48.0159
49.0631
51.1639
45.6
45.1317
53.4885
75.2132
46.1703
59.801
46.9591
56.1511
46.087
47.6833
45.6969
45.5828
45.9553
47.0161
45.6684
46.0312
54.5807
46.3656
46.187
47.5828
46.3045
45.6686
44.462
45.6346
43.6364
45.3735
44.6641
64.5087
44.9748
43.448
41.8452
43.9547
59.9554
43.2124
43.7818
42.1296
42.7387
45.0528
43.9735
44.4849
44.1876
43.9382
62.0356
48.3605
51.184
45.8493
46.7114
43.2288
41.6116
41.3324
40.8392
41.1063
39.9831
43.0972
42.0885
40.0963
41.532
39.8179
39.1919
67.249
48.1731
41.63
39.2221
71.8633
41.885
37.9293
76.6067
38.9895
39.0675
38.1707
36.8355
37.9947
38.5984
38.4285
39.7465
38.5543
38.5366
37.4409
39.1664
37.9887
47.1728
39.3013
40.7344
39.0373
38.8069
39.7436
51.0735
41.8413
47.1248
40.0814
39.3092
43.0133
39.8997
39.2951
59.949
39.03
39.4956
38.5901
74.4139
44.9579
40.3144
42.4028
41.3518
41.2322
43.3583
41.9245
40.9276
41.2995
66.093
42.6815
52.3217
43.0438
42.5644
43.1451
42.8794
50.8351
64.3044
43.8629
44.1411
44.4042
42.8546
54.8963
45.3943
44.4379
61.6288
43.8526
49.3675
40.5765
42.623
43.2693
41.6104
40.9882
51.2947
68.165
39.6393
52.1054
40.7367
41.4834
40.3665
63.8901
38.5532
39.1104
40.1365
39.3551
43.9608
41.2763
38.6486
49.4844
38.3919
65.2263
57.0587
39.7423
40.0392
40.212
48.317
39.2485
41.3696
40.0755
39.4009
39.7363
39.0918
50.8373
51.031
41.353
38.7901
39.5797
69.6261
51.355
53.8938
81.4041
51.5871
37.6309
37.3901
38.5345
38.7539
38.1176
38.9756
51.3422
37.9164
38.0878
37.3955
39.7044
51.9137
59.4649
41.2013
52.5641
46.2621
45.6628
41.1739
41.0861
53.4876
49.3998
38.8412
58.5727
41.3854
43.0018
40.705
40.8036
56.3583
41.3893
42.9405
42.4681
76.6182
39.2221
39.383
39.3061
39.1036
40.0489
40.4584
38.7128
47.1855
36.9575
38.6426
37.2597
35.9832
36.9148
39.603
35.9868
37.6605
37.6139
39.7583
37.9797
37.4075
38.2896
39.2684
37.5817
37.379
65.6614
38.5911
37.2806
39.1923
40.9864
40.6098
48.0471
41.9578
49.6701
42.5681
45.9537
44.0757
44.4847
45.9519
45.1324
47.7042
46.1328
44.815
45.6352
46.8346
46.861
45.6878
52.6808
52.6836
46.7063
63.1224
44.8301
45.8753
45.5784
44.8623
46.8354
45.6033
61.171
43.0306
44.871
43.3855
49.4346
49.4759
46.7437
47.5518
47.9019
72.0676
47.5043
47.6081
48.4248
47.1803
66.879
49.7551
47.9656
47.8194
46.937
45.2605
45.8593
45.6779
45.4921
44.5303
45.7005
51.6397
43.9683
46.9834
43.5432
42.5629
52.2842
46.6752
44.1048
46.5202
46.0175
45.31
45.1753
43.1646
45.2164
44.1863
53.5731
59.7173
43.6564
42.4834
42.4591
66.3793
42.1561
59.2133
41.9351
54.6051
52.4683
42.7489
54.4656
43.977
45.0475
45.1231
47.2504
54.0381
47.0654
47.9892
47.6773
47.6504
46.9219
48.4107
78.2853
63.3113
61.7546
46.7847
46.3513
45.9918
48.7317
66.8682
63.8659
79.7091
45.5296
46.6346
47.7712
56.2278
63.883
46.4993
46.5372
47.203
48.0878
49.0327
48.4703
48.3674
48.7579
47.827
48.2671
47.9392
66.6533
48.3457
47.9988
47.3493
46.7607
47.3602
47.2216
49.3204
60.8059
47.8179
47.0224
47.4155
50.8592
50.5222
47.849
48.5251
77.4183
49.9887
51.0286
47.7827
48.1981
78.361
47.31
50.0925
47.566
50.4012
47.1235
47.9964
46.9884
48.5886
48.6624
49.9107
47.5882
73.2352
45.5539
44.8108
51.4402
45.0912
44.8873
44.5869
46.2464
62.818
44.944
45.6582
46.3775
74.8806
58.6827
45.1211
47.8859
47.5744
49.5059
49.8361
49.2211
69.9824
49.5661
50.0752
51.9601
52.5075
59.2753
49.4062
49.486
50.6593
49.4562
49.8108
50.1507
64.0716
51.6364
51.8803
50.3026
53.3967
52.0562
50.9981
53.7037
53.0465
51.6916
51.9212
50.5056
49.6046
49.6758
49.5211
64.764
49.998
47.6985
48.0833
48.5571
48.1733
50.0842
54.4213
47.3429
48.7627
74.3662
49.4571
47.0318
46.5892
47.2373
45.312
46.5822
60.8319
44.9349
45.6664
46.1612
44.1965
47.119
48.3887
51.3822
42.1448
40.6964
41.9635
41.9279
40.17
41.5142
41.0552
41.5009
43.3802
59.5221
44.0281
60.9238
47.2561
46.177
56.7198
45.0982
70.3401
43.1243
41.2947
40.3701
40.6757
41.0098
39.3904
40.1272
40.7556
41.5715
40.7552
42.8864
42.911
43.4957
43.8155
43.7562
45.3834
45.1636
45.4962
45.0155
65.2328
45.6014
44.4243
45.7201
45.4315
44.6322
47.792
60.4225
47.6701
63.8717
73.6992
44.3277
44.7037
45.4428
43.7114
57.9711
44.2818
43.4378
43.0777
43.8767
44.505
55.7159
59.7903
79.9768
47.4953
55.7163
46.0537
60.5599
45.1262
63.2181
43.0918
43.5814
42.6625
44.7402
44.5335
44.3839
72.9114
44.0924
45.4474
53.7759
48.023
44.1272
46.2537
57.9295
43.8463
45.616
43.9152
44.9474
43.4616
45.2278
42.4958
58.7951
45.0572
44.1181
42.9772
43.2068
44.9313
44.3867
46.4821
43.5121
74.0237
45.025
42.6078
45.3453
52.158
57.9981
54.3125
42.8333
41.0417
42.2565
41.8213
42.498
40.4947
40.3059
40.4638
39.388
48.9544
39.7871
41.6536
40.9052
39.5346
37.3334
38.4156
37.3845
50.9193
37.8311
38.8434
69.3617
36.3329
35.0307
39.705
45.2074
35.0801
36.4041
36.7563
37.0968
47.6052
37.9377
35.9423
36.0316
52.8579
41.7667
65.6808
39.6143
35.18
54.5427
37.0593
56.5797
35.0615
36.6237
36.0885
35.9693
36.8213
38.2575
48.6579
51.0459
40.4949
41.2091
60.0908
40.5794
41.064
42.0688
42.7772
42.5035
43.1429
45.3743
44.4286
42.3244
42.2641
68.7785
43.8881
43.976
44.2183
43.0874
43.5821
41.2899
41.1543
42.1665
44.0375
44.4528
42.8324
65.8549
49.7855
45.8719
45.8
45.2234
47.1835
47.1955
48.573
47.9789
47.1935
60.5237
47.666
47.6752
48.2658
58.8615
47.6832
48.7094
48.9836
65.4698
54.013
52.2146
49.1202
52.0531
49.8877
49.6929
75.9839
49.4312
48.6626
51.0788
48.5139
47.7662
47.9819
50.1051
49.8423
50.3278
49.2635
49.5541
49.9886
47.6841
47.6678
57.5028
47.2164
46.2854
46.1969
47.3269
49.9575
46.1397
59.2084
48.3017
48.36
50.29
48.965
48.8549
61.7259
51.1778
47.5302
67.0039
52.2568
48.0046
69.6463
49.5869
51.3793
76.9472
52.0217
52.0217
53.1736
53.1697
53.2286
52.0727
55.3731
50.3709
51.0063
49.4169
49.9489
49.8482
46.4389
48.2114
46.5935
45.3337
45.3549
46.1707
46.2531
44.6523
45.6198
46.3624
65.7185
45.6544
46.4702
47.9628
44.9035
47.1043
48.2114
47.8278
48.4206
49.3564
48.718
46.5445
47.2492
45.2493
45.8954
46.8645
45.8346
49.554
51.4888
58.6076
58.5937
50.8281
64.8086
64.9139
47.7082
62.9603
51.0896
50.3475
49.5498
50.3248
50.6684
51.2853
61.4399
51.5649
49.6869
51.0648
48.9533
48.6935
46.7426
48.1713
46.6588
44.917
43.9005
43.6883
45.8304
43.5998
46.43
43.7372
43.1216
43.796
40.3043
40.2541
41.7157
44.2331
58.0277
53.344
45.0628
48.9107
45.319
44.9055
43.5091
45.5343
44.5757
45.8572
45.7567
46.2659
46.6004
46.7198
45.3773
45.5532
45.0809
71.0681
48.3685
45.2178
51.0662
51.1135
58.6171
59.2302
61.0201
45.4441
62.4654
43.966
44.6085
47.9724
48.476
46.0724
43.7785
46.3976
47.3822
44.855
43.9982
43.2752
45.8226
45.2481
61.5353
44.5669
46.3221
53.4227
47.3163
79.881
64.9136
65.2013
46.5968
46.3562
46.4688
45.8711
48.6906
48.2932
47.797
67.503
57.8026
47.4759
46.2414
65.0578
46.1242
45.2589
46.5065
46.5553
45.0765
46.2329
47.4705
66.1289
48.6389
47.3206
53.3749
46.4369
43.9298
43.9822
45.5059
45.0963
45.0657
44.3373
55.3783
41.932
42.7559
42.5418
42.43
46.4952
41.8356
40.8001
42.0089
43.0312
43.7404
72.4619
43.939
73.2438
44.2978
45.6429
44.1566
43.4358
43.5791
43.3419
43.9413
42.3956
59.4697
45.0739
43.9601
42.935
41.9982
43.1321
42.5293
42.0328
41.4559
42.1806
44.2849
43.26
43.5743
43.5759
72.44
42.1353
41.8853
40.9601
42.093
52.7229
40.5638
42.9811
40.8295
56.2658
43.5708
43.5601
42.142
39.6242
38.6566
39.3818
39.7335
39.0807
38.8454
38.5757
40.227
41.939
44.5759
42.9213
42.859
42.101
44.5181
42.6631
43.1422
43.7215
42.4569
43.8901
44.549
42.2544
45.0572
42.6121
41.5315
41.83
43.415
63.337
44.3512
41.3969
41.9453
43.433
41.6455
52.3466
41.3639
59.0602
42.0462
43.7107
63.5096
40.5721
40.8544
41.2529
58.9694
56.7044
54.9256
42.3402
55.8897
43.5191
69.8072
44.8106
44.8651
59.2731
48.0708
49.101
48.6555
46.8885
45.7287
47.0995
45.3653
45.8383
59.1847
45.7722
45.0686
63.3423
50.0144
46.4467
45.3821
47.2306
44.8007
45.2623
44.602
45.1756
45.5129
47.9171
44.6086
44.8346
47.0906
44.4098
44.6538
48.0781
42.7402
68.965
46.3826
45.3834
45.9445
43.7792
47.1637
80.1224
43.0431
42.6371
47.5962
47.8065
43.2374
42.3158
42.0589
42.1488
42.3924
40.9668
42.485
42.3406
42.431
41.4484
43.0993
42.712
47.0662
45.124
43.0896
55.0186
47.8845
41.1542
43.0252
79.8336
45.0963
75.6365
47.8364
46.5958
39.6613
40.4607
43.2476
43.9459
39.5507
52.8391
41.8687
40.1175
40.211
41.6511
40.7153
41.0836
41.6043
60.6948
39.8895
41.1628
46.9044
41.8516
59.1312
67.353
74.6791
47.8468
42.4276
55.6975
56.3979
41.2496
40.6342
42.331
41.426
40.0183
41.8671
42.9619
43.0318
40.3834
50.2956
42.2542
42.7604
41.7924
40.7933
42.5669
41.418
41.3982
56.4967
40.9176
43.2847
40.323
42.5025
42.9072
41.1878
43.096
41.3439
52.4413
41.0351
69.2584
57.8078
57.5573
40.2924
41.2585
42.7029
42.1327
42.8839
43.3151
39.2437
39.9082
39.616
39.8448
38.6379
48.7001
41.4452
37.4048
39.7629
51.187
38.6519
38.1015
40.2438
49.712
38.709
39.1264
52.2079
38.685
52.6344
40.093
39.0577
50.8853
41.3545
37.6963
38.6175
38.0158
55.7308
39.2697
38.7403
62.9606
37.2918
38.4302
55.6293
63.4339
48.4622
36.6118
37.6919
36.116
36.6325
36.3011
54.3324
35.2319
37.8779
34.3793
34.1937
35.7196
40.9408
35.8949
34.2547
46.003
35.3367
51.946
49.0466
36.9288
40.1589
39.1367
39.8565
40.376
40.2764
48.3756
42.3794
57.1269
40.8166
42.3783
41.8961
42.479
42.5425
44.2565
44.5708
43.0817
44.0874
45.1678
61.5172
44.6468
43.6263
44.0169
45.4107
71.8172
45.163
43.8454
42.9656
42.8313
43.4694
45.2333
63.4757
44.4035
45.4183
44.3946
44.1752
44.4005
45.5678
47.243
46.8882
45.7043
77.0774
51.5943
47.8038
60.2611
47.231
45.9677
46.1115
45.7094
44.0942
59.8296
43.3956
45.1041
74.645
44.5873
43.8863
43.9648
44.8108
42.6688
58.6584
73.7642
43.7486
46.5405
42.9263
69.0986
44.3707
45.3854
44.0777
45.4958
45.308
45.2396
44.7434
43.3779
68.9591
43.0674
42.6136
42.7678
65.2777
45.0256
42.0905
51.4928
53.9027
76.1663
44.566
58.7553
45.8926
43.9564
44.205
44.7242
43.9066
53.6733
44.2184
50.5614
67.4434
42.5188
43.0893
43.4344
42.6357
40.365
58.7243
41.7862
41.2573
56.8312
40.9434
63.9703
42.0309
39.7123
63.7252
38.3111
37.1811
61.6973
38.0107
38.2206
52.3293
47.0422
40.0464
57.9256
40.2318
66.4007
37.7545
39.3615
40.4498
41.9129
40.4061
74.2476
40.8821
42.7693
40.7192
40.7874
41.1164
41.5064
42.5047
41.8565
41.9593
48.9511
41.9658
42.4926
69.0359
42.6352
41.6
42.5474
73.2561
43.7356
41.3551
43.5347
41.7839
42.947
44.5994
46.9054
61.296
42.5074
44.1499
43.3749
43.8542
45.4997
44.8842
46.918
43.8474
45.5746
43.0746
43.9461
42.4362
41.7317
42.3834
42.8274
67.6726
42.5882
41.2919
47.325
43.2934
42.5594
43.7359
42.715
43.3089
43.9076
62.5502
62.2441
42.8716
43.6986
43.2943
45.1616
43.8507
44.2165
78.3433
44.9261
44.8927
44.735
53.3388
67.7365
53.7187
71.9721
47.3519
66.5592
42.3788
41.8271
53.1416
41.7416
49.2729
41.4536
52.7586
41.9838
42.6533
42.3192
43.0281
43.7934
41.9059
45.3216
42.1715
43.9966
43.1024
43.644
42.7283
44.463
43.5215
53.3866
44.3812
45.2806
66.0797
60.1351
44.1789
44.1436
45.2259
65.4234
45.1576
46.5453
45.8711
51.8365
47.0887
47.9248
48.874
57.2947
80.9496
50.907
69.9195
54.3071
51.3308
51.8235
49.4813
49.9392
59.5646
49.6889
49.6734
50.0309
69.8233
48.4513
72.9423
49.7444
47.7256
46.7154
47.2749
47.5886
67.8042
46.3834
48.2219
48.6656
48.1428
47.1239
70.7378
46.5225
46.1534
45.0373
45.532
45.9242
45.8795
44.3922
48.9332
61.7831
46.6678
46.4409
71.7855
44.6599
46.3439
47.0985
44.0296
44.4403
47.0746
69.3821
48.4334
45.9136
53.1191
45.5061
79.9144
46.0166
47.2959
45.5167
44.839
45.7708
45.4314
46.8182
46.1718
44.2506
46.5247
46.0062
55.2569
47.1271
44.458
44.6395
46.6874
44.5661
44.7962
46.0941
42.5795
43.5643
44.1249
45.4256
44.4827
42.0231
43.9759
62.908
44.2501
44.8096
45.0736
53.8962
42.977
43.902
45.0264
87.7784
44.3669
43.3735
42.5403
57.5808
57.7823
43.0808
42.5464
41.7875
42.2131
42.6242
46.6534
41.9507
40.3096
50.5895
40.5399
37.4009
38.0625
41.3897
40.3913
38.1992
36.9574
37.2685
39.0681
37.4064
37.8156
37.9192
37.4133
43.8553
48.0823
38.0198
36.6946
37.4196
62.4582
38.9174
38.7352
38.133
38.0588
38.5119
58.2579
38.266
41.0997
39.0713
38.8966
51.3939
39.9089
52.7125
42.6127
42.2644
43.7095
40.905
42.3296
47.2674
40.6002
40.4952
42.2383
39.0063
41.2661
39.0601
41.6925
38.3605
54.8974
39.8075
39.0926
39.715
39.8214
40.2427
39.2733
39.6679
39.1367
65.5225
40.3585
49.6568
38.678
39.1898
38.6094
54.7249
38.7324
38.0986
37.5922
39.3414
38.6884
40.8842
39.8424
40.0864
40.548
39.655
39.4686
38.4114
38.3532
39.2568
41.0108
39.83
38.4723
47.6149
41.0864
41.2221
40.5539
42.3403
40.6063
41.8207
40.5727
58.6002
41.6907
48.3952
50.7218
41.344
40.143
53.9947
40.0645
40.9412
41.8315
48.3799
41.4088
40.7997
51.9393
39.2023
40.0771
40.4372
37.8727
48.5249
37.7382
37.5928
39.1526
36.2803
40.5266
38.4185
38.8861
39.8061
39.1656
41.8303
40.4609
39.6564
41.7053
46.7204
42.4349
44.8946
42.8504
44.0701
76.6473
43.7412
44.1978
44.9155
43.3748
44.3092
43.2736
43.1171
45.347
43.6226
59.5617
44.3254
46.1169
53.5846
44.7674
43.6902
77.3124
43.3398
43.3476
44.2012
46.9031
65.1273
45.2311
45.3225
44.3386
44.4409
42.8271
54.4781
47.4843
52.4437
40.5607
43.9262
52.6301
42.0465
42.1821
39.5311
40.9415
44.6186
42.5869
42.0166
41.1134
43.6496
42.5985
43.5041
43.6963
44.9296
46.0341
43.6611
41.5934
40.6866
58.3356
72.054
47.066
44.6837
43.5966
86.5964
73.6567
45.8075
63.576
45.1225
43.0473
44.4935
42.5829
50.5027
44.1393
42.9415
63.3754
43.7134
42.4332
43.2101
43.7122
43.2819
42.653
42.2955
42.5787
43.2978
51.8332
49.4054
44.7604
45.4848
44.1717
43.8039
42.9321
44.6758
43.542
43.6826
42.7762
42.5721
48.9197
44.3804
44.0667
41.8565
41.9687
41.6991
41.3217
40.6934
41.4314
54.2473
63.8064
41.8862
42.3144
41.0613
42.7384
40.5177
40.7303
38.7618
39.6355
57.1335
57.4819
42.1748
47.4772
40.5611
40.8881
41.2199
39.906
40.8233
51.284
42.8797
41.1779
42.9058
40.1567
40.8069
40.1425
40.1302
41.2594
41.9009
41.4636
40.3487
40.7674
41.0571
40.0268
41.7676
40.3122
41.8107
41.262
58.7312
40.33
41.3738
42.9576
40.8994
41.411
40.0418
39.6997
39.8772
39.7493
40.2787
70.3148
40.0801
40.5921
40.794
40.707
41.1345
39.8198
40.2405
39.8978
39.491
57.0805
40.6699
41.1134
58.6856
39.4017
41.541
65.8062
39.6057
40.0489
39.3175
39.4645
53.5733
55.7945
40.9329
39.5027
39.2714
40.5064
47.0226
40.2495
39.9333
54.3917
40.919
39.5815
41.6703
37.9746
36.8681
35.9423
47.3817
56.6706
35.9514
34.0913
35.1671
36.9734
54.9103
35.199
36.3191
36.341
37.0533
35.0778
34.704
35.929
46.6746
35.8039
34.4946
40.0891
36.3182
53.9722
35.7195
36.4103
36.5511
43.063
36.6163
59.6978
36.4573
39.1536
38.8136
37.2368
35.5889
57.5106
36.2906
35.107
36.129
34.514
35.9822
35.0253
34.8087
48.9571
65.9797
39.9229
35.0262
56.2585
35.5252
36.6203
36.9237
37.0341
37.1779
36.3751
36.3224
36.6284
48.1776
37.7568
38.133
36.6182
37.1601
39.7142
37.4393
38.1424
37.6095
48.3574
49.6325
38.4092
56.6602
37.7693
37.1103
37.1032
37.2354
37.6746
37.0607
62.9138
37.3836
37.3132
37.8783
37.6995
36.5896
37.2407
54.2493
35.4852
52.1705
36.6006
37.6596
51.9869
37.6404
36.8558
37.9994
37.1284
37.031
51.1138
66.4995
43.419
40.905
53.0358
40.8181
43.6872
38.5163
38.7117
39.1367
38.2301
37.7838
37.3094
39.5171
37.077
38.0181
37.8139
37.6636
57.6913
39.6507
49.7882
37.2437
40.0657
41.3685
38.3915
38.0968
47.899
42.5649
39.7673
40.0589
38.9783
41.6114
40.167
41.3387
41.7656
59.6391
44.4715
44.8588
50.3097
56.4007
43.3117
43.1325
58.7225
44.7995
59.6512
44.5852
44.4697
44.7255
45.9126
60.6741
45.5649
42.9128
44.0767
44.3699
43.3644
57.06
45.0055
44.9538
59.0839
54.7275
44.6891
45.1749
46.8751
46.9094
49.9506
46.3661
45.7248
43.3556
43.976
54.6013
42.5158
43.6356
43.3903
58.6974
78.3246
40.6704
59.2935
60.9213
51.2655
65.1572
42.6843
44.9966
42.044
66.1258
41.9867
60.3225
42.7844
52.5928
40.9968
41.8558
40.0968
40.9729
42.0849
43.0115
43.622
42.6097
55.5973
41.4979
93.9583
42.6333
41.3241
42.2139
42.3324
47.032
43.673
53.1502
43.1399
42.9325
43.032
42.4739
43.6524
42.7983
42.5576
42.782
43.662
44.9349
42.9171
44.2304
44.8566
43.6594
42.1139
42.7412
41.0147
67.5476
42.0053
41.0862
58.7082
41.2752
42.5299
42.139
42.1783
42.5592
41.6436
43.0913
41.0039
42.5799
65.5338
44.1311
42.6153
62.8713
58.8453
41.4916
41.5287
75.4451
42.7462
43.2686
50.108
47.1134
46.1573
42.3641
52.5756
55.379
45.5151
80.6657
49.4389
61.882
44.0554
49.3182
44.3074
45.8555
45.2894
49.0796
46.476
45.5959
44.568
45.7794
44.1565
60.4759
44.9293
45.9806
42.477
42.9533
43.5729
42.896
43.9763
44.4468
44.0681
41.9068
42.7999
43.9368
42.1962
40.884
39.8367
41.7675
41.0796
42.9398
41.1196
66.9436
42.2353
42.2091
57.6872
41.5153
39.9592
77.1759
42.0115
59.8184
57.5095
41.459
41.9841
54.8492
41.147
39.6354
39.8062
41.1846
40.0696
39.9204
39.054
40.9491
55.6965
40.1147
39.5026
38.7164
37.9919
37.9645
39.4146
38.6214
38.2354
57.4411
38.3312
46.5612
38.9904
39.588
39.0228
38.2185
38.1604
37.4063
37.9376
37.3997
37.1104
42.449
50.3182
38.0497
38.5221
35.2349
62.0611
52.0296
38.6241
37.0857
38.9528
38.4359
37.726
39.8197
38.068
38.5047
39.2218
39.842
38.2026
51.5503
80.6139
64.7137
39.3741
39.0791
48.262
47.5954
54.8861
40.8235
42.2617
41.0559
40.2324
39.4135
40.5474
49.4437
40.8072
39.1747
50.9996
41.5603
39.8259
41.6026
40.3949
40.7515
41.9986
40.6648
40.2043
54.9508
39.2665
57.8843
42.4382
39.2621
63.3897
54.2763
49.2248
38.7335
40.0442
40.3409
38.9581
40.6451
38.074
52.8025
48.831
41.0912
39.8251
39.9202
55.107
38.5899
38.4554
39.1636
39.7427
38.7521
38.3266
37.8196
64.3587
39.7687
49.2512
38.4623
38.6047
42.9783
38.1116
37.8559
35.8976
36.4815
37.5363
35.9823
35.8622
35.5699
50.226
33.7923
35.0839
44.4006
35.0087
34.9409
42.0944
51.2156
36.1769
36.9
37.4107
36.6513
37.1141
38.8012
37.1858
37.6433
44.9015
36.6518
56.8458
36.899
39.6464
38.8026
38.3395
37.6453
37.4918
38.5891
39.7449
43.8283
42.9675
46.2098
42.1904
42.1539
41.96
41.9139
55.7599
46.0548
43.4301
43.1405
68.1351
43.6661
44.0561
42.8087
42.6974
39.6432
42.705
40.8932
40.2379
55.0859
37.1415
36.4985
38.1981
37.4601
37.3708
37.6216
37.6338
39.2205
40.4641
40.4184
40.3885
39.0053
40.3029
39.8122
38.581
39.0019
37.2963
37.82
38.891
39.5325
38.3943
38.4443
38.1359
37.5387
37.5869
38.6401
38.9756
39.567
37.792
51.6742
39.6041
40.9249
41.5584
38.5949
38.8437
56.9008
39.0784
38.9044
48.596
37.9789
38.2344
38.4879
36.1384
78.3411
37.5722
36.2378
35.5709
45.9785
39.3696
35.9587
37.7497
48.4545
35.1328
37.8899
35.4037
36.5358
36.2488
35.5809
38.5882
37.6909
46.0295
38.459
39.9144
42.7899
37.9766
39.6594
39.7148
40.7316
39.91
39.373
39.3787
41.6815
39.0856
41.8795
43.2676
41.7023
42.1128
41.034
40.8674
41.5035
43.6756
44.14
59.6484
42.2229
41.298
41.4997
42.826
42.8437
41.6028
41.7443
41.1271
41.8084
40.8376
40.2366
43.829
51.2308
62.9842
39.8887
40.0787
39.085
38.4627
40.8688
39.7309
63.9977
40.6616
38.8156
38.5439
39.2014
64.9543
54.6146
45.7704
74.2925
42.7397
41.3999
52.6261
39.3116
39.8031
63.3732
40.2499
40.5304
71.2664
40.8387
43.1556
42.1561
44.3832
42.7568
42.7484
42.0147
43.3706
76.4041
44.5467
43.4855
46.4563
44.7281
45.5977
45.706
45.3208
47.9743
46.6255
46.3621
59.3308
45.7168
47.1952
45.5315
46.7419
44.4592
44.8876
44.1968
43.7309
45.6309
44.3439
44.4453
44.514
43.8295
47.3879
45.3135
44.8766
42.8043
53.9351
42.7648
43.6565
41.839
41.7291
42.5536
43.3755
41.687
54.1803
42.0838
58.1656
61.691
57.0582
41.8666
42.0657
41.3381
41.9146
49.3531
56.4739
42.9307
53.716
43.5922
44.7032
43.4033
71.2973
68.0827
62.5293
41.0925
41.6908
43.3734
45.0003
44.7244
71.5864
41.7282
44.0087
46.715
42.9294
40.1481
39.3321
39.7212
40.2675
41.7358
41.9179
43.8522
41.9869
44.1236
43.725
42.568
44.9405
77.9198
60.6767
60.9489
45.4755
44.486
45.3892
46.4422
45.5057
46.7063
67.3665
52.5179
46.0008
80.0771
47.3235
49.2964
48.2958
46.5134
49.4594
49.0377
47.5672
49.3376
56.2347
51.1665
51.7443
53.863
55.4874
55.4909
54.1593
56.0313
57.4422
58.5538
56.8745
59.9461
59.4776
57.9909
57.521
57.4359
57.5444
55.8863
57.5356
74.2668
64.3106
55.8372
76.1334
72.0223
50.9712
50.8409
50.5919
47.2715
79.7921
45.101
44.318
45.1094
42.664
42.6249
43.0463
44.3543
43.5049
40.8839
40.0661
40.9363
41.3715
42.1532
41.6342
43.0742
43.2344
42.0613
42.8601
49.2028
69.1718
42.3807
41.7029
74.5504
61.2845
46.8185
45.1683
44.8832
43.8969
44.1722
44.8049
44.1568
44.0086
52.4026
45.8411
43.9963
43.6131
43.6378
45.1081
67.3605
82.7649
65.9075
52.0599
43.983
43.6667
45.1263
44.2399
44.424
45.2451
45.5127
44.9925
44.2632
57.6213
45.4509
45.3381
45.1443
43.0281
44.9889
44.8447
45.0508
46.5086
53.9353
64.5125
46.5999
45.3018
44.767
44.5511
44.7507
46.345
63.0228
80.2838
49.6591
62.3895
45.2398
44.2717
44.9264
45.9986
61.4965
44.4322
44.214
44.7524
46.0083
44.3077
48.1337
59.7277
45.8566
44.0104
43.475
86.1833
44.8306
45.0169
86.1184
46.8224
45.6118
45.3113
59.5961
45.9629
45.1894
77.5556
44.6042
48.8558
45.9339
45.6224
46.2748
46.4064
47.0806
48.2595
49.2509
45.2093
45.8287
46.6792
45.6667
45.0945
46.0805
45.3511
46.2184
45.1687
45.3141
47.1742
46.8031
47.5254
58.6749
47.323
48.5829
49.8139
58.2674
46.6529
47.2675
46.3816
44.4956
44.5931
48.9482
46.1386
49.29
44.7116
62.48
45.3084
59.7216
56.2919
63.6295
52.6471
66.4373
46.5006
44.5548
43.3125
43.4285
45.0799
43.3057
44.3407
44.5271
72.3949
81.4191
44.4645
45.0009
43.17
43.9082
44.9181
44.3611
44.1971
47.1461
46.295
43.143
44.0344
44.3386
53.5435
50.0096
44.1952
44.0986
45.1434
43.8824
58.8069
44.6993
68.7662
43.7606
42.7503
44.2407
43.4162
43.5813
44.5338
43.4105
44.9433
43.4187
43.4464
43.3489
43.7005
44.1086
51.6407
42.8045
42.9803
44.1353
43.5502
43.6105
42.9557
43.177
43.7756
42.691
42.7874
42.7023
46.833
54.492
43.9702
41.5761
43.3648
43.738
42.1597
45.0442
43.1639
43.8568
63.0777
42.9294
43.2576
42.9083
42.4522
43.1014
43.1732
45.9732
42.6776
63.485
43.1393
44.85
43.5262
45.9606
41.796
45.6975