61.5605
36.9868
52.6817
45.7658
37.1206
37.2075
34.93
36.2679
49.5463
37.0452
48.282
46.5364
43.6624
35.3513
37.5263
34.7205
36.4917
36.9219
36.7133
34.9319
35.8807
35.3746
52.7744
38.6764
37.9553
41.3605
36.4851
35.0597
36.6249
37.0317
41.1815
35.1152
46.7826
44.9929
34.9938
37.9043
52.1115
36.9404
54.8413
48.0455
39.7271
35.0293
50.5726
34.851
37.9075
34.4411
35.8303
35.0345
37.518
35.1694
44.0211
37.4229
35.2419
36.1942
36.5066
37.0495
36.4587
60.075
41.8378
43.3414
33.9757
37.1677
36.9956
36.2636
63.2859
36.7522
35.9308
56.0678
37.2224
35.2561
37.5947
43.1237
64.6266
37.5954
38.3657
34.9538
32.9581
34.0376
32.7582
31.4742
33.9019
37.4626
46.9099
35.1687
34.4979
35.6019
45.5427
65.5944
34.4366
35.3063
33.1897
36.1711
50.8778
35.513
34.9361
43.3326
33.1943
34.379
35.2743
36.9684
35.773
35.5829
35.1421
34.8774
35.0673
35.8359
56.9619
35.7284
37.201
38.2933
46.2136
48.2987
48.6888
51.2713
48.3065
45.4363
50.2136
44.7071
42.8852
42.9718
40.0974
37.3017
36.6161
52.6515
41.8164
38.4114
41.8046
39.2676
40.8896
41.6108
58.4152
40.7189
41.4121
48.218
37.4641
37.7099
43.6581
65.2309
39.2246
39.279
54.7127
38.8759
41.4654
38.991
44.2137
39.8
51.9604
42.6395
42.4868
40.146
38.6719
40.2734
49.3779
45.437
40.0213
39.2551
39.1273
41.5389
60.303
41.9132
52.102
43.5752
59.9971
40.2984
40.5975
39.2172
53.8219
69.8978
49.2962
59.3239
40.5085
40.7531
37.953
39.4787
42.8449
38.9713
46.053
35.0775
34.4933
35.9133
35.3108
36.4621
38.4045
38.2539
36.0726
35.6369
38.9438
37.1378
46.2205
51.3204
35.2698
59.8214
37.3618
35.6109
36.5814
41.5155
41.7627
34.6181
32.9027
34.2705
31.392
31.0911
32.0052
31.8005
29.9548
32.9592
33.8583
33.9431
49.9334
36.8748
36.793
36.8362
35.1199
42.7165
33.5111
37.3899
39.6525
35.5698
36.4099
36.9028
34.563
34.257
32.4887
35.4275
33.1334
43.8916
38.774
34.9662
35.3923
34.4209
35.3613
44.9166
37.9049
35.3591
36.8393
37.5756
38.4595
39.2511
37.5917
36.8828
37.2428
37.3909
43.0702
46.5478
40.8084
41.2507
43.3467
49.7991
51.4676
48.4078
52.8858
49.109
60.603
45.2537
44.6339
39.8058
38.134
36.303
36.806
35.7952
34.7323
33.5512
35.9462
35.7099
35.9993
44.8417
40.0367
54.8887
48.9217
49.6726
51.6179
67.2281
52.5934
53.6071
52.0449
53.1872
52.2317
44.0141
39.4337
34.1586
29.9374
32.201
33.1535
33.0401
35.8724
56.8729
49.6667
34.7298
41.7029
32.0348
32.0628
29.7725
32.9284
42.3061
39.9427
49.2346
44.937
46.639
45.8516
42.4866
38.5976
37.4958
32.8524
43.0128
58.5474
33.6531
34.724
34.9669
34.4015
36.6336
35.8317
47.6386
33.5579
32.2675
35.1974
32.9568
33.3954
36.3832
35.9961
52.5206
36.4087
35.6095
35.3831
36.9552
34.3748
33.8601
44.4039
33.4926
33.0874
33.0793
34.8554
33.1409
36.8453
37.5602
55.4466
36.5833
36.8837
36.3356
38.5547
36.4058
36.084
38.7636
40.1192
49.5278
41.5794
42.9998
42.5313
71.6235
43.0858
67.7971
46.3547
40.7466
42.868
86.6088
45.761
64.7112
48.9995
61.3581
47.1356
48.7648
78.0025
45.5929
46.1347
49.2263
51.2514
47.5096
69.9699
47.3985
46.2727
63.3586
48.1651
44.5899
43.757
41.0451
38.7193
38.5022
54.7426
42.2597
40.9851
39.1921
38.8937
39.5157
35.1424
35.8499
37.6281
55.2236
40.4464
39.4722
33.9167
34.2791
35.3826
36.4358
35.2981
34.3092
33.2879
57.6463
37.8554
36.6672
32.7939
32.9136
32.6139
32.9092
34.0159
33.7247
34.6427
36.3336
34.5455
35.344
40.5699
33.3336
33.837
33.7857
36.7469
38.393
38.7934
48.0841
34.7358
41.421
37.65
40.2253
37.6041
53.1518
39.7693
52.4527
38.0874
39.5456
40.7109
39.6633
39.4954
38.5287
39.7696
53.1908
39.6859
42.3728
42.8484
64.301
39.0631
54.1851
40.0787
40.1323
42.2715
42.4111
39.9915
39.3899
39.0746
48.6986
40.5836
41.7239
39.5149
38.7613
38.4628
57.055
50.3928
40.3967
36.0932
35.7498
37.1486
36.7588
36.0098
36.3716
36.0893
58.2352
35.0551
36.294
34.0115
33.7438
34.3357
38.7974
32.6824
32.7771
34.1895
33.3485
32.6929
33.4403
33.8826
41.9597
33.911
34.4813
37.1494
40.396
36.5428
36.6669
37.0402
36.2759
37.224
37.8841
37.8352
38.6415
36.5963
58.3897
37.796
37.4221
42.4521
38.3741
38.3182
40.452
68.1313
48.945
37.5607
40.054
45.663
37.3456
37.399
37.8626
37.4013
36.4791
38.5909
42.9796
39.7209
63.5173
39.759
40.4527
43.7877
42.6718
39.9893
47.4714
42.4137
75.2649
41.6825
42.7208
41.7801
42.4835
41.3787
43.0922
75.3964
42.2757
41.2464
41.4733
44.4531
43.0623
42.6095
51.9164
47.984
48.9874
45.8196
47.2676
44.747
46.7193
45.2964
45.4178
44.8705
43.6242
53.0933
63.0729
43.457
42.8356
39.5223
38.6605
35.4225
46.1112
36.6587
39.1368
34.5134
33.6632
38.2083
36.4527
36.18
34.2494
35.7048
35.6735
36.0325
36.6377
38.1371
38.7745
38.4368
62.4344
38.8685
64.6366
56.0242
39.2197
45.2967
58.2935
39.7708
40.4272
38.4356
38.6755
41.4284
39.0886
42.8609
43.7606
39.82
40.1027
40.6766
39.5949
39.8103
39.4284
39.324
40.2926
39.9117
46.147
39.4058
41.3804
41.4282
42.923
41.8222
63.8431
40.7538
62.588
40.2659
41.4974
42.5795
59.6356
38.6116
45.3325
39.8119
38.4996
38.3075
79.2002
41.8317
49.6176
53.2231
44.7612
39.5174
54.7294
39.8089
41.4911
45.5458
36.7304
36.8953
35.2468
35.1045
37.6107
36.9027
39.0805
38.3577
38.228
36.3483
39.846
37.0671
37.0275
39.7721
36.6421
36.0738
33.5844
33.5098
33.0875
34.4216
34.2832
33.7943
32.8102
33.3616
36.754
33.1131
33.5503
43.5339
34.3866
35.6621
34.5828
32.6508
33.9397
32.7399
33.1204
33.8721
43.9662
34.583
34.5463
47.5918
35.0347
37.3638
33.24
35.0654
32.8748
34.8746
52.1608
32.828
33.6671
35.8719
36.1532
39.8094
41.4876
40.9611
49.2762
41.6845
39.8465
39.5605
50.1066
37.9332
40.1255
54.8261
49.6742
38.0436
52.7875
40.9456
61.2459
40.5584
39.9217
39.8696
38.9783
38.1326
54.9753
35.9559
38.6405
38.0669
56.5951
47.6212
41.7197
40.6744
70.1479
41.0222
41.4415
40.7566
42.084
43.9595
41.4443
42.603
41.0773
43.3382
54.644
75.8587
42.2399
45.1475
41.8567
45.5213
60.978
62.7699
44.3584
85.095
43.9944
44.1463
59.5447
81.8679
44.9917
42.7484
43.713
43.0369
42.4301
43.5171
45.6136
44.0754
44.2214
76.0703
47.3468
45.8595
43.6575
43.9664
43.3387
45.2208
44.3367
46.799
47.2586
46.0807
46.8326
50.2926
48.8674
62.9976
51.5781
45.9921
68.9356
46.834
44.796
58.1693
45.6629
62.2323
47.7169
45.043
46.0172
44.4075
46.2656
44.6781
44.1028
43.9726
44.5192
46.5914
44.2764
45.4545
59.87
43.1192
43.555
42.7911
45.2516
51.1155
58.4409
42.9123
41.2857
46.3731
42.9469
44.1808
52.7212
44.5327
44.1085
44.4509
66.2638
43.5275
38.7612
35.7116
36.6472
34.9878
35.1742
35.3357
35.6494
36.1723
35.4448
34.4001
34.1316
34.3214
43.3669
32.4623
35.4494
52.8212
48.5604
30.9824
39.9758
48.4545
34.6865
34.7629
32.713
43.5369
35.259
32.0775
31.6412
31.7765
32.7331
31.767
33.0269
31.578
31.6316
31.094
32.2941
30.7763
33.4946
35.0043
33.9053
34.6699
35.5921
36.4039
51.2978
38.0368
47.268
34.296
33.9774
33.427
35.4359
33.719
32.6378
30.8778
32.3186
30.1154
29.6602
30.8282
32.4318
40.9266
31.9434
32.9644
34.3887
31.6956
32.3247
31.9512
34.7414
33.7643
34.311
37.8164
37.5863
38.139
52.6516
38.5301
51.0248
40.5027
39.0318
38.2931
38.8785
38.7392
37.5491
36.8981
36.5117
37.8395
37.2647
36.9036
38.4659
37.7183
37.1949
36.7727
36.5898
52.3301
35.2517
49.4356
34.105
35.1006
45.9031
37.0351
44.563
41.6477
41.3005
46.7029
55.8487
42.8734
45.3094
46.2803
44.9983
58.189
45.1149
45.9671
43.2199
45.0099
43.7453
43.5141
43.6724
42.5982
43.53
43.4677
44.5261
75.7291
42.402
42.5939
41.2118
44.0003
42.1638
42.1892
41.4848
41.1456
42.8743
50.7764
42.2139
42.1842
41.4447
44.6563
44.9301
43.5292
43.2555
52.6983
39.7087
40.7715
40.3124
39.3916
41.2359
39.3071
40.0557
37.9113
37.7299
35.9073
36.9524
36.4149
37.11
36.6684
36.6908
39.5782
37.6404
39.5326
39.366
39.4435
37.3883
38.9568
58.8618
69.0167
43.4295
40.8104
41.6669
40.0757
40.6917
41.6002
40.3907
42.4486
42.6362
55.3121
47.0166
60.6442
39.1839
39.0933
58.6437
39.2856
41.6114
62.9666
41.0562
42.6599
40.8738
43.0027
42.5961
41.8183
64.6987
42.8424
43.5367
41.9003
43.6215
42.453
42.0575
44.9428
43.7181
42.929
43.3379
56.8929
46.0237
47.4856
46.8699
45.1973
50.3732
60.9517
46.7386
47.0354
47.9803
47.2682
47.8157
45.0141
43.5559
44.5837
41.6357
43.6059
53.7592
42.6388
41.1034
42.4074
39.8832
43.8827
36.364
37.1144
36.4205
37.4732
53.5256
49.49
59.0115
41.9618
39.1882
38.7174
42.4755
37.2272
37.3363
37.0406
48.1906
37.0349
37.4872
38.9166
38.9335
37.5743
38.2957
54.393
40.2886
38.5937
51.4519
38.684
39.7048
38.7095
39.3257
38.6937
49.6455
63.6015
54.8565
39.2375
37.9006
39.8037
49.5616
40.0153
39.399
37.9349
40.24
59.9189
36.7604
37.4969
49.2211
36.929
36.5847
71.1208
38.9387
38.7086
38.2446
36.7673
36.8072
37.258
38.0901
54.8584
72.7017
37.93
38.3288
39.0988
38.3016
37.6043
37.746
36.8482
35.9257
35.7139
36.5066
36.9433
36.3812
36.3842
38.437
36.0653
37.0666
39.9906
41.0303
35.439
37.1868
33.6287
37.7118
36.1746
39.4454
38.5552
38.3103
40.2042
42.7301
38.4469
39.0727
37.5771
37.5726
35.9095
37.769
35.3812
35.9761
37.4057
38.5237
39.5383
48.7309
35.8145
42.8615
37.0397
38.352
37.5635
37.1633
36.3758
38.7187
38.5705
37.2661
50.0041
40.6522
49.903
37.6989
38.3919
45.8241
38.4973
38.824
39.475
37.0783
37.7337
36.8753
38.1707
34.2046
47.6349
52.8137
53.2188
68.3931
56.5166
39.4595
38.9488
34.2244
35.9313
34.0826
35.7093
59.3669
36.8352
37.9969
38.8083
40.5516
42.2491
39.9203
38.0639
38.0823
36.216
38.9832
37.3391
36.9817
36.1027
36.4248
35.403
37.4245
46.3831
36.38
33.6878
35.1861
36.3196
40.2882
58.0007
39.2479
41.9208
39.8532
37.9882
35.8149
51.4125
33.9091
41.9731
35.4683
46.1403
49.1801
38.3602
59.4835
34.6048
63.6531
43.8176
31.2021
32.9203
33.2895
33.9972
44.4288
49.916
37.3369
51.4187
34.8605
33.9121
57.02
43.8337
53.5663
37.2422
35.6449
37.5651
38.9136
43.0636
38.565
32.7865
34.294
35.606
37.9559
33.2455
34.7659
33.7734
35.752
32.8564
46.8236
47.7489
47.3882
31.8862
33.2228
33.5359
49.2229
32.9431
32.4907
31.7287
31.3633
29.8563
36.3754
28.4031
29.8794
33.9407
32.9716
32.3586
48.18
32.7583
37.0256
38.254
39.3216
37.3049
36.7066
36.739
35.5285
37.5897
36.6891
39.6759
38.6978
37.6088
42.8695
42.2617
48.4455
38.813
67.1828
39.4758
40.3015
42.6237
39.5257
39.3908
42.525
44.715
41.5568
52.6986
46.7138
44.3806
42.6445
46.3349
45.3475
42.3339
41.9623
41.6937
62.7708
43.4512
42.7985
73.7637
46.3442
42.3049
41.6658
40.1495
39.6912
57.6273
51.1874
46.6667
42.2778
42.4192
44.1831
60.9975
43.333
45.3711
41.9004
43.3007
51.197
43.0386
42.6819
42.565
43.3136
42.0545
44.0529
74.7458
58.9532
63.7301
41.9815
39.667
38.7519
41.1261
58.0208
47.4775
41.8801
40.8719
38.6643
39.0959
39.7519
39.0286
40.1615
39.1811
39.4238
40.2508
40.4265
40.6944
41.0465
40.1423
39.728
41.4152
40.0603
40.3865
39.6906
39.9668
40.785
41.8387
51.3862
42.8112
42.7258
41.9793
42.1145
42.6156
41.9269
42.6363
42.3146
41.8094
41.4084
41.7219
67.9318
42.5155
44.1209
43.3645
64.2412
42.2459
40.2806
40.8496
41.8025
38.8417
38.9311
39.634
38.7919
40.8381
41.2157
40.1387
41.2152
41.2469
41.8903
42.2841
40.7924
45.7297
53.953
67.7728
44.3759
67.0162
43.4877
57.04
45.3608
46.306
65.9178
74.4394
61.9306
45.3363
47.4712
45.7533
46.7135
44.6044
44.7109
45.9709
43.7747
41.5698
42.9901
70.7099
40.7954
41.1915
41.5244
45.8333
43.5857
42.5636
42.8359
42.7201
43.9626
60.3005
43.3444
45.9449
43.8169
43.0252
61.4256
45.5569
46.0442
46.9662
45.9314
51.1658
62.0277
50.8847
42.7555
38.1593
37.6209
47.3607
48.414
35.5886
35.853
33.2491
34.5001
53.2716
38.8668
37.6687
37.9769
39.3236
35.3889
35.8031
35.4342
52.5937
34.8923
36.0801
35.9877
37.3254
36.7681
38.0725
40.6703
39.0485
39.5536
46.332
39.3081
39.2625
58.3996
41.4168
43.5661
41.5009
41.5858
41.43
40.1735
41.4342
47.653
68.5772
44.1278
44.7145
44.1112
60.9482
46.792
46.3032
62.3125
47.0632
48.1169
47.4988
46.1414
61.2036
46.823
46.6457
73.1577
47.5664
47.3133
46.3688
46.204
70.9383
49.5477
75.6559
53.2479
45.9597
45.9068
45.8775
48.1313
47.2744
47.0828
46.2781
53.2058
63.5752
46.3624
45.5791
44.4322
44.6149
71.9062
45.5906
59.9278
45.6849
46.7499
45.5402
43.7107
52.0128
47.5227
43.6502
44.6115
43.8823
65.4663
43.8643
43.4819
45.5652
69.8432
44.6862
57.7331
58.983
54.0737
53.2273
41.6792
44.2916
42.9898
43.7144
57.1274
42.709
47.0872
62.3192
45.214
41.4442
40.7792
41.5848
41.9767
41.9006
43.1235
39.6344
38.9324
38.473
37.6906
42.7532
45.1603
44.1202
44.9012
41.5364
42.8809
43.6767
42.5514
44.9546
43.8902
50.9196
41.5534
43.0812
43.7645
43.0444
46.0877
44.5494
46.2107
48.5079
49.2096
50.0543
49.3387
49.365
50.7873
48.988
69.0893
56.6151
46.3232
45.1622
44.5434
52.125
60.4444
42.4317
50.6205
38.443
39.2771
38.6555
39.6125
40.987
40.5352
40.5477
42.2005
44.083
63.1162
43.0734
43.5646
44.3328
41.5515
42.7164
43.6013
67.7746
43.1804
45.563
76.6337
44.2994
49.7361
45.5277
45.3951
42.6791
41.6533
42.2356
42.7667
42.5489
40.609
45.843
39.9468
40.1894
39.7378
48.2041
54.8854
38.8524
38.578
52.5764
41.6201
54.1858
40.6172
66.9923
41.4758
51.2268
82.1307
40.9437
40.1365
40.7902
39.0727
40.8196
38.829
38.9948
39.7996
38.6064
36.4162
38.5965
39.1651
39.4332
41.0128
41.5381
38.2758
38.7071
46.1608
40.7692
39.1435
40.3712
52.5893
37.5843
36.9331
38.0881
37.971
40.5767
45.0217
61.7234
41.1209
49.8196
40.2943
39.3907
38.8694
50.3981
38.5411
39.7027
41.6621
41.166
41.1603
60.1556
73.0497
42.0404
41.9254
42.8641
68.7931
42.6793
44.0967
44.5406
59.8551
45.2044
65.6052
43.8345
43.0949
42.5812
72.2414
42.7237
44.0012
43.618
40.9482
42.6736
81.9417
57.6506
42.1612
39.5258
57.5674
40.2068
39.2009
40.9648
41.42
45.3868
41.9098
41.4044
40.4557
38.7049
40.5595
40.6803
40.7501
45.2902
41.2269
42.9789
42.7236
49.7282
44.0236
44.1406
42.8136
53.4031
42.0096
41.9026
42.455
43.7202
43.9597
41.2138
42.4988
41.3641
40.4434
42.3471
41.0732
43.7938
40.3979
41.6164
40.6977
40.585
40.5912
40.6548
54.1878
41.1853
42.0751
40.1371
41.0096
42.3125
44.1016
43.1045
42.6631
40.5227
41.3807
43.3986
43.3598
44.9954
44.1717
46.4362
64.6656
42.0029
53.4718
64.8632
56.4756
40.2465
42.6481
39.5037
55.9929
41.5339
53.806
43.6302
39.3802
40.6728
39.1925
38.1068
39.1027
39.4553
39.4228
38.2335
39.4492
37.7475
49.1619
37.0898
37.581
37.3232
37.6229
38.9795
39.1717
37.4976
39.953
38.7489
41.3514
39.3004
41.2832
40.5683
38.778
47.0195
41.5159
42.9067
44.1386
44.8183
44.2371
60.1963
51.853
43.7447
40.9104
39.5275
38.7232
39.1801
37.74
37.153
51.9531
36.8689
36.7616
35.4536
35.8509
46.2644
40.8696
50.5769
39.1248
39.4873
36.3419
34.5013
33.1587
36.2082
35.0351
38.3725
53.1963
38.3256
43.8977
43.3937
44.0792
45.5089
43.7772
46.6341
44.1605
45.0136
47.1452
46.5993
47.7239
47.3162
46.6513
45.5513
44.1162
66.9586
46.0921
45.4104
45.1583
45.5005
46.8058
44.68
46.027
42.4717
45.5598
43.8032
43.8155
43.5392
43.6657
42.9786
43.3227
41.8557
41.8718
47.9173
69.5448
41.48
41.3644
57.858
42.2814
41.5122
43.4017
40.4156
41.0245
41.5376
73.3006
39.1717
41.3878
42.5757
41.4634
41.7777
43.7873
42.6429
40.6915
66.9105
41.9459
41.4425
41.3192
40.6804
41.7803
40.7816
40.6219
40.3965
48.3065
51.8236
41.3304
41.6095
42.2468
43.1174
42.4574
41.7337
41.3334
42.0434
40.8653
41.5128
65.7041
39.7649
38.1642
39.7114
39.1767
38.3178
39.6064
36.765
54.8155
37.4421
68.5083
39.1699
39.5266
55.9298
40.4086
61.5416
41.4295
56.518
43.0259
42.543
42.1968
42.3864
42.0365
43.2536
39.9855
41.2661
40.6141
65.0045
38.8338
38.8267
38.9488
37.4052
37.2171
38.1317
38.6604
40.4723
39.1382
41.589
38.3224
39.5887
40.6433
39.1366
37.9924
66.9769
45.5746
38.9918
55.9925
39.7472
44.1431
37.6984
39.2911
46.0735
38.8483
52.5827
41.6124
45.7304
35.0949
37.2033
35.3704
45.2978
33.7947
35.0606
35.5077
34.6151
34.6814
36.1086
36.9827
36.1557
36.2736
36.368
36.7445
48.8407
35.6691
37.8265
38.7158
39.464
39.0732
36.4265
52.0954
53.0903
34.9124
34.8402
36.339
37.0911
38.0143
37.3438
36.7683
37.2247
34.8537
35.7773
49.9455
52.4091
68.8933
37.413
40.5285
36.8787
34.6785
35.8882
38.4023
52.1197
49.3186
38.0666
40.3772
37.9827
37.1047
36.983
37.3767
34.5937
35.6597
35.0705
33.728
35.6131
33.9615
36.7749
37.9645
37.7069
72.839
38.593
39.6124
37.1888
36.8376
36.861
50.0986
36.7647
38.6784
38.8979
38.5237
39.5248
37.6162
35.8618
35.8277
34.4787
35.9015
36.5137
36.8974
39.7999
39.9743
38.2677
38.1331
37.6238
36.1727
37.867
56.5536
39.3044
38.9255
38.8545
39.1785
39.6201
42.0578
38.6139
38.8938
36.7613
36.7595
50.171
40.7364
39.4305
41.3213
38.5861
51.9454
70.6136
39.8786
39.5455
41.3288
41.2557
44.2119
43.9885
60.3978
45.7071
45.5235
44.5177
44.7745
48.9368
43.6238
46.2565
45.1223
79.3284
43.6927
44.8285
50.7256
43.3114
42.9819
43.027
42.119
72.1325
41.0347
59.1103
41.677
63.0662
61.5021
46.7282
42.3559
40.4724
41.5138
57.6094
39.4785
41.8078
40.7481
41.3489
59.179
40.4208
40.3257
40.5357
39.4642
39.4839
36.9535
51.0807
50.5325
37.1672
53.7204
34.9831
37.3861
63.0625
34.4454
35.6324
35.3166
32.9993
52.4731
52.6587
46.6417
39.5851
39.4488
39.664
38.7511
41.2961
38.595
39.7081
40.8615
41.8642
37.7952
36.9179
59.2171
51.9885
36.6663
38.682
36.1176
36.5279
36.45
43.8502
38.5037
36.2433
35.1718
43.2998
32.0568
35.3101
34.1981
55.4064
33.3951
34.3848
33.0443
53.6894
33.5177
33.951
35.7341
34.8113
35.708
36.3531
36.6676
37.3342
37.1946
34.6171
35.9216
33.3184
33.4245
38.3483
34.1401
33.439
32.8936
33.1381
37.0607
45.1598
47.7268
35.8209
52.2741
33.2528
35.5097
48.9672
48.779
34.9308
34.1812
55.2368
33.5641
37.5611
36.965
36.4366
38.833
39.5029
38.9793
73.3189
38.107
36.2308
61.7642
35.1827
33.8096
35.3366
33.4509
56.9688
33.9565
32.7183
33.2473
34.8464
33.0586
36.643
38.5112
41.3335
39.1504
75.9301
41.8602
42.572
41.6303
41.5905
39.3574
40.1246
39.0303
44.4351
39.4371
66.1379
35.4866
54.0449
37.2509
34.9291
31.1962
52.2256
33.6824
34.605
35.0642
35.0851
46.3784
34.7002
36.0305
37.1495
40.5539
35.8024
35.2454
36.2858
36.3024
33.8068
40.9352
35.5754
38.0118
37.2042
39.2361
37.8594
35.057
44.6164
47.1125
33.9451
33.5691
36.0711
35.8727
36.0312
37.0432
38.2724
36.8532
38.1262
38.7667
38.1445
41.5373
38.9081
48.4021
36.8217
36.6302
38.573
36.3138
35.9923
35.122
36.7647
36.989
38.8116
36.5153
42.3648
39.2348
37.9249
36.4949
37.8276
37.1355
36.6257
51.8258
35.8716
38.1529
39.3407
51.699
60.1087
61.2225
57.9709
44.5897
44.2559
45.1554
47.3405
47.1518
44.6534
76.0608
61.3125
49.2508
61.9696
47.7109
47.3287
46.2625
46.0441
46.1868
47.2296
47.1101
47.8675
47.0685
47.5083
46.806
46.5115
52.5494
47.3064
47.8212
47.7089
47.0839
48.3319
47.8438
50.4807
49.0209
63.998
48.1
66.4092
47.4456
47.4453
67.9541
47.2732
45.5197
73.9194
46.7261
45.8877
47.6125
48.1757
46.1684
44.3537
45.2905
50.648
45.1843
49.3098
54.7226
46.7114
50.7128
43.5609
46.2658
48.6556
47.1416
56.0254
63.6304
45.068
47.2304
45.1591
44.9997
58.5276
50.5672
69.5799
45.7273
60.3043
47.027
55.2208
47.5189
56.1987
78.6764
47.2004
47.1363
47.6929
46.1269
47.3783
47.337
46.4949
46.5933
46.246
46.7309
46.6835
66.2344
45.9855
45.7974
48.6686
58.6439
45.6215
46.3926
45.3985
45.764
46.829
47.2792
47.1728
46.385
45.9812
45.0196
46.2963
46.7049
47.8593
45.2383
75.2703
46.0685
45.4065
45.7466
45.2818
81.41
48.2519
56.5281