37.1312
21.7506
22.3897
22.7952
25.7264
22.1161
27.4115
22.265
23.1461
23.0084
35.0037
23.7159
22.2119
25.2117
38.2009
34.2556
33.3436
24.4587
20.6985
22.8698
21.7976
35.6767
23.6613
23.3574
24.0139
27.5629
24.0699
37.1572
45.3609
25.0083
23.9616
23.3012
25.7251
24.349
22.658
24.6823
23.9509
23.3962
29.4315
32.0424
26.727
23.4965
25.8772
25.1321
23.446
31.8386
23.9911
23.0044
23.5252
26.5843
23.9855
23.6842
22.8886
26.1312
24.2304
23.6808
29.4366
26.7585
25.2082
26.0965
25.6089
22.0036
24.3902
23.6497
26.3116
25.3734
27.6918
29.5661
24.2335
24.7691
21.146
15.9451
16.2681
14.742
13.7471
17.2344
13.9045
14.851
12.9501
18.8397
11.4516
18.2625
10.5107
15.01
16.7863
13.9786
27.3448
29.8092
41.9927
42.3825
34.0056
25.8385
26.4154
28.5294
22.195
26.1714
22.9124
42.221
25.5105
38.5579
23.5731
25.3877
25.152
22.7618
23.884
25.3917
25.8626
22.1741
33.5005
26.9839
35.9222
24.8984
33.7033
22.0254
22.6061
22.4756
22.3142
39.5982
22.9313
21.1698
39.3935
33.5713
23.7812
23.468
22.5931
23.4197
23.4088
23.305
22.3841
21.5593
24.7295
24.6796
24.8776
22.4454
23.3028
23.3146
26.5501
24.0595
23.0206
28.4336
24.3721
22.604
19.095
34.7506
22.7107
22.9138
31.1597
24.367
22.79
28.04
24.725
23.5296
25.3302
41.9845
29.771
40.4586
39.2039
22.2223
22.2204
36.7471
34.0355
23.713
22.6384
22.5946
36.6851
24.4279
22.165
28.2718
23.7773
22.9686
23.7834
35.4033
23.3506
38.4533
24.3213
22.9463
35.4175
29.6317
22.9987
35.6747
22.4321
36.8321
25.6628
23.1319
24.9958
23.8136
22.7879
24.5237
23.6132
25.6519
27.5471
24.3722
32.8204
23.7545
42.203
23.8789
35.064
26.3416
35.5949
23.233
23.7314
36.7366
25.273
25.8258
24.1172
21.9034
36.9215
42.3299
24.3733
22.9921
23.1153
24.6284
21.9926
26.2729
23.8723
22.6269
24.0574
36.9771
12.411
24.6975
13.6674
16.9155
36.1237
23.7853
32.7177
12.4521
39.5909
26.4748
43.3064
29.6555
35.8678
25.0962
24.0567
25.5275
28.7482
22.8536
28.9028
22.0333
23.6639
33.3327
21.5612
21.0886
23.2353
23.3121
22.1147
21.559
21.8682
25.7323
22.4046
21.5178
32.1426
31.1169
28.5307
37.4864
22.149
22.0713
23.0829
21.7509
22.022
21.2577
22.0633
37.2697
23.8966
26.078
23.1179
22.0595
20.8822
20.9038
32.0288
22.8167
44.3954
26.5593
23.5305
27.0455
22.1422
24.2383
22.4363
23.0447
23.6151
22.364
22.1838
22.219
22.205
20.911
22.5278
23.9392
22.4605
22.2452
24.8793
21.9703
27.0326
22.6749
22.2747
23.1876
23.8017
24.1752
24.0282
26.8943
29.3422
10.9424
37.4717
12.5507
20.6517
12.9167
20.4789
26.3617
27.216
26.1196
10.4633
20.9398
22.6466
25.3844
32.9217
23.1461
29.8745
42.092
26.1599
13.5424
38.2539
36.1449
26.1906
33.435
28.9625
25.1046
25.198
23.7526
27.9399
23.9554
23.1836
35.6628
22.4696
24.0335
24.5405
23.5168
23.3561
22.7868
23.0507
23.9969
24.9369
30.8072
23.7607
26.7294
35.588
23.488
26.9742
24.2953
24.9463
11.5188
12.0169
39.5872
12.8293
13.7636
25.1741
13.962
24.9321
24.2687
24.6598
23.781
24.5334
10.2842
24.2513
23.9361
22.5924
23.6243
23.27
35.2904
24.7222
23.1423
32.1091
22.4893
33.53
22.8565
24.4659
23.7262
43.6431
27.7343
23.3148
13.1916
30.2328
13.6815
16.6118
12.5255
29.1618
12.1835
34.0537
12.7421
18.1239
24.2516
12.5934
19.2273
14.1742
10.4772
17.4006
12.6783
12.673
13.6987
12.6975
12.7409
10.5872
10.7711
19.1106
13.1464
20.4231
18.3241
8.84789
24.2558
25.1075
11.0992
16.563
11.1224
16.3436
38.8733
15.9037
19.5469
13.0215
30.8484
26.5909
26.1165
11.1887
24.9586
31.8657
33.604
32.7775
31.1452
10.7973
25.5411
22.4897
38.3459
31.5527
22.6897
27.9307
32.0292
25.4633
27.3308
32.125
24.4907
23.7305
35.8216
13.2602
13.8476
15.8339
15.6805
12.7451
18.8275
15.116
11.9976
13.7604
22.566
24.4279
24.9267
23.0302
11.3652
30.7499
26.2783
10.6612
32.5165
14.0221
11.9536
16.3814
25.0913
23.9511
11.5196
13.4386
11.9007
12.8459
11.7327
11.5052
24.2759
11.0673
13.1132
12.7456
14.6775
13.2421
16.1585
11.9459
23.1704
7.3442
14.6644
10.615
19.538
12.9918
16.6893
14.9028
33.6479
11.5974
34.3441
21.4865
36.7194
35.6691
22.0833
21.8415
22.0893
23.2661
11.2115
34.3537
19.3155
9.64846
12.5038
24.7489
20.0986
24.6262
26.8599
21.8626
23.473
13.1546
11.0297
31.6215
23.4038
13.0328
32.0654
11.8604
21.6158
29.4367
27.4425
37.786
25.2927
10.495
16.8291
23.0712
22.469
11.9367
17.4922
32.1066
36.9663
24.572
22.327
24.1396
24.3017
25.7248
26.3089
11.1153
18.4186
16.3985
29.633
24.645
11.4696
17.0251
11.9645
12.4385
17.1733
26.2541
10.3459
18.1469
21.2094
17.8766
38.3622
17.1326
17.5124
11.0044
12.2979
16.1046
12.3113
12.6576
14.5768
11.0833
11.7575
33.5951
11.1476
16.0826
11.5415
11.2254
18.5116
9.65309
28.7715
12.5136
14.8125
14.1748
25.7773
12.3197
11.8384
11.349
11.5161
10.2924
17.4291
14.9591
12.4645
11.1553
10.0455
25.0905
15.1124
26.6235
28.1071
12.5191
31.9987
24.525
13.8496
15.8498
23.5671
14.5523
15.6241
29.7857
14.1726
13.3456
10.9119
15.822
16.3969
10.601
14.6412
11.9458
14.5889
42.7966
26.9911
12.5919
15.1588
16.577
11.9343
15.238
13.831
12.1096
15.1778
12.4738
10.5366
15.1529
13.7343
12.8047
14.9541
15.2099
11.3514
17.8206
20.1573
14.3282
14.0053
13.3123
10.5623
13.3488
10.3913
15.5936
15.2776
10.2085
16.7215
18.8052
12.9771
18.4887
12.6415
10.9084
15.3229
14.1911
18.0082
17.2023
15.4112
14.503
12.5849
17.4079
9.05634
11.2719
7.95072
10.862
12.1674
16.0271
12.3145
10.2803
11.3312
9.89983
9.92498
10.6339
13.318
10.6314
13.3726
9.83563
12.2724
12.1063
10.5217
13.0503
14.6794
10.2484
15.4883
14.5231
10.8185
10.7671
10.4248
17.7578
29.6251
14.1029
17.0229
18.4606
18.1666
12.9099
18.6596
14.6921
10.2595
11.8485
15.0397
12.705
12.7345
12.1244
14.0557
14.9159
12.6185
18.8414
14.7404
9.95079
16.5647
10.7434
15.441
19.2338
10.1429
15.2235
15.5076
10.4045
16.1114
19.0019
11.6261
11.6138
13.2937
13.9458
14.2742
13.1921
16.0903
11.0678
12.4199
10.8452
12.1631
12.5324
9.38263
11.7802
14.1392
12.8949
9.94114
11.0453
17.8895
12.4332
13.1664
8.8558
11.2899
13.3303
12.6233
12.3162
15.5317
11.1468
11.808
12.1376
11.9065
15.1221
12.3539
17.9921
15.1092
14.2346
12.168
19.0497
8.85555
12.8355
15.5199
9.85334
15.0214
11.0672
14.287
12.0822
10.1943
15.4509
11.331
10.9097
13.2465
9.93909
11.1406
15.3119
14.5639
18.4326
9.94069
16.9401
10.9128
12.1915
19.717
16.7356
11.2385
17.9423
13.8249
15.9726
14.4856
19.4886
15.1608
12.9769
16.255
15.2934
12.253
13.5047
14.9937
10.7232
18.9497
19.0721
14.0279
11.6109
16.1932
10.7699
14.671
13.4531
10.8992
14.8001
13.4546
11.4017
10.6671
11.4247
14.4409
10.2715
12.7808
13.1034
15.8266
12.3049
11.267
12.0212
9.43378
15.4789
13.7254
16.0686
17.1698
11.7821
13.7361
12.6429
11.5102
12.9031
11.5332
13.0888
14.9462
13.3817
12.997
10.0643
16.446
13.6706
9.75292
15.4635
12.8119
11.804
16.2441
15.5196
16.0695
11.7372
15.8481
13.6026
11.406
16.1704
11.5222
11.1899
10.2425
13.3358
16.3592
8.79366
9.79905
13.044
11.1863
18.0274
9.90085
17.3469
13.8145
13.5588
12.8218
13.6824
7.29272
8.92336
7.37215
10.7019
10.6645
17.6493
14.7842
12.8239
13.7796
10.5577
14.3453
14.9446
9.47983
13.8228
18.6037
9.80373
12.8581
10.6711
13.3367
14.6139
12.5305
15.0246
10.6469
11.2314
12.3717
10.8382
10.4983
9.25633
15.5767
18.8937
12.1875
12.1253
11.5577
13.8707
12.0271
11.6794
14.8947
13.3124
14.5367
11.8831
12.7961
12.8453
12.2138
11.7722
13.9557
10.1311
11.4124
10.8576
9.67366
17.7377
12.1149
9.74221
14.5892
12.9853
12.2671
12.9933
14.1442
11.9516
12.5689
12.4826
15.7843
12.2394
13.909
8.72423
16.1722
11.5537
9.07182
11.3063
14.7418
9.11343
10.2495
21.054
15.2822
9.68023
14.7589
13.2872
11.3714
12.8972
13.0042
11.8729
11.0063
11.1938
20.2399
11.6649
11.9002
11.7153
16.8068
10.4893
16.0421
11.5677
14.658
19.9919
16.8758
12.7873
11.4411
22.4599
14.2045
8.86326
9.38851
12.5806
13.1338
9.82656
16.6604
11.1971
16.8615
9.70124
12.9782
10.9602
13.54
10.1603
13.9565
12.9081
11.7881
14.8917
13.7748
16.7638
11.5269
11.3318
14.1862
10.3142
12.8953
11.3363
13.9861
13.6864
13.1438
13.4993
8.92661
17.1439
11.8711
13.5695
11.5397
18.4908
9.90741
15.78
9.45381
10.1059
11.2082
10.0905
11.1935
10.8395
14.4127
14.1694
18.5445
12.0692
10.2313
15.7009
11.4182
11.1095
12.9935
11.6879
13.4383
14.3645
11.3744
19.7179
11.3035
15.9049
10.8559
12.2253
13.1624
11.3301
10.0479
12.0101
13.9137
14.5324
9.65941
7.70325
9.99888
10.625
8.88974
13.7291
13.2786
14.7237
19.2361
17.7504
18.9778
10.9849
18.4143
11.2032
13.3613
11.8198
11.9432
16.9254
12.1373
9.83774
12.1167
16.6867
11.4387
14.0151
13.9209
11.696
18.7471
15.0988
14.2243
17.9609
13.2483
10.9936
13.8271
11.1355
11.4855
15.4684
14.8696
14.3734
10.7113
12.2765
9.49306
12.2699
10.778
11.9896
10.3019
16.9721
17.7782
13.5604
14.3924
15.3075
13.8667
11.829
12.7699
11.4653
10.3192
10.9932
14.3369
12.062
12.9516
13.7983
10.7314
10.941
12.5865
9.69456
10.8009
12.1173
11.2417
13.6381
12.5415
11.045
12.5521
13.8449
10.3907
13.3276
10.9091
9.57133
14.1603
10.9201
15.7776
12.8679
9.50704
14.5312
14.6918
11.8218
10.9345
11.2442
11.9966
13.1719
12.3727
17.0809
13.425
11.8493
11.8695
11.2504
13.1937
12.983
10.0454
14.2955
9.6348
17.4992
17.6717
15.2827
11.6854
13.1403
14.2939
18.445
13.5546
10.1883
10.0824
12.082
15.5357
9.85494
13.2089
17.4792
10.7233
14.658
12.0375
18.5642
11.9297
11.4061
14.6029
25.8692
9.76875
15.4187
12.6029
13.8671
12.305
14.3278
9.93473
11.4167
16.5603
16.471
9.3492
9.53118
15.5335
11.3954
8.71927
10.6992
11.5127
10.8128
11.5213
12.0959
13.3915
11.3281
11.6955
14.307
18.3992
18.4942
10.6712
17.1287
10.695
14.6704
11.8307
12.0517
14.7643
11.2976
15.2337
11.125
13.1798
17.616
14.6072
10.4699
10.4275
12.6742
14.5671
12.3906
10.9021
16.1308
15.6
11.0026
13.8124
12.4286
13.638
21.6748
13.4281
18.1155
21.9465
19.7867
18.2639
14.7643
14.2504
9.16323
15.6887
15.9746
11.7141
11.2728
10.8956
12.2841
11.9641
14.2116
11.4007
15.1089
11.4994
8.84746
13.2346
13.9253
12.21
15.9073
13.029
11.8153
14.2397
16.8706
11.5711
14.2203
14.8258
10.7236
16.5723
13.3137
13.3953
14.4552
10.6639
10.8196
10.1643
16.509
11.8511
14.4214
10.0002
9.16518
9.8667
15.5903
9.02235
14.194
15.0598
15.2919
12.2508
11.1796
11.2987
12.0197
11.0611
16.4766
19.5842
17.9937
10.5016
17.3792
14.3841
13.3772
13.0554
15.2199
13.2293
12.2871
11.2564
11.7149
12.3863
13.5365
10.8336
14.1637
13.5244
15.6079
10.5617
13.2593
9.41029
16.2524
11.3849
11.2699
14.3709
11.0903
14.5122
10.2811
12.4963
13.9835
12.1883
15.6246
10.2104
12.2251
11.3059
12.4952
13.1715
13.1189
15.0819
10.9699
16.8036
12.0953
13.9011
10.9521
17.5907
10.9441
14.3925
15.9965
16.0972
10.4491
15.013
11.1924
16.0992
11.2359
12.5774
15.6555
13.7629
13.5868
10.7232
19.0177
16.2427
15.9896
14.978
18.0479
9.63275
14.0471
11.2975
14.6192
14.1501
13.4522
10.3561
15.1098
14.7017
15.4945
13.0919
8.85433
16.2544
13.5053
13.2126
10.8262
20.3983
13.049
17.3924
13.9014
14.9943
12.0345
15.5316
11.1522
17.022
10.0087
17.4276
15.668
10.9104
10.431
10.0093
12.6934
14.037
11.9064
23.3697
17.3245
15.9907
9.66002
11.9432
11.9749
24.7766
14.7853
11.0693
12.1564
15.6425
10.7376
18.8078
11.6138
13.9554
14.3732
12.0079
11.9993
10.6265
11.2262
12.7358
12.8204
14.6758
17.5563
10.5064
13.649
10.906
10.341
14.6259
14.4584
15.401
14.4934
16.3877
16.402
9.66312
15.4986
15.1354
18.398
10.8599
11.2645
16.5002
13.3414
17.617
14.7724
15.9236
11.9284
12.3133
12.772
11.2153
11.333
10.4728
12.989
14.7277
15.6691
15.5893
13.8312
13.996
13.024
9.7539
9.95307
13.6052
11.1685
10.1815
11.2165
9.47255
10.1199
12.7284
8.7948
13.1406
10.0921
11.1998
8.04485
9.00385
11.9999
9.17287
11.0348
16.9062
9.54315
11.9713
9.69828
9.99846
12.7721
12.2388
12.8771
11.5824
7.83703
10.0839
10.5721
10.8286
15.1042
10.8576
11.2084
10.3864
13.2009
9.22937
10.8862
10.4365
13.5159
9.46901
10.5616
9.31839
12.2994
10.4837
17.7105
12.48
11.5765
12.3944
25.0196
13.3256
15.684
12.2108
10.2033
15.4075
10.7635
15.1579
14.0139
17.1647
11.1509
22.0438
9.62193
15.2906
14.4358
14.4953
10.2945
9.91348
12.383
13.1736
15.6865
15.5628
10.1326
11.2107
10.0045
14.9843
12.8465
9.51835
15.1158
13.7443
13.2467
9.63829
13.6224
11.3376
11.6435
13.7504
10.7845
10.1858
14.114
9.7153
12.2452
13.8983
25.5781
16.4331
12.119
14.2866
17.2541
14.2376
23.4336
15.8439
11.6593
33.0572
11.3818
30.2999
10.5395
13.6673
25.6702
33.9579
25.0061
22.2372
14.5478
11.6387
24.1443
10.0488
10.4986
11.4755
15.78
27.3476
13.677
31.262
25.4849
25.7037
25.1259
17.4602
23.8929
12.4032
21.9342
21.4663
18.5134
14.2734
14.4473
26.7572
11.295
15.0101
15.5156
11.9859
13.3833
16.8305
10.7212
12.5808
17.1081
15.3
13.1252
17.1657
14.7085
12.0772
11.8327
13.5503
14.0571
14.6505
12.1066
13.169
15.4273
12.6838
9.96109
12.6934
21.124
12.3443
21.7551
12.5474
13.378
13.303
10.9182
16.5989
9.337
12.0468
10.5926
35.8568
15.3497
14.3694
17.7525
10.9171
14.9408
12.9612
19.97
14.3034
13.3918
14.7088
17.4337
13.0032
12.1096
14.215
12.4877
13.1471
12.7204
11.7039
16.9957
13.8507
18.7645
11.3712
14.4237
18.5792
13.1141
12.4999
21.1108
19.3795
16.2994
14.8451
12.5853
14.5871
13.9493
13.0201
10.4982
14.2947
11.2654
12.1941
22.858
13.484
11.0347
14.649
12.0843
42.6088
17.0825
18.7046
19.6981
11.8088
16.4144
38.1293
13.4148
14.4481
12.3577
14.3573
20.2456
14.1244
12.7612
12.1291
11.669
15.5975
11.8532
13.0792
20.1081
16.1281
19.2722
13.4397
12.0943
12.376
20.1553
14.4494
20.1033
12.0487
16.6159
15.5824
10.5153
14.3749
11.6029
31.1371
14.022
19.0586
12.6199
13.7037
15.9853
13.5935
12.3477
14.4242
14.949
14.8963
12.3506
13.8399
13.9745
12.8743
10.4772
20.2045
13.6235
11.1252
13.2623
17.0095
10.3696
11.2946
12.6854
12.0423
12.0047
11.3666
14.025
11.0581
12.4611
13.9467
9.74942
12.9338
14.6153
11.3092
10.6949
17.0168
12.0121
12.5034
13.0678
11.778
43.6482
12.2042
15.0647
14.6168
14.9455
13.2285
18.6319
15.0679
13.9562
19.7105
12.1254
11.6329
13.1784
13.6417
27.8377
13.3698
40.5442
15.9128
36.621
17.376
20.3668
25.4531
25.9795
12.7901
13.9067
13.0284
16.7251
16.9767
24.9016
12.4209
14.2067
26.0721
36.8784
16.5503
23.1622
13.5736
14.7371
33.1411
23.5576
13.6414
15.5065
44.0896
28.6742
12.0941
11.7235
12.7891
22.6065
12.6926
16.5472
16.5949
15.2673
19.8062
7.76299
10.4267
11.5986
33.0135
12.0783
33.2081
13.578
23.4605
12.202
19.6718
11.2207
23.7045
12.435
11.3354
10.1035
11.696
11.775
14.1741
15.9543
12.0319
25.7337
13.2035
13.8405
22.8644
12.2803
17.8832
12.8218
16.2368
18.6223
11.4655
12.1569
15.2653
26.9497
13.6584
12.6301
18.4227
18.6611
12.3864
13.9473
16.0451
12.4834
13.1031
13.2759
29.22
17.1256
21.1271
11.2935
15.7807
27.6805
25.8612
15.5087
13.3443
11.5718
12.8621
24.7063
13.2078
23.2448
11.3743
12.9467
12.3845
17.0169
24.3341
12.0248
12.2814
24.9423
12.2428
25.7657
11.644
21.7917
18.7283
13.6837
10.7967
14.6734
43.8837
11.9324
16.542
45.644
14.8491
19.4126
32.5214
11.9414
12.2892
12.2657
18.047
16.2475
17.5046
24.8263
14.5166
17.9863
11.7376
19.4317
14.1916
10.7149
14.6609
11.652
21.1317
12.4944
13.1765
32.1977
25.476
12.7572
22.5936
11.2539
13.3854
15.4177
14.7454
16.1679
13.8603
11.4169
12.4085
25.0634
11.1468
12.2474
16.4089
11.7331
13.7459
13.6345
17.11
14.3059
17.3753
15.4605
26.4533
11.8415
11.5211
15.1343
26.8897
13.3728
11.6783
15.4334
12.8107
11.2851
11.7979
11.2469
14.1648
13.0975
23.7109
13.0482
11.6138
13.2249
14.496
13.3268
32.4413
13.2135
16.0685
14.0796
12.9466
23.6862
13.0373
13.9638
25.1402
23.1589
13.1923
12.6598
27.5488
10.9546
38.0221
19.3654
27.069
14.0671
22.958
11.203
14.9644
26.6751
11.8143
16.4704
25.7769
12.0182
23.9126
20.4334
14.9683
33.0585
23.6536
11.447
17.125
11.7668
11.3256
33.137
12.0325
12.4028
20.6408
27.4179
13.829
15.1079
27.7535
12.1962
22.3161
11.9634
11.1621
11.4167
31.535
27.7519
27.1545
23.8121
14.3449
11.9034
28.6346
12.0745
11.468
25.2279
16.3267
11.7018
26.2425
11.8285
31.702
13.0747
16.4739
13.4049
25.489
12.7428
38.6818
20.4194
11.4369
25.2085
11.3603
35.1626
16.6122
29.8493
25.2478
10.2926
14.0173
25.8242
26.243
14.0221
11.1133
29.5342
12.2849
22.6137
25.6998
20.3285
25.9988
11.0655
27.3503
12.1054
20.0971
18.361
13.1527
12.0899
26.0368
12.3958
21.8116
13.3939
25.4318
16.2522
28.1324
24.6986
13.2138
30.7129
14.2044
13.2134
34.5257
17.1516
23.555
12.67
20.5378
26.6042
14.7138
16.2949
38.7688
12.5644
15.5778
23.5442
10.4791
26.9422
12.138
27.0792
12.9502
25.898
12.2762
19.7078
12.166
12.2714
23.3965
20.9175
21.3249
34.8194
12.3163
15.5687
14.2603
11.6785
25.1878
13.4864
26.0623
13.4342
14.8756
15.971
16.1354
12.8623
19.9049
12.6831
18.6893
13.5293
13.9023
13.5014
12.8688
12.5604
12.3758
16.3485
13.6533
11.3459
26.6694
15.9114
13.2961
13.0236
20.3806
11.7955
15.4154
14.135
17.6469
14.115
21.6858
11.8751
11.7667
19.1546
11.9137
12.6061
14.7578
10.8724
17.8285
20.6784
13.5148
24.2947
12.1846
17.325
18.6179
27.708
11.3225
11.9067
24.4332
12.3192
17.4279
11.2542
13.6669
23.0204
12.5152
18.0488
24.432
12.3669
20.5574
11.4641
12.1589
17.7717
22.4162
25.2719
16.4861
13.5826
26.4366
14.9647
17.9614
14.4764
15.6265
10.2464
24.913
11.5808
15.6937
11.7301
23.9295
12.017
18.085
22.0123
26.169
10.3408
23.4632
10.7035
18.069
12.0563
33.5689
12.7099
12.7628
25.7223
12.5505
24.9904
13.7926
11.3745
23.4919
35.2542
12.8031
24.3129
25.535
26.2485
10.5894
31.3114
11.491
32.5057
17.2864
10.6551
15.1988
22.9978
12.2939
11.493
22.525
12.7807
16.4958
13.0645
26.3456
12.9618
15.3342
19.1009
12.6526
12.3932
23.538
10.9139
29.4506
23.9341
12.7484
24.1868
10.1008
28.4969
14.4002
43.0086
11.0357
15.3008
24.6752
15.4222
12.3883
24.1472
10.6115
41.3358
16.5876
12.1868
11.1558
24.73
13.6041
24.4566
21.7358
16.487
34.6879
26.3654
12.8051
23.7642
11.3491
10.266
15.8609
14.2401
25.689
12.4468
12.6336
30.6481
11.4138
38.6219
13.4906
14.6846
24.5739
12.8807
17.6497
23.8318
11.5454
38.3492
11.8087
15.7865
14.9223
53.8673
15.7946
25.7132
24.3618
10.9865
17.3772
23.1847
32.5372
25.1256
11.7181
16.9544
24.0428
12.3136
28.0839
23.337
13.9406
14.9268
25.3958
26.5146
12.0801
36.0387
26.7188
10.9993
24.952
18.475
26.9532
13.0148
17.482
25.2815
12.6911
12.8324
11.5175
12.4399
35.6309
12.2491
13.2312
14.6512
12.3994
21.365
27.4512
13.675
14.3008
12.138
16.7506
21.1277
16.7456
13.0942
12.4355
29.1496
23.917
11.6946
22.0902
13.3301
10.8935
12.1656
9.76059
11.2989
39.6928
11.7871
14.1781
10.5589
10.7133
11.8721
12.0924
10.8504
11.9629
18.7892
22.7689
12.1747
12.1405
15.56
11.8914
16.6597
18.822
13.0884
13.9618
19.1499
16.8767
13.1628
11.0705
14.0445
25.1405
13.0385
16.7468
13.568
17.4001
15.7794
15.0884
13.1711
16.1268
15.5957
25.2589
17.4421
11.2583
12.6502
15.5095
24.3898
11.7348
13.0076
14.1223
13.9305
24.0371
13.9048
14.5688
25.7462
13.0764
22.8395
16.0754
19.0546
26.4963
10.1788
35.6384
11.8087
15.7442
29.1785
19.8131
29.7337
10.4045
23.9629
11.3882
35.5907
15.9212
30.2152
17.2688
28.0823
13.853
38.1186
24.9806
25.9948
24.0355
26.9353
15.7662
28.9571
13.5021
29.9916
24.9796
10.8867
28.3302
14.0372
24.4038
16.1008
24.6028
12.3629
33.1019
12.3954
32.8491
20.4111
28.8513
10.7806
14.3733
25.9983
11.0335
17.07
35.3205
13.7525
12.7424
18.2502
13.0562
22.7729
13.553
10.7706
23.0207
12.8485
12.7647
10.7409
34.2834
14.6279
13.1492
23.4022
10.0339
17.2001
14.6688
9.99033
23.1693
19.8047
11.9423
18.9658
25.5336
14.244
18.6494
23.2316
16.2065
15.9843
14.6352
34.9265
12.6408
37.0902
11.9234
11.7987
19.4087
14.134
27.8257
12.6752
31.7781
12.6053
16.2312
14.6126
11.3516
29.3459
11.4078
12.8106
34.6367
12.4772
18.13
26.6978
12.5103
14.8944
32.5163
12.6064
25.8633
14.2199
37.2185
11.4018
18.4531
23.9474
11.8733
28.4385
17.0283
12.6573
24.2241
11.6901
31.016
12.5929
13.5011
26.8256
13.065
15.5751
29.2412
13.175
29.2423
11.3035
26.9735
12.7545
9.92225
9.61703
19.3958
11.8886
12.3132
29.5797
10.6658
17.0476
23.5934
12.0522
23.6056
14.4184
10.0809
14.306
10.249
22.5883
13.1367
15.6966
11.4401
12.3156
14.9006
10.7355
9.95958
16.6445
29.3398
11.1933
13.1914
15.5045
17.7995
10.4392
12.3783
17.6157
15.6825
35.466
22.0632
11.6866
21.9918
10.7279
17.4058
15.2642
19.1746
11.3699
10.7206
35.7692
13.1598
16.7031
11.8087
15.4658
10.9912
16.9966
12.9741
22.7825
11.6259
14.6857
13.0264
14.0486
11.0577
16.8765
22.6183
11.4097
15.2721
12.7108
18.3727
11.5059
16.7863
16.0077
11.9704
13.7492
28.8275
13.1767
16.5837
11.4572
39.7432
12.2752
17.7413
30.0853
15.9357
40.3637
15.4684
27.3421
13.1533
23.3185
11.1376
26.6076
16.5938
26.274
13.9016
21.5429
13.3583
21.1608
22.9789
22.7323
23.4942
24.9491
10.3839
14.7122
23.8359
21.9767
11.2358
28.9466
23.4034
13.0579
32.2956
24.7748
26.7254
23.3919
27.6002
27.4756
23.691
22.7751
23.7264
23.3915
25.1504
23.8653
23.3922
22.9212
24.9714
32.3243
23.2085
22.3706
24.9827
23.2042
11.996
22.4534
10.2234
25.8768
11.3288
26.9938
11.989
30.8689
17.6925
22.5775
25.9138
11.2414
26.3631
12.2229
24.1624
11.0975
16.6805
12.1276
11.6807
13.1982
24.8671
14.8377
13.4087
38.0034
12.6737
17.0822
11.704
22.1124
31.2572
17.1592
12.4661
11.2314
10.5061
25.2629
11.2221
28.3484
11.9161
38.6896
23.2016
11.6295
24.4437
14.1324
11.2261
10.9279
25.7875
10.2806
7.53471
8.88313
8.2816
9.61519
23.7562
20.0337
12.2472
12.6013
19.1693
24.5505
10.1968
16.1967
8.96809
27.1063
11.195
15.6826
14.5298
28.0866
11.8331
19.5251
25.5662
13.0439
16.3599
29.6152
25.205
14.4854
23.9238
23.515
14.2484
25.3569
24.769
13.3621
15.891
12.8829
37.5206
12.2758
26.7923
23.1966
12.057
28.0713
27.0394
13.3627
30.2257
18.3501
27.6328
12.4279
17.4547
20.9966
34.4139
19.4077
12.5296
14.3253
26.5574
24.6075
18.5873
20.0483
15.3867
29.6999
16.0265
12.8239
14.895
12.5823
29.606
11.3855
18.5717
13.9079
10.8794
13.8651
14.85
10.6097
13.9792
24.1
15.8909
12.6728
16.9005
15.9584
12.7564
23.586
14.0707
20.692
12.7323
17.2
23.4998
12.3388
11.751
11.8275
12.3176
12.6597
13.1821
12.4946
14.1694
12.4381
13.3375
10.349
12.7642
25.2476
12.4458
16.1433
17.8417
12.4009
12.4531
13.8663
13.952
12.1218
18.6414
11.5977
12.3562
21.6936
13.0473
11.5803
14.5994
11.0985
24.1635
12.6072
13.4862
11.9146
12.7708
11.51
30.6513
12.1011
20.3388
37.4834
20.6301
14.9839
22.5226
10.5773
10.8865
23.8667
23.314
10.9324
44.5282
21.927
23.57
23.7702
25.2501
16.5532
35.3749
26.9895
25.6513
13.9902
31.1821
15.5461
35.7936
20.2559
12.5039
33.0002
29.8022
25.1633
24.0517
12.6667
27.4188
24.2325
25.8679
17.5922
31.2755
25.3588
24.1995
24.6921
26.1683
33.3354
39.4417
26.1206
12.3239
34.4368
26.6514
25.2619
35.9224
24.3688
28.8694
12.0126
23.333
17.9015
28.57
8.17577
23.9411
11.334
26.5256
14.8917
22.9732
34.3002
13.7378
24.7134
24.9044
18.9854
26.1005
12.1253
22.3059
29.1304
12.8867
14.2109
12.3808
25.1102
13.1585
25.1823
13.0361
11.6464
23.9255
31.4391
13.3628
27.2424
34.9957
23.3875
34.1449
25.0409
21.657
28.8451
13.7054
18.1728
30.4007
14.7005
10.3104
35.9813
13.3826
24.4617
12.2956
11.4424
17.7412
13.2798
26.304
14.4232
11.7035
25.8984
11.7081
28.4718
12.529
16.295
10.6045
30.2384
12.7217
12.865
15.4777
34.4389
12.4725
15.277
23.8699
39.6854
12.3197
18.6028
32.4291
25.0196
16.0124
22.6879
14.2185
29.1289
13.6521
40.6052
14.6141
44.9752
25.8798
13.9688
27.1726
17.7523
24.6594
17.5231
30.7364
15.1604
12.3855
28.412
11.7987
16.9682
18.7243
36.9805
13.5746
28.8761
29.7272
13.9486
24.076
11.7582
17.4328
26.2594
13.2741
13.4685
16.2954
11.7551
27.7912
18.6658
14.3978
10.7291
40.2192
13.5641
15.8008
12.7603
12.5501
14.0399
12.8079
14.4867
10.8576
25.4271
11.7649
17.5024
15.0716
15.7314
25.1842
11.5533
16.3644
13.3427
33.4862
16.9856
20.3506
18.5706
13.2091
33.9701
16.2352
19.9799
24.2369
17.7046
16.3304
13.6366
12.3154
16.7901
9.91182
14.0148
25.7852
12.239
13.0641
13.2456
12.6738
12.6542
16.4075
12.212
13.4998
23.0934
20.0613
42.6793
27.8633
15.7174
15.9197
23.1636
15.9465
14.238
25.6996
14.1806
31.8701
13.1479
23.7386
11.917
12.2849
26.4953
21.7254
27.4986
24.0804
21.0748
25.1376
29.253
14.7643
33.4288
12.5535
26.0173
12.0897
15.6808
42.6812
13.4724
12.5623
28.5435
16.2647
40.2969
24.403
26.461
28.5803
25.671
23.3232
31.6131
23.6672
25.4653
36.1169
24.37
23.0337
23.235
24.8728
11.1967
36.4775
23.5617
11.6874
21.9904
23.3102
14.2753
23.1588
25.9337
16.9002
12.0732
10.5071
10.45
22.7169
12.643
13.5928
22.1538
26.4142
13.9461
25.4837
12.8496
25.9434
24.1092
19.9873
14.7535
23.6999
17.1862
11.1676
37.6122
35.0041
12.1473
33.4111
14.4749
22.623
23.0963
17.0715
12.2065
25.9056
25.4032
17.3394
12.2894
13.3634
15.166
22.9355
26.2544
11.866
13.4466
12.2755
11.0189
26.004
26.2762
11.1168
11.6273
11.5213
36.9113
16.0765
16.3342
40.9472
16.1244
10.7933
31.7356
25.21
13.4237
13.4207
26.4117
9.27756
10.8183
28.7196
15.2184
16.8518
23.7656
11.8884
36.6345
14.3652
35.4956
12.6374
43.8308
25.752
14.0686
35.6291
14.9422
30.5632
12.9177
31.2393
43.1047
14.0061
25.3414
25.1956
15.0817
29.3694
11.0509
14.5623
24.6266
13.4483
27.0446
35.2226
13.9589
32.8734
12.7285
39.095
13.4975
26.1109
12.438
29.7585
16.8039
15.2422
16.0555
12.1007
27.2749
11.644
11.2144
11.9105
10.3137
29.995
11.5343
38.1286
14.6594
11.7496
12.5298
26.1069
13.8993
13.9334
10.5357
32.2622
17.6308
12.6421
11.9016
16.8344
13.8642
9.6012
13.0613
20.9019
12.8879
15.3629
12.3442
11.3377
29.8414
15.1109
24.5879
12.3017
13.8697
7.63741
9.46115
12.0439
17.9994
24.815
18.8332
12.7863
19.299
14.8768
26.3344
12.0866
15.4194
14.1776
23.8733
14.2415
11.5397
12.4909
30.3226
12.5043
12.3326
15.7777
17.9529
22.5729
34.349
17.7382
11.8721
19.1075
12.5723
41.9771
13.6238
13.4808
26.1242
25.6118
14.4228
16.3146
31.2958
11.4243
15.7707
30.8879
14.992
22.8779
13.3581
33.2908
13.1348
13.2339
26.2687
22.9063
25.1259
13.5416
28.9029
25.0338
24.5594
26.5942
23.5097
23.4219
22.508
26.5998
11.0503
24.7744
17.8533
25.3343
11.5583
24.1888
24.8979
22.7206
23.463
27.3893
23.364
37.2724
12.3529
15.6641
23.2727
14.9867
12.635
10.8694
19.4799
46.0344
14.4193
12.9969
24.4946
27.4313
13.1347
26.4129
23.8532
26.0695
18.3229
13.2141
23.9273
27.592
25.0354
13.2798
29.4911
11.3596
25.8353
24.7125
18.4387
26.8641
16.0903
13.5625
12.3301
21.6546
18.6041
30.9695
16.5899
11.7468
15.073
12.0194
29.4575
14.0653
14.8229
12.0396
11.2859
36.7873
13.6798
16.5381
14.6504
13.7481
22.8126
24.6213
13.6521
11.877
25.7582
25.7852
13.0514
13.9078
24.5414
17.1683
13.3242
28.9629
12.6567
18.2952
11.3108
19.494
28.9995
12.41
15.7234
22.7826
13.9966
11.1239
16.4545
14.0203
29.9817
13.6132
28.701
13.4499
27.8025
22.9142
14.7411
23.3158
16.7006
12.5163
10.3379
23.0635
24.2521
25.6292
14.333
24.9527
23.4657
27.9922
16.516
28.5645
13.8907
44.4552
20.6678
32.3981
20.5145
13.1266
13.602
35.1038
13.2101
29.8215
9.35372
25.2375
12.6415
32.0328
13.9912
18.3484
17.0234
25.3553
12.6593
25.4072
13.1047
14.1076
13.3243
15.2434
27.2212
14.5238
15.1108
25.2312
25.7114
15.7064
15.8038
12.762
32.3567
12.2065
15.7613
15.6677
13.4927
11.3524
17.3409
16.2851
11.4744
15.9895
19.0896
15.8218
18.6069
13.8098
15.7947
12.3025
11.3848
11.5263
11.8099
35.1152
19.0786
12.6063
14.5859
13.2184
16.2016
13.9816
11.7109
39.1112
11.0709
12.5327
23.6594
13.0829
28.5438
11.1271
13.7726
11.4498
17.534
15.2153
39.3753
12.0781
23.163
10.2384
29.7691
11.6677
13.555
22.4718
12.9716
11.7394
20.6583
18.0505
19.6479
32.2438
11.1105
35.8681
18.9513
27.102
30.2725
26.1424
24.0339
27.1652
24.8659
18.909
34.4103
24.1608
13.7222
30.5992
24.2834
29.369
25.9709
24.0335
24.0017
23.2473
24.3086
26.906
23.8989
25.9811
26.3208
24.7866
25.7121
49.7297
11.4866
30.5109
27.8798
24.1266
24.6946
24.5374
22.9494
23.1401
24.1542
24.626
24.0499
10.8346
37.5453
16.9373
20.509
26.3531
22.8453
24.6954
23.8939
11.1151
42.2957
19.4882
36.7222
38.3204
14.1855
26.33
41.6032
23.6209
34.1205
25.733
34.1739
27.4663
25.3006
11.9266
18.6399
23.8226
31.7997
23.9277
25.3494
23.503
30.7381
25.7166
10.6023
25.3971
27.8122
34.217
13.3914
38.9476
15.806
26.0841
13.1187
27.8639
13.8305
14.8774
24.6222
12.722
15.3498
26.5792
35.6025
23.2648
30.9394
24.486
24.381
40.2461
12.2262
21.016
22.6517
23.6638
32.1386
12.9783
42.3169
15.5364
25.469
13.8862
12.2709
11.6118
24.5894
13.2679
14.2003
47.6434
15.0014
16.686
29.6707
30.9172
13.8184
30.2344
25.5018
29.8842
26.6929
26.5621
46.1837
27.8204
25.0913
19.1511
29.4878
13.0555
39.4684
26.1386
25.9417
12.1657
31.4681
12.2624
29.1422
13.4742
23.8925
20.2019
17.4643
25.1108
11.1528
31.929
12.4134
17.7809
30.0015
15.916
14.517
15.8839
12.4143
12.263
17.1991
13.6513
37.0515
19.707
23.6189
21.5713
19.0273
12.5176
25.3243
15.9391
11.1171
15.0699
13.2439
15.1008
15.0977
11.9772
14.5163
15.4867
24.181
11.7894
17.5701
15.417
15.7915
12.9914
26.4119
13.4094
16.4688
16.342
15.1308
15.5581
17.5497
12.1061
20.0156
31.9691
13.1134
16.5858
23.9967
13.3689
13.2969
14.3734
24.2016
13.9529
12.4639
14.114
12.9193
12.7257
28.0717
15.8963
14.3857
13.62
11.5639
12.2967
14.6978
25.6945
23.2193
13.9217
26.197
13.7381
26.1528
12.7494
24.8315
16.4277
25.0673
16.357
27.1688
13.2448
28.0586
13.595
31.9137
13.0809
31.9927
32.0951
35.8481
25.607
26.9899
25.0245
29.6783
24.6743
24.428
26.9922
23.712
34.204
34.5135
24.2485
25.4689
25.7006
32.604
24.5962
24.2193
26.5359
30.8149
23.7003
26.3522
26.8927
10.4901
32.8299
23.7547
23.2198
21.5337
26.6777
12.1969
18.7389
32.0992
18.0074
12.866
10.9598
25.6366
23.1097
24.1507
25.2487
26.6299
13.9427
8.57264
25.9547
8.07123
29.2045
24.7467
18.262
24.4461
11.1852
20.0836
43.2887
25.2512
19.0274
31.8745
20.5334
13.2082
12.7116
15.0297
24.6695
14.6967
45.0234
14.452
43.8757
24.1511
13.9621
16.8835
29.6389
13.2281
39.3541
25.1621
11.9081
13.4301
25.344
12.6396
36.7057
26.5008
12.7633
15.2731
23.5862
13.6178
40.7469
24.6265
18.6456
25.5364
18.0626
30.2841
27.7637
24.6351
12.7896
32.0648
15.6229
14.7693
28.7723
24.227
13.0913
31.7021
29.0728
12.9324
12.2671
16.6293
13.1476
25.2768
18.5215
24.0296
15.4017
15.1479
23.2146
20.8779
26.2235
14.9004
23.8995
28.6331
17.2404
31.5118
26.1102
12.8379
24.5777
13.6752
34.0956
13.1739
38.1336
13.6887
25.6363
16.4264
45.372
14.2571
16.7421
12.2269
33.2639
13.6449
31.7081
24.4464
14.1324
15.7563
12.1746
26.5413
15.683
38.4586
17.4317
7.90026
29.8776
12.7023
30.7529
16.3617
15.0582
16.9829
14.2907
15.1068
13.6362
18.9557
11.9902
11.6687
14.8424
17.4745
11.2834
26.4923
15.1074
18.9857
15.6388
17.7494
13.2545
16.8392
24.183
13.0673
12.6231
15.6005
14.7779
15.2724
14.1026
14.0647
25.653
13.3963
13.124
12.0082
20.3439
15.1072
24.3053
13.9781
10.3265
18.865
13.0033
14.1133
25.0143
17.8265
14.3881
13.5262
36.6348
16.3412
23.4805
22.5124
13.1644
29.2296
14.4611
25.3835
12.7578
30.8789
18.9643
14.3829
31.9315
12.553
38.3436
24.8647
12.7395
28.0687
25.9994
15.1578
30.6427
40.4875
13.9769
36.3057
18.5304
25.3656
29.1124
24.579
11.3466
14.7104
14.8975
27.1322
27.1024
33.2587
10.0664
28.2707
12.8697
31.8744
28.4284
11.8579
22.7938
45.1035
15.3101
30.5733
26.9694
25.2917
17.8255
30.1051
49.3767
28.126
11.858
31.6353
11.4669
13.8042
25.726
11.2254
11.5976
16.4687
11.8589
19.6231
33.0397
12.9418
11.3719
19.8102
37.9242
14.496
13.2121
22.8272
11.6277
12.2959
47.3008
14.5285
16.4849
17.3506
10.503
24.1237
11.8007
11.2342
12.6698
13.5687
26.4888
13.4822
12.0761
13.2862
27.4201
12.6544
31.1448
12.1189
16.8205
13.6553
13.1745
15.9141
27.4277
24.5337
15.0438
14.2943
10.8716
12.7312
11.9329
14.0134
25.0996
24.0266
12.2559
26.2933
12.8711
39.9142
13.5913
16.2105
29.8441
33.3344
24.7978
33.887
16.4497
22.1129
11.4577
40.4725
13.9226
33.0846
12.5179
17.7886
12.479
30.9585
32.1743
13.4323
12.2486
18.2175
31.2501
11.3201
24.3891
26.0526
14.4067
15.8204
24.8935
14.6313
17.3992
15.8811
24.3427
13.7611
16.9937
27.6597
13.4625
25.6924
13.865
24.4743
26.2033
26.4589
13.9489
27.1199
11.9003
19.1496
26.9002
13.2544
16.1751
21.479
12.9689
12.2239
25.9216
18.5124
24.6052
11.6927
13.6729
22.1046
35.337
20.3162
13.1763
15.515
27.3823
23.1392
14.9518
11.5522
12.7741
18.4507
14.3056
28.2238
13.4001
18.9004
17.2148
12.5817
25.7476
13.0179
16.4186
13.0902
15.2059
12.1345
13.7046
13.918
19.5016
15.7302
13.5923
13.6473
14.5054
15.2513
23.8588
13.6497
11.5157
14.571
11.2876
13.4368
10.9968
17.0339
12.8564
25.5449
14.9792
19.1187
12.655
11.2153
11.4395
23.6949
33.113
10.5327
20.8856
11.8328
8.85398
10.9238
28.991
30.1792
12.6315
13.3582
36.4548
23.3061
44.1318
12.3399
18.3824
13.0199
27.741
27.9857
13.0005
32.646
35.5047
12.2343
30.4745
32.8531
12.8531
23.9311
24.604
12.2979
25.1785
27.3031
12.571
27.6751
25.3531
11.7739
17.2708
35.1482
15.9649
25.9838
28.9186
13.2525
26.0254
26.2896
11.3618
39.8576
24.8636
29.7919
28.8018
27.0783
21.0724
28.401
25.671
11.2532
27.0072
47.705
28.4871
26.0028
24.4867
23.8832
24.2884
24.4521
24.0825
19.5248
23.9595
13.5356
35.74
24.9837
24.8526
24.087
34.2529
23.0963
17.1998
17.9241
22.5822
11.3984
27.7637
24.9229
14.6577
16.0019
13.3683
13.743
12.4552
16.1278
12.2553
19.1323
23.238
42.1459
15.0272
15.1163
17.919
23.7826
16.4104
24.9775
42.858
14.5483
28.1478
22.6327
14.0949
13.976
42.7487
14.7856
25.9042
15.0658
39.4321
26.7005
14.3841
25.7238
14.8262
21.6641
32.2598
28.4654
26.0654
16.7775
25.5594
32.5346
18.7537
27.3849
27.1763
15.6391
24.285
36.9992
12.767
38.9838
13.5647
24.0522
15.9599
18.1497
12.0754
24.9335
13.5626
33.8635
20.2372
17.1883
29.9052
17.0603
14.4604
11.4025
29.401
23.352
35.6712
25.1936
12.8782
26.6583
12.7957
24.1725
13.4081
13.7416
15.0057
28.8553
12.4088
17.854
29.9092
14.5324
14.7169
11.899
27.9761
44.4052
20.581
16.6264
14.8031
18.0463
14.8614
15.7743
16.9058
32.4733
20.8237
12.4701
17.4074
15.4029
10.6225
8.07045
8.50999
22.1506
11.3105
17.611
11.0577
19.1169
19.5183
13.2093
17.6352
13.1041
14.8083
33.3642
13.012
13.6451
16.6439
17.3009
13.9341
14.8231
10.9238
25.3054
13.5976
20.9308
14.5652
20.8831
27.6635
15.7501
12.0782
17.3299
14.4081
12.2531
23.8345
21.9959
16.489
14.855
12.3212
24.6065
13.4636
18.9701
13.7769
16.1539
13.1171
17.4257
19.0134
11.6908
20.06
23.7212
15.5216
29.218
14.8157
21.9827
24.6299
11.127
19.7016
26.4356
38.193
18.0912
17.2014
25.1185
12.2379
24.6402
12.6431
25.7103
25.4631
25.3044
26.7889
26.9894
25.1709
12.5466
23.4744
26.9358
11.9272
40.7071
26.6484
15.8386
24.8471
27.7795
24.7984
25.3856
23.0156
22.7712
14.4297
29.0457
24.432
24.2878
26.3067
23.9244
26.4293
26.0585
23.6625
26.1878
36.3398
24.0586
25.3816
25.1331
10.764
26.4322
26.5236
42.1402
24.2457
11.3589
27.6854
13.7938
24.574
13.1178
46.3876
31.1307
13.8533
26.0552
23.2481
12.8484
27.9899
22.8929
12.1515
24.7551
36.8718
11.8249
35.8917
13.2216
12.4663
26.0016
11.9358
15.8671
28.1304
31.7012
13.1856
33.8368
24.8065
16.9918
23.7175
23.0605
12.5098
24.3056
11.2757
36.2386
16.3541
15.9385
15.4495
13.039
12.9494
12.1875
24.1658
13.4644
25.8792
13.5234
17.91
16.5105
12.5495
27.9219
20.6049
23.6853
10.6454
16.8961
29.0298
12.7571
15.3318
22.4076
14.2023
32.9883
13.8263
17.8196
24.2428
16.313
19.8905
23.372
14.6688
15.4238
11.6571
18.6951
12.2104
16.4264
40.7908
16.0754
13.447
24.6472
25.0939
17.7809
23.138
25.166
9.76348
22.0575
26.5434
12.5348
32.2031
20.2321
13.8519
25.7018
13.5319
14.9828
30.523
12.5923
27.66
12.1637
11.7542
15.5685
24.0651
12.1846
17.1155
12.6033
21.2947
17.6951
24.7122
11.9882
12.9512
17.4963
12.7396
14.6029
11.3373
14.214
11.7481
34.9934
15.8555
17.9892
13.4085
17.3771
11.603
17.3938
12.6043
15.3519
13.9892
14.1182
13.3254
12.1977
12.5247
18.2473
19.0746
27.5531
15.881
15.5563
13.5005
13.7671
14.4807
12.5133
17.2069
11.7473
13.9228
17.9939
12.2753
33.7307
12.3777
20.9746
17.8362
12.6464
11.1795
17.677
13.0856
24.3547
12.059
16.3687
16.2685
19.3759
13.3267
30.4674
15.2739
13.5337
25.6758
12.7472
13.5798
12.0839
14.8414
14.3072
23.4225
11.3633
11.7476
34.5901
13.3182
15.3197
25.4273
12.3211
33.3308
11.8833
34.5416
11.1978
28.1425
12.5038
23.2646
24.0858
25.1865
23.8582
23.4001
17.6792
19.84
12.9239
11.6719
17.4819
18.9573
28.3279
34.2687
19.7187
16.3914
13.6994
25.4929
15.7818
14.0796
19.1212
15.7107
16.3845
13.3958
11.4539
41.45
33.5295
25.4041
11.6365
23.4556
24.472
14.1289
15.1352
13.2062
24.4929
12.0031
23.1093
39.0276
24.2886
39.5665
24.1745
23.5679
11.5292
25.8281
16.3254
23.4308
13.8194
25.8271
15.1343
24.1842
24.2346
33.6416
13.7525
28.455
38.9318
14.8231
36.0288
24.5332
23.6407
23.7058
25.3673
25.8647
23.7964
26.4476
35.9484
24.4595
27.8511
33.5308
24.3762
23.6644
24.6119
23.2728
24.4653
23.9413
38.4179
24.558
16.7961
14.1653
14.3956
25.7725
12.2259
32.5149
20.1959
20.5345
8.74874
19.3812
12.7569
41.6414
28.5364
12.5895
12.9049
19.0689
13.0514
14.8882
13.0335
23.1637
11.0669
14.2436
22.074
14.585
18.1963
13.0385
22.5184
11.1694
14.4686
22.6198
18.7453
17.4998
27.6155
10.2684
21.0016
12.3768
22.5773
11.3198
13.6934
32.102
11.6024
32.2884
12.1836
18.1986
30.9801
34.3729
12.4345
10.8313
19.7494
11.7067
28.6127
12.0974
13.4585
11.7121