25.1919
30.8306
21.9098
21.2697
20.0233
19.6652
20.0963
19.3434
19.2556
20.5261
21.3453
20.4017
21.5212
29.1106
36.3516
16.9114
20.4035
20.1646
19.4023
17.9335
19.1764
27.2309
20.6043
18.5618
18.6668
21.5695
17.965
18.5227
19.3204
22.913
22.4376
29.1125
19.5359
20.0061
20.1958
25.0498
18.2499
18.2664
21.5126
19.9809
17.8573
18.9959
19.7894
18.0212
20.0308
19.7022
18.8425
19.665
27.457
18.1143
20.8637
34.5249
20.6568
20.6291
21.2635
21.2621
23.8621
20.5886
24.0367
20.5245
21.8005
19.532
21.9521
25.3746
21.5947
26.2645
26.496
30.6672
28.5407
19.8059
20.2272
21.3285
21.2647
19.6403
31.2356
21.5745
29.7496
20.628
19.3147
20.9819
20.4266
19.511
18.2794
19.8493
29.6205
21.7989
21.4642
20.2363
21.777
20.3948
24.1154
20.2877
19.7639
19.1745
19.8155
20.23
20.0231
21.8234
23.1914
24.3524
22.9884
19.3412
20.6947
18.7935
31.1408
19.1232
17.2876
21.354
18.0613
21.4061
24.133
19.987
23.0248
19.6355
17.9292
19.4258
22.0844
29.8156
24.138
19.5203
20.4508
19.9087
28.8206
21.564
20.416
22.2549
19.2097
20.748
29.9716
19.6264
18.36
19.4045
23.7618
20.8505
19.0102
28.802
22.9973
19.1946
20.1757
19.1361
19.6982
19.6632
20.6811
21.6686
22.1035
23.1137
36.1736
20.101
21.8125
28.5231
18.3286
17.6877
20.0844
18.5721
22.466
21.0582
19.2145
19.5006
22.9209
20.5088
23.0513
20.7874
20.3767
20.0389
26.0307
26.1203
23.0465
20.3646
21.9956
27.2637
19.4011
30.2864
21.6104
22.8423
18.6948
19.0566
36.5729
23.0894
19.2523
19.8568
19.8766
19.5864
19.3568
18.5557
20.5881
22.6634
21.3009
23.2749
20.0743
21.1387
25.4677
23.5915
30.2106
32.315
20.686
20.8692
25.1177
20.6987
32.8998
29.6149
24.0144
19.3034
19.8237
21.3494
24.4308
19.8329
22.2502
20.8325
21.661
20.3388
21.2139
24.0549
20.2695
24.3881
26.0316
19.5516
19.6266
28.8411
21.6128
32.3942
28.6683
21.191
21.365
20.1533
19.6538
19.6476
24.9225
19.6236
21.5625
21.2643
19.645
22.5168
27.8299
19.7971
25.3246
20.9613
22.7559
21.5311
18.9063
20.188
19.4716
20.7944
23.1154
20.4889
19.3732
42.7543
29.2857
32.5614
21.0685
21.9015
21.2047
22.7644
21.4379
25.2814
27.1459
27.7659
21.5183
22.0169
21.2503
24.0185
19.7016
19.3481
22.4425
24.277
21.4852
21.2455
22.5886
20.1378
19.6834
32.9412
22.4588
21.8464
29.7814
20.4393
22.2146
23.2688
30.2512
20.2914
21.0946
22.43
20.8742
23.8591
24.4367
19.4659
20.0102
29.6793
22.1257
20.1914
21.5081
29.5825
19.3377
18.6833
18.5644
18.7155
18.2446
19.6534
19.8892
21.0194
21.3192
39.1545
22.7285
28.9069
21.7222
21.2424
22.4828
21.5584
26.9159
24.463
22.8734
25.866
20.5199
23.0604
24.0145
22.1243
21.4443
22.408
22.4135
32.6871
23.351
20.5271
22.6028
22.5065
19.9279
18.5695
19.504
23.6962
22.4302
20.6231
18.3829
20.3731
32.4253
20.2035
20.955
21.5768
24.6153
25.9421
19.5431
19.034
21.3295
20.3746
21.1893
20.7868
22.0605
21.2732
25.8966
23.5681
21.2155
34.206
23.529
20.5244
20.5618
19.6432
24.2046
37.3171
20.7447
21.8211
20.3142
20.6864
18.8288
22.6895
19.679
18.6584
22.4064
31.3824
20.9448
21.3776
20.5117
19.3784
19.8383
25.8603
20.7665
18.4162
18.4335
18.8362
20.466
19.7897
20.457
22.525
22.9691
27.7443
19.6051
18.9738
19.2473
18.444
18.4063
20.6843
19.459
19.5962
21.1872
21.2326
23.1352
20.7094
19.9639
19.1277
20.2147
20.0878
20.659
22.2568
21.436
19.9931
37.8145
23.0307
20.4038
21.9789
21.631
35.574
27.0202
19.9675
21.2248
20.1709
22.3785
22.1561
21.4154
21.1106
19.673
19.1297
20.8176
28.1497
20.5245
21.631
19.3492
20.9063
21.8879
20.7688
22.0556
19.6568
21.0194
32.1359
29.3206
21.5026
29.0519
24.0313
22.3975
20.4159
22.4519
19.3634
34.5122
31.2249
22.1009
21.129
24.4052
45.6556
24.6163
29.3365
22.2968
11.3434
21.8497
10.0494
22.4155
10.3235
8.34428
9.3282
6.89756
8.43111
10.3832
19.3017
20.6041
21.601
21.7812
26.142
23.8287
21.4308
20.8055
29.19
22.2533
20.5383
21.1917
22.5105
23.0604
20.765
20.3244
21.0944
21.5128
10.0365
7.98857
7.89517
23.0198
6.1589
18.7225
21.1859
19.8305
20.9534
22.9926
9.36165
10.7706
22.7933
8.72355
11.0063
11.5682
24.64
8.66333
15.3071
23.8931
8.18974
22.7415
9.5404
25.1086
22.2025
21.7497
21.1824
20.4138
18.5903
20.6431
21.1265
21.1034
21.0628
21.1989
20.9725
21.5763
21.972
19.0118
24.2254
39.8494
26.7458
21.7912
23.334
20.4579
24.2181
21.932
20.1571
21.8253
21.0168
22.0526
22.3777
22.9535
21.567
22.2658
20.5979
20.1673
20.0152
20.8756
23.2363
26.4864
21.4382
21.9761
19.8285
21.1358
19.015
19.8949
19.6415
23.7807
19.6907
21.7874
22.3463
21.9023
21.7756
21.4752
21.6067
19.3601
19.7941
20.2848
23.3134
27.8643
20.9443
20.3854
20.6154
20.4094
23.0517
26.8354
20.1943
21.4384
21.0103
19.894
23.9716
18.442
21.2223
20.6959
19.9169
21.6954
37.2633
23.556
19.8104
18.9399
19.0958
18.6999
19.7602
18.845
18.9273
19.2234
20.4577
20.4415
35.6611
19.8912
21.8553
19.5817
23.9166
20.3232
20.2137
19.9413
21.9342
21.4258
19.3859
21.5027
18.5281
26.6914
21.782
20.9934
19.7476
23.4011
21.2414
18.9217
19.3558
19.5095
18.0165
19.5463
20.1367
19.1987
19.2854
20.5907
20.4209
22.5175
21.0265
19.3549
21.3069
20.4108
20.0029
19.843
18.68
18.3123
19.1024
19.8317
19.9396
19.2753
18.5159
19.9939
20.3905
19.0753
19.0014
18.5871
19.4501
19.5427
22.775
21.761
20.9161
18.1355
19.5726
29.9665
21.2169
31.0837
19.9278
21.2627
23.0685
9.9816
23.4427
12.3875
9.26063
28.2998
27.4518
29.7652
29.323
20.6706
20.0481
18.1388
18.8486
22.4672
23.1905
21.9305
22.1719
21.4812
25.3789
21.8453
21.2227
31.1488
22.943
18.3111
17.8953
25.5313
21.1962
13.6504
19.7845
15.4774
21.4502
21.6163
19.0599
29.7628
22.8547
14.9329
13.326
10.7129
9.92806
11.9825
9.63334
18.3377
21.4106
19.1239
21.552
21.2018
20.5084
20.8525
21.903
20.6539
22.3022
25.7256
23.1498
21.3146
20.6751
21.0525
24.2489
33.7485
29.3969
26.0551
25.4156
22.1252
21.3545
20.5904
21.6845
21.5363
21.301
33.4968
22.8595
21.6266
21.1537
23.3768
21.2447
20.9679
21.1994
20.9837
21.3625
20.1423
20.8928
21.0293
26.1256
22.4032
12.5435
22.2635
12.3118
24.3438
20.983
28.1511
22.2305
23.8622
23.2252
22.1727
21.1217
22.2839
21.3088
31.0206
27.3062
25.9153
22.1002
20.6342
22.9112
20.7938
20.1702
24.2403
24.2201
21.3839
21.1046
21.612
22.3431
21.6373
21.8787
20.2471
20.1277
26.8684
29.22
25.0848
23.7583
32.4114
22.2411
21.6177
23.0315
20.1847
23.3814
30.857
20.9551
20.1734
21.7109
23.5963
34.2436
21.3513
20.4442
21.0937
19.5314
24.1997
24.1751
21.9817
24.4193
11.9092
22.7788
22.9281
26.2793
20.1653
21.163
21.0352
22.3637
23.037
19.7401
21.9221
21.5831
20.6082
22.2395
29.7777
21.4643
34.5564
23.0477
25.4214
42.635
19.5525
18.9107
18.9191
20.1318
32.6092
20.5082
19.1082
24.8066
21.4494
21.2407
20.7035
19.9642
23.1099
20.0833
21.5881
20.4702
20.532
20.44
21.1848
18.8591
24.8599
37.3324
22.5069
24.6237
21.3625
21.8243
23.8026
20.8725
37.0938
22.0502
20.8621
23.092
21.8643
42.0601
26.3644
21.6487
23.1785
21.4158
18.8443
19.0433
30.8562
21.2047
24.5197
33.3452
21.7311
19.0943
20.1964
34.9343
21.2766
33.9966
21.9873
30.7202
21.4063
35.6334
23.1229
22.0685
20.8749
25.5827
20.7657
21.6843
22.972
22.3106
36.7049
21.266
21.0827
21.0461
20.1019
21.0427
21.1716
19.1972
17.4181
20.206
19.6313
18.7211
23.163
21.9291
25.9219
22.4823
20.7785
22.0555
23.3375
21.9848
23.0717
17.0271
28.9167
21.5736
21.1404
21.8772
19.2028
20.8427
21.1926
19.6158
20.9161
30.0953
36.2822
18.8891
27.6218
20.1747
19.5198
21.4208
20.7064
23.5688
21.1212
22.3437
20.318
20.9332
19.0386
19.7601
20.7142
34.5038
37.1674
22.024
19.9267
20.1281
21.8202
19.7288
19.4197
20.9656
21.5366
21.1483
22.2004
20.7567
20.2204
18.2815
18.6322
19.7676
20.2051
19.6836
21.2251
23.8435
27.2047
22.4584
27.4983
21.3493
21.5668
21.7226
27.3671
20.0377
21.9851
21.772
20.7745
22.5626
20.5258
19.2026
19.3945
18.8857
20.8228
22.9371
19.0428
22.3336
25.3927
23.6946
20.9095
28.0652
22.1743
19.9338
20.0726
25.3385
19.6138
30.7237
19.4267
19.9818
22.5568
19.6732
19.301
18.4591
19.7429
20.8403
19.6341
19.9178
21.1548
20.5396
19.8136
19.6803
20.9499
20.8038
20.3779
19.2631
24.071
25.2312
26.0024
30.6932
20.3057
31.6666
26.2832
29.4098
24.3474
25.6003
20.2341
18.8411
21.2976
19.0402
18.0468
20.5654
28.3839
21.0534
41.1578
22.8416
21.5953
20.135
18.4421
19.0053
19.0179
19.5747
21.3606
19.6803
36.7112
30.6683
21.0686
30.738
20.5666
19.8841
20.7137
21.687
22.058
21.9185
20.9635
28.4307
18.9947
19.0872
24.6505
20.7898
30.6605
21.7264
21.158
22.1156
18.6783
19.5189
21.5739
19.6394
19.9874
37.1203
19.8081
21.27
20.0159
18.6439
19.645
20.1979
21.0914
19.3781
31.3619
21.1825
25.6233
32.324
20.5671
32.4465
19.7289
19.6653
21.2269
23.7056
25.4074
21.7766
22.071
22.6333
23.1731
19.1051
22.9187
19.9905
21.325
19.0839
21.9558
23.3984
23.2223
19.8203
19.6811
21.6885
29.3996
28.4691
19.5499
21.8589
19.7705
20.5011
21.0748
20.4667
19.6133
23.0303
26.4568
19.6121
20.0178
18.5726
20.1315
21.7037
18.6179
21.7614
19.019
22.705
19.3754
20.7398
19.4083
19.0608
19.1063
24.8127
18.8242
19.2114
24.4671
21.3545
21.0478
19.6874
19.7089
20.9873
19.2565
20.1834
20.544
21.8639
18.4569
21.4044
29.2533
18.2048
20.7108
19.8565
23.2812
29.5742
25.9549
22.0391
19.7469
21.1948
21.8706
31.8411
23.4115
19.9783
26.2363
21.9444
19.1693
21.6986
23.0036
22.6357
19.664
33.3341
19.5015
21.1332
37.9181
27.9314
21.5289
20.2861
19.471
21.0964
19.7904
29.0112
20.5055
26.4983
22.43
20.949
20.7799
19.1665
20.755
19.7734
20.2387
20.621
20.7207
18.8734
26.2279
22.9491
18.1324
19.7846
17.4411
20.3533
19.5662
18.9165
21.441
21.81
22.2555
21.9845
22.2987
19.3665
21.7437
36.795
23.8583
28.8202
22.0112
29.2337
20.7456
19.2313
23.8323
20.4079
21.5433
25.8025
20.7773
22.5349
20.3455
21.9603
24.9314
33.9552
20.9102
33.2445
23.7506
25.4126
26.2587
19.7395
20.6256
30.4397
21.2768
22.973
19.8875
20.3747
19.9571
20.2658
20.2047
18.7405
20.2284
21.2565
20.6726
24.56
23.8279
19.067
24.4152
20.892
21.2155
26.1332
22.2408
40.074
35.6939
32.3937
32.3623
25.4595
22.0623
20.6833
22.1126
21.2826
20.3435
20.763
21.2644
19.9383
25.7358
31.8633
20.9595
21.6624
21.8117
21.5896
31.3772
20.5515
21.3898
24.6047
23.0636
20.6273
20.3753
27.124
29.4354
21.7144
20.8002
26.6891
23.3366
28.2788
22.9993
22.7615
20.5491
21.4839
20.259
21.7047
19.9057
21.5312
20.654
21.4223
22.2467
40.6389
21.3443
22.2049
22.8529
25.8449
33.9609
21.9533
20.9037
22.6006
20.3477
21.9848
20.6891
23.8865
28.6898
19.4874
23.5166
23.0403
19.6898
21.1488
18.7503
18.9344
24.6489
29.212
28.5433
25.7707
26.6761
22.3136
22.2105
19.625
22.248
28.7071
22.3704
33.9054
22.2423
23.3459
21.9121
20.8136
22.6741
20.7955
20.6785
21.1442
20.925
22.188
23.0304
22.1157
38.0269
20.5415
21.4298
19.275
19.5166
20.2176
21.3059
20.014
27.7255
31.5708
23.1491
22.3955
22.2855
19.368
20.5479
22.2983
19.7948
22.411
20.3006
22.694
21.1679
21.9974
19.3872
27.4747
20.2098
25.8629
22.5792
18.8853
20.5815
22.9382
20.6073
21.8226
20.9389
20.1382
20.5685
20.7396
21.1102
20.7159
23.0144
21.1121
21.9373
22.2988
20.6605
35.0778
21.1978
20.7039
26.0334
30.9426
21.3933
20.5418
21.7474
20.5437
20.9786
36.0835
25.7202
20.2068
21.2382
29.0795
25.2014
30.467
20.6402
21.3402
21.9483
21.9745
20.1949
21.5321
24.9336
21.2969
23.9344
21.874
20.2656
21.9501
19.6102
18.5663
29.7298
29.8846
21.0477
19.407
19.7265
19.3209
23.6719
24.0765
20.1784
21.4546
20.1104
18.7561
20.0211
18.6512
22.1623
23.2771
24.0326
31.3455
27.1893
45.8861
21.3091
20.284
21.3701
19.323
19.4122
22.4248
22.9817
25.8809
24.6395
20.049
22.2154
21.2332
33.9426
20.7835
20.9047
20.9789
18.0749
27.5983
23.6897
24.2553
22.2166
20.691
20.3374
22.9711
19.4199
21.698
20.6854
20.6935
21.5318
22.4193
20.1077
23.8213
21.3413
22.1632
22.9852
21.0087
19.6564
20.2548
21.7554
21.2126
28.7715
40.5719
31.6086
21.5742
23.4682
22.1784
29.7287
22.8883
21.9641
21.2579
20.8938
20.91
22.1121
21.5868
21.8691
21.7998
20.2857
19.3759
20.3788
21.0137
37.6666
25.4637
20.9648
8.76931
12.076
20.8152
20.0144
13.7377
13.9733
9.00124
9.26727
15.9149
10.825
22.6278
12.7559
12.279
12.551
11.6877
9.03999
9.10763
8.44953
9.66853
10.7241
8.86421
10.7395
8.9385
11.2937
10.9714
9.48693
13.4644
8.67999
13.8839
20.9515
10.493
16.6793
9.23913
11.483
18.943
9.12994
11.5483
13.5271
21.9874
9.78096
14.2687
10.946
13.5338
13.3144
32.3886
13.7879
12.7721
10.7344
10.0803
9.96619
14.2945
27.0312
20.8734
9.24729
9.44629
25.5534
8.7872
8.89803
23.513
23.4173
11.3505
15.4493
15.2781
11.5042
9.94641
10.7127
8.00539
7.92879
8.92492
8.6691
9.21159
7.45123
11.2797
8.44097
13.3039
20.8623
12.6823
23.5943
13.0344
10.7772
9.79575
10.4424
32.707
24.0082
35.6976
16.6172
10.3231
8.20119
8.03745
11.6738
12.3776
10.6357
13.2307
22.0939
10.2027
10.6547
11.6338
11.9994
7.83613
11.4077
11.7782
9.73611
11.5918
11.3817
10.0763
10.576
9.28933
9.90991
11.7154
9.11431
9.62111
10.7291
9.00372
13.2165
14.1178
16.1443
26.5912
10.9738
19.1756
14.0641
11.2427
12.397
12.2396
8.85501
12.9146
10.9624
13.7786
11.8771
11.5201
10.5858
8.67039
13.4745
26.1251
19.5475
20.5985
22.1993
24.0277
30.1931
26.0386
23.3801
34.9341
25.0439
22.2234
26.0535
21.7804
22.1922
24.2788
29.3396
23.7734
28.8608
21.774
27.4383
24.8875
20.6147
19.5624
19.4155
20.1393
18.8073
20.1816
22.0385
19.341
20.8633
19.5452
19.6678
22.6379
21.9923
21.8054
24.237
20.1908
18.2685
18.4117
18.6269
18.134
20.9211
20.4107
20.8487
18.6951
20.17
21.4656
19.6605
18.4269
12.161
19.889
24.5711
11.2839
26.2751
11.4038
20.2083
21.4482
21.9049
22.5865
11.0675
18.0305
10.2283
20.541
19.5071
23.5702
24.7467
20.7831
40.1568
30.1689
21.3108
12.4502
10.5629
13.6065
23.4704
22.4811
21.8178
19.6639
10.9117
22.7168
11.6765
24.2464
22.4494
12.1914
15.0028
20.6256
12.5041
22.0934
23.072
10.7556
23.0222
10.7047
22.86
20.9224
11.8571
28.8369
22.4623
16.9858
24.1197
12.2363
20.2946
11.5684
24.0651
12.8301
13.3711
23.7409
10.9916
10.1752
11.3411
27.24
10.4855
25.6935
12.5378
12.2045
37.4362
15.6038
19.2919
22.7329
14.5368
14.3213
19.8499
10.6662
16.6351
14.6703
11.6764
10.7891
11.1709
25.4462
12.3728
13.9048
9.1288
10.3755
9.97678
13.5521
10.6379
12.1823
21.7565
18.7082
10.7449
10.501
9.80761
11.882
12.0793
10.2337
24.0909
10.3841
9.5424
9.63498
9.58305
23.5022
10.0242
27.011
9.25177
10.6953
9.45192
8.66307
9.70367
30.9118
11.7481
10.9343
17.8313
15.3553
17.8563
23.4866
13.2428
17.3543
11.4189
23.3606
9.04288
9.72091
12.1552
12.9629
18.0487
11.4698
23.4364
10.9722
10.6717
11.63
11.8587
35.415
12.477
20.055
15.8174
29.1305
10.1482
11.4652
15.0463
14.0638
11.4491
23.4562
8.86058
8.91088
8.10673
21.8569
10.628
16.3018
10.5233
13.8959
21.695
21.7818
11.7383
21.9593
10.627
8.4472
20.5218
11.8319
12.501
16.5088
17.1793
17.9656
15.6907
22.2596
11.3527
7.5524
20.45
9.97848
24.7105
10.8695
13.0924
27.236
19.0964
19.3336
24.6343
25.2412
13.7067
22.8254
13.1353
21.7666
10.7317
11.573
30.9332
12.9568
23.8647
13.5437
14.2091
27.4273
11.0302
27.2786
21.4806
12.4003
24.2501
11.7193
10.1627
15.4112
22.5219
11.3195
27.5481
10.4595
20.3756
10.428
8.88634
20.6144
9.65841
21.6778
10.8792
22.6984
10.1196
19.4581
11.1474
21.895
11.2095
23.4291
11.3717
21.9338
13.2901
18.0338
10.1682
20.6814
12.7789
14.2222
11.6297
12.9784
22.2294
11.7775
12.0417
12.2872
21.4411
11.7136
21.7346
35.5659
35.4747
14.3445
22.6773
21.3806
21.0357
21.0722
22.0461
12.1856
22.2947
21.4723
20.8146
21.0499
20.34
20.8581
10.5687
21.2889
21.9281
21.4426
19.8746
20.0375
21.3506
21.3002
12.2837
37.7709
23.0605
8.08969
27.0972
22.9278
22.0362
15.2432
20.8173
21.5477
24.2425
19.7866
20.8227
25.9443
20.323
22.1498
19.2248
22.7841
20.2641
19.2454
19.6823
23.2332
24.0728
20.1013
24.403
20.8628
17.9224
19.5609
20.3246
18.7114
25.8038
21.218
35.3309
28.9816
22.6794
32.3844
19.9337
18.3007
24.679
19.8834
20.4521
22.6745
32.2412
20.7285
19.8642
21.9299
20.5321
21.1225
23.4983
21.8554
26.8765
20.3032
23.1044
22.3271
21.8048
22.6275
22.1696
22.0411
20.338
19.8442
35.5183
22.1091
26.118
18.1808
20.8512
22.7205
20.5378
20.8102
28.2687
22.1694
26.0665
20.6874
31.1024
20.6712
24.5905
41.2252
41.7276
23.8007
34.1673
21.1728
19.3473
23.1182
25.3639
20.1144
19.4554
22.646
36.9329
19.8151
22.2326
19.7836
22.9498
20.2357
19.5866
21.9085
33.6084
21.2814
8.61313
22.5407
12.0129
22.2387
8.514
15.2483
21.3162
19.9379
8.13239
19.203
20.2568
20.4318
19.3148
18.8887
19.8067
19.65
23.6941
23.1754
19.8276
19.1517
20.2431
13.127
9.41991
21.6835
8.75175
14.4528
30.2613
10.6765
12.1809
23.2328
10.5053
21.0825
9.86704
13.7575
19.9491
10.2925
8.87908
8.02143
18.6479
21.628
20.3577
22.3699
10.5183
10.984
22.605
11.3623
28.5893
13.9876
16.0307
15.2056
13.8843
22.7281
11.069
10.9904
15.2009
23.0057
10.9121
9.80331
26.1159
8.48534
9.21769
9.05618
7.01287
8.96948
11.2326
17.458
8.51865
7.69325
7.80859
10.1803
6.70732
18.964
6.9821
22.5898
10.2266
9.42038
21.8631
10.2774
38.2782
12.955
10.6067
9.02301
9.31454
23.2888
10.9302
21.7486
10.9153
23.1766
11.071
10.631
23.7798
20.7457
19.6171
9.62331
8.48026
12.1591
12.5041
21.6982
7.9451
9.38251
9.02903
12.2462
20.9449
10.4307
12.0929
22.3792
8.59459
17.0397
25.759
9.88742
19.7915
21.9486
11.0148
28.2148
10.9962
28.5604
10.3274
24.0934
10.5192
23.7182
12.3466
23.2673
8.82725
25.5251
30.2029
11.1224
33.6817
16.8463
22.6473
13.9803
28.1615
9.2462
20.3395
10.7137
21.7252
9.2285
33.211
14.3152
11.2252
24.6818
22.7776
22.2659
21.9292
19.694
24.0876
22.2559
13.0071
25.9435
42.9298
27.5049
25.3341
11.7611
22.9669
12.2294
25.221
23.4878
24.8361
34.2466
9.95388
10.2756
23.7805
9.71966
22.9494
22.0851
20.7818
23.8995
22.3037
21.9916
20.3533
8.67629
25.7167
23.4904
22.6055
24.8477
10.9187
23.9137
9.85129
34.2306
23.1529
21.6408
22.53
22.0498
21.5189
23.8429
20.2605
22.7009
23.21
20.8088
22.9361
21.6806
23.6259
22.5668
22.4498
22.3014
23.2256
21.8056
20.8193
22.1343
22.7578
26.1159
25.5887
23.7447
21.86
23.413
20.9711
20.9617
20.6097
22.5211
25.8488
23.9204
22.836
21.6376
23.008
23.5179
23.5183
22.6173
23.5359
23.2164
23.9136
25.5508
23.7461
22.1618
22.9496
23.5269
24.1979
20.7328
24.3695
20.5946
18.6681
22.6931
28.8976
26.7938
20.5203
19.5104
20.2863
22.5783
21.3105
20.0433
21.7582
20.9984
25.2057
22.8942
19.6903
22.263
20.5581
20.6437
21.0799
21.5325
29.237
23.5761
28.5997
23.1704
21.1317
24.8684
25.9102
20.8724
22.6039
28.2291
20.5168
19.956
20.3332
21.3198
19.5118
28.9291
20.9832
22.2955
19.499
19.864
18.6671
21.6364
23.596
20.4331
23.1202
21.9176
21.8225
17.9849
19.901
19.2002
18.9802
11.8859
11.8904
18.7286
9.49085
19.6118
8.81719
9.811
19.5086
10.9901
21.4432
9.33855
10.0318
14.3752
19.0703
10.7572
11.5031
9.30558
20.2735
12.2112
8.95413
8.30046
24.1855
10.4673
32.074
16.41
22.0017
22.4825
19.4641
10.5936
20.2607
13.7147
12.616
21.8978
10.0097
9.00538
9.90797
22.1708
13.2169
11.7032
10.1321
10.6895
24.0269
9.81538
10.3788
12.4796
20.8573
12.8012
10.5374
13.2239
14.509
8.25215
10.4344
18.5661
10.1267
8.53154
19.9231
9.40617
24.6199
21.6852
13.6447
9.24383
23.7834
11.8015
14.583
10.9192
14.9134
9.99972
22.3826
19.9125
11.0057
23.9507
12.2086
25.1063
11.1495
11.2504
11.4913
23.2052
9.32597
10.6073
11.1782
20.985
8.3665
10.1486
12.9845
12.6974
15.634
9.26573
13.6433
14.6139
24.5636
11.2183
12.5317
10.7086
13.0211
10.6806
15.2893
22.5085
23.2333
13.376
29.9913
14.4613
34.8336
13.9304
11.5124
16.2007
12.799
10.4654
12.8788
20.7669
7.83237
21.5853
11.3333
10.6736
22.8821
11.3808
23.3847
9.54312
12.849
24.2297
14.5948
11.5633
29.3429
10.9956
10.7141
17.007
9.47601
10.5756
8.97892
23.0235
11.9364
10.6506
8.95008
12.2044
9.92269
12.058
13.3057
14.5849
10.0288
20.7382
11.2803
12.6456
16.4269
11.1096
21.751
24.2554
12.2649
20.4154
10.3903
11.5137
10.5648
11.9522
23.4938
22.8869
9.57218
26.7332
26.7355
14.642
12.4084
24.015
12.1033
24.3221
11.1752
22.5443
9.52998
8.66571
8.54058
8.59444
19.7937
9.54555
12.5742
20.5098
9.62235
21.9366
8.96577
19.194
11.4891
10.2656
21.2148
21.4273
9.57125
18.8292
21.4529
18.5563
8.49966
11.4538
17.9666
24.6789
21.8158
10.7985
15.8739
18.6507
22.9169
11.9755
32.5048
39.3439
19.4162
44.4846
25.7502
16.6293
24.1242
14.1321
20.7086
9.80712
21.3211
11.7904
16.2861
18.9646
9.10797
16.7359
14.9761
9.69984
21.8739
11.8195
22.2558
9.85653
13.896
18.6506
8.91277
9.85126
19.8358
11.7343
18.2454
21.1569
18.8497
23.2463
9.94477
23.1758
21.8121
21.9365
20.7302
12.9142
13.8697
21.0546
20.5671
20.1308
22.0748
35.0447
11.4178
10.6677
32.357
25.2439
27.2158
20.2822
28.4811
37.461
21.274
29.6659
30.0701
26.8776
19.8518
19.6
29.0563
21.0068
23.4588
20.622
26.3881
20.9308
21.4002
23.4327
19.8127
21.6399
32.4827
36.2156
23.5768
21.9093
33.8905
23.7947
23.5064
22.785
20.905
23.6179
19.9965
21.6768
20.5787
20.6943
21.5429
29.2636
22.2017
21.2511
20.7362
21.4603
24.0731
22.615
22.544
21.2226
28.4275
22.3028
20.7242
19.436
22.3459
23.924
22.8004
23.1878
21.8689
21.2257
22.7519
22.8603
23.3952
22.8014
48.8773
24.9954
32.3325
20.1982
21.7773
21.9015
23.1413
22.7279
20.8225
22.1711
24.3676
21.5813
21.3315
21.5614
24.5583
21.87
21.974
19.217
20.8736
19.7464
29.2305
21.0747
20.3828
21.0058
22.5644
22.2451
20.8447
23.8199
23.3531
21.3342
26.4118
22.1523
22.709
21.6742
21.1734
23.1347
23.0677
20.691
11.0584
25.987
21.904
21.8093
22.1257
20.9426
24.8217
10.8654
23.2598
21.9181
28.2844
31.6117
10.5866
32.5102
16.2593
11.7649
21.802
11.3071
21.2831
11.0228
21.3656
19.4808
21.7112
23.923
24.4589
21.7111
22.0092
21.8764
20.6866
20.6743
21.9213
29.3734
20.0114
22.1049
23.7438
28.1318
34.1752
28.5509
10.1257
22.4556
13.1658
15.6004
29.4044
14.2482
11.94
27.6758
14.1146
25.1656
12.7081
29.9803
10.7062
10.049
19.9167
11.3329
15.94
26.2353
10.0592
14.3667
10.9443
15.5524
14.9302
10.8307
21.4702
10.2079
14.1212
10.3931
12.6258
14.4944
13.8729
10.4927
33.9081
10.0506
35.2449
12.6405
8.8972
22.9107
22.6432
25.438
10.5472
11.3253
10.9405
9.22701
11.572
22.0697
10.6606
17.2284
25.1251
10.3042
19.5728
11.0102
12.0795
12.7297
28.5494
11.9907
21.2411
20.1635
9.76048
17.2444
11.8688
28.926
8.89069
24.0362
18.8021
26.6202
11.5705
23.6934
8.20611
22.8577
10.1554
12.9911
8.8396
7.7507
7.56234
34.6034
13.2553
10.4795
22.5915
17.7686
9.4151
10.3415
9.21609
21.9116
11.9555
19.9139
11.4105
10.6422
9.37894
11.9032
10.4316
22.6774
12.2047
16.3517
12.0187
21.9165
9.23449
12.0738
10.4649
22.8036
13.8167
21.4429
9.36817
25.9607
10.2626
15.0983
21.997
15.2922
22.9685
12.1988
11.7589
10.5828
13.2008
32.9818
19.9037
34.5865
13.9256
24.276
10.4916
11.1854
22.4309
9.12394
27.8153
11.0791
27.9085
12.8015
27.6651
11.8387
30.1848
13.7964
18.1243
44.0896
23.2869
24.6658
24.9321
28.6907
26.0701
22.6834
23.8723
23.4045
15.7669
22.6656
21.9296
23.3727
24.4602
21.9408
22.861
22.9609
24.6418
26.4383
23.3846
29.9338
22.058
22.9125
24.3202
21.7728
27.7924
24.1855
27.2777
22.2935
22.313
22.61
24.3696
26.4095
23.497
32.6319
26.3901
23.3655
22.3659
22.7993
22.3145
35.7775
23.0935
24.2352
23.7107
23.0878
24.1698
24.2518
28.5644
28.1163
24.4495
30.8848
26.6553
25.0104
23.9995
25.4747
24.4195
25.6706
24.3447
23.7762
32.2784
27.6418
37.0531
23.7889
22.4106
23.0286
23.0052
22.9529
21.6884
23.0824
26.0256
22.7027
24.2153
21.4133
21.0901
21.1752
21.876
22.1245
22.7509
22.2282
24.6684
28.751
25.3751
21.244
23.0948
24.0313
24.4213
24.5494
24.888
26.9839
27.6951
22.2859
23.5569
28.2626
34.1769
26.0805
19.4023
20.7236
33.9965
25.4835
36.3962
23.1537
24.1362
21.7735
23.0739
21.2404
20.4537
24.6675
21.7061
23.4229
22.6371
22.2071
24.3417
19.965
22.0541
21.3258
20.8085
23.5006
22.0133
19.9547
22.1134
20.5834
24.6222
21.4472
21.518
24.0789
36.2344
24.4211
23.3407
21.312
22.756
24.9429
22.1961
26.1819
21.7633
10.7504
22.2509
18.1602
8.77345
25.0671
20.1924
20.748
21.0315
26.7333
12.4275
25.0684
20.2634
22.3039
18.2592
18.4943
11.2641
20.5393
18.8073
20.3044
20.9056
20.8022
10.9055
21.3872
19.7579
21.5273
20.4419
21.979
10.534
19.8837
22.5443
22.9306
21.7771
25.9154
9.85978
22.0189
21.6358
9.2413
20.1881
21.547
15.6684
22.2992
23.4264
9.40877
23.0833
11.2012
21.548
22.4195
14.9164
21.3677
22.3574
21.1178
21.4615
22.9668
14.0045
31.7892
12.3333
9.2302
21.5846
13.7861
9.9794
23.6472
10.0938
36.6461
11.3521
24.2051
10.8835
18.9093
9.61592
24.7967
11.3746
11.2971
19.3775
10.319
22.5239
12.2172
11.1469
24.3401
25.4477
15.7131
18.1932
13.3174
27.1145
10.196
10.3392
12.0415
12.3366
21.6378
9.78032
12.1644
18.6725
10.3629
16.5161
27.6271
11.0266
17.7645
14.2991
11.1585
14.8262
23.3579
11.775
18.3865
13.1123
17.7163
9.55539
15.2187
9.21507
22.526
14.3034
11.0668
29.7697
10.5762
14.0229
11.0863
10.6905
13.3445
21.7586
23.5274
11.2219
25.6169
24.2044
13.4354
28.6952
36.2022
13.3864
15.1252
24.0151
11.7381
14.6254
26.0799
10.9043
22.3606
11.0265
24.916
25.4008
23.4762
12.7819
24.9224
36.9373
11.0796
44.5032
28.4732
13.1325
26.3346
12.844
15.8141
35.2481
26.577
12.5111
27.3987
26.6384
10.6871
29.2801
11.4508
11.1578
24.1243
12.4791
25.4361
12.0766
24.6061
13.2198
24.9961
23.1325
11.8085
39.6289
31.5932
11.7692
23.8045
37.2426
13.3169
42.0859
24.6574
12.4568
23.7299
24.4275
18.4696
30.7782
11.3392
10.6067
23.5801
23.3327
11.1485
29.3003
23.6102
14.8064
26.6982
22.7124
10.1384
21.783
9.96064
11.066
25.5188
23.2724
15.3812
23.1256
12.4334
27.3979
21.4178
27.3915
19.4339
25.9704
14.7474
14.7027
27.5023
13.4391
22.6103
14.009
31.2452
24.4967
13.606
20.5548
17.2568
19.6309
25.3635
10.3449
23.3752
13.1015
29.2924
13.3255
26.4784
13.2156
33.0729
21.4211
23.6974
12.2386
20.8424
11.9696
18.7922
28.5293
22.1975
27.6415
22.0124
9.97454
23.7253
20.3408
22.2216
21.2057
20.711
23.9724
23.7009
23.8912
25.3281
24.8257
28.7172
23.8963
29.9993
28.5521
22.7851
42.7483
26.0825
24.5388
32.8092
25.093
25.2998
35.5361
25.7963
24.794
22.2035
27.2062
22.7578
23.34
24.7863
23.4161
24.7356
21.6438
24.6167
21.8833
25.2688
21.8246
24.3281
23.6938
23.3718
23.7221
22.4573
26.7066
25.6521
24.021
27.253
25.1451
27.4282
28.6718
25.7513
24.5585
22.6884
25.7785
25.2895
27.0019
30.5484
24.8952
35.5633
26.54
26.7766
25.3128
25.1993
23.7639
22.7281
22.7773
31.2294
25.2552
23.1527
27.9887
25.2467
25.224
25.0841
23.2545
23.4495
25.6068
23.5147
24.7114
30.037
24.0655
23.2478
21.8968
21.8757
31.3459
27.519
23.36
23.2301
21.6542
42.6213
26.6974
27.3618
24.5575
25.9676
25.2696
13.8255
31.8489
13.5449
25.7212
24.2981
20.8919
24.0542
27.8565
11.5387
25.5177
14.8657
18.3497
26.345
12.6472
25.6698
24.131
24.3273
23.4317
25.6749
23.5032
24.2085
25.0947
26.7806
23.7091
24.5549
23.702
15.7522
23.3698
27.1954
12.3073
30.8072
11.9154
25.3143
24.3186
25.1512
12.0344
12.9824
30.0795
13.6256
12.2523
23.9773
12.7967
17.1746
22.1138
12.6261
12.1325
11.8285
24.4632
13.4728
27.4659
24.0422
21.8481
20.6398
14.7525
25.7142
23.4523
25.379
12.4528
25.6261
12.2003
25.3468
31.3756
16.7447
16.395
32.8626
29.7276
23.5436
39.9929
12.9482
31.1245
14.8604
28.6355
11.6723
13.4904
17.586
23.2132
22.5926
12.7229
11.8919
12.6425
11.2626
17.0697
18.5815
12.1978
24.9484
23.1476
24.8417
20.7793
11.584
25.3957
10.9986
12.8059
25.1675
11.3773
16.2242
14.3679
17.4071
11.8755
14.0448
23.0931
31.4185
12.2371
11.243
16.4082
14.1352
14.6116
11.5041
18.9145
14.4026
23.8168
13.4013
27.5763
24.1788
14.0383
28.3427
20.5055
12.8876
26.5777
23.0309
31.1552
19.5447
28.3808
11.1547
13.5358
33.5105
21.9639
32.3794
22.7186
10.004
22.4962
15.0157
28.537
11.4905
32.418
24.0902
13.8659
14.6268
22.7705
12.366
36.6566
13.8397
18.2885
17.0548
26.5858
23.6392
25.6374
13.6645
23.5419
26.9322
11.9669
24.3662
24.7369
11.7881
27.2179
11.8372
26.9812
24.3082
14.0292
36.9154
15.4992
24.432
12.6833
21.898
25.7703
14.5706
14.2949
34.55
12.1038
33.5881
46.8237
13.1064
32.5457
26.6345
45.0897
11.2777
35.2435
26.7319
27.2372
25.9562
46.2036
40.7551
38.3302
35.2896
11.8368
37.5323
25.6252
28.1019
24.2842
24.2544
23.0805
18.6165
24.2121
25.7395
25.1697
12.0627
38.0448
25.6008
23.5341
25.8403
29.7215
37.3969
35.3532
26.3192
24.6987
25.6376
26.3409
26.175
26.3361
26.7646
29.2541
28.2008
26.8674
25.0159
25.336
26.1743
27.545
49.9826
39.2696
25.5633
27.6156
33.6045
23.5483
27.3149
36.2081
25.5772
25.5891
25.396
25.3905
34.7074
25.541
26.6825
29.2881
24.0978
34.5622
29.0128
26.4849
24.8568
24.1989
25.0795
25.6459
26.8413
24.4968
32.5401
45.0865
47.8197
29.8311
31.2771
24.6314
24.3459
31.1198
22.7196
24.92
24.6673
22.5171
28.9946
27.6074
44.3388
26.2658
26.8471
25.2471
32.5981
26.0707
24.0473
23.4582
35.869
24.2253
38.8005
24.6128
25.3682
24.6054
23.9517
24.8142
26.2439
26.2432
25.0984
33.1686
24.6847
27.3402
26.4671
43.7812
26.7319
24.3524
24.5023
36.7617
26.7025
24.5669
36.1955
23.0602
19.1508
26.6063
23.7094
17.9737
26.9368
26.774
18.4595
24.2195
22.8085
25.5543
27.3291
23.7279
14.1463
23.9844
23.7749
14.8567
23.345
30.0391
15.005
24.8268
13.6254
27.6045
13.1064
40.5428
14.1981
13.0676
31.2229
13.758
40.222
40.8251
22.6896
30.1188
37.4006
15.9438
22.7784
24.9157
14.1032
36.2801
33.0609
14.6716
31.7208
33.2631
14.3252
45.4617
25.5792
13.0068
24.3402
23.3923
18.0547
30.1006
25.6143
18.8296
26.059
24.988
17.0296
27.9598
14.9698
28.2984
24.5262
13.7366
23.7726
14.6354
24.6147
15.0907
25.1825
27.7026
18.5622
41.7206
14.9678
12.7278
28.8556
15.7668
12.3887
23.2506
11.5971
30.8766
14.6501
17.7715
15.3694
16.1295
24.7967
15.6772
16.9708
12.4408
13.7502
24.153
13.0934
14.5617
16.5452
33.6582
18.8768
29.9754
19.4517
13.271
15.2747
13.3596
22.8831
17.8647
13.2589
12.5835
13.4815
24.6378
13.795
15.5619
29.9142
11.4832
28.051
25.1608
15.6929
14.751
14.3172
12.9883
25.3303
26.3615
12.6045
25.1334
21.3049
12.2958
34.6797
13.8066
17.069
18.5417
12.9057
14.9255
27.6639
25.1656
12.0407
15.0042
12.7334
13.0491
26.1569
31.3308
13.604
36.3962
13.2938
22.1702
12.0959
24.5973
19.9026
28.2926
14.9413
14.9104
18.0475
22.7232
24.0582
12.7619
16.9905
15.1662
27.1276
26.1922
14.6443
18.7305
32.5697
23.6569
34.907
47.9225
21.5768
29.7562
24.4685
13.3687
42.0865
15.86
31.1397
23.2231
21.9528
13.4683
24.737
24.7545
19.7471
25.9739
24.915
15.8
36.3527
32.5735
16.0266
32.7158
26.0076
23.7195
24.8105
30.9245
13.5044
26.8665
25.512
13.8459
41.4617
25.9648
13.5532
28.7643
28.191
14.4406
28.7472
25.3738
28.739
31.1017
25.3895
14.5579
31.7953
26.3863
30.7584
25.2519
28.3978
13.356
26.7823
31.0642
27.2175
34.5546
27.7536
28.2011
29.0026
27.7522
22.6233
25.7352
34.2982
13.0193
30.8251
26.4858
16.4669
25.4357
25.1119
26.5837
33.9697
28.8323
23.4663
31.6666
25.2612
36.0294
23.9801
26.086
21.2792
29.8593
12.749
30.4812
38.0521
26.4889
13.1923
22.3415
22.6653
23.276
27.3138
23.8211
23.8714
15.5863
24.2524
25.8397
31.205
37.3921
29.36
36.4697
25.5173
26.4393
31.1262
38.8126
38.0879
24.1789
24.2606
24.2135
16.6482
28.3771
24.7617
26.1654
24.6876
30.3465
26.4956
24.4613
24.8407
23.543
23.8756
27.7922
23.2508
26.5403
23.8329
23.8956
24.5041
24.9042
29.5678
23.7574
22.185
27.4769
25.4688
37.6316
34.8097
24.3648
25.7924
23.922
25.0015
23.4558
24.6127
26.0699
23.4366
26.1197
25.9578
24.3924
24.6326
23.7811
25.3715
25.2113
20.213
25.7226
26.6672
29.019
29.8252
24.612
24.8029
26.4969
26.6085
25.5851
27.6945
33.5932
25.1782
24.1607
24.8781
39.744
24.9395
26.6248
25.3924
23.9626
24.9426
31.3406
12.0432
40.1738
24.391
32.8245
25.1342
36.2276
25.2692
25.0057
24.0086
25.9097
24.4746
23.3819
27.3076
32.7167
25.9962
19.6724
16.9758
22.7638
14.3391
23.1231
14.6642
9.7204
33.1784
14.4022
17.734
32.5425
12.4505
24.9927
13.2748
27.6414
13.7358
23.5293
28.8984
14.2178
11.9639
14.6507
28.1791
14.5417
24.6919
12.059
14.8476
23.2757
13.8139
23.7013
10.1173
30.301
16.6727
17.0201
34.9704
34.684
19.8085
27.8539
13.4776
41.3934
15.7058
29.1749
11.9943
14.42
19.1934
28.3411
13.1259
26.9656
24.0757
19.7656
36.6327
13.412
16.3649
38.592
13.3753
31.031
14.2385
17.7255
25.9088
24.5378
27.6527
13.0306
25.3588
25.1987
10.6828
36.2694
26.4404
13.6832
16.6634
43.7771
14.0072
12.8115
25.1692
16.4104
25.988
17.4541
11.0443
45.7232
14.2444
31.9735
24.724
36.1005
15.8605
10.4988
25.6526
12.4009
33.5406
8.87058
24.4443
23.2677
20.1521
35.4969
13.8732
20.3797
12.0745
16.5224
19.0428
11.81
11.4351
18.6298
22.743
12.9151
19.1119
11.0451
11.7033
15.0949
12.418
11.4123
14.9384
12.8677
15.6092
21.3952
18.4195
24.6479
13.3052
10.3675
21.3703
25.7584
13.7592
12.2554
28.7115
14.8488
41.8935
17.362
36.5634
13.4678
30.4933
14.1391
16.083
26.9945
13.5521
24.8255
29.6479
17.3225
35.3456
14.8603
16.5667
37.9089
16.8192
41.1977
25.9134
12.8395
24.0455
27.5568
29.2403
15.0805
24.3801
26.8878
40.7725
20.2976
22.3888
29.1768
25.3088
25.2592
21.1213
27.8761
30.1053
25.4682
13.5901
28.6038
24.6561
38.6788
23.977
11.8727
26.7235
34.5818
34.6546
25.1675
24.8822
13.1399
15.3596
30.6635
14.9849
29.3632
26.0151
36.5352
28.8313
30.3617
34.239
29.439
26.4482
27.8486
25.3222
12.7587
35.5549
25.3713
26.6866
27.8515
27.7586
26.5668
26.6822
24.9742
25.6689
27.322
24.1543
26.0006
43.0323
25.2829
25.1376
26.0674
25.2308
25.1382
27.3424
30.3047
25.2742
33.9949
26.9673
25.5374
27.1399
27.7682
26.055
25.3981
26.2378
25.8782
31.6713
26.8094
24.8589
28.1723
26.3882
25.529
25.7504
25.9329
26.9213
24.7118
36.197
26.4246
25.4647
27.6823
37.663
34.7697
36.5467
26.7311
50.1754
26.5791
32.5906
29.5228
28.1651
39.6465
24.6112
28.2083
25.3259
26.0398
43.2655
33.4715
25.942
28.5449
27.5263
28.6074
34.3496
26.0767
23.1885
21.9823
23.4825
21.9079
30.5333
21.4057
23.6702
20.8944
23.7826
25.4015
24.0985
26.7165
24.2497
24.6452
25.8674
24.4444
25.7057
25.2365
26.9995
26.8403
27.2795
24.718
34.9829
35.8572
24.5959
33.1087
42.6201
24.8988
27.5129
23.4808
37.2146
26.7039
36.346
26.5527
48.1985
24.9625
26.956
24.3058
24.0417
25.4388
35.525
25.3872
28.0222
23.8431
26.2986
18.9221
26.7249
12.5918
25.6637
13.5046
28.4602
21.9455
41.6274
14.301
25.7946
11.9381
24.801
15.3807
23.8809
12.9028
25.1249
13.7269
24.1683
17.8001
34.6139
23.7229
16.7528
25.2014
13.4852
35.653
23.9896
17.6395
33.558
21.7233
38.0124
44.2546
21.1144
27.2117
19.8518
23.5535
28.7391
16.6153
20.1861
33.5099
13.6066
24.0357
18.8818
15.6692
23.4282
26.1242
27.4493
13.5404
33.4193
13.3944
25.8562
21.319
15.9069
19.5392
23.0123
12.6326
19.3631
27.0799
14.6602
23.8253
22.212
13.5534
12.5699
40.8834
17.7492
16.3813
27.4588
12.5511
41.1971
12.6341
28.4809
13.4886
26.8998
17.981
18.5426
20.9399
14.3468
25.3279
15.6944
12.6588
15.2419
33.5773
14.9562
15.9575
13.7842
24.462
12.4596
27.1705
13.9803
40.0079
13.2971
46.7199
14.7695
27.1595
17.3409
14.3564
40.3516
19.7564
28.2743
13.0601
21.3792
14.0959
16.436
14.1882
32.2102
39.1551
25.0466
15.5412
21.3285
14.193
25.5028
13.2644
13.627
13.7324
23.5792
21.6554
16.7302
22.9112
16.6562
17.4342
11.3528
21.7721
14.2469
11.9604
18.8221
24.0881
15.1465
26.9165
14.115
27.702
13.3158
13.3652
22.3406
8.69603
25.707
13.4675
16.4098
14.6498
17.3104
13.7081
25.8968
13.5305
14.9206
23.0766
14.3859
19.2761
13.0857
12.1803
42.8014
14.7493
19.6053
35.3493
13.0932
16.257
11.6776
12.9202
13.9946
35.1967
19.4415
19.1095
14.5842
15.0789
35.4275
18.0301
13.2494
28.2558
23.9585
29.4921
14.5345
38.348
24.9595
39.208
13.6437
34.9074
24.5711
26.3795
35.45
40.6255
38.4921
15.3548
27.1349
26.5697
14.959
25.4095
24.9744
25.57
25.0425
26.7884
24.6844
24.8107
45.5026
25.6124
26.8529
24.9666
25.3283
25.9314
26.0947
14.537
42.1976
29.6684
18.0066
38.5663
25.9003
14.6616
23.605
27.2863
14.5563
37.4016
15.2888
25.2557
16.5867
25.5295
14.3243
12.5843
28.5563
21.4347
26.1207
27.3809
31.5898
12.9622
30.1287
14.763
37.0043
41.4121
13.9633
30.6691
25.2224
14.252
27.3421
23.9468
24.238
18.055
25.5021
12.7122
23.1977
33.2364
14.7446
28.072
35.5311
13.7653
25.5164
27.7772
26.3651
27.6436
23.4422
26.0816
26.7654
30.5597
15.1804
23.9644
27.8315
26.2216
28.2871
25.4478
31.3876
27.9576
26.1058
25.5419
36.1974
28.8984
23.6197
30.1712
32.9039
29.3216
25.3125
23.6259
33.1409
25.2405
30.7472
23.3233
28.5887
23.4462
30.9828
23.7865
26.7473
23.9659
22.8213
21.8077
28.7627
23.5951
23.2141
24.5702
23.6741
23.1163
26.9146
23.8525
24.3088
23.7692
23.6781
26.2997
42.9871
32.2309
27.7904
24.4446
29.7156
23.7088
22.7388
24.357
25.1139
32.5136
36.8719
26.7517
23.873
40.7925
39.3138
25.5307
27.5702
32.6243
37.216
36.0513
32.4747
26.4452
27.9982
32.8702
26.4196
32.7271
32.7316
23.4719
26.2522
24.812
25.5479
27.5613
35.3235
26.9227
28.7193
24.4817
23.6519
37.2358
30.0301
15.5202
31.2169
27.0222
23.2735
30.0835
25.1783
31.643
23.363
38.7958
18.4074
28.4759
12.2439
12.8095
23.7803
12.0421
24.2748
23.4167
23.1146
19.72
33.5144
23.5035
11.4912
32.2765
12.7722
23.9786
12.4945
12.7179
24.7366
13.3795
43.823
14.7041
25.0902
34.6177
16.5674
27.3954
35.5605
12.873
24.1381
10.6543
27.8456
19.1384
22.0406
12.6157
24.2584
12.3732
34.9949
13.7313
33.4509
14.2991
37.2995
13.1296
32.8315
12.0949
29.5752
16.7245
27.4444
13.8738
15.9145
15.4924
34.5624
13.3467
41.6254
24.7919
19.4628
25.0728
18.0208
34.3956
24.9921
11.4031
10.7454
28.7937
24.6566
17.0805
24.6172
12.7703
33.0644
25.9352
25.4569
11.8
30.0825
24.333
12.3578
11.1813
26.6786
12.7963
23.0203
12.8891
27.072
24.9986
22.504
14.7724
12.7292
24.6026
14.1854
25.3588
25.3099
14.8257
33.7448
12.6577
36.9967
12.1378
29.8279
13.1338
27.1813
23.5954
24.3005
43.4567
27.6112
12.8919
26.1337
23.3508
14.1381
13.4489
32.5641
32.1025
16.5105
22.7931
11.4375
17.8639
27.0566
28.4127
12.4884
12.8647
17.9932
22.6233
24.2284
12.7767
31.5699
26.9233
13.4666
34.2513
20.2868
29.0408
18.413
25.8898
18.3755
21.8989
26.0497
12.3827
34.0058
18.3424
43.9051
16.5218
31.2193
15.7395
24.8765
23.735
13.5013
31.1681
25.4729
10.5525
39.2193
15.3899
13.8502
30.0299
25.8048
12.4694
24.296
16.3191
13.3706
24.3557
13.2752
25.901
32.4421
35.8356
25.1139
27.2445
25.4035
25.5963
41.5078
29.5529
13.3111
24.0616
13.594
26.4388
26.8297
13.7346
26.8598
27.2078
29.6822
15.5411
32.4574
31.0759
12.5277
26.6795
13.157
14.311
26.3262
16.7776
14.2738
26.4608
27.2481
24.5438
26.5539
24.6194
13.3044
24.693
50.9774
44.3777
27.4683
24.6142
34.7975
26.5739
38.1276
12.2043
15.6938
37.8365
25.4924
16.1879
27.6902
26.7519
25.655
25.6468
26.9342
28.7942
37.9505
30.7905
28.3698
25.3178
24.945
24.6408
26.6084
23.6221
22.9076
25.3685
25.2608
39.4762
32.6751
33.8573
25.0559
25.4078
27.3259
25.2466
13.4337
24.0087
21.166
25.1046
18.9136
25.5933
14.6835
14.2087
15.0077
11.9915
24.5995
12.5507
12.6427
16.8482
29.0853
12.2475
13.2825
29.8297
12.3575
12.3936
23.0257
11.2102
24.5347
12.2531
13.7109
27.0914
26.0677
23.4089
46.308
23.0216
38.2395
44.0704
24.4941
23.9893
12.549
36.0056
30.67
12.3484
36.475
10.8948
20.1373
29.2447
18.8128
29.561
14.117
24.7214
11.6468
11.9487
22.6709
23.4791
13.5359
12.1518
11.6037
31.9014
33.5669
17.1278
21.9856
36.7385