41.8976
24.5597
23.2102
24.7558
21.894
22.0544
22.3368
28.0121
21.346
20.93
24.5115
28.3181
22.1756
29.3444
31.2659
32.6401
23.5378
26.3636
20.9995
22.2491
23.5799
23.4938
24.1634
23.9648
33.9053
24.1057
26.0228
29.7469
33.3379
24.8534
24.7137
26.4384
22.4129
22.6741
28.2524
22.4516
23.9564
36.6142
22.6376
23.7274
24.7082
21.7362
29.9078
32.3994
22.8499
26.6046
23.9389
22.8577
25.2313
38.7164
39.6207
23.6409
24.7549
22.4942
24.9094
31.7894
23.1337
47.1379
34.6498
23.37
22.4529
23.4643
21.9209
30.2249
28.7889
22.5023
28.164
23.119
20.4431
22.7627
22.2804
21.4482
26.1259
21.7387
22.3974
23.9567
22.5153
23.5145
21.7044
23.457
20.766
30.9342
27.4306
28.1973
24.6612
33.3413
23.6639
22.0966
28.0065
23.4786
25.8031
23.1414
23.9722
22.0242
22.4667
23.5389
22.8099
28.3939
22.0118
22.3908
23.859
31.1839
23.7839
22.2986
22.3725
23.3543
23.4858
30.0562
22.5872
23.8683
22.4487
35.4433
31.3285
22.4658
26.2409
23.3839
23.1856
38.6645
25.7068
23.6191
22.9187
23.3152
23.6814
24.0064
27.9219
22.6512
21.5981
30.913
23.7531
42.1527
23.109
27.0243
39.6284
36.2512
26.9025
23.2349
21.6681
24.009
32.2032
23.5121
22.717
22.248
22.5633
23.2404
23.1948
26.7389
23.6919
23.2521
23.744
33.9326
27.4196
22.2499
22.506
28.3741
22.4922
39.1668
23.2089
22.096
33.6986
35.6253
33.7237
39.0827
24.7861
22.1928
21.6532
31.2645
37.5923
29.5014
24.6998
25.4345
22.5317
30.2543
25.5138
22.3408
23.5065
30.6253
22.0247
24.4288
34.9467
33.1447
23.8802
24.0553
21.4341
21.9715
23.012
21.423
34.4727
24.1432
30.2263
24.1681
29.0889
27.2038
24.4621
23.4725
37.8298
26.8015
24.8341
28.2559
26.8313
22.2232
25.2235
23.7985
23.9312
21.9312
22.3882
23.6036
23.4635
25.4997
24.9413
23.54
23.7592
24.4794
22.3004
31.8698
24.0729
21.6095
22.762
22.5635
23.5738
24.7639
22.0119
26.4217
27.4973
22.4307
28.777
24.0664
25.5836
22.6927
24.7491
21.4795
28.202
21.0929
21.8637
33.7799
29.1035
27.6235
21.2545
25.1902
25.7205
24.157
27.0204
28.0138
22.2508
24.5009
36.8149
23.4782
25.3372
22.3283
24.0698
22.4514
25.1101
21.7163
27.2662
23.5799
38.4447
25.1811
37.9917
26.4597
31.7249
24.1598
21.8592
39.7102
26.2262
24.3977
21.7061
24.7721
21.8075
23.6641
21.4048
31.7661
23.5211
23.13
23.5639
22.8694
34.015
31.347
23.4302
37.6659
27.8383
27.8406
39.065
26.8568
37.5463
26.4038
38.4949
23.9045
25.2078
40.257
32.409
12.4154
25.8241
22.5887
33.6641
25.2612
25.1178
26.8378
26.5615
19.6175
20.5249
22.8119
24.3441
24.993
11.2835
24.5811
12.0224
17.6349
16.0668
14.5855
25.7645
30.4658
24.0623
23.8502
43.2409
12.9146
30.5433
12.8088
26.4739
31.8404
38.4031
26.1832
26.2347
23.7341
29.7808
26.8857
24.5458
23.129
27.4724
27.5255
25.2527
23.9004
23.1117
36.7433
24.1442
25.9807
23.3081
23.9932
26.9005
22.8734
37.5132
29.4435
24.6705
24.4667
37.2311
29.332
28.2339
25.1777
25.1652
26.0767
25.6723
23.3356
22.7977
31.2915
26.7519
27.1982
25.896
26.6315
23.1361
24.6921
39.5749
39.3026
37.8943
25.676
36.9711
23.0832
26.5749
26.0459
21.8076
24.1416
24.0999
36.3007
22.5597
25.8517
24.8493
23.0698
23.2249
26.0364
22.9983
25.0528
25.5769
24.449
32.4188
27.9673
41.2707
22.8576
22.3416
22.4779
24.7306
24.1366
22.7747
22.2145
22.7848
24.8942
25.1446
26.0037
23.0596
22.2158
24.6223
25.8778
23.5224
21.6757
23.7197
32.7608
25.2024
22.4877
23.5846
23.9873
23.8693
25.4275
24.8125
23.6327
21.4581
30.5192
40.4883
26.6813
34.1884
28.0869
23.8177
24.9989
35.496
24.2856
29.3276
25.6843
25.2275
39.972
27.5635
25.2086
23.1985
41.7865
24.9445
30.4535
24.1326
24.8265
22.9186
26.0811
23.6495
31.0044
16.478
19.2785
13.5857
15.271
14.4767
15.8065
25.6945
24.9449
25.3717
11.2231
14.2978
14.4689
13.8379
32.117
13.3393
15.7127
24.2133
13.0994
24.9379
13.998
16.1011
15.0748
11.133
26.246
13.6682
20.9468
15.0237
8.91889
9.14593
8.79288
12.964
17.4859
10.8214
31.4366
11.9279
21.5387
11.9084
14.6007
27.874
12.0818
23.1145
25.7749
23.0602
27.1713
27.3233
28.0222
13.4775
28.6066
13.2124
23.6425
31.0737
25.1658
23.4359
23.5327
19.9062
25.9542
15.7522
20.053
21.033
14.9343
16.3377
10.0274
22.1603
11.6507
33.0493
11.7411
14.5855
12.0389
15.1535
26.3804
13.8605
23.9161
33.0965
22.7839
13.2074
11.1286
12.0655
12.1659
34.2477
15.6517
16.1545
25.6031
13.4722
48.025
32.243
18.4853
26.5864
38.5954
23.5966
14.4463
18.3527
13.1449
25.2077
15.331
10.2379
18.9802
10.1681
13.0431
14.0614
13.897
10.7858
12.234
12.7052
20.9291
19.6994
25.2298
16.2778
14.9664
17.1472
14.2511
11.8398
19.0641
16.5573
14.487
12.7685
11.77
12.1446
12.0539
13.0676
14.4668
18.9041
12.1573
32.4541
19.7665
10.6598
27.7225
17.1456
19.8154
12.24
15.1127
10.3701
17.2748
12.2986
13.5721
12.1796
9.63229
14.1916
11.6051
12.7752
14.9142
12.3343
13.7649
20.3789
20.5973
11.9088
12.4491
12.3201
14.1782
16.921
11.1374
14.0873
14.2838
15.6241
12.9112
16.2428
10.9933
10.0627
10.7184
12.149
11.5762
24.2671
20.0444
16.9145
22.0019
14.5275
12.9892
14.8442
14.2846
18.5899
12.0852
18.3352
14.3735
12.7826
11.1592
14.0606
11.7354
12.1275
15.1265
11.5617
16.2359
12.4063
14.8546
30.0471
16.6983
12.2766
24.9305
18.9553
25.6701
21.6542
14.6461
17.0759
11.7102
13.2155
28.414
16.7478
9.03539
9.75418
21.4196
11.2439
18.0778
10.4949
12.0195
14.7306
14.8639
12.6397
10.582
27.7102
17.2022
16.7516
20.825
15.1888
20.2939
12.488
13.7102
24.987
37.4485
25.1329
25.1388
27.3354
42.3834
28.5183
29.1576
34.9455
37.8491
25.7469
24.7834
34.3854
23.9352
28.1418
25.2843
24.5025
23.8678
22.8589
27.2495
24.4237
26.88
26.4353
24.6177
22.4766
36.7518
25.7573
22.2038
24.2446
27.9955
25.8709
25.1749
25.3537
28.2916
26.4099
26.565
23.5828
22.0362
34.6602
26.1048
22.8308
23.3327
22.6311
27.0628
23.2841
22.6746
25.335
23.9254
25.2178
24.505
26.7698
22.8519
36.5592
22.8306
23.688
27.9585
31.9589
30.9346
21.3645
34.2033
31.7917
21.4995
21.3203
21.7727
20.992
20.2954
29.5186
20.4993
22.0338
21.8953
23.0746
34.5968
22.7618
21.8921
20.2414
22.5525
22.6033
22.7267
21.1792
20.8644
22.414
23.2364
21.2809
24.3972
22.8167
22.6031
21.9158
20.9747
23.722
21.3436
20.4043
22.2559
22.6321
22.5453
32.6838
24.9761
21.6816
21.551
21.5093
22.0932
37.2374
25.9525
22.3094
20.4059
22.2356
25.9065
21.5173
22.4723
22.3653
21.822
46.5924
25.098
21.5884
23.8708
21.2424
21.3078
23.5739
22.0583
21.6937
24.1311
22.7333
21.2284
21.7278
22.0614
23.4073
22.0825
22.2859
26.3232
23.0234
25.2559
20.681
37.2035
34.9562
33.9762
35.6408
36.3169
22.446
17.9631
17.559
11.4105
23.3981
25.3385
26.1015
22.4082
21.6085
25.0522
40.3635
23.6614
20.1504
28.5126
22.7345
22.0894
25.5903
24.1511
21.5548
24.2844
23.3084
23.6734
22.6846
29.7027
32.1132
23.2381
35.5141
23.0752
21.5956
29.8223
22.3227
21.356
24.7513
26.9552
37.1268
22.992
31.2494
38.6386
22.4456
21.869
25.8338
22.0434
23.1054
28.4832
25.358
26.3061
22.7502
32.0042
34.0886
23.5207
25.5501
23.7596
22.3528
24.4474
22.8994
24.3452
28.4182
23.1421
26.2975
22.7235
36.4208
22.8045
24.1706
23.9191
22.6523
23.2879
24.9921
38.654
25.5043
20.9185
25.6183
29.7166
23.5251
22.3633
21.666
24.261
23.6989
22.8051
38.9115
31.1564
21.9094
22.6326
24.5165
20.7619
27.2539
22.4841
34.268
21.9137
25.0068
22.7782
24.3831
24.4511
24.4742
23.2704
32.9334
25.3045
25.3444
25.259
22.3132
23.9249
23.5878
22.5261
23.0488
23.6292
23.9554
22.3635
23.18
24.6805
23.611
23.7603
20.032
31.418
22.9191
23.3212
23.968
24.4999
22.7688
30.864
25.1354
22.6655
21.7331
24.5404
21.0081
23.7223
25.8486
23.8841
23.3471
31.1137
24.3481
22.5755
21.6322
21.0033
23.5953
24.7729
22.4735
22.5417
24.467
24.8756
22.0288
22.1393
23.6522
22.6882
30.445
27.0049
24.088
20.6699
23.8759
21.9591
23.3803
31.8146
21.2177
24.3269
22.9359
23.5989
24.4961
22.7495
24.3712
24.8014
24.6762
22.0493
24.407
23.2674
23.4554
23.6473
10.6379
22.8554
11.9493
15.1507
23.9997
13.0611
25.5788
12.7118
20.5004
13.3355
19.6413
15.1559
11.2312
14.74
7.53177
10.6127
26.5275
25.3736
40.248
32.8588
24.1973
22.6735
10.7925
24.3496
22.7365
29.0541
24.7477
22.4205
33.0537
28.2398
28.0489
24.6694
24.2563
22.065
22.505
23.8614
22.4397
28.9534
24.1138
21.9042
24.8321
23.9444
30.8479
25.1215
23.3292
22.0894
21.8385
23.1445
22.0582
35.6335
24.8718
21.9865
21.274
26.6705
22.5439
24.2517
22.1436
24.1439
31.106
23.2332
23.0934
21.0173
22.8088
22.9965
21.733
23.4186
21.9906
23.4054
23.1314
21.0938
23.369
22.5286
23.2511
22.4953
21.1928
21.5817
21.6487
20.0641
20.6322
20.4916
21.8556
23.6958
31.0261
21.1653
22.5691
30.6921
24.9573
20.0649
33.8557
24.3745
25.3071
22.3781
21.4379
25.0122
22.3468
22.0548
28.7685
24.4794
23.9502
22.809
23.7047
21.6303
24.6387
16.7846
22.9674
22.4043
26.5082
25.3171
22.0762
14.1455
23.6146
23.9365
15.6809
24.413
11.492
22.9322
18.8131
27.4129
23.4047
23.8196
12.2077
16.9041
22.9409
24.0898
13.8273
12.3428
36.6381
37.768
23.4029
11.9602
12.0799
15.3073
37.9393
24.2363
23.3887
21.5045
34.7053
24.0462
25.7198
23.4357
25.1521
31.2644
21.8326
22.4258
22.1629
22.448
22.2444
22.3637
13.769
10.5528
44.6243
16.6392
22.8934
21.2506
36.9648
43.5824
26.8507
22.1013
23.3418
34.6633
25.2605
23.8641
21.8439
21.6243
36.2517
27.4056
12.4149
21.9145
14.9534
25.2643
20.6888
27.6219
10.7586
32.8973
23.1643
23.589
24.2952
36.605
23.466
23.6671
24.7316
22.1892
22.5236
43.6683
34.9875
21.9224
26.2767
23.9989
30.4338
26.0707
23.471
28.6495
36.6216
36.1379
25.3942
35.5525
28.3986
25.5133
25.0625
23.3539
23.564
36.7923
22.3519
31.4656
33.2546
36.8365
27.6823
23.9763
24.0658
21.2341
35.3938
36.7734
11.5838
12.5271
30.9958
24.6907
21.8563
21.7162
25.5748
35.1914
15.2842
12.9872
11.6195
14.5531
14.9944
24.6687
22.6923
30.8707
23.4921
9.35817
25.0783
23.3762
23.0373
28.2558
13.6405
11.6409
15.3724
17.0999
25.0065
21.9084
12.1938
12.2422
15.024
11.6395
11.3357
10.106
15.7099
20.3357
16.6603
12.8915
13.2802
10.4501
12.1867
13.2298
22.5655
12.9709
15.4209
10.3163
18.1849
16.349
12.7265
15.1746
10.7534
34.3015
12.1407
20.2425
15.4118
18.2894
10.9683
10.9925
17.3166
16.1628
9.67548
15.14
12.4876
13.0423
13.4699
12.1415
13.7723
15.6232
19.7906
12.5761
11.2246
15.1357
16.1356
10.3078
13.0246
9.44258
14.6084
14.0383
12.1977
11.2293
9.53887
14.5169
13.5287
10.0945
12.4519
12.8805
12.6205
11.605
10.2674
10.9101
12.924
11.8377
12.8834
12.6891
16.6836
12.2436
10.5927
12.3421
9.30161
11.2335
35.137
24.7727
12.1455
11.6579
15.7905
10.9078
13.9851
11.5749
9.686
10.5622
13.1968
11.1061
12.1301
15.6212
16.7832
12.9952
15.5575
11.5056
18.0809
10.9666
31.195
17.9949
9.40334
13.0707
14.4659
14.4606
18.2291
12.6406
12.8703
14.7835
10.9369
12.6991
10.7779
10.0685
14.6588
14.465
12.2378
11.1647
14.3005
11.3149
12.4628
8.87534
14.6665
14.5133
13.3138
13.1865
10.8784
14.7877
16.9834
13.7197
13.5822
13.1163
10.2957
13.464
14.5448
12.3281
10.8337
12.4849
9.40414
13.0286
12.3
11.9474
16.1988
10.2681
14.5376
13.0261
13.7226
11.9819
18.76
12.9432
10.8691
19.0477
10.2028
14.7334
16.0079
12.3806
10.4191
13.8312
38.6588
10.7225
30.6241
11.1239
15.3285
20.1685
14.5293
20.4103
11.7987
12.3033
10.1393
11.5313
11.8029
13.2463
20.9228
11.3023
12.7259
16.5106
11.8498
13.2279
9.65325
12.6581
14.1979
13.9853
11.9986
12.0542
13.2399
17.513
11.3732
10.8187
16.3271
12.4348
12.2264
14.56
13.3715
17.3798
9.9613
15.624
14.0874
14.8951
8.67633
13.0476
12.1646
10.271
12.5033
10.7208
11.38
9.64582
10.4312
11.521
20.9131
31.8726
14.7999
22.8895
21.8598
12.4621
19.8469
13.3523
13.8827
10.1517
11.4148
18.4728
22.668
12.2407
15.4468
21.1954
11.0893
14.9564
29.5152
11.0719
13.5665
12.0077
12.7583
9.4397
19.9611
15.1188
17.2154
16.5314
15.6144
13.1128
10.5025
11.9508
16.4351
10.7292
33.6226
12.5946
31.3925
19.8819
16.4472
22.7503
11.3977
8.92023
9.73669
16.1899
9.60631
13.1784
14.8615
11.2124
14.7174
13.5552
12.946
17.168
16.4267
13.9146
10.014
15.3633
10.4088
12.9281
20.5175
7.80882
13.532
8.71049
13.7053
10.0073
14.3794
14.0709
15.0745
11.7622
15.033
14.6026
13.7559
10.5594
21.8066
12.7882
24.3711
11.877
22.8301
10.2404
16.8519
14.987
20.8952
15.8756
12.1541
20.8186
11.4387
14.0308
13.376
21.9099
28.0941
12.7171
21.8157
13.5011
16.8656
10.1412
18.7581
14.6224
12.1988
13.1539
12.092
16.3011
15.4442
13.2262
19.4196
13.5491
10.5433
18.6247
12.6171
10.1898
22.4921
14.0548
9.2533
10.5854
11.9
11.489
10.896
11.7999
11.608
11.5851
12.1902
8.99363
11.7426
12.7319
10.4588
12.3196
9.98633
17.776
11.0493
9.61335
12.532
13.0774
11.8419
8.07664
12.9325
10.1612
13.9309
13.6134
12.1257
11.112
11.5157
12.8335
10.2176
12.9536
12.4797
15.1049
20.9073
10.5459
14.8113
12.2839
13.8955
10.7016
10.7585
10.8514
15.8288
13.1501
11.2208
10.5115
8.98333
15.7792
14.8665
9.825
16.257
14.1951
12.9847
15.1878
11.5549
10.651
10.7194
11.6893
10.2141
16.078
14.381
10.724
9.94888
10.5878
11.8391
10.5379
10.0237
15.2184
12.231
9.9491
11.5047
17.0299
11.8791
15.2842
10.4241
16.2011
10.4853
16.3389
13.594
12.7117
15.1581
23.7058
15.9943
12.2603
15.1089
10.6084
14.7464
10.442
15.6249
9.30235
14.9367
13.1425
16.9942
13.6367
10.0479
15.6535
10.6834
14.1274
13.8245
18.0616
11.0631
10.4689
10.2466
8.01897
21.1766
10.0207
14.3492
11.5723
24.7929
14.2641
16.047
9.17936
14.6815
14.926
13.9432
10.4115
10.5306
15.4199
10.1299
10.1391
13.3544
10.8259
17.6298
10.3144
10.51
12.0749
10.3792
9.81142
16.0566
11.3968
12.5351
12.8514
11.4264
28.0054
14.3729
13.79
11.4871
10.5981
11.8792
19.5666
13.2174
11.2844
13.878
14.8226
11.9866
14.0759
13.2715
21.7379
12.5397
14.412
13.9204
14.8585
24.508
16.4106
16.6597
16.4472
15.5256
11.3766
11.7491
14.8795
11.7126
12.5245
10.0285
17.0868
12.8004
24.3198
13.2144
14.0467
12.3834
16.6645
11.9735
11.6493
16.7569
12.2665
13.5531
12.2411
13.5854
11.976
13.8751
9.70368
14.6867
11.8847
13.9776
9.9694
11.4224
13.1161
12.1417
13.7307
10.2075
12.1486
14.3816
9.78738
10.3628
12.4936
11.2355
17.7585
12.342
11.8021
10.089
14.294
12.7326
11.4686
16.7969
9.02584
14.4085
11.3281
9.74041
13.1847
15.1022
13.2073
13.5936
11.4056
12.9062
12.4561
9.71569
12.8695
11.0211
14.3169
10.6853
36.4495
17.8435
15.8324
11.2346
11.1498
13.1792
10.9399
12.9943
14.3698
8.99622
17.0199
17.9227
11.6643
18.5018
15.167
14.2304
10.3602
13.3013
10.9085
14.1105
9.71528
11.2799
10.8193
8.25063
31.9495
17.5562
14.6377
13.8898
15.3957
10.6908
12.3314
9.28975
14.4189
12.1869
9.12814
13.0138
9.90727
8.78927
8.76902
13.3844
9.6045
13.2507
15.0364
16.0961
11.7997
10.102
14.1494
12.5065
16.5406
12.7744
10.4158
12.3613
14.8157
11.1282
15.677
10.3208
11.0421
12.9165
8.53763
7.73758
13.0205
13.1515
10.0493
17.259
11.3132
19.1436
16.6353
14.2968
14.3911
19.1258
14.3729
16.8038
11.3932
19.3634
11.4786
14.9064
21.6901
10.8773
13.4735
14.056
12.8644
9.24086
10.9193
15.5749
13.7931
20.8446
16.5803
10.9783
14.7151
14.7856
21.6414
21.2401
22.3495
22.9689
19.0097
12.6699
15.86
16.0523
8.87318
12.2788
11.9404
11.2351
11.9075
13.5725
10.7137
14.1286
16.7997
11.1252
10.2324
9.46404
11.578
13.6495
15.6411
12.1465
10.8422
16.7954
11.9116
14.7463
13.0645
11.2866
10.9437
16.3534
23.8038
27.7631
14.0357
12.2256
13.3329
13.8185
11.9544
17.1522
10.8762
15.2114
12.956
11.5386
14.1832
10.2499
10.8755
11.1961
10.726
11.6679
13.0778
9.53632
12.0272
8.61546
11.418
9.51157
10.7799
10.1653
14.4531
14.5809
14.482
11.0811
14.3255
12.3539
9.21908
10.7866
13.4839
11.6597
11.1365
17.863
18.4148
10.9313
10.9572
16.5402
11.4168
23.1078
13.5988
10.8056
12.6448
13.1799
14.3436
12.0578
13.47
13.3174
13.4705
13.0638
15.1429
22.6479
12.4624
13.2704
11.7931
10.5817
9.52777
10.4049
14.0885
17.5341
16.584
10.7974
11.6749
23.7668
21.9965
11.6051
11.2775
13.656
8.65626
10.1578
14.4136
15.7523
10.4637
12.1731
13.4903
11.9851
13.7414
10.3767
12.8537
14.2305
13.357
11.248
13.8132
12.5994
11.6908
11.0064
10.9135
13.291
16.7142
16.3589
15.4413
14.5814
13.5755
10.4045
10.7979
10.6083
11.1976
13.5625
14.3823
13.9975
12.0538
16.8466
13.2823
8.91291
17.175
12.2967
10.3335
14.3454
15.3144
10.7461
15.5997
11.5047
17.9146
11.961
10.7085
15.0905
12.563
10.6442
18.7348
17.4387
11.0975
16.7161
15.0595
11.755
10.0319
14.97
14.5828
11.4269
13.9642
14.2458
22.9337
17.1303
21.9111
11.3338
12.8281
10.9936
19.9551
10.9475
14.7651
14.1372
9.46905
12.3112
10.628
13.2572
12.7881
9.62889
11.3086
12.2394
15.2419
9.0058
10.1675
14.0635
22.9459
22.0335
13.9553
12.8791
21.5033
12.1264
15.2639
26.6579
17.3663
9.82699
10.8011
12.9229
11.233
17.2943
12.3718
13.5758
10.3351
9.83935
13.0257
16.4637
10.2207
15.3825
12.8224
10.6434
11.3829
10.8487
11.5948
15.0656
10.7225
15.3726
15.5137
12.1963
13.9662
10.2758
18.2922
13.8706
16.707
33.7975
25.5534
13.32
21.0508
18.1154
15.2389
31.5412
12.4849
14.4501
10.6304
12.4037
9.44715
10.7333
17.3985
15.0829
14.2396
14.0824
10.3067
26.1248
10.4945
12.8244
18.829
11.2054
11.5829
25.5634
16.3087
10.1341
23.8072
12.8622
31.7771
22.0502
34.0664
22.787
27.0196
34.1468
29.096
23.2909
21.3914
25.099
23.6253
21.6153
32.5908
24.4845
38.2801
28.2659
21.5134
26.2843
16.6862
22.908
16.0009
22.0308
12.8786
24.1923
22.8807
22.7384
33.1878
11.8214
28.3988
35.9855
13.547
15.5528
29.5855
13.139
30.8875
12.3097
12.4106
23.5686
16.9858
11.4864
12.7147
34.9208
17.4647
25.4189
12.2883
14.1948
14.4339
11.5116
14.3866
12.3794
12.9191
28.1403
14.2393
21.1556
16.4362
21.5004
11.2334
8.58071
9.9634
11.7441
12.1338
10.914
12.8178
14.5487
11.708
12.8335
15.9759
13.1895
18.4662
10.5815
10.3764
11.8302
13.4422
9.89763
13.8856
11.2642
11.6329
11.4058
11.877
15.6225
19.7792
11.8836
13.8732
24.8092
12.2176
13.8227
11.0344
18.3367
15.7493
23.5622
16.019
17.7439
10.9241
14.0627
19.9264
12.9778
15.7699
14.1225
14.899
12.1846
14.8172
14.8574
15.2316
13.3917
12.982
10.7958
12.9307
22.9834
12.8374
13.9124
13.344
21.3218
14.5906
11.4854
14.2882
12.0128
16.5805
12.8712
17.402
14.4243
18.3676
16.9938
15.5101
17.3607
15.919
13.5706
12.976
13.3419
20.4634
12.4402
19.1966
14.758
12.7699
14.6999
10.8065
12.7303
19.3917
15.4815
13.3062
23.0831
24.4431
14.1582
14.6404
18.233
12.6168
12.8689
17.2698
9.55732
27.8734
19.5144
13.5388
11.5485
17.9757
11.4011
33.9518
12.0095
17.6418
31.9601
11.6593
13.2103
15.8024
32.9966
13.9345
18.3572
24.066
13.2559
30.5102
13.056
21.1994
14.8395
34.5799
13.6965
12.6799
18.246
29.2143
12.4617
15.3029
16.3731
11.0436
16.2724
24.7577
12.9737
12.8384
24.8487
25.3902
25.859
24.4354
13.806
22.7644
11.2994
11.7695
13.8083
11.6186
15.4841
13.5725
27.6126
17.0366
24.8577
14.0523
11.3829
32.1683
13.9017
12.0463
27.636
13.4136
30.0727
24.3944
12.4171
17.9186
26.3968
14.3303
45.1027
31.4336
13.4569
24.8968
18.2146
19.2026
18.8629
26.7932
12.1224
24.2769
14.786
27.0376
15.6802
36.4591
18.0571
12.2837
32.5313
13.6928
14.0564
21.7782
15.1653
13.5153
17.6707
28.0518
13.9604
30.2544
14.6825
30.1853
14.9668
33.6799
26.6662
30.2571
27.1419
26.9297
25.1126
30.4344
27.597
30.2759
15.6065
33.3664
16.6699
38.3327
28.7407
26.4243
28.2608
41.8719
36.7126
27.1067
25.1618
25.612
23.4895
25.6336
25.422
26.0807
26.6815
28.6906
38.7295
36.1105
26.0848
33.792
29.8055
32.3971
17.1395
30.574
28.6628
30.69
30.3938
13.2253
37.8633
26.6975
26.3686
17.0257
32.6309
27.6331
12.7302
33.4954
26.9993
29.9311
12.7341
13.5351
40.6061
20.9473
41.3132
28.1968
28.2173
14.1069
19.3296
26.5229
31.7636
14.4044
28.5904
26.816
13.299
30.4829
15.8585
12.5487
14.6761
28.6204
13.3248
16.3908
25.1397
14.4037
43.9164
19.5715
11.6565
12.6552
26.7305
12.6249
11.2035
15.4014
25.4952
19.5079
36.8847
23.5933
24.6844
11.5849
14.3903
14.2395
38.8553
12.9194
27.9181
23.3828
11.6996
24.1899
24.1997
24.0745
23.4682
24.0754
13.5965
27.8167
33.4609
13.3046
32.8271
24.7131
14.7941
26.5343
27.0846
15.3498
24.6399
24.4618
25.2498
25.283
40.386
13.4737
20.0092
23.6838
15.0427
25.6632
37.7266
13.8354
31.1804
15.2983
26.09
25.8581
12.5285
25.682
25.0013
14.6188
27.0372
13.3988
27.6062
18.243
28.4397
26.0175
12.5238
32.4135
14.1031
37.9483
25.046
25.1577
18.7748
41.7055
12.4993
29.0167
33.6535
29.9116
39.7236
26.3169
24.8236
12.9344
34.6262
25.2489
23.025
26.6252
13.8997
22.2949
30.3844
24.4971
23.1423
23.0797
15.2135
24.7149
23.6514
22.8962
28.7568
23.5733
22.395
24.2649
24.0316
27.353
13.8021
36.0446
14.2378
28.245
13.3758
35.2888
19.8718
28.0158
25.0367
24.5824
23.9641
24.6361
38.2645
14.0539
17.7228
12.6792
20.0394
26.2504
28.4034
24.8853
15.4717
23.0959
17.5538
24.2081
26.0879
10.863
24.2493
22.5224
37.7993
12.6689
24.9766
11.2835
12.5075
23.514
10.9854
14.03
27.5897
23.0291
19.0046
12.6824
28.5923
11.8807
22.4341
8.62334
22.2171
31.9686
30.0258
23.1784
23.9863
23.8032
28.4526
33.7858
30.2705
22.7885
22.4685
23.278
25.7871
21.9673
34.0488
27.1544
21.9504
23.5912
34.8704
21.9862
22.3947
23.078
21.7766
22.3356
22.6043
28.5815
25.7486
24.3823
37.7776
26.9811
23.0941
23.8141
21.9947
23.0671
29.8842
24.26
23.8369
24.6753
24.2217
23.3356
24.6717
28.3563
40.2923
31.089
23.9651
28.2713
25.2723
24.5371
22.8316
23.8736
22.8511
25.5642
24.7438
29.9166
23.9699
28.7407
24.6439
28.5892
27.4239
23.8683
26.9678
24.0938
24.7112
33.403
24.7256
24.1213
33.381
25.4699
24.0909
22.5838
35.5669
27.6175
27.2266
24.3202
25.614
23.8058
22.5046
32.9571
23.9754
25.0355
24.368
27.6037
26.9607
12.4842
26.4806
26.1008
25.6391
23.7246
24.0815
26.1011
25.2929
24.6363
25.5295
26.212
25.9622
23.9219
25.044
13.8827
11.4786
24.5511
26.5412
21.8882
27.6075
25.3744
26.6614
25.6036
14.1207
31.757
28.3671
25.6216
24.7241
24.4797
24.9284
27.2163
31.8098
28.6734
28.7678
26.0664
25.5966
12.0736
31.9436
28.541
22.8454
25.2014
25.5175
16.0755
24.2855
33.8957
16.9904
29.0835
24.5481
20.0661
26.9649
25.5849
13.6657
42.9479
28.4054
15.873
39.837
27.0925
16.1805
13.138
41.4019
16.1785
13.1556
25.5065
13.7457
34.4174
36.6602
13.9335
24.1458
42.3408
18.0037
28.3113
30.9007
11.5659
26.6261
17.4746
29.1373
13.46
18.1636
24.7706
12.3154
20.1011
15.1334
25.372
17.7803
17.8317
18.0068
9.03941
8.82039
22.1445
12.5887
14.8757
27.8093
13.965
19.0528
39.3738
11.7414
43.6
12.5461
41.4814
16.6019
13.3217
26.6032
14.0215
13.8177
26.9964
11.5718
45.5
36.6169
12.878
27.036
12.3867
25.2912
21.3122
24.784
12.1015
26.9103
23.5504
28.7637
25.188
23.7035
25.8214
25.0778
11.7013
35.1836
39.2623
24.0264
28.6697
30.6778
18.7999
12.3371
26.2605
26.3727
24.4527
24.7003
25.7175
24.0944
39.685
28.573
27.3181
24.96
26.4611
22.1412
32.9957
26.6801
14.3111
17.1753
24.8629
18.9124
23.8426
38.3437
15.3506
31.1693
16.4452
26.4452
24.7937
17.0177
25.2141
26.6748
26.3225
26.9116
33.9508
13.7698
16.6493
33.9233
20.674
26.8609
12.3724
29.3835
16.8159
13.013
26.1433
19.3066
28.3267
14.033
26.6018
26.8269
23.7703
12.4558
30.4185
15.6635
27.5575
16.7656
24.6785
26.2504
27.2732
25.4297
39.2094
12.3779
35.0276
30.0206
24.7771
24.362
24.9061
26.2428
29.1582
33.796
26.2891
26.5392
27.0269
25.6713
14.7239
25.0134
34.1092
25.7498
26.4411
26.0476
26.1464
25.0427
26.8451
26.8975
47.3185
28.1416
28.6254
13.9484
36.2546
26.9601
25.6444
26.5422
27.4396
27.3656
27.7449
25.2725
34.8887
27.9134
25.9509
25.356
35.5263
32.6316
38.0084
16.9153
38.4592
24.7213
29.5537
26.9852
16.7306
25.4155
26.5076
25.3726
15.661
35.91
13.4127
13.9344
26.9456
26.3417
34.3709
25.1273
19.704
33.0691
27.7411
14.3127
25.8678
27.6557
14.4763
31.7311
26.8983
12.1314
28.6021
25.7224
25.0026
26.0366
24.3429
14.8209
26.6583
26.7228
27.0975
28.3164
23.7012
30.3548
26.4462
23.157
23.7808
38.587
25.5815
13.1703
24.8173
23.9858
23.8949
27.5936
24.9324
10.9913
32.7551
29.9962
28.9948
28.2754
25.1605
11.4233
33.61
24.8328
15.4565
44.6262
25.9774
14.2062
32.0594
28.9447
22.8667
14.5065
42.6308
19.5066
13.4732
23.1467
12.9725
30.4278
14.4709
18.7825
37.2896
23.4332
36.2145
25.4287
24.6919
12.9499
36.7188
13.9329
13.7242
12.4604
34.0973
12.6192
25.3338
23.8881
20.3369
26.0993
23.7651
12.8352
36.7385
25.1722
17.811
28.032
26.9733
16.348
25.4072
23.6388
21.0189
40.2114
23.0464
19.7112
24.559
23.7723
13.3371
21.95
30.4242
13.2556
34.7841
24.007
13.2318
25.8243
13.4949
33.1248
14.4842
12.9076
33.8484
14.0924
23.5318
19.9647
11.4812
36.3161
12.807
36.8957
13.7172
25.9666
17.1313
30.9746
18.5155
27.9163
27.4644
13.4097
26.9499
26.5903
11.3917
31.4094
30.7613
14.5522
25.908
34.0142
13.3523
29.0249
15.1516
24.1336
18.5295
17.7275
11.825
24.801
25.2672
16.4351
28.3842
22.9979
13.5022
26.016
27.8244
23.0074
25.7988
27.949
24.0937
23.877
22.8771
23.423
30.16
23.8133
24.6916
26.2203
25.532
30.4541
23.5166
22.7519
22.7096
24.928
23.6538
40.0318
33.6109
24.2536
24.1663
24.2743
23.2878
22.8568
25.6992
26.5933
25.9036
24.6565
25.2077
24.4677
24.9865
23.8089
24.5223
24.7185
23.0054
31.5998
26.3952
21.0969
22.8999
20.5287
22.9111
23.3453
24.7662
22.5673
23.7053
33.8233
24.0232
24.9396
43.1975
24.7775
25.0505
23.0454
26.0559
24.1623
24.8507
24.8396
24.8313
24.4523
26.2856
24.0267
24.3282
25.9047
24.8305
23.6002
24.0457
22.9967
27.4566
24.6171
25.0433
24.7855
25.2704
24.6049
25.3212
23.7559
25.3376
25.2226
24.7316
42.0003
25.6018
26.9971
24.7376
26.6398
24.9976
34.4866
27.8548
24.6123
15.0533
21.5014
27.4153
11.5772
27.3679
23.6885
11.4735
32.3886
13.4929
26.9112
13.5734
37.0127
13.5856
26.1674
10.1451
10.5029
33.7507
12.2599
21.1722
29.9756
19.6476
11.403
19.3199
27.5345
14.2943
27.5971
25.3535
15.7266
34.8106
26.1255
11.9658
27.0478
10.8648
34.4346
17.2064
26.9683
13.9094
34.2215
13.5103
30.028
11.8962
28.5135
12.3568
39.5148
36.5496
27.2146
29.842
25.4475
24.607
26.7863
25.8879
20.8753
40.0734
27.3003
26.3287
25.0601
25.8053
11.4817
26.9631
12.6158
16.3649
34.6606
13.345
25.6982
16.4964
39.0695
24.479
13.4193
17.4512
21.5008
12.3736
19.7795
31.8214
27.4956
23.6264
15.725
23.0407
27.9994
17.7523
14.2955
30.9096
13.3158
16.8368
23.5868
12.3099
33.7443
15.9188
22.5202
27.7645
26.5179
13.4497
27.0469
11.1832
16.4083
24.0436
25.0505
12.4426
14.9932
28.7327
15.9382
21.8171
24.2438
11.9781
16.5444
25.8401
17.8852
25.4569
13.1012
17.3315
25.2342
14.5105
23.7284
35.156
25.2207
15.4434
24.9152
12.6804
37.6892
38.3803
34.4171
16.4076
27.1577
10.9421
11.243
24.7984
13.9379
26.1792
24.0493
10.8169
14.9593
28.9568
12.9539
15.7871
25.9472
17.3409
24.161
29.4049
12.9566
35.5133
26.6098
17.3424
13.3523
25.4926
29.1862
22.6983
25.312
20.8369
26.0727
36.5512
25.507
20.5377
28.7948
35.2076
14.8677
29.1913
15.3197
35.5335
16.6819
43.4689
19.6636
35.9627
21.6349
15.5692
34.8278
17.457
15.7364
38.622
17.4621
21.3007
26.8063
16.0255
26.5859
28.9573
21.8847
28.9123
15.4197
47.9161
19.3407
43.3005
15.3723
15.7378
35.4178
30.1829
16.6627
24.2049
46.7015
29.5202
40.302
26.8659
25.4715
30.9841
17.62
31.0008
16.6402
25.2196
26.5038
24.2632
24.6899
26.4701
25.3855
18.6749
32.3634
26.9134
13.1243
13.6576
36.2289
13.2543
14.2893
37.9641
14.7281
35.0556
26.4294
16.0081
27.5795
38.0944
16.1426
26.8593
18.6152
17.635
21.3042
35.8042
16.0454
20.0249
38.9676
44.1069
30.5863
14.7423
13.8729
13.2287
24.263
15.1077
19.0747
14.7764
26.2552
12.2857
13.368
15.9261
11.8227
32.1833
26.1879
15.9456
11.9305
19.1873
28.9118
13.5618
23.5378
23.736
33.3298
14.5747
40.2238
15.5617
25.9767
18.6498
28.5438
15.783
23.4416
17.654
24.2638
15.6979
17.0452
25.2115
24.7266
17.5137
33.576
13.3947
30.3162
14.8978
11.2524
27.0681
12.7582
40.0781
14.2965
32.0826
25.9365
25.9151
25.0313
13.4385
28.6931
17.4985
38.806
24.3548
23.4384
15.1502
34.8245
13.423
25.7473
11.4216
11.5719
14.3185
25.2097
29.5061
24.8138
24.9758
15.9903
43.9321
14.4793
13.6923
25.0988
13.8801
16.9734
28.9535
17.4519
12.7542
21.7627
14.0537
21.8176
25.4879
13.6824
20.7065
16.3384
12.1557
16.8958
13.929
32.029
14.394
14.0438
16.2559
19.998
14.0733
40.3625
14.4216
24.9679
14.1837
26.6875
12.6338
17.7295
12.7763
27.7841
11.6829
14.5803
16.6483
22.3782
11.9204
21.0976
13.8238
15.627
15.2789
26.543
13.8447
17.8655
15.643
11.1265
16.6688
16.0021
12.539
22.6679
14.6876
17.5224
28.4767
15.0518
13.4595
14.4555
22.6707
22.4753
13.0413
14.8441
13.1876
24.8137
12.2076
19.7173
28.9182
12.7516
10.7218
23.738
15.4387
18.0672
11.9345
34.4867
14.9316
13.1274
24.7337
23.5694
31.7887
12.7616
11.9396
28.3303
29.2257
14.8587
27.1253
21.9072
18.9023
24.1004
11.4879
26.6994
32.5546
24.6553
14.1991
22.9629
23.5386
40.4465
22.7302
22.1803
31.2885
22.1587
33.683
27.1957
21.7041
31.6116
21.9124
23.2844
27.4844
23.4717
21.2218
42.9682
25.4506
30.9229
23.4244
25.4161
20.8663
27.1994
35.3852
21.9196
24.6272
36.8045
29.2998
21.8647
24.4409
30.4519
21.8853
24.8949
31.8707
23.0996
22.8571
23.2598
24.4502
22.6364
23.3674
25.1029
28.1415
22.8496
22.8533
28.6622
33.7824
24.329
31.724
23.4673
42.1182
27.6817
36.2417
34.9779
25.4327
32.4185
38.8899
28.0208
40.0047
25.0121
31.2124
25.0076
36.9631
24.2892
32.4533
37.9584
29.8206
28.5519
23.3794
21.4684
23.1132
25.1407
26.4613
25.2012
25.7495
40.647
25.5278
27.85
31.8676
29.3291
14.2525
33.3975
25.7153
29.2999
26.0141
24.4258
27.6233
12.2065
32.2233
37.4606
26.7577
14.9923
23.7195
16.1714
26.2138
24.3545
23.7765
21.4594
13.4059
25.2779
26.2231
16.6652
25.5207
15.7171
25.9868
17.0035
25.0661
14.8966
17.474
14.4
30.5569
13.0145
40.8485
25.2594
26.6891
31.3858
25.5694
15.4893
40.7969
42.9764
15.7251
30.229
23.9799
13.2769
32.6205
37.4344
26.2841
30.1989
29.4407
32.8983
25.4195
24.2856
24.3242
25.2637
26.3494
12.752
25.0781
29.6887
13.1917
14.1143
10.736
28.8436
26.1149
17.6105
26.2237
12.8563
24.9986
11.3134
15.5889
12.6442
23.8741
23.8737
23.9835
16.9525
27.3566
35.9498
13.5401
25.3471
11.6222
44.368
26.4294
11.7955
11.2621
32.4627
16.3703
26.6922
21.1051
19.8693
20.0022
22.8491
12.8872
12.7226
12.2639
16.9268
26.5116
10.3709
24.6154
14.0767
23.9993
26.3836
12.206
12.5147
15.5667
12.9697
24.2103
25.3465
14.5263
12.0106
25.5577
16.5114
15.4706
24.7307
13.6622
17.9716
24.1824
25.2207
30.5023
12.771
27.9991
22.179
13.6033
16.9366
25.2851
25.3655
13.8003
14.3528
26.623
12.7485
24.5017
13.6927
41.1552
13.2927
29.7099
18.4556
12.99
26.2074
14.3236
17.0497
18.1838
24.8276
16.1654
33.7502
13.5121
19.0965
25.6865
37.6283
15.2792
25.3517
13.4094
36.6014
14.3188
25.0501
16.9921
23.6836
13.2599
31.3652
13.9324
24.3544
20.9574
22.5925
24.9471
21.4699
13.8784
16.8499
23.2714
20.0234
15.4575
26.7257
13.4671
16.8562
27.1838
14.3482
45.3393
27.2722
31.7981
27.6661
23.3138
36.8532
17.6185
23.6821
14.721
26.6383
15.0557
25.0973
23.927
14.7247
27.9512
26.7004
27.5909
25.5182
25.1148
13.4377
35.684
15.6443
34.3282
14.9949
23.8471
16.0963
26.6511
14.524
12.2316
32.6454
38.4372
39.1975
26.311
26.2338
26.338
25.4283
25.609
29.2869
27.8981
25.9933
26.0512
26.3117
14.5097
43.7279
24.6487
15.7102
27.5162
26.6867
17.2096
28.172
26.2618
14.1747
26.0163
42.9488
27.6327
29.1185
29.3294
25.3275
28.9851
25.7572
21.5053
26.7829
31.1225
13.5114
38.0647
27.1636
13.1676
39.0213
16.3806
12.558
32.8169
34.5603
27.6832
26.557
13.0809
40.6544
27.09
26.4235
20.5249
43.1833
24.5038
27.8181
14.0862
37.5724
16.2202
37.4344
35.6168
15.361
25.9601
27.2626
17.0473
24.2914
13.9053
33.2458
25.441
24.5334
13.5825
34.1178
27.7589
24.4477
27.4844
26.7836
14.6949
25.2804
27.792
13.6622
28.2727
23.3616
17.2294
44.5756
25.6361
16.5658
32.1023
25.8211
23.7809
25.6075
33.0768
24.0475
25.9333
12.2359
25.3085
13.9305
38.151
15.7687
28.2552
25.8538
11.9851
25.5497
15.2126
23.8755
27.5873
13.4774
35.331
26.1443
13.9264
39.5946
28.1388
43.4494
31.5892
34.5238
16.9977
27.3025
41.5953
32.8405
12.342
40.0563
16.3799
32.9434
24.9387
23.8121
33.059
26.8306
21.6868
27.4683
27.4849
22.941
8.46847
21.3375
24.7303
17.0329
24.5235
23.628
20.4568
26.6658
23.6126
31.0312
23.7964
22.3543
35.6819
32.6989
19.3723
23.7502
22.4247
15.26
29.6766
24.0387
14.1037
34.5287
28.6202
26.3347
32.3993
27.4828
34.4943
24.5412
24.598
25.0045
32.1396
25.4945
35.8535
37.0175
27.3582
27.1355
23.5913
28.4613
26.2378
39.8673
16.9529
26.6087
23.2978
27.5357
23.9586
15.3484
22.9247
16.9787
29.59
23.1196
36.8877
21.0106
37.4087
24.2836
22.4252
22.2366
20.9065
23.2162
23.212
22.6765
22.4901
24.5279
23.145
20.7572
22.6974
22.1528
22.4834
22.5757
23.2557
21.3344
25.0389
23.002
22.9965
23.7417
20.9564
24.5552
21.6284
22.0813
22.3785
23.5558
21.4071
21.073
28.775
21.4481
21.8816
22.2924
28.7712
21.039
24.9421
21.5926
22.3293
22.1019
21.9495
21.7447
22.1139
21.4561
28.9314
22.0383
21.9084
20.3268
22.1024
23.225
21.5299
29.4948
26.5551
22.3044
23.0548
23.0107
35.8129
23.1932
21.4917
24.8548
23.3356
22.3649
22.9436
25.8009
31.5172
29.8185
22.6648
25.8021
24.7043
25.9081
23.6417
23.6923
23.1095
22.815
23.9862
36.7346
29.725
32.7209
23.6615
23.0232
23.6975
23.1133
25.4834
25.697
32.5876
22.7496
28.9446
27.8932
32.9231
22.7322
24.9558
25.4
23.3469
23.7943
23.6353
31.6965
24.7451
10.5042
30.4471
22.883
11.5947
25.0363
14.9274
24.0814
23.606
25.9232
22.4944
15.136
31.6668
13.0409
24.3838
25.5068
30.1597
12.9077
36.2965
13.6819
12.0184
8.4791
22.9214
13.3631
16.4641
15.0416
13.333
22.7024
12.1964
13.0114
17.4526
10.5772
11.3661
12.8297
26.2747
12.1834
13.9888
12.3368
16.3802
28.0564
13.6613
19.6031
12.63
15.2076
18.5406
17.3298
24.7517
11.3288
12.9891
13.0636
12.2004
21.8609
17.4364
13.7357
11.7282
10.4312
22.4621
12.1044
11.0988
15.0343
25.5655
16.5252
38.1682
15.5341
28.9094
13.0594
24.673
14.0943
33.3916
15.3646
24.0881
13.0003
17.4826
30.5599
12.8648
12.5635
11.5752
17.2743
16.7059
16.848
27.9423
15.0653
12.4327
24.5301
14.6356
11.9635
11.5759
25.3048
11.5714
11.5058
26.4828
23.7201
11.5279
17.554
24.1227
12.063
13.1866
24.641
13.8754
12.5548
33.0282
12.4377
28.9469
13.8498
25.3298
18.7079
14.6501
24.842
14.8406
13.366
28.7863
25.8635
23.3719
22.8053
23.2944
11.9764
25.5526
22.8992
37.2561
12.5639
18.3129
27.4338
14.8279
15.6279
27.1018
14.8331
15.1676
22.899
19.1359
12.499
30.605
19.3356
11.3166
41.5405
15.5092
24.4172
15.1058
25.5338
13.4777
21.8503
23.935
12.7559
24.1838
13.6945
15.4015
18.4517
23.054
11.7258
38.5011
17.8859
13.7144
32.9463
16.3883
18.3437
28.0595
13.2151
31.2352
13.9384
28.8581
13.9384
20.8989
20.5131
14.6051
25.1441
22.1033
24.3954
14.7105
15.1813
12.0127
32.7073
19.1649
29.4353
15.9314
27.7246
15.9125
12.3428
11.5023
27.9618
15.1402
17.055
27.3986
29.3257
15.4583
16.0627
27.3645
25.353
27.8295
24.1813
29.542
22.2883
21.04
23.4337
26.9353
16.8455
27.1819
15.4117
25.6573
13.6311
14.757
26.5445
24.5431
14.7146
32.7544
13.9992
22.0002
25.4326
26.1066
24.6934
15.5175
17.0866
14.912
43.6845
15.9675
29.2407
17.3543
13.7108
15.2291
14.9516
13.4218
28.0746
26.7939
18.3515
15.2435
33.5582
28.0637
29.2404
15.4903
15.8584
11.7615
14.2313
16.4296
24.5933
16.1486
12.6501
14.7689
14.4039
24.5327
14.3532
29.081
39.1702
32.6318
37.7997
27.5054
27.5686
27.4509
29.4601
27.357
31.7384
24.7354
26.0795
26.4234
33.9913
26.6964
33.5496
25.1334
24.2016
40.4128
25.4965
28.7683
24.6926
34.8054
25.1379
22.5298
22.561
24.4425
23.2034
34.7303
12.7918
24.6461
13.9501
12.1445
32.4634
28.0756
14.2037
16.9027
27.6296
15.8763
26.0141
24.0522
32.3215
31.1152
14.9567
23.293
21.4807
21.5688
21.4192
36.7633
26.4736
30.1796
21.6141
31.097
23.823
21.5804
22.2489
24.5832
23.0188
24.5363
20.7799
26.2599
32.0199
39.0814
23.3923
24.4296
26.6049
22.8201
26.7953
26.7036
28.4648
21.7806
36.9579
13.9668
19.1106
14.8922
13.845
24.2248
20.8066
12.5001
16.1072
16.9978
28.2421
28.5522
32.748
22.8202
12.9894
30.5383
22.1331
28.1347
21.8653
23.0684
23.5523
24.7069
23.2684
28.1779
46.0746
26.452
32.9926
22.2763
28.3121
11.9146
12.943
24.5243
22.4253
12.1917
29.2921
30.9858
24.4423
23.3265
11.18
23.4219
11.7281
12.5623
12.0468
14.6024
26.927
12.8266
17.2449
14.0263
12.9929
9.95189
12.4936
7.49085
11.5748
9.79954
30.22
11.9478
13.3227
11.3575
22.7238
14.4469
17.2128
13.7788
17.3324
13.2239
28.2005
13.3784
13.8071
12.0677
15.7733
19.5381
23.6776
16.1914
12.0721
16.6918
15.7529
19.6267
10.6879
15.9806
15.0751
28.4764
15.2083
15.3206
17.5506
12.0616
14.8937
26.2145
13.1927
12.4191
12.4799
12.1272
23.3741
10.1136
11.9021
11.3526
14.0081
10.3187
18.0064
22.0362
22.8159
13.0141
13.7555
14.8161
13.2768
14.7803
13.7533
22.7243
12.5771
13.1825
18.8699
22.0203
11.7052
25.3056
31.8317
12.2324
22.2288
14.2047
38.4936
30.6065
29.297
21.9152
24.1714
18.8973
17.0709
19.2061
18.0743
27.351
23.2557
33.419
21.4377
25.8103
24.6569
24.2607
29.8505
25.0521
26.9192
45.5932
27.769
24.947
23.6506
33.8264
42.0117
21.5856
24.5186
28.374
24.1254
28.3459
23.2416
23.0499
26.1103
22.7485
27.292
23.4693
24.8369
22.5331
37.8084
25.4356
23.3857
22.8649
22.3542
23.3339
22.9762
38.3126
22.6744
23.5106
24.5796
23.9388
23.1728
33.2766
23.6063
23.175
22.4947
22.5147
28.0407
22.7864
34.7302
39.1429
24.3186
22.2981
24.4539
25.8216
26.1457
24.3083
33.6529
23.3412
32.1216
22.314
21.5956
37.7501
43.6226
25.6734
25.552
22.8106
22.8437
23.1019
23.7456
24.2339
22.8316
23.1229
22.3238
21.8742
28.0014
23.4628
22.3071
32.4767
38.7287
33.6549
25.6583
23.0349
40.5729
23.6829
37.3751
23.6149
43.3766
23.12
24.1576
29.621
24.6639
22.3867
28.6773
34.0224
22.5099
19.6603
28.0396
22.3836
22.448
22.136
27.5967
37.8227
34.4947
25.2723
28.3343
25.2227
40.1038
33.5616
41.6306
24.1436
27.2649
23.7319
22.2465
35.8484
33.2726
22.501
24.4422
22.6435
22.9887
23.2829
22.1297
42.6825
40.0471
39.0674
24.0896
23.5573
24.2766
22.2346
23.0314
30.4003
24.3089
23.1158
22.1741
21.7494
23.3275
22.3478
22.3432
24.8678
31.1592
44.5118
33.2446
27.1328
24.7354
23.031
37.3553
31.5807
23.4473
32.0225
22.1813
22.7617
24.3179
21.0405
22.0375
22.9511
23.1291
23.2394
21.7268
21.6228
26.7891
31.3566
23.4986
23.3433
38.0962
26.2094
23.6248
22.9181
29.6434
24.2149
24.4142
28.2232
23.6271
24.5183
37.1552
22.9175
23.3452
22.4598
25.6091
23.8014
21.3312
24.3218
23.0554
21.6371
25.2362
23.7907
20.9636
23.5249
23.3942
22.5271
32.4043
36.9661
36.6252
27.2117
23.5199
22.3809
23.5973
22.919
22.5082
23.0167
23.2402
22.1505
23.4808
22.3993
24.3187
22.456
37.0317
24.9283
23.4615
26.1019
22.882
24.5543
29.2462
35.4757
36.9435
23.4513
27.8837
23.9951
23.0525
40.2545
27.0064
24.1251
23.2197
23.6283
34.1567
21.8645
28.409
23.8117
30.0577
23.4047
38.0053
22.3401
23.8293
21.8937
36.2922
24.6833
25.0348
21.8455
21.7854
32.6992
23.1087