20.741
21.098
21.8159
21.4611
25.264
23.0712
20.8786
20.1471
20.2872
23.8562
23.7401
20.5761
23.7022
32.0999
21.1142
34.3989
31.1635
23.2091
22.1692
32.9123
20.211
40.5689
27.3371
21.7821
33.6322
23.0384
22.9171
23.1246
34.7964
22.0726
24.2174
20.7129
22.0349
20.3294
21.4607
21.211
23.7949
31.8054
22.6606
32.2323
28.1813
21.0669
24.6192
20.808
20.9937
30.8157
21.2189
21.9147
22.0154
22.2285
21.5812
26.8863
21.1601
22.6052
25.223
20.8652
25.2363
23.3899
24.231
25.7442
21.2862
30.7771
30.6004
24.6919
30.3372
24.3994
28.4583
20.6249
21.0348
23.9284
20.3465
21.1187
21.5782
36.3881
22.4351
21.3478
21.3294
22.0814
31.2249
20.1428
20.7126
21.3278
22.4462
34.2119
20.7596
27.2565
21.707
25.2207
36.7742
30.3432
22.0047
34.991
22.364
20.9968
33.3165
37.4705
32.6734
36.9657
25.603
27.6927
20.7235
20.872
21.681
22.0921
31.0793
20.9325
32.6038
21.7933
23.9295
21.0926
27.4627
23.7336
21.4614
31.3032
21.4438
19.7455
21.3382
21.9276
19.4366
24.2968
21.4754
20.2055
20.6119
21.9801
20.6441
23.3663
21.4988
20.3497
21.3633
20.631
35.2299
22.5962
22.1296
20.6368
22.5631
20.8373
20.1185
25.1453
21.1175
24.4093
23.1325
21.3485
36.4871
33.4832
21.659
20.5537
21.2094
21.2834
22.129
35.89
23.4556
24.3477
21.5918
21.5221
20.2802
22.7357
20.6524
20.8906
24.1016
20.0907
24.6422
26.138
36.5553
33.3936
22.4572
20.0715
38.0072
34.5392
21.7645
39.9455
22.5189
20.6583
21.6376
25.1372
20.6599
34.5049
24.7335
19.5499
21.0537
21.5668
23.6765
26.6673
21.6941
23.1396
20.6977
23.5386
35.9561
22.1878
25.1386
21.345
21.75
29.1093
32.9521
23.5214
21.3721
22.3199
24.0625
32.139
29.9225
24.2527
22.3653
23.4093
22.3949
23.4454
21.819
24.8934
22.1747
24.0823
42.8939
29.2083
24.7959
23.5628
38.8675
24.1429
21.7933
33.0546
21.6096
21.6606
22.6221
21.3435
26.8221
22.9542
34.6496
22.5915
22.7008
22.1226
24.8482
25.3559
21.2539
24.5173
21.6431
18.9703
19.0168
21.3941
29.374
21.2084
24.0098
23.6653
21.4755
20.6123
29.2439
23.3233
25.1644
30.5855
22.4379
30.6092
25.0853
22.0705
21.616
24.3653
21.3216
22.4438
20.7918
22.4845
35.122
27.6205
22.2318
35.1841
24.9844
20.8673
27.9862
22.2229
23.1729
33.5104
34.1559
21.8162
28.5699
23.0487
21.5097
26.9401
24.1363
26.6036
30.8751
25.311
32.5067
23.2542
30.6484
29.7141
22.9407
29.4346
35.0447
23.9471
22.3355
23.8353
22.3053
25.3265
22.6521
21.0713
25.5648
23.1202
23.7499
24.9291
29.5509
23.4737
25.5335
21.3916
24.2687
34.2561
31.9545
23.7301
24.1543
28.4705
24.0036
25.6016
24.3345
32.7135
22.495
24.0435
23.6428
23.3321
22.2564
28.0214
26.212
29.8234
25.5954
23.2379
39.4992
25.497
22.2005
26.9998
44.7541
30.9684
38.6183
23.7549
24.1627
23.6851
33.0805
23.5245
20.9543
23.2217
22.016
22.4197
39.7758
26.214
23.8788
32.9072
30.02
22.0646
30.4909
24.3533
24.2858
23.2447
23.2217
22.5351
22.6842
24.2019
33.1212
24.5975
25.1542
25.6426
24.1794
25.5498
22.1667
25.3453
23.9935
43.6977
31.6896
31.2907
25.299
22.9973
23.7975
22.8517
26.048
25.1936
27.5547
24.4381
33.7364
25.2287
25.1187
28.4788
23.7093
25.0456
21.4833
36.7164
22.6114
24.11
22.8248
31.8306
22.2452
22.3678
23.1124
24.1952
23.2951
23.2313
21.6028
37.2925
23.8576
34.3068
23.046
23.8793
24.5769
25.9048
30.8845
35.3016
23.2065
24.0695
20.8159
21.2883
23.7238
22.5353
22.6555
21.8433
24.6115
24.6703
18.6714
34.0529
39.7323
22.382
37.1248
25.332
35.4522
22.4691
34.4765
29.579
21.2192
33.9998
21.3402
26.9833
24.4937
33.1752
22.7916
36.475
25.3301
31.8437
21.9144
24.8351
22.6541
32.3693
21.8432
42.6181
23.9545
28.6465
24.572
10.9736
32.7708
21.473
25.1042
27.0271
22.2071
22.9762
21.5793
20.6901
23.1165
30.3692
31.3207
38.5885
37.5063
24.2303
35.4219
37.4685
23.6597
22.9887
23.9851
27.5782
22.7527
23.026
22.5004
23.5591
22.96
20.9324
22.4143
24.4615
23.5205
21.8669
24.6175
28.4574
22.8845
23.4584
13.9331
10.5264
23.4542
22.7627
25.3962
24.1001
24.9515
21.3675
22.418
20.9687
33.3128
21.7299
27.5027
25.7915
22.4968
24.7402
21.6633
27.2254
32.5825
39.5909
33.3327
20.5722
24.3472
23.354
22.3089
22.8899
21.5917
28.2872
23.1779
31.1685
23.5915
23.1616
31.4608
34.693
21.5238
27.532
23.2234
21.4454
20.4459
20.6733
22.3989
21.6517
24.1964
21.5211
22.2639
22.0824
22.6941
23.5813
21.0185
23.423
22.1839
25.2315
23.6578
22.4909
23.296
31.7044
11.8605
37.6408
28.9398
12.7042
39.1393
42.0253
24.5648
26.5701
30.4018
23.2578
33.7337
25.4699
10.6953
15.4233
11.0046
10.6593
24.9217
23.3853
12.611
12.9209
11.4763
13.8183
26.7751
23.3112
24.2363
12.4171
21.7061
27.863
14.1383
13.6379
13.8837
13.7592
16.3915
12.9497
12.3578
10.1561
11.9292
22.1313
27.1091
26.9478
23.0343
15.1876
14.6275
25.1881
13.624
21.2192
22.2347
25.7209
34.7206
20.0968
21.1468
22.1656
23.1315
31.9403
21.8721
31.4096
22.4007
24.2608
23.4878
26.0075
21.9543
21.043
21.9452
20.2724
21.6562
21.3363
22.4199
20.7756
22.3476
20.8985
22.9185
23.1043
21.4337
24.0064
20.846
34.9104
20.3276
21.9311
20.8639
21.8878
22.9317
22.0243
22.1622
35.0323
25.6516
16.1662
31.1373
15.9454
20.882
10.8829
16.7264
13.5119
13.4031
14.7784
11.8054
14.6266
14.294
10.3764
21.5982
10.8476
14.3191
21.8701
13.4602
12.3037
11.1329
9.62959
13.5377
11.0028
12.9831
8.73748
11.1729
12.8137
10.7956
13.6743
9.2771
15.173
12.3942
15.328
12.8935
13.3542
13.4166
18.4485
15.5269
11.8963
14.1645
11.5168
12.2405
21.9918
12.0713
18.2943
26.6676
33.0019
19.0413
24.4578
38.2118
24.5367
27.2438
32.6022
28.6627
22.7774
21.9219
27.7651
23.9499
22.2187
22.6098
24.6033
22.4091
25.8638
28.2908
14.6914
34.3951
34.7533
22.8062
21.0567
22.1082
30.5872
10.9742
22.2619
14.3761
24.4932
23.5129
13.1549
21.2704
22.8299
23.9037
22.2785
26.9254
21.8237
23.5486
23.1509
35.6904
24.7221
21.8146
22.1971
13.8911
22.0629
12.0525
12.8271
24.1385
26.9881
22.578
21.3164
31.9399
21.5417
32.4632
12.0179
12.6622
13.2551
24.9732
12.1228
38.3233
12.2738
12.5748
24.4078
23.21
21.9179
30.506
18.3551
12.6706
12.1159
20.1362
11.2316
36.6418
14.5904
17.4296
13.8514
23.1697
20.2734
22.7551
21.5855
26.704
21.8341
24.4318
32.618
24.4724
33.5516
22.5987
28.7421
26.4775
29.9625
35.2192
26.6935
31.5237
20.8991
8.62843
21.7516
23.1094
22.9776
39.0488
22.2468
22.2834
14.1704
25.1769
22.1245
21.7621
22.3051
21.2414
24.0372
21.8549
23.6684
22.0718
21.6266
22.5813
20.7998
21.308
22.2822
21.7655
24.0317
14.3461
14.1953
24.2404
16.8792
16.0123
23.8455
21.3331
10.1119
22.1477
21.031
23.0035
21.7415
21.1749
9.94585
22.8023
21.2864
22.1209
21.5147
22.8158
19.1954
24.7974
17.6105
12.7004
16.7813
15.3091
9.82312
12.7697
11.308
11.7309
10.299
12.063
14.3398
13.2179
12.1076
21.0978
25.4728
32.5021
14.802
28.2031
16.5338
10.6456
10.0941
15.1397
21.6658
35.4364
30.5122
16.4545
22.284
21.4511
10.4622
24.5226
18.8514
10.0239
18.6775
10.7017
14.9622
14.4475
18.3565
19.4215
21.2128
9.894
12.216
9.83296
21.4627
9.4749
23.4445
11.0735
24.7926
22.5351
17.4113
14.5879
11.4989
10.4206
12.9378
13.4807
13.9666
12.8041
14.709
14.1292
20.7388
21.7946
13.1623
11.5202
17.8777
13.8167
10.3808
13.997
11.9186
19.4554
12.1334
21.3119
15.2207
12.4714
11.3658
11.8669
13.1742
12.0001
11.217
12.3539
11.5843
18.202
16.3287
10.7966
10.8958
15.4321
17.8018
9.83818
19.1963
11.0721
16.0024
12.5765
13.347
12.9186
10.4697
12.1923
15.1152
22.2942
22.6872
23.3887
21.9771
22.7099
15.1555
13.694
20.725
13.0945
25.912
16.2005
10.7238
35.9041
14.3523
13.4893
15.0089
13.3509
15.6216
14.1161
11.5518
8.82251
17.7444
17.017
11.0572
15.1427
10.4421
20.3928
21.4627
20.9624
37.376
21.2142
10.8287
8.19466
20.2346
25.7569
26.4119
22.8247
21.6178
20.788
24.5991
12.6095
12.2825
12.1841
13.6793
10.2001
19.5387
16.6913
13.5741
15.0019
10.9951
9.6845
18.8543
11.9176
11.6228
15.5739
21.7746
12.0964
11.0021
19.2691
18.9439
18.3772
12.1104
11.965
15.2174
11.9831
15.7347
11.8628
10.6214
15.6334
12.0691
11.3972
12.287
15.6596
9.92424
12.7172
13.8181
10.9541
12.1833
13.2616
13.8836
13.1118
10.8694
10.1296
24.368
11.9226
4.77968
11.7431
11.3988
13.4064
11.702
12.9451
14.0273
9.94737
9.70921
17.7981
12.3601
17.6732
13.1646
17.8372
15.3991
15.6926
11.6152
12.9045
11.4165
9.77767
16.4497
16.0511
10.2674
15.2841
12.1068
12.4467
12.9895
12.2372
11.2935
10.3351
10.4398
17.3182
11.7061
11.1951
14.513
13.3308
15.3581
14.174
22.2118
12.3619
11.2065
13.0471
14.1761
12.1643
36.158
17.8721
15.6176
17.1896
14.5355
12.6942
12.2152
20.977
18.2239
16.135
15.1156
10.7273
15.9418
11.0613
13.796
11.425
13.9775
11.8603
13.7933
13.5996
17.5355
10.9835
15.3316
12.5391
18.8239
11.1638
13.6699
12.9856
11.5189
20.911
10.3566
10.8259
10.2536
10.9737
11.0996
10.064
12.1932
11.5878
13.7827
16.4186
11.2492
10.7988
13.9937
14.9977
14.1051
14.9658
14.8599
11.3714
13.2119
12.6618
10.7879
14.9067
14.2863
14.336
13.0318
10.4874
12.0711
13.7571
16.9962
11.5019
12.4203
15.3834
18.3287
18.9404
17.6241
12.9112
12.3654
10.9141
10.6205
16.1399
12.8628
10.839
16.3181
13.2057
12.8237
13.9616
16.0304
12.6459
11.7057
10.4804
19.2607
15.0571
16.8641
11.1245
12.8953
24.2824
10.5371
10.9301
14.5617
11.523
12.5935
14.8635
13.0048
14.133
11.637
16.1482
16.6481
14.3308
13.5271
13.2323
17.9983
15.3048
13.2201
10.9841
10.1613
21.5385
20.0164
22.3914
11.7707
10.6478
10.9646
11.9536
8.84316
10.1585
12.4259
10.9738
10.3949
9.72275
15.016
9.81558
14.4381
10.116
12.4355
14.2129
17.1742
12.8115
14.7758
11.413
13.3045
26.051
22.5814
15.6428
23.0621
13.2149
26.5645
26.1851
13.4045
20.8362
30.9881
30.2883
31.3753
22.3516
16.1404
10.5457
22.7065
24.0219
11.2345
22.9791
10.1093
16.2283
17.1382
16.5371
12.6947
12.9096
13.7437
15.6069
16.436
12.7838
13.2492
14.4227
21.9815
12.9947
17.3332
17.3749
15.1857
11.4005
13.0433
12.2634
12.7049
15.4013
9.4273
14.4577
15.4488
11.329
13.2085
11.2746
18.062
15.5561
14.0278
10.6015
15.2865
11.7166
12.1573
11.1423
13.3566
10.9871
14.8374
11.7096
19.9945
16.5977
10.2156
10.9902
13.2119
16.2663
15.8871
12.3396
11.0498
14.9722
11.2264
13.8125
17.3184
15.8485
18.7263
14.3731
15.8033
13.3386
14.4917
13.9001
14.8916
11.6684
13.1887
21.5825
19.898
16.8508
13.8342
14.172
19.7934
14.5376
12.9219
13.2158
15.0607
12.8877
17.3017
12.3226
21.305
26.5588
12.3419
17.6447
17.4722
12.515
13.0749
10.3019
14.4822
16.3592
12.5258
17.1854
16.3278
10.1986
11.3418
13.6564
19.6076
12.3505
14.5889
12.6614
18.7549
10.7457
11.6452
10.6178
11.8018
12.8891
30.1695
15.2516
13.8356
11.2047
14.6235
10.4856
15.1222
9.58916
18.5506
13.8496
13.0562
15.523
7.78768
10.5346
13.4981
15.0755
9.75215
12.1255
18.3373
11.9875
20.6876
15.9427
10.5463
10.9049
20.7766
15.8049
12.2543
11.1492
14.8231
17.8077
11.9694
18.662
14.2351
14.9551
11.7892
12.6678
11.1193
21.2836
17.7092
16.8747
10.7447
24.5913
22.6633
11.0443
12.786
22.4262
20.2698
21.3529
10.9027
13.6203
16.641
12.6907
12.7604
14.5983
10.1301
11.4694
15.5058
11.1635
12.6842
21.7349
21.5988
14.9257
23.9232
16.7728
11.5083
14.6381
10.4104
9.77683
19.4834
12.1302
20.6904
12.319
12.769
12.8735
21.9957
12.1729
17.2236
23.8054
34.7044
20.0528
26.374
21.831
20.6267
21.8107
12.0584
17.2479
25.1711
21.0343
9.97863
13.7291
15.7295
10.4224
21.9408
41.0193
22.6754
23.462
22.641
16.2708
19.3914
9.94658
16.2105
17.1835
11.6315
10.5861
13.3285
11.2097
12.6973
12.3565
10.8856
17.8433
14.6442
12.7859
14.7679
10.547
11.618
27.925
15.4055
17.5578
11.4088
12.3185
12.2221
12.5271
11.5463
13.437
13.1955
13.8985
15.5662
11.1458
10.6394
13.6207
15.9183
12.5479
14.8977
12.4795
10.3335
16.7645
13.3061
15.0662
11.4871
11.1919
9.67183
12.4921
16.7744
13.611
11.6081
12.6225
10.8384
12.4631
12.7891
12.6644
11.7055
14.5497
10.0607
12.3836
17.6552
10.7321
18.6382
19.3179
11.6026
10.741
21.297
15.2162
17.3169
11.5234
13.6636
16.1155
10.0163
11.8851
14.934
21.6461
11.1679
11.8288
11.7287
11.7882
15.8285
13.6727
10.8183
12.6808
12.4797
37.3142
10.0444
11.5905
11.1028
15.141
10.6012
10.7699
11.8063
17.1405
16.1197
13.0547
25.8897
11.7238
27.8554
25.2821
31.9696
22.2039
21.9362
22.9335
23.9328
31.3198
17.8531
9.40173
6.69543
37.4109
23.7331
12.8332
20.2608
8.79848
16.1982
27.6777
13.2121
11.6457
20.8073
10.9694
18.3191
17.691
22.3486
17.523
10.9659
12.1444
13.1548
10.3069
12.3764
13.1619
19.8201
17.5342
14.2458
13.7154
16.0988
16.2863
11.29
28.4847
13.8494
12.4234
10.5313
14.2149
13.0064
11.2
10.8196
9.29998
12.8351
14.7239
10.6717
16.1095
13.4375
16.133
16.4306
13.5946
12.9554
16.9217
14.9959
12.4775
16.5212
15.9805
13.896
16.2262
15.0181
18.3506
12.6851
10.9665
11.3593
17.6604
12.7129
10.1832
15.7428
16.7645
12.7934
13.0936
12.7536
10.6857
20.5572
19.0233
16.6916
12.8735
26.4193
13.0112
19.1045
18.5721
11.0694
12.5388
19.921
12.5826
19.5639
12.8486
13.0495
11.188
17.3676
14.2545
14.6201
15.0691
13.5158
13.5903
16.5186
13.5846
13.2271
16.3998
13.4884
12.0292
10.0833
12.8054
22.0577
14.3116
9.4656
22.4714
13.1345
12.097
14.3031
13.6454
12.9901
12.7131
10.5833
14.2171
10.6363
13.8016
20.4098
15.0371
20.0345
16.6409
12.2079
12.6186
15.029
9.59428
12.4525
10.6095
21.5848
11.6925
12.6376
17.4482
11.0225
11.6057
11.3365
20.4805
16.2024
17.8972
21.3614
11.3484
10.5184
11.2189
13.9783
10.1091
13.0424
11.509
16.771
23.695
12.5533
16.5339
14.3164
25.0303
13.7009
10.9357
10.5406
11.1179
12.8651
12.2426
11.7728
9.51087
13.5101
14.8568
10.5601
11.9229
18.6274
12.2388
12.6194
24.3632
15.2864
35.0784
23.6524
38.8398
25.9874
15.9491
40.8859
35.4049
25.7885
15.4382
26.9599
26.5092
26.1516
24.7311
25.3322
26.1664
26.3969
23.7286
27.5853
23.6249
23.5369
9.03538
35.3324
37.586
24.2175
33.2344
24.0999
13.8436
28.2113
25.8742
32.9864
23.3489
25.7161
26.9187
24.0252
25.745
23.9791
26.4992
23.7185
26.4535
28.2618
24.7049
26.0707
25.3045
30.3183
25.2058
41.1636
33.9772
25.7666
24.9995
29.6247
26.9761
25.1397
27.8008
26.2124
25.2335
26.9553
25.4881
27.0959
25.662
24.5098
25.9585
24.0682
24.6533
23.9357
25.9145
25.8995
24.6154
23.214
35.5506
33.2468
37.3394
25.2117
24.6001
25.1415
34.3897
38.0362
40.4985
32.6415
29.6585
25.4079
13.5739
26.0314
25.7202
26.4724
26.3878
13.7645
30.6154
27.1698
25.6739
25.8935
27.0442
24.6303
26.1498
26.2616
34.1368
37.3874
32.1727
25.4644
23.2392
23.6102
30.3194
25.1814
26.1694
24.3749
13.1819
29.7364
25.4028
14.8308
39.9306
18.2075
15.2952
24.8112
12.0021
42.2803
33.5251
40.7363
25.3098
25.9458
25.8258
23.2832
25.4495
25.4592
23.7732
25.4315
22.9079
33.3975
28.3829
30.3437
21.8768
23.9931
35.1116
24.376
22.3814
32.2335
22.5612
22.6896
22.0544
20.7877
31.0311
22.8243
22.8257
24.5999
23.291
22.2341
27.099
24.6777
25.5598
23.403
23.6122
23.3431
23.4642
23.5771
21.1179
31.263
24.709
23.2312
22.8031
21.0895
22.746
20.5739
22.9826
23.7448
22.0508
25.2194
23.2579
21.6968
38.36
22.4724
23.0085
22.5334
22.3375
35.4577
36.7464
24.1578
25.8188
21.8847
25.2656
23.0262
27.1473
25.0329
23.1215
28.0479
23.8063
24.7575
22.5645
23.9272
23.3436
31.9396
23.6674
24.797
24.511
22.4635
26.894
32.7669
24.5811
22.2544
34.0227
27.2525
24.2108
24.6265
20.1841
24.4238
26.8087
26.8712
25.7956
23.9391
31.6711
23.2023
37.9959
34.3622
25.0436
23.4133
24.4117
24.9482
23.5314
22.6619
23.4972
23.017
23.6184
40.448
23.4417
24.0762
25.9287
24.7421
23.1207
36.5322
31.1046
13.8098
23.2697
25.5748
15.4421
26.6337
26.586
25.2832
24.8692
29.7586
24.4308
24.7337
13.2979
26.8654
26.5065
25.122
24.5365
25.4457
23.3877
25.4857
26.053
24.2829
24.2309
22.7633
35.6312
28.2259
25.1422
25.2616
24.4605
31.4442
27.1624
23.7944
40.9942
35.6693
26.2344
27.0384
23.8057
26.5498
45.5019
32.4063
38.2455
30.8008
25.8387
25.5372
27.3425
26.6378
33.4605
32.3247
24.1706
27.4475
27.5331
26.6133
27.4764
40.9598
24.7932
40.8788
39.4856
37.3178
39.2809
25.6975
36.6185
26.8824
28.5887
25.433
34.742
27.3726
32.0145
26.0284
27.0381
28.2194
24.4789
25.705
27.4575
24.1413
25.9897
25.6966
31.8155
25.8452
29.6209
24.9805
25.9371
27.298
27.5923
41.6416
26.2907
23.7209
33.0339
25.3661
35.4621
26.1518
34.4338
25.0335
28.4046
25.2168
12.8269
26.4048
23.817
31.6837
24.942
27.0396
25.9685
33.8805
27.4699
33.6774
26.6854
27.6603
26.0618
27.0601
26.9088
24.662
26.301
23.8788
24.5155
37.2361
24.9472
26.6059
23.6694
27.5227
26.3922
23.4734
27.9406
23.668
23.0963
24.5523
20.8852
25.2947
24.6827
22.5854
32.5127
23.4806
24.4816
25.6618
40.9923
30.342
28.1378
25.2463
24.479
25.665
23.0079
23.4801
22.9483
25.8875
23.8555
34.8466
44.6882
24.4452
22.6295
34.3682
26.6936
22.4539
21.0106
28.891
22.5114
18.8939
21.1278
21.8734
29.6626
21.7858
35.6007
26.4864
31.6391
21.4924
22.4059
20.204
22.4192
22.6266
22.141
27.9601
23.5155
24.5383
23.1937
31.4881
26.4194
29.8965
25.4823
26.9872
25.5295
21.2948
24.1238
23.075
23.2197
31.7938
29.1299
23.1576
23.5842
23.4123
27.0557
22.9908
24.8606
23.9579
23.014
26.9479
24.8984
21.8166
23.4144
23.9782
24.0169
26.5293
23.6277
26.9308
25.5202
28.102
25.5019
23.7911
23.431
20.3804
22.9855
36.1411
22.3895
25.6273
23.0448
37.0332
43.1001
27.39
15.607
30.0212
21.83
23.8166
26.5132
22.8684
23.0416
21.9978
23.6208
12.4514
24.1481
24.5026
11.2962
44.2999
24.2728
25.2191
25.8654
25.5261
31.7817
28.9934
23.4551
23.1013
24.052
28.5146
26.3053
27.343
24.8058
23.8018
24.887
29.016
13.0613
28.9955
25.564
25.0011
23.1444
23.6129
25.4221
24.9807
26.2377
28.4138
38.966
24.0307
27.1555
25.0993
27.4541
32.4869
27.4945
32.1796
25.6365
27.2335
26.6271
37.2358
28.6719
37.8791
30.8817
24.2678
25.3692
27.8901
28.5498
27.077
25.5816
24.9888
25.1587
25.6334
24.2316
25.0305
24.0732
24.6096
26.6198
36.9571
39.6635
27.6582
27.5207
32.5015
27.4695
40.5275
26.2764
27.4952
27.1149
27.2708
34.7991
45.4644
28.2517
28.8509
32.2211
25.5759
25.7682
27.6897
25.8154
41.7321
20.6646
32.7079
39.9379
24.543
25.0002
27.1643
26.2839
25.7772
24.0343
33.4616
26.9755
32.6892
24.6709
25.2496
24.7855
25.7977
25.5846
33.6648
25.3443
25.8972
23.7137
26.5886
35.9234
26.8801
15.3639
28.9132
30.9429
13.1417
20.1012
26.9112
23.359
25.7078
22.8614
25.1522
25.2732
27.6834
39.7484
25.2982
23.8499
22.1709
22.3016
22.7836
22.6481
22.8102
32.3433
22.9679
22.5022
27.0494
24.0862
32.3209
26.8834
27.8133
22.4485
24.96
25.5988
30.6826
33.5688
13.3884
23.7982
26.6234
12.0161
22.9826
23.4433
35.7461
26.6596
23.6957
23.9562
28.0639
36.2257
24.4073
25.0876
25.1671
21.6239
21.3038
21.7452
22.5614
22.9381
21.9662
25.0688
22.5179
23.5742
21.8405
23.4154
22.5694
25.5197
25.8463
39.3838
36.6909
23.7318
26.4126
25.9307
23.446
26.0888
26.2342
23.7918
23.9912
39.5519
37.2988
26.1524
23.6481
32.9233
24.3637
25.5806
23.9769
25.8814
26.5188
26.5858
25.1088
25.5632
29.4933
24.9184
24.8057
25.6911
35.0295
37.0514
23.277
24.8351
37.1333
41.0851
26.4181
25.8538
24.0793
22.829
24.6155
23.8337
24.5468
24.91
26.1474
36.5634
22.9658
33.8356
24.7654
40.3603
25.159
34.1251
37.3282
25.2091
37.9249
22.3972
11.988
31.9176
12.569
27.6298
38.8339
24.7261
24.072
45.6035
24.2962
15.1459
33.3158
22.998
24.3204
26.3879
13.1277
24.6661
21.9465
27.0507
23.5939
23.9029
26.9454
11.2391
32.2548
22.8764
22.9615
15.6146
21.988
36.8498
27.0129
23.5295
23.3594
24.6807
24.3733
25.0876
26.0684
27.011
26.8327
25.4386
27.6881
14.438
25.425
26.7572
27.0456
26.1093
24.9682
26.2427
27.8823
31.1594
29.4967
28.0092
28.0877
28.3656
33.6971
32.595
24.9063
24.2459
24.4207
30.7474
23.7361
22.4836
25.1636
24.9259
27.2891
26.8431
26.8549
25.5512
35.3944
27.6454
28.6387
27.1082
26.1087
25.1905
26.5883
40.3139
38.9988
27.4029
26.5069
25.4131
36.894
38.9469
26.6794
28.9747
31.6782
25.7755
31.2741
32.2215
28.2431
28.8248
32.2402
25.4588
27.9679
23.3647
27.3269
23.9894
23.6574
26.1761
28.2157
24.0533
33.9666
24.4458
26.9566
38.2614
24.41
33.9763
28.7918
26.9974
34.0493
24.5718
24.0352
32.7671
26.0503
25.2626
27.7491
34.2281
25.0816
24.6049
25.7733
23.803
31.3456
26.1527
23.5977
32.5166
24.4776
22.533
27.2702
24.3999
25.1395
24.1133
28.5997
23.6644
24.9577
26.2481
42.6556
39.8614
35.1209
13.1554
24.7832
23.661
24.6655
38.013
23.2868
17.7562
28.2643
25.3295
33.3875
28.2712
36.4249
26.4788
28.0349
35.7144
23.6146
25.195
38.867
24.6735
37.0636
36.1535
22.6359
29.9107
37.332
24.3766
34.5682
24.8937
22.5417
29.5109
26.9768
33.0426
35.0715
23.8187
23.0571
25.5125
23.2567
24.3211
24.6419
24.6506
22.6972
27.0416
23.4647
35.6534
31.7405
23.1613
33.8115
25.1115
43.3465
27.8016
23.6022
25.1342
23.7335
26.0545
31.0273
25.6591
26.3526
25.4903
24.8111
32.8401
27.2832
25.3895
27.437
24.0191
24.9591
27.6711
38.4108
25.3881
26.1766
32.9446
26.8482
27.7425
29.7917
26.4046
23.8404
24.7609
24.54
23.2372
24.504
24.7234
29.925
25.0346
26.4544
13.3914
37.9827
12.9052
34.2961
28.3601
13.4511
41.4833
27.6097
19.7685
40.9968
22.396
22.3543
26.2314
34.3981
12.8708
29.3666
25.5451
28.3077
26.5323
25.073
35.005
25.3958
25.983
11.276
32.1668
28.3984
27.2433
29.5949
25.137
27.3914
25.9341
37.7074
23.6466
35.2796
23.5193
34.8332
29.4537
25.9481
25.0449
31.3198
28.0575
25.3563
28.0682
26.3018
30.0548
25.1424
27.5839
25.0897
28.1454
25.3073
25.9891
25.2198
31.3079
28.8028
27.7299
25.7859
25.7186
40.884
34.6221
26.801
36.544
25.7196
34.9124
25.9477
24.7914
25.5456
26.3372
26.2132
26.554
27.2223
26.1663
24.936
36.1479
27.3238
42.7265
28.6601
25.9251
17.5938
23.8016
28.0204
25.7635
27.7607
26.4985
36.6405
27.7252
28.6435
27.9537
26.6463
26.2814
29.265
24.8705
29.1354
31.9718
30.5849
26.1978
24.2673
25.2332
28.965
29.4608
27.26
23.9835
25.77
23.6265
25.9029
19.5405
28.6069
38.9592
23.9922
42.1938
24.9599
12.8746
22.6446
33.6571
13.9209
24.776
36.9418
26.4572
24.1988
27.1417
26.4105
37.3015
27.6392
22.6506
24.3465
29.3073
22.8575
29.7224
23.8591
22.6119
24.7306
23.785
22.074
25.2784
21.964
34.471
27.7827
36.724
39.2271
25.0031
38.9795
12.3666
35.3485
24.3881
11.4198
23.9804
43.1241
28.7104
28.4161
25.24
23.5123
32.9555
22.1683
24.4365
25.288
36.4257
25.565
24.8568
24.4676
24.5063
38.7801
25.4788
23.2955
24.5578
24.4354
23.6632
24.6052
23.2693
37.5521
30.7363
24.7941
22.2149
26.4739
23.6294
26.3974
23.6015
23.5265
24.5225
23.8648
43.3796
26.6078
22.4498
21.0628
21.7784
29.706
30.4814
27.126
25.2438
25.8533
33.4673
24.232
24.7604
23.6698
24.3499
25.3471
24.1491
23.875
24.7797
24.5973
27.0305
25.6852
24.5938
27.1846
24.0147
24.8793
24.5236
40.4154
39.8385
27.934
40.2291
34.4284
50.9653
30.9239
34.8773
24.6293
39.9357
40.8246
24.3366
26.8294
29.1864
24.6778
25.1453
25.6977
24.145
25.4608
36.8006
25.0543
23.5495
12.234
24.9852
23.4816
16.3011
24.1748
41.822
27.9084
26.3621
23.9276
23.9083
24.6115
26.0073
14.234
31.2998
25.5738
23.8355
24.8446
28.4829
24.4496
26.4052
24.6688
26.8631
25.9078
30.7923
23.094
24.0454
35.3288
27.2689
25.0464
23.5059
25.0468
37.5925
18.834
23.9691
26.521
23.6771
25.9861
37.5872
35.224
25.7139
29.5245
28.2222
25.7268
27.2891
27.3472
28.7498
27.0989
26.3078
29.5451
27.9742
25.8338
28.3266
25.4834
29.528
24.5134
25.1047
26.1251
27.2341
24.4081
26.4252
26.4518
38.822
25.0057
39.3184
26.0435
26.4105
26.5299
27.7445
25.8936
26.5069
27.6821
26.7103
13.6923
31.7775
42.1297
39.457
30.6968
26.161
27.3317
33.6218
24.8226
26.1834
25.3406
24.624
24.0567
26.2848
26.4265
25.6125
26.4206
22.9771
41.9554
29.8168
24.6774
31.9836
24.9416
27.4509
13.6458
27.0181
26.6836
24.8583
25.978
25.8992
13.1849
33.6376
24.561
25.7771
40.1085
24.6152
24.8927
27.4185
23.8763
26.9495
23.0468
30.1001
23.703
23.4861
24.9972
35.576
27.603
22.4303
23.8863
22.4408
21.7417
23.1882
22.369
22.3094
29.8149
24.5887
22.9586
30.024
24.8231
36.0772
32.0695
21.8022
21.6831
20.1086
24.5071
22.4787
36.4995
23.9428
22.6928
24.0877
23.4844
39.1897
27.807
27.463
24.3836
21.8312
28.1142
23.4325
22.0164
23.7787
23.5073
24.2379
22.0024
34.6209
23.9629
22.2492
28.9693
22.7082
23.7722
31.556
30.5112
23.0351
31.6475
25.5162
36.3778
24.6132
26.0555
22.6914
24.0937
25.374
23.7488
26.665
23.3337
39.2405
30.3577
26.6682
24.896
24.7386
25.8613
34.2876
27.506
23.2201
28.9091
25.9725
36.4348
25.9929
26.6469
25.8832
25.0534
26.3637
27.376
24.1032
28.6904
25.7428
26.6546
25.8173
26.0521
42.2345
27.8065
25.5321
24.8864
24.5705
24.6822
24.3046
39.0827
23.7173
30.9475
31.1014
33.5101
24.9518
39.9366
24.372
25.3217
37.4073
22.1635
37.1091
23.3847
29.4596
13.4632
24.8468
12.8735
24.751
23.5668
23.9438
24.4683
23.3903
24.4465
13.6806
35.3704
26.4682
25.8169
25.5087
15.7466
33.0387
24.9115
44.0979
27.8767
25.7085
25.5395
34.5214
34.3588
34.3457
24.8874
36.9652
11.8069
29.3577
25.6391
43.2638
27.3006
24.9756
24.6893
24.8432
25.9737
24.8225
15.5727
25.7327
24.2479
29.6477
13.8447
25.5638
30.3949
26.2244
26.5318
28.8148
26.3209
26.3804
26.5058
24.8874
28.3481
28.0266
25.3192
32.7457
28.1996
47.908
27.4916
26.9201
26.5407
26.1751
25.9137
27.4749
27.7042
24.9474
26.4105
25.2347
28.2801
35.3505
26.5917
28.2
25.9824
41.1453
27.3242
45.5416
28.4489
38.5077
26.6485
27.5701
25.9423
26.4698
23.325
38.4059
29.2571
29.1971
24.1155
21.0145
20.4453
41.7392
27.4094
13.3538
40.3335
26.6788
39.7812
26.5915
23.5561
25.6335
27.4811
25.0567
27.3685
25.8354
27.9025
26.3235
28.2727
24.4265
12.1757
33.3514
28.9747
14.3446
32.7207
39.1027
25.949
39.3125
28.6367
37.4277
24.7827
37.9223
23.9779
31.824
23.7914
30.0631
25.3621
26.8457
32.7501
27.1547
22.2366
45.1697
28.2864
23.9895
24.5553
21.7535
26.2733
22.2353
24.3014
29.201
24.7549
25.3141
22.5587
27.0183
24.0789
22.7285
22.256
41.1397
28.6596
34.6829
22.8102
45.7649
33.518
24.6971
25.9944
35.4871
23.6504
23.6882
21.5607
23.6421
21.5516
23.5144
25.711
20.8911
24.0355
23.7855
23.4176
22.0736
22.0296
23.1665
21.7651
23.1942
24.6213
23.3139
24.466
22.5027
23.1116
22.8078
26.0733
36.0546
24.4281
24.1133
26.3636
23.3616
23.3155
26.6347
22.35
22.0331
25.4773
24.495
24.7476
33.5496
33.1887
27.5822
27.0335
23.1122
23.9625
23.9239
26.4612
24.3277
34.8931
27.3525
23.1189
24.522
23.7852
27.0689
22.7633
25.1926
27.841
23.6827
23.5505
35.7784
23.4402
35.0468
23.382
30.948
24.1708
25.2455
25.2981
30.2715
33.5222
24.5053
23.6262
24.0483
24.4217
22.9655
23.0988
23.0683
41.5206
31.122
12.9316
23.6405
12.9082
14.7598
24.8324
12.5515
15.9694
25.1077
12.4943
19.1375
28.0729
13.4926
13.5363
26.7647
23.8878
39.3225
26.9898
28.0377
35.8424
25.2826
24.9435
26.191
24.5277
30.2642
25.2087
27.9103
36.9587
26.9962
25.3469
19.8808
23.4203
31.5842
31.2739
29.111
33.2116
24.5975
25.7785
25.7112
24.7124
40.6442
26.0054
34.9836
27.4207
24.3043
42.0983
30.0998
26.478
25.5244
25.5959
26.3731
24.9989
34.687
26.499
25.9341
24.757
25.2288
25.8657
28.9112
24.8482
30.5274
26.8086
26.0269
26.6507
40.1229
26.6848
29.8362
27.7106
38.3513
34.4368
26.1734
28.3442
25.8997
27.6408
30.8429
32.3123
25.894
25.9645
32.6931
27.2624
32.8409
25.146
25.3858
25.4325
26.157
29.4518
31.0228
24.5228
26.8884
24.98
33.5047
15.279
36.9161
25.3755
33.5005
29.6655
31.6196
24.4825
24.0642
24.0056
23.2768
26.9349
28.6813
18.4757
25.3559
14.8764
24.6644
24.9051
25.9435
24.2269
37.4104
23.473
38.5123
27.0101
29.3273
23.7627
23.2583
30.775
36.6332
24.0817
31.503
26.8449
21.8508
24.2403
22.9252
23.5894
23.3049
26.7333
24.1126
23.6151
38.4912
24.1424
31.9182
26.2437
27.6336
38.557
31.446
29.1431
37.0676
26.851
25.4512
24.4005
30.6736
28.2828
32.214
22.2066
33.0959
22.5659
33.6292
20.7725
22.3962
31.6991
30.6793
21.5857
25.9191
22.4595
25.037
22.5133
22.8789
22.0592
22.2185
25.4325
20.6123
32.6783
24.4545
21.9835
21.9712
22.127
28.2289
23.23
30.4668
22.3732
20.9797
29.8158
23.377
35.81
23.1608
29.7513
22.3213
34.8691
28.6542
25.7331
23.6778
22.2411
37.845
27.3261
29.8632
26.4513
35.2709
24.9798
27.3257
30.1638
24.5437
24.0613
23.0063
37.8382
26.8817
22.0253
21.3159
22.2644
25.0346
22.8738
28.7483
24.3837
35.7052
24.7133
25.2634
22.9697
23.505
24.8673
24.7208
34.9114
22.8714
32.9287
22.9387
36.4583
23.7083
23.1673
34.2066
23.0323
33.6054
22.963
40.9331
26.1712
13.7839
15.2135
25.3023
25.0865
14.1232
23.1964
12.9647
29.9325
25.907
13.0131
26.8715
22.5907
27.9862
31.8366
25.1102
25.537
25.454
41.295
42.0761
26.4496
23.8055
26.0358
24.6335
25.5531
38.64
26.1759
35.0893
23.6314
22.8817
26.7428
25.3355
34.2892
36.0794
25.1621
46.823
37.7764
15.1236
31.9678
27.4912
26.34
25.7855
25.6356
25.365
24.1446
26.4079
25.1841
32.6531
25.5712
26.0007
43.3219
25.6938
36.7474
25.9712
24.4859
23.9666
25.1935
26.291
27.8554
25.3592
29.3429
27.324
25.8367
32.7847
27.193
23.6422
25.5131
25.7074
26.6905
27.3796
29.1226
26.8001
35.601
15.0585
26.4619
40.3825
37.0449
26.0092
23.2892
26.0205
35.6284
28.2817
16.1303
27.3914
25.9783
15.3187
28.605
24.9566
13.0024
24.1969
26.3998
25.9921
25.5706
22.7098
13.3105
23.9367
12.573
26.7888
13.128
31.3936
28.292
16.1942
24.6446
24.5717
25.6746
23.3612
16.3512
25.7539
24.4781
16.9378
35.9428
27.3497
24.2291
34.9664
27.1015
26.6121
23.8503
23.9564
23.4031
22.3046
22.9112
25.0908
31.6847
26.6074
22.0916
23.5997
24.2389
22.8052
23.8043
31.2543
25.3514
27.4466
23.4335
27.8532
34.1587
22.2673
23.6561
21.8208
31.5083
22.2758
23.0286
22.9125
22.4442
27.9236
26.5775
22.0284
31.3271
23.5615
25.0805
20.9441
19.8382
19.9296
20.5578
23.6664
22.532
24.3607
21.8907
21.4224
21.6735
23.5058
33.5634
39.1418
42.9654
22.4416
24.6505
21.7587
32.4566
24.1144
24.2536
35.0133
24.3763
22.2069
29.2364
25.4832
24.6388
23.7073
24.594
27.4248
29.1445
22.8234
34.863
34.9974
38.8281
29.134
23.127
22.8937
23.7503
24.3554
22.5826
25.6192
23.7462
24.0315
23.1937
24.0188
41.503
25.085
23.0063
25.9109
23.6768
39.9691
36.0538
23.6111
40.9253
28.0484
24.1769
18.4663
50.2418
34.9306
12.3574
31.6412
23.9749
37.8991
25.2698
25.9842
23.5561
24.6056
23.111
24.1078
26.1096
43.3226
18.0811
39.5544
24.6092
12.2471
41.4299
12.4929
26.322
23.2614
25.7091
26.2674
15.107
24.6353
13.3202
24.5976
15.8791
34.0018
26.217
25.1922
39.5899
38.8226
25.1274
13.8866
24.7312
14.4073
28.1215
34.3168
13.2909
12.4981
41.8858
24.5368
24.1108
39.9226
19.3104
14.9953
24.5598
26.1762
23.6543
33.4963
24.9735
23.1369
31.2132
26.6355
30.53
24.7486
25.085
23.1962
26.2429
24.2457
25.8383
26.0649
25.9907
24.1299
24.721
25.355
26.5944
29.7787
29.9427
25.1508
23.5921
25.1076
26.099
40.9112
25.4643
26.7159
24.58
23.5245
25.5212
21.5683
24.5347
23.6662
23.917
26.1214
21.873
23.3697
23.195
32.3955
26.3624
26.6651
21.8502
21.8358
37.1612
23.0202
23.772
25.1545
23.958
30.7973
32.7487
22.0836
27.6398
25.8451
34.7532
22.8615
21.4358
22.8437
22.0586
10.5679
19.6927
11.2881
29.7449
30.9537
35.0611
34.9195
21.885
21.4144
22.786
27.3326
21.9304
38.9872
21.5347
25.1817
22.6209
21.7211
34.9988
30.8932
27.2328
23.7298
23.7359
22.9926
21.6889
22.9373
11.3393
28.2813
22.484
32.7827
23.4743
20.5262
11.3498
21.453
34.9256
37.1956