38.166
21.3942
22.4915
20.569
21.727
21.1942
20.4511
22.3557
20.966
21.6718
22.835
20.7145
21.7929
20.7507
20.8997
23.2425
21.6765
41.4608
19.7435
34.3944
22.1577
21.2906
23.2931
43.4324
37.5234
45.8835
24.8051
37.2937
36.3519
34.8095
20.5751
26.0238
24.7251
22.1015
24.3193
23.599
21.8135
23.4619
22.9908
23.1584
36.5831
24.3313
31.0984
29.7871
30.5796
22.5234
40.8048
33.6095
24.7823
21.7578
21.6585
22.4522
21.8181
22.3125
22.1139
27.0944
23.8875
22.5367
24.0263
21.0719
20.6171
24.9859
20.9248
22.7548
40.307
23.6643
22.4977
23.1742
23.7752
23.5537
23.0855
32.5313
23.9434
27.7867
22.5756
23.0185
23.6494
32.9849
30.763
20.9457
22.8763
19.4454
20.8271
21.9493
21.3484
24.6659
23.3157
12.0892
11.4801
11.1227
11.2925
28.8909
11.9966
22.9601
13.2258
19.4573
10.5041
16.3697
15.3437
18.7664
12.1045
23.3771
24.1195
22.3748
32.5443
25.3014
25.1345
23.9356
25.6088
23.9961
23.6558
21.3766
21.983
19.8952
33.6165
24.2442
20.7902
36.8831
21.8047
21.9824
28.9484
22.5747
22.9883
21.5486
21.759
23.8851
20.9293
22.0741
24.3601
21.6729
26.2898
22.0234
21.2131
23.8819
20.6879
23.246
33.6876
22.4086
24.9054
26.25
23.0883
20.9634
34.5951
23.5057
27.6227
26.7523
30.8538
21.0616
36.0317
21.9442
41.5572
21.8287
22.2932
21.0994
23.7088
21.285
22.4095
27.8172
21.8669
21.7642
32.0127
20.3142
24.9632
28.6031
20.5069
18.9264
22.7539
23.5601
28.6729
26.5976
24.9409
21.6766
23.7931
28.8356
21.4566
20.7394
22.9329
22.5906
21.6475
22.7532
32.0794
25.1543
20.8908
20.057
22.0944
21.0417
23.3067
28.3807
21.3601
22.5944
21.4187
20.909
21.4133
20.8444
21.713
23.5736
20.0974
22.7741
22.6563
22.5701
22.3858
22.2105
21.6046
29.9592
21.2639
22.5395
37.8983
31.9658
24.8657
22.4662
24.6534
22.4335
22.7553
24.325
35.4065
20.977
21.3064
32.7952
23.1059
22.5718
34.4858
22.705
22.4797
22.5484
24.212
47.3728
32.0971
22.4202
22.447
21.86
22.1622
23.1775
30.6684
20.2302
21.2943
21.7132
21.5507
29.0079
37.5807
23.704
30.6108
24.4487
26.559
21.4391
21.6651
20.8839
23.5681
23.566
21.4509
20.6341
19.5561
25.2254
23.2466
21.5415
23.1541
24.3723
25.2358
26.0316
25.4221
26.0467
21.6548
33.2756
24.4718
22.1381
22.1275
22.2297
21.6261
22.1961
32.1823
21.6363
21.4696
23.2216
25.7139
24.4436
24.1098
30.0809
25.1131
22.9331
23.9942
23.0924
25.6293
23.2492
22.7794
23.8243
33.9513
23.7992
23.8492
30.8579
28.7079
22.2012
22.5098
22.0063
23.1795
22.1569
37.3394
28.5595
22.3056
22.9533
28.971
37.1884
25.9392
23.0265
25.3914
21.3727
24.044
22.9886
23.3746
27.1574
21.8148
22.9391
23.6546
23.1982
28.1812
25.2457
23.5308
24.4747
24.5243
23.2589
23.2564
30.8457
24.4615
27.4078
25.1743
22.1394
24.9064
26.0939
23.9522
25.6657
41.7595
21.3463
20.737
22.5058
23.9242
22.6937
26.4682
21.2725
36.7844
28.4812
27.3434
22.0887
27.8981
24.0116
39.4286
23.1843
32.4412
36.103
24.2763
22.684
26.8444
25.2897
23.9183
20.7685
35.2691
24.0054
23.8834
38.1878
37.4737
32.8846
23.7898
34.337
37.452
33.8348
27.6264
29.8501
23.3821
20.5969
24.1356
23.3152
23.6245
22.9053
23.2482
23.1074
26.2998
28.8267
25.5588
24.9453
22.1843
27.0513
21.9073
33.1352
34.7216
25.2889
36.7823
37.7259
22.7044
23.7338
34.2275
23.7308
33.7167
21.4685
23.6671
22.2249
26.6993
22.8113
23.9528
23.4271
29.793
24.5404
23.3289
21.074
22.7188
22.5264
20.7518
22.3457
26.4791
31.6721
24.6082
31.0662
35.9137
23.9195
25.7792
27.0091
34.2285
24.1456
28.1363
32.0136
23.5406
23.628
25.3847
36.6177
36.7634
23.0921
34.1045
21.1677
33.8968
23.2885
24.2159
30.8573
23.1399
31.1823
24.066
24.9237
24.5061
25.3035
23.5118
24.0681
35.3918
24.7497
39.4246
24.5047
22.3288
23.9022
23.5089
22.8947
22.5479
23.0886
24.0193
28.6575
22.1904
22.5622
34.914
33.3381
30.2091
26.2605
23.7574
23.1511
23.8196
27.412
35.8736
37.733
24.0134
24.1953
21.3795
25.5711
24.1225
25.4367
22.3517
24.1007
24.4901
30.7502
24.2425
25.0261
22.5844
32.661
25.0566
23.1742
21.1681
22.9215
24.7514
24.9359
21.5137
26.0725
23.8472
23.8045
28.5657
24.4118
22.6252
22.623
23.923
24.3421
25.1796
23.3826
23.7822
21.8516
22.8182
24.1129
22.8608
21.7522
32.9238
35.5556
22.1985
32.8518
21.8771
27.2869
23.185
23.2685
22.7922
22.2581
22.2682
28.8282
23.0577
22.7594
22.4029
35.6511
21.9119
29.3
28.7565
24.2474
23.8233
24.2762
24.9325
23.5059
23.5088
24.9927
22.2395
22.4948
23.7506
22.8634
20.9581
23.5541
24.304
21.8915
25.8504
20.732
40.0835
36.2172
23.0676
25.5901
21.6075
30.604
23.7935
23.5528
25.7712
28.7356
34.022
22.7262
25.107
24.4605
22.0641
24.8714
21.7855
25.3121
23.6998
22.3963
34.5509
24.2599
32.7546
23.673
23.7395
22.7919
40.3769
26.3407
21.5181
22.0061
24.4944
23.2004
23.3491
30.5932
21.5519
25.5529
21.3042
26.4708
25.9223
22.7838
22.2133
22.7092
32.3951
23.191
23.1752
22.1374
21.0254
30.0246
20.8222
23.4047
24.7043
24.844
21.7405
21.0601
21.7504
21.0728
22.7566
21.2375
23.9016
25.0495
22.7985
20.5221
23.5527
23.6229
23.6132
22.8383
31.1482
23.1964
24.3532
23.1139
23.0383
22.957
23.0201
23.3088
19.9299
36.5681
24.0488
23.6902
21.8386
21.1232
29.967
25.2195
21.7963
22.5832
22.0694
22.7537
20.3516
20.4919
21.4032
22.3582
21.0913
22.9009
21.5681
23.4244
20.6954
25.5153
29.6406
22.6213
22.4686
22.0388
23.227
23.4041
38.1415
36.4533
30.254
21.9796
23.9406
17.3002
21.1326
24.2879
36.4485
23.4365
22.0682
23.9131
24.416
23.4095
26.2
22.5348
40.1899
22.9871
21.8139
20.8838
20.7148
21.4098
22.8714
22.4894
21.8836
21.9787
23.654
23.3455
24.403
28.1254
24.9429
22.4253
27.1196
22.3758
21.7606
22.0482
21.4632
21.9695
21.4147
20.7197
22.8028
21.5527
21.3044
23.1644
22.9092
21.0793
31.3701
21.9156
20.2773
21.9328
26.6341
21.8658
21.8516
23.4207
22.7109
21.5157
29.4592
24.9965
20.7285
36.9339
22.8392
22.1149
25.1395
22.8658
22.1613
22.3695
24.0201
22.6231
24.5243
22.7774
12.7591
25.6164
22.1645
23.8469
27.3824
22.2861
14.1875
21.6734
22.8767
21.822
13.2866
24.2337
20.5389
21.7771
22.1752
21.5235
22.5148
21.3614
21.9261
21.4775
33.0144
35.4522
27.0004
41.0684
24.9571
22.9589
31.9319
46.5454
27.6933
23.2838
26.6776
24.2729
23.3154
20.0898
11.5501
22.3281
30.7808
25.2866
22.3204
33.6647
26.1396
22.7857
22.9099
34.9554
32.1834
24.0699
21.6013
21.2272
20.5417
20.6537
12.6882
15.4898
35.5692
21.9729
24.5571
28.1395
24.0699
17.8017
12.6787
17.3492
11.2399
23.0906
24.6593
21.0208
24.7127
30.4559
21.2855
21.9907
12.1229
8.74363
15.3099
10.2927
11.9972
13.0336
11.0978
9.62662
12.0517
10.497
14.7944
23.1467
10.4803
13.5849
19.0059
15.9535
19.7736
22.5044
11.4262
19.2268
25.2139
23.7697
20.1314
26.1798
22.0438
21.4878
21.4757
23.1359
13.1764
28.2833
22.4531
22.3584
12.8655
23.0617
24.1862
30.3834
23.1346
20.724
21.8008
36.1876
34.5621
28.1585
23.4945
21.9725
25.4267
32.8969
21.8298
23.0376
25.5669
21.6719
22.5114
21.3834
21.0545
24.4186
23.3217
22.0172
38.7504
22.0881
23.8343
23.3672
25.3772
39.3586
32.3303
23.797
24.2623
36.8453
22.0276
38.5089
21.6092
43.1666
21.5491
28.0949
23.8127
21.721
23.1492
28.7249
29.0416
22.2124
22.0365
26.2096
21.0419
30.3075
22.1377
27.5116
22.4469
26.4912
23.6643
21.5895
20.7095
21.5585
22.7997
34.342
23.9214
23.4488
22.3559
35.9833
29.1493
28.0325
35.7114
27.4222
22.305
23.833
32.1081
21.6097
22.425
35.7373
34.9113
34.002
24.2851
21.9159
21.4506
30.7712
21.6114
22.9054
23.4127
21.645
21.5516
25.0559
28.8613
25.6059
22.6304
20.247
22.2377
27.3599
22.8469
31.1689
32.0983
30.6679
26.906
22.4257
23.4438
36.3494
22.4697
20.2401
22.8195
20.4596
18.5987
22.1053
21.8449
20.932
20.6318
23.92
24.3139
24.582
30.7819
21.6334
22.6884
22.8022
35.4335
21.0665
31.3441
22.9686
23.6603
22.3038
22.2047
21.9109
22.4402
22.7905
23.7226
37.4014
28.0287
25.0691
27.4663
22.3643
29.4905
24.8249
20.5983
23.0279
25.0513
33.7045
27.8236
22.0665
22.0905
22.7895
22.0448
21.9358
27.709
21.8116
20.7787
23.6981
23.3662
21.0261
37.5943
22.3651
35.6579
28.1866
27.952
22.675
26.7206
22.9359
21.2458
12.1383
10.6752
28.1093
22.8148
13.351
9.67919
17.5795
11.4002
8.53895
10.8306
3.53885
12.7282
10.3689
15.0268
9.09481
27.457
10.7169
14.3936
11.1018
12.4946
14.7574
29.1692
23.0059
21.6033
23.1536
12.1491
23.7809
12.0005
13.6433
16.8969
10.2427
11.1272
14.4765
16.7829
10.1633
17.1527
13.4116
11.2806
14.9083
20.7791
10.9477
18.9021
15.9166
11.714
23.5464
12.0457
11.7772
14.2857
24.3596
11.4115
12.6263
13.3206
12.4434
12.0197
9.11179
13.2534
15.8228
12.6542
5.67989
17.7974
14.5998
12.3266
13.8549
11.1429
17.1064
11.2413
12.0231
13.5874
13.191
22.7182
12.7452
12.0932
21.3851
12.2679
31.9875
21.8445
38.5046
39.7429
13.2842
14.2522
9.12633
26.2381
20.9981
12.6852
12.866
22.7427
12.4125
24.5011
22.6082
22.1988
21.8026
22.4477
17.1918
10.1363
13.5698
13.3684
23.8943
22.0655
15.3337
9.52663
9.19068
9.58364
25.0526
21.771
28.0142
12.3754
23.9307
11.1102
14.4731
15.0456
9.37742
17.8456
16.0922
9.76544
8.31227
12.0829
10.4075
7.3618
11.3955
7.45054
13.2185
13.6669
12.2748
11.0433
12.0704
9.24715
11.5696
8.49939
11.009
14.7837
10.1385
8.52288
13.0936
10.3828
9.77732
8.42652
10.7156
8.2828
13.6778
13.2561
12.9368
14.1179
12.6743
8.51285
14.9646
11.1316
17.6837
13.5196
12.6666
13.579
10.24
13.7566
15.1936
9.84702
10.4075
11.2981
14.6914
12.9652
13.3106
9.13481
19.8101
9.70968
11.6366
12.1419
14.5831
9.00049
11.0292
10.4909
21.9723
10.7944
27.178
13.9973
13.0503
12.8961
10.105
12.1456
15.4339
13.5481
12.0691
21.5687
9.71688
9.82976
19.992
15.0323
13.3399
9.61114
16.5557
9.40461
14.4839
8.42261
12.0273
10.0741
13.1813
8.14722
16.9189
9.7131
9.04447
11.6942
12.4379
12.3886
13.5261
11.5668
10.8266
14.667
8.80194
11.1252
14.1651
10.8659
8.92562
11.9695
14.4696
8.8971
11.9596
10.051
9.10661
12.8028
7.04806
10.5504
10.0532
10.8033
9.33554
14.3149
12.6193
10.1223
9.45569
12.4265
8.16521
9.43037
11.6156
9.13872
11.8484
9.89161
13.2498
10.8269
9.14234
13.0364
9.72454
13.9748
10.5655
13.548
12.7764
11.9645
12.3053
14.5915
10.4111
16.3902
15.2939
13.0835
14.0996
11.7769
15.0018
13.8782
10.882
12.0684
11.5384
10.5549
21.2918
13.814
23.9596
12.7203
10.7983
12.9451
8.73419
11.4008
8.43182
8.62609
7.27014
11.2325
8.99165
12.4841
10.7601
14.8967
16.0103
12.2873
10.1605
9.13163
16.3149
10.1334
16.7873
9.76529
14.5815
14.5393
10.7401
10.3688
14.2813
12.1318
14.5541
12.5642
12.1526
10.0205
12.052
10.3912
11.2024
12.1583
9.40337
15.1797
12.7968
14.1838
13.1899
16.938
10.8417
15.7105
13.4541
18.2832
10.3609
12.3872
14.7682
12.3048
10.8526
13.9002
14.7375
18.6044
11.7332
9.57914
11.9833
9.43091
8.18321
11.5545
8.94424
15.9381
18.7121
13.4485
9.28803
14.7922
11.0787
23.0684
22.9077
23.1845
21.9579
22.6285
29.1023
12.5838
15.5357
11.413
10.0889
11.2754
9.30914
9.37046
14.9143
11.3741
9.99269
12.1706
10.0076
11.0893
25.3573
26.5374
22.1823
20.4066
23.5354
22.1341
10.6646
10.2492
11.8623
14.6364
11.3041
24.5569
25.3002
11.2327
15.536
9.58834
23.9779
12.6453
13.1407
22.3252
8.52385
12.2323
9.74061
32.9923
24.7669
22.2339
23.1852
21.3589
41.2869
11.1019
12.1985
10.2127
12.1487
13.3805
15.6527
12.283
10.1879
11.731
12.5981
11.6866
10.3201
11.2826
26.7933
22.6643
22.3519
12.0511
12.3842
23.93
19.6808
22.8803
27.5106
21.6731
26.2654
29.5684
23.2864
26.042
24.4747
22.4015
23.0446
24.5363
37.9569
33.4804
23.7827
23.4528
22.6983
22.2601
29.347
23.5321
23.5608
21.6757
27.5534
24.4439
27.4683
20.8281
32.785
24.003
22.1204
20.8079
21.6583
21.9347
22.3585
20.9053
21.7677
21.6522
22.2789
20.6197
26.6889
24.1981
20.16
21.2259
20.6037
22.1538
22.1179
21.2286
23.5374
35.0808
23.5418
33.441
9.99192
14.3155
9.27898
15.0546
28.4231
25.3075
21.4123
20.6881
20.9947
22.8846
20.5204
22.5113
22.7849
20.9425
36.4072
27.0481
20.6554
22.1786
22.2516
11.4832
10.5155
12.905
9.72914
18.6959
9.67747
9.89411
8.56266
11.1916
9.38127
9.98278
11.9488
10.1594
9.15145
11.3887
9.53336
23.0827
21.271
9.49174
21.3999
23.7771
12.513
11.6671
15.6216
22.7796
24.8729
7.89298
19.8757
10.0094
12.552
20.484
11.6931
18.8235
8.61454
12.7318
21.6856
11.8701
20.6125
41.0762
11.3013
21.4752
20.9422
20.6057
23.1103
26.1688
26.015
21.398
20.7503
22.4188
26.8304
20.0943
33.7808
33.5228
22.3735
20.5728
12.5183
30.8414
10.0735
24.509
23.1528
28.8339
21.1741
21.1037
25.9957
21.7349
11.4968
26.921
24.1759
21.135
20.5288
20.7738
20.8518
20.2876
30.769
21.626
21.7066
22.4842
10.4184
15.3594
11.0858
10.0702
12.9397
11.1652
22.6834
10.2487
18.2373
13.8632
13.6731
11.9149
14.5652
12.4944
10.5118
14.1768
13.0373
14.6204
11.3097
11.5456
12.2578
17.0073
11.0339
11.2819
12.3523
14.3359
10.3601
22.5569
26.2704
12.1769
8.91445
12.5307
17.6465
10.2635
16.5129
14.3728
14.8686
10.3428
12.3713
13.6186
14.0864
9.6475
18.7733
14.4733
9.5006
9.94
26.8766
15.7334
9.2658
13.8257
10.255
21.7137
12.0837
11.8447
9.41679
21.2302
9.27559
15.4155
10.6988
10.3731
14.0759
9.26919
23.1629
20.3901
22.4304
22.0242
22.4789
10.8994
38.6874
21.4952
26.0357
21.2879
11.1885
19.1381
21.7623
10.2958
11.242
22.8422
23.6583
10.6311
18.5005
27.2384
9.75934
23.3274
31.2369
36.9388
28.2876
22.5966
24.156
21.178
34.4814
21.5656
22.3407
34.8485
22.4144
22.722
24.0991
24.6524
24.9878
23.3323
22.2378
24.4051
28.1393
33.3443
26.3933
33.2839
34.7928
23.8672
21.9722
26.366
28.1031
21.817
22.3427
27.0709
23.1342
23.0964
22.4126
24.9155
31.5271
21.5586
22.4436
19.0058
26.4937
31.0782
23.7739
25.2888
21.5288
21.8181
22.7326
22.5443
26.7081
23.6273
25.1581
21.4689
20.7157
20.5342
20.9151
20.5626
20.2524
19.6802
20.8353
25.5682
34.6426
21.2466
20.4886
20.6156
23.7425
22.1622
31.476
22.2063
24.5033
21.7035
21.0601
22.083
32.2737
29.5401
21.1163
23.4555
22.1132
21.8973
21.9417
24.8889
21.7682
21.5835
24.419
20.5375
20.1801
20.4107
21.0234
20.6041
19.7548
19.1613
29.4525
27.1271
20.4657
19.3566
21.21
21.5578
27.9487
28.6054
22.1312
19.4788
20.5913
19.6692
20.3616
22.4484
22.9871
20.1894
19.6782
22.1681
27.4908
21.7175
23.9719
21.434
19.2884
20.5615
21.3039
21.3384
19.5386
21.5394
20.5968
20.9733
22.0904
20.6397
30.4848
19.8597
19.7704
24.5457
21.2233
28.9639
22.1135
21.9022
19.9247
20.2885
24.1897
22.8357
22.2436
21.2263
37.8263
35.0879
21.8555
24.7343
21.2752
21.5755
19.9873
23.268
21.4514
21.8793
23.4376
22.2304
22.8705
31.927
23.829
21.4113
26.3411
19.7079
21.1984
21.4787
22.3394
22.1616
20.0063
26.3773
19.2894
22.4133
21.0819
22.5459
22.9344
29.6982
24.8587
20.9886
22.1914
22.8313
22.7696
21.549
21.5901
20.0309
22.7013
19.9985
21.0773
26.3495
21.3201
27.1757
21.2018
21.954
21.2105
28.9098
20.7807
22.9167
11.2164
42.3774
25.9394
12.9189
27.3375
20.0948
25.4772
44.3943
26.289
19.3641
32.5302
21.6336
14.4601
23.6509
12.0066
10.2181
24.8622
21.7897
10.9825
27.392
8.64287
13.8854
8.37473
12.9089
11.2039
23.2176
10.6668
14.4871
14.4452
11.9582
15.5633
10.1127
14.2202
10.9014
15.5798
12.2999
11.4252
11.712
11.3904
9.43556
11.6154
11.3301
11.141
12.3124
17.0384
9.65649
19.6041
10.6339
16.1207
13.9917
12.9995
11.945
10.1081
15.4082
12.367
14.1415
23.4222
9.0622
9.35658
18.8783
13.4211
11.7044
10.6988
16.227
10.9203
14.1753
13.091
10.2495
13.7854
10.5062
19.6155
26.8028
11.1154
21.7096
24.401
11.4033
13.3838
11.0282
10.0911
12.0764
12.5395
10.7699
11.4359
15.2094
11.9453
14.0804
16.9612
15.0955
15.6719
18.2524
15.3631
16.2765
14.6516
21.2748
11.6051
18.7644
11.857
14.5314
17.4054
12.257
34.8909
12.2624
18.1895
12.7459
14.5052
15.8234
11.8416
17.1182
16.5406
15.8706
17.3694
11.673
25.5705
12.0204
12.0426
13.4061
13.4053
11.9232
13.8493
11.5714
11.8838
9.61079
14.1911
13.4516
13.4801
14.5624
12.424
11.9591
13.8964
9.25108
13.5343
21.085
19.0526
11.7199
13.2174
22.318
13.3054
13.8437
14.6926
13.3642
21.2608
27.9303
22.2064
18.7281
21.3933
21.3145
36.5061
26.3296
21.5791
31.6512
20.253
21.359
20.9058
22.6309
27.8162
20.9382
25.2987
22.1274
20.8056
19.6095
21.7941
19.8266
24.0369
20.835
20.5826
24.181
19.2074
23.0747
19.5675
20.6027
20.5519
21.3323
20.6562
19.6218
25.0273
30.8264
23.9409
25.4926
24.0417
22.3538
23.4163
25.2012
23.355
13.5408
17.0196
11.2659
25.8653
14.7634
21.4975
28.4629
9.63014
11.9814
9.0103
11.0304
12.3197
13.1195
14.431
25.0864
12.6669
17.6052
15.2857
20.8066
10.542
29.1046
11.8795
16.2257
18.8317
21.9039
16.355
23.1393
13.8081
33.5624
23.6012
18.105
26.8995
19.6037
27.5284
23.4922
22.2161
23.9868
22.2572
23.5601
41.046
26.5642
25.8657
34.5104
26.8418
26.8055
40.2337
30.574
25.7643
25.1762
39.6042
32.7049
31.9444
33.8537
30.1958
24.3233
23.367
28.6755
33.8857
26.4929
23.5371
23.9703
26.6657
23.6967
26.4311
23.2564
33.0912
23.7132
40.1225
13.4174
40.1462
13.3937
16.1325
39.4157
14.1192
14.5619
18.2913
11.2434
14.9888
13.8888
11.0542
14.3437
11.3397
12.0108
18.7036
15.1159
14.3333
11.8627
17.8022
13.395
17.0342
23.6545
12.8676
26.0898
12.849
17.1473
17.2335
17.7578
21.1158
23.5583
12.6874
11.7003
15.2924
12.8008
19.1251
16.274
11.8824
14.3857
15.5711
15.3205
20.5052
13.27
17.0469
12.1094
17.7104
13.0193
19.6872
19.3975
14.6709
14.4883
18.1862
12.4208
11.2107
16.6906
13.6915
12.3111
11.9581
16.9343
19.1034
10.3427
19.2551
11.522
11.5616
15.0677
16.4956
12.0758
13.5607
12.2551
14.4967
11.4216
12.6779
17.6124
11.8923
16.2671
14.576
11.4506
15.2947
12.9434
12.4785
16.7862
13.5281
14.4033
11.6175
16.46
13.4813
14.9176
10.6975
11.3682
10.2805
12.5109
13.3284
11.5545
10.7398
13.1404
9.91429
30.9829
13.6203
18.7422
11.3677
15.9317
14.334
12.6274
13.5197
16.7267
17.8791
13.5062
19.316
14.0663
10.2186
13.2087
7.71949
9.5467
11.7274
21.705
19.1822
13.4985
21.585
15.7805
19.3251
12.4681
12.3682
13.1409
13.184
16.5647
14.175
14.6894
14.8661
13.413
13.6898
20.0507
14.7112
19.9476
12.56
18.8781
20.4984
14.1619
18.2007
13.8069
16.7367
11.2597
19.423
14.0086
16.7234
11.1197
13.8665
19.6436
31.5408
13.6945
17.9567
15.3932
13.5846
11.9799
12.3834
11.5695
19.8394
11.5114
11.2426
19.8391
17.9401
13.7672
13.0971
14.0391
18.2221
12.0978
11.1934
10.9152
15.0777
17.4858
11.7303
14.6988
14.1294
10.7484
10.1469
11.509
11.8264
16.1396
11.6677
15.4679
11.8605
33.6927
17.2224
17.3968
26.1569
12.7255
31.167
13.0485
13.7198
15.437
14.1887
23.1026
13.127
13.2192
16.609
13.6803
29.3733
15.484
12.8063
13.2012
14.2996
13.0517
10.4082
12.1119
12.5529
10.2672
12.4048
11.6128
21.9601
12.0303
10.8443
17.4879
14.1884
10.6761
24.2031
10.7987
11.7917
10.7414
15.1045
13.2476
11.0278
10.6276
14.221
13.8942
22.9804
12.9649
15.8147
12.4177
23.4536
14.5429
20.5744
13.7028
15.5856
12.4481
10.0211
21.7236
16.7748
12.0504
14.4735
12.7422
28.3944
13.5383
11.5354
22.68
12.9992
26.7318
11.8664
28.7879
30.3236
22.5616
24.6705
24.0022
23.6042
25.1762
24.8402
26.3673
23.2357
24.7538
24.0964
23.9768
23.8522
27.0461
35.3494
24.5269
24.4049
25.4458
24.8911
27.5847
27.4203
24.7894
24.4277
24.2409
39.0609
27.2138
24.5076
25.5587
22.5568
24.3787
24.4676
26.7674
27.0279
24.0343
20.9512
24.6831
25.0888
23.7948
23.4848
21.7469
23.9257
22.9778
21.2694
23.875
22.435
29.2997
30.6404
26.6006
25.0198
12.505
10.7792
37.1346
32.3718
23.8335
21.7174
25.1395
23.0105
22.1188
21.656
25.2357
22.3932
31.4707
43.0859
12.5061
11.9309
12.9447
14.6587
10.7974
17.0531
19.5114
11.4597
26.4552
14.6073
13.0116
14.4501
14.1529
10.0839
12.303
19.1095
22.5034
13.209
16.5341
20.7945
24.2152
13.623
31.0966
28.4368
11.3748
12.6073
26.5229
13.7276
24.0108
21.6914
12.1935
31.5596
10.4392
13.7526
11.9011
11.5205
12.353
11.4716
13.9432
13.7744
18.2279
9.69888
15.1503
14.302
15.5042
15.644
15.9702
11.9857
20.9381
16.1376
18.5858
10.1657
15.4595
11.1689
14.6333
10.6023
11.796
13.2012
9.76474
37.8971
13.2081
17.9799
12.8725
12.8475
10.5208
21.4487
14.7321
14.4255
20.4558
18.5107
9.74788
25.6192
11.0701
24.1297
11.4245
16.3118
12.9173
11.6518
17.8588
16.6097
12.1637
11.5494
11.3768
11.9467
11.8078
11.7285
13.6636
12.2668
15.6366
11.354
10.532
11.0162
11.1194
11.9333
14.4063
14.2381
12.4816
24.1514
13.8148
15.9216
12.107
14.8715
28.6212
10.9626
19.3349
13.9127
13.2914
11.3017
15.0054
10.3616
13.4311
10.0773
12.5582
10.865
10.8375
18.4968
13.9881
16.6692
11.3623
11.3048
14.0997
15.8352
19.7876
14.4393
15.2605
17.1296
12.3929
18.5859
33.5998
22.3176
12.1121
14.1042
12.2718
15.2647
18.3054
13.6084
10.757
11.1853
11.5158
13.8571
14.0146
24.7805
12.0179
12.1695
6.72367
9.85633
19.4686
13.2479
14.8679
11.4177
10.8312
15.84
11.186
21.5062
10.4065
13.8544
21.2123
21.7689
14.0567
13.4156
23.722
25.0561
30.4899
23.2857
23.3875
23.3884
22.6126
22.4366
18.3281
22.4691
12.2526
13.0081
23.9491
9.87277
21.3775
38.785
30.897
10.986
24.7047
23.1928
13.9367
23.3792
24.4725
15.0028
10.3263
24.6221
12.4628
22.2712
24.4305
27.9647
25.945
22.8523
21.4656
24.8455
23.9807
26.2859
26.0412
21.6902
26.0642
20.9632
28.4225
20.2273
21.4744
22.1139
22.0226
33.3696
23.6402
26.0621
24.2849
25.2648
23.0919
25.0817
25.3372
24.4377
22.9952
23.2338
41.2684
25.4475
25.0714
26.1204
24.0253
22.997
31.7018
24.2576
25.3504
22.4755
26.0517
25.0987
22.1058
32.7404
22.3664
41.6224
35.8129
31.9233
22.9727
29.6029
22.4141
22.5116
22.549
41.7223
37.4838
20.5386
23.0223
30.4546
21.3254
22.2299
26.703
28.9041
20.987
29.9532
20.3431
35.7868
21.9013
36.7917
33.3418
21.8811
19.5874
22.4342
20.6346
25.4294
23.0115
17.6972
33.9948
20.9745
23.7939
18.7577
20.7948
19.7769
20.6408
20.4707
20.4411
32.7683
21.2713
19.4151
21.7923
20.2596
21.547
23.2505
20.8967
19.6428
21.2777
21.5982
21.2772
19.8084
20.5331
19.7023
29.8399
19.7465
43.5084
23.5144
24.9652
21.1639
21.7492
33.87
19.0336
29.3797
18.4754
23.7331
28.2119
19.2899
25.2954
24.5285
20.677
20.9703
20.7509
23.7204
23.0174
20.3882
21.7654
22.2469
26.1501
37.4046
23.0289
19.7958
23.8899
22.115
25.7003
20.887
21.409
30.377
21.5091
20.108
20.6511
21.0832
28.93
21.229
25.5395
19.8922
25.5573
23.2597
21.5102
23.8191
21.6244
22.5794
22.0399
22.0875
21.0038
21.7255
20.3679
21.5858
23.3558
21.2061
21.3386
21.5662
21.818
19.551
23.5009
26.7106
20.5274
31.6632
22.2996
21.9441
22.6154
20.8724
23.0894
20.9455
22.8763
23.1599
22.6973
22.665
21.8947
25.7949
21.1522
21.6721
23.6005
24.1388
31.7196
20.5947
22.4234
29.0169
22.7456
23.1914
21.065
22.1319
21.6529
12.696
22.7282
21.4069
14.1
35.3674
29.2971
11.927
29.5352
21.6676
13.3067
20.8579
22.1841
10.0193
26.5376
11.4385
16.2308
12.0101
13.7635
16.5194
21.928
10.9878
12.8243
14.2414
12.1575
14.7365
16.103
28.1812
12.4501
20.2827
23.2599
11.6772
21.3847
11.2362
18.8503
20.2901
41.4218
11.2126
38.7811
32.0602
13.8746
23.7754
14.2329
13.1775
22.3763
12.6568
11.8149
23.5582
12.7256
14.3564
11.8098
34.8751
12.7578
13.7446
12.7377
18.5479
10.6637
17.1139
16.5675
11.2529
17.5399
11.7285
12.7198
20.4435
15.8273
18.1895
16.8375
13.5297
15.741
23.0822
13.4483
13.6251
11.2379
13.8969
13.4828
12.3867
14.8022
14.0367
13.0261
12.9145
15.5467
11.7661
15.1202
15.9557
12.0671
13.4803
18.0165
12.4584
13.3477
11.7591
11.5
9.58027
12.0168
22.5382
13.0239
13.6955
16.6922
11.8998
14.2721
12.7
12.6733
13.1013
12.7517
12.6439
14.4519
11.9451
12.3707
29.7252
12.6304
9.01037
16.244
10.5633
12.5219
13.4991
17.7953
12.5637
12.091
13.3645
13.6167
12.3733
23.1911
13.9623
11.9789
11.751
19.5564
14.1477
19.992
16.115
13.4834
23.4232
13.7663
14.2719
13.6608
28.3351
12.7064
20.4531
14.5078
12.977
23.175
19.6383
11.1353
27.4726
21.2869
24.1862
24.4943
22.3037
33.1415
36.2683
31.1048
22.2495
21.8994
21.3821
22.0276
22.4565
23.3241
21.7574
23.0414
25.7166
26.33
21.4976
21.809
21.6982
28.5499
24.0442
21.6839
24.6179
21.873
29.7224
23.0365
24.1749
22.1151
22.3691
22.1293
23.907
40.5138
23.7699
21.8467
31.4216
21.9012
28.9133
20.3258
21.4152
22.5543
38.7873
22.3889
25.6681
14.8164
28.487
25.8625
16.7032
15.2448
18.687
13.2637
34.1384
19.1429
16.5071
14.684
18.449
10.9948
24.4645
18.4957
11.645
14.533
23.3811
13.6476
20.6706
15.5528
23.2473
27.3368
23.2738
15.1321
22.7357
24.5106
23.561
23.1742
23.3462
36.077
28.3714
29.539
24.8593
28.5603
25.455
29.8304
26.9501
26.2117
26.5167
22.8733
26.8739
23.6825
14.0755
36.093
24.1364
22.9362
45.9029
38.697
35.4837
38.8479
33.4608
26.055
37.9254
22.4612
27.03
33.6147
13.6774
32.3517
23.8688
20.458
26.7932
22.77
22.5856
10.7346
12.788
12.8914
10.1445
14.0864
23.3813
13.4854
16.6503
12.1187
12.4802
15.4167
12.9448
13.0934
12.2795
12.8834
13.7989
15.9007
13.4966
15.0533
14.6798
13.9098
14.7142
22.5167
12.7425
15.1088
14.2383
13.7123
14.7596
13.6019
12.0239
16.4451
13.9418
13.975
13.104
11.4798
27.8033
11.8722
11.3046
10.9167
10.8404
11.65
8.76326
16.6197
12.5937
15.9496
10.9043
16.6275
15.1561
10.7553
13.1113
11.3046
15.4744
12.4171
18.8609
13.4975
14.015
14.9732
11.1975
18.6453
26.734
16.955
11.2136
14.6493
19.9172
17.1046
12.7509
13.5139
12.4414
13.2181
14.9415
11.493
15.2153
20.7435
11.9517
23.8234
15.2652
18.2412
14.6567
17.0251
17.127
13.7162
10.0589
15.8572
12.4633
12.0362
10.9059
13.4802
13.4288
16.4432
11.0677
16.9458
12.3921
15.9695
11.9482
15.4038
14.2734
17.6976
19.6837
15.2117
21.3539
18.2689
13.0995
13.9529
20.9365
14.129
12.2174
13.1434
30.9003
13.1546
14.3534
24.8487
11.666
16.847
9.53616
11.0624
16.1197
13.1485
26.1765
25.6104
16.6177
11.3782
14.1621
14.3867
11.7316
13.4608
13.2983
10.2448
10.8346
9.58307
27.0032
12.8853
16.7482
11.7441
16.3778
12.0662
17.0981
19.1818
23.256
23.1231
20.5282
13.3983
15.2221
15.3623
11.4556
14.9694
12.6245
19.3543
13.1489
10.7495
13.2622
13.0024
23.5205
13.8847
10.9766
25.0603
12.7479
12.3369
12.7815
15.837
11.5183
19.7386
11.1284
23.589
14.0269
14.2557
14.3272
12.7747
12.8806
22.5
11.2834
12.6178
12.0433
13.5262
25.2366
10.6906
10.9347
17.3551
12.6239
13.3997
20.894
20.7587
14.9035
13.9725
21.7479
12.6177
39.2891
13.8218
16.3763
12.6297
24.6219
15.3687
14.9891
16.1651
18.7922
12.9546
26.7142
11.1911
14.9351
30.4332
20.2657
12.7027
12.4354
25.7765
12.9597
16.4884
16.9685
13.2985
13.9164
20.6466
15.5796
24.165
12.307
17.0742
26.8866
12.4809
25.265
17.8523
15.6032
15.4189
17.1385
25.888
25.1622
26.0024
15.1176
14.1056
32.6063
31.6104
25.2014
24.9725
28.2509
24.5884
24.8043
23.6348
25.0122
28.0799
25.7995
32.2229
26.9388
31.7017
31.0881
31.5994
26.3095
23.3516
25.9064
32.3618
29.4463
25.0727
25.0227
26.1593
36.0818
24.2968
26.3742
31.1955
23.7703
25.1483
22.3075
24.7792
24.0709
24.7863
24.315
24.6513
32.4729
23.6918
29.1542
35.5617
25.6231
31.8563
22.3658
22.8797
30.3685
22.9378
22.2989
24.7907
25.5505
22.932
23.1587
24.2882
23.0758
28.6416
29.0397
23.1308
23.479
27.1374
23.1702
23.2897
26.1538
13.7738
14.3394
16.8315
23.2274
26.137
12.4442
22.8076
28.5454
12.3125
14.6254
12.2858
14.9983
13.3607
33.2691
15.2552
15.8713
14.8467
11.2079
11.3696
10.0795
13.6352
19.061
10.9769
12.7813
11.746
10.0592
12.393
11.7811
18.2047
19.9977
12.4671
13.1473
17.9839
14.3045
13.0159
12.9968
19.6852
10.4777
16.2002
9.36692
9.84152
8.82025
14.4006
9.66267
21.3609
10.7327
25.4427
11.7888
17.5603
9.54284
14.5519
11.9383
11.0314
22.7465
19.997
11.5146
13.4348
22.7162
11.2775
12.053
24.0892
17.1581
12.0241
18.1434
16.52
11.6469
19.1391
15.3462
11.0695
10.1085
11.5011
22.7217
21.2524
23.3899
24.1977
22.7237
21.9917
20.3779
38.4943
23.9905
31.6375
33.9936
22.0487
35.3909
22.5937
22.4641
24.7008
20.9828
26.1798
24.7993
22.3091
11.1126
21.5439
36.9512
37.2698
10.6489
22.5178
22.7167
22.4754
35.6513
21.4921
24.1756
33.4098
25.0132
24.217
26.608
22.8902
21.5711
20.8773
20.7008
36.7681
21.4788
21.7575
12.6766
11.3015
12.7615
15.4102
9.42007
13.7498
12.4037
15.7702
12.0394
11.8149
17.4362
12.0588
14.7139
9.97201
28.5187
25.9394
35.3943
16.5791
24.6955
12.737
16.3027
11.1996
12.0608
16.6398
9.91707
12.8557
11.7417
10.3796
12.863
8.90778
12.3658
9.72129
12.2108
17.2527
10.0195
10.9365
11.0282
14.3693
10.3254
14.1676
15.59
13.5765
11.9718
12.7166
11.8614
11.0223
14.2895
8.94524
12.7985
29.1492
10.3423
7.23447
10.9961
12.3562
8.93272
14.6261
11.286
16.9315
10.7891
10.9055
11.2594
10.4372
11.5005
22.9139
16.2707
24.2719
14.3485
12.5636
17.0588
15.216
10.6597
12.9641
20.4855
11.3143
14.0526
19.0831
11.0591
12.8985
10.9865
12.4347
25.1448
12.8766
18.6008
13.3111
10.9273
10.6593
10.8521
13.5632
11.554
12.778
17.107
13.8065
12.3787
12.8639
14.4061
13.2737
24.5075
13.102
12.1418
14.6634
20.3454
12.0264
13.5628
13.5763
21.1669
12.9157
18.016
12.379
16.6949
14.9989
22.0833
19.9629
11.5235
12.7138
11.8362
12.3989
13.6293
10.0457
17.5304
12.3853
12.504
12.5533
12.6526
22.0856
10.0344
10.919
11.0659
12.2613
12.4332
24.8305
10.8605
19.6954
11.4724
16.7641
12.0349
41.4006
13.1994
14.0857
24.6872
22.2468
12.125
22.0239
13.2054
23.6286
26.3253
18.8365
36.3662
13.5247
17.9392
16.0116
29.032
15.7552
13.0687
10.9827
22.7827
12.6579
33.288
14.7046
13.0477
23.6901
18.8727
17.3981
12.7352
12.2009
27.5569
24.3402
23.6926
14.4015
39.0728
13.0475
28.9954
12.3418
15.4267
24.5975
17.8675
19.9647
25.0995
14.5411
12.1826
12.2127
23.1185
16.5952
13.0824
30.2691
12.2279
12.163
25.9288
22.4502
16.1131
14.0902
11.1658
12.0147
11.2373
15.1441
25.6949
14.0977
14.0852
12.6666
22.8676
11.5449
27.5621
24.5589
15.4289
12.1071
13.492
23.951
11.375
15.2298
11.1284
23.4685
24.805
22.4021
23.1565
25.4887
29.7555
24.56
24.7094
22.4049
24.8331
27.4282
24.1446
12.7437
21.0477
26.309
26.6963
26.5822
24.3944
25.9549
21.8791
24.4559
23.2947
23.9855
21.7892
38.107
28.9719
28.0993
34.6114
24.3897
24.2528
26.9116
23.222
24.8321
26.5748
26.9642
22.7063
26.185
23.4906
23.3831
24.707
23.9143
21.6899
27.1985
25.0433
28.5199
24.1327
23.8765
20.8517
24.6948
21.6398
21.8751
25.7034
24.1012
22.6589
22.335
21.422
33.9897
23.6904
22.8692
22.1526
26.0267
23.2918
21.7604
22.1362
20.3982
21.3908
25.738
33.8547
24.2392
22.7349
24.1807
21.5221
35.8615
22.4086
20.0932
21.7395
21.7286
32.2772
22.0407
20.65
21.541
24.1752
21.6692
20.2576
20.8721
21.0785
21.9891
23.1587
21.9075
29.5135
25.9146
21.1193
22.367
20.8048
23.1111
21.4941
20.6214
34.7886
22.7437
24.0466
21.0268
20.5879
23.0218
21.5259
22.3804
30.7876
22.7582
28.3398
22.3615
21.9365
29.4376
22.2496
34.3881
21.9859
20.9563
20.5786
23.2631
22.4047
25.1712
22.3129
21.6912
24.5746
21.2821
23.5645
36.1585
19.8901
23.0738
40.3383
22.0954
22.6717
36.9925
21.1891
23.1288
22.9754
21.4418
22.2267
23.6586
21.9021
22.6144
24.248
35.4846
24.8682
25.6432
33.1528
26.8946
22.9993
38.0521
21.4333
22.3143
20.7085
20.269
22.9002
19.6072
26.4963
24.23
20.8741
21.2281
36.4283
25.0408
20.8425
23.7033
22.8633
21.526
28.0803
22.1982
23.3597
20.7061
20.6597
34.4635
22.572
22.5895
22.6955
23.4231
24.2439
27.7294
21.7547
21.4265
21.3327
29.0175
23.8591
27.7912
22.4452
20.4384
20.7911
23.915
20.4938
25.0475
21.5269
24.966
23.0551
22.2043
23.0569
23.7212
21.659
22.5334
35.1931
21.1587
22.463
22.374
35.6735
23.8188
21.8594
23.5804
21.8642
25.7786
22.1154
20.3392
22.614
22.6306
33.6667
21.0689
26.3287
22.076
20.0962
23.206
31.6555
26.3159
21.6036
22.0521
23.1838
22.8689
22.6184
21.9938
22.3707
24.9055
22.7837
24.5324
22.416
22.8243
21.9645
23.2469
22.4893
22.4478
22.6787
27.0247
24.5805
25.6439
22.2804
27.4913
21.1329
28.7561
22.0878
26.9662
23.7282
24.9265
30.8177
33.5759
21.9203
23.1577
23.6931
24.6082
25.4135
21.8863
29.7182
37.8494
24.0946
34.8619
24.6922
37.6565
23.9241
24.1911
21.342
22.4048
20.9481
22.3202
22.6258
25.0793
22.496
22.8984
25.8284
23.34
22.8192
23.6616
26.6623
24.6787
12.185
23.486
11.8949
23.2662
22.0369
22.1953
34.1362
23.6829
29.7754
11.8907
12.5424
22.9878
12.7785
22.6874
11.5319
17.6712
12.045
10.9502
14.843
12.695
12.0429
9.51938
9.13232
14.1833
10.7001
9.86301
21.417
17.616
10.9881
10.7903
12.9709
9.62014
16.3606
13.463
12.2153
10.5675
15.8135
23.9431
12.4379
16.3151
12.6968
16.0972
14.0106
16.2752
13.7087
19.9472
15.3579
29.021
18.4147
10.8474
14.5673
13.4745
10.8849
16.8615
12.299
13.0002
11.483
12.8602
13.5999
12.7052
13.4738
11.358
11.5964
27.2591
13.5694
12.0762
16.3586
11.1825
13.68
12.5524
10.2858
19.6508
21.4576
12.8505
25.8692
8.66908
9.68473
9.06638
17.1692
14.1053
12.0795
24.189
12.4677
14.5586
18.3026
20.3876
13.7119
12.7847
22.1504
14.1574
13.893
13.6508
12.6886
22.4187
11.1503
13.7086
17.7791
9.5199
12.3959
20.9362
10.3152
22.3664
11.3531
17.6069
17.2487
14.1016
14.0591
16.5348
25.4656
13.9665
12.5664
14.6293
13.3784
11.5161
17.4257
11.0246
14.2619
11.7145
12.3753
14.4234
29.0345
21.7524
13.1314
13.1167
15.4232
13.2205
16.2376
11.6396
12.1141
15.886
11.285
15.8499
20.4864
13.5188
11.5014
12.092
14.8499
11.9647
12.5468
12.0976
11.6176
17.1374
12.2795
11.7748
17.2688
14.2584
15.2273
12.6693
21.1033
11.232
11.9379
12.0701
25.9848
14.4487
15.3909
12.5415
11.1923
12.6413
8.88212
14.8681
10.533
10.2687
9.84736
13.987
24.1068
15.161
11.9989
12.8517
13.6882
12.4521
17.7838
12.0248
13.3001
11.119
17.2776
12.9924
23.0658
12.042
17.6074
14.199
19.3965
11.8481
12.8162
13.3931
22.8223
12.1214
19.0017
14.4499
16.4012
27.7014
14.1871
12.7004
13.7538
17.3473
14.1089
13.0243
16.027
11.5105
13.4533
12.9827
11.4022
26.5285
14.1223
21.5573
12.0104
20.015
13.5167
11.8549
24.4442
12.2948
17.9779
15.9123
14.7802
25.4986
13.3713
18.6063
33.6146
11.0791
16.8053
15.5245
12.8722
20.1668
10.2679
13.9622
21.2133
10.6182
30.4398
18.2132
13.3638
20.5484
13.1221
12.6568
20.6261
12.2532
11.7128
13.2184
30.7354
22.4535
13.7803
12.4309
23.0724
26.4821
22.6746
24.2879
15.4692
34.0302
25.6592
23.2391
24.0005
26.7229
28.1617
27.5987
26.3632
28.6327
26.9773
27.9048
25.2205
24.7364
23.4924
28.0872
29.5333
26.7868
24.9223
26.0841
27.2329
30.3126
27.9082
27.6708
27.0012
26.6603
25.1782
26.0237
25.9654
23.6995
27.9316
22.7325
25.7081
24.0548
25.1271
22.4933
21.6411
22.9916
38.051
32.1299
24.7318
25.1171
24.6211
25.8674
24.7283
14.414
44.9928
15.0226
13.6353
13.8173
25.2701
16.3006
12.6484
19.9646
11.8346
15.3914
13.4181
13.7418
11.957
13.2896
12.812
12.8426
11.9414
15.7602
35.0748
14.8309
16.5084
13.1239
11.6822
13.4736
10.2837
13.7393
11.3003
10.6517
9.49547
13.9228
18.3503
12.854
17.1943
10.9806
12.5877
11.1888
13.6093
11.2789
13.1144
12.3491
10.7268
12.2378
16.2846
12.4555
12.5301
13.7165
12.7898
13.7403
11.9599
10.6959
11.6524
11.1095
29.4903
16.8154
17.4312
11.8132
12.8902
19.641
23.757
14.5987
13.8802
12.2118
11.6669
12.9464
15.3638
11.984
16.6405
13.5037
16.2166
13.6086
11.4085
14.2215
12.8506
12.2864
20.4787
14.3146
15.2274
18.2738
16.3188
13.3371
17.0839
27.898
14.0553
13.3011
13.4645
12.1972
24.8938
17.7894
14.2436
16.4521
12.9348
32.29
13.2791
12.7281
31.9055
12.5339
14.6774
16.5909
14.9123
12.6368
31.6031
15.9291
15.4713
14.1114
14.2603
12.9489
13.2914
14.7094
12.7234
12.6985
12.007
11.1797
15.2033
11.5288
12.7342
16.5654
14.2858
10.4583
14.4138
13.8595
15.4843
25.4485
13.7747
17.7573
11.8208
13.375
9.55624
22.2555
10.2506
12.3425
11.7763
12.7809
10.4011
18.3363
12.4654
9.36788
12.995
11.0425
19.4606
13.0569
11.2837
30.5849
13.5563
18.0244
12.2872
14.4556
13.7046
18.2822
11.9473
15.9691
12.4888
24.8624
12.0884
12.1835
35.9776
13.0204
13.8113
13.4729
16.6244
10.9617
24.4442
13.2053
14.6749
13.6893
13.4284
14.0318
28.1087
13.8143
11.9789
13.9982
12.9527
16.0352
13.7027
23.6357
10.7644
12.7759
16.0843
19.2372
24.9349
14.8343
12.855
14.4039
27.4883
16.2443
15.9036
19.6487
29.4729
12.4637
16.3681
11.9706
37.1489
29.8795
18.2587
26.4263
26.377
28.196
26.7664
36.8054
25.4799
39.9235
27.6865
29.4585
31.5544
31.2698
28.2754
30.3574
29.7196
32.7645
29.7526
29.28
43.8208
29.751
28.9941
26.2533
28.6941
27.0832
32.1273
35.8236
29.0227
28.4218
29.0106
28.6222
27.4676
29.3952
28.0282
26.6006
24.3339
26.9375
26.1693
35.3985
25.694
25.5073
39.6719
31.8952
26.2064
24.597
27.369
23.6128
43.3037
32.5089
22.8436
29.2824
24.4907
33.479
24.6311
23.9
34.4621
24.0916
24.6449
27.8101
25.4326
23.9602
12.6612
11.1131
12.5117
12.8093
42.2002
16.3344
23.5578
24.7361
10.0088
26.6527
14.1823
24.8753
22.6193
11.7112
15.641
15.2422
11.2619
12.1069
9.78065
12.1566
12.7441
10.7349
12.1568
14.1561
13.1208
14.1619
11.322
39.1347
25.9551
20.1413
24.0729
13.8431
12.3176
11.1058
12.6752
11.1803
10.1374
16.7895
10.8995
13.1794
31.4699
19.5052
15.2665
8.85628
11.8692
8.54138
8.32035
11.5223
10.7005
37.9284
21.6142
30.662
20.3455
12.5985
18.6391
19.0643
11.3428
16.3348
23.5672
11.6731
46.1079
15.6021
13.3566
12.847
13.0949
10.4493
16.7329
14.2971
13.3897
11.5635
24.6258
11.8734
10.2395
25.1558
15.6144
28.5242
23.2033
16.4201
13.1313
12.7727
11.9593
12.7913
11.5131
15.1174
12.3007
13.4258
14.6419
12.4225
16.5686
14.3449
18.7339
13.1071
17.3588
26.9326
13.4348
14.2354
12.746
14.183
15.3867
13.5442
11.7973
19.0813
13.7893
12.9546
16.3386
13.2273
14.4319
12.5093
13.8675
13.0796
11.2766
15.6196
13.0925
11.9648
12.6796
20.5694
9.36346
14.6372
10.7844
13.0802
11.2446
10.7445
15.0602
12.007
10.3089
12.3149
11.9328
11.6052
14.3975
12.1556
16.0269
18.2571
11.6633
11.6369
11.5439
12.8651
14.6483
11.8262
10.3739
12.8201
11.8067
11.6761
17.6553
26.9004
12.5628
18.9956
12.2974
37.2662
11.4098
20.3582
12.5451
18.0691
15.3355
10.5372
16.6092
12.1091
12.6297
10.5624
14.2277
12.1581
13.7704
12.5901
17.283
11.6735
13.2036
17.1901
11.9923
11.9079
12.342
11.0267
11.4622
26.2881
12.6492
29.4034
12.1068
14.185
10.8893
17.4444
12.5746
13.3517
18.3467
11.4909
15.9401
12.6546
13.0092
10.4673
10.9282
10.7083
30.371
19.4534
13.455
14.011
13.0239
17.4564
10.5355
11.8707
40.3965
12.1302
12.2933
16.0386
11.5875
13.7226
18.0489
14.8331
11.1434
12.6331
12.4416
16.4762
13.3229
27.8774
14.7859
19.2045
21.622
11.2399
13.2732
12.3237
10.555
24.6572
15.0704
15.879
31.4698
11.0844
13.5782
17.0027
23.8853
12.7007
16.5796
25.5199
23.4139
25.8322
23.1818
39.2995
24.1526
23.8214
23.0148
25.035
30.6044
28.0589
27.1127
25.8918
30.7339
25.736
24.9692
21.9136
24.7833
23.7853
28.671
27.0912
27.9958
23.8846
35.2844
26.2854
24.9023
34.0131
25.4122
25.5564
23.2783
29.4561
23.7922
25.2902
24.8684
26.4324
31.3831
23.9073
25.7632
24.1
24.3227
37.322
30.8519
25.4678
26.3728
25.8375
26.5008
23.5334
23.3837
21.5253
37.3461
26.0609
23.17
24.0148
22.165
22.5654
21.2188
25.4151
21.2213
31.5321
21.8392
29.5103
23.9668
22.1124
22.1519
22.9257
20.9455
23.9919
23.5878
25.0806
21.8738
22.5575
23.2568
21.6617
33.5076
21.4359
24.6706
30.7226
21.6705
22.1015
29.7094
25.3729
21.1222
24.1
22.3022
22.036
23.2963
31.6221
20.7624
24.4316
22.616
23.5451
29.5448
21.8403
31.8456
21.092
22.5969
21.0053
26.1935
23.0664
21.1649
29.2817
22.2427
23.617
21.5385
21.9151
26.3633
22.091
22.4653
23.055
23.3688
33.2071
27.5656
21.5058
20.8347
34.0323
23.5507
29.7853
22.4028
29.8335
26.2148
21.9137
24.0062
27.4054
20.0375
21.7623
21.8499
21.7963
25.0047
20.6502
21.5211
19.4151
26.7909
27.2304
25.9205
25.8425
21.3283
25.7237
23.6645
21.3255
31.504
21.5455
21.6461
26.1406
22.8757
22.9962
21.4533
24.049
22.9538
22.0918
26.4215
21.6837
24.347
20.3935
21.9568
25.999
22.3809
22.8932
19.1758
19.9114
20.8361
22.8603
20.5365
22.8435
23.8113
21.9299
20.9811
30.3373
23.3731
23.5387
21.9285
23.4915
24.407
26.4787
20.9173
23.2697
21.8825
21.7103
25.3396
21.0214
24.4892
21.4772
20.5585
22.8675
22.3937
26.0448
32.3699
22.7515
28.3151
25.7057
22.1518
19.6802
27.4448
22.0532
20.8368
40.23
27.8372
29.1163
24.2924
24.8984
21.3992
28.9681
20.0796
22.9004
20.9987
23.0949
20.3459
30.7838
23.1897
22.4713
22.9811
23.1526
26.1842
28.0879
21.0164
22.9958
21.4665
24.5037
21.7072
34.1975
25.1545
21.8395
48.4553
36.3566
25.3177
21.4282
21.8219
22.9874
23.3906
21.5006
29.5096
25.5778
38.0083
24.6878
23.0879
23.9961
21.9455
21.763
26.5821
25.1241
47.6926
26.7149
23.9455
45.7409
24.5099
24.9434
23.6242
25.2785
22.7757
25.7549
41.7835
25.6794
24.7596
27.5694
27.2226
24.2145
25.1952
22.2497
22.2758
24.2229
24.3947
23.1771
22.2841
22.8433
22.1045
24.4279
22.623
24.2292
33.6113
26.2937
22.5159
32.8041
23.5273
25.6549
21.5159
24.708
23.036
23.8645
22.8376
25.1698
22.9865
30.5333
23.0604
25.3563
26.5568
24.001
25.0468
24.6908
23.365
24.893
22.9787
27.6715
22.4509
31.7019
22.956
21.9505
15.4139
23.8178
23.6336
18.4117
24.2458
25.3066
23.3291
24.3007
26.7622
13.2662
20.4964
23.9407
24.9791
23.1949
12.0282
25.3316
12.9241
14.299
14.0184
13.5598
23.7592
11.5677
17.2101
16.4935
17.0133
21.211
13.3653
15.8079
14.5496
13.4941
11.7059
8.14447
11.0521
10.5084
14.4099
11.2201
13.9334
16.5189
12.9164
19.4606
16.3561
23.898
16.5733
14.4592
15.8033
15.2891
22.6783
28.6527
15.8218
13.7736
17.649
15.8163
14.1851
13.6468
18.1638
15.2425
23.0024
12.3157
21.3861
16.4669
16.4128
24.9253
13.8903
15.9268
23.5524
11.4289
11.3626
18.0622
28.8291
27.5342
13.972
19.7833
29.4928
21.659
22.0892
15.0931
14.7202
13.0946
19.4363
24.96
21.1708
17.7564
14.4092
21.4154
24.0012
23.1768
22.9688
13.9566
33.6146
26.4312
16.0275
23.8868
24.9255
23.5971
23.2719
32.9803
28.3211
44.4507
38.7613
31.8621
31.8434
30.046
35.4287
26.658
25.0718
25.6015
32.5955
27.5049
37.0298
28.5413
31.6898
32.4495
29.1447
27.189
28.5214
32.7924
25.8691
26.403
31.0349
26.0076
14.3647
26.2213
25.7877
31.4015
26.0688
25.2976
25.542
25.2288
27.0934
24.7631
23.4635
24.2288
24.1858
25.6182
12.9278
24.4563
26.7911
12.5165
12.8463
27.296
10.6609
13.8819
25.2027
11.6857
15.5888
12.4078
12.0542
14.2405
31.1239
18.2419
23.1158
13.4584
18.1545
15.2237
13.4361
11.0897
13.6284
12.0128
11.5803
11.42
16.8501
10.5951
10.4304
10.9415
12.1351
10.9554
8.63185
12.029
13.728
13.3196
12.2115
12.9161
13.5981
22.7183
14.4729
12.9458
13.8524
13.9696
14.2177
16.971
11.9387
27.9924
21.913
22.6616
11.4647
17.6959
14.6552
11.6858
18.544
12.6993
11.6038
11.5815
16.4528
14.3271
16.8807
15.134
11.8319
16.9483
26.4452
15.2141
14.8249
14.059
15.6327
15.3268
8.55467
13.5652
7.50157
10.9368
17.3001
11.6273
23.957
12.0728
11.8302
13.6281
26.0659
26.2635
12.9164
14.6085
14.2407
13.0647
10.2131
13.6464
26.9179
14.6792
20.2398
10.6546
24.4612
23.6852
20.1508
28.8217
17.3445
15.5092
21.586
26.4105
14.9969
12.499
14.169
12.7702
12.3375
13.3686
11.4108
13.4644
12.8372
44.7014
17.3008
15.7918
14.6793
47.193
26.505
16.4116
33.6032
27.5954
14.737
17.4793
19.0006
15.9337
16.1287
20.1702
15.3549
12.4408
12.2647
14.3113
13.5216
14.6944
23.64
11.9982
29.657
12.2139
16.5868
16.1292
25.2171
35.2725
13.9731
14.6667
16.1354
17.1666
22.4589
25.5911
24.4783
18.0342
26.8988
20.0924
13.6044
12.9018
19.5468
14.053
16.6834
16.8879
17.5896
12.8618
15.8307
25.0693
17.1147
14.8226
11.9987
15.0635
19.6854
14.215
14.306
12.1343
11.7724
14.4357
13.4104
13.723
25.5855
11.306
25.1028
16.8227
30.5204
15.1169
13.8241
13.1303
12.5579
10.6567
11.5593
11.8894
15.3896
17.7209
19.6549
12.9126
17.2218
18.2821
22.6543
15.6624
16.1052
11.8745
13.0074
15.917
12.4241
39.471
15.372
21.2048
27.7758
16.178
23.8715
15.3676
17.6634
11.6715
23.5306
15.8851
18.5691
20.7328
12.5153
13.0527
19.3508
24.9916
12.4262
19.9916
26.492
25.182
24.8775
27.5657
26.8369
32.1013
28.1193
27.106
26.8363
26.3869
26.778
25.9591
31.5424
25.3457
27.0647
27.4567
31.8901
27.9276
31.2193
36.8906
30.1345
28.0933
29.7904
27.1859
28.7436
31.0719
24.9488
25.5543
26.0388
28.067
30.3388
28.0194
30.0817
29.7254
28.9936
32.9381
27.2829
27.5521
26.6145
39.6994
24.0884
44.8529
25.5797
25.0604
26.7179
23.5136
23.7914
32.13
29.9779
26.556
24.3161
24.0035
24.8
24.9439
27.6115
32.4629
24.3594
26.4483
25.7284
23.7268
24.8258
23.4548
23.4041
23.542
25.0513
23.4579
23.5208
26.8357
21.9745
33.2084
24.4844
25.3485
22.5661
24.6051
41.227
22.8765
26.9557
29.5868
24.322
24.1942
25.8598
26.846
31.2113
22.25
23.8739
24.6205
22.1796
25.0811
24.7709
24.3242
22.3997
26.4948
26.7663
35.3609
26.8494
25.4861
24.0783
32.7186
24.856
23.6505
23.7731
32.384
24.8588
23.1365
25.3722
23.2658
25.137
13
15.2682
22.0602
38.2488
13.8765
24.5828
11.5264
12.3051
11.3678
23.1214
25.4744
14.0959
21.6154
11.9538
13.897
23.8522
32.4467
12.3922
17.8876
12.5031
15.2534
16.497
13.0313
12.3909
20.2683
11.8295
25.6464
13.6238
27.1947
14.5924
10.8862
12.2381
18.9111
13.2317
16.1796
25.2439
23.2358
15.9407
31.4799
24.464
14.3527
9.72653
30.24
15.2366
13.0827
11.0289
13.7326
26.172
27.0158
13.6291
14.139
14.6916
15.9576
12.3262
15.0068
22.2998
14.5828
12.5012
21.8834
13.6792
11.3687
22.0253
13.0833
13.9599
14.3892
14.6819
15.4595
13.3659
13.3189
10.1314
16.4886
10.5367
14.6247
14.6547
11.8183
32.8396
12.1032
12.252
25.245
23.9169
13.1977
13.849
12.9398
22.3478
12.8094
17.0487
14.7408
11.3644
33.1001
10.1263
8.65023
11.377
6.90291
11.0899
16.6938
14.8678
12.3543
13.9071
15.2758
12.0769
17.7339
12.028
22.5126
25.5533
12.5596
25.9627
11.8178
11.5488
13.7153
13.3884
10.9493
11.527
12.3599
10.7201
19.7375
13.9056
23.7243
13.3284
15.7432
17.7144
26.0066
12.4313
11.4774
23.979
11.2258
24.6942
16.5878
14.271
13.9054
14.1906
12.0476
12.7777
15.3652
17.2922
14.9101
14.3333
11.9142
15.8705
13.3689
19.9115
13.4858
11.7866
13.0325
16.6556
19.8398
16.1636
11.978
12.5247
18.9913
14.5612
13.6605
16.3389
14.9464
28.5358
15.8853
14.7022
15.9788
19.2741
22.7569
15.0237
32.968
24.0183
12.7727
15.8592
19.0368
13.2706
17.1796
21.5295
18.6165
12.4291
23.6435
16.8507
17.2452
17.5768
14.3692
14.2076
13.73
17.2337
12.1455
12.1298
12.3705
14.9236
13.4446
23.8127
13.2535
16.1561
19.001
11.5701
18.7316
11.318
13.7328
13.7577
24.4968
12.1935
16.9672
30.6966
15.1497
17.243
11.5639
15.6436
12.6743
18.17
11.9051
14.2065
15.0402
12.8278
11.68
15.8127
12.1076
11.8506
26.4916
11.6275
19.0045
27.072
14.9176
11.6189
15.2858
13.5795
11.8203
11.2703
14.3971
13.7613
16.6968
18.9928
17.8293
21.7442
13.6457
17.3174
16.386
14.086
16.9477
15.1984
32.9094
42.7297
17.5017
12.0752
13.6232
12.0061
11.9322
14.1324
19.0224
14.4402
11.6108
15.1324
14.0137
9.43106
13.9781
9.69213
26.2394
12.7427
22.5879
24.8621
32.1682
35.4999
12.1257
33.2007
13.5754
34.7723
18.0964
12.3173
20.0321
11.5918
20.6508
14.0653
22.9941
9.49848
21.8683
18.852
12.518
16.465
11.698
16.1557
17.0403
23.4236
12.2447
14.525
12.6351
15.5332
11.9609
19.4539
12.7094
14.8246
32.0151
17.605
11.9547
13.7461
13.4881
25.1841
13.7947
12.0765
23.7321
25.0065
24.4373
26.7915
13.5225
24.2076
32.3286
24.4307
26.3709
24.9221
14.5325
24.1601
25.3705
24.2466
26.2275
26.2361
36.6405
36.3946
26.2466
27.2922
25.6841
24.4056
33.8598
24.7003
32.5577
42.3267
30.0865
25.9431
25.533
24.3957
26.2336
25.8953
25.9894
24.9065
26.3362
33.2405
27.747
34.2061
26.0553
36.6745
23.8177
24.361
42.3035
27.3205
24.4409
44.7155
26.0052
24.6608
21.6137
23.4404
23.3619
23.9651
22.8388
20.6537
21.2583
24.1078
27.2696
30.4858
23.5317
35.5332
26.9963
44.5391
22.5907
22.1004
23.2071
33.1854
24.9156
22.4822
31.3616
27.6375
22.7113
23.4435
22.8151
30.2394
21.3814
21.5871
30.7277
22.5129
22.2474
24.5581
31.8939
23.1452
25.1273
23.7078
22.1919
22.9654
34.0649
21.14
40.7238
25.1252
24.8931
10.9489
26.7749
23.0733
14.8025
22.2247
9.99451
30.8112
19.0489
12.6484
23.2642
29.0343
43.1422
29.3956
12.4182
31.0465
13.141
32.5764
23.7132
22.3121
34.4162
21.996
31.241
23.1434
22.5056
22.6612
35.4333
23.4535
25.8249
22.0308
21.1248
22.6068
21.8917
21.5416
29.3656
20.8996
25.5317
21.8946
23.9045
22.5389
24.027
23.5867
11.3823
22.9469
22.4854
22.8397
22.6556
21.1174
23.3233
20.6724
22.1755
26.4744
23.9956
25.4511
20.2554
32.1467
21.6726
22.5044
23.6219
21.358
27.9236
22.9956
26.0139
20.3283
23.1557
35.5705
22.9704
16.345
11.582
25.6588
21.7083
26.092
44.457
37.2569
21.9634
28.8324
29.8399
21.5233
30.0209
21.9496
35.6772
24.826
27.6037
22.3359
33.5747
21.7083
32.053
27.2404
21.9476
31.5748
22.6727
24.6073
22.3144
22.9257
22.9433
21.6654
23.3237
22.3568
36.0804
27.0378
24.2592
26.679
28.6042
24.8945
22.4223
22.8186
22.5091
27.9356
20.9417
31.1891
22.8472
27.1034
22.9653
31.7965
22.7909
33.3404
22.5398
21.1611
21.9263
29.6637
22.4836
27.4233
29.5794
24.7999
35.386
26.4135
25.3336
22.5237
24.2866
22.9468
22.5079
25.1543
23.8891
26.3508
23.9273
25.2087
39.4287
23.8097
44.0449
48.412
35.1248
26.994
24.6291
25.0632
23.6996
35.5105
38.5225
24.6177
36.6308
23.9628
22.6385
23.3962
23.2949
26.5912
24.557
31.9248
23.3998
29.2978
29.3717
24.5302
22.645
23.3769
24.0053
24.424
24.7506
23.3035
25.5916
34.7732
26.0397
24.7918
24.1081
25.1555
42.5096
26.5632
37.526
31.8559
26.1867
29.7594
24.7548
36.6645
27.6928
31.9545
38.1581
25.0936
27.4723
25.9344
24.3208
27.725
24.9968
34.3151
27.1606
28.1384
25.7904
26.4111
25.3905
23.4745
23.5564
26.242
26.7026
25.9786
24.2561
29.2726
26.5963
26.9709
27.9348
23.8905
31.0906
25.2694
23.6082
25.5205
24.4337
24.7808
23.5473
22.357
24.3907
18.9414
23.0283
14.242
41.6022
12.9429
10.2271
20.1696
10.9557
16.4375
14.2221
14.9237
23.9687
12.9699
14.5108
12.3938
13.5878
15.6999
12.5484
16.0837
16.7883
11.5384
15.1955
14.088
12.3828
11.7875
13.0756
24.6101
17.2121
16.3119
11.3169
28.8574
14.4405
17.7145
25.6818
14.5449
27.6718
13.9484
16.1176
32.9136
16.592
13.3478
30.6739
13.0441
15.094
23.7672
14.1041
19.4337
17.741
16.1316
22.4572
10.9218
20.8466
19.9011
15.6648
14.2641
11.944
30.8308
23.6134
13.57
32.0274
34.6755
15.191
43.5562
26.6436
12.9201
28.5176
13.4823
11.7259
22.614
13.6055
19.7281
26.7128
24.5925
20.9373
25.7129
23.3375
12.9695
25.5592
25.5407
26.0394
27.2542
27.7728
24.9403
35.3285
27.3388
28.6048
30.3875
27.7502
25.9429
46.9379
28.8069
28.1424
26.4727
27.5183
32.0177
25.1312
29.8335
25.2826
30.6071
28.2746
31.9245
28.5954
27.4189
26.3568
33.0006
28.5751
25.6513
27.3471
14.0077
26.3106
25.4363
27.9767
37.4281
32.2012
26.7469
27.4525
26.7163
30.0871
25.5817
26.5676
24.7797
33.0801
28.9124
35.2597
15.4638
26.6278
27.3653
26.4823
16.7866
24.7686
13.1208
15.7279
29.5782
15.5709
13.1958
17.1911
16.8892
24.7745
27.7456
36.6774
26.4012
25.9345
18.5629
21.2361
33.7976
15.0389
20.2087
13.9438
12.5983
16.1634
15.8955
29.5803
13.0995
20.4109
12.1974
11.9314
31.2594
30.6122
12.3097
14.7784
37.2843
15.6282
18.7172
17.0766
23.8946
24.708
13.6661
19.2892
12.8091
15.9865
9.80626
28.267
13.2016
32.5852
12.9745
12.3051
9.67307
9.2903
23.5906
12.4451
16.4192
13.9997
25.1003
17.7839
12.9339
13.6168
12.1068
25.4575
15.9763
13.568
25.7716
12.0022
16.0471
16.3705
29.2393
16.4189
13.6811
14.0909
11.7434
13.601
24.4282
12.2477
13.7874
19.2029
26.9578
13.2651
13.3179
19.6253
15.9087
24.9356
25.5332
19.7504
12.5198
19.8514
15.699
14.9182
13.0498
26.4602
13.4886
14.1422
11.878
22.9895
25.0778
13.011
24.9314
38.4371
14.299
26.1409
26.573
21.527
26.4813
16.0491
13.0789
13.2047
41.0634
32.1443
21.7963
13.7697
30.2161
14.1829
32.6503
14.4186
37.1628
13.0497
15.247
12.8165
12.2237
13.929
25.697
14.4175
12.8932
21.6345
24.9336
12.8877
16.8149
12.4856
17.0132
12.2708
25.37
14.2094
17.79
12.7501
13.6511
24.475
14.1401
13.0473
21.2231
13.7844
18.2546
17.3642
12.4689
13.0682
14.7113
13.9831
13.0729
10.9803
16.3254
12.5925
36.9843
14.4157
17.7724
24.0617
19.9097
12.9761
24.5636
13.5672
17.9361
30.2353
12.5526
12.4512
30.8259
25.5901
14.6043
17.5601
10.2397
16.2191
23.2428
15.1201
13.9707
12.0785
14.657
14.6111
12.8613
21.9455
16.8216
19.744
11.4138
20.6365
16.3673
16.5672
19.6919
12.5925
12.7565
19.8002
25.7509
25.3481
13.0849
11.8533
24.0714
11.4006
33.4045
36.0564
18.2158
25.7684
13.1001
26.2024
13.2562
25.9101
13.2264
29.7102
33.5908
13.5958
24.2432
23.259
25.9311
13.4089
11.866
16.066
13.9724
13.6705
12.6716
20.0124
13.7763
15.1929
24.9371
13.1123
12.405
10.607
10.7959
30.9637
15.7526
41.0277
20.9654
26.7343
15.7213
13.72
17.4075
26.4441
13.9816
24.4044
13.3174
16.7917
13.3295
16.1434
23.8238
25.2521
25.6461
14.5323
25.1218
27.6378
25.1274
13.9355
25.3593
24.844
14.539
12.1398
15.7242
17.2008
11.0186
24.6444
12.9094
14.827
34.6247
13.7683
19.8379
14.3767
24.5132
25.0926
12.2689
14.9606
26.5013
33.3037
9.38275
25.3329
13.6612
14.8359
29.6825
14.5366
14.989
17.0283
11.8898
40.9491
25.2371
18.1085
17.4637
14.3985
19.7239
24.303
24.8857
14.1824
18.4171
26.3583
19.1571
21.6632
13.5815
40.1658
20.8772
16.2748
19.4198
23.0508
28.7163
14.2874
24.3696
24.2965
14.0047
26.6906
25.722
15.4206
44.1519
28.182
24.8346
28.5078
26.4535
45.1112
27.13
28.116
25.717
39.5086
34.3213
29.6234
27.8668
26.8577
27.4339
31.714
25.4722
27.8493
29.8176
27.0816
27.7463
28.1038
28.5483
29.6608
28.074
26.0584
33.7966
29.4969
26.7814
26.1939
44.6871
26.8984
37.694
28.7521
26.3226
25.3688
24.0908
26.4249
25.0269
24.4624
39.0993
26.8877
28.527
26.3959
41.3291
28.5916
24.9012
27.6006
12.3293
25.4404
13.8985
14.2073
11.53
31.1391
11.4876
16.5494
14.0304
15.3352
12.4244
27.9133
11.4724
24.6282
11.9654
13.5082
19.042
16.212
20.2931
12.4747
14.3944
11.8367
14.1848
10.8711
13.9858
12.9986
14.0266
17.5211
13.9278
11.7052
12.4852
14.2623
11.5537
10.066
10.4627
14.1905
11.5499
19.2661
18.3613
11.8141
7.16009
9.73822
9.31221
7.82544
11.6771
12.28
11.6281
13.0619
13.3492
12.9668
14.7389
12.0804
10.029
11.7373
13.941
13.7656
24.0788
12
11.073
10.9036
14.3212
15.3143
13.1048
13.0819
12.3648
17.0705
23.5117
13.7666
12.4722
12.1677
17.541
13.0277
11.3188
11.1348
12.5809
13.485
24.1644
12.0393
11.2289
11.7504
11.9218
13.5696
10.8903
15.2516
17.1503
12.5803
14.4314
11.9747
17.2774
12.8211
14.8697
13.1506
21.5638
11.7871
14.455
14.8138
22.1157
13.7283
11.7241
10.3591
17.2131
10.8478
13.5696
14.537
13.1383
12.3057
12.3841
11.2413
12.2326
16.2407
14.652
11.2514
11.8714
15.9458
12.4543
22.6506
12.8578
38.363
14.4405
13.8058
10.852
11.5663
10.2399
14.417
15.0025
13.1239
11.1184
14.4274
16.8782
13.4296
11.136
13.2038
21.1453
13.8117
12.7196
12.4237
16.8015
12.1136
22.5118
23.7646
14.0864
28.0461
17.7159
18.6669
14.8441
11.2279
11.2193
12.5117
15.8117
13.2378
17.493
11.4605
31.0678
14.6098
23.2446
15.3302
16.935
13.5143
16.4855
13.1244
17.6436
10.5152
16.9284
13.7977
11.1674
18.2082
12.8469
10.7386
37.5416
23.4519
10.2146
20.8841
18.7881
17.8831
35.2541
13.9814
26.1677
22.1802
27.165
14.4877
14.717
11.7026
23.31
24.2831
24.042
10.4395
39.1374
23.5126
11.2399
25.3558
11.7935
14.998
18.8098
12.5695
20.0097
7.26193
22.742
24.6206
27.4026
13.0167
11.0426
13.4541
13.4885
16.3002
31.868
14.126
29.1036
26.9196
27.0494
24.5221
25.5793
26.4349
14.9851
34.9665
24.2741
24.3941
23.7418
30.0098
32.3992
28.8288
24.0603
35.6114
27.8566
26.8377
26.5937
26.6534
25.1176
41.8027
41.7732
39.0992
23.7253
26.7016
28.0306
39.3633
27.7231
26.0731
25.7305
28.115
28.1179
50.8059
28.0606
26.3135
41.5899
24.7889
24.9471
26.7419
51.5
33.676
24.5321
26.2127
32.2196
23.5233
25.2661
24.2828
22.618
25.0089
29.8806
23.5192
23.4245
23.6359
22.9422
25.0634
21.5848
29.8151
44.6436
28.6201
24.5025
25.9597
21.7834
40.335
22.7531
36.152
22.5739
28.5827
39.8306
36.9682
23.054
34.774
33.5553
24.4703
21.4718
22.6478
23.835
22.597
24.257
24.0095
22.3057
24.1332
44.6913
18.1474
27.4654
21.2775
34.2291
27.7845
22.8215
24.9535
24.7544
22.5069
28.2428
24.5392
21.4323
23.742
22.5587
23.5023
30.4579
22.2792
24.371
13.6558
27.8572
22.3506
21.108
23.0234
14.1566
44.5009
30.8815
24.9963
21.3442
30.185
23.2081
35.4493
34.1399
39.5978
26.2969
24.2962
36.7436
21.8693
12.4626
20.3842
16.9223
17.2264
18.8731
16.4515
11.5719
17.1603
12.3565
11.2258
11.798
13.1786
22.8888
24.3794
22.6327
32.6112
22.7057
24.5324
32.8715
25.7153
24.0066
22.2727
22.4571
22.1265
22.7043
23.5891
25.14
22.4817
23.3595
22.0257
23.1135
25.7594
21.437
24.3139
23.7182
22.8241
23.385
27.0535
28.7156
22.7045
19.4224
24.493
23.9839
35.4132
21.9699
34.1131
23.1217
23.7915
22.1553
23.9891
35.5925
24.1315
21.3715
21.6029
20.7548
21.9577
28.6303
23.1526
23.4828
22.4988
25.4149
24.2748
39.7989
23.7417
31.4911
22.1675
22.3261
26.2443
21.599
22.3396
24.9498
26.9135
32.7109
41.5809
21.7503
26.0907
24.6308
23.067
22.2192
24.0969
43.4921
29.1171
23.3059
23.0565
24.3505
32.1677
24.5908
22.7495
34.3099
27.5903
20.6737
25.738
21.9414
30.1651
31.2073
23.4162
37.7112
24.3376
21.5493
25.3867
23.6133
22.4187
30.6359
22.3256
24.0229
23.8974
22.5938
37.5824
29.3359
22.5576
33.6741
34.8673
23.1999
24.4665
22.37
23.4938
24.7265
23.9066
23.2325
23.2552
34.5573
25.6226
24.417
26.1179
23.1491
51.9407
27.7097
24.1469
25.1914
24.5549
25.3561
25.3843
26.0907
24.7093
26.584
26.1086
28.1706
24.1757
24.286
23.8323
26.632
26.4124
25.0052
24.8141
26.9373
23.9956
30.73
34.8715
26.4003
25.4588
28.5499
23.6314
40.4526
25.5498
33.3624
25.5432
38.7325
27.7743
26.242
26.0041
25.7118
26.3198
26.2949
26.8632
24.9895
27.0965
23.2328
26.5473
26.7851
26.0499
26.3195
26.9852
26.8352
27.0388
24.7867
36.8583
26.9345
25.8356
50.105
36.3042
31.6804
25.3913
22.9694
26.5771
22.922
24.1305
24.4908
24.9198
27.012
24.1391
25.564
25.628
28.527
23.5061
22.7856
24.0641
37.7834
31.7804
23.9716
26.391
11.8237
33.2456
24.9236
14.5823
25.6393
36.8914
10.0677
23.2445
24.4089
11.8247
29.2382
23.4737
13.3121
11.9669
12.9246
12.6159
19.3235
11.0491
10.4921
16.2172
12.9664
12.0117
23.4959
16.476
13.1136
12.8943
15.4801
13.7892
15.574
25.5051
11.0673
13.0344
25.5552
12.8313
17.0665
12.7599
14.1817
18.0641
21.3663
17.069
13.331
15.0514
12.3915
14.2179
13.9403
11.6469
12.3904
17.4185
9.86353
13.0407
25.5913
12.4104
22.8092
13.7009
10.7971
13.3873
24.4431
13.2761
28.4745
25.426
12.0181
31.5472
25.0987
11.6898
24.6607
23.9945
13.4528
29.3756
24.8112
17.4311
24.6699
18.6825
23.1283
13.9216
22.8673
14.1052
12.0833
28.2596
16.919
15.1648
11.9756
16.9434
20.0817
15.8061
15.1207
14.6051
15.3296
13.3767
17.6787
24.4488
16.0368
13.6031
19.5138
12.0108
12.9586
11.9673
14.2562
12.0386
15.0109
25.4442
12.3462
12.6696
18.5939
11.1523
17.0585
20.735
14.5669
36.5727
17.2843
15.1909
30.4452
16.4177
19.7196
20.9637
10.4509
10.8883
10.0181
13.8054
22.5187
11.7092
14.4213
12.9017
22.3299
13.0723
21.9337
23.9547
13.6934
21.9373
11.9267
14.6773
12.3146
15.8335
19.9971
14.1231
18.1485
11.7164
19.1791
13.0667
14.0554
13.0056
17.0238
21.6968
26.7515
12.7639
16.2704
12.5526
23.907
12.4431
14.0724
13.3251
23.7193
37.081
15.602
11.7093
16.3083
13.279
11.5476
16.3293
16.2049
14.3987
19.7636
13.8019
14.8629
23.9161
12.1785
18.9962
31.3218
45.529
16.9406
32.6313
24.9016
12.4048
41.811
41.6821
8.94805
22.0084
11.2549
22.9944
13.1958
17.6036
12.551
24.7308
12.6641
25.6475
13.5686
27.0062
13.988
32.8569
16.2801
14.2331
33.4434
17.2048
14.5112
26.0222
15.0075
23.6236
14.3438
15.4402
23.0746
15.6035
22.5799
17.7187
24.0252
23.0326
12.9682
25.653
33.6492
15.0368
24.2877
28.0974
14.1198
25.6172
24.9195
16.7929
20.2385
32.5055
13.4033
12.9223
37.0091
14.2469
27.1052
19.052
30.4887
14.9886
35.1172
13.5982
16.2172
23.6087
25.1063
27.3883
31.4242
14.1554
15.1615
22.6833
15.0835
36.0746
34.4934
28.1468
27.6095
28.5855
36.0606
28.7051
26.336
29.6954
32.6927
29.2718
26.0875
29.3527
34.3958
27.5989
25.4193
45.3918
27.4548
32.8811
27.3418
32.0729
27.0691
26.7654
25.1497
27.3156
25.6573
26.9444
25.2198
28.8755
24.169
25.211
24.4284
26.8946
25.9637
47.0185
26.3421
25.6699
31.7051
33.2405
35.8941
26.3162
26.2781
33.0892
26.6495
26.2771
24.7124
16.8692
28.2845
27.6336
37.7681
33.7364
14.9818
24.2286
30.3444
15.5967
12.8686
17.8468
14.7606
26.7788
13.1771
13.8219
23.294
17.3544
23.2442
40.5866
16.6843
23.7942
13.092
24.7455
14.7399
20.0621
13.2766
14.3347
20.65
14.604
15.2418
19.1852
12.4124
25.1884
13.382
24.8522
14.0105
23.0885
14.7514
12.6233
14.0388
16.0705
13.4016
14.7249
11.4283
12.6667
12.0359
15.1924
10.8507
17.3939
14.8325
12.8507
16.5364
24.7301
13.9446
38.6215
13.5813
13.4783
19.6001
13.3443
15.4056
42.7493
13.055
21.4421
20.8937
12.2642
14.8572
8.68025
9.10647
16.7338
10.3751
23.8652
30.6063
13.5984
38.2425
12.7704
20.5821
14.5335
16.2959
25.8499
19.3043
12.8741
23.7825
14.8706
12.8984
14.243
11.5065
22.2756
11.9234
15.7745
11.6099
15.3744
17.112
14.9747
11.5061
11.3652
14.2103
13.4562
13.9756
14.2522
14.3764
17.163
11.8065
12.4775
13.1532
13.6953
15.7832
14.8007
11.8615
26.2118
12.9278
17.9206
14.9894
15.9964
12.034
13.4442
12.5685
13.123
20.7931
16.327
13.8629
13.8128
13.1729
12.4945
15.8226
15.4423
12.7128
13.3674
17.1399
25.1295
17.8849
12.464
12.3289
17.6286
24.0186
12.0976
12.3925
18.3616
13.0514
17.9834
19.4354
12.187
38.424
20.1562
15.8489
15.6278
33.5978
22.2673
16.8281
26.7246
12.7384
14.0524
13.092
24.5728
11.3235
12.1865
16.165
12.063
17.3349
25.638
15.1861
10.444
13.7359
13.3138
13.1682
15.7978
15.2026
25.5468
13.1504
15.1487
15.7699
27.853
26.2094
26.6215
14.3708
20.0142
14.8314
19.5998
12.8152
12.7034
12.8913
25.0196
13.1893
13.3785
12.7745
23.9318
24.5325
26.271
11.8823
15.8955
14.9026
13.5978
13.4881
20.2911
22.9163
16.2206
32.5871
29.5959
14.1588
43.2948
26.5956
14.6812
35.7145
24.7989
16.5913
22.5382
16.408
15.5308
11.5137
27.8438
13.786
16.9027
23.9326
14.5465
25.6568
24.1507
25.0564
25.4848
27.5466
25.7958
35.3783
28.503
27.8637
33.1585
28.5675
27.2397
29.7642
28.1051
27.1095
30.6936
27.0411
30.1149
32.3506
23.8122
25.5695
25.7546
27.9733
25.8457
35.6019
26.7767
36.0738
26.5826
27.4908
28.0057
28.9389
26.2875
28.9414
26.731
29.264
27.0892
25.6892
28.0473
24.7655
26.1595
24.5113
27.4851
31.7483
26.4198
26.2671
26.7401
12.4616
32.2174
26.4236
24.9158
24.4466
25.8897
26.6347
28.963
16.0494
31.2474
13.8657
31.9374
18.0825
11.998
26.9566
14.4184
14.1878
16.147
25.5127
14.0545
10.9396
11.6808
15.0917
29.6631
13.9323
14.3488
26.8095
13.9807
13.5987
22.6303
14.2898
17.3481
37.719
14.4482
16.107
20.6046
16.5402
14.7001
15.6456
19.1966
14.0732
13.7856
23.4758
18.1545
23.447
24.9237
14.7195
14.2392
23.4954
12.8978
24.0898
14.5272
12.5
13.7241
12.9217
13.0624
25.6274
29.5306
15.5837
25.3939
25.7677
13.5262
25.24
13.6568
11.1532
20.1368
13.4467
17.0223
12.1326
11.5662
13.9848
11.2884
13.0746
11.5547
11.4707
18.5131
14.3179
19.784
15.4992
13.2058
25.5863
12.0207
11.6786
23.8995
12.2078
11.8359
19.4098
15.7008
11.8159
12.9238
12.0531
16.6592
16.9441
17.3207
14.1808
15.2854
11.7883
16.9424
18.8226
13.5256
11.4493
12.8571
16.3347
13.3673
10.8145
14.9171
15.4148
14.4813
17.9724
13.894
13.8339
10.6485
15.7737
19.2327
16.1778
16.0116
12.5625
13.8692
12.3037
10.9835
16.2314
12.7386
11.8678
15.7486
12.1133
11.9062
10.2792
13.6046
12.0763
19.6156
29.6769
11.9268
17.982
10.8239
16.1754
16.4839
16.1324
33.7824
19.8194
15.4621
12.5819
13.7394
11.7398
13.0841
19.0538
15.0007
13.5725
13.5425
11.3277
15.0863
15.8854
19.2167
13.8055
15.0187
18.6019
10.7678
8.63087
9.45996
8.82897
9.07746
9.96454
15.5465
16.7354
11.8133
13.5001
15.3079
12.9756
15.6056
16.4296
10.5112
17.3694
12.9913
12.18
11.0775
10.7384
13.8137
13.5061
12.7895
11.5606
12.1881
10.4757
12.5074
11.9844
15.0584
15.8307
14.6706
23.9382
14.2445
37.0396
34.6327
13.5242
26.5453
27.8474
12.4007
25.9968
23.0359
19.2535
28.1982
22.2555
26.1639
31.1698
21.4824
17.0197
24.1299
24.4185
36.6148
24.8264
26.2275
25.3248
23.8617
20.9491
24.5506
22.7165
23.2228
12.7734
26.1758
22.8007
22.7831
25.156
21.6254
26.3425
27.478
20.5929
22.0516
23.81
34.3522
31.2909
22.8294
23.0717
30.0098
24.4273
25.2042
23.3856
22.5159
33.9121
22.477
37.2552
33.0445
25.5279
22.5406
36.0829
28.5212
22.4791
21.3959
24.6954
21.1078
23.2428
21.8276
20.413
31.3407
21.62
22.6796
20.7276
24.481
20.3469
23.7602
31.8623
24.6733
22.6397
22.9799
34.7208
23.8323
32.5135
34.5473
25.2601
11.3403
17.6974
14.0662
12.4066
18.1787
32.9485
38.1537
32.2249
24.1868
13.0683
23.6357
12.1674
28.063
14.1584
24.2405
36.2434
28.1783
24.7998
23.2785
25.8583
23.5165
22.9964
21.8593
22.2819
22.3466
25.5808
22.4357
28.3839
23.5608
38.3744
26.7037
21.9907
24.2837
22.9644
23.5292
25.5156
23.5061
26.9634
26.1073
25.0446
25.6748
25.4096
24.3065
25.7764
24.758
30.7669
26.8861
26.393
35.5671
27.7848
25.1514
22.1347
25.4642
23.7173
25.8254
22.649
25.517
23.2003
27.8132
35.6278
21.8137
22.7049
24.5086
23.7632
25.2202
26.5241
25.0648
23.8813
34.6238
33.1091
26.4712
25.2329
38.0491
25.8589
24.8247
25.8855
24.8161
37.9091
22.6732
24.8646
24.4402
24.4322
29.9481
27.953
38.8288
25.1015
30.0651
27.9483
27.5972
23.2794
24.0735
25.0611
26.7944
23.4983
30.4499
28.638
35.7897
24.7785
25.2607
28.6484
26.775
23.5116
39.3263
24.1171
30.0738
26.6223
39.9292
36.3284
29.7467
25.0269
25.6222
23.1808
26.2837
24.4569
28.6156
37.2475
27.321
37.6307
25.401
32.8121
23.351
23.0631
24.1383
26.7131
41.0879
36.4632
26.1588
26.566
25.8609
23.4742
26.2403
31.5425
24.9219
23.899
23.8709
25.0027
24.2808
25.0389
24.6707
25.1402
25.1428
32.9527
25.7069
23.362
24.1796
24.3395
25.9546
23.4954
24.3924
22.2839
30.0866
28.4864
23.2059
24.5498
25.3133
36.5875
24.3752
32.2086
23.3263
24.4261
25.4389
25.0347
23.3761
23.7288
24.8101
23.9829
27.8677
23.7935
26.012
24.8332
24.9435
23.4545
23.9968
25.0415
26.853
24.4665
27.3748
24.4273
24.8518
26.7558
23.817
25.329
17.8869
24.2982
27.5544
25.4972
28.737
23.9239
30.0896
22.9245
25.29
26.1891
26.8125
24.7612
23.2766
24.5021
26.0969
24.2535
22.7247
27.4445
27.1573
43.7683
38.8996
25.3037
24.1606
26.2379
23.159
23.2918
24.4107
23.6024
25.1201
32.6099
25.9443
26.6319
25.382
25.2609
25.6891
49.498
30.9016
26.2792
25.5711
26.2692
25.45
24.7805
29.529
24.3734
24.7787
32.6424
23.7612
26.2488
23.8547
38.6757
26.3196
25.3188
23.053
25.5645
25.8811
28.8359
25.2283
24.6464
28.4999
24.8163
31.7008
26.4663
25.3594
24.6373
35.6474
27.964
26.994
25.316
25.1829
25.0384
28.0198
26.1638
40.2908
25.0451
39.9439
32.4349
24.7527
27.0478
26.7212
24.8236
24.7905
24.8936
25.6793
22.6719
25.4923
24.2628
24.9726
37.9964
22.6189
29.4534
24.8159
27.4033
24.6978
25.112
23.3068
28.7553
26.9819
23.0254
33.5127
34.5892
23.7914
24.6076
32.4984
24.3795
27.7207
24.738
24.1236
38.635
25.5231
25.646
23.0092
24.6122
26.4708
27.963
23.5963
24.4315
23.8959
25.4895
24.8021
35.3
27.9138
25.9213
26.2403
32.5728
40.065
26.0872
27.189
25.1403
35.425
24.4494
31.9693
23.7751
27.7449
31.5229
36.1873
24.3382
29.132
23.3292
29.5566
24.2067
24.5953
28.0606
27.6113
34.7207
26.5662
24.352
32.6052
27.0941
22.7897
37.4428
27.3067
25.3937
26.2821
24.8685
25.9399
32.4532
26.3797
26.1409
28.9893
28.8773
26.6874
43.1032
30.7447
25.8706
25.2491
25.531
35.8533
36.5228
14.365
28.4705
13.6748
29.013
12.8379
15.145
29.5285
13.4121
33.9421
25.6826
20.542
23.299
16.3133
30.1123
28.3799
14.4852
18.2232
25.1203
30.7233
18.4472
25.7366
25.509
11.3182
36.1922
39.554
12.1475
18.6284
46.0845
15.8917
13.4471
18.0712
19.0491
11.5931
15.2455
34.9433
30.1913
26.261
26.4723
26.2374
25.82
24.0871
25.2572
25.1085
34.0524
29.1145
29.5995
25.769
21.682
26.9622
32.2105
26.1219
25.0494
25.6221
49.351
36.1889
13.2951
32.9336
27.1171
25.4581
24.211
36.3723
13.3652
24.9684
27.865
28.4686
40.791
27.6605
31.8485
29.1999
30.504
27.3901
34.2834
24.9419
24.4499
30.2233
27.057
23.2415
30.2973
26.2335
23.3726
29.8554
24.6968
24.5727
26.2635
30.6101
26.4558
25.6177
30.4064
27.2444
26.8295
39.23
24.8955
26.7542
35.6995
38.0063
26.2127
28.5153
27.3025
26.9206
25.4549
27.1932
26.0811
31.0519
31.411
32.3618
25.0712
34.6548
24.1723
44.8149
25.1584
28.8885
24.8467
35.4589
26.7345
26.8308
12.6546
26.3027
13.0914
15.1766
13.2328
14.0376
23.7744
26.6696
12.7581
11.2489
15.6215
16.697
13.5378
17.7554
14.9874
16.5654
25.9275
11.8745
20.6719
13.3742
16.0687
17.449
14.334
15.6212
14.7992
12.5667
16.4923
15.9017
15.6309
20.5307
17.2658
12.3286
15.7232
15.1981
12.0671
17.164
17.5349
13.5795
16.6178
13.1601
10.8098
13.6589
10.3019
13.971
34.9905
21.7809
17.5467
15.125
13.4264
12.7857
21.3331
17.0464
25.3986
29.0062
18.4515
26.6552
25.9339
16.1421
24.7472
42.4983
12.3611
24.6247
25.1409
12.5369
25.2581
27.5075
24.8072
25.5839
35.5234
25.196
27.5798
40.0295
17.5126
24.0693
18.9379
14.9449
16.0861
20.5499
16.2108
14.2607
18.1668
14.9045
14.6284
18.7001
15.1063
14.9609
13.0016
14.725
11.6084
17.4507
18.5496
20.6107
14.6185
19.385
26.9292
12.1932
18.2187
14.2641
16.4789
10.0591
12.9357
7.46594
9.20352
11.6935
14.5122
9.4621
12.4719
17.7541
16.0509
14.6919
14.9182
13.5762
14.5011
15.5972
15.7363
13.1159
12.0401
12.0717
20.7896
12.9385
13.1256
13.5108
11.2834
16.8128
15.924
15.7837
18.2563
15.132
13.6102
11.3068
11.8872
15.2234
13.2928
10.9335
12.3986
13.5659
12.2082
16.3958
14.0837
16.1796
14.6726
16.5416
11.9321
16.0758
11.459
16.9266
12.8476
15.0393
13.3393
11.4042
18.739
13.9956
18.105
17.7942
15.6257