44.1536
33.5026
33.1468
52.5251
32.1409
33.1351
34.4372
33.0165
35.0573
32.2869
31.6778
32.4148
32.3978
44.9066
37.2609
33.0945
43.8398
32.8195
31.4424
32.5035
32.7617
32.1294
38.069
42.3531
32.1158
31.9399
34.4045
47.2236
46.2626
32.152
32.817
32.9515
38.5335
36.1278
39.6607
33.9409
33.5154
42.1192
38.8832
33.9824
31.8716
32.492
32.6942
32.1292
34.0467
33.334
32.6062
32.9804
33.0206
49.6726
33.3064
32.1596
31.8739
50.3733
48.8147
32.4255
33.5604
51.7892
32.0281
34.3955
32.7363
32.6028
33.5076
32.7608
31.161
59.9119
33.0421
32.423
33.8961
32.0603
33.1073
35.4593
32.3461
36.1826
31.9922
70.9123
32.12
32.5025
32.3873
33.0849
46.4969
40.5779
33.0781
49.9423
33.4915
49.5305
32.2463
31.2958
45.9513
32.6301
31.3844
31.9999
33.9506
33.163
32.2814
32.6354
33.5779
38.5626
36.5461
33.0415
32.7687
32.2357
47.7223
32.2051
32.2412
32.8853
33.6587
31.8599
32.4097
50.7741
32.8417
34.6261
32.9501
34.8473
31.8028
32.1636
34.1971
33.0355
37.9814
33.3704
32.8769
48.2779
33.212
35.1256
33.5679
33.7016
33.7679
33.3554
33.2666
72.5845
33.578
32.7211
32.328
32.1086
31.9524
31.2404
46.0426
31.9991
32.2146
42.5455
53.2786
33.567
32.5041
33.2036
50.6188
43.2428
33.7954
33.5954
36.0198
33.2721
63.0219
48.4463
33.7267
32.0302
33.7906
32.6018
33.0055
32.5421
32.3798
32.1743
33.4986
32.1529
32.1798
33.004
32.0268
34.0074
31.881
55.8921
45.9102
34.522
34.6009
44.2676
32.0228
65.831
31.445
36.3638
37.6305
41.1386
31.7083
33.1998
32.2893
39.1978
32.3749
45.9308
31.2155
33.5659
32.6889
32.2584
32.1705
31.433
32.9649
32.8112
31.5453
32.794
47.6024
31.4824
32.2304
33.4383
33.9316
32.9576
32.4963
32.5973
31.0212
33.2509
33.2733
31.4357
46.2619
31.9011
49.9008
32.2388
31.8834
34.1069
33.2418
36.5936
31.4768
32.3705
33.5015
37.0644
33.3465
33.6289
32.459
32.3989
35.9618
32.526
51.9227
32.7577
33.1521
31.8323
31.7766
31.4893
48.4293
32.3294
42.0639
32.9883
48.9226
48.8284
45.4427
43.86
32.4497
32.926
33.1905
32.8367
31.9036
33.6336
32.5678
35.0762
32.9235
31.8889
35.9508
33.2467
56.2943
33.1947
32.7177
32.1424
32.7376
32.5609
32.0982
45.6808
34.9906
32.0258
32.9274
31.6066
32.4089
44.4117
32.9124
32.3911
32.226
31.8594
35.0602
49.07
31.4844
33.3975
33.3952
31.7368
32.7694
34.4051
40.2921
32.5863
34.1939
32.9034
32.4333
33.1318
32.6212
32.4381
33.3427
49.5792
34.9881
32.6282
33.4343
34.0536
33.3583
32.7249
32.8105
33.3498
38.7159
33.4604
33.7437
47.8221
33.8166
36.5696
35.8273
33.3586
35.1256
38.2301
33.8792
33.8165
17.752
59.0541
53.2701
58.6855
35.2081
35.0383
34.1115
55.1126
82.2263
35.4203
36.2728
35.1267
33.6956
32.8969
35.4947
35.6886
47.1641
37.3507
34.6566
33.2676
34.6533
49.2012
33.6337
35.6373
33.4721
35.2846
34.3518
41.1121
39.859
36.9572
31.7794
65.8886
34.9087
36.059
44.5868
35.2458
46.3498
36.4431
36.7856
35.68
37.1459
34.9679
36.9348
34.5362
34.3541
34.963
33.9137
35.0913
44.0631
33.0651
33.1807
33.3284
34.6094
33.4114
32.065
31.6796
33.7108
67.0507
35.9135
33.6838
33.0973
32.3403
60.4646
38.3199
33.105
72.8809
34.6656
33.0024
32.8386
48.2224
35.2302
32.1064
31.4533
42.5939
32.9155
48.9483
45.9017
56.772
52.3628
33.1162
34.1667
33.9286
32.6902
32.4777
32.4571
48.9139
34.9284
34.1819
32.3116
33.9529
34.6472
33.249
35.177
33.4202
33.0658
32.4183
34.6005
33.3454
33.0314
40.6881
51.2617
56.9953
33.5686
42.1237
33.1528
32.6361
33.0312
34.8595
34.4054
60.5617
33.909
32.5409
33.1005
33.0015
32.3763
33.6752
33.4686
32.044
34.2395
32.7238
33.8418
49.4661
33.3864
33.45
32.9579
32.8914
55.9843
35.2078
32.8957
34.4572
44.5479
33.5966
33.4425
33.7612
33.4117
58.6823
55.5715
44.4806
42.8638
44.8258
33.9915
34.4175
36.6341
35.5835
34.7826
69.9037
34.3992
38.8916
36.5538
36.2514
37.1131
35.4573
34.5408
36.3037
34.8656
33.7513
34.0448
34.374
35.0438
38.4068
36.9129
42.0823
34.6929
35.018
35.4631
45.9255
40.4394
36.0762
35.6176
34.9553
34.6995
36.9034
65.3436
34.2913
34.5945
44.4684
42.804
34.6672
34.9428
67.6832
36.0291
51.0537
49.9117
50.8144
34.6921
35.1937
35.0211
35.6593
64.8796
37.5173
33.768
34.3529
33.6042
34.3915
33.5286
33.6639
41.7856
50.04
35.6974
34.2124
35.5977
33.316
55.9427
54.7667
34.9104
34.8842
33.2925
34.1654
33.7923
34.1927
33.6367
33.3944
33.8622
41.8455
32.6815
34.7602
34.742
33.2608
33.7921
43.7754
33.9814
34.4594
33.8172
40.4384
45.9893
33.458
32.6528
34.3219
43.838
56.317
34.7078
34.6229
42.3563
32.868
78.0197
38.1797
50.1455
35.4166
34.5808
34.2227
32.5042
35.8306
33.6659
33.3693
33.558
50.1497
34.8772
50.0948
64.549
32.8493
33.497
34.0665
32.7886
34.7321
35.4359
33.3765
34.8676
33.5948
33.8103
55.654
35.2224
34.3557
32.9408
37.2397
34.5514
46.3304
35.7535
35.3127
38.4347
58.9896
35.235
41.8007
34.9245
33.7018
40.512
35.1371
33.3668
55.3372
37.3632
34.9337
34.9678
38.6063
33.8448
35.4178
35.4921
35.4703
32.9034
33.6825
33.99
33.0701
33.1889
46.3866
33.8349
32.9084
56.8059
34.323
52.3206
34.3386
47.9902
33.7534
34.4638
47.7554
35.3481
34.0328
32.7737
61.9737
33.7508
48.9096
50.692
32.9435
33.0309
42.1089
33.7222
33.8542
33.2571
33.0477
32.5658
34.4404
34.5781
33.4176
44.7015
33.465
31.7968
34.4346
33.8262
33.0726
35.149
33.6527
34.9933
34.2884
57.1884
34.8542
49.4021
39.5277
40.0525
36.3347
34.348
43.8552
34.0071
45.0538
41.0604
33.5055
33.8479
33.1278
55.1368
62.956
33.6037
32.973
35.2072
34.1299
33.678
64.0819
34.1853
33.4825
33.1352
32.7283
36.2626
37.6609
31.0912
33.122
33.4006
33.0299
32.845
32.6724
66.1848
43.5313
33.9154
35.6343
32.7684
59.6831
34.5535
33.2949
33.094
33.2311
46.0213
34.3098
32.8696
67.3911
33.0433
52.9339
32.6042
33.1716
33.558
34.0421
45.566
32.1704
33.7426
33.9977
32.7332
35.2026
34.2326
33.459
50.8887
35.248
33.194
34.3233
33.3207
33.5487
36.4457
44.8301
56.5253
33.8437
34.4799
48.2158
34.1441
33.8082
33.9066
32.6341
33.5921
33.0087
32.8161
34.1566
32.0455
33.4161
34.2861
34.0966
33.6331
35.0306
33.2703
32.6775
34.1365
32.8093
33.0218
67.8589
33.1838
33.9263
33.7423
34.9072
46.3376
49.8991
33.7948
33.6621
32.9902
34.078
33.7508
50.6297
34.6686
33.0915
33.1808
33.5566
34.1778
33.2875
32.8146
35.2752
33.0086
33.9422
34.8778
35.6459
55.2575
36.734
34.4661
33.1309
34.024
33.6758
33.8065
33.007
35.1244
32.9433
51.3712
54.7694
33.2289
33.019
35.9873
32.9881
35.0474
33.5422
51.7284
32.8309
68.4654
34.1285
33.4033
33.4912
36.322
32.8542
33.8395
33.1749
37.0333
34.3033
46.7389
32.9492
34.9093
33.5559
33.4544
33.4303
43
35.7953
62.5662
35.1304
36.2395
33.7336
33.1096
49.0277
35.1822
33.4839
33.3894
33.8818
33.5193
35.678
56.0794
35.4624
34.9897
34.2833
57.8567
33.5054
65.0992
49.2249
33.9253
34.3706
33.5267
35.4518
33.1581
33.5066
33.9607
33.6075
49.12
33.1967
34.8099
32.5739
34.2708
34.566
32.5613
33.2908
33.1986
33.2281
33.2614
33.5973
33.2966
34.0435
33.3024
32.4265
34.2957
34.0098
33.9492
33.1164
33.5937
33.8839
33.0523
34.1361
33.0584
34.4398
61.1285
34.1853
33.0489
34.8347
32.6145
33.1006
35.4336
45.4908
33.8755
48.2189
35.1044
33.0565
51.2998
51.1444
35.5035
49.3918
61.4176
64.4977
33.2668
33.7482
32.5946
48.7718
32.8436
34.2921
33.6548
33.2638
32.3007
33.7421
43.3344
33.3279
49.3806
47.4467
32.5306
33.7079
35.712
52.1107
33.4575
31.9574
33.4217
33.8165
33.9193
32.9873
35.288
40.8849
33.668
34.2405
33.5029
32.4933
32.8149
35.0168
33.2494
34.071
34.1301
47.9324
36.6208
34.521
32.8933
34.1558
41.4664
33.7107
33.1475
32.4805
32.9327
33.9342
41.7979
33.791
36.5985
36.0562
30.6652
37.4149
32.9144
67.8829
36.4031
32.6313
32.5348
38.441
32.5745
33.0342
63.8954
61.918
32.2207
32.6291
32.9
50.3996
43.1477
46.7543
32.5016
33.531
31.6711
35.0286
59.2048
31.9773
51.1621
33.1142
37.6328
62.5712
37.4312
31.9692
32.2838
36.8034
49.8624
33.3229
32.6367
50.9761
41.3478
47.8367
32.1731
33.3083
59.3547
31.7978
32.7296
32.4559
31.3639
32.4032
32.634
32.3177
32.9925
34.2034
32.3492
32.761
31.8188
35.211
33.144
33.2893
37.4889
63.3486
32.5963
50.8902
32.7776
50.8904
32.5709
32.8908
32.0674
32.9145
41.9878
33.7615
32.5247
31.9103
34.6202
34.5721
32.7016
48.6547
33.1617
31.8563
33.754
32.4247
32.6679
32.8085
32.8118
38.7212
31.9776
32.9692
33.0838
31.7339
32.9355
32.8344
56.9945
34.1281
38.7334
50.7288
50.2261
32.0843
40.3191
33.4753
32.4014
32.5365
32.9236
57.7745
34.5946
33.3685
37.7304
32.8651
53.2245
34.6492
33.0791
32.0813
33.3373
32.611
31.346
32.1314
35.297
32.8511
32.2528
33.5709
32.0895
32.0745
33.5815
33.5696
32.5558
49.9766
61.982
34.2307
33.212
32.2774
46.7988
32.5958
32.9993
32.3128
51.5213
33.303
50.4197
31.8931
31.9538
39.2934
33.391
33.1015
32.6178
34.1618
48.8593
32.6701
63.3356
33.3681
33.2361
31.9368
32.3926
32.3156
32.6798
32.3312
32.3756
34.101
35.7019
34.6576
34.1143
32.4464
32.8823
33.7902
33.1663
49.5829
33.8296
34.4153
34.2788
32.9335
33.3901
33.1451
31.5396
34.3626
34.2731
32.3763
32.608
34.0055
33.8306
32.715
33.8624
50.5804
31.9088
53.0307
32.2384
69.5797
34.7104
32.3185
34.8926
34.0726
33.0102
43.5225
51.6322
33.5922
49.5273
33.3625
32.6331
32.5662
34.869
33.3775
35.7713
37.0184
31.9111
33.3464
32.6875
34.1876
34.1336
33.7834
32.5053
33.2025
33.896
33.289
34.6642
52.832
32.7737
61.4735
32.5644
33.4006
33.2317
32.9433
32.5938
44.6265
34.4714
60.1585
32.8111
42.5963
32.8425
34.8427
33.747
33.567
33.8202
32.8282
32.6197
34.3681
32.9513
32.8409
33.0087
33.5221
32.9733
32.9245
64.1417
34.4601
32.3287
33.3191
33.8015
34.228
33.951
34.7865
32.955
32.6688
33.3773
33.3525
35.0347
32.4549
33.4518
32.9844
33.2341
47.9972
50.6708
34.0787
34.4062
33.6605
33.6235
33.7818
34.5864
33.3451
37.3944
33.7129
35.0351
32.8941
34.3027
33.2964
34.2914
34.0457
53.4988
32.4453
34.4885
40.4599
62.6909
34.9557
36.0124
33.9646
62.261
55.9049
33.3385
33.8588
33.5727
33.7542
34.8635
48.5845
33.974
35.1654
33.2852
66.185
33.8791
33.5802
32.8594
34.5431
35.3184
32.8483
33.2243
34.7186
35.1768
40.3657
33.2492
59.9712
33.916
33.9518
33.7825
34.3908
43.3512
47.8677
44.6593
33.5256
34.0122
33.8659
62.2755
33.425
45.0158
33.8746
61.1147
33.993
49.6797
33.4929
32.9296
34.3999
33.9642
33.7259
33.7696
35.5816
34.6829
33.2735
33.7278
35.3221
32.8602
50.3628
55.3114
35.3004
50.3615
33.0415
48.9724
33.0293
33.9144
34.3268
33.9871
33.512
33.6226
33.8676
33.9701
34.2852
33.9719
33.7064
62.06
66.7389
34.4601
33.4569
32.6303
33.5246
32.9774
50.0668
32.9717
56.4701
36.9421
41.729
34.0751
35.3725
33.9927
33.3317
34.2421
35.9416
32.8716
33.4363
33.4964
33.3215
33.166
35.1901
33.5189
34.5393
34.0107
33.8765
57.4353
36.7872
34.5028
34.2949
33.7636
33.4297
33.305
33.4239
33.8237
70.1885
58.6296
33.4486
33.0326
33.3684
51.6465
32.9062
66.7287
33.0837
36.3943
35.0487
47.6356
34.746
33.6132
32.8932
39.3185
34.4174
32.2997
33.4802
33.279
33.0845
33.0913
33.2632
33.835
35.9
33.0737
34.3872
33.1472
33.585
32.9707
33.5091
34.3965
34.0077
33.2849
41.4326
33.646
32.9841
35.1481
34.0052
32.7348
33.9437
53.5465
32.7239
45.0278
33.3167
34.4844
33.4827
51.1119
33.7219
75.1739
62.2098
35.8416
33.4803
34.2397
36.8835
33.0672
33.793
34.1811
61.0882
33.2847
33.7433
51.7615
34.4132
33.5202
35.7447
35.1606
33.843
33.5019
33.3041
33.2949
33.5172
64.5385
33.8487
35.2345
33.6542
33.172
58.1165
34.6078
34.1034
33.2502
35.008
34.0036
34.686
34.5185
34.5405
34.5006
32.7733
34.0327
35.3659
32.6292
33.1379
34.5141
33.2462
32.2628
49.5789
48.6762
33.381
34.2574
33.6751
32.872
60.0956
49.0247
35.9305
33.4408
59.9337
32.6984
34.7165
33.7982
33.0011
33.5553
34.4276
34.1314
46.4912
33.4292
37.0999
36.9934
31.8369
32.0476
32.8504
34.6585
33.6838
33.5059
32.4893
33.6829
34.4571
33.6945
33.3634
34.1859
49.0448
34.7789
34.0245
33.2441
32.4297
33.5799
32.8468
32.1058
35.3747
33.4183
45.7371
33.2613
33.4027
38.4565
38.612
38.1255
32.7476
44.3296
33.129
52.2301
32.4137
49.7325
39.9171
58.6068
31.3568
35.8357
33.3212
30.431
31.2132
31.8546
37.6849
44.136
31.2386
50.5288
31.6932
43.0881
31.9406
33.835
33.0413
32.7114
33.7718
33.0169
32.5814
31.7046
32.5536
33.6147
32.3581
34.4094
42.0256
32.5724
33.7264
38.896
34.7885
34.69
64.0543
32.8445
56.1426
32.9848
32.3267
33.4378
32.0202
33.2411
33.9676
33.2487
32.658
33.6052
32.3692
33.0335
34.034
33.8716
34.1755
33.2233
59.5125
45.797
49.0315
34.4906
61.8271
36.6892
36.2303
34.3523
34.2032
36.9679
37.0857
33.9687
33.9819
34.5636
34.8194
35.4956
36.286
35.33
36.2415
34.4695
36.0551
36.42
36.4387
44.7641
35.4224
35.4038
43.1568
36.0704
36.4374
51.2305
35.0209
35.1712
34.2097
53.2829
35.0134
39.843
50.8803
34.9588
34.7382
50.4825
34.9436
35.0246
38.9002
36.9344
39.3717
33.4593
54.9251
53.572
33.576
34.8155
46.755
42.2338
49.6005
51.4836
34.3115
34.9733
34.8861
35.3496
59.4093
34.5538
33.4648
33.4763
35.5906
36.01
36.0287
36.2112
50.9803
35.2439
37.0833
37.4176
46.2917
35.5927
35.524
34.0879
35.176
34.1436
34.9515
34.3999
34.9699
35.4616
35.1813
34.9091
34.9032
35.0738
35.5166
34.9295
35.2871
37.7498
37.4746
32.6811
32.4277
32.8101
34.0473
34.004
34.7845
36.3225
33.7246
34.0193
35.1193
65.0612
34.9561
34.7885
37.7916
34.9441
33.3163
41.8477
32.6773
57.0651
68.3383
34.2373
33.6023
44.2055
32.0251
31.7123
31.2858
33.186
32.1683
33.8809
38.7178
33.397
31.6294
32.4189
32.633
33.0764
33.5313
34.0634
32.4172
47.4523
54.2973
32.7158
54.2214
33.2585
33.4729
32.8205
34.2168
48.1278
33.2054
32.7965
34.4514
32.2542
32.289
39.003
54.4942
49.7937
63.2414
36.1234
32.3605
32.811
31.6658
46.0123
31.1978
34.3034
38.0018
31.5084
30.4808
32.0723
31.9647
32.4561
31.2205
33.2224
31.5009
32.27
32.9453
48.6449
30.798
33.4183
31.7386
32.8637
33.1833
34.6034
35.7137
35.0068
33.8747
32.8918
35.0401
37.81
51.756
56.2102
47.5893
50.3093
36.6426
33.9026
44.6076
78.5664
38.7516
36.2001
37.7516
36.0493
35.7571
36.6196
39.3757
49.6698
37.9124
47.0162
35.3828
37.8189
36.3359
36.1286
38.8573
35.4583
47.6732
46.766
36.0083
36.4667
38.0068
39.7195
37.4104
36.6133
35.5303
37.6972
38.4534
37.0109
36.2538
37.3706
36.5902
39.3589
38.7964
37.403
38.3993
39.3873
38.5102
37.4272
38.2867
62.1861
38.5024
37.9738
39.9708
39.7084
39.6529
37.7327
40.0208
41.5362
40.6885
40.4353
40.441
39.1005
40.4373
50.5972
51.1491
53.8713
42.293
47.4282
40.92
41.014
39.2449
38.3143
40.9508
38.7686
54.6528
40.3865
39.4869
39.3738
39.4529
39.7208
69.1017
41.0205
40.1396
42.4308
40.8741
39.412
40.1005
40.3686
39.0501
61.5003
62.109
42.7029
39.2695
48.264
39.4879
38.6384
41.6996
67.4864
53.7113
40.8471
42.404
41.1508
41.7099
39.7185
40.56
40.6914
42.0591
42.2575
42.64
41.3554
40.7641
39.8088
40.53
39.7755
40.5949
39.5415
48.609
39.4815
39.7892
38.7542
39.934
40.2764
39.7849
41.407
39.2064
39.8886
40.4401
48.1222
39.9435
41.5341
48.9117
40.6912
40.9057
42.5137
40.9663
38.8769
40.4469
41.0355
41.1372
40.9591
39.8539
40.7252
43.8351
40.9607
39.5892
38.4251
38.0587
38.5884
40.3372
39.0828
75.6011
45.0209
39.9224
63.9954
37.4455
37.803
38.1464
39.1371
38.382
39.867
38.0879
55.7803
40.3513
38.7734
38.5965
38.9036
38.3442
38.2819
42.4575
38.5903
37.1267
39.1542
38.3085
37.5419
40.7404
51.19
38.0215
40.0488
38.6101
38.1676
48.2374
38.4095
53.5491
65.4925
37.3986
69.2612
51.8521
57.821
35.5171
55.3321
35.8008
38.2062
47.095
33.6058
43.549
36.005
35.4491
36.4646
35.4618
51.7292
35.7949
56.3312
66.381
53.4296
39.0341
57.3548
34.9789
35.3723
35.5226
34.6731
36.5259
36.0425
35.6094
34.3922
34.8275
36.1587
36.4559
34.3524
38.5746
36.5433
36.5284
43.0527
50.8644
35.6761
34.6611
44.4971
35.2701
33.7168
33.4014
66.0032
33.3427
32.0763
31.9531
30.7292
31.1599
32.6518
31.2226
53.8651
65.2778
59.7327
34.5041
33.7668
33.3678
31.7178
31.7939
31.8952
33.2707
32.3729
32.2533
33.0247
37.2051
32.2496
33.5317
35.5043
75.2581
35.6455
33.8135
34.3004
35.9526
34.5188
35.517
33.7886
35.0766
35.8994
33.9651
34.1346
35.5073
35.3545
34.1755
33.358
34.4892
35.2437
39.2178
33.6243
32.9984
32.0439
43.4596
31.9539
32.0993
42.3818
34.2476
33.1535
33.3552
32.4133
32.7709
76.3916
36.2252
33.974
33.994
34.0453
35.7749
32.458
37.283
32.9186
35.3145
31.625
43.7951
34.1784
32.8685
33.8505
59.5872
32.4018
35.2335
34.1259
45.4185
34.5113
32.8618
46.0194
50.6739
36.0163
35.8526
35.0883
34.5758
37.0993
41.05
37.1843
34.9719
44.7803
56.0628
34.5794
35.4391
35.8183
33.6817
37.9845
34.6806
35.0516
35.0762
34.6845
67.8277
35.1207
36.0284
43.8592
41.1907
39.4078
36.108
36.6208
36.4506
35.5417
36.0578
35.6317
56.066
36.8968
36.4979
37.1889
36.8612
36.6936
37.1546
39.5644
39.1801
61.0326
39.4851
39.8121
62.9523
40.476
39.7335
38.0262
39.5371
38.5888
38.4074
38.694
43.1772
42.9199
37.8927
38.9792
37.9603
40.3186
38.8369
65.1727
41.8233
41.494
46.9865
50.405
40.1245
40.2292
40.5239
40.9993
39.5773
41.8615
41.3309
40.6126
40.8969
39.0057
39.6537
78.989
40.6159
52.6079
40.5126
41.4683
40.349
42.1466
41.5968
39.1901
40.623
52.8994
40.3586
41.0095
39.503
51.8717
56.6373
39.5459
41.8624
41.0919
40.7431
39.6646
47.0682
41.8255
39.8478
39.9407
41.9078
41.6472
42.9978
41.7651
41.0898
42.4367
41.0605
67.228
40.9377
57.5476
41.1973
41.1325
41.1084
69.5349
40.679
49.9059
40.5327
40.7337
40.1071
39.6726
40.1043
41.6862
39.0016
39.9526
40.6831
59.6131
58.8251
39.5187
39.594
38.7956
41.1798
38.2249
59.7287
39.7353
38.8992
45.4289
48.5987
48.5484
39.9337
38.6624
38.1672
37.7774
55.6986
38.4827
37.2185
38.3731
37.1393
39.2003
38.2641
39.0047
38.2965
39.4844
37.3524
39.6196
48.0623
39.269
40.5525
41.2899
39.4553
41.8284
64.4176
39.7578
56.159
43.7164
38.6738
38.8941
38.6445
38.2946
45.561
37.4976
38.2801
38.9788
37.6715
50.7436
66.5402
37.92
38.4156
38.8805
51.9439
38.0523
38.204
35.9328
35.5813
35.902
37.304
35.2065
36.6591
35.659
56.2734
57.3907
35.7746
35.2774
37.9058
35.199
35.3681
36.3912
52.2235
61.7578
47.3266
37.1338
34.9927
35.1785
36.9367
36.788
37.1936
51.9543
36.5101
35.3442
49.0923
36.0811
38.4241
40.7608
41.134
56.9399
38.4498
36.9357
38.2948
36.6053
36.3258
64.0685
55.8569
56.1341
38.3325
37.9215
37.9864
37.7908
37.6407
38.1592
63.2284
51.6907
38.6902
36.793
36.3566
36.3142
46.7901
35.5569
49.7976
37.058
35.1601
36.3791
36.3053
35.261
34.2151
35.087
35.972
35.3459
37.0165
38.2573
37.5909
37.0728
36.7159
35.1498
35.0789
33.527
33.7249
43.0542
33.2734
34.1442
35.064
32.9566
32.814
35.5857
33.7996
40.395
33.2437
33.4501
33.38
32.9923
33.7606
33.3436
32.5115
55.6482
34.7577
33.3318
34.5258
63.1784
34.3406
34.6604
33.1357
40.7008
32.4877
32.0958
57.1188
32.2621
32.549
32.4348
33.2175
32.3558
33.0717
33.8841
60.2331
55.4361
32.4939
60.3203
33.9777
33.4638
32.4153
33.2531
32.1631
31.0974
31.7987
34.1762
33.4808
32.5278
32.9029
32.9911
32.7915
33.1365
31.9586
32.9058
31.9151
33.5793
32.3679
33.3903
47.1924
34.4434
33.5331
33.5428
33.829
42.1316
32.7266
34.3108
35.069
36.1426
50.7909
36.1654
47.8062
36.7229
36.3291
51.3793
36.846
36.5391
36.4531
35.8294
65.7062
49.4256
36.5263
52.1334
34.8581
36.8511
37.1122
36.9755
72.1122
53.1818
37.6043
48.8769
37.1726
36.8992
37.1152
36.5852
47.277
37.394
37.6502
38.3944
36.9847
38.5946
38.6497
39.5711
38.0227
38.2254
37.095
39.9239
40.5759
48.7802
39.0652
38.9149
40.5054
39.9898
53.9865
41.4089
39.8871
38.8765
37.5428
40.635
41.6912
42.4704
38.6163
38.7191
38.0329
39.879
39.1588
39.1312
74.8772
39.6659
40.7034
40.706
40.1047
57.8029
40.7947
42.7796
52.7423
41.2009
38.9475
39.0925
39.4925
39.5173
51.2417
39.8965
40.0228
38.1564
38.6468
38.7391
51.754
39.5737
39.7999
39.8841
39.4928
72.1193
39.6784
71.792
41.3879
41.0136
40.1023
40.1904
39.7083
52.7717
39.4753
39.8526
39.4241
42.8262
57.4578
41.8808
68.5249
39.4495
43.78
41.8339
39.0125
39.5014
38.8412
39.0204
39.6824
41.7427
39.5059
38.9562
63.2604
40.5417
40.7151
40.3734
53.9892
42.1548
67.7846
55.1351
41.263
41.8268
38.9814
40.6439
40.289
41.1069
48.1659
69.1787
38.3269
41.3674
38.739
40.5362
55.0916
39.0919
40.9216
40.1999
39.2684
39.5667
40.7344
37.18
54.4067
39.9088
63.1959
37.557
38.7724
37.9864
36.9542
48.8854
38.3025
56.9471
47.5121
36.684
47.2599
54.2199
73.5013
37.9309
40.1157
39.9905
38.2149
38.9779
38.0116
38.216
64.7461
41.0688
39.2585
39.9402
40.6929
38.4605
40.2365
39.7562
39.5349
40.1298
39.9698
39.7682
39.8109
39.3901
38.2827
49.5414
38.6088
38.4115
39.1098
37.9433
38.1104
48.0901
37.0423
35.2366
46.1494
35.4397
36.3944
36.8315
36.4884
36.4182
49.1092
35.7152
51.6664
47.3764
64.5915
40.2555
38.8721
37.6551
52.7424
38.4642
37.357
36.4597
38.4226
36.6193
43.7352
46.0743
35.1332
37.2783
35.8803
49.3798
37.0234
45.4359
36.0627
37.383
58.2786
35.5252
35.6224
37.2498
35.3034
53.8869
34.8379
35.8962
33.5682
32.4864
30.9993
31.3623
32.5322
33.5591
34.0568
35.5825
32.3583
36.1901
38.3771
34.9063
33.5313
32.4953
33.0529
34.4961
35.8409
34.1508
51.6019
35.4544
34.6301
36.1105
37.0286
35.3334
35.5626
34.2666
34.8655
37.4886
48.773
38.215
35.4485
36.4988
37.9684
34.9417
33.6022
33.8203
50.6751
35.3252
34.7615
46.8256
34.0154
34.34
34.1573
33.7908
34.6473
32.9828
33.157
35.5719
35.9609
33.3506
35.9006
35.8963
35.7126
36.4609
34.5317
51.6273
35.8453
35.3324
37.5228
50.9825
35.606
37.3389
36.6719
39.0231
36.6565
36.0835
36.1456
35.917
35.8891
66.9319
51.729
50.1393
40.8879
49.8837
34.9471
59.6033
42.5824
47.2904
47.9899
36.0619
37.1643
35.2359
36.6827
34.3988
45.1512
35.1606
36.3532
34.7137
46.5683
37.0307
35.2597
35.7819
35.5709
34.6431
33.9606
35.0751
34.7288
35.1294
34.8992
33.9383
54.2599
34.7168
35.2742
41.3246
35.1992
34.9514
36.6076
36.2996
35.2848
35.7354
36.9358
36.0387
34.894
36.2585
37.7154
36.0051
37.3236
37.6586
39.1078
37.9945
35.3646
72.3132
37.7402
36.9362
37.5484
72.0677
57.3438
55.8316
39.1222
49.5762
38.7141
38.6186
38.9266
56.6404
49.4531
38.5016
38.1123
52.267
44.2673
57.1992
54.9924
39.1844
38.6102
44.9752
41.841
38.5075
39.5047
39.2242
38.3097
43.5344
73.1343
41.7047
41.1326
40.1013
72.5209
41.0065
38.8113
39.3673
40.4117
40.475
39.7605
40.8098
61.7828
39.2753
41.0819
39.9061
54.7094
52.1874
40.8155
41.6577
42.2152
40.3629
61.4348
42.0134
58.1302
41.8067
42.2724
41.371
41.6231
42.4958
42.1029
40.747
41.4581
44.8979
41.6017
40.7995
45.0794
41.6128
42.2582
41.8444
42.0609
54.6418
43.5107
41.441
41.6613
44.0872
41.7794
41.455
61.3685
43.1034
42.3958
42.3785
41.0204
41.4163
42.611
41.6659
42.1601
41.6516
40.5154
42.4173
40.0845
40.6372
42.6053
52.769
42.3886
45.0956
41.2124
50.749
39.7757
39.5734
40.8248
41.8422
42.0806
77.3095
39.5627
38.7065
39.0527
38.0242
39.589
50.9636
38.3291
37.2074
39.2031
37.6018
38.1559
39.8548
38.5644
38.5701
39.4178
40.9
39.5101
41.5237
39.183
38.4525
40.3234
52.2751
40.4278
54.3199
39.8296
67.2755
66.5022
42.212
38.1161
50.6282
59.1009
37.8056
38.1446
50.314
37.8784
37.3965
53.4927
36.2279
36.2986
46.8135
35.8522
35.371
37.3255
53.8119
55.1844
42.6042
39.2762
34.6469
35.2563
40.7456
34.1739
37.3659
33.902
37.2567
51.454
47.7204
35.801
35.7623
36.9255
37.2848
36.1826
38.3797
36.4246
37.0169
42.7423
48.5062
37.8849
38.9137
58.6055
38.1659
38.2535
39.3032
47.371
38.373
40.3429
38.9277
38.5246
40.3728
38.9446
43.2483
44.2125
42.4392
37.8248
53.3083
38.1585
52.3032
39.5323
37.7924
70.4178
41.1513
37.9042
37.6177
38.8223
36.8944
38.1482
36.7823
37.3979
38.1804
39.626
55.8656
38.1701
38.0433
38.9134
37.6309
38.7863
38.0567
38.6646
38.8833
37.2214
53.4933
35.3616
51.5185
34.9648
51.5453
37.7452
34.1953
36.5038
35.7788
38.5542
35.6786
36.4751
35.5904
35.7861
35.2996
46.2725
35.6115
39.4774
36.0068
34.9584
35.0112
33.8352
34.3484
34.6823
35.0988
34.7513
36.0109
33.6142
32.6383
33.1205
32.0044
34.128
34.2498
34.1931
32.7723
35.8249
33.3988
34.2982
35.5463
33.5242
33.6076
35.059
33.1085
38.3304
35.135
37.776
32.7154
34.6643
33.0941
33.1472
35.5663
33.3102
32.3482
33.687
33.6516
34.1374
33.6428
42.382
47.7277
45.709
47.5571
33.8162
34.997
34.8337
33.9447
35.8932
33.7772
42.1024
36.862
49.6769
35.4715
35.2132
55.3375
35.7843
38.4236
42.6854
35.7642
38.7444
36.2143
70.5725
39.8278
53.9532
36.5852
46.8317
35.5641
63.8635
37.9289
36.6789
57.7089
41.8374
37.6783
36.6965
53.5717
49.9407
36.7089
39.704
39.6232
59.687
42.4071
39.9581
39.3182
47.8183
57.9556
43.7316
39.1463
39.7686
48.7911
40.3098
40.2114
50.304
39.4648
39.6995
38.6974
60.8259
54.4678
79.6424
41.6564
39.9854
38.9274
43.0292
40.6393
38.3843
40.0967
51.7828
51.1636
41.4477
39.536
38.0331
61.3963
39.8481
38.5503
40.0496
38.0938
39.0125
40.9096
38.6456
39.3838
55.3269
39.2042
71.2585
49.5701
40.6039
39.8551
39.7174
57.1233
39.3611
40.4467
38.7979
42.0373
59.5212
40.2276
40.4015
41.9277
39.1671
40.761
39.4272
39.5501
59.9149
67.1241
39.8207
38.574
41.4424
39.4468
38.7062
40.9805
40.992
58.1676
41.758
39.924
40.8825
40.911
42.3897
39.7682
40.3087
40.7028
40.4086
58.4175
39.8772
62.6136
42.4447
41.0633
75.707
42.1751
39.9245
40.9302
41.2713
40.3484
63.1134
40.6106
40.5296
39.8596
40.9924
59.3951
41.0318
53.0282
66.1665
55.2617
55.7549
41.9202
61.2028
41.7393
41.1664
40.856
41.0514
41.5135
41.4464
41.2042
41.3331
39.3434
40.4991
39.816
40.5169
40.0146
66.4989
39.8945
40.3088
42.5311
40.8256
41.5694
41.4621
40.7483
66.334
40.0764
40.2168
39.4963
72.1773
40.4752
40.4417
38.8632
39.8093
38.7309
40.7408
40.6981
39.4729
41.0254
40.2111
39.5403
40.2019
38.9523
41.271
38.9311
40.5233
40.1212
73.5272
40.0915
40.001
40.3261
45.1926
39.3925
60.9283
56.1512
53.2507
40.0176
53.8954
38.486
38.0989
51.9901
37.5313
36.2895
51.8936
37.7142
38.0205
37.6226
40.0371
40.4191
55.1815
39.265
50.6829
38.0085
50.0164
38.3019
38.9342
39.9491
48.7125
61.3612
38.5951
41.0526
41.5591
42.9404
39.804
35.1002
37.1282
38.5207
37.5359
53.3883
38.2323
39.2762
61.4108
39.25
38.2751
52.1122
36.6845
37.6569
35.8349
35.211
36.1022
49.9567
46.0055
33.4408
45.1528
32.2956
33.5026
33.785
65.719
36.7124
33.2307
35.0187
33.9362
33.6619
45.3451
34.6153
34.6018
52.2207
46.8314
34.0397
42.1435
34.4743
35.9868
34.7834
35.277
36.0065
36.5506
35.6227
37.6226
36.15
35.766
37.5017
37.7099
36.7499
36.9342
59.398
35.7019
36.9155
37.8089
36.1453
36.9809
36.265
35.4699
33.8397
36.5291
34.5781
35.2488
35.8781
34.8309
36.0924
34.7739
34.3179
35.7926
36.4109
34.6548
35.1964
36.1231
34.9071
33.7329
33.5304
34.9076
35.2992
35.1401
34.7867
47.4911
34.3242
35.7777
35.3047
56.9404
35.9075
35.1428
35.1515
37.0473
61.5628
37.6268
51.3978
37.8656
36.7227
37.9518
54.4058
36.7425
37.2484
34.368
48.769
37.1685
35.3375
35.6087
35.7225
35.8831
64.922
36.7093
76.242
40.3902
36.5149
35.8423
36.372
36.4347
35.7864
35.3355
36.1346
35.8242
36.7727
52.102
70.0777
39.9632
36.1485
35.8027
38.5502
35.9866
35.0965
36.2477
55.7794
63.6165
35.3583
36.9923
37.4478
37.9794
40.248
39.0245
38.8404
37.792
54.7545
40.1142
41.3543
40.9508
79.1866
42.2037
39.1343
42.1212
41.011
54.8656
39.1103
39.6138
39.1214
40.4731
53.9721
40.8123
40.9956
40.8776
39.8902
43.8313
40.2509
39.5101
47.8828
40.5687
39.3913
39.438
40.7223
55.4508
57.0737
40.8288
42.0487
41.0368
41.9323
39.8421
44.3573
42.577
38.9414
40.7267
65.5192
42.3914
40.5439
42.0148
52.5216
41.8753
50.7033
41.3275
48.5919
69.5456
41.5093
42.1358
42.3419
43.5903
57.0518
59.4826
43.3744
41.8995
43.8757
42.1378
42.0154
54.286
43.4409
42.9447
43.1866
46.3601
42.737
42.0049
41.6228
61.8647
44.292
42.4201
42.0463
49.459
42.3932
42.0005
43.2522
42.2785
41.5914
50.6747
55.442
61.9939
39.4897
39.5439
40.2928
54.5536
40.7295
60.7863
41.1782
55.7246
39.7896
55.8488
39.1256
39.5246
77.5698
40.6092
40.6706
58.5439
39.7849
39.5791
39.4861
39.4558
39.3442
38.1133
38.4469
58.1376
38.7965
41.6269
86.857
40.5549
40.4245
40.8068
62.1322
55.59
39.6594
40.4721
41.151
49.5621
40.2477
74.9398
48.1752
40.5581
42.0739
40.3552
47.9053
63.8577
43.3155
40.8704
40.6569
41.6756
39.3079
38.9399
71.2823
39.7469
37.6572
54.0309
37.1293
37.5108
39.8648
50.7426
36.5807
37.7871
37.229
37.1802
50.1755
35.8507
35.9284
49.5289
33.5514
34.118
36.6683
36.7179
34.4349
38.4802
34.9877
34.0479
36.1261
35.8421
36.5503
35.667
38.4328
35.1911
43.6138
36.5741
36.5096
50.6275
51.5787
37.1556
38.4061
36.9002
56.4579
38.0176
37.2113
39.1488
38.0096
38.2905
39.5104
38.3107
36.7985
36.3344
37.4155
39.1209
37.7955
37.5127
38.6057
38.3121
38.5785
37.8963
36.8854
36.4154
37.0901
37.5615
37.4446
51.922
37.8574
38.1985
39.5285
35.4918
50.4895
35.297
35.1423
34.8101
59.4206
34.8188
34.9088
56.3812
35.3251
36.4443
34.6789
34.3673
40.1402
35.3404
35.6915
34.7014
34.6574
34.3365
34.2822
35.5219
35.3367
35.8156
63.1557
37.4711
34.9019
36.1226
36.1182
36.4655
35.34
63.8487
39.0022
36.7392
36.6165
34.4828
35.197
36.8107
37.0399
36.7635
75.7709
38.9244
38.2694
59.7283
53.4811
38.2047
71.6667
37.5531
36.7395
37.0114
36.5931
37.7882
37.4029
55.6327
37.3504
37.0159
35.8198
36.6411
35.4826
35.8808
37.4599
52.452
58.3047
36.8449
60.254
50.0523
36.6313
35.9936
36.6312
35.9628
45.6342
35.6002
36.7048
36.6044
35.3844
37.3068
36.5845
36.9116
36.3771
38.0322
36.6746
37.5115
37.2925
36.4075
37.9184
38.063
37.2204
38.6102
51.2989
37.2681
39.016
66.8434
71.7139
39.0576
38.7079
73.8772
38.3654
40.4576
38.143
59.3905
41.8846
39.9424
38.2835
38.882
36.2053
38.7519
39.029
39.0556
58.11
41.7205
39.9941
39.8873
49.8498
40.5143
47.5799
39.9569
38.2198
38.888
43.2703
38.9946
40.4259
41.1253
40.746
40.8134
40.0499
39.3666
41.0827
40.9064
39.2264
56.9448
41.8937
41.42
38.9855
41.0069
39.4075
39.7148
40.2486
40.8234
39.3303
52.0134
48.3521
39.4057
41.3138
40.828
39.7828
42.0472
60.697
44.7238
40.3204
39.6866
39.2627
40.1775
39.6319
40.7137
41.2802
39.7096
41.2794
42.2203
40.7119
40.9866
41.5478
43.9598
41.1801
50.6629
54.0941
40.5594
40.9975
41.139
54.3781
74.5859
40.0761
38.9985
40.5071
42.543
39.8731
41.6887
40.0321
40.7011
42.5756
40.7372
61.0151
41.0661
41.2405
59.1823
59.2029
42.345
42.0341
41.3846
44.616
41.377
41.4014
41.6655
41.242
66.5591
40.5945
40.9444
42.9123
42.2577
41.9318
42.5364
41.2703
41.3504
41.233
40.4062
41.6557
42.0673
40.8309
40.8789
40.0663
40.3369
71.2197
42.5181
42.6514
39.9837
41.1009
40.1061
40.5438
40.2871
51.8873
40.0696
42.6196
56.729
40.6587
40.5648
39.8377
39.2198
52.0936
43.2341
42.2494
47.8403
49.5955
42.8708
38.7129
40.9306
58.8896
41.5268
40.4448
40.24
56.4073
40.789
46.5053
42.704
42.963
43.1273
42.5944
42.8804
45.1528
43.141
42.1987
43.0246
43.5278
42.5072
42.6975
43.7094
64.8352
41.9034
43.3857
57.9022
62.2677
44.9097
42.6983
41.196
43.6696
42.4002
44.2172
42.0142
43.4105
45.0604
42.5779
41.0107
39.9202
67.4421
40.6717
52.1924
37.9014
42.3461
37.8688
38.1225
57.142
38.6687
38.7529
55.4789
38.4235
57.3116
38.5228
43.9417
53.1194
38.2618
38.2316
40.4978
37.4543
51.7933
44.3524
39.0364
58.911
45.728
37.6174
36.2537
37.4884
62.1891
38.8436
62.2781
37.9949
38.4906
38.5684
38.1216
37.8328
36.76
35.4354
37.3188
36.9713
36.5526
34.9678
50.3897
34.4594
58.9243
33.9532
32.6773
34.9608
34.8678
62.1733
37.9063
34.1907
35.9705
35.9499
34.8424
34.5951
34.2916
33.6413
34.9787
35.5593
75.702
36.1427
35.4645
34.587
34.3942
35.6916
35.4965
36.3501
35.9851
36.1566
17.7621
37.0606
37.7516
37.0534
36.4963
37.8787
37.7126
35.4813
69.0874
36.1023
36.9085
36.5822
36.4303
34.9469
36.0116
50.0688
46.9327
38.3448
36.7068
35.2675
36.1248
72.7455
50.2582
35.5326
34.4181
35.9792
50.0906
60.1409
35.3371
41.5398
55.4085
47.5606
34.2914
35.5835
48.3546
47.6229
67.5309
35.5593
35.1887
37.0147
35.6313
35.0857
36.2762
37.4261
37.4234
52.7183
35.9774
36.4002
35.2009
44.1429
36.416
35.9226
37.2421
36.0913
35.6148
36.8717
37.2116
74.7218
40.7569
38.7613
35.1785
36.6959
36.4986
35.4817
35.1326
35.5666
36.6931
37.0891
36.9663
36.0628
67.3033
44.8122
44.3526
37.9597
49.6272
38.2523
37.6579
39.2897
39.0294
39.3987
38.5743
37.9646
39.4459
39.2371
39.7603
39.4074
58.7623
39.7521
38.298
42.0406
40.3628
39.9812
40.5367
40.4774
39.7048
41.6598
40.1421
38.9401
39.5799
39.635
48.4441
66.1781
44.4336
40.204
51.3914
42.2437
51.505
40.3132
40.0969
53.2861
72.8075
40.1662
42.6165
39.5548
53.5297
39.7955
40.7525
39.4043
53.8604
41.7906
40.7998
57.3961
41.861
39.5658
40.3435
41.9692
76.3806
39.7414
70.7349
41.3616
40.3723
41.7802
39.9175
41.1066
41.8918
39.9243
40.8371
46.1894
42.2692
41.7019
43.1217
41.5289
42.23
54.3544
70.5876
40.4258
41.5976
68.122
42.2749
41.6843
40.5629
41.185
40.3964
40.6131
57.8065
40.7308
40.4871
40.3007
74.6205
41.7225
41.5466
41.9654
40.6986
40.2801
41.1479
53.5895
39.2808
39.8231
39.2519
49.5019
40.3281
38.2938
46.8067
40.2633
38.5031
38.3811
38.9414
39.0013
38.509
43.0428
38.8701
53.1426
38.9768
38.1551
40.2266
39.2438
38.04
38.3418
38.2
51.9355
41.0288
38.3
39.8006
38.6542
39.628
38.7818
40.0058
43.5505
39.7821
39.1022
38.6624
39.7362
48.9626
68.3619
63.1724
38.3805
40.9877
40.3007
52.2009
65.5355
40.3477
39.5128
43.11
43.1396
42.2796
52.789
54.9665
39.954
47.1366
56.9585
57.629
39.2648
83.1062
42.8851
38.5966
36.5591
38.4235
40.8748
38.2921
38.1182
38.5712
38.3525
38.5783
37.7564
36.4493
37.5635
37.7675
36.7049
37.2052
36.3227
35.8486
36.7059
44.038
36.0752
36.3058
39.0053
36.7107
37.2272
37.0874
59.8533
37.2637
36.6901
44.2167
37.7861
36.5143
50.2025
37.3217
37.4989
37.6456
37.5899
57.027
36.8697
36.6846
36.5652
37.6529
50.8709
37.797
36.0281
36.5036
36.6567
37.5708
48.4889
40.1452
38.6693
38.8318
38.0849
39.0382
38.54
38.8388
39.0787
36.3596
39.2192
38.3453
36.5845
70.8094
37.0599
36.7924
39.1007
38.3501
35.9736
52.1442
37.9447
36.8777
47.6979
35.3384
36.0969
39.1033
42.7067
43.0443
66.4979
38.6857
37.3391
37.0967
35.8677
36.651
35.5279
35.3119
36.1279
35.1513
36.51
51.3626
35.7683
36.0782
35.6006
40.5914
50.1947
35.3492
50.3798
38.0035
49.1472
37.1856
36.037
53.5545
36.6116
45.6844
36.4804
36.9864
38.5676
36.5571
37.4843
50.96
56.2216
70.1935
37.3892
35.2894
35.6897
36.4473
36.4034
54.8732
60.6779
36.1294
37.9376
36.3712
37.7406
37.1114
36.3175
35.9612
44.0364
36.7139
38.5354
38.3724
35.6096
62.2033
36.8725
35.8443
39.2231
36.0506
35.3383
35.8824
50.2569
43.2816
36.2774
35.8965
35.3095
34.3272
34.7467
35.2133
34.5462
44.1696
56.709
36.1033
36.7673
36.2898
37.1603
36.5353
46.0168
36.466
56.5933
37.5633
49.7921
39.8823
41.5244
38.8704
41.5884
41.3209
40.7922
57.8256
41.1898
40.6613
51.0106
40.7187
41.1802
39.8005
41.0898
39.5468
40.7932
71.5607
40.1949
40.9376
42.122
52.4095
42.0623
43.144
41.5605
40.6644
41.9094
40.6547
57.0825
41.5915
41.6528
59.2715
43.1949
41.9031
40.8977
41.1403
41.4158
44.6401
42.2683
41.2482
43.0189
58.0465
39.5559
42.6693
42.63
42.5057
40.9944
40.3014
41.4918
43.8745
52.3396
40.2926
40.8269
58.2826
41.0276
40.4026
40.654
59.7409
43.7026
42.1673
41.0209
40.8376
40.9987
53.4686
40.5605
59.9616
40.9335
54.1915
39.9133
39.5358
47.3276
39.9063
40.1866
40.1179
54.287
39.9003
51.8019
40.8158
39.0271
39.2747
39.8939
40.4045
41.3734
61.0113
39.6876
39.8391
41.5347
39.3265
39.8501
68.5591
40.539
40.1634
40.0364
75.5091
38.2308
42.9423
42.0939
58.8654
40.8588
40.7786
45.2204
42.4625
41.5599
43.5248
40.346
39.9188
43.9047
41.0156
42.7679
41.59
42.6504
41.1183
41.5712
60.9667
41.1789
40.8667
38.8709
40.781
39.3184
40.8327
50.2992
41.2971
39.9006
39.9961
40.922
44.4046
52.9555
43.9622
40.1338
70.3176
41.5259
41.5117
40.5162
41.2249
39.7713
54.9911
55.5981
57.0114
65.0515
39.251
39.2963
42.6325
40.3072
41.0912
40.9428
58.1415
43.025
41.1008
42.462
42.2891
65.025
41.6476
55.5827
42.6566
42.0602
42.3717
40.5749
42.7153
41.7114
41.4094
52.8273
42.5015
41.8897
41.7623
42.1792
41.6725
42.4026
45.3682
42.1633
53.8311
43.2518
42.9309
43.6246
54.7925
41.1809
42.3327
41.0061
57.6476
52.2175
55.8994
40.654
39.7355
38.9279
42.3494
41.1884
53.1294
48.7918
41.8623
41.2426
39.1736
44.1063
52.5658
39.6076
62.9985
42.5271
41.8007
39.8893
39.6332
41.0214
43.2071
41.7227
54.5652
52.5519
39.9208
55.4827
54.9231
43.8342
37.7883
38.0664
39.3282
51.7967
37.0731
39.0426
37.584
67.6547
37.6357
39.6022
36.5748
37.7627
35.7345
34.7083
35.4037
34.8381
33.3479
34.1595
31.4886
34.1616
35.0839
38.2755
34.5279
46.7526
34.7579
43.2409
34.2613
34.3438
34.3116
34.5379
35.3728
33.9549
36.4824
34.2011
34.3893
34.7494
43.0073
51.5758
35.49
42.4724
48.3884
48.845
35.6174
36.3861
35.7284
34.668
38.6766
37.2273
37.0358
36.8729
37.6633
37.5036
40.961
51.2797
38.0503
35.9935
40.8155
36.1452
35.1979
35.5521
60.5353
35.8315
49.6255
36.5702
35.3739
35.5281
36.3953
35.9963
37.1899
37.4493
36.1766
37.4798
37.4152
61.1172
40.256
36.1195
46.622
49.5575
34.7935
35.8015
34.7505
35.8915
34.1005
61.0833
34.5031
36.4653
47.6987
35.9243
36.2905
36.0179
35.5827
37.6427
37.7468
36.0743
37.7809
39.3731
37.887
37.4443
38.1582
37.1712
53.2783
37.0335
38.6006
36.0158
37.222
36.2315
35.5079
37.3892
37.0675
60.9013
41.0722
36.314
36.715
38.3739
36.7692
36.4099
36.1228
36.3793
37.4502
37.9431
37.8467
40.1404
37.9208
38.2397
38.1556
37.7398
35.5315
38.6943
57.2958
39.3249
37.2863
38.0717
38.3059
39.4476
44.7687
43.6405
38.0839
39.1808
40.5133
40.8938
43.1027
38.6227
40.0952
38.5924
55.2671
60.6855
39.264
41.1833
51.3236
40.7586
40.106
43.8192
40.8193
66.7808
38.8227
40.7106
39.9783
39.9662
39.5255
75.7916
42.8177
46.4096
42.3858
41.7465
40.7119
40.4616
39.7823
52.5282
39.5175
40.8487
56.6072
39.7486
40.3905
58.9452
47.5249
55.5336
41.8174
39.3983
40.1937
39.8219
39.2803
40.2123
43.5517
41.1015
39.9409
40.8419
61.9028
40.5291
40.7449
40.0123
41.6222
39.4237
39.8978
48.8365
41.3439
39.2043
39.571
40.4122
62.0532
40.5917
41.039
40.6706
40.4853
40.1493
39.2207
39.9811
42.3435
54.1419
38.6838
41.2803
39.365
51.1156
58.1293
58.27
38.3536
73.4056
39.7337
41.0326
39.8612
37.874
38.1547
39.9785
41.5797
67.9796
55.8961
37.9284
37.4518
37.4841
36.093
37.77
72.0152
53.6103
38.0822
36.7583
35.2869
37.5777
38.0304
54.3824
37.9324
40.3041
39.2678
37.1128
38.3663
37.6496
37.7262
39.1675
53.6497
38.6023
39.3809
39.8984
48.5829
57.7246
50.6749
39.9146
40.307
71.6704
40.2381
64.9033
39.5067
39.7968
66.5815
40.5896
38.5533
39.7596
39.956
39.514
36.775
37.6405
37.0123
43.1991
38.2392
38.0245
36.8739
36.1839
35.3231
36.6997
61.9553
39.8282
36.5361
39.0393
36.9987
37.6562
36.1436
37.1693
64.0308
36.5465
36.8158
36.6121
40.8312
44.2344
34.9805
37.8639
36.651
36.3998
37.2669
35.5945
37.662
36.8921
36.3599
37.5507
37.8546
69.9596
72.8296
36.6466
37.1799
53.4137
35.9575
36.3572
36.5169
36.1819
37.5037
35.9793
34.6784
56.0694
35.5576
48.8555
58.6291
38.2522
45.9741
35.6874
35.1455
35.9345
50.2631
35.3153
34.4393
32.4025
33.6678
33.0694
32.88
33.1752
32.8651
46.361
34.3305
32.1184
31.6208
31.735
31.6618
31.4641
32.0971
33.1848
38.8345
44.8575
33.9821
46.5783
32.4122
32.9035
32.1072
34.2642
55.5409
44.5128
55.4642
32.1593
32.8326
32.8709
42.7202
32.3816
43.3205
31.8631
33.6438
42.1712
30.7214
29.921
31.8505
57.1726