43.5948
33.2927
34.1278
33.9525
32.9955
34.4136
35.1407
33.5973
44.3941
33.658
33.4733
33.9599
34.2923
43.9897
34.0064
34.9821
34.5383
34.2878
33.3573
50.0009
33.569
65.9213
34.1299
34.9232
34.353
56.1614
39.9365
49.5556
33.5554
34.7734
32.9733
33.4685
34.9632
34.1622
47.2427
33.5275
35.6585
56.9877
45.2678
33.5513
34.3966
33.4124
33.8538
40.0553
34.3657
33.0951
66.3971
34.7313
33.282
36.4016
35.4363
35.2545
33.6431
43.8808
35.2642
36.5233
35.0377
32.7426
33.9567
35.1838
33.5803
39.6119
34.3443
54.5946
33.6283
54.0088
33.6951
34.1447
34.148
35.0422
34.9378
34.4506
33.9229
34.2569
36.1527
33.7682
35.5136
33.942
75.4468
40.0791
35.4653
34.4577
34.3511
34.2384
34.5515
33.6752
35.3324
34.2927
38.0062
79.5048
35.3486
35.9606
66.0378
51.6505
33.0752
34.0523
34.8181
33.9878
33.8436
33.0158
35.801
34.1525
33.9272
48.493
36.2208
32.6177
34.9935
37.1647
50.0195
36.6753
34.7878
34.2233
34.5098
34.4866
54.0163
33.326
49.9288
33.1853
35.1599
35.1377
33.6182
56.6539
34.8646
50.5059
33.2272
34.2557
32.9973
34.0413
35.4326
33.5236
32.9869
33.8758
35.2152
47.9774
34.4534
34.4379
35.3226
34.9978
34.2912
33.4776
33.9377
34.1639
33.0842
34.3449
33.8846
57.2178
51.6284
42.2771
33.2257
35.2172
33.6773
32.2459
52.7591
33.2941
37.8166
34.4795
53.531
33.6044
34.699
33.969
33.972
34.429
50.123
55.6841
33.4394
34.4381
34.989
35.956
34.3538
33.2807
33.1376
33.6785
51.2157
34.0255
33.8148
33.8899
36.0621
47.3095
76.3476
35.553
33.8693
33.717
34.1046
49.7011
33.9898
36.4288
34.7268
33.5731
46.9281
62.2857
49.9379
42.3445
34.0516
34.9931
34.5982
33.4049
33.8296
35.2603
33.0853
35.078
34.1644
33.3654
34.465
52.6634
46.4289
34.2736
33.8919
34.55
33.5975
36.9336
33.0265
33.4426
34.3029
33.8862
35.6157
39.5834
34.4397
32.6598
34.2797
33.9366
33.2725
35.698
33.1937
33.0826
34.0376
33.2734
33.7339
33.4601
33.56
54.7396
56.9476
37.696
43.5562
34.1099
33.9712
33.6308
33.9828
33.3324
33.1227
33.9902
34.4165
34.9872
48.2284
35.8566
34.4532
33.944
34.1437
34.0927
33.7739
34.6402
36.9371
34.8691
37.8653
41.6727
39.0754
40.8853
35.5713
33.805
33.6277
35.0576
55.722
45.8963
56.1354
40.1813
36.0877
34.2414
33.8581
34.1683
34.1542
33.7311
34.815
33.3673
33.6345
36.493
36.2114
43.8929
32.7435
34.2695
34.0506
35.4653
46.2899
34.2228
35.4266
33.603
33.8889
34.3176
39.2367
36.2708
51.9916
35.0592
34.3268
33.2973
34.0148
50.7287
56.7994
33.2177
33.8307
33.8108
33.8305
34.0641
33.66
33.4408
33.7008
45.1882
33.7712
33.7692
33.6662
70.1765
40.6053
33.0451
34.4779
51.8468
34.164
35.0758
35.4933
34.1265
33.6133
34.0121
34.2175
32.8866
34.5761
34.4215
34.3554
34.3859
34.7772
33.7542
33.8986
35.3669
34.2164
33.8272
52.6376
50.9044
36.0749
32.5519
33.7942
34.3812
33.3028
51.8033
47.547
43.6126
52.2842
34.2825
34.0616
33.6394
34.1373
33.8429
35.2367
34.0535
55.5016
33.7019
33.6171
34.4084
50.1774
33.9838
33.2625
34.4825
33.7686
34.4305
33.8562
33.841
35.6217
35.1879
61.7227
35.6694
57.423
45.4888
39.4411
45.5891
53.3942
51.9028
33.5416
33.4038
33.4867
34.2674
35.1903
34.2483
33.5237
33.3074
33.1457
51.3344
33.6835
35.1456
62.1126
34.1935
34.3748
34.103
33.3562
49.3535
51.4234
33.9634
35.918
34.8914
33.6091
34.328
33.7423
34.2033
34.4003
34.8657
54.9361
54.0298
32.8738
34.4826
35.7944
33.326
34.2976
38.1596
33.6524
34.672
36.0824
61.9323
35.045
33.9519
34.0131
40.8878
39.2261
46.1793
33.0597
34.6519
35.5411
34.5169
34.937
33.6226
65.1076
34.2576
33.7893
44.7605
34.6769
33.0068
34.745
34.4101
50.1591
33.5647
34.6929
33.6189
32.7529
33.7234
33.8059
37.3233
34.993
33.8651
32.7078
34.0823
50.2403
36.9093
52.4319
46.7712
36.8185
52.9446
35.6226
50.7981
34.1889
34.4019
34.2443
34.5135
54.6485
46.0238
34.2079
32.7681
33.962
33.9437
41.2573
47.5525
40.5384
43.1027
33.6558
33.6231
36.6135
34.999
35.3598
35.4547
34.6552
35.0578
34.0705
34.6293
35.2713
35.1161
45.9216
33.8789
45.1576
35.0135
33.6153
33.9986
34.3686
63.4714
53.0779
47.368
40.4716
34.2273
33.969
34.849
34.5398
34.1005
46.7676
33.5857
33.4781
34.0802
39.9591
45.761
34.1937
33.7005
33.7148
32.6772
51.7649
33.5596
33.5402
36.5304
32.8791
32.5546
32.6094
31.9217
42.1064
34.4005
33.1536
33.4981
33.3473
32.1264
32.523
32.7183
42.4599
33.3205
33.4934
32.9623
33.9655
32.1064
31.769
33.5499
31.6667
46.8479
33.909
47.1884
35.189
34.4915
32.257
44.7035
33.6719
32.5508
31.7462
41.2795
41.5619
33.0481
35.1403
31.488
32.0526
33.5943
32.0698
32.3617
43.6536
33.9192
32.7824
47.2897
39.6168
32.289
32.1053
31.3333
33.0938
56.5836
38.0281
31.9279
32.8216
42.5214
32.2725
34.9845
33.9628
32.3531
33.4895
32.6203
32.6506
49.6529
32.3267
31.5513
33.293
32.7877
32.9164
33.9006
32.8809
32.2365
34.9809
33.0403
33.6622
33.8202
43.9781
46.6476
35.4555
47.797
41.2731
33.924
32.3325
32.0136
31.918
65.5137
35.4544
37.4118
34.2634
31.1405
32.5671
32.0797
44.9139
33.281
32.5809
32.9582
32.8729
33.2725
46.1742
34.2256
36.0256
36.119
42.198
33.4129
34.7462
33.5229
33.695
44.6721
32.9213
33.4041
33.5721
37.6754
60.9242
33.57
34.1414
33.5238
31.5639
32.5113
33.4357
33.7525
36.0222
33.7003
52.2641
31.157
43.4011
32.3871
33.1023
33.1793
33.0643
32.3879
32.2763
49.0467
47.2006
56.2752
33.1379
31.926
34.8271
33.8137
34.2452
32.7623
32.43
33.0514
33.3108
40.8921
33.1842
33.1932
31.937
33.1582
43.3535
41.9566
38.9682
31.7226
30.5201
36.9469
56.2775
48.0501
32.6083
31.7061
32.1566
32.1109
33.775
31.9246
33.0268
48.9491
32.4913
31.7705
32.5075
32.8957
40.1084
39.6519
34.7546
33.2071
31.4453
37.9028
33.941
32.4164
32.5208
61.8061
33.122
45.588
33.4584
31.8038
32.2453
32.7171
32.9444
32.5598
33.6352
33.9982
32.5125
37.7932
33.3071
31.8451
33.7708
32.5123
40.199
32.5911
31.0602
32.1497
33.2217
33.6501
31.957
41.6791
42.3023
34.1211
32.5925
33.7275
31.2989
33.4621
32.8709
32.2252
31.01
31.7994
32.584
32.4651
32.2941
32.6383
33.1247
39.1688
34.9092
31.0993
38.7607
46.5902
39.3399
31.6461
31.9278
32.9897
41.1306
33.7787
32.8088
32.2739
31.6683
33.4072
32.2804
32.9695
32.047
31.3233
31.6653
32.9908
32.9844
41.93
56.6481
33.0771
34.1409
32.2689
36.3821
32.733
31.7743
49.4833
35.086
34.0162
33.1783
35.7637
33.3012
32.8813
32.1875
52.6546
35.1898
38.6776
30.6948
33.3126
33.6472
33.6047
33.3816
50.3921
33.1273
33.0166
53.6434
32.4391
32.6757
58.3449
32.165
31.9739
42.5015
47.7195
40.9075
31.9381
34.4263
62.9992
48.4026
32.9757
32.3753
49.5099
33.6771
33.7612
41.8984
36.9988
64.8468
33.8199
46.992
32.7054
64.6901
36.1466
32.7128
68.558
33.4326
33.7635
33.5908
32.091
42.8286
33.7305
33.2938
32.6836
33.2096
33.4279
32.9133
32.3655
33.7707
33.7929
31.2251
31.435
56.4823
38.0466
32.663
32.2981
33.3694
33.0053
34.6886
56.9989
32.675
52.3094
33.3045
33.8047
32.9936
33.5843
33.331
33.4159
35.8479
33.3314
33.6902
67.1174
61.0184
34.1021
34.2751
34.469
34.8204
34.5148
34.408
33.5387
35.4424
43.298
63.9552
36.2375
34.4394
34.6144
46.6234
35.1467
65.6822
33.74
50.9517
56.4724
33.6985
35.5491
33.8805
35.5616
33.3574
33.2945
34.0764
33.7553
33.0166
32.4977
33.2654
32.4979
33.7014
46.1792
65.152
34.9448
50.2412
44.7714
33.9274
51.5521
34.4139
32.4238
49.0939
48.7282
36.1817
34.1476
31.7819
32.2851
33.3296
32.8806
32.2798
35.6231
34.6259
34.1216
33.0108
49.4347
31.9045
57.2733
33.704
36.853
45.7846
33.7025
34.182
32.4729
34.3734
65.2461
35.8236
32.4815
32.2992
32.754
32.1939
32.2251
44.8995
34.228
33.0017
33.9562
32.4751
49.217
33.2413
33.1956
33.2915
35.447
55.8366
32.6411
34.2923
34.0458
36.5598
33.0719
33.383
34.4759
45.1734
32.0381
33.959
35.4493
32.4456
34.4319
32.8768
33.4359
32.8956
33.8114
32.5878
53.3846
36.6714
34.1447
34.9254
46.2208
33.934
43.7282
38.8062
32.5468
42.8584
33.4731
31.9428
34.4985
33.2354
32.7354
40.1107
49.6878
33.2024
33.0811
44.9425
33.2312
62.6703
34.1738
50.2197
32.5121
33.9445
32.4586
33.2018
34.481
43.2032
33.1213
33.2309
47.4987
37.5231
33.4469
31.5793
32.598
32.8874
53.0241
43.5754
33.2106
33.2497
33.1169
32.921
32.5676
33.4166
45.8522
32.8493
33.9762
44.3899
32.5309
32.0593
34.5014
32.0387
31.8231
33.6461
33.5182
32.0837
33.1138
32.4282
33.8198
33.5083
33.0816
35.8361
40.0756
43.3928
33.6907
33.6584
33.3104
32.2821
33.7074
32.6789
33.4503
32.5303
32.328
32.2327
33.6023
49.8581
49.7386
33.2856
32.4515
33.3341
32.598
48.8301
53.2798
32.768
50.2428
32.3857
33.2724
47.9372
32.6086
33.8493
32.8407
33.401
32.489
35.0132
32.1297
33.3928
32.3315
32.7399
32.3664
32.7718
33.2707
33.2734
32.2892
33.767
37.1561
33.0257
32.7778
34.6247
32.8912
32.858
33.9685
33.0075
33.0009
33.3167
33.8504
46.0772
33.5276
46.4583
33.1045
33.178
38.9668
35.4328
37.3663
34.0716
35.8121
35.303
34.0477
52.6579
33.0102
34.6507
32.9892
33.163
32.4306
34.1529
33.9257
35.6069
33.197
32.4078
32.6953
31.9638
53.3013
46.2556
32.5285
33.2806
32.9295
34.2766
32.7769
51.3767
49.4177
34.408
32.5203
31.8682
32.1422
32.9642
33.485
36.7947
32.3283
33.5543
75.5453
34.6841
35.1045
33.4528
48.2977
32.5559
33.3945
32.7871
44.6022
33.3068
33.2015
31.4691
43.8097
47.1053
32.9644
33.2773
63.9391
42.6165
34.277
33.4097
33.2334
32.9505
32.2101
33.6287
31.89
32.8144
33.4473
34.4849
32.9804
47.5589
31.926
32.5086
33.1485
32.7414
33.3483
33.9064
33.6533
33.9945
33.4472
33.8321
32.9444
32.5043
32.4872
47.6181
32.1959
32.3695
32.4383
32.6839
32.5289
32.5235
32.2377
32.0277
33.2646
47.2112
32.7335
32.6519
34.6765
32.8851
34.079
32.4682
33.0023
33.1178
32.8427
32.3803
34.2403
51.205
32.4662
54.6423
36.9413
33.2599
33.7986
32.8535
32.4713
33.5249
33.4626
33.1231
33.3527
32.0456
33.4976
33.2109
32.0135
39.9637
33.6606
34.5524
32.7425
34.1888
32.9637
43.0375
32.3875
31.885
33.8163
33.054
32.7406
32.0451
32.5847
33.6863
47.2264
35.2705
32.9757
33.2389
62.4548
37.4701
32.0389
31.7398
33.3199
47.7027
32.8823
33.4662
49.583
50.211
33.7647
33.7009
32.2063
32.5251
34.1621
34.378
31.8123
46.8903
33.1135
32.2742
34.3933
31.9495
32.5447
32.7634
47.6638
31.8683
33.3848
36.4344
33.0823
34.2713
32.4507
32.4871
32.7558
37.6846
34.1702
31.8298
32.6801
32.305
34.9632
46.3537
32.9993
32.9462
32.8282
32.2982
32.9031
49.9638
35.2441
35.4666
34.527
33.6299
32.4038
33.9431
33.1211
33.7949
31.5888
31.7703
33.8166
35.8624
33.1346
33.8409
31.9908
34.0839
31.9794
33.8803
42.8032
33.2276
33.9726
34.3626
35.784
35.2877
59.2364
33.2619
35.7269
33.9865
34.7796
33.8805
39.681
33.5253
33.6521
33.2887
34.1333
33.3184
40.8538
33.421
34.3874
49.3107
43.6729
33.2631
32.6475
34.0937
32.5631
49.4027
32.2079
35.0198
35.2258
34.384
33.1274
35.6456
32.3608
44.4046
34.7813
49.6033
51.371
47.9847
33.2427
33.9548
35.3032
32.6066
33.2604
33.8095
33.1526
33.4649
34.7413
33.5771
34.4024
33.9691
33.8322
33.3938
59.1211
49.2412
35.0031
47.8096
33.6914
32.6935
59.7591
39.3243
32.5977
43.5748
33.8878
34.1152
35.8477
33.1701
66.7084
48.2835
48.2246
43.5201
34.5971
33.2218
32.7617
34.052
33.7279
32.8231
63.1377
33.4964
34.1528
32.8109
33.3639
33.6309
32.8441
42.5559
33.5772
33.3803
34.0167
48.1039
35.2087
33.9801
35.0402
35.352
33.4848
32.9299
33.638
38.4558
33.7711
32.5973
34.1254
33.0668
33.2999
32.5746
34.8139
33.1963
42.4438
33.4177
34.5723
33.8425
33.2499
33.2178
34.4306
35.05
33.0103
35.8353
32.7058
35.3957
32.2287
32.9242
34.76
43.563
32.2304
33.4431
33.5554
32.7926
34.9835
33.0101
60.9853
55.6153
39.6463
34.2044
35.8102
33.4975
34.7867
34.4971
34.7279
33.0277
35.0729
34.9361
32.2739
34.259
34.4125
32.4483
33.1481
36.4805
34.1602
32.7042
34.5734
34.011
43.2503
46.5695
33.071
33.438
35.5002
33.2428
33.521
33.2842
49.9492
50.5446
33.5535
33.2976
33.604
34.84
33.5262
48.6093
32.5652
33.5761
33.594
35.695
32.649
33.6163
34.4562
33.8203
51.2765
34.8023
37.3164
33.7573
33.1098
50.7181
37.1062
32.9899
34.5517
34.3875
34.0063
32.5929
33.88
34.7113
44.6822
35.2676
50.2741
32.5083
34.5581
34.6147
37.312
34.0802
34.2075
33.0907
32.878
35.6701
34.2851
33.0137
34.64
32.7692
56.6861
34.4024
34.5291
33.4784
35.1744
54.9338
40.2943
33.6574
48.1271
35.0541
34.0683
39.7655
49.3095
34.1304
45.8009
42.2698
36.6842
35.392
35.128
34.6087
34.0148
34.5226
39.612
33.4503
61.0985
47.8837
45.969
33.7282
39.6772
33.5826
34.6798
34.51
34.3492
32.743
32.7869
33.4909
53.3158
33.4151
31.7596
34.5723
32.4854
31.6335
32.5244
32.7109
33.3008
34.3349
32.6146
32.1247
33.4193
32.962
31.2836
53.4084
49.641
32.8895
34.213
32.1403
31.7439
31.7126
31.7721
32.0626
31.9556
31.5486
29.9961
30.7781
30.8352
31.2985
31.4562
32.9804
31.7968
30.623
32.0574
31.426
31.2061
32.1112
31.1704
31.6209
32.3833
31.7071
34.6624
32.9498
31.6995
31.3636
31.9312
32.4297
31.3998
32.8941
30.5844
32.1177
31.4355
31.6799
32.0671
33.3436
32.1384
31.7809
30.7228
46.9011
31.1986
31.8533
32.1228
32.5775
33.0803
31.6637
32.23
32.3566
31.2046
32.6292
51.9898
31.2163
31.5782
45.2886
31.2668
36.3343
32.5534
32.0596
40.0286
32.1454
32.1331
57.9309
32.2823
31.5283
33.1236
31.9482
34.4368
32.6771
31.6889
42.7633
33.4215
30.4293
50.811
45.8222
31.5233
31.6851
32.9122
33.3418
31.6018
32.7927
31.1265
31.3821
31.9801
31.5425
32.1217
33.8901
33.7488
31.2988
31.7011
31.8048
47.6289
32.9937
32.3637
31.2938
33.7665
30.9349
31.6586
32.6336
32.9073
31.8027
31.8137
31.5573
34.9777
31.1837
31.5802
30.8273
47.3188
32.5816
31.4159
48.6467
32.3348
30.0592
45.5872
31.7471
31.7872
34.5657
33.0253
34.6938
34.7511
33.9863
49.5108
53.3869
31.4053
31.5644
31.953
31.8918
31.105
33.0186
55.7702
41.2938
56.7832
39.5667
31.9062
32.5235
31.0989
50.5198
31.3403
32.2081
31.2692
34.4888
31.7138
31.1934
31.8196
31.5736
31.5435
32.1204
32.2324
31.4858
32.4747
32.0241
32.116
42.8459
35.4635
30.9204
32.5256
31.6901
32.6372
31.8184
40.6213
31.9568
31.9407
31.7202
33.2492
31.3667
41.4356
32.7895
31.1718
31.7742
31.5024
30.822
32.8818
33.0884
31.8538
32.3582
32.3418
32.264
34.1976
32.0167
32.805
47.1937
33.5724
32.588
34.3938
36.1283
32.6307
32.5445
37.62
41.6558
34.6686
50.9537
33.0254
50.7706
36.9764
50.3857
37.9227
31.7686
35.708
35.0824
33.8783
33.2726
33.2364
32.807
34.5469
34.5759
35.3303
35.216
34.9913
34.0212
34.4657
35.4381
33.9422
38.4666
33.5048
34.504
34.2759
33.4729
34.1731
34.2966
33.9954
34.6516
34.1355
34.7122
32.9145
32.2525
34.7293
34.3189
49.664
38.1348
52.0027
33.263
34.8538
34.4741
33.771
34.2503
36.3615
34.7603
44.4632
35.1141
35.2202
36.4012
35.0747
39.5252
50.1877
34.6617
36.1631
36.7456
36.3497
35.8575
35.7491
59.3138
46.4697
36.05
35.9877
35.6068
36.434
37.3788
50.4601
70.5688
37.2549
35.2697
36.057
55.4672
35.782
52.1309
43.1925
36.363
36.4955
36.6085
35.0967
37.0713
51.7874
38.6455
43.9449
38.4657
68.1417
36.3809
38.8885
35.9121
46.4856
36.6938
37.071
36.1866
37.4011
37.4141
28.1368
39.3912
37.4137
36.8123
36.5564
36.8725
36.1653
35.472
36.1838
37.2049
38.9207
43.9008
49.1276
35.9678
53.8931
36.2795
36.4862
37.4082
52.2238
36.4632
36.1877
35.5788
35.2078
37.2463
36.1882
35.7444
36.3341
36.0111
35.9755
35.873
44.2177
36.7156
36.368
36.2351
37.4338
37.3331
35.1493
36.0943
35.3718
36.7366
35.6007
36.4492
34.9289
34.9096
48.2759
34.159
35.9964
36.0542
35.4378
35.8232
62.3611
34.0788
50.2862
33.179
34.5493
34.6822
33.8388
49.7925
33.7776
34.8789
33.1897
33.52
49.693
51.7489
34.5566
34.827
34.3909
33.8159
33.1967
33.1221
32.1864
33.3744
33.1752
33.1742
33.1824
33.5272
33.1141
37.1207
35.3817
33.5779
50.4237
34.1608
33.5658
34.0523
35.5767
35.372
33.5849
36.586
34.7325
35.06
34.4241
35.5881
35.3331
36.7007
35.4628
39.1618
36.1748
35.5188
36.4833
36.0363
43.8778
37.5092
37.9795
36.3565
35.0167
52.9574
36.1311
50.38
40.1156
32.7563
34.1788
33.843
49.9819
43.5158
43.7642
36.6255
54.0479
33.5578
65.3784
50.8747
33.5215
51.6812
49.71
34.8974
52.1587
33.1767
38.5236
34.7671
35.8987
35.584
33.5912
34.4047
32.8196
31.9816
33.8506
33.823
74.2247
34.7506
33.9325
32.6131
51.2221
47.1813
32.0039
31.3707
32.3192
33.3685
34.3975
33.0939
43.8702
32.5066
34.3118
52.2891
41.7855
31.2137
31.2891
31.9082
30.7738
32.5234
31.9355
31.6943
43.2996
33.7905
31.3794
48.7403
31.7564
52.8939
37.2362
32.0862
31.557
31.5278
31.9576
31.845
32.8188
31.5465
33.3502
40.7053
46.1587
48.9892
32.9137
31.2491
37.9495
45.7647
31.0281
31.2556
31.1971
31.2519
31.0406
30.8849
29.9118
42.7121
45.5938
30.2286
31.551
31.1431
48.6451
43.113
33.1195
31.3261
30.5173
31.8726
30.371
31.5307
32.1229
30.8562
32.2213
33.0136
31.7225
43.3943
36.5943
31.0537
30.8454
31.4945
30.4262
33.3863
58.9696
42.9
31.7142
31.1244
32.4516
32.4352
33.1801
31.9845
31.4157
32.6345
30.8753
55.3209
30.5104
31.7118
32.2594
33.9823
31.7424
62.6232
32.1531
31.054
31.9475
31.7581
33.9865
31.7494
33.794
32.3339
34.039
48.058
33.8442
32.9152
33.5218
32.7039
35.1171
32.6798
31.5533
36.5993
32.0017
32.7173
31.2169
31.0406
31.8839
32.5685
34.8372
32.1045
34.2946
33.9924
33.5727
32.8548
33.4596
32.6924
33.4068
33.4728
48.7521
47.1299
32.2098
32.7959
32.6476
31.8452
32.9365
33.8953
32.176
31.6915
47.7731
33.1616
33.2687
49.023
33.2707
62.7948
32.7407
33.6288
32.4998
43.22
34.4401
58.5639
51.6671
33.2136
33.4469
33.011
34.5195
48.1778
33.0576
52.9894
35.7817
34.5507
44.3134
32.9633
33.7451
33.7244
34.6158
33.3687
34.6653
32.9027
35.4154
33.9958
36.7007
36.0509
47.5214
35.9824
34.9748
35.3317
34.835
33.853
34.8749
33.8985
72.5384
34.6934
33.9122
49.447
36.0935
34.5953
34.5454
34.9997
69.0391
39.0612
67.6619
35.9743
34.9482
35.4621
35.3966
59.0716
54.5941
69.2755
36.9317
36.2912
46.5625
36.1714
36.67
36.8633
37.6512
36.7195
37.5548
34.7342
37.4999
35.1318
36.6627
37.8659
35.9434
36.0231
55.5097
48.5081
35.4867
52.0986
36.8073
34.4445
41.7455
34.8004
36.3262
34.9239
34.2099
49.5768
35.3
37.096
37.7936
52.2232
46.542
36.011
35.2448
34.931
37.4248
45.7809
36.6295
35.9469
34.5672
56.9563
34.0184
35.854
46.5705
49.4347
56.8152
34.6325
34.994
35.0629
36.2122
35.299
35.2359
47.103
34.0196
34.0311
34.992
33.4136
43.3793
34.3343
33.8924
34.0768
35.5598
47.6529
35.723
34.9548
36.7054
35.7658
36.6435
35.0167
34.6126
45.7695
35.6814
54.9295
34.8839
36.2213
35.1195
34.785
34.4614
43.4491
34.0782
35.1125
35.7639
41.5992
35.0001
36.6529
35.9929
37.2652
34.4102
35.0173
35.568
32.4427
63.2178
39.0662
32.4745
32.9224
33.1435
32.8494
31.9062
33.8863
32.2083
33.0664
32.5036
32.6175
34.7975
34.141
35.009
47.3958
38.5029
46.3353
32.6302
32.3331
32.3537
33.5637
50.9624
33.16
33.0429
34.9757
34.159
33.4148
33.4481
33.9504
33.8963
46.5821
33.9733
34.895
35.8988
33.8288
48.7491
34.9749
35.5616
34.8675
36.7843
34.4913
37.7826
38.2434
34.7696
34.2412
35.0407
34.6385
52.647
34.7637
34.135
55.5528
58.7325
35.4551
52.8523
33.6805
34.4014
35.2856
40.5788
34.645
33.2349
34.991
33.4829
32.3318
34.2754
35.0103
33.2311
33.2134
33.0422
33.5214
33.3053
33.3618
44.101
31.5745
32.4373
30.8072
31.5918
53.7154
30.9721
42.6159
31.2111
31.4573
33.809
42.9228
33.0962
32.7793
32.3766
33.125
30.6559
32.9271
33.9369
32.398
31.4898
31.4424
32.0768
58.808
35.3279
31.7869
30.9113
31.1994
31.3912
30.8256
32.5371
31.2833
31.9159
31.2597
30.3967
31.5515
56.0756
35.2491
31.1295
34.2866
31.5388
56.0103
30.6469
30.024
32.7807
61.4982
31.9048
30.0691
31.0894
72.0976
32.0804
31.208
31.952
30.1628
31.4038
30.3303
56.0388
32.3515
45.2955
30.6042
33.2642
31.7069
31.0678
34.9462
31.2569
30.2975
29.7064
31.3922
39.3131
39.6801
30.1209
32.1859
31.2436
30.9051
30.7406
31.4287
31.4925
29.5036
33.9454
32.6102
30.6889
30.784
30.4479
30.7158
40.525
30.8341
31.157
50.4249
51.4662
32.4187
31.7809
31.007
29.817
32.0414
29.6089
30.8845
54.3679
31.5896
30.9313
51.9319
32.7206
30.1551
30.8814
30.3751
31.5117
32.2094
38.7197
30.683
31.7137
32.199
32.7435
33.1224
32.3903
32.9289
32.5219
33.8578
33.4276
33.392
33.9465
31.9507
33.7941
49.888
32.9424
31.7868
36.4434
33.6437
32.5249
52.0555
33.1495
33.0911
44.6504
45.7364
31.1063
32.6345
31.1749
31.2639
32.1652
32.39
33.7909
45.8444
45.0902
30.9138
39.636
33.5999
30.6528
32.1974
31.5805
31.3634
32.7754
31.6926
49.9813
38.2532
32.3546
32.3239
32.0981
30.7936
35.3951
49.6043
30.6152
31.0942
31.4523
36.7982
32.9824
30.6635
31.1012
31.6421
31.7449
31.5113
30.4747
31.3681
32.8315
30.8517
33.626
31.8981
31.7789
31.9448
61.5447
39.3939
32.581
32.3203
32.9377
34.1504
31.1029
32.6192
31.6472
32.1626
32.9776
42.7935
31.5271
31.1763
32.3771
33.6906
32.0408
33.9216
33.2918
33.9752
34.7948
35.1979
32.7445
34.1479
33.3953
33.0672
33.8414
33.079
34.0123
40.3042
33.8363
48.7217
33.8664
54.6641
35.3452
39.896
57.5672
45.2947
34.9271
69.8652
37.1271
36.0434
34.198
34.5117
36.9669
34.2983
34.7162
35.561
36.2798
40.0636
34.947
43.1302
35.2612
34.4822
33.8944
35.4281
34.1015
37.4302
47.624
34.5709
35.0544
33.8848
35.3755
35.1827
49.0506
35.0996
58.3064
34.6321
36.0086
37.8932
35.6765
51.2338
35.1552
36.9753
35.3848
53.2887
43.6214
46.6567
35.7521
38.3955
50.1784
36.0088
35.7401
36.0891
35.7688
36.309
36.8193
36.4095
36.4393
36.0104
37.2186
38.1624
36.5237
36.6287
36.5683
37.3324
37.2567
37.0684
38.9301
36.4094
36.4209
37.2677
36.5794
36.6873
36.4759
37.01
37.1925
38.2036
51.9357
46.6823
36.1234
36.4182
36.0841
36.1589
37.2426
45.0073
65.8844
36.0568
35.3247
35.9962
36.0638
34.4269
36.6298
34.9606
35.3558
36.3566
48.0279
36.6949
36.3762
35.6101
37.2444
35.0782
34.9626
37.1891
37.7499
35.9543
54.3891
36.5879
35.8766
36.4631
36.8906
41.2013
37.4076
36.4699
37.0852
71.6891
38.6188
37.5304
48.6579
39.5813
39.6225
58.4083
40.1079
52.8759
38.1978
38.888
46.1919
55.5573
37.5987
37.7166
70.9434
38.3711
37.1337
37.9555
36.545
38.1486
38.9296
53.3631
38.2809
42.0534
38.054
53.2244
53.8065
38.2444
37.0809
38.0397
37.3455
37.3927
37.9279
39.1506
39.3882
43.4769
37.5019
38.2946
36.809
60.5622
36.9863
36.4202
34.8584
35.0335
36.5216
38.0566
35.9779
35.0337
36.4359
74.2148
37.4638
37.7097
53.5103
37.207
37.6512
65.6942
37.5805
60.3745
36.4058
37.6995
38.7923
37.1184
36.065
36.6579
38.3209
71.4356
40.2981
37.1464
36.5015
40.4217
38.3953
65.066
36.5594
37.6832
36.2774
36.1292
34.5198
38.9972
36.5049
36.5584
61.3947
47.3741
34.4309
35.6513
35.4597
35.4145
35.439
47.0694
35.8871
45.7772
38.2391
36.5726
35.8269
37.418
35.8512
37.9507
35.8318
40.3666
36.4494
36.2631
36.1483
36.3272
36.1974
36.3601
36.3461
35.7596
62.9646
35.3497
46.4944
36.1896
36.5627
35.7262
35.5689
37.8294
67.0605
41.5601
47.805
35.8195
49.1677
36.3004
35.9206
35.0164
35.3029
35.4034
34.857
35.9723
35.7918
36.2219
51.9524
32.4437
35.0005
35.5773
34.9923
36.2995
58.1405
59.8235
54.6791
34.9179
35.5807
36.919
36.5977
36.1325
34.5188
37.6366
34.1925
35.2052
36.0241
34.028
34.5322
34.2807
32.8805
43.5092
35.4794
35.8749
34.4065
55.7358
39.8255
35.9419
34.1808
33.7426
35.2825
35.9089
34.1187
36.4653
34.5986
35.0024
34.3349
33.6252
33.6643
33.0671
32.9012
34.3563
33.0343
33.4038
32.7804
32.3159
66.1304
34.07
34.6844
34.6783
33.1462
40.0109
32.6096
48.7984
36.5279
33.7215
32.7587
32.8135
33.3498
34.2706
34.3076
36.9007
36.7732
33.8312
33.5881
34.5883
34.5565
58.8549
35.5534
36.0759
35.9595
34.1633
35.4028
37.7727
35.2661
36.7675
38.2035
35.1571
37.4091
34.5437
36.8525
35.9375
34.272
42.8166
46.96
35.7174
35.3774
36.3602
35.4835
46.2871
35.2389
34.3683
36.0051
36.1779
34.6275
36.0504
35.5343
34.2762
47.1376
41.5149
33.3494
36.9584
33.8848
61.3636
39.5005
36.613
34.3712
36.4408
34.1843
34.516
35.7228
34.1896
37.0817
34.71
35.4397
34.8524
56.9652
35.8813
35.0408
36.2014
65.7583
34.308
35.9371
52.7896
34.7436
35.0595
34.8543
35.1825
38.5708
34.8067
35.5127
35.5167
34.6783
36.67
36.838
50.8969
52.4272
48.2086
42.9473
36.521
37.4604
35.4614
34.4316
50.4622
53.6861
34.269
35.2639
35.121
34.3924
35.5971
34.385
34.601
34.741
34.287
34.24
33.7263
34.9794
36.1891
33.8944
34.1805
43.7053
33.5408
34.6667
35.0511
35.2668
33.6799
33.9412
33.771
33.695
33.941
51.8249
34.6334
33.9303
34.1313
55.4536
46.3543
52.0324
35.4592
36.4129
57.3969
37.9937
36.7031
35.9755
35.3625
35.4112
50.4643
37.8921
40.5927
35.033
35.5329
36.0211
36.5357
36.2097
36.4051
36.3714
37.3866
39.8066
37.0528
38.2014
36.9245
38.8219
36.7557
37.4184
37.0514
52.2679
42.6228
36.285
37.3591
37.761
49.3286
36.6003
35.4338
36.7123
36.902
59.7935
46.1217
43.06
50.9678
34.9343
36.0404
36.4031
70.4911
34.9696
59.9057
36.7104
35.1517
34.8155
68.4316
37.5548
35.4414
35.8687
35.261
35.6403
42.1602
36.0956
36.013
45.1153
36.4328
50.7216
36.9629
36.9651
37.7812
36.1474
52.4954
49.6718
36.479
53.2484
36.7646
37.0403
37.2007
49.1912
46.8797
36.9862
36.5606
36.7522
36.6862
37.0394
38.5326
48.2057
36.9329
58.5441
38.3239
37.1922
37.2245
37.9409
53.3599
36.4473
37.2185
38.8773
36.7674
48.484
36.5076
37.6033
36.4771
37.5322
36.4444
36.8579
37.1562
37.1371
56.9524
38.482
37.0843
51.2199
37.7849
55.1713
64.3183
41.8414
43.0737
35.6526
35.3
39.7157
36.3406
36.346
36.4965
34.8566
37.77
36.4152
36.8115
57.4981
38.6603
37.7224
44.1923
36.4107
37.6085
37.309
37.4417
36.4718
52.0927
36.3269
65.638
40.6612
36.2395
35.8069
35.5942
35.8432
34.9401
35.5479
35.5708
34.0091
35.0996
35.3478
33.9592
36.0182
63.5523
50.0757
34.9496
36.8633
35.8082
51.9575
36.3166
36.9139
42.3187
35.5027
42.7871
36.5178
60.8926
48.3517
36.6329
35.6747
36.3316
37.1587
39.7807
36.0062
36.9141
36.9943
37.0142
37.8306
37.0425
37.1243
67.9864
36.3304
37.7299
35.8547
37.4851
35.4009
36.1181
38.3393
35.4774
34.8125
57.4568
36.3561
34.8592
42.966
39.7432
35.1904
34.3569
41.0444
35.2595
34.2618
35.118
35.5138
34.5848
35.2104
37.5825
36.5355
37.1817
36.0165
55.7157
43.7245
35.8846
71.3927
35.9147
42.5857
35.0825
36.2319
34.7062
60.1699
38.5688
35.7342
35.6384
37.0799
50.5427
39.0835
62.4306
54.7746
36.3967
61.15
33.8291
34.7239
35.0706
34.2998
35.9019
33.4438
50.4005
50.9747
34.1605
34.7031
44.9221
32.9901
33.5801
35.4812
49.6917
33.325
36.6875
33.7429
33.9651
32.831
33.4574
33.1737
59.5365
33.5899
33.321
33.9114
33.7846
33.7976
33.9617
32.7489
33.2974
50.513
48.1645
60.5673
39.115
32.6505
32.601
33.5985
35.0098
34.0378
36.8412
35.139
35.3676
36.4361
35.6647
34.8868
35.2687
35.7094
36.138
35.9832
36.6541
69.8012
52.2538
52.432
60.7266
35.6865
36.7715
34.8324
34.66
35.7007
35.4265
36.1399
37.4101
36.5861
37.5778
52.8229
36.7102
36.898
37.0819
34.8173
34.1055
35.3301
35.4984
36.8856
35.2377
50.2361
35.9773
36.274
53.6338
35.3689
53.1065
35.5335
36.7754
36.2028
36.2221
34.9881
35.3704
35.0651
35.1368
61.6361
35.7741
36.9133
35.9796
35.4133
34.6653
39.891
42.5233
50.3368
53.1244
44.8448
35.1189
36.2936
36.1681
35.6955
36.0014
35.7177
35.3961
35.7556
35.6645
35.7491
36.8983
36.8342
37.2978
36.9975
36.0267
35.9082
34.9258
35.8032
34.596
34.7817
35.4329
52.9392
35.5098
34.6147
37.4919
35.1775
45.9993
35.4157
37.3684
35.1902
67.316
36.9157
35.3229
64.5721
35.799
37.7939
53.6639
35.007
37.7576
35.1559
34.6229
35.1239
35.7667
38.5143
35.4459
36.8277
60.8209
36.3338
37.4832
36.4159
35.1415
35.8684
36.417
36.5882
34.5986
35.1259
42.529
34.9394
56.5051
48.7926
38.6709
36.6335
58.8176
35.8829
35.6829
35.8995
34.505
35.1084
35.8922
37.2551
34.8369
34.804
34.5717
35.9372
35.6755
34.6614
35.0187
49.8168
34.5191
50.1022
36.3353
36.0108
34.7089
35.6701
46.9322
35.4569
46.8452
51.8425
39.7791
37.6038
35.2288
53.1661
38.2152
36.7554
36.8079
37.3781
37.5721
36.848
37.0893
37.6621
60.8776
36.7355
52.5759
37.4021
36.4883
38.4413
36.9354
43.0076
35.8035
35.7418
54.2128
38.5659
38.9723
36.3094
35.8313
35.728
35.7002
37.906
37.2613
36.1906
52.6385
36.9921
36.451
52.1152
37.9561
36.8163
37.198
38.401
56.6989
37.5334
36.8647
37.0949
35.6318
36.786
37.1835
37.8409
36.0758
37.4331
37.38
37.1679
36.9145
38.24
36.5953
68.2864
36.1582
38.4512
36.5345
38.4537
37.5474
37.9479
38.5162
38.2549
42.0043
37.9971
36.3357
43.177
37.3143
55.6223
37.9375
39.1158
36.708
37.0791
37.4385
38.3031
51.2739
54.8641
39.6016
37.7072
38.0569
36.9491
44.3745
41.4631
49.8145
36.8428
39.9232
39.1547
39.1444
38.1706
60.2436
38.309
38.2211
37.0964
53.0226
39.981
39.1012
39.0199
38.4953
38.2858
37.805
38.1734
37.0496
38.7698
47.6512
37.2352
37.9845
38.9777
71.059
39.6319
38.4907
36.356
51.7379
39.4305
36.4384
36.2814
58.838
36.8793
36.5287
36.9192
37.3675
35.6971
35.831
36.8781
36.448
36.6117
37.2124
35.6422
36.6276
36.2723
63.8591
38.3737
36.6803
36.2428
39.0304
36.0122
37.5142
36.1015
46.7275
35.1062
41.3296
37.2412
35.7262
59.1354
52.3042
51.5916
37.8933
35.5088
40.643
36.3188
56.4482
36.6798
37.8937
38.178
51.7422
38.4989
36.5009
36.0646
36.6428
37.134
37.6068
38.4497
37.3244
36.3186
38.2083
37.7031
36.1975
37.9781
65.1401
39.3675
37.1766
58.3401
39.4393
39.0671
66.7188
37.4213
37.6852
37.6529
36.6307
37.7944
36.2535
37.3757
49.7535
36.0087
36.9353
36.132
37.0102
54.9629
39.4405
36.7281
37.3238
37.2198
39.4191
37.4436
38.8256
51.3365
36.7518
38.8028
37.4807
36.9845
37.9375
37.211
60.2556
40.0171
50.6184
37.3041
37.5076
37.9508
38.2681
38.3236
37.6061
51.879
38.7639
37.1402
37.5654
69.6411
37.8641
62.3424
39.0706
37.7971
37.8502
37.1615
37.355
37.8831
38.0673
38.4506
38.6438
37.6016
39.7129
37.8271
39.7176
38.7801
39.6322
38.2115
37.5367
36.7629
37.7475
36.8384
60.8659
48.8006
48.8249
38.0891
50.4402
37.8945
35.075
38.0354
36.6416
35.4326
37.392
36.8458
37.6055
36.5544
37.6089
54.2363
36.3415
36.51
36.2322
63.1521
42.291
37.5322
48.9163
38.2127
36.5944
36.6464
37.8316
53.7759
44.7975
59.5429
40.9242
37.6243
37.6174
37.7111
59.3821
37.3244
64.0557
37.5248
39.6647
39.7551
38.3298
37.4046
56.256
37.3548
39.0612
35.8734
38.5547
36.8586
37.8741
36.3611
37.1602
37.6812
36.2112
36.2346
65.6843
37.0751
37.3109
37.7763
35.6026
35.2111
34.6327
65.418
37.4656
35.4041
47.7419
35.5957
57.0637
36.0176
37.2998
36.6735
35.8817
51.0759
64.9908
37.4899
35.2024
37.1109
36.552
38.3495
38.5698
36.63
37.7459
38.0904
37.1742
37.7333
49.8598
37.2365
37.0326
35.2415
35.5696
35.0635
51.15
36.8748
36.9405
36.0798
38.233
36.5898
36.2893
37.0885
76.1924
37.0424
37.6709
37.069
70.6379
37.7422
37.1694
37.6302
37.1226
59.3814
36.4146
53.0722
35.9937
35.873
36.588
37.3023
37.592
37.4064
35.1858
36.0502
37.9818
42.7732
38.01
37.4804
56.5561
36.688
59.8286
56.2739
38.6622
37.8353
36.1625
36.6571
60.0597
37.5357
36.4692
36.3444
36.3717
36.1326
36.7465
52.8052
36.3892
37.4386
59.1488
52.5234
37.1228
36.4562
35.9717
48.0965
37.1004
35.8059
36.1383
41.0081
53.4895
40.1583
37.2533
36.1656
49.9764
36.1939
37.4194
36.5444
36.5631
36.2717
56.6787
36.1404
64.5153
38.2914
36.2457
35.6424
60.1409
51.0126
37.1814
37.0109
35.7558
36.7118
37.3085
35.3465
52.1688
34.5767
36.4685
36.1833
35.9577
51.4743
35.0574
36.4883
47.1298
37.84
41.3036
35.2208
35.6152
36.5178
34.7216
50.201
34.7266
34.1812
36.6972
36.0381
34.9315
34.3463
35.5858
49.856
35.9007
43.3687
34.9044
34.5442
35.3522
51.0274
37.0371
36.1703
36.6117
34.3172
45.1728
35.4294
34.5875
34.5733
34.7837
35.3797
34.9405
34.9841
34.9505
48.6507
36.0273
33.6677
54.0745
35.1551
34.9485
35.0107
34.4595
35.8321
36.64
34.6722
35.0484
61.4224
37.5921
34.051
35.5767
34.3005
36.3366
34.5252
36.1184
35.5194
36.1585
39.07
35.2185
34.561
35.613
35.0395
34.0181
36.1723
37.1286
35.6506
37.2676
36.1988
37.1878
36.6072
56.7638
35.66
34.9963
49.2299
36.2999
36.4669
56.6471
51.4066
35.0123
35.2872
35.5114
35.258
34.5487
72.2448
36.1569
35.0098
35.5182
36.5626
35.2113
35.4954
47.587
36.1064
35.384
36.8939
40.5514
36.1899
36.9762
37.7883
65.8146
56.5323
54.0359
36.3554
38.1513
38.0198
37.8847
38.4681
38.6305
37.4808
38.2436
38.9691
38.3199
61.8159
55.5852
38.6083
37.8282
38.5031
37.5687
54.8478
40.1593
47.8354
39.1764
39.2387
64.1269
75.31
46.0618
39.5646
39.7232
42.0239
46.818
53.7973
39.3061
39.3909
38.9722
56.6773
40.0057
40.4027
39.8141
39.2189
39.291
38.8156
38.779
39.5698
39.8198
38.2993
39.3725
39.4814
72.2173
39.7632
38.4086
38.8195
38.009
39.5276
39.7207
57.5937
42.5897
46.4084
54.4503
37.6541
60.0783
38.1412
37.9043
39.4039
38.9182
38.0966
37.1174
37.0367
37.9445
37.3272
38.063
39.7901
59.569
53.9158
39.1255
73.3093
38.5931
39.2451
47.1474
38.6225
38.9434
39.1912
37.3605
37.2597
38.519
39.05
38.2525
38.6756
39.8148
37.7686
39.4744
37.1536
37.9152
37.5547
37.6971
39.1499
37.1284
37.9703
62.8442
37.6439
35.6147
38.6351
44.0666
63.2881
41.4263
34.9476
36.9695
35.413
36.5078
36.0431
35.3158
35.8138
34.9853
36.5099
57.1919
36.9084
35.1788
34.9347
35.171
51.165
42.2481
36.412
42.872
35.1233
39.1873
37.7841
36.9723
53.2531
55.2662
47.6792
36.6122
37.6072
48.8477
38.4145
51.3931
53.0024
36.881
37.5559
38.2185
39.098
61.1193
53.5202
37.0304
36.6064
37.3038
38.4632
47.5106
38.1459
58.2472
37.4757
38.9523
56.606
36.9071
38.2547
39.5123
37.5945
69.4534
79.1717
37.504
47.7128
39.8381
39.1175
38.4411
38.5285
43.2058
38.517
37.2839
39.4225
37.1309
39.095
37.6438
37.4144
39.3066
38.7814
36.613
36.5365
39.246
35.7875
52.6916
35.8948
54.2869
36.1106
35.0958
35.2322
35.8842
35.9951
38.2492
35.2129
36.3655
35.5405
39.8559
36.9768
37.1346
37.6911
37.8904
35.9235
37.4408
37.919
36.5208
38.9176
38.2624
36.9373
37.9771
37.68
47.3403
39.1566
36.6958
38.5055
36.798
36.3769
38.9796
53.0743
37.1049
37.6175
38.7397
37.0254
36.9217
36.6477
36.5916
38.4082
36.3031
35.6631
36.951
37.8715
36.7343
35.6886
38.4508
57.9996
36.4094
37.5379
35.5655
36.0486
36.0593
36.3508
36.5916
37.7604
51.3496
50.572
36.5822
52.4119
47.0311
55.5822
52.5833
39.9873
53.5306
37.1543
37.7978
37.6872
38.0291
36.1866
37.2813
40.2106
36.7411
39.9974
59.6137
36.0524
36.3468
55.9179
36.4632
37.5108
36.5786
36.7626
37.073
37.0096
39.1286
35.8736
35.8154
36.5444
37.4941
36.0178
35.6471
40.4247
58.9117
39.4159
36.4851
37.9004
39.7235
44.0854
36.2486
35.2099
51.8213
63.6824
35.5022
35.9024
35.1467
37.829
37.2845
49.6249
35.9776
55.9014
36.7876
37.4451
36.4759
36.1414
36.7148
37.0736
35.7711
52.7413
37.277
36.2515
37.9955
37.0246
35.0662
37.3914
36.426
36.3221
36.1916
35.2771
41.6647
35.1124
35.9994
37.464
35.9094
37.0684
37.0076
37.1665
35.8597
37.0665
36.566
37.7259
37.3642
35.7464
37.5257
37.7738
38.5748
54.0132
36.8882
36.6541
36.7516
37.1249
36.2612
38.2563
37.3268
56.4512
38.6123
37.1009
37.5521
36.548
37.9518
37.7031
37.8636
39.3675
37.3893
36.9645
37.488
37.7447
56.1809
37.968
43.0303
36.6952
37.0449
53.4017
36.2931
36.4211
38.7437
36.3418
37.2574
37.9207
42.4618
36.3467
35.7309
35.2805
37.5111
36.8758
34.922
36.5088
36.0264
44.9217
38.1705
52.8088
40.8283
52.9643
37.9318
53.2219
37.4918
49.4353
42.8467
40.4928
40.4049
45.2552
37.8456
37.933
38.1617
52.4857
40.2282
38.4464
37.8299
47.4974
39.3408
61.0498
37.7413
38.0845
40.3287
38.0459
46.18
39.0052
37.3803
38.6414
37.0335
37.2847
35.6395
36.3117
35.5319
45.157
57.9766
35.4251
34.7869
33.9246
32.9924
33.1566
32.6168
34.0505
32.6992
32.209
32.4408
31.9072
32.794
32.9199
31.1344
32.0429
31.5392
31.3396
31.0287
31.9492
31.9736
31.3928
31.3572
31.0821
32.5604
48.8561
52.1486
32.076
34.0718
33.2123
35.1748
34.0386
31.9969
45.1446
32.4938
32.8129
32.1659
31.7378
51.7733
31.1085
32.674
46.4686
33.9417
32.0991
33.1954
33.609
32.7612
33.517
34.1531
34.0913
34.0226
51.8124
45.4433
36.5628
34.0018
34.9957
33.5813
46.8071
53.2893
35.5461
34.0884
33.8096
34.6968
49.6911
34.8446
54.3071
35.2671
34.0628
42.816
50.3199
34.0232
34.6026
34.084
35.4932
34.162
34.951
35.2561
33.1872
33.1861
33.1793
33.7325
34.0005
34.4039
33.392
33.5067
34.6586
34.984
34.7184
34.8992
43.2781
48.3477