55.2115
35.7976
38.5158
44.1347
41.7709
47.8137
34.7951
43.677
33.7745
35.1322
41.8601
34.0406
35.7047
36.0615
34.919
34.5208
44.7289
45.9611
36.1392
33.5173
33.7281
56.2685
39.9826
33.6362
33.7491
33.1682
32.7987
33.4208
33.626
37.886
33.0616
35.4754
59.1426
33.8932
34.6536
32.8373
34.4615
34.0134
63.4128
33.1916
49.6969
52.5339
34.0163
33.9778
46.3737
36.21
46.3058
34.4397
35.4558
38.0765
36.8216
34.352
34.8064
33.1597
34.3037
32.9805
36.6592
35.1388
33.9114
39.9393
35.6377
33.268
33.4162
33.2036
34.5658
36.9161
34.5609
41.7824
37.2729
35.5404
36.616
35.3317
34.7432
32.1909
35.0686
35.0661
38.5107
34.325
34.5888
34.2153
34.34
36.0956
36.0386
45.5201
37.8901
34.37
33.3101
35.0557
33.8121
57.5992
37.8692
49.4736
35.3993
35.3693
33.8472
49.1858
51.8803
33.9166
35.0253
34.8874
34.2574
39.912
36.9096
36.5437
32.6731
42.9399
36.2339
33.997
33.7738
32.4846
33.912
49.9026
33.1439
33.5269
33.7117
43.044
32.5807
35.6696
39.7715
49.7417
34.6911
33.9031
31.5872
48.542
34.7293
37.9798
35.2721
33.7778
32.185
32.8531
34.0548
31.4062
34.3215
33.7846
65.5377
32.6037
33.22
55.5155
32.657
32.0284
32.3453
36.5728
32.6704
31.9052
34.6335
57.5258
32.0655
33.3736
48.3761
32.9203
43.7141
39.4758
33.5308
34.7361
34.4057
32.5359
34.1395
31.929
33.4153
37.7158
33.1051
33.3566
34.5159
31.3858
34.1724
31.868
45.8336
32.2033
32.7506
33.8234
52.4549
33.4155
32.616
33.7701
34.8682
46.3822
60.1414
34.7557
52.549
33.8027
37.1863
32.0585
32.3013
32.8359
33.3109
32.4099
32.7584
31.8868
33.7323
65.3172
37.2525
34.5557
33.0858
33.3476
39.3018
32.8463
32.7732
33.4246
33.2703
33.3446
33.1357
45.8242
33.6778
49.644
33.1886
34.8003
34.6863
51.1426
33.2645
51.4218
41.7062
48.3993
33.5438
33.6808
34.2586
34.2661
32.7237
34.7021
34.1311
43.7052
34.7464
33.3888
32.9212
33.2761
34.94
34.2661
33.9703
47.4349
34.0921
33.9656
51.1276
45.8925
33.1872
35.2049
32.7748
33.462
52.773
32.0557
33.1814
32.8642
33.7238
33.7948
49.4142
32.386
33.043
34.3032
32.9626
34.5185
60.2941
32.9057
77.4928
35.2368
32.698
33.498
35.4301
33.7432
34.0299
68.6997
33.3803
32.7609
58.1922
47.322
35.1973
34.1777
35.5507
50.9318
33.6811
33.368
33.969
32.9642
34.0382
33.425
33.3759
33.1755
33.3177
34.6743
32.6929
47.2427
46.7957
33.9414
48.6729
32.7275
33.3059
33.17
33.472
35.1405
62.5554
52.8857
73.4339
52.2002
35.4675
34.2642
34.7238
34.0485
32.984
33.2075
33.4619
50.8721
32.5409
32.7574
32.2094
33.233
31.9324
31.8549
32.2656
32.3415
33.0101
33.4552
43.5093
33.1108
33.4496
33.9051
44.1365
34.2276
33.8262
34.0716
34.5104
34.8079
33.7726
40.729
37.0369
34.4984
54.7144
36.4774
33.6027
37.4276
33.4301
34.0128
43.9159
33.4182
33.3674
34.9459
46.1152
42.6562
33.3172
34.0188
35.4191
37.5134
34.2214
32.3746
32.403
33.3601
35.2388
34.2178
32.7083
42.5504
47.4083
31.5773
32.6785
33.0971
32.1644
43.0282
46.1067
31.8435
43.1133
31.4454
39.9859
31.0425
32.4631
31.5716
30.6501
57.9486
39.3915
34.3687
34.8586
32.6508
32.7822
34.4702
46.3169
43.3008
33.5892
33.5017
35.5563
53.8473
32.589
33.1429
34.369
32.1664
32.3442
33.2288
32.6474
31.6674
34.2757
32.1197
31.7038
33.5733
33.4786
32.7314
35.2042
32.3034
33.0115
34.2441
32.6265
33.0079
42.1959
32.3855
51.4958
50.7699
32.5232
32.9535
31.8974
31.2438
31.7338
57.9469
32.539
30.7004
42.2173
52.2824
47.7634
48.3166
30.7014
31.4287
32.3024
30.909
30.4076
40.0322
32.1683
31.1023
32.7167
30.9982
40.9654
32.2315
31.9343
31.5079
31.7119
34.0842
39.3425
33.8237
32.4423
32.3164
44.3063
57.6008
34.6024
35.7888
32.827
33.2149
46.1582
48.7467
47.8599
37.3431
42.9673
32.8758
33.7027
32.7491
32.6397
50.392
39.5914
33.6827
43.5979
31.8981
47.5127
51.3971
32.648
32.4633
33.7888
33.7646
46.1272
34.4342
33.8813
35.7842
38.2037
39.1395
46.5022
34.1443
33.9525
34.9279
35.0032
44.0701
33.9525
34.5311
33.1849
40.7121
33.5936
48.1955
35.3956
35.4372
34.3429
34.5875
37.1183
35.867
33.4424
54.5163
35.1459
33.5613
45.6196
36.7735
45.8976
33.3829
53.3227
33.1688
32.3099
33.3741
43.5133
31.8694
33.4406
32.2232
33.2621
35.5466
33.0618
32.1672
43.1404
48.6182
33.4796
32.8588
32.6369
32.7634
33.7886
37.2523
32.7608
45.5605
45.4161
32.3392
33.8645
32.3478
41.3482
39.4687
35.4471
35.2157
31.4325
33.8836
33.4472
37.4919
36.0537
33.4173
37.2427
32.3489
32.0409
35.484
33.3865
32.5895
34.5273
30.704
32.4797
31.8756
31.353
38.6531
31.7864
30.4996
31.1809
30.2701
31.7942
49.4859
31.1188
30.2353
36.4182
35.3711
31.8906
34.7362
34.6426
45.4005
44.237
31.4428
31.5787
33.9809
40.433
31.7375
40.4564
32.9488
32.0716
32.8785
33.6343
49.5934
32.6831
30.824
38.1091
31.3275
34.8536
33.3571
30.5698
40.3383
35.7892
30.6587
29.523
31.2155
33.73
34.1404
30.8774
33.5728
30.1293
31.5005
33.1372
30.4819
31.509
30.2782
30.1033
30.2913
47.8183
30.8526
42.3408
30.3928
30.8559
30.8105
33.5273
31.3112
30.7114
30.9699
31.3026
30.9587
31.3619
31.3739
31.9336
31.8098
31.1788
49.1313
31.5016
31.7369
32.7549
36.2874
32.0341
31.1262
46.9647
48.6503
31.342
32.072
32.3591
31.5554
42.7569
31.8294
32.9996
31.9583
32.8574
31.3456
34.1849
34.0724
32.9077
33.5521
32.7616
31.9699
33.7558
32.1306
31.4903
31.194
32.0057
33.2037
31.2625
40.2834
32.9662
32.4525
33.5901
34.4409
32.3423
32.5436
31.4003
30.9272
32.1741
37.4396
30.3719
31.0409
31.7538
30.1937
31.4521
29.5667
31.6592
47.7935
29.5817
39.3803
30.8174
30.5422
32.2798
34.3748
37.9478
41.6002
33.1359
30.5806
31.2454
31.9961
29.8582
31.112
30.7553
44.5771
59.827
33.0872
35.2143
36.1907
35.7602
33.4489
37.1955
32.1606
30.5083
34.7187
34.0625
33.9791
32.5814
44.2706
32.4628
33.5746
39.7362
33.3022
32.921
36.4974
37.1728
32.3441
60.3511
52.9766
32.9462
40.2354
39.1978
32.5649
44.2168
33.0209
34.5593
39.1377
33.6494
33.003
34.1342
53.0887
35.27
32.4721
36.1142
48.2431
49.5085
50.8905
35.897
32.3754
32.9598
33.1123
34.0565
33.838
32.1236
36.5722
33.661
34.0831
33.1369
33.3187
34.2086
32.6024
33.7398
33.1209
33.1101
34.0271
50.1729
33.5235
39.7691
34.1067
34.7483
32.7061
33.0714
32.7336
41.9231
33.8201
33.8185
41.7167
33.9629
32.6848
32.1033
32.0441
33.189
33.0514
33.8705
43.8225
32.2113
32.7387
33.2329
32.2993
32.1604
32.3631
48.0198
32.2244
32.7252
41.7318
47.9883
31.9897
31.5666
32.5499
32.9566
32.4506
31.3256
40.6944
58.3571
33.1104
52.7999
32.3954
47.0521
35.4923
31.7197
32.1693
32.9928
32.0968
33.3282
32.0688
31.7368
45.6458
60.5079
38.2708
32.6037
41.2687
33.3781
33.2092
33.3899
31.7623
32.071
56.8097
43.9103
53.1823
33.3921
35.0376
34.0137
33.1502
32.1603
32.5117
33.3713
32.8852
32.1536
32.3842
33.0749
40.2912
33.2172
31.1906
31.9361
43.817
31.4465
32.291
31.5314
31.5267
32.6221
32.8073
32.8176
33.435
33.6939
32.2598
33.1834
32.4111
32.3798
32.7082
32.1147
32.2316
33.4122
31.9634
31.5394
51.9816
37.9789
46.486
31.9209
32.7004
45.6167
33.4624
34.8386
31.2772
34.9085
33.1144
31.2831
32.3085
65.8555
32.1685
32.2939
33.3851
31.3752
34.2302
62.2234
34.6338
32.7658
38.6352
34.404
30.761
43.8597
33.2664
32.5426
32.0181
32.3403
32.5926
32.4751
31.459
49.6976
32.6225
31.7293
34.3683
32.6003
43.2217
34.002
33.3887
33.6863
41.1406
33.5076
32.7012
32.4976
31.6869
43.8299
31.5172
34.6797
31.8053
50.9703
31.5988
32.3733
32.0951
33.1817
33.8366
41.1997
33.7913
33.4437
32.7833
31.0675
31.8004
37.5516
32.5222
40.7787
62.8438
31.994
47.8058
50.1268
32.7033
43.3729
32.4736
31.5437
33.7122
33.2762
32.5404
32.4971
33.1905
35.2965
32.0315
54.7556
32
33.8993
33.1199
32.0441
33.6139
32.7094
40.4445
33.4922
33.413
31.6002
54.4231
33.2286
59.1568
47.2928
70.3939
35.9641
32.2741
43.9203
32.7277
32.3127
32.0561
31.893
32.3374
60.0193
58.9313
42.3191
32.4936
31.7711
32.8032
33.1459
32.5894
33.1989
33.6698
44.5551
32.4308
33.1693
33.9788
32.4146
34.4581
31.461
32.6327
31.8418
32.981
46.6699
49.8859
43.0975
34.022
32.7465
32.6792
32.1609
43.9577
30.5028
31.2393
32.5506
57.4527
32.3427
32.2675
32.4709
33.5356
31.9174
31.2586
56.8544
32.8972
31.827
32.3512
34.66
33.0169
32.0177
33.5202
32.5191
39.6822
33.4451
32.2974
32.2756
49.7691
33.404
32.3437
32.7924
32.3547
31.3783
33.202
33.2692
43.4555
31.0704
46.3617
42.3488
33.9661
32.4402
33.5217
33.2215
33.3325
31.6371
32.182
33.2141
41.3005
49.5228
33.7089
34.7262
33.4941
37.523
46.5391
32.8444
32.5394
32.6943
32.0696
57.7228
34.1841
33.166
32.7924
48.933
33.8112
15.8799
32.5356
34.6505
55.7895
32.275
34.9451
39.2728
33.9486
33.9202
52.6563
32.1317
33.7379
46.5877
33.3113
42.9413
32.0944
31.9553
31.7202
32.2598
33.1751
32.8417
32.731
34.2211
48.4798
41.4459
61.0605
67.2941
32.891
68.6423
33.2227
31.953
33.6416
41.8286
32.42
33.3419
33.9879
35.3512
33.3519
50.7419
33.7467
50.8517
49.5601
32.7433
33.2273
32.3628
31.6366
32.6289
64.3506
38.2122
32.1439
65.7568
35.2202
32.0008
32.0125
32.6619
42.425
32.5547
32.3831
32.3581
42.6337
36.9539
32.9716
33.5204
32.2424
34.6954
32.6568
31.9195
32.8448
32.6987
34.0273
33.0576
33.1673
33.1171
33.6208
31.6945
71.3087
54.8634
32.8202
33.3361
50.0304
32.3647
33.7919
32.5556
32.6886
32.8265
33.9329
32.5425
34.2227
33.4344
33.1313
34.9893
32.3527
34.1214
38.0627
32.5589
68.9505
33.4077
40.842
31.9023
52.9846
34.4305
32.4149
35.0188
32.4145
46.5827
43.5846
48.4829
32.9146
32.5369
67.1951
32.1677
33.9967
32.9142
32.9394
32.1191
33.2997
33.3009
33.0872
34.0205
32.2311
34.2096
34.384
31.7186
33.4352
32.6524
33.292
32.8038
33.0205
32.4106
34.3612
32.4936
32.631
36.7604
32.6312
32.7507
31.7756
33.4594
51.1275
32.1222
35.2779
33.8976
31.8761
32.3135
32.667
40.5816
32.5531
42.148
33.0299
33.1358
32.3782
33.6244
32.4596
34.6325
31.9882
33.4112
33.0111
32.0471
32.9192
34.8276
38.0925
40.2906
55.6282
34.3134
43.0439
51.986
32.6827
32.3737
42.2713
32.0317
42.9489
33.3775
35.7754
31.9001
33.1009
32.8324
33.0522
50.4574
32.3502
49.9694
34.1959
32.6781
35.919
33.0207
38.4336
32.3552
32.8497
40.3221
52.7058
32.2441
33.4
33.992
32.2064
33.5529
42.0987
34.0988
32.9255
32.8657
32.1962
33.3525
49.4096
33.0913
35.6863
38.794
33.0556
37.8442
32.8936
33.2529
32.127
32.9063
34.5247
34.2731
35.065
32.3935
32.5972
50.1907
45.7245
34.1644
34.6123
41.1784
32.4207
34.4177
49.6799
31.5307
34.2368
31.479
39.393
36.4563
33.852
31.564
42.6016
32.8781
31.8578
33.903
34.3304
36.264
32.78
32.7354
32.9616
32.9905
39.0559
32.0532
32.9193
33.1925
31.7319
50.7973
33.1585
32.9235
32.9558
32.0242
32.4576
58.9525
36.6979
32.9374
33.6755
32.0954
31.7933
32.4328
44.0176
33.2884
32.6691
33.6086
33.8629
32.9334
32.6633
37.6378
32.7476
64.0736
32.2913
32.6992
44.0878
44.6843
32.5952
36.7254
34.1017
32.6274
33.2499
32.1095
31.8736
32.7403
32.7329
33.7489
61.1207
35.6666
32.7034
33.4804
31.911
47.9206
33.315
34.1222
33.3857
33.8924
31.6948
31.7898
33.7229
32.7114
34.1444
33.5335
32.0992
34.0662
34.5429
44.374
33.3983
33.0325
31.7737
32.6934
34.1406
32.8505
44.1639
32.3096
33.3627
45.8425
33.8802
32.7519
33.662
37.967
32.2658
33.2319
33.2776
31.6631
37.0262
33.3983
33.6877
33.4354
44.8326
32.0929
32.1514
33.7508
32.1321
32.4598
32.2196
33.5724
32.4686
33.0834
46.1054
66.4935
34.7096
34.0785
37.4829
34.2465
34.7817
35.3987
34.2019
44.824
32.2706
42.5193
33.6463
34.3344
48.7397
43.7108
38.2444
32.1594
40.6694
31.598
31.9601
35.4496
31.4494
30.5681
30.6014
47.3756
31.4064
42.8006
33.42
31.9932
32.2375
31.3368
33.2251
31.8883
30.5342
29.9696
30.7851
30.3351
30.3055
30.7059
55.1146
31.8663
30.6214
31.0285
31.9994
33.6676
30.8315
31.8946
31.1227
29.6515
31.1865
31.4082
30.7839
31.9762
30.1999
30.6388
31.5062
30.4901
29.9474
30.8538
31.12
30.2563
48.524
52.5373
29.9816
31.61
31.0933
40.8395
31.4699
30.3216
30.8156
33.0439
42.8196
30.0403
55.4154
32.0609
37.8803
31.1218
30.5997
30.3448
30.3845
31.6399
35.5947
40.9824
41.1337
35.9708
49.7005
33.1308
35.3575
46.8637
30.6751
31.467
38.937
29.4379
32.5408
43.6591
49.8996
44.7302
30.4875
30.7986
31.8679
32.9842
31.7004
31.6463
48.2779
47.9362
31.686
37.4046
54.7633
42.3661
34.6687
30.6045
34.6497
32.8721
45.4347
33.2826
31.742
31.6677
30.7652
31.3527
38.0354
32.0097
39.6409
31.9559
31.064
32.2125
32.8625
37.2706
31.6457
71.3156
66.0788
52.2833
40.8277
30.8662
32.6139
31.5403
52.2404
39.3489
30.8132
38.7975
32.1765
31.6453
38.237
31.2606
31.938
30.142
42.4116
32.3565
31.4777
32.2925
30.7262
31.2605
31.565
30.9393
41.7941
33.2009
31.9957
29.0442
30.8403
30.4965
30.2026
35.7835
30.7531
30.8615
54.7447
31.137
30.2546
31.4423
32.9079
31.7823
31.9375
31.0338
62.5944
32.1498
30.5188
31.8693
54.2502
52.6529
31.2531
44.4949
46.239
31.894
31.8982
30.6829
32.6455
40.0556
31.8816
32.7676
33.1
30.9131
31.8669
70.5999
49.2232
31.8958
50.199
31.9301
31.9569
56.8471
31.6161
31.9602
42.2471
33.7522
32.8738
32.3542
32.7697
44.5634
34.2686
32.3996
33.558
32.7357
42.6476
32.1063
39.9778
32.3521
41.6219
34.2232
32.3944
34.0646
32.6226
35.0696
33.1415
34.5778
54.1984
34.6217
32.9044
34.1314
49.4765
33.9553
55.2241
36.8727
34.8479
33.5926
32.7418
33.3736
31.7193
32.7115
31.391
29.9722
36.4378
30.2427
36.2169
31.3926
30.9301
44.2114
29.6035
31.9369
35.9254
32.6116
33.2966
34.7456
32.9807
34.1301
33.3617
32.6236
40.4999
43.7617
33.8971
34.4936
46.5387
34.6285
36.4797
34.7165
54.0468
49.5364
34.0443
32.7895
40.9375
36.7653
33.759
33.5356
36.888
36.1427
35.8376
33.0634
31.7468
32.9314
32.7158
31.42
33.2103
33.3383
33.3011
31.2835
30.6074
30.7605
30.8838
31.8277
41.0351
33.1628
34.0924
30.5475
31.9454
30.0349
29.5385
37.4492
30.2521
30.5212
30.6373
30.1197
28.7236
31.5318
32.0646
30.4795
30.6015
31.6764
30.7496
48.2382
36.82
31.0284
31.0503
38.7468
31.1986
30.8857
37.5997
34.0874
30.0297
31.1175
31.7391
30.4975
30.8453
29.7983
31.7416
34.8035
35.0699
30.2698
30.4016
30.8273
31.8872
30.5481
31.7743
31.4273
40.4599
33.837
29.57
31.8625
32.612
40.906
32.4043
30.6506
41.794
30.6682
32.7627
33.1488
33.0523
41.929
54.5699
51.6922
31.1295
29.6566
30.7653
32.6517
32.6058
42.6278
31.3939
31.4708
33.6074
41.2051
32.3935
31.2593
30.0568
30.5758
30.1721
30.0801
29.8875
31.5525
29.8908
46.0366
32.0673
30.3281
35.4833
30.9327
31.826
30.0195
29.9188
29.835
28.5934
30.1501
33.5205
30.9957
28.2427
27.7685
28.2432
28.7679
27.5962
29.9102
28.2795
29.8647
33.2955
31.5372
30.0685
46.4121
39.9787
35.5159
32.0501
29.5322
30.5189
30.6456
34.6293
31.8211
32.3829
31.6277
30.8065
32.1774
30.891
40.0721
40.8808
30.921
33.1579
29.6262
30.5446
45.6122
38.9131
30.2007
37.9829
33.6517
43.2049
38.9992
32.2372
30.988
41.336
33.1812
32.4217
31.4748
31.36
43.0611
30.6832
30.516
32.6494
31.1013
31.8686
31.8846
40.3851
32.812
32.692
32.0941
32.6187
31.8867
34.1938
40.7126
39.7471
31.9716
33.0053
32.0798
31.2635
30.703
30.6914
41.1128
33.0284
43.8645
33.0953
30.843
31.7829
40.9549
31.7672
32.8279
32.0074
30.6517
31.2217
31.1598
42.1262
31.7765
32.09
50.7224
45.1393
34.7972
44.2583
44.1553
31.4529
32.332
32.8218
30.8961
30.6037
46.3953
31.0012
32.0224
32.023
30.5694
31.4092
32.0282
35.259
32.0114
32.9151
48.9834
33.9469
33.1151
44.4071
31.0924
44.6277
43.0401
32.1953
31.973
48.8039
61.8016
32.7062
32.2001
32.5082
34.1304
32.0178
49.9825
51.9757
31.1729
33.5795
32.6141
31.4139
59.1109
65.8461
36.295
34.4899
31.7869
32.0103
32.7787
31.4831
34.1416
32.2559
33.3451
32.173
40.9656
39.8908
53.6575
35.3893
35.1217
34.3575
33.4114
33.005
32.6262
32.6564
32.6793
32.4539
51.8573
43.2038
37.6165
35.6206
49.5755
32.4879
31.9367
39.6021
34.0628
48.4301
62.2467
30.2252
43.0322
31.5478
31.4166
32.2848
41.1085
35.2793
33.5306
31.2762
33.7597
31.8447
32.0303
32.8091
32.5459
33.5342
33.7291
30.8704
32.9312
30.6686
32.7023
31.5851
30.9961
35.2859
32.1609
31.0225
42.7005
30.9957
31.3652
32.4518
30.6076
31.9188
31.941
32.6087
47.3694
34.2585
31.6964
31.447
30.253
45.3716
31.3241
51.6789
31.6453
33.1445
33.0519
30.6898
29.7593
32.5985
31.4515
40.729
42.8668
31.8068
42.189
32.0705
31.6577
32.4787
33.3948
33.8996
32.7218
32.6846
33.7
42.2213
51.1625
34.7661
34.443
33.8136
33.6168
51.2833
34.5658
65.981
42.9593
33.6904
53.49
36.8174
37.3722
37.3869
35.7737
35.8014
37.5684
35.5787
35.158
48.5643
35.3273
33.9632
47.3907
55.6624
55.382
36.13
37.8099
43.0613
41.1097
39.9083
44.7326
38.3716
41.0795
39.4638
39.7494
38.8075
42.6361
69.677
38.6054
37.4224
37.018
39.5693
36.884
40.3115
63.0383
39.7928
37.8015
37.7952
38.9152
38.3523
37.796
37.2319
37.3942
37.8029
37.4677
39.0137
41.117
40.7092
49.4012
61.6706
38.7467
39.489
40.3567
39.288
40.0877
40.8791
40.8107
50.2177
42.605
41.4675
41.5488
41.386
42.238
53.4305
44.1104
39.8429
74.2359
45.2226
39.8435
51.491
40.8234
61.5308
43.6337
42.0449
39.5946
39.3373
51.9142
40.2132
45.3802
42.5631
38.512
39.8774
39.9161
48.0956
50.8471
40.5295
41.2766
39.7352
40.6975
53.1641
39.0341
71.3315
41.0314
40.5324
40.1154
39.1086
40.0709
40.3469
53.0306
39.9423
51.4545
41.5677
39.9001
40.7308
39.9085
39.5047
41.5819
39.6716
52.5383
40.3868
40.7611
39.8321
40.5717
40.1975
39.6044
39.8792
39.2204
38.2809
41.2832
39.3262
39.7268
42.2299
39.195
49.3155
39.4998
39.2691
47.6089
40.2154
37.9578
41.7901
38.6123
49.5421
40.0148
39.4644
38.7818
51.2403
38.6673
38.4181
39.5507
39.5584
58.8185
38.1265
73.8069
40.0799
44.951
39.3123
40.1358
39.1685
40.3914
42.919
41.8716
51.0323
40.8344
40.5657
39.8816
39.2373
40.4138
40.7003
50.7395
39.6153
53.8734
39.9232
39.1794
53.2865
49.9227
39.0658
38.6772
39.0706
37.9569
59.7877
40.7731
38.5758
39.4082
43.2589
71.5956
39.8801
39.9705
39.6955
39.6726
54.6572
40.166
39.8201
50.2932
58.7022
39.2001
58.097
39.814
38.8464
41.1072
49.9406
52.2365
39.5503
38.5638
38.8795
52.5522
40.2751
48.6599
39.453
53.0891
38.0711
38.6949
38.0363
39.766
38.9565
37.3228
37.6864
39.1313
37.8082
38.5688
39.0225
38.085
37.2483
41.4539
45.5145
39.1829
38.4793
39.0325
37.8685
39.7696
38.1595
39.9132
39.3787
38.7674
38.2944
39.4519
38.9214
38.9975
54.797
38.989
38.0012
39.2979
43.168
52.5439
39.4442
38.4271
37.4815
38.5386
38.0704
37.7468
38.0223
37.0341
43.9424
39.5425
39.1046
37.5679
55.4935
37.8183
54.3035
39.5267
38.4591
70.9383
38.5165
38.2916
38.856
39.2039
39.1915
49.5018
39.3239
38.1335
39.2854
50.6341
38.2229
56.8385
37.9687
38.3622
38.8572
38.9999
38.3584
39.902
59.4055
38.3711
39.1143
40.0564
49.2174
38.109
39.6264
37.9352
43.6165
38.4585
37.6337
45.7696
39.1472
48.7676
40.9935
45.0854
52.7533
37.8145
37.4188
38.7378
52.8147
40.1382
39.8683
38.4237
38.9437
37.3295
37.1629
37.5068
56.943
38.7352
53.4998
36.376
36.6982
47.6852
37.9202
36.157
34.7783
35.5682
37.1196
40.3449
38.6953
38.1301
39.3523
37.8957
38.6794
38.8323
39.5155
44.53
41.756
39.8075
40.2075
38.7836
41.2839
42.8262
36.6784
46.8659
39.0736
37.4083
39.7873
38.8924
69.5514
38.697
36.3494
46.5863
65.7933
39.4799
35.7833
36.1377
35.1749
35.5004
34.6534
58.4528
35.9165
33.1648
50.2752
33.173
33.3353
59.3662
37.5252
31.9783
32.7893
32.9237
32.5102
31.7805
32.4319
30.658
31.423
31.2574
31.4554
31.1964
31.502
31.0115
54.2179
32.9942
30.7634
37.8016
47.3463
43.8459
31.0641
31.0185
41.4873
41.676
31.6148
32.0374
37.5805
31.7509
37.9257
31.6545
31.943
31.8492
35.8521
43.7585
42.2798
30.5329
31.1224
31.3285
31.3774
32.0894
37.9778
48.8957
31.34
48.6486
31.573
31.5829
34.1704
38.0781
29.8151
61.9578
41.0572
31.8109
31.5895
31.2186
32.7847
53.645
30.895
31.8809
32.1595
41.3791
31.5764
31.0034
31.1084
60.0212
43.129
31.4842
44.2388
48.2302
41.3669
48.9331
32.1026
32.4996
33.6032
31.8868
32.309
32.3394
58.942
33.3549
32.3428
31.3847
45.4044
32.428
30.9242
32.8659
33.3429
30.8212
31.6579
31.8406
33.6343
32.4031
32.4609
31.1501
31.0283
32.5469
32.2233
31.6906
35.2241
31.2659
31.456
31.9577
31.396
31.3509
43.7402
31.0445
43.6386
31.5854
32.4448
32.5917
31.8845
30.8025
30.9624
31.9859
41.374
31.4522
31.2484
41.7384
47.3571
44.725
31.2221
31.1394
46.4178
59.7298
32.5977
34.7522
32.7748
42.8045
31.9261
42.4884
31.0539
31.2344
33.1402
41.4827
30.892
31.9261
33.2604
31.2873
32.4302
41.6723
68.1601
35.3814
55.4813
32.2878
51.217
41.5022
31.5896
31.1132
32.5162
31.266
43.1103
60.1792
32.9979
32.7154
43.1448
39.0067
34.7002
40.5025
36.2356
31.9677
62.6943
32.181
45.2202
42.9526
31.5648
32.9007
32.3616
31.8553
31.9444
32.8439
31.4116
32.1796
31.9843
32.349
31.85
43.7493
33.0588
32.4609
32.497
48.0377
32.5929
39.7937
34.6816
33.3299
31.9374
32.8293
32.9543
31.0994
33.5942
32.783
44.3284
37.5642
32.9518
32.2658
33.6666
35.1061
58.3074
33.348
34.6884
50.3469
33.2504
34.9326
32.7461
44.3278
33.5261
35.0027
42.8066
33.0768
33.7699
33.9085
33.2588
32.991
33.2998
55.6518
33.4442
34.0305
42.6076
34.3269
32.361
33.6545
40.5469
31.2408
33.1731
31.1461
35.1745
31.659
32.695
39.8896
31.8028
30.7988
32.8337
34.3742
31.7509
32.5234
36.5878
33.0853
32.39
34.4685
32.5244
41.957
33.0001
33.8799
33.7867
34.0549
33.6672
35.4241
33.0456
33.3315
35.6326
50.1271
45.6603
32.9418
32.6398
33.4741
32.3558
33.1258
31.3713
31.1983
31.023
42.1113
32.4913
30.7737
31.2445
30.9675
32.0553
30.9459
43.5056
31.5119
30.8358
30.8364
34.6125
31.616
31.1379
30.5644
32.4318
29.6285
37.4508
30.0376
36.8973
41.5292
31.7038
30.835
35.1702
29.9486
31.2146
31.6132
30.2716
29.3371
29.8873
29.4421
30.7455
45.4652
30.3834
30.3736
40.0253
30.3418
29.9263
29.1086
44.2641
29.9712
39.6522
30.4111
51.827
35.1428
32.7408
47.4224
30.6406
37.1855
31.7756
30.4578
30.9299
30.2124
31.1454
30.5416
30.9285
39.7298
30.6968
59.4162
32.5383
29.8722
39.8789
41.806
31.6542
30.6121
29.5152
29.3271
31.6359
30.0028
50.6741
41.0247
31.0546
30.9844
30.8547
30.1563
30.815
31.3016
39.3273
31.8198
44.8586
31.1737
49.8984
50.704
30.9623
30.5693
31.383
31.0681
29.8581
30.4908
29.4719
29.2539
41.3483
29.5574
30.1073
32.012
29.9376
32.6803
41.0708
38.1043
28.9673
29.582
29.36
29.0503
39.5247
27.7474
28.5453
28.1409
27.5296
28.041
29.7383
26.6199
28.6608
29.3181
30.7448
30.7142
29.6592
30.7108
30.4167
38.4718
29.8702
39.7426
30.1352
29.9208
33.7264
31.7376
32.8869
30.564
31.7681
30.567
30.772
31.0578
30.7295
28.85
29.6179
45.2486
29.8971
38.8172
42.3277
30.7068
40.9788
30.465
30.4974
32.2265
30.3844
30.1862
48.8619
31.4939
31.4483
31.8174
31.3841
34.5957
30.829
35.1012
31.3885
31.0665
46.5324
47.3343
30.6878
31.6345
31.0588
43.3572
31.3983
31.4177
31.4732
32.4024
31.9005
31.2381
30.8549
29.9189
30.8659
30.714
31.4726
32.4762
46.2287
33.9815
33.4253
31.4334
48.3408
31.1312
31.2595
31.0195
30.6279
31.0577
33.3612
32.0125
30.7489
31.7705
32.9702
32.0045
31.8208
40.4015
51.9247
54.9969
31.9732
30.566
31.6203
33.2778
32.3727
32.4897
37.6231
31.9802
32.2831
32.1043
31.6282
31.5678
31.379
43.2582
33.0927
32.0633
31.7749
32.0737
31.7388
32.8469
31.5439
42.4533
47.5597
31.8784
31.6559
32.3862
42.9034
34.4739
34.0745
42.9667
32.5419
32.5061
32.1122
34.3131
33.1076
35.4782
31.9282
31.7857
33.1162
32.9766
32.1327
32.4096
32.7177
46.7011
34.2891
46.6245
35.1008
31.7631
31.539
32.3735
43.8437
38.2148
33.465
31.9375
32.1912
43.1692
33.6042
32.0961
31.7085
31.6667
31.8531
33.1422
32.201
32.963
31.3148
32.853
44.7995
31.6453
42.0944
30.9109
46.0011
31.8503
31.5317
31.486
31.8073
32.2072
32.4463
34.5623
31.3198
31.9759
32.5357
32.5597
30.9765
31.5411
42.2134
31.2753
32.6145
31.7769
31.1009
31.8273
31.4048
32.266
31.4725
41.4608
31.7401
31.5844
31.0276
30.6499
31.649
44.302
30.9888
31.6765
31.5964
31.3739
44.478
41.3069
32.1543
31.2151
32.1245
31.347
34.1169
39.8479
32.846
33.1019
48.4447
33.6283
48.8715
31.6746
31.9868
31.4016
31.8632
33.1821
31.9892
47.2297
49.6119
33.0564
34.3045
31.7145
41.508
33.258
33.8694
33.573
33.8554
33.795
33.9149
34.0768
35.2489
49.7699
33.6885
34.6064
33.9408
45.0496
36.1132
48.8671
39.0521
36.4384
33.8962
53.6451
35.5702
40.4876
45.6314
39.472
40.0629
40.7544
38.0523
38.4842
39.1194
49.0931
38.4549
39.6264
38.2515
36.3531
36.8693
36.6863
38.1659
38.4155
36.5834
39.0222
37.39
36.5202
40.2474
40.7935
61.3351
38.1196
39.7404
38.5484
37.5619
37.7061
35.9254
36.2851
37.0053
55.0536
68.4131
39.0451
38.2062
38.6859
40.9024
42.0684
39.814
40.4206
47.5709
39.6905
58.0468
46.9852
67.3833
40.4917
39.5496
39.4405
39.5844
38.915
55.9761
41.1261
41.2099
51.0801
39.1828
38.3797
50.0923
71.0266
38.8801
39.9241
40.0563
40.8742
38.0485
51.3608
40.8896
39.0721
45.925
39.732
39.7913
38.378
39.7538
41.4993
39.0035
38.9217
38.7579
39.4795
39.0333
38.3544
37.9655
39.0867
38.8897
39.0531
40.5041
39.4381
39.8647
38.7247
64.7002
52.6199
52.1162
39.802
52.6318
38.7868
52.3183
40.7506
38.4869
40.4738
39.4082
61.3402
54.7277
39.2441
39.9431
40.0167
41.1416
40.8295
39.1997
51.1739
40.0845
45.0177
39.8832
39.491
40.2349
40.8433
40.6749
40.756
39.128
39.561
39.6595
39.129
40.9692
40.0092
38.8579
41.6331
39.6656
37.3126
56.069
54.7387
40.1971
57.787
59.4663
38.862
40.4111
39.4911
56.2385
39.9187
38.982
38.9822
51.568
39.9839
39.3478
40.3602
39.445
40.204
39.5716
39.793
40.6987
54.2511
40.4246
39.5856
50.396
39.5577
39.0257
51.9167
38.573
38.1401
41.0601
42.3545
38.67
40.2445
48.0401
49.8472
61.1597
39.785
39.6505
38.7416
38.3685
40.0233
52.4463
38.5154
39.79
37.9932
51.6579
39.2085
39.3373
38.472
38.8523
51.5445
39.0908
56.902
40.1126
39.3654
40.2151
49.1494
41.9403
38.9375
39.3426
39.7557
39.6141
39.7024
48.3993
38.7858
40.4629
71.9295
72.1195
38.9909
38.5076
50.8862
38.6818
38.4746
38.3213
38.9799
38.9957
50.6427
39.4701
39.607
39.6775
50.4255
39.6492
57.2182
77.5281
39.3202
41.5288
39.3447
39.0403
38.208
55.3544
39.6823
38.9342
50.8408
38.1918
38.1018
40.7149
38.9314
51.8317
40.4607
39.8826
39.1025
37.9626
38.8236
39.2897
50.6678
38.0077
49.5888
40.4199
59.7401
39.8871
41.3215
49.6133
60.7383
39.5791
57.6899
39.0353
47.873
55.8109
53.3431
40.0443
60.446
38.0079
38.7307
39.3416
42.6466
38.6452
40.4513
42.2031
38.7069
37.7681
37.6977
37.3897
38.2633
37.0281
41.356
38.8869
68.6675
37.7445
37.9058
36.6312
37.2133
36.6106
36.0408
35.5587
35.8594
36.7394
45.5129
37.0068
61.1915
39.2653
38.5383
53.7364
39.0777
39.6812
39.3397
40.4065
49.6509
39.9982
41.6949
40.8498
40.0894
40.4048
48.7117
38.4499
37.9862
37.0476
37.7836
37.147
37.3636
60.3116
37.1429
36.7363
36.2522
38.3056
38.01
37.1783
38.2477
35.1118
34.919
34.367
33.8513
36.1687
33.988
35.8468
33.9897
33.7042
34.3251
33.065
41.0536
35.1111
34.5198
33.145
31.6944
32.137
34.1641
34.6269
34.3242
34.1243
33.2714
41.9229
49.45
34.6028
31.2967
33.9614
42.5983
31.4256
31.2178
30.7279
42.4661
48.4016
32.3977
60.1948
42.9995
32.7713
31.1126
32.553
32.5571
32.1392
40.7963
32.3928
42.2585
32.2217
31.7055
32.1765
39.468
36.1298
32.5414
30.2602
30.6428
31.5503
31.1319
37.2127
42.2809
31.413
31.8164
34.4333
31.6587
31.2592
30.0635
31.4607
30.1244
32.7141
30.836
32.1246
45.184
31.4327
30.785
30.6913
32.1741
31.0662
43.4917
32.6531
46.4994
32.3262
31.6424
32.5391
32.5478
32.1016
32.0051
31.1633
31.5305
31.8071
39.2518
34.3038
31.7444
31.42
32.425
31.8321
30.7521
33.7391
31.6403
31.978
34.1184
34.4063
38.4355
36.015
46.8359
32.1562
36.2961
35.0411
32.3288
32.8833
31.3275
32.647
31.0226
32.4077
41.2654
33.5112
31.6641
31.6175
31.4676
33.3776
48.5489
33.8092
32.6375
32.3645
33.2333
32.6529
34.5396
32.379
31.7701
31.9418
31.7445
32.4041
39.2378
32.8604
33.6965
31.6767
34.6588
41.9744
32.2549
47.5935
33.1008
31.6281
45.9215
31.5995
32.2243
31.4705
33.1177
31.8664
32.4356
41.5321
31.4987
31.75
33.1682
32.5517
32.1899
46.5176
33.6924
32.0677
42.4003
31.8017
31.3894
32.5779
44.2254
31.7351
33.5387
31.3717
32.8181
35.5053
33.4332
33.2147
31.3698
32.9762
31.7344
31.7939
32.5594
42.6816
33.1744
31.9164
39.1344
32.535
52.9201
32.3607
33.1972
32.1153
43.3969
30.848
32.6796
32.2828
32.2734
32.8475
33.3589
34.8328
32.9836
32.9271
34.953
43.7905
33.3099
32.6277
31.9339
64.8912
33.3768
32.5017
32.663
34.6694
37.1641
29.837
32.0711
41.6333
60.3309
36.693
33.4136
33.1368
43.0257
33.0204
45.7788
31.635
31.886
32.4375
32.011
33.0292
34.0723
31.97
35.3564
32.8405
33.5754
32.0472
34.719
33.9338
34.9039
32.9538
45.5239
32.8915
31.9736
31.4238
41.2513
32.9299
32.2589
32.3647
33.8491
63.0572
38.3433
33.2714
31.4791
32.4
33.788
53.3903
33.1179
33.9137
45.0913
34.8809
48.1021
35.9095
33.7728
33.3411
43.539
34.1195
34.8451
34.1567
34.0851
34.6707
35.2734
34.9331
34.9361
33.8888
34.7625
34.8706
32.8455
35.5822
56.4231
34.354
34.2148
44.4723
35.657
35.7391
52.865
45.17
35.6662
36.7653
34.0621
34.7146
36.3592
36.2187
35.8327
36.4717
35.4031
34.8629
59.6505
36.5365
35.6569
37.5916
39.0231
36.7653
36.561
44.7869
35.9421
38.9401
35.8844
35.0051
35.0785
38.8543
58.6788
54.2675
58.8894
34.4621
45.8299
43.3035
33.9223
37.1798
35.133
43.906
34.7152
35.4631
35.0109
34.8551
42.4538
35.2688
36.8657
39.9063
56.8216
36.4268
35.6678
35.8544
34.9734
46.2914
34.8518
35.7989
36.911
37.0174
36.5966
40.1647
35.9701
35.3133
36.6474
62.7592
37.1013
36.8128
68.7997
38.2727
35.8803
36.3931
38.0428
47.9853
38.4389
38.3993
38.4908
54.819
38.4914
36.7124
37.2007
49.1233
62.6864
36.4749
36.687
37.8766
36.0963
36.5337
37.9253
36.2173
35.4182
35.3269
35.0176
34.9251
34.6139
33.7287
47.7658
45.909
35.8971
33.8773
32.9789
33.5863
33.1468
33.6929
50.0483
45.2044
43.0367
33.7541
34.8943
33.8
35.5696
37.6713
33.2888
34.8396
34.7075
35.9322
35.0945
39.7507
35.2075
34.7102
33.5576
34.6719
35.2115
51.2564
34.2758
34.4209
34.4732
33.3768
34.2278
34.3227
35.0632
37.2471
36.1074
57.9548
34.3478
33.49
35.1686
36.9628
34.4022
35.0989
48.1722
33.2219
32.3505
33.6055
63.1019
33.397
33.4382
32.8384
43.2304
33.9305
34.3512
32.9011
34.1963
32.4998
33.0399
33.7925
33.447
32.1022
37.9793
33.3941
45.4374
53.3164
33.3656
39.3134
35.3712
34.7031
32.6359
39.7031
36.9592
31.6597
32.4636
33.3249
31.2875
33.3624
33.7721
36.451
34.1634
33.4411
35.5401
32.8394
32.7006
33.0694
35.5471
34.1583
33.8358
33.1399
50.9167
33.0495
35.4884
32.1634
34.6407
32.5551
32.9578
33.5532
33.0553
32.2029
41.7591
32.5427
42.6134
31.8875
32.8866
32.0728
33.0817
33.068
43.6531
32.7681
33.3969
33.0205
46.6922
32.9679
32.3608
37.5942
34.1334
43.0024
31.0462
36.3842
40.4742
33.061
33.2607
32.7354
33.6751
32.5025
33.4447
32.8251
35.3074
43.7916
41.9013
31.9558
51.144
32.5346
32.1111
32.514
32.0824
31.5782
31.6852
33.5061
35.6389
44.153
34.2537
33.3313
32.499
32.7078
33.6065
37.4528
33.2318
32.6498
59.9017
32.4983
42.9349
32.7873
42.7374
33.9543
31.8862
31.7887
31.9714
34.3983
39.6546
32.3874
39.9433
44.5479
32.935
54.3609
32.3251
48.5011
32.445
40.8256
32.8535
32.7438
43.4563
33.4694
31.9787
31.0951
31.1512
42.5997
31.7668
31.2973
30.7329
32.0731
34.6701
58.7496
36.6008
44.0243
34.0236
33.1164
33.1906
34.0246
32.6942
32.9622
35.2614
33.3836
33.0689
32.2079
51.1883
33.768
34.5429
38.4772
34.7804
37.0731
35.1096
31.7666
33.7416
33.6327
32.1114
33.5673
38.7635
36.6527
31.8445
35.0305
32.8912
33.374
32.8425
34.4375
33.5784
36.386
32.9487
33.6737
40.5982
63.7286
37.1165
34.8194
33.2904
34.5981
40.8397
32.9717
33.1264
37.0933
40.1057
32.5915
44.9179
35.8342
38.2788
45.1738
34.5898
33.3322
34.9052
31.9657
32.9347
32.7166
58.3212
37.3405
33.5748
32.7657
34.484
37.9161
41.6203
50.4849
34.0195
44.314
32.9148
34.5365
54.1457
34.5634
45.8824
33.7489
34.9075
34.5116
44.2352
35.5925
33.7471
35.7117
44.758
34.015
36.4411
35.7396
35.7837
34.6716
34.0643
32.7009
35.5607
34.3354
34.3073
52.4559
50.1943
35.671
34.6022
46.799
34.4461
34.7417
34.1739
35.9678
35.0749
34.2039
53.914
42.1245
35.8699
36.7115
36.2159
37.0038
34.294
35.2168
37.2158
38.2639
35.8474
38.8506
35.0897
34.5435
34.7243
34.7141
35.9744
52.5595
41.363
44.3984
35.6589
39.6762
36.0829
34.9023
53.4507
34.2788
38.9681
48.5173
33.8998
52.0548
41.4212
34.7009
34.41
36.8698
35.9956
33.4314
35.756
34.1495
35.0319
36.6924
46.0879
35.5859
35.6025
35.747
35.0734
54.3132
41.5555
36.0543
36.927
36.8832
36.5131
38.6517
39.5603
39.7323
35.9393
46.1757
52.7765
35.251
34.5908
34.3234
35.2831
38.5857
35.1862
35.5243
35.3109
34.1576
38.3097
41.9941
43.7695
34.9746
36.7521
35.4975
36.3885
36.5614
36.0976
46.2018
34.9025
37.2391
37.2223
35.555
36.5262
38.6827
36.176
34.9484
37.8174
35.7405
35.6673
45.635
67.2975
37.2795
36.1787
53.095
35.8411
36.2189
46.1286
45.4261
55.7438
36.0005
80.3661
64.5867
35.518
36.1432
36.5375
36.6784
42.2067
47.2066
36.3021
36.3899
63.9449
36.79
45.3931
38.1703
36.2339
34.7131
37.3933
39.0127
36.4625
36.245
36.8945
58.2286
53.3516
37.2548
35.6346
37.6749
36.0868
46.9251
38.9607
36.7967
47.6974
36.9205
45.3077
36.4125
36.9032
36.7508
35.9661
37.6538
37.454
50.9253
49.1504
36.3339
49.0054
37.3928
48.0951
36.2512
36.9867
37.8839
36.8116
37.4358
48.7933
54.485
35.2823
38.4631
35.493
40.8566
35.5634
36.6985
44.7917
38.1462
36.8016
38.3439
48.8733
50.175
35.1987
36.2429
35.9401
57.3746
47.6368
36.5659
63.8135
47.5119
69.1992
37.8695
36.5008
35.4154
69.3845
36.3781
51.9963
36.2755
36.2516
48.4541
35.7959
36.4159
34.6656
46.7264
35.7175
36.2854
47.68
34.3256
33.9765
34.0885
36.4319
32.5373
57.4943
33.3283
31.806
32.1221
33.3693
48.9172
69.4921
34.7282
36.3339
33.5219
33.0466
33.3264
33.1909
34.7059
32.62
34.274
33.273
49.0792
34.659
34.7818
54.3817
41.4862
34.3656
34.5064
58.2371
42.8961
52.835
42.3685
69.4528
38.9178
49.4044
46.4108
41.8402
42.7581
55.1002
40.7505
41.3291
41.8976
75.9993
52.8254
40.5141
39.3748
39.3893
39.4711
40.1113
39.1965
39.6337
41.4663
43.577
41.89
52.518
41.9032
49.4134
68.2776
45.7986
41.9175
42.1524
43.2478
48.0421
42.9499
40.9972
40.5095
41.0206
41.17
41.6806
40.0283
40.8489
41.0726
43.3353
54.7413
43.1596
43.2688
54.9473
43.2506
60.2948
45.4728
43.9198
43.5603
52.9803
45.2352
53.3824
43.5265
43.9265
43.6771
43.3142
43.1499
41.3382
59.2539
71.8582
42.7099
41.9872
57.6564
52.0588
43.1252
49.4921
40.5812
41.7655
69.9638
55.6702
44.9809
41.8885
44.317
42.0806
43.6467
40.6653
39.641
65.2026
41.217
41.2603
40.5142
43.9291
41.936
41.7381
46.4919
45.5059
40.7396
40.6821
45.8304
54.0677
39.7846
42.8337
57.3626
43.3775
41.5213
39.8278
42.763
41.3396
48.0785
68.3446
49.0732
48.2329
47.0557
53.2764
41.4966
42.8322
67.9972
41.5873
39.5808
56.3671
49.5268
39.4351
40.7959
40.8393
40.4705
42.5934
43.1518
40.9136
39.8643
40.0933
66.6986
42.5339
40.5134
40.6662
60.8552
55.4019
53.5859
51.8824
41.7678
40.7283
41.9118
40.7831
65.5741
43.929
45.9064
56.7078
42.4656
58.2682
41.5294
41.417
40.4446
43.6157
46.2245
46.9011
51.6888
42.1905
45.5632
51.9223
40.69
42.4053
41.512
49.3013
41.544
55.648
40.9716
41.5249
45.7372
41.9661
42.4036
53.3445
40.4773
70.7422
42.3551
40.9604
41.0449
40.4829
42.7758
47.167
42.7564
41.6256
42.6459
40.1741
41.4437
67.2849
73.2479
41.9029
54.5637
54.2618
41.0157
47.2559
40.4795
42.0261
39.795
41.3113
41.9725
58.9408
39.8364
50.1725
42.4069
51.9257
40.5869
40.0209
51.092
42.2006
57.9091
41.1553
42.3862
40.0525
42.5864
41.8326
41.5305
41.7397
42.7033
41.8912
47.6717
45.4645
53.6734
48.9773
42.3259
42.7581
42.2393
42.3155
41.4066
41.7324
59.9221
59.7507
41.8494
43.0602
42.5128
58.3153
50.1386
41.3987
43.0699
49.5369
41.8351
42.2788
41.4311
42.9931
43.7538
44.5281
45.0849
43.7142
43.986
72.9817
65.336
44.2764
44.2656
60.0834
61.8643
47.0597
45.218
69.5
44.8175
45.3664
44.4646
43.9032
46.6558
44.9316
45.1919
46.3089
47.0796
46.8916
48.1717
48.3113
46.1552
71.3166
47.6702
47.1862
44.7487
46.7418
47.473
44.7126
45.7802
46.7687
43.2313
43.6735
42.8527
43.7135
43.5073
42.528
52.7482
42.705
52.1798
41.6423
41.7554
60.4691
41.0387
40.5884
39.7973
40.0778
38.9899
37.8132
38.2294
36.3676
46.9926
36.4139
34.9485
43.8211
34.825
35.3384
35.8415
34.591
34.8693
34.3522
34.8973
34.449
45.2771
35.3811
36.5987
34.7067
35.4375
44.8328
35.8734
77.304
36.3179
34.1622
35.7326
35.6301
35.6617
36.0643
36.8271
36.8525
46.4036
35.9236
34.7697
35.865
43.7391
36.0137
36.0416
35.4473
40.3673
35.261
36.3222
35.2584
60.6201
37.2627
45.3026
35.7531
36.9121
35.8549
34.619
35.5589
35.1146
38.4534
35.6764
36.0117
36.1244
35.0128
34.6545
42.8564
35.7657
34.2297
34.6556
35.3474
36.0983
35.4543
52.108
36.8432
35.4806
57.4795
34.344
35.6554
35.7562
34.6394
35.6129
35.3674
43.6632
47.704
56.7454
35.1607
34.6184
48.9294
46.9857
46.2843
46.6914
35.7793
34.0306
35.9025
36.4163
35.761
44.0909
34.9006
60.8114
54.9789
34.7517
46.4054
35.0927
35.311
37.7025
35.5138
35.1039
45.9022
35.1273
37.7092
35.2762
37.1423
36.8064
34.039
45.6442
36.2407
36.4661
36.0486
35.6881
47.7485
36.8106
35.1507
35.4928
35.4086
36.2674
37.2087
36.2632
63.6823
35.3826
45.6477
46.8867
35.5855
64.1611
36.7071
35.5238
36.1255
35.273
44.7509
36.2008
35.6211
78.4045
36.9616
36.322
52.1882
50.907
37.0154
62.5033
46.4499
50.3253
36.2497
53.4195
36.4428
35.8181
36.5431
37.1078
36.3937
36.9524
35.9489
36.7593
34.8089
35.9373
35.0874
38.1022
35.7973
35.999
63.1535
35.5837
36.1132
36.9898
35.1448
36.528
37.1604
46.1088
47.6343
49.5159
35.9623
35.7356
35.4072
45.1334
34.9192
36.5639
35.1078
34.1607
43.4035
35.3745
34.9628
35.7811
44.8806
35.2154
35.922
34.4543
35.4315
34.067
33.3241
34.17
45.6356
34.7133
33.3667
44.7896
35.6286
33.7248
33.7678
32.665
35.0217
34.5015
43.3346
33.7084
36.3176
34.3225
33.7117
48.9469
35.5522
48.2115
33.7848
42.7363
50.7645
33.8625
34.3414
35.4548
34.6881
34.0038
34.1012
36.042
34.1705
49.1121
34.8657
34.292
35.1332
36.352
34.3647
34.7258
59.2183
36.1916
35.7543
47.5948
36.1288
35.2256
35.4179
50.7955
41.4114
36.0127
35.1832
34.6757
36.0079
38.5568
35.312
36.4682
34.8674
36.1213
49.1606
54.7826
57.7862
35.5458
54.3695
38.311
36.4748
35.4873
64.2252
33.9027
33.363
46.6903
32.7961
38.2293
33.3838
33.3277
32.608
32.1974
44.0105
33.5284
32.5233
35.1643
33.8079
34.4206
33.0601
33.5909
33.3802
32.2458
53.975
34.3613
51.4358
35.473
38.8169
40.0347
34.7921
34.9149
38.8243
42.9083
34.233
34.3723
37.5319
35.0538
35.7408
33.5366
34.1469
34.7389
38.0819
42.6886
33.2078
32.8752
33.0833
32.0389
32.6207
31.0531
31.749
32.3377
32.3447
32.0427
32.4226
39.8646
40.8027
34.1532
32.6484
54.4574
31.6483
32.2838
33.7964
46.9205
32.4606
32.2695
32.1291
37.5481
32.6203
49.6331
34.0224
32.048
41.4051
44.2875
33.8377
34.8606
32.4535
34.9559
32.2673
33.1671
32.3661
31.5319
31.7764
41.3294
32.1543
31.1868
31.9088
35.7432
31.3775
35.962
33.3648
32.6592
43.1969
33.3871
31.8389
33.3496
32.0703
31.466
48.3908
32.8276
33.5951
32.2758
47.484
32.6338
32.6754
33.6413
32.547
33.9869
33.9929
33.1453
32.264
51.079
31.9948
31.9295
32.0926
32.1761
31.9297
34.8783
35.7219
30.3269
51.6297
32.4126
32.0744
33.3669
37.9257
32.4168
32.5491
33.4733
33.2876
32.1372
31.5755
30.7962
31.6457
31.4294
32.4031
31.7293
31.8949
34.4707
32.1496
43.7894
31.0376
33.4201
31.9264
32.8851
32.6086
31.943
31.8686
33.8345
33.3869
33.3245
32.8213
33.1392
32.1407
32.7011
33.5752
33.0507
32.2265
31.5083
31.7026
41.3636
33.0908
31.6461
33.2585
41.979
50.5473
31.9568
32.5616
46.0341
31.8061
31.8896
31.9297
32.2351
34.6655
33.3357
32.7897
46.8668
32.6333
33.2506
31.7635
32.5681
33.1697
33.3697
40.4107
34.9346
46.0592
33.3433
32.3299
32.8704
31.6287
31.8478
31.7416
31.7949
61.1412
39.0432
33.8076
34.7085
31.8772
31.2173
33.1674
33.0256
33.1572
33.2912
45.9541
34.0106
34.8896
43.8346
33.2381
33.3856
33.4633
31.6043
31.9582
31.529
32.4106
32.0781
46.8474
65.765
33.906
44.4332
59.0533
33.6546
35.9839
33.9448
58.2263
39.8621
33.562
33.8727
33.7911
34.4988
33.9466
50.8776
33.168
33.6736
35.3425
35.4001
44.151
33.7524
33.7432
67.5744
34.6873
64.6404
34.6712
34.484
34.2052
45.3955
35.8414
36.506
38.1562
35.6693
48.3245
38.0372
33.5639
35.0132
53.7333
33.6069
48.859
34.2127
35.3673
35.0824
34.8182
47.8819
35.4723
33.8859
39.1406
34.771
36.8042
34.0315
46.2081
35.2721
53.8668
36.623
35.1363
33.9076
36.5313
33.3294
33.4285
36.0202
32.5929
46.876
33.3377
36.5287
33.483
34.1146
34.4651
33.9723
36.4049
34.6916
34.6466
35.3497
34.7928
34.5275
34.4367
36.5227
34.7805
35.6425
35.1316
35.6976
33.3755
49.4674
35.3325
36.2652
36.8787
36.6416
36.5056
36.0089
39.15
36.7275
35.5315
35.1958
51.8501
36.7388
51.3024
35.2947
35.8456
47.6796
35.1092
36.4668
57.0851
34.6689
35.3965
39.8815
36.6532
51.1695
34.8426
34.3533
35.2137
33.8617
44.6529
33.1979
34.0682
44.804
34.4495
34.8519
34.7086
49.9099
35.521
36.076
34.8006
33.8192
49.7698
35.2919
37.4319
33.2037
33.4046
62.2958
43.611
33.8444
33.8399
34.0933
33.4795
50.8312
34.8895
35.7307
35.2601
35.3784
63.0804
38.1028
46.0782
33.1466
32.9891
34.3814
35.1061
34.675
34.2679
33.7817
32.6104
31.1518
31.2838
30.8565
31.6512
42.2475
30.2283
33.5383
33.5325
49.4879
33.9755
33.4084
33.6356
32.719
54.8982
32.4539
31.8872
33.0757
33.3054
45.8467
36.7474
35.5071
46.1386
36.8782
37.7141
38.3959
38.6732
47.246
50.6743
40.8429
40.4627
40.3873
41.4868
40.2989
40.7235
52.5018
39.9528
39.8682
40.1558
40.5969
41.2227
43.8756
42.8663
40.7218
54.4527
40.962
41.6274
54.4077
40.7933
40.1025
38.3892
40.4979
41.8733
40.5526
41.5318
38.9392
40.6862
48.9765
38.4354
56.9006
40.8354
42.7337
74.589
42.6091
44.2525
68.2092
40.9833
40.9326
53.313
40.3239
41.5018
41.4591
39.5049
41.6598
40.8599
39.8294
39.8146
39.8786
40.5479
40.3983
42.1649
40.0776
56.5395
40.4739
49.9939
41.2231
42.9864
41.428
40.7381
41.0124
42.1552
40.1223
41.7547
41.5658
51.3249
40.7431
57.5262
59.8543
54.1953
41.5796
41.1869
55.7081
67.883
54.5748
41.3613
71.4334
41.6319
62.5578
57.3987
65.7057
40.9423
39.261
39.7735
43.3929
40.987
40.4768
40.9286
40.2121
39.1416
40.6874
41.6211
57.1822
59.4511
43.4274
42.5178
42.8197
40.2451
40.1562
42.9076
40.9315
39.93
41.4205
42.0188
41.0413
40.8607
41.958
59.9347
50.159
41.8458
42.4265
42.5748
41.6418
42.0661
57.1814
41.0114
42.3551
42.5263
41.4179
41.6942
42.7549
60.1514
57.5616
47.442
44.2186
67.2713
43.1796
40.972
52.5604
41.5792
41.135
59.3812
56.8427
57.7505
42.5597
50.9657
40.141
45.9867
49.9655
42.2809
40.9926
41.9021
41.3514
42.0433
41.218
55.158
45.0017
42.1049
40.7357
42.4837
40.8639
42.8127
39.8239
59.4223
41.7358
45.696
46.4865
53.3048
43.9364
42.3233
41.4282
42.7911
43.628
55.0668
41.4699
40.5013
41.4994
50.963
40.1873
40.6719
62.2649
41.3904
42.4275
41.6375
49.7474
41.9342
40.2745
40.4554
74.5126
43.2487
42.8368
41.1677
40.6206
42.2393
41.3212
40.4529
51.3784
40.1874
39.7007
40.5729
43.7441
40.1165
41.1573
41.4891
40.9241
41.187
41.0481
40.8752
42.8021
42.172
52.5175
42.7009
42.0117
40.2155
41.6322
42.987
42.91
42.7441
41.5161
42.3913
41.61
41.5824
42.3315
42.2561
42.1918
59.3593
60.1223
47.6016
40.808
42.2781
41.085
43.6883
41.8774
42.2386
42.8304
41.8532
41.6521
64.491
66.6108
42.6098
43.9009
44.1283
42.5267
43.5219
42.5514
41.771
43.4833
43.4845
42.1801
45.3795
42.7886
42.6506
43.2018
54.2458
42.1974
43.8157
54.4722
43.5701
42.4389
43.7699
42.0534
43.4435
42.5585
43.2191
52.4321
41.9953
42.7119
43.1909
43.9352
44.7512
44.3651
43.9719
43.6043
43.8394
78.2453
45.8976
46.3595
47.9701
44.9918
45.5203
57.201
45.372
55.801
45.2799
46.0956
78.6613
44.7016
45.7147
54.5536
44.951
43.5302
53.3459
60.8532
58.1577
42.6024
42.7097
40.6247
41.0753
57.7337
42.1584
38.6329
49.5177
39.9923
39.6844
38.1268
39.5376
49.8692
36.2476
38.3079
36.0708
59.7915
50.9206
35.4878
34.9386
35.7559
35.3996
36.1048
53.4901
52.455
35.4509
36.7696
34.8348
52.0021
36.3955
33.7231
35.6404
36.2843
36.9313
35.1308
65.1948
39.1925
46.6321
35.614
35.6863
35.5112
52.1166
35.173
35.7274
35.916
41.7201
54.8123
57.4763
53.8926
44.6546
38.2183
42.993
36.0625
35.5964
45.1557
35.8492
48.5094
45.2002
35.7458
49.1129
34.7831
36.3561
36.4994
39.6994
37.0493
37.5568
36.0095
37.8348
36.8224
36.292
45.1513
36.2345
36.5525
36.4132
37.4357
34.2702
35.1145
45.7307
34.7986
60.6716
54.0536
36.0823
35.8137
44.1979
35.5571
35.9361
36.3759
35.4586
36.033
34.1061
35.7549
36.6324
34.1719
34.5928
34.7597
35.108
35.0477
42.7203
36.7207
34.4588
35.4542
36.5223
47.3133
36.057
37.3939
34.6204
36.2331
35.6315
35.6205
36.2598
37.7181
36.6874
36.6715
35.0806
35.8581
37.9991
39.5063
36.5687
36.6174
41.1919
35.7733
45.3669
43.503
51.9335
38.5121
55.4707
37.677
39.1006
69.2959
51.8335
37.3398
41.8788
38.254
36.9735
36.8912
36.5735
35.9829
37.872
38.0048
37.1783
46.8633
36.5937
36.082
36.7957
36.4037
37.7479
46.2047
35.9712
36.088
38.0377
53.5561
61.4577
38.2719
38.0462
39.8219
39.3674
39.4549
51.6996
47.4595
38.049
37.9145
37.3735
37.3065
59.64
37.2697
35.0528
55.4026
46.7914
36.8225
37.1139
37.0446
37.8763
37.1557
38.7191
40.8058
39.9517
36.9597
38.2653
37.1325
38.562
36.8751
37.3555
46.3322
38.2828
40.1178
53.0012
35.5705
37.5469
36.563
43.5162
43.8746
55.7199
37.7086
37.2422
36.1324
35.3154
36.7469
38.5684
38.6441
39.7431
43.5654
37.2967
37.9297
36.8835
36.8506
37.1582
60.9966
50.8486
50.4661
56.9815
47.9418
36.1535
38.075
36.9022
37.3254
38.4344
46.2655
39.6596
36.2087
36.3322
46.3028
38.0664
62.0872
69.8912
39.8781
35.4738
47.8462
35.9092
35.5121
37.4573
39.2781
35.5504
35.7551
38.744
35.5013
36.3798
35.6718
63.338
40.1529
38.1584
55.2461
52.0808
36.3155
34.2479
34.984
34.5363
39.1599
37.8174
35.1381
35.3909
35.5682
37.3646
35.0053
36.7285
48.7448
37.2814
47.1885
57.0967
35.5558
35.4567
36.1197
35.2888
37.5076
35.7962
37.9241
36.4744
36.6049
36.4705
39.474
39.2144
39.0586
40.4836
56.4816
38.3526
38.6037
37.9418
80.5364
57.591
38.4249
39.2485
46.6582
48.461
39.2454
37.9658
71.5077
37.9959
38.8197
37.7297
37.2452
41.2807
38.1322
36.5978
37.1158
37.5812
51.7394
36.3182
37.5871
37.8983
49.3205
58.1585
39.4628
37.0002
37.6652
47.3583
36.5744
53.1339
36.7498
38.9836
48.3771
36.4328
37.6263
45.2555
36.404
36.1595
37.8205
36.4098
36.1731
39.0819
40.4267
37.4431
37.5894
40.2016
37.5551
38.4436
51.5458
37.9208
36.5645
38.2058
37.1026
70.1043
63.8206
47.8
48.1757
38.791
37.7222
39.7477
37.8637
37.1614
55.3485
37.7601
50.4502
48.8955
47.9639
38.6604
65.2857
44.1412
38.4413
49.2874
67.0953
47.8726
38.5976
37.2328
50.7256
37.6523
43.094
36.2538
47.4856
37.354
38.2176
55.2625
36.6386
38.3801
38.6938
37.4536
37.0393
39.9877
38.0121
37.4033
40.6235
45.34
34.8218
35.6548
35.7722
36.3036
35.6443
34.6385
35.4675
46.6431
35.8026
40.8944
36.9106
34.757
37.5712
34.933
51.6039
36.0021
35.0094
35.8425
43.5184
36.0386
37.6136
64.2321
48.6014
47.7272
47.588
37.3082
37.6254
55.3776
48.9204
37.0739
36.0155
35.5838
61.8993
36.1202
34.7165
51.0597
51.4341
34.1598
34.023
33.3117
33.6407
32.7938
33.6655
46.8319
33.1539
32.539
34.4001
33.7014
61.477
57.1638
33.0937
33.3508
34.3305
45.1337
32.5738
33.5079
34.5855
32.6067
33.2812
33.4286
32.3269
33.9298
33.9243
33.4434
35.2633
32.484
49.4763
34.4349
41.9162
33.9352
34.2696
34.809
56.3502
59.767
33.6308
33.9501
41.9525
34.6545
33.9084
33.3553
33.5146
33.025
34.9879
33.6721
31.8186
35.2873
32.9524
50.8955
33.335
32.57
33.3616
50.6027
33.2078
33.4425
34.5846
32.7283
32.6275
35.3837
34.426
32.5306
34.7477
33.4154
43.3512
36.9145
32.0231
34.1288
33.5973
33.1854
33.0265
35.1079
33.0754
33.6273
33.564
32.3092
32.8554
51.7754
32.312
32.1866
35.7818
33.6199
32.5764
32.6885
33.23
41.9724
33.9894
56.4485
37.0204
54.3944
43.6514
33.2731
45.8291
38.4796
34.0756
65.1092
40.7807
33.7379
35.1709
47.7157
33.0041
34.4446
33.2628
32.2281
34.2555
33.895
33.0232
43.8866
33.0762
32.8224
33.1668
39.0116
34.7298
34.0449
34.8641
32.3333
33.4175
35.5358
65.4707
54.3311
58.3355
33.1843
54.8046
33.6192
33.0279
34.0651
32.234
33.9244
33.2973
33.0133
34.1207
33.4321
32.6259
32.6393
34.6887
56.5467
34.6082
33.088
49.3144
33.5192
48.5853
36.02
50.9997
32.9043
37.1338
35.7547
33.3811
48.8431
31.7139
32.6435
33.0598
64.7973
36.1278
33.0416
31.7333
33.883
32.7516
38.8821
33.6139
32.4517
31.8072
34.0529
34.7162
32.5732
34.9421
35.4547
35.0186
34.4356
36.0848
34.4018
34.5098
34.9688
35.0157
35.9602
36.1489
37.3724
49.9529
35.7442
58.8842
37.9418
35.1807
34.881
35.7504
35.9714
34.7885
36.0131
36.2224
34.7197
53.2026
35.0688
71.9255
39.8367
35.482
35.7679
36.2236
34.946
36.0092
35.8888
35.5222
35.8032
35.1601
34.5821
35.5116
47.8451
49.0286
35.1953
36.6459
34.6939
35.9313
35.4794
54.7998
37.7073
43.3054
36.2636
35.8137
35.665
34.3438
34.9587
35.3368
34.7225
35.4959
36.2628
34.6347
36.4359
35.4369
59.137
38.0287
36.3477
34.2497
33.9679
34.6626
43.6714
54.2715
35.1985
35.8652
35.3721
35.9569
60.9561
37.7614
38.0493
45.5609
36.5045
36.529
36.9276
38.7131
36.1294
36.9844
37.588
37.3654
37.2342
38.0141
43.3765
36.4163
35.0974
60.6363
36.6214
36.6514
36.7686
49.3222
36.6952
36.08
36.4219
34.8707
40.2559
37.0087
41.168
52.0258
36.5093
37.6924
61.2941
77.5635
34.7823
36.1073
34.8411
34.8366
35.2829
35.3014
34.3973
36.3747
35.7341
34.7037
36.4292
35.2419
42.9227
35.9347
37.7091
51.0419
36.7267
40.7559
34.0178
34.9349
33.6628
34.7327
35.1833
35.7798
61.8398
37.6058
34.3524
35.8463
35.6596
34.8344
35.2429
36.0033
34.9283
36.1569
36.3785
34.8638
35.7247
36.9134
35.5126
35.1573
36.6927
36.9342
35.5004
36.5685
45.4363
35.6077
51.3839
36.3959
36.8771
52.9389
46.5968
37.4924
53.2521
39.3339
37.4571
38.1881
38.0977
38.5504
38.0871
36.8376
37.6096
44.4489
36.5789
38.5038
49.3034
38.6781
38.8465
40.3173
41.4963
41.8506
43.5326
41.4666
40.4055
44.7788
44.9845
46.8761
43.4862
43.0343
68.8865
42.9449
42.6241
42.1397
58.6573
41.2485
43.4579
43.3256
42.6845
40.727
39.9949
41.2077
59.9885
43.0539
41.8631
41.5599
41.717
40.922
41.6092
40.4011
55.41
41.6459
41.4201
41.7824
41.4092
52.9258
42.9438
42.7069
44.9918
45.4591
45.1389
46.1619
43.365
42.9451
43.415
54.2349
42.6889
64.3519
43.5183
43.15
44.8975
57.4175
44.0467
42.6141
43.935
53.948
42.2084
52.5469
42.9634
43.6474
42.2421
42.2556
43.2028
42.424
42.2547
44.3892
52.8508
42.2523
52.3939
41.6808
53.1077
43.1588
41.3532
41.9278
43.1403
41.3158
57.2963
41.8359
52.2396
42.4942
51.5416
41.874
41.417
43.3104
42.4389
43.0536
51.0618
49.9014
53.8231
43.8541
41.9134
61.6333
74.7074
44.2017
60.0448
41.8909
53.2246
42.2371
42.1013
73.0212
54.0273
42.6843
43.3179
42.7035
41.8138
42.8143
41.6944
42.8473
43.9207
43.0068
42.2852
42.7227
55.4805
53.4806
42.0984
55.0357
62.7597
42.3811
41.6142
41.3873
42.2131
41.7448
43.4865
41.2287
40.8765
41.381
41.2511
41.1226
42.3173
40.8324
40.8398
41.8815
41.9717
40.4756
42.7066
40.4036
41.6393
44.6414
67.2086
52.0533
59.2474
52.5356
42.4865
71.7441
49.3033
58.237
42.1508
43.2969
41.4059
42.8831
44.0976
40.7244
41.6464
41.2651
42.4393
42.2694
43.4779
40.1365
42.5104
61.8522
58.9787
43.3338
44.0323
77.8886
53.1702
41.5129
52.9226
41.6198
42.9014
42.2064
42.9062
43.0438
41.8284
42.3654
42.5973
44.1294
43.8826
42.319
42.4266
51.0158
75.1387
51.1034
44.7674
42.3853
44.9481
46.5147
43.442
42.7185
52.6115
43.1044
74.6397
76.9485
47.5791
43.6822
42.4876
42.538
42.0769
43.0564
42.5847
42.0374
58.681
40.893
41.9181
53.8349
42.9534
41.0227
72.3239
43.1511
40.895
43.1067
41.2046
40.9232
44.4522
42.6285
42.7449
42.7597
43.1583
42.8879
42.5771
42.8145
50.0069
42.9624
53.4928
43.6959
43.9349
42.7867
43.255
52.3592
46.0077
43.6101
43.1064
53.8233
42.233
41.4691
41.2622
52.3957
41.6906
40.881
40.8191
42.3408
42.473
42.8091
42.356
58.1135
40.8451
53.162
41.3831
41.5418
42.2766
74.2783
48.8966
42.0543
41.1891
56.5919
43.1694
42.4455
42.0699
60.3494
69.0634
42.2999
42.8189
76.6635
43.2195
42.6139
69.0964
42.0631
44.9011
49.6554
43.4554
43.5468
43.8096
42.8297
47.9942
41.784
42.0452
43.6016
41.9336
42.079
41.1045
43.0862
41.7277
59.4492
48.6391
42.3987
42.5333
45.909
42.6054
41.824
42.6331
41.911
64.6375
42.4572
41.3141
49.1452
41.0271
41.6853
52.0973
41.9817
40.7527
41.8371
42.2813
41.7039
42.482
42.1875
43.481
42.2633
43.1565
43.2366
42.6065
42.535
44.7588
43.1731
44.9232
43.6913
44.4989
43.378
42.1756
43.9627
44.0753
45.1931
42.9356
44.8533
43.5529
43.3991
44.0764
45.0025
43.5733
42.9942
43.2264
44.0406
43.9483
43.5024
44.1857
62.0898
47.8014
42.934
43.6649
59.7351
44.7741
44.3629
45.1789
66.3315
43.2957
43.3223
45.0931
43.8097
44.4438
44.215
44.6459
45.5081
75.1583
44.7586
46.0578
46.9979
64.7321
44.3039
45.7706
58.1353
46.2338
46.4045
45.3504
46.0998
46.486
45.7593
43.145
48.1473
43.9035
58.4463
76.3799
43.4283
44.5059
54.3611
46.3453
46.7464
43.1891
44.309
44.3847
44.4551
43.3411
47.7319
47.3847
44.3788
46.3044
44.1843
45.2093
46.1081
41.283
39.9958
39.0761
39.3173
45.2731
38.713
39.6594
39.7747
38.4228
36.502
41.6482
37.542
38.7442
38.3789
50.456
38.2319
38.356
38.4518
38.3453
37.9855
37.2173
57.8296
55.0797
38.695
36.3025
37.2179
37.1304
37.2234
37.4179
38.1729
36.5697
36.6148
36.6692
37.3736
38.9666
36.9255
36.6125
36.9441
37.3913
42.1218
38.1447
36.9536
36.9963
38.603
37.3862
39.9398
36.728
36.6477
37.0938
38.0306
67.2289
36.6055
55.8124
48.9073
37.7934
38.233
36.9541
37.0353
38.909
36.647
36.6691
36.6248
36.8422
60.6071
38.0155
66.6027
41.1845
37.7623
36.8027
36.1947
38.2499
36.0762
36.2598
47.2934
36.7653
37.8035
38.4638
35.8052
36.9436
36.7319
37.63
36.0827
38.3542
67.5
55.3929
39.3547
37.6043
40.3552
42.8063
37.1078
56.8091
36.9636
55.3407
38.5121
62.9081
36.8898
35.9579
36.5945
36.6508
36.2714
35.5845
35.9498
48.7554
36.3002
46.0807
46.9433
46.5865
36.4286
35.0747
36.6784
35.7319
37.6176
35.4536
37.5632
69.3033
36.2057
35.9961
36.8398
35.9185
37.187
36.3985
37.1612
36.2756
35.5388
36.2604
35.151
52.0265
35.7566
60.9273
35.8134
36.7436
37.4647
46.2705
75.0661
38.2543
44.4792
36.2001
35.9552
37.011
35.8486
36.5758
37.8849
52.1908
36.9282
51.5066
35.6661
50.579
50.8773
38.4464
36.1377
36.5664
36.3258
37.2446
35.6236
36.3607
36.5465
47.7365
60.8713
50.2715
36.9995
46.4818
36.3157
36.3526
48.6361
45.0223
37.1106
51.6545
37.9252
39.2312
37.8052
38.3054
37.438
37.1675
36.9583
38.5851
38.283
36.5487
36.2183
66.1502
37.9902
36.4126
46.6028
50.8132
36.2132
52.8573
37.5619
38.4791
44.6479
36.5223
36.0167
41.9151
39.1175
39.9168
36.5264
46.0102
37.0367
36.2651
36.4982
62.3404
36.4451
36.4566
38.1375
37.014
48.4656
44.6792
37.526
38.5037
37.4502
51.2868
38.0457
51.0587
37.4324
37.446
37.6675
48.6111
36.4345
38.2975
36.9151
36.6941
38.1107
38.6645
49.0672
70.4915
39.3095
47.997
38.5388
37.4184
36.4548
44.7437
37.0464
35.9465
34.7888
36.3195
35.2577
34.9832
47.4248
36.5261
35.2817
34.1413
65.5697
53.4937
35.275
35.5079
35.8132
35.6882
36.0356
37.0464
47.6449
37.4369
48.4303
45.816
38.7239
36.5638
35.6574
35.5218
35.5317
36.0757
50.6437
49.9643
35.5227
34.184
34.4399
38.4902
34.1716
34.1382
36.3375
39.8724
33.0909
35.6043
35.5115
51.2294
34.1135
34.9257
36.5742
50.193
35.6991
33.0532
33.2021
33.7546
33.1249
32.6751
33.6347
33.2291
57.3914
53.096
33.9826
34.7027
53.5788
33.8695
35.5368
34.0777
33.1226
33.6742
33.1778
53.4561
45.5598
35.4978
51.6617
33.1679
34.0527
33.341
33.7698
33.6804
33.1109
41.71
34.4211
35.4891
33.8388
33.0005
33.2178
32.5928
33.4223
33.14
33.1052
34.2702
33.4764
63.5694
34.9961
33.2562
33.4127
33.8465
32.0486
66.7498
53.8631
33.0061
33.135
32.8837
33.658
33.0877
33.501
44.4062
32.7283
34.7311
53.5564
33.4453
34.5494
33.7913
33.3545
53.5777
35.0912
33.8165
34.037
32.9149
33.1263
34.7467
33.4173
33.5009
51.7068
36.1534
34.0468
33.7799
32.7084
32.6886
33.6829
34.9397
34.8059
45.5873
35.9785
56.1325
34.1152
34.0448
33.4874
33.3582
33.2729
39.6915
37.3357
31.5283
33.3751
33.4868
33.4436
44.6213
34.7331
34.1919
35.0775
35.0089
34.5992
34.1769
35.1446
34.2588
33.8161
34.3964
35.0006
49.7463
35.3183
42.3542
34.2583
35.0981
33.6768
33.3522
33.218
40.6447
44.6807
34.1716
40.109
35.374
34.1041
64.1929
33.0865
35.7262
34.7039
35.4335
34.0684
35.5094
66.4612
34.4234
44.2762
33.4589
55.8503
61.3337
41.1585
34.9228
33.6951
34.5205
36.2555
34.0959
39.2226
66.991
63.6255
34.531
53.7356
35.5011
68.8888
35.7058
61.9097
33.8693
34.5238
35.4805
33.4543
34.1167
32.7833
34.434
33.319
34.6219
33.2756
34.8942
34.0211
33.5204
34.6958
34.8064
35.0824
34.132
35.6202
33.497
34.3174
35.5237
39.252
36.2985
35.1621
34.211
34.4403
41.1475
36.0248
35.8825
36.8965
37.3993
34.9695
53.6469
36.111
36.4836
34.5316
34.5374
36.2883
35.942
48.5592
46.683
52.3831
75.1322
37.2963
35.7951
35.6794
36.5592
37.659
35.7977
35.5614
37.4801
36.1914
35.8324
35.426
35.7748
36.161
35.3915
34.0693
35.6619
35.051
47.1417
39.8286
34.0122
42.6205
35.5075
35.4634
35.2063
35.5872
35.9787
35.6313
37.0171
69.1921
38.5523
36.6217
35.328
44.0389
47.3051
37.1284
61.4022
35.6454
35.0363
70.3556
36.1672
34.938
55.4037
34.1299
35.9083
34.5134
34.7382
48.4895
34.9912
38.3691
36.6254
36.8162
38.5678
38.163
39.0985
38.6163
35.6137
35.3769
36.5704
38.1335
53.5269
53.567
41.4058
36.0387
35.8378
36.3865
36.1636
37.4125
51.8756
35.5401
35.1362
51.1614
40.2971
36.8989
45.071
35.7894
36.5885
35.9475
36.7358
36.4394
36.4857
35.9414
42.9109
36.3299
36.413
63.6179
36.6701
61.9159
36.4932
36.2543
38.1174
34.9787
37.2118
35.3016
66.5031
38.0983
35.349
39.392
49.3821
37.998
36.8998
36.2451
59.5404
35.5195
35.3749
36.1745
36.2082
34.7085
34.6908
36.1747
36.6073
34.3111
53.8801
35.9501
38.0505
52.3051
35.785
35.4137
35.9345
35.5813
53.1164
36.7494
36.3984
41.7696
44.1503
36.1834
70.5931
36.9873
38.477
46.708
37.9459
35.8508
35.8884
38.3603
37.5544
47.3162
36.6769
61.5298
37.328
36.1492
65.65
36.4205
36.1036
35.5869
36.9998
53.4029
36.5162
49.044
65.9735
36.4932
52.2814
37.6188
35.5953
39.2165
36.48
37.4539
34.8605
36.5833
57.0984
36.188
38.0925
36.3113
36.0577
36.2121
36.4164
34.5825
35.8885
36.3502
36.8927
50.6038
36.2713
59.7965
35.7078
36.1216
36.7971
37.1523
52.2239
35.7533
53.7213
35.8461
37.2805
37.5296
36.3382
34.7753
37.9101
67.2122
36.4758
36.4541
35.175
35.9538
35.7141
35.3765
59.5098
36.6285
36.9622
36.0605
36.0072
59.4602
47.3377
37.5233
35.5553
35.1426
36.6471
36.6445
51.8162
35.8319
35.6918
49.0731
37.1121
57.8324
35.4968
37.0596
37.7744
37.5681
35.9604
36.8692
52.9651
41.0614
51.6372
37.14
37.6447
48.4845
41.8296
37.9891
37.5321
66.3667
37.8611
36.8755
35.3201
39.1108
42.4142
44.5584
37.5071
36.5058
35.1765
52.4163
52.1242
40.5969
34.5756
35.5312
35.0521
36.6473
35.9717
43.2046
35.4681
34.3167
35.5924
36.267
36.1107
35.7737
52.4669
36.3995
36.3236
36.5643
43.9801
36.0995
45.2087
34.9155
35.3051
36.6651
35.477
35.6694
36.2749
35.1352
48.9264
35.7728
53.618
35.3674
35.7486
36.1188
36.2228
35.9492
36.2997
35.0519
62.5763
41.0843
35.7727
56.2517
35.0253
36.4285
38.8217
50.8177
34.9999
40.3724
37.4282
36.0314
37.2826
37.6785
41.1087
75.7723
37.2262
37.6661
39.1602
65.5383
37.6122
53.1276
41.9495
38.1308
54.7757
38.5964
37.1957
37.3871
39.8091
55.1089
40.8852
41.101
43.0866
42.8209
40.2936
42.9752
43.0979
45.7079
41.9782
43.0685
42.2924
47.8043
48.8942
52.7601
45.9748
77.0418
43.8926
42.1769
41.9753
40.6341
41.2737
41.3112
42.0136
40.8271
40.9298
41.6094
40.9162
42.6022
40.813
42.0404
41.5656
39.6103
39.2442
43.8778
43.0017
42.5177
43.0389
41.8171
42.7855
43.6389
44.5028
45.0142
50.1945
42.8604
44.8893
43.4513
43.3108
42.9613
80.5871
43.5815
44.3266
44.78
72.7764
42.7238
44.6622
43.4284
43.8085
43.7024
42.565
43.0006
43.1586
42.8832
42.8441
42.433
41.7724
60.917
60.7219
41.8908
41.9427
42.3236
43.2907
43.1462
41.9108
43.791
41.922
43.2028
42.1869
43.3068
42.48
40.6215
40.3318
41.8
50.8075
60.5429
41.7594
41.679
40.9487
42.1149
41.3832
41.4957
46.1528
42.0539
42.6542
43.8376
41.4895
42.6748
44.2163
45.5529
42.3723
45.6819
52.2343
41.1047
43.2695
46.5892
41.0814
42.2178
41.2193
55.4314
42.1157
42.0879
58.8858
41.9215
68.8545
40.7861
42.6329
44.5399
43.3137
46.4349
42.6395
42.4639
42.5683
42.6272
41.2052
41.8801
41.685
41.3441
42.12
40.6932
42.9736
41.4777
41.2577
42.2325
42.4418
42.5699
41.1334
42.1984
44.3462
42.3789
61.1018
56.8911
40.9812
41.7724
64.4101
57.1385
55.5631
43.1415
47.2212
44.1258
49.8719
48.8414
42.2737
42.2873
42.2354
42.873
41.9093
44.3676
44.4152
44.034
43.9741
52.8386
57.4777
54.4184
48.6633
42.8556
48.4479
43.5204
42.9655
43.578
56.626
59.8468
44.095
43.3078
42.4311
42.1708
43.3544
43.278
44.8175
42.5911
42.4495
43.4527
43.0704
56.1115
44.5903
57.1522
43.942
58.3996
42.7677
44.029
40.8679
43.3088
43.5613
44.9131
57.6305
42.2586
45.9889
44.0386
44.7869
41.9082
44.4864
43.2994
44.9255
43.4708
44.6034
43.4771
43.2834
43.983
44.4528
43.8464
42.7663
48.9334
43.6023
44.5895
45.3013
56.9075
43.8916
44.7101
43.6098
45.2029
43.8929
45.3035
44.2699
44.7859
45.2266
46.302
69.3776
70.3207
44.5579
43.5494
53.5508
43.416
44.9502
73.2037
44.7824
42.2916
57.9159
59.886
57.8116
44.8588
45.2806
45.5432
44.9737
45.4069
44.3021
45.5265
65.5365
62.8378
44.8856
45.6534
43.5912
44.576
46.7999
45.1929
61.1
43.5621
44.5807
48.134
47.7387
43.5002
43.6901
48.2726
43.7889
43.192
43.9098
45.5632
43.5411
63.1453
45.7976
45.1341
45.7872
59.3647
59.0359
45.9251
46.2857
45.622
45.5683
44.5555
42.6042
43.0405
45.7693
78.6364
47.313
46.0321
77.0826
45.4301
45.455
75.8632
56.5157
47.003
43.9316
56.7365
43.782
43.3513
43.8471
61.3042
43.9853
54.8672
44.1381
44.8724
45.7361
62.6115
40.0506
41.6894
39.9533
42.4225
40.7409
40.472
40.6934
47.5682
60.2428
40.2691
39.7698
39.1468
38.6482
38.8348
40.0003
53.5155
39.3637
38.9025
56.6099
40.0441
49.9904
47.4943
39.1972
38.6848
37.4173
38.2239
38.5541
53.7756
55.9817
37.2582
37.8407
37.7599
38.7345
39.158
61.9409
37.0339
38.7955
40.6992
37.8615
39.6064
38.3897
47.6948
37.998
39.4604
38.9225
38.1514
38.0813
53.582
39.0944
38.6216
37.476
38.3035
38.1573
40.0033
37.0946
38.6165
37.7467
38.8017
37.3856
38.3763
37.6427
36.6201
36.8025
38.2222
52.7579
38.3791
46.9044
55.8725
52.6899
36.8457
38.2927
37.3096
36.0691
38.3708
36.368
38.7701
38.14
38.9227
38.0675
38.7716
36.6483
37.4582
37.9799
38.5347
37.6291
41.4561
38.8889
37.7777
38.6631
37.7915
39.6582
37.6778
37.8751
37.9427
37.3662
37.1174
37.65
39.438
38.3604
68.0156
38.8696
37.6866
37.2062
40.3144
38.4302
36.5344
41.1075
37.0924
36.5647
38.2479
39.0914
75.4932
52.6297
51.4319
37.8842
38.4486
35.7925
36.2666
38.1592
39.2632
70.0492
36.6534
37.574
36.6781
48.2553
37.1407
59.1522
53.9658
55.4229
36.5109
37.8938
35.5872
55.8358
37.9611
44.6535
41.7022
35.7575
59.6663
41.1703
35.9797
39.0913
37.7629
36.106
36.4284
37.2427
36.6924
37.3599
36.6133
35.9244
36.1276
36.5081
38.0725
35.9619
36.0439
36.8373
36.5837
38.1727
54.4048
36.9873
36.9249
36.3336
35.6897
35.756
36.8731
36.6722
35.4993
39.1868
35.9849
35.4841
37.338
36.5911
37.564
38.1543
36.7266
35.6691
36.974
36.9954
34.9691
36.1377
36.2868
38.4212
36.5367
37.2667
35.5701
38.6573
36.018
37.0514
35.9616
40.9908
63.6613
53.2355
54.5846
38.0172
35.7236
36.9093
37.0587
37.376
36.4995
37.1276
36.9135
37.4006
38.0087
36.6453
36.1928
35.3915
35.9642
34.979
35.0275
34.3056
45.5798
34.1775
35.8474
41.4348
33.7031
34.223
35.0521
33.6649
34.0597
32.1376
57.6325
32.9229
32.6689
32.1598
33.0481
32.2467
30.4574
32.3607
44.6194
31.3358
32.2455
30.7512
30.2784
43.1283
31.4253
30.9998
30.5977
39.1212
34.6199
30.8961
31.775
31.5557
31.511
32.7934
31.8464
31.5783
31.6464
30.2279
30.6562
31.1619
39.6193
33.3591
32.4814
31.8442
32.1119
32.1434
33.5886
31.4749
31.4218
31.5872
31.4522
44.1064
31.671
32.4135
38.9967
33.5863
38.3768
32.7992
46.4641
35.4158
33.3449
59.0792
48.2877
51.3712
34.6235
33.5935
35.7409
34.2461
34.2422
33.2732
33.1225
33.277
32.1673
31.7458
72.6041
49.9502
42.9588
33.8761
32.9976
35.7788
32.4357
33.3857
34.3146
32.7929
33.2274
32.7603
32.6615
49.9426
30.4391
37.1834
36.2355
32.3032
33.3642
35.086
33.4265
33.1654
34.7137
34.4606
33.7549
35.4103
36.3003
35.7391
34.1583
41.268
35.8562
34.1665
40.4359
62.5474
32.6171
32.3677
44.6497
33.5347
46.8042
34.6761
32.8769
32.5073
35.6645
34.6143
33.0136
34.3418
33.7668
33.3497
33.3874
33.3246
33.4946
35.1275
34.8666
33.5902
33.708
34.8854
35.3427
35.9633
34.4432
65.6515
33.9562
33.8789
34.8187
34.3271
32.5367
32.8813
34.2608
58.4307
33.5475
34.6346
59.7464
33.5831
36.9256
35.1247
33.713
47.2011
54.8976
38.1406
33.3732
33.1612
33.721
36.3463
33.9827
34.7088
36.0889
34.715
34.0632
59.3475
42.3541
34.3755
36.3699
35.1187
68.2273
35.7222
34.0894
49.0441
35.112
33.9987
33.1791
36.4815
35.0691
33.099
38.7813
35.1004
59.1192
43.5211
34.1384
35.3564
34.8357
34.4007
33.7822
34.6515
35.3582
50.5165
34.7879
51.9267
50.8562
34.3438
46.6497
42.207
35.9161
34.1706
36.179
52.4146
36.1869
35.1795
36.2337
34.4607
35.023
35.6364
46.5599
34.2085
34.5975
33.5186
34.1409
35.7867
34.0174
36.2381
35.973
32.8711
35.9572
33.8498
46.6985
35.6304
33.3765
41.4922
33.0659
34.7293
45.1927
39.5891
42.3135
36.4239
46.687
34.811
34.5927
33.3226
33.9887
37.1844
48.5181
34.5768
34.8433
48.0431
34.9683
32.7872
34.8295
33.7668
52.46
61.0028
67.0013
35.5312
32.804
33.5231
16.9473
33.7226
33.8718
33.9999
58.0481
34.1443
34.4049
35.4159
34.3121
34.0771
34.0448
45.6116
35.105
33.3382
59.3099
40.8159
35.0758
37.0367
36.7966
35.7019
33.4955
41.1303
34.0389
38.3173
33.9286
33.9982
49.1822
34.8476
33.3523
50.0313
47.6076
36.4449
57.3155
34.1161
33.8072
36.9635
36.119
34.8458
33.4036
32.9562
33.9716
34.8917
34.9064
32.7697
37.9535
32.8749
33.2316
35.4322
31.5917
33.8358
31.9212
36.324
34.1031
35.3944
35.7367
33.7927
32.9522
33.3685
32.8105
34.4757
43.4137
33.0124
33.921
54.0982
33.7201
32.9935
35.2554
33.4885
57.6919
34.5933
33.8209
34.1342
44.248
32.4167
33.9222
33.4304
50.311
34.8123
44.4746
41.8766
33.7268
32.5544
35.1474
33.544
33.5834
33.9413
33.9116
34.4026
35.819
34.0851
39.542
33.9364
33.7128
34.2823
50.3673
34.5548
33.014
33.3864
34.2849
34.3868
33.1321
34.9418
35.5389
33.2028
33.9724
32.8159
33.3346
33.0477
33.5504
41.5709
35.2193
33.2223
33.9362
34.9742
40.0055
36.4801
34.1049
44.6656
32.8982
33.5042
34.0919
31.9069
33.4059
52.6187
35.6375
31.9423
33.3405
34.6225
49.8824
31.7409
33.2018
33.0308
31.2817
42.9785
33.6263
33.97
34.8728
33.7962
34.2724
44.8834
34.0962
33.9617
33.5575
35.7647
33.8218
34.2794
34.6284
34.0531
33.8844
33.2932
33.2257
33.4951
34.1652
34.5861
35.1332
43.3226
49.5932
33.476
34.7912
35.1592
48.9617
35.3422
33.9095
35.0263
35.0631
43.4825
39.1978
38.4538
33.1005
40.4939
38.332
33.4025
41.2411
35.9527
34.5019
35.877
35.1621
34.0925
35.5331
36.8767
33.7284
34.7421
37.9837
34.859
34.7869
32.8867
34.9252
33.2691
45.7591
36.8092
32.8802
37.6562
36.2772
36.2586
34.1203
34.0378
34.4515
36.2117
35.952
36.3102
53.7325
45.0683
33.9393
34.8224
34.7308
33.2462
46.4121
39.182
35.0158
43.1488
41.242
35.0622
34.4409
56.4907
34.3154
35.898
38.803
35.1582
35.6653
35.4134
57.3362
34.5269
43.6462
35.318
35.3021
35.9197
40.3848
43.1687
34.5364
43.0386
36.3064
35.0799
41.2402
44.5337
48.854
34.4147
47.2393
41.2714
46.1467
34.0625
39.357
41.8454
36.3279
34.734
44.5681
37.7205
34.7504
33.7403
34.4873
50.117
49.5093
35.5659
33.7879
37.6822
39.8633
34.8844
34.0376
34.7344
34.5817
33.8916
35.7794
34.6498
35.499
34.3823
42.5445
41.9758
51.3922
37.4144
34.5766
51.5024
40.3361
42.5856
43.4634
41.3876
33.4554
35.2775
42.1364
33.3458
37.2242
34.6277
34.0759
36.2927
33.1494
33.7199
57.056
35.6393
34.1281
47.2526
35.084
33.0776
37.5354
35.6313
34.1127
34.5175
34.4824
49.7493
33.0185
35.0987
66.7424
39.4523
52.2239
42.2893
35.0781
34.2661
34.1079
35.0345
34.0534
35.4679
36.8794
33.833
37.8005
36.2521
35.8898
37.4976
33.7018
42.0838
48.4776
37.7332
35.2116
37.6285
38.5992
32.3191
36.1259
50.539
35.3328
33.0385
36.6249
34.9943
34.0809
49.1935
34.588
35.5922
34.7912
35.5175
34.0257
38.162
36.4728
36.3115
38.7477
33.7178
35.6146
35.8856
47.8419
52.5284
35.4128
33.6186
33.6075
34.7004
40.7767
33.7643
65.5228
36.7556
38.8494
41.0721
37.5672
49.4263
35.3839
37.6965
35.4742
38.053
49.9974
40.6819
34.8855
34.4235
35.7787
35.054
49.8935
35.0032
34.8362
37.1431
48.2515
34.7823
34.9757
38.9934
47.06
34.4417
34.8651
36.392
54.1599
35.7594
49.5476
33.9782
39.1547
51.5683
33.3464
35.7972
33.6408
34.4215
35.0554
38.8302
46.5961
44.7175
34.2647
48.6602
35.2524
35.0529
36.1058
35.5703
49.0845
40.5854
68.9815
49.6926
34.6628
47.107
34.3802
34.9248
35.6466
35.5007
40.4922
34.3756
33.6445
33.333
35.1617
35.5199
35.4196
36.2166
68.6646
34.2054
44.2779
35.7054
35.3789
38.0008
34.1385
34.6395
64.4086
33.9382
34.5434
33.544
35.4414
34.6239
34.3475
35.6334
34.531
34.3585
34.3424
35.72
34.1161
34.2148