37.315
31.678
43.8045
34.062
29.7869
30.314
30.482
47.282
43.6349
48.5519
31.1487
29.8918
31.243
34.6234
31.0684
31.3258
30.8101
38.687
31.7158
59.3234
42.2267
32.4235
40.5311
33.7421
29.9461
30.3834
17.4976
31.3409
38.0856
16.6313
18.0441
20.0671
15.5387
15.2048
20.6476
22.0877
20.253
14.099
15.0657
16.3368
14.2488
13.8225
17.6535
15.6499
17.1006
17.5617
13.586
17.5274
13.9103
16.9504
17.0176
22.1096
23.3434
11.937
14.7674
11.3337
14.2033
13.0866
15.1244
15.788
20.0179
15.3654
17.6733
16.8566
12.9874
13.9944
20.7899
13.4324
20.6946
16.8281
16.385
30.1477
17.5097
17.2673
17.0347
20.4392
31.4667
32.6323
32.2538
35.7654
16.7321
31.6577
32.7026
35.8791
45.9393
44.7295
32.0489
36.09
46.1384
34.3838
32.5332
31.9132
36.5783
39.8957
38.933
32.8262
33.9427
28.8779
29.4618
14.6562
32.1508
16.859
23.0007
29.5908
30.0993
15.1707
36.6501
17.5502
40.6558
41.3387
31.7248
32.1611
30.6487
33.0002
44.0173
34.5535
34.1467
36.7223
34.8025
35.996
35.3617
36.5389
38.375
43.988
31.7017
54.8002
34.0676
43.3775
35.7962
29.5667
32.9762
35.8646
57.7532
35.7131
30.9817
14.801
30.4077
19.0854
12.8267
27.2507
17.3184
18.0949
28.4737
25.29
15.0064
30.9272
33.374
43.3843
31.1054
30.0086
31.0048
35.5465
33.433
44.1257
51.7925
42.8073
45.5538
32.7963
33.95
43.1913
43.6467
45.2058
38.2796
33.0172
34.6779
35.9358
35.2236
54.3375
43.5169
33.3269
32.4426
33.3943
32.401
32.5265
32.0115
32.6158
31.5054
31.734
32.0705
33.329
31.5028
32.2351
59.3557
33.1662
32.0971
14.8663
31.1805
29.6049
15.5063
29.1918
30.354
12.7519
26.6271
25.4159
17.5177
31.619
28.7953
28.8359
43.745
51.6268
31.6645
30.7359
29.0899
30.9528
39.8458
50.5487
40.2509
14.123
38.6227
32.8547
18.1372
14.5341
25.315
28.3826
16.316
13.6896
20.8394
14.0814
26.0826
13.5161
26.1973
34.011
15.0513
29.192
28.9979
44.3423
35.1888
39.8675
36.8527
33.8698
31.8772
35.3292
30.8886
33.1895
47.8342
36.6442
34.6723
32.0813
32.7903
32.9073
33.5161
34.2372
34.6057
34.3357
39.8536
35.2807
37.8102
34.4374
41.4652
33.4477
35.1479
36.8302
33.4374
36.0145
44.102
18.3916
37.055
16.3009
25.6334
18.202
19.6405
19.0141
42.7294
19.0965
18.2409
35.7311
48.9653
44.173
18.2167
49.4782
19.0124
19.6088
15.8323
21.8411
15.435
25.0644
17.1216
13.8517
21.7402
17.926
18.8644
16.642
18.1542
17.2049
17.1287
17.1653
16.8295
15.6166
24.541
16.8329
14.7765
23.8537
17.1473
19.4348
25.4485
18.5275
18.5266
17.8268
14.3239
17.2481
19.7761
22.0423
22.1098
19.968
17.6625
22.7108
22.1312
16.3466
17.027
15.7967
20.6606
17.5655
16.3065
19.6311
15.1278
22.6252
32.6096
34.3823
31.8295
25.1457
35.2757
46.1175
44.3385
33.7141
33.8145
44.501
32.3435
35.5216
38.6417
41.7827
43.0991
34.1302
23.8182
19.1341
23.9116
30.2254
18.8271
15.8936
16.8814
15.8037
15.035
17.84
17.3055
10.0465
13.6146
15.3992
20.6925
22.4758
14.2963
12.5984
18.8441
16.2822
25.4115
20.4518
16.0293
18.2709
21.3996
19.0782
23.7788
16.2717
15.5486
14.3829
23.044
14.7361
19.1362
13.3876
21.3355
16.2398
14.4364
14.1299
18.5658
17.9464
16.2572
19.7773
18.1156
17.5465
17.822
17.6743
14.729
17.9394
14.3963
17.2719
19.1124
16.7421
20.9942
16.0084
20.8144
17.8474
17.5405
16.7502
19.0126
14.2977
17.3652
17.0427
17.8529
18.2476
17.5049
15.4294
16.4945
14.4674
17.8105
13.3134
20.0941
21.1159
23.4067
18.505
19.0309
20.2274
20.7833
14.3328
18.2767
19.4166
21.0263
14.436
32.9367
18.2082
20.3691
33.6631
32.4569
31.824
17.1412
38.3218
43.142
31.0289
31.8649
34.9028
38.9615
32.5722
40.9593
43.0176
44.5954
24.5469
29.5681
29.4741
14.3264
20.5084
27.303
15.0825
27.4386
22.3425
13.8311
33.3633
19.4155
29.0536
15.4716
35.333
16.4285
41.3899
30.6361
13.8093
34.0142
41.2469
14.3168
35.7548
37.1412
27.2414
35.1838
28.5938
12.3638
40.4708
34.3884
23.3681
38.4079
41.2709
17.6088
16.3221
13.3936
33.5285
14.3423
13.6439
16.0469
13.4462
32.8844
18.8593
14.8208
47.3545
14.9092
36.6484
14.4581
20.5227
35.4289
27.201
16.0268
39.1211
36.3626
29.2124
44.1763
43.6656
25.4032
27.8923
30.2053
27.6706
16.8818
17.2077
28.6632
14.3441
22.4492
15.7899
17.3015
27.8015
15.0949
40.1342
26.8785
19.6436
13.9402
21.8361
15.8017
29.0929
16.2364
40.1792
31.5038
28.7278
27.5182
28.7701
27.1242
27.2296
27.6731
27.5717
28.3308
28.3741
16.3554
41.8961
20.3619
16.2264
27.4068
19.1272
13.5791
12.4824
18.0489
22.0641
16.6103
18.6778
37.6249
15.3729
18.1679
15.6358
12.9668
44.0482
13.5344
16.06
16.1353
13.6037
17.7468
28.1504
16.8811
19.0816
17.6638
16.8897
16.6512
29.7021
13.7473
17.0505
32.7193
29.0523
21.0063
29.1576
15.8962
48.4374
29.8779
33.5458
30.5598
14.953
34.4975
28.913
13.5852
38.9141
13.5385
14.3224
28.0561
15.5539
20.0963
16.853
17.2356
29.4624
15.2448
13.6461
29.6468
13.5666
14.4498
28.9066
13.6915
12.7884
34.4933
13.2294
16.6417
30.3067
44.3743
14.3383
38.7064
21.8544
12.4878
40.8092
18.3039
24.7427
36.6951
15.2472
33.3421
20.4944
13.9143
30.9411
22.5693
33.7463
13.6327
35.8927
27.9374
35.3876
15.8779
49.2146
32.512
30.5025
29.0517
14.445
31.3698
29.4568
14.95
15.7807
13.4823
35.6578
13.9088
19.8531
15.3412
12.7377
41.5268
34.767
46.045
31.1851
13.2943
31.0174
26.7598
13.5443
30.5749
30.3217
31.2937
15.8595
22.1048
23.8049
15.1452
43.0604
17.2694
31.7965
10.0458
15.6396
29.9433
14.8136
41.3088
12.909
54.7858
51.4676
31.891
14.6752
16.464
30.4279
15.9143
36.1098
30.3951
29.1555
28.6363
29.5787
27.2266
13.6419
36.0016
14.1832
19.2866
20.3994
38.6901
31.972
40.1359
33.7747
51.9316
32.2542
29.5106
29.659
29.241
39.9195
33.0453
28.6276
28.3313
36.0852
30.0309
16.5992
35.1349
21.0506
16.8142
14.579
15.223
26.807
16.5524
27.8521
40.394
14.9871
31.044
46.2835
27.6533
15.8499
28.6826
16.4069
14.2751
26.345
27.8474
27.925
18.2481
17.5442
28.3427
14.6512
39.12
13.6145
45.3053
15.9603
16.0276
29.9873
12.9894
37.124
15.3041
14.7839
34.0301
18.7109
30.2692
18.9173
13.207
30.0829
22.14
31.4333
28.8991
29.7905
32.0447
30.4917
42.1546
36.8343
19.8809
29.1487
31.1985
33.0873
18.481
16.8599
29.3344
26.2422
14.535
36.9598
19.0742
45.954
44.2499
30.3629
45.0987
38.8284
33.812
28.4587
36.4237
16.3647
28.9358
30.8223
28.4459
30.1932
16.214
21.2366
14.9501
40.5119
14.9334
31.4348
17.1593
16.0389
32.3376
14.834
32.5046
29.72
16.2032
13.6072
27.6072
21.6425
28.7838
22.2237
29.0519
15.63
15.3816
30.2907
34.1017
29.7111
18.9904
29.3147
16.8295
37.1238
20.46
22.0853
34.5949
29.0762
14.6958
16.6365
28.5307
14.8922
30.6326
17.6382
23.8912
15.6496
12.2792
27.2387
28.0637
15.8084
35.6718
13.7367
46.2839
49.1741
16.9999
44.9061
16.7433
21.9303
14.9457
28.6643
25.7025
15.7749
28.6991
29.7199
40.2368
30.0258
29.6743
30.5125
41.7917
28.5699
27.9461
27.3023
27.1867
33.8412
29.173
25.8215
30.0061
27.5605
29.1783
40.5916
28.5333
38.8117
27.7983
30.2671
28.1527
21.1939
34.2331
14.486
28.9769
14.5635
35.7557
30.4679
28.2127
36.5278
15.2363
14.4979
38.8685
40.2522
26.1417
39.4189
27.8182
18.064
25.2403
29.0817
29.8958
16.4288
27.6113
43.855
17.5516
28.0985
17.2998
26.9275
27.764
20.4026
15.0207
28.5454
28.8672
14.6585
15.8773
29.2916
15.7478
30.272
17.5068
22.0413
15.2463
14.9748
21.3426
25.4208
29.599
17.1373
19.3461
17.0593
13.4368
17.1037
29.1101
14.2459
16.8896
30.6341
17.6736
15.7734
26.5846
21.8948
27.8111
34.0884
30.4117
33.0467
41.2459
16.5691
35.1528
29.1936
29.4777
18.2803
30.2903
22.6118
31.5723
17.6193
37.0569
31.0607
32.4993
17.8701
36.6993
30.2442
17.2426
23.6235
31.836
18.7109
35.5814
16.1208
15.204
19.0567
13.5959
17.1048
39.1021
17.1394
21.4929
17.8611
28.5515
17.5466
32.4932
44.4644
19.7731
19.7333
56.7674
18.4805
25.8753
33.0656
17.1844
37.7026
34.4755
16.4626
37.6863
28.5182
30.9341
33.2015
29.7046
24.4799
32.9458
30.4498
41.2988
32.0563
30.2796
32.5527
42.4019
41.3914
18.6836
53.5771
39.9754
19.0625
29.5226
27.7767
44.7507
20.8204
35.9408
15.6193
37.3675
30.1002
19.094
29.5421
27.5967
30.712
41.9111
41.0345
16.4783
26.6962
30.0903
29.6963
31.0282
29.1179
30.3757
27.8502
29.3979
26.8367
27.9843
14.3388
34.01
16.4726
28.1626
29.2578
18.1521
27.9757
30.0723
16.1904
26.8869
32.1921
14.5742
31.4964
35.0092
28.1361
28.1277
28.7341
13.023
18.9377
13.3819
39.0165
13.802
26.1838
15.4269
27.2353
16.0491
28.6778
22.9906
17.1134
28.2024
15.6049
22.1998
16.4727
30.8949
13.4555
27.8029
35.0205
17.3002
16.5584
21.8166
12.9947
12.9155
16.9123
52.5625
15.233
14.4743
18.7117
19.3734
13.3329
14.0411
16.9575
13.7657
13.3273
26.9021
14.4193
14.0059
15.7374
13.2366
15.0505
15.0839
21.934
13.2008
15.6477
18.9282
17.0636
12.6954
16.5681
14.983
13.7754
28.7433
21.6355
29.5326
28.4425
30.77
30.4382
29.9852
36.1165
29.6022
28.3931
35.3673
35.5194
26.0078
26.658
28.2577
29.4432
27.5578
29.2516
14.3771
34.1861
16.3056
37.4857
29.6026
17.5331
32.0352
34.288
15.0086
30.6008
31.5803
28.9588
30.3868
28.7921
28.7474
49.3172
30.0186
32.8188
38.493
42.8132
40.0356
27.546
20.5629
28.8319
31.4663
34.855
26.2798
29.8791
31.2607
16.843
50.8343
14.9228
37.7079
16.6587
23.4632
42.1116
31.2251
31.3251
13.7247
17.4723
15.4891
47.1562
27.2387
37.5643
34.1373
16.866
20.0428
29.3073
16.525
30.1307
38.3758
28.2625
34.3755
31.3254
29.1124
30.8706
30.1082
35.837
31.7645
38.6266
21.7978
41.0727
21.2611
30.695
21.4723
29.9885
18.058
31.1768
30.5448
33.3679
19.0724
43.7873
23.7064
30.82
17.6905
39.502
40.7373
27.2797
17.2455
17.2506
36.0464
17.2917
28.4818
21.7068
26.8931
19.0567
29.5581
26.5931
25.8166
22.1711
24.1455
30.8793
18.034
26.7042
36.3142
24.5446
17.2341
26.4132
15.3763
15.6923
21.7021
23.531
26.747
16.1697
29.5532
16.6398
17.5098
25.9633
24.8452
19.3558
29.5057
27.195
29.2109
29.5819
27.8074
23.9955
25.7674
27.6165
23.7493
27.4962
23.7034
26.5223
22.8234
35.9765
21.4753
30.0969
35.1391
26.3895
22.3619
25.5588
24.6107
26.9071
26.7992
32.0069
26.0977
38.7574
22.8606
25.512
24.5798
33.2483
25.0769
24.618
21.5544
24.7817
21.6254
24.7201
24.2119
32.1759
21.8021
33.2774
25.5439
24.0016
23.6646
41.1195
24.4161
32.3315
23.7592
32.3487
25.5213
22.3416
23.1918
30.6748
22.894
31.0027
21.8264
29.5123
32.4337
29.2502
26.2287
23.5452
21.4572
23.7284
23.4491
25.6476
29.7568
23.363
36.6155
33.4458
26.9139
21.1524
15.9994
18.4668
25.3003
24.0172
22.417
30.1025
21.1641
30.3632
26.4869
22.7477
17.9962
27.3866
22.143
19.5245
27.4862
28.355
19.3805
28.3306
29.5169
26.9414
28.0208
19.2964
24.8791
20.6333
21.6353
18.4752
19.4847
21.1033
17.4838
16.8979
17.6831
21.0544
25.5228
20.7762
26.2029
20.1752
21.2579
20.3657
22.9301
17.0017
25.1858
17.7033
18.5713
17.3136
27.1587
20.3963
22.49
26.7966
21.9386
16.3499
19.229
17.1562
20.1057
23.3755
19.1418
18.115
17.6795
17.4198
16.7937
29.6504
20.1515
26.426
19.1219
23.3531
28.6975
19.1774
20.2805
20.4328
21.946
19.8882
24.8949
31.3658
20.9956
27.0848
19.1823
20.5697
17.4841
21.5055
21.7164
16.0385
28.0852
17.4748
18.6536
22.1695
18.1708
16.8579
20.7553
19.4222
18.8258
27.1403
18.2883
29.9295
17.5928
21.3559
16.8442
19.7812
24.7252
18.3919
21.0308
18.5293
22.524
33.2373
24.9711
31.4464
26.5498
19.2973
24.1084
22.5214
26.6463
20.8648
18.9925
23.4051
19.3692
22.0275
28.3652
23.037
20.7643
18.573
24.3985
35.4412
21.5317
20.5656
19.7616
20.6185
19.5745
20.9155
28.1189
26.2931
21.2251
32.4529
19.9997
25.3398
18.404
23.3265
20.3833
22.1298
19.3143
27.5133
22.9579
29.5823
21.7411
18.7999
21.5804
23.0773
21.0747
19.7853
24.5376
21.0528
17.8127
20.8044
15.9113
25
20.2764
17.3512
13.3236
32.74
17.1852
27.0504
18.6911
25.5
15.3471
30.4259
14.058
25.8074
21.3188
20.9767
44.6384
18.9438
13.6055
15.3043
18.9824
16.2437
21.4658
15.5684
24.2791
18.902
15.9222
15.3698
14.9588
17.0881
15.3191
17.9054
16.0718
14.6933
22.0577
17.1212
20.1909
20.4645
16.3296
21.6619
15.1647
15.1703
23.9439
32.1142
14.5496
31.3155
22.2688
14.7866
24.733
17.9939
16.1147
17.0734
14.8128
22.3279
20.7056
17.2347
32.8747
18.6843
19.1711
21.3924
15.1081
18.5781
15.0742
16.611
22.6576
34.0579
22.8183
21.2563
24.0286
17.2322
14.249
23.1255
20.7052
18.2929
20.2704
29.0003
17.1477
16.5924
19.2056
16.2963
15.9216
36.4226
15.4682
17.6974
19.19
18.8492
26.6396
14.4183
34.0962
17.5209
22.7102
24.4271
26.1687
14.8668
17.4208
24.6685
16.1513
14.7092
24.2937
15.7301
13.4973
13.0924
16.7299
15.1025
13.5566
16.6088
29.0024
25.6842
29.1091
27.6835
34.2832
29.1794
31.5032
27.0921
31.9667
17.5385
16.5624
14.1813
20.4624
28.4639
25.8106
24.5466
15.9412
25.1592
24.9564
18.6474
29.5162
16.1462
14.7239
15.6136
25.7518
14.6289
21.7524
14.9767
25.6659
20.2899
20.9701
15.1912
14.6884
17.4514
13.6089
18.578
26.7976
29.8188
13.1845
22.1925
19.9628
17.3549
12.9956
18.2446
13.4388
14.8749
17.5895
14.5943
18.7093
16.184
16.5129
14.7072
20.7482
13.393
15.0605
14.6534
25.19
15.7624
13.6619
26.7562
15.7204
16.1175
39.896
16.0461
20.595
21.1124
23.7641
37.2537
20.5524
19.2209
21.1751
14.63
22.6806
9.62534
14.0372
25.2936
15.8084
13.7077
26.2768
14.5983
30.1588
16.6155
29.6983
30.959
25.8875
21.3635
28.3892
27.2874
33.0777
28.1725
17.5941
39.1605
30.5337
32.8535
42.9168
21.9097
46.9222
32.4969
31.5832
31.8396
30.5259
42.7107
30.9849
23.9898
29.2971
20.8861
31.987
16.118
35.7119
41.0796
32.5719
32.7974
30.5322
40.9479
32.2299
36.3657
31.8768
30.2028
30.9803
31.2994
33.5855
31.7211
32.3355
38.0615
29.3189
32.1009
30.3518
29.7774
20.3537
34.8556
37.4165
31.4387
31.4513
29.8956
30.5458
29.7169
30.1704
38.2107
28.9245
17.8298
29.9645
16.1396
34.2104
37.5411
31.8924
29.7171
29.758
27.7506
31.4652
31.3089
48.0731
30.7293
30.4691
29.1813
29.8016
31.6897
37.0366
20.2718
28.7052
30.4797
32.384
28.5932
28.3399
30.4287
28.1527
40.2947
31.2806
28.5906
34.07
42.1704
35.0577
29.1697
28.7916
33.0939
29.1703
30.4328
29.0451
31.559
35.2701
32.8612
33.9742
29.6585
38.4716
29.902
30.6854
48.9349
37.2633
29.6899
29.1048
27.278
34.5447
27.9938
33.4335
28.6789
28.1391
26.9968
30.9786
27.1907
35.2251
29.266
30.3001
26.8964
32.1683
27.1306
39.2962
31.3119
28.7826
15.7903
13.6546
29.0752
13.2503
13.5431
27.5527
13.8856
15.0762
18.1915
35.1603
15.1996
13.8709
17.0506
17.5403
28.729
21.192
30.163
21.7422
21.7283
27.0697
27.1471
17.1284
32.0964
30.0907
31.3805
29.0634
27.9929
13.4655
34.4208
28.0248
30.5725
12.1742
34.4242
16.2421
28.2084
15.9167
29.222
15.9194
31.6364
28.4084
14.5576
23.3345
26.9052
14.41
17.3356
27.8433
16.0315
13.1016
26.4116
39.061
16.4718
16.5952
13.2071
38.5547
14.5655
27.4598
42.1912
36.4028
38.1412
39.9317
30.221
34.8717
28.2641
35.8267
27.5532
31.0694
26.3596
33.734
29.9216
28.5353
35.165
32.8616
28.424
27.9707
29.4725
41.3006
26.7783
42.6344
26.1809
29.1358
25.8928
27.6278
27.0441
30.1605
16.0883
27.9994
27.8284
14.7842
41.9832
36.6644
13.8265
31.4505
14.2634
30.0706
16.0949
30.7721
15.4754
32.161
43.8514
20.7401
29.3606
41.972
13.2527
51.9934
26.4231
28.188
16.1676
28.6405
30.9897
15.9717
27.8667
19.9448
38.448
15.2437
50.9469
15.1498
28.9338
18.5212
34.2714
16.1171
17.4673
32.8969
16.2764
27.6219
12.5591
14.2674
27.2658
17.957
34.6307
15.1388
11.4349
19.6535
15.4183
11.373
12.7162
23.0542
13.2343
28.5734
12.0379
23.607
18.6518
18.0404
22.9091
16.0638
27.5199
28.2336
28.7846
26.8952
11.9432
17.5363
12.3988
18.5455
40.0833
13.179
13.6666
12.8685
11.8745
25.677
17.2949
33.8612
19.1073
12.2923
17.3126
28.45
17.0429
13.2224
16.3586
28.4945
19.7293
15.0912
24.6632
30.2156
13.1689
18.9177
14.0671
13.8936
15.7585
12.4972
14.4034
28.4847
14.4292
16.6929
42.3592
17.0014
16.5851
17.6339
16.2007
19.0148
13.2348
37.5968
14.94
17.7435
15.0072
16.3319
13.8347
14.8861
32.2693
17.5347
14.3605
16.1708
33.7637
15.6128
20.587
15.7702
30.3248
21.8082
28.7658
32.1027
30.5189
29.1875
39.8268
37.4697
28.5898
30.6031
16.045
44.5126
32.7409
12.5149
33.8889
29.7514
17.5339
27.1407
30.0767
42.5801
22.1073
29.8728
29.2876
28.1747
30.2612
31.9921
30.6782
29.3654
49.2719
42.4698
30.9072
30.9344
38.2562
29.695
27.6112
28.6301
28.2544
29.007
27.0654
26.1727
25.4128
31.5088
24.7635
24.4867
32.7301
27.0211
26.188
30.8904
18.6389
26.8182
14.3235
26.0473
27.1316
26.8364
27.0532
17.1444
11.5119
27.7031
14.8287
27.1056
25.2463
20.6107
25.7873
25.3966
14.5442
17.5544
25.9685
15.7134
26.6811
14.7046
16.3764
14.145
26.6309
13.814
24.7222
20.669
16.2178
18.4493
16.0119
39.0252
15.8504
30.3068
16.8464
16.7769
25.2376
12.6648
39.8956
13.0021
21.5583
13.8139
26.3911
15.4508
18.2081
39.982
14.6852
17.1651
13.9166
40.7235
19.2022
15.0534
14.3549
36.5934
14.9477
28.5878
19.8279
25.4565
18.1402
25.7019
25.4955
39.4574
29.4281
27.2004
36.6133
36.688
44.5788
28.1256
26.1567
29.1665
26.9668
39.43
29.4302
12.5762
33.5679
16.8289
37.2007
14.6151
20.0745
29.0504
27.4199
43.1514
12.37
15.6868
28.3648
14.4337
13.9111
27.843
14.6408
12.9978
13.4616
40.0761
16.7123
14.6167
27.4322
14.3445
28.8787
18.2192
28.5543
28.4316
29.6562
14.6008
18.1845
28.6586
17.0077
26.9147
15.6241
28.3933
15.2216
30.1024
28.4873
14.4812
14.4466
15.7153
29.0077
37.5925
13.7531
17.7432
14.6082
12.8281
15.5626
14.091
30.937
29.8845
13.6268
42.4411
37.0599
27.8805
32.5318
13.2118
29.7751
54.1678
28.6266
26.3428
28.987
26.8564
14.1111
28.7207
16.0305
26.6661
28.9085
38.1204
46.4261
17.0998
47.2594
17.066
28.7425
17.8067
15.5713
19.2809
22.5255
12.6991
38.3729
26.5639
16.4919
21.5327
12.717
14.5569
14.6931
14.0054
31.5762
19.6671
18.4754
21.1759
15.6918
28.3141
14.8157
17.8811
14.1811
29.3612
30.0039
28.5771
20.2024
28.2375
30.9283
14.3648
15.5293
28.719
14.3317
34.128
14.6326
15.7433
14.3562
21.3222
15.4141
15.3792
16.7201
19.2662
12.684
28.3316
14.9578
16.3322
13.6726
32.65
17.0607
28.5599
19.7437
24.0996
15.2169
16.0704
20.0885
27.8959
22.6571
13.3741
15.4634
21.5066
28.7664
31.2232
18.0036
15.1032
24.49
15.1286
23.8295
29.6281
24.1738
13.5922
20.4875
17.9674
27.7957
18.3523
23.1555
18.4512
13.8444
17.2295
29.6755
9.39516
14.6403
12.6731
17.6716
20.2744
16.2647
15.4661
14.1814
30.0301
15.6196
13.2371
45.7475
40.4103
33.7088
28.7149
36.2602
15.071
30.433
29.6436
36.8461
43.2856
47.5598
16.1281
34.7458
16.5263
29.9733
22.5615
14.6149
29.8106
19.1499
34.7313
33.9816
45.4412
19.9587
37.1862
19.865
18.1191
37.5273
33.3492
33.3652
31.5128
33.7641
36.6896
35.3956
17.4789
34.8134
17.6931
33.3418
32.4772
35.6149
34.5274
32.9063
34.4259
30.8966
31.3183
29.9664
44.5125
37.1055
39.01
28.0035
36.7153
31.6224
34.6298
33.873
43.0308
33.9778
32.5847
32.1612
32.326
35.1556
36.2958
39.7903
32.2663
52.4349
34.0849
16.4987
16.0084
19.6438
22.1683
18.9696
19.7012
23.8305
20.0888
18.2164
16.5689
16.2885
20.0168