28.534
32.3923
13.9314
13.1667
15.8762
26.1567
27.2535
21.9872
13.3464
27.0317
17.703
18.3198
15.917
17.9514
26.5447
14.5773
16.303
18.7742
13.9341
16.2655
18.7276
13.6815
18.926
12.9151
14.3285
16.9036
16.4865
19.7916
16.9775
22.006
14.1332
18.3751
13.1543
13.2318
39.6338
16.3151
17.7939
16.279
18.8259
14.6567
22.1592
18.8353
17.2142
16.8143
14.4711
16.054
17.1409
15.9586
18.2343
14.7936
19.3194
18.2899
17.0705
18.261
10.8128
14.5665
16.3158
24.2494
16.639
18.1275
15.9945
13.5857
19.4398
28.9866
26.6805
18.472
15.1844
15.7752
19.7701
14.1588
15.122
21.308
13.0106
17.9044
15.427
13.7026
30.2096
20.8188
14.8377
23.7168
9.89744
13.1563
10.0455
12.1799
16.5703
18.2344
13.3463
18.2939
17.8074
21.6572
16.1712
16.6096
13.5376
19.9566
14.1375
13.9491
13.9803
15.8288
13.5035
24.3108
13.6985
13.8766
48.3988
17.4894
17.1557
25.8282
16.6313
17.7415
22.9082
18.1969
21.7161
18.9204
14.6897
20.9063
21.2927
19.216
14.4831
46.1396
15.9729
17.0072
21.7503
17.4102
15.8898
22.0745
22.5624
22.4827
21.3129
16.5065
16.6631
24.0434
17.2398
16.3225
21.6578
16.7705
14.4681
17.6062
13.217
29.3555
28.6127
32.3752
31.4784
27.9835
16.6022
13.6402
35.079
13.7373
16.1873
16.9266
14.6543
16.4539
12.4534
17.7802
21.0216
14.2882
29.1096
15.3037
15.2648
16.2562
21.9107
16.2035
15.4019
13.6507
14.478
32.2528
16.1923
32.731
16.0908
15.8473
32.0277
23.5791
15.7826
31.5971
15.8496
19.8594
29.9019
24.8074
22.1046
23.0365
22.3467
31.202
30.4611
21.3388
40.9615
21.3992
39.4118
22.7372
22.2509
22.3408
19.662
27.6117
20.9149
30.0644
31.9208
22.6091
22.2627
25.6362
21.4907
34.6183
27.3139
25.6385
16.2811
25.6567
22.937
21.2621
24.3383
35.946
20.5807
22.6921
17.0585
27.785
27.7706
19.8923
27.1619
20.8869
13.8718
24.5718
21.0084
20.5992
23.6868
15.0679
29.0555
16.2086
26.865
27.7258
26.087
26.84
18.4127
24.1097
21.5041
37.3083
22.9188
22.73
26.1043
28.4884
21.7244
18.8459
19.8271
22.0898
24.3234
28.866
24.4323
25.5263
22.4668
29.1515
27.4778
27.2745
26.3386
28.4175
34.6658
28.2775
35.6455
29.3669
52.2326
31.6312
30.6724
27.1254
31.908
29.4089
18.9452
26.9171
32.0573
14.8526
28.839
28.8284
28.3986
17.4558
27.5347
16.3449
32.8353
30.8494
28.3755
44.086
33.1231
28.566
15.4936
28.8064
32.5043
29.3141
37.3768
28.5716
14.4408
35.785
26.8483
26.1892
36.8282
24.4038
17.7996
34.7697
29.3592
26.025
22.3631
16.9058
26.277
17.1934
26.8262
17.6093
34.5103
25.7989
13.9962
31.1097
34.2053
16.2694
22.3868
24.2488
21.1328
15.4497
28.6017
17.7767
21.6963
26.2713
18.7798
20.484
19.5464
31.9109
18.8184
27.5258
18.7081
24.8207
34.4115
15.9092
34.0761
22.1474
26.2313
18.9939
23.3203
22.541
25.0769
29.868
25.8424
30.9702
26.2438
21.296
29.718
27.2676
19.2245
36.9088
34.0949
30.8904
33.3836
28.8348
34.7191
35.7099
32.0117
29.8826
30.7199
31.3181
28.4868
46.4316
30.2702
29.0462
26.3723
27.4268
24.9691
23.3754
43.2924
24.6785
37.4919
16.9688
37.4921
24.5975
25.8047
26.5845
23.7276
25.4311
23.0677
23.8738
22.2338
24.9858
23.9335
21.6402
26.2059
24.9548
24.1238
27.0668
27.4759
26.4573
36.3338
23.7556
42.7886
39.0932
32.2052
36.14
22.6948
24.0024
23.5851
21.591
27.0333
27.1381
23.4065
22.4368
30.0907
24.2351
26.5913
37.2674
26.1327
29.0199
25.3133
38.2394
29.5896
35.4521
27.7369
28.9482
27.5017
29.9662
28.3749
30.5742
28.0388
28.2192
27.1466
28.3051
30.6972
29.5924
25.9645
35.8075
28.7054
26.6076
41.8885
38.7922
25.7216
24.9737
27.8738
27.0709
25.1052
26.9846
26.089
23.8334
26.8126
35.2558
24.2104
27.3011
28.8638
23.9913
35.0706
24.8131
24.232
25.5365
32.0279
27.8741
23.5739
35.8564
24.0715
36.7445
29.5154
24.4193
24.9268
26.7884
29.8163
29.5229
32.7305
28.2576
29.7086
28.3224
29.5007
27.1972
30.0789
26.7658
26.8731
27.8902
30.7322
26.0452
40.6379
29.782
31.1599
29.6101
29.8352
31.375
29.6804
30.1176
35.4575
29.1529
28.6802
29.6888
29.2637
25.6944
32.8296
30.8696
32.4776
33.2776
27.1402
23.9995
37.2842
23.7974
36.1675
22.8755
28.4882
25.3001
22.3674
27.5284
22.9823
25.1601
23.149
19.0166
27.7554
18.7154
22.2167
22.8
19.8601
30.9904
20.0463
22.3111
28.5044
27.0875
35.1678
21.479
29.3838
23.3036
31.6057
23.5116
21.3129
24.0869
26.1828
24.8629
23.312
23.9279
25.8505
26.2388
30.6106
35.1788
28.5727
28.4781
25.9201
29.096
25.973
27.8664
25.9426
26.8581
30.9664
27.1435
25.4265
26.4575
24.4409
25.6833
27.0713
37.3044
23.0093
33.024
25.8203
35.5072
27.6565
26.2265
24.8641
15.2737
25.4564
32.7919
26.0196
25.0255
26.9663
29.2556
23.0746
23.1447
25.1425
21.1434
30.2547
24.9363
21.8631
29.8784
22.238
30.5332
23.1568
41.8425
23.2103
34.0273
25.8634
25.342
26.2217
25.4457
24.05
35.2993
22.1654
30.3001
31.2753
32.5023
26.6043
32.1107
28.2411
20.7674
31.5011
31.2539
27.4132
27.6332
20.5027
31.8258
14.9704
12.9231
23.903
29.1463
28.5532
35.5115
28.4473
32.9851
28.0257
21.8932
22.9844
24.0269
22.7485
20.0294
24.0382
19.9276
23.7642
22.8268
19.9548
30.4674
23.6377
21.9621
23.7802
35.6623
24.8035
25.5352
24.1913
39.1384
24.2024
22.2424
34.2671
22.274
26.5351
23.708
26.9866
31.7428
33.7367
28.4721
22.3396
28.011
20.3307
25.0853
21.6064
22.9802
20.4203
26.1798
30.3859
23.0223
23.9081
21.6149
21.3686
21.7595
25.9532
22.6185
24.7864
24.1299
22.0474
25.0314
25.1779
18.8656
25.6711
22.3392
27.0626
24.6267
43.059
37.449
25.7197
41.667
27.6614
38.103
32.0236
25.6332
31.5136
27.2519
29.44
26.2399
34.6599
30.9335
43.3288
27.6645
37.7134
30.0318
27.3393
27.3721
32.1758
42.622
34.3091
27.4032
31.4253
28.8559
37.8881
37.0939
38.2925
38.0223
31.2429
30.0388
40.1548
26.5183
41.038
28.5465
25.2276
28.0853
33.5044
21.4894
27.0153
32.7521
37.0595
22.0513
30.6708
24.6918
33.7711
24.6532
23.5902
35.7544
21.6881
23.5032
23.3016
28.2661
21.5192
31.3132
23.6703
27.8058
27.4856
22.0478
23.967
32.0545
27.5573
22.7611
34.8395
23.7038
24.3946
27.1367
48.3757
32.6658
26.2558
24.4353
32.9952
31.6987
26.5139
38.5586
30.2166
25.4868
43.9719
24.829
27.9766
23.5538
29.1795
26.1653
27.3547
34.4439
26.458
26.857
28.684
25.8564
23.6827
24.8209
31.151
23.189
24.9155
35.8431
29.6126
23.6043
43.0464
25.246
29.2626
27.8302
27.8364
27.885
24.7226
28.7987
26.0294
28.1489
23.7712
31.7142
25.9343
29.3587
28.0065
26.2298
31.2468
28.2568
28.2785
28.6336
28.1199
29.805
23.3928
26.3212
26.6117
28.3154
37.6779
27.2476
27.357
27.9817
24.3415
27.354
32.5965
32.5022
23.4645
33.6813
23.899
32.5157
35.3612
24.8243
35.3011
30.8797
24.048
41.0666
22.2079
34.3748
20.0823
24.2176
20.1123
43.9483
20.3955
21.8218
30.8837
25.3041
31.5037
24.296
27.7501
25.7944
22.4222
24.8264
29.065
27.584
27.0678
28.4416
34.1402
28.8697
29.9959
55.4939
29.8367
36.5082
31.0589
29.1933
42.9587
33.5593
30.5002
32.6196
27.8247
48.7952
45.2121
29.6248
43.2024
30.0536
25.7019
30.2435
28.8419
32.9826
28.811
31.6701
34.4833
28.8335
29.7516
29.7366
27.0753
27.89
29.1274
27.6487
27.4589
25.5744
30.34
26.6768
34.4506
30.0306
28.0711
33.9161
28.346
42.9348
50.2825
34.6209
31.371
27.524
29.9763
28.9994
28.3881
28.8379
33.9393
36.189
37.1966
25.8028
16.6364
14.2128
32.5537
14.715
36.9991
33.4651
26.513
28.5393
30.6264
28.0786
28.7856
17.5143
42.8211
17.8211
17.8123
28.6882
28.1753
30.4404
26.9767
13.4235
43.2046
15.0194
38.8446
15.0619
42.2556
29.9567
25.6825
12.753
36.038
15.0558
33.8781
15.7285
16.3638
27.2923
28.8503
33.3407
26.7889
28.1241
25.9185
37.7588
15.4144
25.1677
26.4742
24.5573
27.7374
34.7179
26.0793
36.853
29.6795
29.6117
25.5318
29.712
29.9819
23.3864
32.2857
34.4001
26.7687
23.7391
22.603
22.3319
32.3553
28.1978
23.4558
22.7442
21.0539
37.8698
21.1072
27.4132
27.128
25.9363
33.1942
25.9697
39.2152
29.445
26.2515
38.9522
27.2384
35.3364
28.4405
29.7551
37.752
14.1056
39.8445
17.8738
37.3213
27.6105
46.0007
31.996
27.6378
23.9922
27.2405
36.6084
24.0118
36.7711
22.6981
24.0758
27.0337
23.9968
36.8776
26.2352
31.0529
25.0622
28.7718
34.034
28.0405
24.1569
19.5524
24.0967
25.8142
30.1191
25.5235
34.4789
26.1099
25.9979
42.0017
27.5171
26.6075
29.4927
28.3626
41.8198
27.2839
26.8036
30.1038
26.8778
29.6435
30.7822
34.6312
31.9322
27.4013
31.4139
27.3282
27.4021
27.0218
26.6321
33.0367
21.2853
38.8084
23.5318
38.467
27.2122
41.022
16.5567
37.9141
13.9035
32.8363
27.8301
15.8628
24.8264
26.3414
26.6207
25.1203
30.5125
25.4885
25.5869
23.5753
25.0616
38.8129
27.1606
27.1711
35.5642
27.4655
30.9675
27.5729
27.9046
28.0448
33.0235
28.159
27.8738
25.0613
31.2587
27.3398
29.2863
38.2822
27.218
28.6961
29.5243
29.1516
28.3988
32.6125
28.8646
30.4774
30.0717
29.3619
28.7616
30.1898
36.9245
34.614
32.5812
16.4599
36.84
28.5353
30.0704
30.3991
28.1578
32.6943
37.4745
33.4724
27.4308
28.4294
47.2662
37.2401
30.8133
26.861
25.7611
25.7236
13.9283
12.874
34.3857
27.0182
43.2333
30.0171
32.6159
30.8319
28.6377
33.6148
31.2149
28.0751
29.8333
29.0428
44.9157
28.1032
33.6383
28.3677
27.1221
26.3901
30.162
27.0311
37.0234
29.7903
29.0664
36.3437
30.8823
26.371
28.7496
26.3887
24.4218
23.4705
24.4039
22.021
37.8419
22.7067
27.0783
26.3004
16.3927
26.8119
33.0848
25.8391
33.5422
24.9998
21.6801
30.7801
23.4489
34.4476
31.0994
31.5454
27.3123
34.2575
24.9819
25.5367
42.0883
30.6907
29.0813
27.1324
28.1596
28.7786
28.8021
16.3389
27.2833
15.331
46.5377
27.4126
29.0154
29.2096
33.8134
30.4894
37.4853
28.7942
29.1537
25.79
14.3227
25.2905
28.907
14.405
36.6088
16.4567
25.4372
19.2934
33.0963
27.9045
35.6517
42.3124
39.9903
31.7273
38.3433
30.7378
27.6832
49.3584
45.3881
27.9896
27.7411
28.5063
29.7112
29.1533
27.0664
27.0232
26.3954
35.948
32.7742
26.5796
26.7339
36.1038
27.5827
30.2939
33.5194
26.1035
27.5703
27.0295
25.789
15.0262
32.2785
40.2349
31.0336
25.3198
28.5872
26.8171
28.2202
29.6022
30.9443
43.0013
46.4778
33.9505
27.8643
29.7946
29.1927
28.9425
27.9519
40.1543
36.5617
34.3158
29.6274
28.2681
26.9
22.5143
36.2996
27.6794
22.8023
25.7889
25.8667
40.4543
26.5377
22.9026
23.8353
24.9213
15.1093
27.4953
28.7189
22.6676
30.9392
23.1869
22.2624
25.9814
29.664
38.7896
25.9172
26.8125
31.6316
18.6455
26.9077
32.7824
28.943
36.3132
23.6331
29.0451
28.8591
41.3994
28.0117
35.8634
28.34
28.8569
27.7723
34.9578
30.3481
32.3653
28.3508
16.5306
25.5955
28.4375
24.5833
16.4903
23.1992
24.2318
21.3113
19.8991
23.0211
20.9614
22.1824
26.5166
24.2333
28.8073
27.5566
28.4392
28.7066
33.8953
23.474
31.1376
28.0237
32.1528
38.2622
22.1694
23.5573
28.3192
27.1048
25.7041
28.8104
28.7358
27.2814
25.3756
27.1576
13.6995
32.0194
21.5467
24.9386
20.2969
22.5231
20.8605
19.201
24.4028
20.4168
27.5168
21.8021
19.3434
22.9147
21.6662
24.8517
26.1489
30.6066
27.0037
27.7338
28.03
30.6202
16.7238
32.7963
19.9114
38.9804
28.7678
28.9916
26.697
24.2429
26.7859
22.504
22.6433
23.0873
20.7334
38.3986
25.6625
25.1816
14.2756
20.2576
24.9718
20.9387
34.1636
28.6495
16.0927
34.0819
17.8478
29.1562
27.4051
38.2502
29.3413
25.9228
27.6023
26.4931
22.4659
27.1219
24.2095
22.4528
21.1672
23.5198
30.3221
23.9261
25.6209
23.0407
30.9538
28.8937
27.0796
28.218
27.8834
25.9326
25.7091
32.6195
32.3977
24.2677
24.7598
25.7233
27.0271
25.676
33.9075
22.8591
16.7791
23.809
26.3575
21.1157
17.2517
23.4976
24.7459
15.0573
27.4979
27.1016
29.0827
27.1836
27.4146
24.2406
21.7778
30.7555
28.9031
28.6404
25.696
27.8654
28.5328
26.9398
35.3795
26.5505
41.3106
37.7351
24.8728
26.0798
30.1616
23.8667
23.56
25.8334
25.6149
32.1255
25.3755
24.1518
33.4354
26.0275
26.4013
26.7605
28.8736
25.1053
25.7378
28.4707
27.6223
26.5242
33.1389
25.9395
27.4512
27.3082
25.9205
26.7885
25.1281
24.3972
22.8551
25.0264
22.6065
34.6307
23.6404
28.3281
27.0091
32.705
30.3193
26.223
27.0048
26.5581
33.9133
34.9232
25.7863
25.3591
26.7166
25.6042
26.5003
24.6397
34.1247
25.2835
24.5311
24.4736
14.7735
30.6382
26.0112
24.8598
25.5885
28.3701
24.6079
24.224
27.6749
23.7864
28.8525
22.4386
35.8312
25.323
34.31
25.9125
34.2892
23.413
25.5857
25.6982
30.9831
35.0905
26.0423
29.237
27.2879
44.845
33.4346
26.8565
25.1266
22.827
23.89
20.7035
26.515
23.6627
24.4759
24.2382
33.6955
25.91
30.6503
26.1645
32.9963
28.5972
27.1788
28.4288
26.0513
29.4659
23.9412
30.9585
26.1125
38.9967
23.2846
34.9356
28.005
24.2836
28.8134
27.5299
29.4121
32.7296
29.5676
30.5735
28.6822
31.1731
23.793
27.2018
23.4177
26.1109
22.5481
22.0066
28.5414
29.763
27.2951
26.1228
33.0946
29.9563
27.5076
25.5157
29.4346
33.0005
28.1671
40.6791
30.3749
24.5049
40.0666
25.2279
23.1936
26.484
31.1218
28.9662
27.3176
23.1833
25.6854
26.8734
29.2362
24.8988
32.1575
28.0531
28.8077
28.593
26.7184
26.4954
27.7745
28.5071
29.5922
39.3876
29.0887
30.7499
31.5911
26.9916
23.4873
32.0047
40.4975
26.1094
23.7701
40.5119
26.2924
26.1957
33.8506
36.1387
28.5657
24.6425
28.8217
28.1966
25.5473
41.9636
40.587
25.073
38.7323
26.4206
32.9447
26.0492
25.4068
32.4647
15.8268
38.967
25.3948
25.678
28.5303
25.4176
21.829
25.19
26.5355
26.0781
41.6881
27.747
39.6736
35.0539
33.7121
26.2044
25.4035
24.644
25.9673
27.5192
25.5349
15.6543
35.1105
23.8997
36.136
25.4999
23.1986
27.1123
23.2173
31.5357
32.167
43.8707
29.4903
14.9825
36.726
31.2877
13.7099
26.7325
37.6552
29.5863
27.3724
26.4873
36.3393
34.7528
30.2524
25.2659
27.2415
38.6811
15.8531
28.9466
31.8343
29.9011
25.1838
27.4335
32.816
25.4837
20.4976
23.3285
24.7274
24.8881
28.47
25.8774
27.3215
17.1767
27.0561
29.5851
27.5461
42.0217
34.7442
27.2266
38.2922
25.873
13.5698
37.4188
28.8827
15.9869
30.5559
32.0725
23.3471
28.7172
22.7579
29.331
24.0787
41.658
28.871
29.8389
27.4269
40.4944
27.9423
30.1456
35.8466
27.4923
27.9141
26.6566
24.6837
39.9389
25.3067
36.1489
27.9144
24.1452
38.5244
25.0296
28.62
26.6173
38.7156
41.77
25.4978
36.6572
16.6219
31.1114
28.5635
24.7791
34.5839
27.4096
32.3582
24.8647
39.2735
28.7055
27.9766
27.5861
28.4143
26.9645
33.8639
35.8391
30.3031
27.4962
30.4178
31.1945
28.2212
35.6485
30.0635
29.0543
35.6038
26.502
34.2662
25.7293
25.1975
25.7627
24.8341
26.9887
24.9751
27.7429
29.0025
29.6099
27.4096
28.4132
26.6833
27.846
35.3626
28.3423
30.1919
32.3028
23.713
28.9526
30.7656
34.1676
27.6473
15.4722
26.2912
27.9416
13.4708
27.2629
14.9178
42.7573
36.7567
14.2653
44.9606
29.1877
28.7167
28.1488
39.1303
26.9025
23.2053
49.2652
27.4104
20.3273
29.1459
15.3017
14.8993
36.1326
29.286
28.8871
41.2985
24.5618
18.5133
24.6238
14.5294
32.783
27.2821
13.1217
26.5866
30.2009
40.7123
31.443
28.5726
12.552
32.4056
27.3847
14.1678
37.257
11.6836
20.8842
12.8978
31.1925
16.7532
38.7777
15.3443
35.1713
14.1482
33.7207
14.2587
19.0859
18.3645
30.0758
12.9788
34.9852
14.5241
14.821
14.9487
15.8597
27.013
13.0355
39.1633
16.491
43.0168
14.5998
23.6389
34.6407
12.6304
13.9134
24.248
15.6175
36.0573
15.5998
47.4532
28.4711
43.2152
12.7212
31.9391
14.0015
46.913
38.2863
26.3509
29.8887
27.2136
27.1841
25.9964
36.5085
25.2719
27.2323
34.6334
25.7886
26.0845
24.6476
32.0407
26.9845
29.2538
35.186
26.9108
25.8922
27.18
27.5489
27.3433
27.6499
29.2798
30.1509
28.2738
35.2392
28.8509
31.8123
31.3081
34.6216
26.8667
36.5583
26.1955
38.7573
38.1425
25.31
27.8824
25.4052
26.1948
23.1425
27.1752
25.5687
23.2152
30.5081
22.6567
21.9766
21.3058
22.9372
24.6331
22.7338
30.9562
21.7042
25.7935
21.7796
24.6434
26.3718
24.2095
18.802
20.7557
27.7038
22.5494
29.5126
26.1354
23.7916
34.3353
22.6515
40.2906
27.0801
27.2425
23.0964
42.8732
28.2773
26.5965
27.6638
25.6605
38.7222
32.3194
26.8243
26.2368
30.8758
22.1798
40.9004
26.9222
24.6684
36.3303
26.3623
26.3261
25.3343
27.9771
25.6135
28.7857
24.751
27.3761
22.11
25.1354
24.9525
29.0994
32.9967
24.7325
35.6377
24.5847
31.9232
32.0206
23.9478
26.25
25.1613
28.7969
23.6066
26.5989
22.7915
27.1542
34.1167
36.723
22.7341
24.1538
29.022
23.02
28.8406
25.2706
24.9983
31.9703
32.6927
28.2386
29.0912
25.7171
26.876
28.5735
40.6095
28.9791
28.1294
30.5528
27.7092
31.0783
24.919
24.0497
26.7029
25.4665
25.4087
27.7561
32.1819
29.2167
26.049
31.9784
23.2512
28.3746
22.2565
35.5338
32.4036
26.9385
25.0233
23.1351
34.7924
28.1493
25.0971
33.1975
23.5587
19.7157
31.5455
20.2388
20.6414
19.6858
28.6821
22.1143
34.3694
20.7519
30.3577
24.151
32.5232
20.1489
21.4815
23.2331
27.505
19.9916
30.0693
31.4761
20.845
23.9264
20.6674
29.8868
27.0086
23.0979
23.7583
25.4574
23.7444
23.5769
21.2375
21.8584
22.0002
22.2206
25.5345
22.9745
33.9313
21.6947
21.0542
14.6248
33.0755
15.1828
35.5736
22.6136
21.7109
24.1116
34.287
23.0272
22.8347
20.3658
26.7549
27.8587
23.9752
24.9406
33.5727
19.1825
18.0168
20.8285
24.8902
23.8241
22.0996
39.978
21.0032
29.0979
28.0245
31.4853
14.7172
26.6799
15.1194
24.288
21.7641
13.578
14.3278
24.4146
31.7098
15.4037
28.6867
21.0424
19.5878
34.8057
26.0737
14.4961
33.4019
27.5344
15.9765
21.655
33.4684
17.9803
31.6171
16.6862
16.0059
51.152
15.7775
16.584
16.881
29.673
15.9411
38.08
14.2883
26.9011
26.531
26.0077
21.2682
29.8255
16.8137
19.2679
34.9677
17.607
28.5644
15.2315
35.2698
31.4657
33.6057
39.7831
26.4496
26.9639
29.6502
30.719
26.6902
30.6593
26.3586
47.7818
32.9107
39.059
30.3031
33.7048
31.2176
29.7787
30.8853
30.6647
45.9911
31.0322
40.7045
31.8296
30.3637
27.8545
28.0898
30.0451
35.2032
29.8983
29.1113
27.5595
27.7274
27.725
36.2045
30.5855
29.2317
28.9187
31.001
28.3149
29.6839
28.1314
30.6358
28.8551
31.4648
38.5646
29.6416
27.2731
43.8786
29.7903
43.3653
28.1967
30.896
44.2975
51.5594
39.7941
29.2031
27.5781
27.9996
28.4767
28.6269
27.6236
28.0625
54.1282
28.8401
29.5459
39.0386
42.969
48.0775
35.1855
29.5325
34.9351