18.9344
19.2455
26.9116
17.9345
16.4669
11.5456
20.7728
17.7888
15.7014
16.712
11.2409
18.0889
17.5951
18.4223
13.9644
11.6881
15.466
14.2794
14.0017
14.9927
16.1957
15.1867
23.1089
11.3089
16.6204
17.5902
14.443
21.9675
15.5557
13.8062
19.3878
15.2104
14.3532
19.5874
13.6825
14.8186
12.7516
13.3575
12.3758
19.0023
17.7835
19.4419
10.9137
12.8956
12.7373
26.9136
14.0254
17.4404
15.6603
11.4285
12.3467
15.7885
17.7332
11.7553
12.373
20.0145
12.3299
17.7545
14.8354
10.6592
16.406
12.9655
11.3662
18.6052
16.9604
12.8559
21.1892
14.3817
14.6841
18.0213
14.0863
13.3825
21.9623
13.9878
16.4277
14.6557
15.4352
14.7039
12.7864
26.0601
10.8951
16.9799
16.9166
26.6253
13.5362
12.8645
27.1137
15.7005
14.8946
14.9608
17.1846
18.22
12.1298
13.8406
12.2285
17.361
14.1924
12.5246
18.5159
20.1079
19.5946
13.5122
21.3763
14.2358
16.0653
12.8159
15.23
27.9775
28.3571
12.85
22.6573
15.5485
14.1304
27.7613
16.015
13.3352
17.631
14.8288
30.0006
18.1163
15.8687
14.9151
12.1104
11.6986
27.1973
12.4742
16.0447
20.215
12.5062
20.9886
21.8946
26.1291
13.2187
28.9853
25.0268
11.5381
30.7467
15.1677
26.506
27.6123
12.7459
46.3111
28.1821
15.9558
39.4053
34.2055
26.6719
28.0049
47.2465
41.0282
32.0765
14.3797
37.8626
15.4137
40.6714
18.1331
34.5394
16.9591
32.4919
23.7908
17.8506
28.6775
26.3788
29.259
29.3878
27.5363
24.9482
31.7665
27.5582
28.2286
24.6841
28.8815
13.8918
28.0775
24.7395
29.7391
28.1638
27.637
27.2158
28.0239
28.6018
18.9333
32.9117
34.3284
29.2776
30.5914
17.8768
29.2922
28.6553
39.0875
40.3095
27.0765
29.5658
26.104
27.3024
35.6861
16.0709
25.4713
27.2224
25.3604
24.5515
31.8798
26.3649
24.7979
28.9104
34.1981
26.8553
14.0038
25.8618
26.267
27.2361
28.748
29.5677
29.3446
17.3752
27.9131
24.9817
33.1139
28.7852
27.6736
34.5971
28.1179
32.2124
40.7799
40.9864
30.2461
24.445
29.0466
25.3973
28.7891
23.478
32.3687
25.9409
28.3519
21.9767
27.4467
21.1341
33.5225
21.0943
27.5601
22.8939
21.4967
33.4443
28.2934
25.8938
22.0483
23.3045
22.0129
23.048
22.923
21.5714
24.7319
24.2502
24.7118
21.0268
23.5468
21.6714
25.5936
21.7957
26.008
24.5479
22.1677
24.6424
23.9298
26.4443
26.496
23.4004
36.3374
36.6503
42.6152
26.1589
39.3045
30.7994
27.0964
28.9602
22.873
40.0808
26.645
24.6917
25.4073
28.4096
27.7277
30.7253
24.2004
25.9708
26.0496
26.8931
29.0162
32.5067
23.7808
27.3675
29.2739
26.1369
24.4642
25.922
24.9821
28.5248
35.5405
25.2722
28.7922
25.8422
39.079
27.6477
36.7466
28.4225
28.0263
25.561
26.3047
24.9772
24.93
26.929
24.6589
25.7815
24.8361
29.3476
34.3707
24.6969
25.7008
26.1375
28.4367
26.2953
36.7736
25.7613
35.4277
25.8226
26.7632
21.2456
21.4871
33.6106
28.609
24.3126
38.6545
35.4126
28.2425
28.0366
27.4691
29.598
23.4285
38.7494
27.3674
31.6384
23.4257
22.8424
30.6919
24.0854
30.8782
21.9049
25.7005
24.8987
32.0558
26.6558
21.7175
36.5162
24.3608
18.7569
25.059
21.8291
26.0233
25.8496
25.2883
23.0196
27.2381
26.8417
35.5519
24.9072
26.1342
28.4443
25.781
30.3915
37.4254
28.4044
37.0281
25.0432
39.7263
31.2377
27.1051
30.1231
22.2099
25.9236
30.5319
25.1284
33.1893
25.3147
23.2055
35.2662
25.4179
24.3709
26.2916
22.7379
21.8249
28.7988
24.851
32.6893
27.4154
23.4596
22.3332
19.9557
21.296
31.2334
35.0326
23.5965
27.1533
35.5206
21.7288
22.0832
23.0529
22.9211
25.6367
21.3179
26.808
25.3216
23.0839
36.9131
28.0762
21.0189
27.8397
25.8231
23.604
28.6693
27.3287
26.5105
35.6532
28.3439
42.0732
28.0242
31.8049
27.9781
30.3724
31.5095
44.2758
33.6285
34.6194
35.8019
29.0206
28.2607
29.7361
29.0218
29.9607
26.8724
28.7718
46.4894
29.7833
28.9651
27.3339
28.8456
27.3423
33.3426
25.8873
35.9196
41.8566
28.8067
42.9376
27.4622
25.5367
26.2086
27.4298
27.4902
26.542
32.5879
24.6613
22.7058
29.4765
23.5424
24.0515
26.1282
30.3295
23.9234
24.3024
21.8368
21.907
24.6877
21.293
27.7762
26.0158
24.0169
25.678
37.4337
24.2115
26.8637
25.8791
33.4454
26.1686
28.5301
19.9225
19.4141
24.5726
21.5698
20.1633
20.2331
24.0966
20.644
40.6747
33.8699
28.0888
25.1542
23.8726
27.6089
22.534
34.6273
25.4171
30.9002
26.7198
27.3328
29.8967
23.1485
32.4969
22.9607
27.4776
21.9266
33.5322
22.5771
37.2081
27.4161
35.6256
35.9794
26.9232
27.7452
23.6938
25.3259
32.1232
25.1948
31.0683
28.5937
25.3344
25.423
35.2149
26.3739
23.6751
28.945
24.1538
31.6116
25.984
23.7819
32.3441
23.9112
38.714
24.9148
34.6479
25.3218
26.0245
23.9342
35.8521
30.3495
23.3422
26.8508
39.1697
33.3673
28.7241
29.17
27.6067
27.3575
26.7507
36.2674
28.2348
27.6445
27.6876
29.7958
29.5824
32.5558
26.7529
29.9038
25.3361
24.1126
26.4775
38.1045
25.1137
24.9781
30.2305
26.5729
26.9487
33.7463
26.7973
28.5336
24.1064
24.469
28.4479
31.979
24.7589
24.0343
34.6253
23.8092
32.7647
26.5896
22.0839
24.9814
28.628
23.8782
37.4792
37.7585
27.5129
31.5974
24.5501
26.1691
26.3039
26.7505
21.1461
31.2976
24.4635
26.4321
32.8263
29.2651
23.6694
25.1573
21.0827
24.7309
22.3429
22.9208
27.124
26.0335
24.0101
25.3131
29.8958
26.0037
27.3049
25.7403
24.7398
26.0095
24.3226
25.5724
26.3943
27.9057
22.3532
24.8476
23.8518
34.2708
13.3522
19.0688
24.1773
24.7408
26.2259
27.9818
33.2105
34.2294
26.0876
27.1474
24.4394
20.6519
21.0472
33.4143
27.2441
31.2312
27.1998
34.8205
43.6287
25.7637
40.9617
27.6428
39.3078
27.4883
38.3443
25.8235
35.6094
30.0774
31.7637
26.9696
45.4046
32.8969
28.4639
29.4546
27.7841
25.9914
24.4095
23.7334
37.6255
26.5949
23.1453
27.1102
25.6606
25.1928
23.6883
22.596
35.3076
23.43
20.4114
34.348
28.5623
23.7722
35.8619
23.3715
33.228
26.4514
42.3275
36.3458
23.3629
29.5313
25.679
34.5169
26.6631
40.4889
27.3345
29.2573
27.1259
27.4505
28.3948
27.8754
27.7076
28.9754
26.4157
28.1714
28.2791
27.0822
42.9196
28.9435
29.2002
38.5892
31.518
28.6336
29.8304
27.9696
39.4218
42.6471
39.8937
39.7327
26.1706
32.1285
36.0297
24.6651
37.1043
35.3835
24.3628
51.9854
24.8569
29.5406
26.1911
31.5582
27.227
25.2127
25.5671
26.5664
41.3869
32.1685
27.7101
36.627
26.348
33.4925
28.4465
40.6072
28.3216
28.6549
26.5121
22.1515
31.9509
24.6437
44.661
32.1581
31.4865
29.4567
34.5033
33.215
27.8731
38.7979
27.338
36.7133
30.114
27.3623
29.9447
32.3273
24.4092
38.9291
30.8048
28.2801
25.7608
27.1635
29.3847
24.9112
27.2401
32.7414
25.1064
36.0882
27.6928
32.1215
22.3608
37.3996
22.9412
28.8995
27.9339
33.4933
25.0976
32.8238
25.8741
26.2034
26.0157
39.1674
19.0402
34.9701
26.6537
36.8328
19.4179
27.7185
17.6532
31.6408
25.8429
18.7577
29.5371
26.0056
33.3025
24.0944
25.0459
25.4682
37.4671
20.5085
21.3041
22.9726
22.7497
28.9613
22.2828
24.2441
21.7516
31.1215
23.6479
27.2245
22.9474
39.0115
21.9054
27.1283
21.1737
23.6146
25.7227
25.4494
32.6388
25.1436
32.6817
32.5481
40.5977
25.107
32.4429
25.0429
31.7342
22.5149
37.3871
24.3763
35.6728
24.6077
30.71
27.6239
24.4707
26.2818
23.6535
25.8922
23.0834
37.0066
33.5327
33.6193
22.4225
23.9777
20.4041
20.1986
18.745
19.3606
23.7073
22.1791
24.1879
24.5328
23.269
20.5115
30.2632
19.4573
28.031
31.9413
23.4367
22.5137
27.7729
18.508
22.1485
27.2956
23.7027
23.4891
26.7133
18.6987
18.7455
21.4984
21.8869
19.9664
30.121
26.3346
22.4652
32.8567
21.5955
18.6354
22.9454
19.9547
21.9463
32.4032
21.6001
19.256
26.1672
34.0946
20.2741
17.1809
28.9126
18.5084
26.9456
22.4764
24.3845
23.7653
21.1639
23.355
23.0394
20.9179
32.698
25.1977
33.973
38.2466
25.8925
17.7656
20.1414
19.8066
23.3521
16.8986
19.8777
17.805
21.704
27.0077
21.3559
22.3887
21.6561
32.5003
19.4202
19.4845
23.1549
20.6087
24.1607
20.5118
21.8392
24.7052
20.6746
26.9275
22.1033
28.0321
26.9749
27.4442
25.3063
28.178
25.4355
27.5617
26.4069
24.6611
33.1202
26.9847
24.167
32.6835
26.3597
36.5671
44.8141
26.7846
33.1368
29.6091
28.4869
34.3786
26.1045
44.7074
26.9372
28.7906
27.7548
15.9343
27.3361
24.3227
41.7804
34.3974
29.3919
27.6444
30.4984
26.9059
27.9315
27.8636
28.2935
30.0075
26.9235
26.8169
27.8909
26.7716
39.046
34.0408
29.3911
32.7109
41.1917
31.1208
33.8555
29.7814
14.686
27.8083
14.7667
13.4949
18.3863
34.7908
21.8055
14.7904
28.4417
17.0626
20.1706
27.0316
14.5231
16.9321
26.6081
27.5943
35.2826
14.8856
19.7093
14.9656
17.3774
25.5134
14.0094
18.443
26.9682
29.6319
27.5218
38.7081
33.6751
35.8045
26.6465
29.7811
34.2377
33.3565
26.7347
30.2934
26.0539
25.9729
32.8263
29.4086
25.8908
29.1145
35.9216
28.4691
39.2601
27.342
39.8938
26.1948
29.2485
26.3803
35.018
28.7267
25.9293
39.1264
25.2645
26.6026
26.3196
33.8886
26.4795
40.392
32.3957
26.6669
36.2927
47.2892
34.1443
27.5988
40.1023
32.0741
21.3234
33.8099
24.2328
28.0706
30.9879
35.1668
29.7581
26.8188
26.5554
36.0589
24.8278
33.7124
44.2371
29.2065
31.6156
26.82
39.8514
28.152
27.707
28.672
25.9931
28.4036
34.1656
30.3082
37.954
47.78
33.2909
26.7425
38.2279
25.6451
34.6376
28.7691
23.649
26.2964
32.8502
26.038
33.9459
27.3375
30.0811
23.4184
35.5479
22.9748
28.7206
25.001
27.7482
24.9371
27.4116
31.9482
29.9904
28.7879
34.5901
31.8277
35.434
27.1281
27.9508
26.0837
33.2005
33.9362
28.1385
33.2296
25.2985
27.9971
26.6483
26.4066
35.7788
34.9355
15.662
21.0513
26.4893
26.2347
32.9448
28.1678
24.5836
39.8924
34.2813
16.3909
41.9982
30.7865
28.2135
27.4599
30.781
14.9967
34.5091
27.1492
36.2479
29.5939
28.5245
41.2376
29.5256
38.3465
31.9843
46.474
33.2876
30.1741
29.0888
40.4147
26.9957
15.1211
28.9483
23.6879
38.7624
28.1845
26.4458
23.8873
47.3736
32.373
30.3066
27.0623
28.2996
43.417
28.6464
32.3827
34.2728
30.301
31.9034
33.4026
34.3277
27.4975
27.7886
34.0852
27.8119
46.8939
30.4294
30.0407
46.4705
29.8367
29.007
26.8795
36.7025
30.3704
28.4531
24.9543
30.5413
33.4479
30.9278
27.7087
37.7363
24.8995
23.2047
25.1705
30.9361
27.4706
30.5331
27.4059
28.9721
35.8396
27.3317
37.6137
28.1138
32.6308
25.5919
28.2758
25.1927
39.783
28.3686
25.5202
24.7588
33.3895
30.3049
28.7602
30.8047
28.9317
28.8564
31.755
27.54
27.3037
40.4237
29.7956
28.7156
39.3655
27.51
29.9352
36.4712
28.0485
29.551
27.4904
38.9808
28.8673
30.8666
27.0482
34.4687
27.6498
32.3869
40.3333
34.9928
31.3287
28.3429
30.1642
42.8222
31.868
35.4384
29.0506
29.0355
35.2838
44.9501
34.0221
30.6762
29.5146
29.0797
26.6103
27.1577
28.9109
26.8171
48.0163
25.4957
35.1755
29.1405
35.5445
39.7945
28.7905
25.8399
29.1318
27.2726
26.3591
30.4847
38.8363
26.6839
23.1719
35.1977
31.9007
36.0112
30.6818
28.7446
28.763
29.1312
28.5199
41.3996
30.831
34.539
31.5371
18.0495
40.6193
45.3305
32.9809
37.0001
26.4558
28.7781
31.1149
27.4815
25.9588
27.627
27.0287
26.8978
29.9757
30.5356
30.398
34.0286
36.6393
32.7768
32.3492
30.5225
32.526
28.1052
27.0196
26.5594
34.4323
27.63
17.402
24.2157
25.8465
26.4277
30.9366
27.6516
23.898
24.6643
30.5627
25.3332
30.3076
37.0889
27.5348
24.874
33.0914
23.288
26.7805
28.5503
26.9258
25.0529
25.1987
23.1235
27.5338
25.8183
23.8076
28.939
27.4675
28.2896
37.8149
33.8758
25.0849
29.9856
22.9444
26.3525
23.8378
36.6148
26.5982
25.8067
20.1454
24.4841
27.7835
28.7494
26.2838
30.8682
24.0537
36.5634
39.8523
25.1097
24.8481
25.0479
25.2929
27.3012
38.2833
26.4537
22.6515
34.3425
34.7229
25.3672
25.1575
25.8271
33.2994
30.1321
23.7618
24.6566
23.7372
26.1584
21.4138
31.0164
24.1372
25.8327
25.0827
23.0528
22.8914
21.7962
27.6468
26.4296
20.6511
27.7724
23.5566
35.8559
27.4553
44.1639
33.1106
38.484
31.9804
28.2622
29.7488
22.417
22.1987
22.9001
24.6101
23.777
36.9199
39.3553
27.6032
25.845
23.8758
28.227
34.774
28.2205
27.296
35.8958
23.6707
28.2809
26.2615
30.9662
25.4181
42.2889
29.3657
33.0152
28.7868
29.203
36.1248
25.2961
26.4235
22.8183
30.8694
29.3321
31.2889
29.9232
27.2329
26.4855
27.7364
40.872
27.0599
26.1984
26.8953
37.066
28.4503
29.0512
22.9034
32.5184
27.59
35.8131
26.3753
40.4593
33.5005
24.5996
24.0103
35.4516
22.1778
26.2558
22.4035
25.2379
24.6526
33.3603
22.8023
33.8962
21.1668
32.5846
27.268
25.6797
20.2304
26.8947
14.9601
31.0173
26.7129
27.3281
24.6228
25.8401
23.1292
33.9446
28.177
20.6041
33.8813
24.7862
25.8671
12.8858
33.8182
28.5
43.7075
29.8383
27.6664
24.6409
31.2603
35.2613
27.0813
29.3858
26.2697
25.557
26.4467
28.0637
45.2871
29.2022
26.137
28.4031
27.2745
27.676
28.4411
31.4685
27.8246
34.9052
26.5742
31.4664
25.5515
27.9503
28.2408
26.3986
51.3723
36.4714
31.7476
28.5705
47.3971
29.3653
29.1866
41.9744
28.7257
26.513
28.0498
31.7352
32.8525
34.6939
31.122
31.0333
27.2399
36.3236
41.8603
35.9778
51.7025
31.5842
27.8575
31.8378
30.2784
35.6116
32.8526
31.5157
41.6326
42.0567
33.2472
35.8966
28.8263
33.6787
32.5384
31.2644
32.4269
26.1175
41.6387
34.8996
29.4451
25.8889
24.9221
30.8966
26.2333
25.5865
26.5403
24.2831
23.3657
33.7081
29.759
29.5706
25.1182
35.7404
30.243
25.6269
30.5629
46.6444
34.9443
29.8579
26.8339
29.384
30.332
27.808
22.2256
26.8532
26.6724
25.9062
41.0236
24.4021
34.1539
47.4137
28.0285
28.0868
27.4481
30.5067
31.5187
27.3466
27.4055
25.2269
26.1082
24.0127
25.642
25.2403
32.5451
25.7639
25.1678
28.4015
16.6292
29.9899
27.2748
19.5096
27.0005
32.3469
27.9455
13.309
24.204
34.5483
29.9543
28.6277
27.9704
15.5317
28.988
50.1244
38.4314
29.1263
36.2031
29.3545
31.5915
15.1128
27.139
27.6214
28.6458
26.8756
29.1301
27.8049
31.9499
25.9082
29.042
30.4342
39.3625
39.4605
28.1157
30.4207
31.4056
43.3256
29.8086
36.2658
26.2248
32.6867
25.8833
44.7752
36.8296
38.0878
29.1034
39.495
28.652
27.5982
28.4864
30.0953
43.189
25.1647
38.5687
14.8269
19.5175
24.2423
40.2202
40.4068
28.8356
28.4808
29.1993
45.1475
32.4687
30.751
30.0575
29.2528
39.1713
33.2732
31.2398
33.2246
31.2867
23.1763
34.9402
30.7613
32.2273
29.8741
41.4668
38.1886
31.5791
28.9954
18.2973
31.0751
28.1978
17.3542
47.5984
18.5512
47.1151
42.7616
37.142
29.5149
28.9274
29.7216
46.8637
28.7857
31.4842
41.5928
30.6724
29.9083
29.969
30.4702
20.9087
33.5813
33.3678
23.1964
26.6134
15.6757
19.516
19.425
29.9386
15.2879
37.2572
29.7339
29.7441
39.0325
28.6942
28.6363
40.3685
30.3348
27.4408
31.5713
40.0916
39.3475
31.2733
30.0134
28.9797
27.1128
29.8347
28.0594
39.9777
28.2105
30.0662
25.3136
27.8622
26.4775
28.4975
28.4267
29.5368
23.8514
27.5849
26.5766
26.2221
33.8368
31.8288
29.6366
21.8661
25.9811
27.2215
38.7624
28.0672
27.1028
31.5082
28.1517
30.4066
33.2573
35.114
38.079
25.3146
34.2832
31.6808
29.4431
34.7297
31.4409
28.106
26.1991
28.001
30.5012
26.4907
27.5791
28.3703
26.6867
28.5349
25.8111
37.0358
25.9558
28.3002
28.358
27.7752
28.6013
34.9826
30.2036
24.6203
29.4475
27.3639
30.7842
26.1128
35.3978
26.0506
44.2007
30.9658
28.816
26.8092
30.7854
36.4176
30.1978
41.065
40.8759
44.8542
35.2542
53.7881
31.5183
33.2207
31.2914
28.8419
32.8239
38.4681
25.4648
30.6261
23.9121
28.7758
29.128
25.7924
22.3222
21.8835
29.9024
20.5581
24.0749
26.4051
25.7123
27.6854
27.1604
28.527
27.4863
29.9329
14.9136
28.7419
28.8578
27.461
29.6031
16.3483
27.7801
15.9168
47.4054
27.3948
27.2999
26.5565
29.9045
24.1046
25.7994
26.5454
48.4377
29.4206
40.6093
23.7639
26.3069
14.0443
29.5851
14.8776
28.518
13.8768
40.5577
15.1996
20.4957
36.1581
28.5427
32.1919
27.8264
14.5921
25.7146
14.489
27.5407
14.1431
14.1245
18.5162
25.2254
26.9297
17.0428
15.9984
19.2897
14.3563
29.163
22.9883
27.5923
13.3773
14.4643
12.581
12.1667
19.3317
32.1906
11.7911
31.4901
31.6544
15.0832
23.1408
27.0529
25.3027
26.4529
27.0855
31.135
27.2074
30.1246
31.4273
28.7957
27.9494
30.2617
23.7563
13.601
26.6262
25.4812
35.2557
40.5503
30.2762
30.1006
30.8456
29.5155
27.2172
27.4972
39.4856
37.803
32.7544
30.291
31.8561
29.3917
33.3031
28.4325
31.4019
28.2431
30.9908
28.6561
29.7378
28.7336
29.0534
37.9763
27.0886
52.3055
39.4825
27.2996
29.0028
28.6917
26.8377
28.0727