58.0379
51.1734
42.7163
29.7702
27.4956
34.2943
42.7997
36.1748
44.0695
31.9261
39.9948
58.1924
41.3517
51.1989
46.15
46.4475
49.9341
44.4834
32.6442
37.6796
34.5815
48.1107
33.0005
30.0753
34.1226
43.4985
40.8334
45.9276
41.114
45.9334
40.2274
37.6646
51.6361
46.2885
44.0789
34.3321
50.9663
42.6769
40.1657
36.565
36.8397
45.5294
36.4896
30.9937
46.9848
36.1141
33.6447
30.956
32.8544
37.326
42.2032
34.5495
37.3497
63.9643
39.4541
33.6131
33.3072
37.19
36.6014
36.6606
41.5398
49.7929
42.7208
40.765
40.5315
37.2476
34.3369
33.9293
39.8741
34.3265
33.7632
39.5193
39.2953
42.7383
45.5907
42.9939
42.2413
42.6443
40.619
44.2551
55.0816
50.525
49.5313
42.615
45.1314
46.4331
51.5354
44.5817
47.9558
35.998
43.1277
33.4921
33.3406
32.6396
30.733
35.9754
46.5129
42.3086
32.8931
41.4699
38.0509
31.6673
39.3348
32.6195
33.1909
45.06
50.8277
34.7182
46.8982
48.1014
56.5521
45.1155
45.4576
38.3236
38.1031
34.08
30.6763
36.1127
43.5465
43.8079
42.5565
51.6984
42.0347
37.6901
35.4337
29.1737
51.0893
36.1243
47.1585
53.0037
46.0898
42.32
49.6465
32.2545
39.7904
54.3162
54.4052
52.4684
39.578
42.3027
38.3816
36.8615
45.7717
45.6112
52.3088
43.4922
38.8202
43.3828
54.0677
43.9159
41.6211
34.9996
60.4143
39.6225
38.8674
40.7727
50.1769
44.2178
53.8283
41.0469
53.1459
42.152
47.4433
37.4366
40.7305
36.2767
41.5083
42.274
44.0626
35.7413
36.0803
47.702
41.6671
35.5507
46.6632
44.9963
36.4168
40.3505
39.0884
35.0068
61.1895
49.0426
45.3254
41.1413
41.0087
42.6708
31.8766
34.0657
53.8403
39.6718
49.8124
33.6532
41.9277
41.8879
43.5975
39.7811
46.4967
48.4463
48.073
45.7056
37.3096
39.6759
38.8997
39.6579
50.5855
53.052
33.983
44.1886
50.158
37.4723
35.3489
34.5912
32.402
31.8481
46.1787
43.7108
48.0976
31.8649
47.823
37.3401
35.6025
30.0422
39.466
40.4354
46.9127
45.1837
44.1334
51.7825
43.8698
58.1167
48.4219
42.1161
49.4915
47.5357
43.7078
36.49
47.0137
46.3964
50.0793
40.7416
50.8069
40.9111
44.8189
50.4944
47.9653
57.8187
41.9493
48.8613
38.4614
36.2953
57.1972
48.2421
43.6264
36.1785
46.9185
34.3082
43.1444
38.2328
35.4469
35.8885
42.7004
44.3119
46.1791
40.9275
41.9698
43.1047
61.3388
42.9878
30.0188
43.6217
58.6995
31.8728
34.1986
35.5518
43.8181
33.763
35.616
44.93
29.3733
41.7527
32.0212
37.0138
42.3418
53.3096
40.9823
40.4146
49.4633
31.895
50.4986
34.3615
38.008
35.0555
49.1655
42.717
40.7616
41.4694
36.4667
44.2492
50.1227
48.2163
38.6267
39.8281
45.1558
37.5187
33.5711
32.0883
35.9963
29.989
37.6609
43.9155
33.1562
39.215
40.9783
39.4597
40.1719
38.7487
42.6713
39.6881
44.2474
41.0787
41.198
32.8373
44.4114
32.5322
43.1378
49.2574
47.9653
45.2755
49.1187
40.1683
45.3534
45.3153
52.0374
37.5168
52.1488
41.9352
45.5739
59.8573
45.4416
46.6644
45.5398
44.0852
37.8073
39.082
57.0959
46.6599
38.5379
35.4463
40.0044
51.1543
47.6096
35.0938
45.5304
56.0561
38.079
32.9196
35.7861
37.0098
37.7303
38.7859
46.1181
44.0564
45.1377
36.1414
35.1934
42.8409
33.6632
41.0611
36.1832
44.3486
54.2623
47.6314
33.3239
38.0593
41.25
39.0892
41.291
40.5592
43.8621
38.6767
41.186
52.3048
56.48
38.9281
40.1745
39.0766
53.2549
39.8869
53.1345
36.2965
34.503
38.7739
41.5921
48.1883
44.5543
40.1224
39.7253
35.1129
34.2894
37.877
60.4665
47.0526
43.0736
45.6017
64.288
53.8684
46.4373
38.8769
40.3238
37.2339
40.6403
42.341
50.1266
36.4548
53.0998
38.93
43.948
37.8997
58.72
43.0185
46.0918
60.4185
54.1516
46.9867
49.9958
44.6661
49.8931
41.5954
58.3006
46.4128
47.0384
43.9669
44.5998
31.4637
46.9761
36.6828
53.5681
47.9211
48.2143
39.8185
38.7853
44.1168
47.8999
40.3588
38.4086
36.6488
58.303
45.1933
67.6145
50.2726
39.1667
39.8991
45.9756
57.4979
39.0918
44.1125
33.8242
38.4064
38.7498
60.03
50.8122
43.6992
45.3326
52.2704
53.1528
47.9298
49.323
51.215
56.2758
36.2644
34.7862
36.7556
44.369
34.5416
36.7457
37.043
37.7263
51.385
50.2867
54.6692
47.6314
54.7239
45.4102
47.8534
37.0218
40.1148
42.9191
40.4506
40.7327
67.1399
45.77
34.0645
35.0257
42.492
44.6072
36.6847
36.2915
36.8007
36.0545
50.1637
47.8415
32.4381
40.4635
41.9376
57.8846
37.7212
49.8963
34.8585
38.3773
39.9165
39.8797
37.5069
49.2794
32.9948
33.7212
36.1013
37.5377
38.386
46.6963
45.8937
49.4966
40.6672
45.3766
32.3744
51.3124
50.0078
48.6
32.6221
52.2295
52.2032
50.9711
30.1172
49.2279
47.7435
44.9349
35.2118
37.8109
45.2427
47.4817
59.2508
48.0999
59.7617
48.6366
41.2565
55.7443
52.6293
35.744
35.3736
50.2455
32.7875
43.1147
42.01
48.9453
36.7257
45.8432
40.7751
40.4328
32.6117
39.6067
46.7304
38.479
40.04
45.8885
43.3114
36.6584
44.3231
53.7344
33.4077
37.4787
43.4116
39.0811
36.8317
52.8938
40.2755
46.6844
38.8737
40.5155
40.1131
50.1153
48.8309
70.1541
44.7211
38.4036
33.2611
38.7265
39.2694
44.5903
36.6121
48.4099
39.3186
46.5426
41.7772
44.3815
45.772
44.85
39.1068
48.9325
38.1139
41.3678
34.3238
40.1799
37.1462
48.0421
46.7392
38.673
31.3965
47.21
39.0561
48.7983
33.2454
46.1673
37.0739
44.905
33.4817
43.2724
33.6414
50.4498
48.2683
49.5125
42.2864
37.4932
42.11
42.5115
37.0924
51.1867
50.1219
37.502
44.2066
47.4577
44.0036
48.3159
41.0089
47.118
37.3063
38.1257
47.0391
43.5865
47.7502
49.0486
51.694
56.4972
49.3197
41.6114
34.6926
32.905
44.903
57.0895
52.2236
43.8076
46.5835
50.4718
53.2003
54.657
50.6312
44.0338
44.7835
37.4799
30.1678
56.1513
48.9904
52.242
53.1661
35.6464
43.6005
47.8464
43.8378
40.8472
42.6005
51.3813
37.2584
48.6459
37.5114
48.7375
51.238
43.5989
34.264
44.7869
44.2124
43.8488
50.8151
38.7713
40.8535
50.118
42.1361
32.2546
35.2919
43.6114
46.377
36.0874
41.0266
34.9814
37.4373
52.0499
40.0196
48.559
39.2534
45.2168
47.7149
36.0202
46.3712
36.1617
59.6052
39.2281
46.8864
44.3153
59.5116
47.4489
37.7462
59.8801
54.9002
41.0026
36.8856
32.0325
35.0575
44.6453
46.1925
47.366
41.3719
44.2955
59.759
48.8524
50.5622
57.4381
38.8193
37.9349
35.6299
37.5657
53.8574
48.1315
37.5644
42.1139
35.5612
31.6977
37.3287
42.1766
39.6634
40.7778
48.7443
55.6215
40.6574
50.1683
41.5474
33.6723
54.1995
41.1615
50.401
36.3152
45.3467
47.9934
35.8382
37.7709
39.4457
54.6746
41.2248
43.0945
43.7711
60.7608
40.1557
40.4928
37.5869
49.1096
48.414
41.043
39.712
47.967
39.0484
35.1774
56.1648
37.124
47.5612
47.5204
35.1318
53.4448
40.9319
52.294
42.0707
53.491
40.2265
39.9185
39.5375
37.687
42.1949
41.7663
44.5166
43.5684
44.1484
51.9068
41.1594
39.4597
31.7423
51.67
37.3736
39.6981
38.4228
49.8177
43.0608
53.8199
50.2362
44.6692
33.5579
37.3398
54.0466
51.2131
39.7091
39.6487
33.7074
49.974
44.8901
48.3013
32.8696
41.6369
59.4326
53.2885
43.5634
43.6553
52.2795
46.154
40.2182
50.1855
39.1274
45.307
35.2884
53.8061
50.3516
46.6828
33.6509
36.7799
42.8353
51.081
47.0044
32.5094
41.7104
54.9087
46.4245
33.976
37.3446
45.6446
34.7007
48.1028
49.6097
53.1436
63.1359
39.5366
35.2785
37.4483
49.8056
50.096
59.5692
41.0595
54.0027
37.9258
42.0138
44.3251
38.295
39.8409
42.2816
49.5892
41.7655
38.5423
36.9562
46.9665
57.2542
34.7298
34.9292
36.7025
39.6927
40.8889
45.0205
51.7541
41.0406
47.4351
46.9694
53.6382
47.7789
49.754
53.071
49.127
41.3794
42.7213
33.3109
35.6005
34.6262
54.837
35.197
39.2561
43.4019
46.1651
42.5181
46.5735
42.5539
40.349
43.624
43.7308
44.1494
45.2763
43.4282
43.5697
42.321
37.4673
37.5908
46.9618
36.3806
45.258
45.7506
42.7464
37.9247
39.8033
34.9774
45.1293
31.0512
46.2641
56.7972
41.1972
33.925
36.57
43.3013
41.4035
35.3423
35.8146
39.5972
43.4395
43.904
40.9707
38.9301
35.7859
41.9679
48.6671
41.4528
38.4281
30.7192
39.9023
46.7242
37.0593
35.7151
36.9213
32.1326
33.828
38.5717
41.905
40.6733
42.8233
37.4689
42.6709
40.6126
45.3656
41.4784
33.1582
37.5926
45.445
36.5384
46.7356
43.1831
41.8509
36.9039
43.4865
39.9803
45.5797
42.2424
45.029
29.5836
37.4088
40.5056
39.7973
40.9277
43.1421
29.862
50.0113
40.0515
44.1735
31.9977
51.0436
38.4514
45.6792
34.5798
41.2079
39.3132
39.3647
48.867
34.3549
37.4975
51.0368
40.0553
35.0777
38.0103
46.9922
39.8387
48.1218
33.194
41.2277
40.212
47.8646
32.3121
47.2163
43.0561
45.5962
39.6517
43.6749
45.8305
48.2989
41.7391
50.2175
32.3129
52.6249
34.1536
62.9924
46.0699
54.0521
47.6313
45.436
49.1245
39.9624
50.267
38.0761
36.6633
57.4895
46.0272
32.6054
39.4766
51.9991
32.0683
41.6385
46.4921
42.627
32.2737
38.7062
53.8223
33.8805
38.8549
35.5126
41.0865
37.5856
28.6643
50.2709
40.6449
34.9966
44.7849
40.4393
36.8888
54.0345
38.1455
34.6052
42.6722
39.0959
40.9859
40.0896
34.6002
41.7827
36.8672
48.3953
39.9281
40.8698
44.4053
45.8719
31.408
49.4854
43.4325
53.7246
33.3496
30.4904
30.043
33.2554
36.6989
28.9436
42.5921
43.3644
40.1649
41.9597
29.0329
45.0968
30.7319
44.9027
43.1679
44.5274
48.1244
41.0188
38.2678
42.823
29.9858
42.3338
41.8748
36.6181
28.9228
33.6545
40.3056
48.1356
29.0075
32.5194
32.6382
34.1909
34.6914
46.7478
39.315
36.3144
48.0609
31.7021
37.092
40.9484
47.9991
32.0375
48.7648
53.7008
34.3059
37.3923
51.8483
39.1626
37.7391
45.2222
30.4973
37.4697
31.4274
43.003
38.0201
43.6438
34.1133
48.701
34.9848
34.4697
42.0984
60.8249
48.3366
47.0784
35.9522
41.5311
36.2685
44.533
37.1284
56.1181
51.1738
42.0699
52.854
55.8057
37.9913
47.0271
53.6494
45.9527
45.4637
33.8061
36.3149
40.2233
45.0195
38.147
34.1965
36.238
50.9197
39.7997
45.5791
48.8671
40.4891
54.4982
33.8019
46.2016
35.7546
45.5757
39.5483
44.266
44.5194
45.5718
41.9308
48.5441
40.7647
35.8214
39.7506
41.0473
35.8744
49.4699
42.768
42.8308
44.5156
39.1141
39.3703
44.8618
36.2283
38.9645
42.8638
31.1352
50.9076
38.4171
35.3921
36.529
48.6797
34.8012
32.4269
41.5034
37.1693
39.9359
38.3787
44.543
35.2167
42.0534
37.6332
44.6273
30.855
45.19
43.4195
44.7695
41.5729
37.7228
33.2043
43.4977
38.2547
39.4298
50.791
44.8542
35.028
31.018
47.8972
35.0661
53.7088
34.154
31.9204
44.275
43.1846
40.5291
34.327
42.0276
31.2183
33.1188
44.7023
48.8192
32.5398
39.0386
42.9143
48.1979
43.9026
41.3717
52.071
42.1734
39.7437
36.5506
36.0953
39.7402
36.4335
47.2569
44.8959
54.0026
35.3303
30.0648
33.4362
35.6047
41.4688
40.2144
39.1793
37.2035
39.873
42.1774
36.1033
36.5001
34.1993
48.4882
30.9941
52.505
39.9934
38.8042
41.8124
41.1991
46.6548
40.3733
35.3462
39.5989
32.9098
46.7348
45.8441
34.8766
40.8573
36.8778
47.3254
38.5773
33.6216
39.1824
33.9133
57.6122
47.7002
41.9983
43.1457
40.0742
33.2054
35.071
40.2423
33.4463
59.8433
33.2215
34.9861
40.2567
59.6532
46.8473
36.5665
43.2293
41.4053
52.1177
35.5062
40.5961
33.822
40.3499
35.4384
44.5882
38.6334
52.8923
40.928
49.5611
36.0761
47.507
38.186
43.8697
36.3076
35.9687
55.5114
55.3546
29.4
46.9922
32.4538
39.6381
45.5929
48.2577
44.3507
50.9236
53.5324
39.1087
30.8069
59.954
36.7668
39.0898
59.3054
50.1238
32.8479
29.7348
36.3693
53.3466
47.1696
45.8813
41.1122
46.4531
40.4339
54.6647
35.6232
35.2653
49.1051
46.9709
30.1321
37.9985
44.4834
51.6526
38.4663
50.6822
34.3149
36.7796
55.8311
36.9202
38.7831
58.045
44.0212
38.8984
44.0879
42.2536
44.6059
43.7173
28.7434
40.8056
34.2706
49.8747
39.5118
29.9277
42.1249
36.5858
43.1119
43.5259
35.9839
45.9477
32.266
28.1863
32.4887
42.8369
36.1247
39.417
50.1895
33.1854
30.0743
35.982
41.0487
52.3104
31.9775
41.7659
39.8152
46.6661
30.0228
32.4767
34.0717
41.0039
31.4101
44.9577
51.1953
38.6642
36.3851
33.0443
38.3324
47.8233
31.8396
37.9367
36.9755
31.0677
37.7621
40.9331
28.6875
37.9303
35.3959
42.9351
36.2541
36.8199
39.8196
35.0305
31.1415
37.3881
43.5638
29.1157
32.3464
45.8067
48.9182
43.6398
36.8016
38.4649
41.9103
44.7632
42.3021
47.4974
28.7696
39.9266
30.5067
45.5271
31.2622
48.6512
39.8099
36.9098
39.7896
42.6687
32.369
42.0125
44.0028
44.4833
37.6296
38.5757
33.0018
44.9933
35.2212
41.8053
43.3409
49.8511
28.4121
38.1425
39.5094
38.8402
32.5778
38.6213
32.8327
45.2933
40.4278
35.7051
34.7899
44.4263
43.636
36.3594
33.6441
41.4962
37.1047
39.929
35.3386
43.3447
41.07
30.3637
43.5146
31.4239
31.422
41.7721
50.9234
30.9315
47.0725
42.1156
38.7147
34.2012
40.7776
35.0719
37.5367
44.5223
54.0544
41.2238
36.0928
41.845
36.5619
41.2022
51.7305
46.2052
45.5729
30.5617
42.5534
30.0064
39.9578
37.3152
46.8734
40.2202
32.7664
46.6847
47.1276
54.7699
54.4411
38.6914
51.3108
34.9808
28.6137
32.3491
40.1946
42.0819
34.7335
37.3821
37.2073
52.6774
31.6086
45.9082
28.095
43.1849
44.0241
47.9499
29.4873
43.1348
31.0545
40.6152
39.8836
32.116
40.8834
33.5486
38.9652
34.3393
40.8665
39.0819
43.7251
40.4911
31.2418
42.464
46.0012
35.4734
34.5276
32.4424
53.4721
45.4066
39.5555
31.6189
44.096
40.4598
39.0109
43.6265
38.2388
43.4247
37.3891
47.9042
35.025
34.6202
37.0903
40.5607
37.5877
29.98
37.7687
50.1578
37.9377
39.7349
47.9062
42.7449
35.2502
40.9419
54.9496
33.2151
39.2256
39.7912
28.4341
42.0312
27.911
36.9946
37.4903
45.3482
30.1927
43.4558
44.1724
30.8252
45.0606
42.5223
34.3892
37.7
38.5088
28.7847
34.2423
41.1688
32.8276
36.5055
30.7777
31.9082
41.741
42.3292
39.8
40.5709
32.5494
41.1462
46.7722
39.9525
36.5319
45.0583
46.3026
38.2465
34.493
41.1844
28.5187
30.471
38.8288
46.3843
37.1205
38.1694
34.9664
37.8716
32.7371
37.4947
34.2548
42.0924
40.7447
40.8799
38.3821
54.4952
48.6013
43.7511
33.1319
39.6014
47.9431
38.7691
32.1522
36.3129
43.3931
36.6342
40.2461
33.0851
44.79
35.3031
49.4997
32.7017
28.6918
55.9008
36.633
42.9013
37.7282
40.368
39.7416
39.0627
36.4573
29.6763
30.8734
34.8221
40.3736
39.2902
39.4691
39.1984
29.4837
45.0336
41.5509
46.7224
36.4107
38.7728
34.2107
37.2454
39.5505
42.5768
32.5423
38.9678
42.7359
30.8608
31.35
35.6299
37.9139
39.0959
45.7445
41.5505
36.2118
38.5437
36.0913
40.868
27.8869
37.7374
31.5286
36.582
34.5189
36.6086
34.8262
42.525
32.4501
31.8267
43.7999
39.8196
51.012
39.3659
36.5631
41.6242
32.6516
38.6629
39.1885
43.3693
31.6329
53.2993
34.641
48.9959
35.3541
33.9077
32.2731
34.5612
48.7173
31.4349
29.9682
34.3516
33.2916
41.3481
29.7132
27.9313
38.4878
40.477
42.2385
27.1696
39.2242
39.6319
31.2174
32.7232
55.4336
40.0551
31.679
39.9447
37.5403
42.9018
28.5289
33.7667
56.291
44.0467
38.8856
34.7073
42.3166
42.3787
27.808
38.4811
35.5556
42.4282
41.4619
44.8678
48.3081
32.8976
40.9996
33.4967
52.8714
30.877
26.8699
35.2582
38.555
37.3717
28.1214
41.2282
28.7934
43.1377
31.9433
40.0878
39.1793
43.0122
44.1046
45.0686
30.7994
38.4979
37.1468
38.5918
29.2961
34.6932
32.9737
43.232
44.3094
37.3224
41.6154
38.587
26.2971
50.2894
33.3352
30.6462
35.2791
29.8685
32.2742
43.6836
38.0056
31.9059
38.5131
51.2562
31.8541
44.3815
35.5537
50.4536
42.5863
32.6521
32.7589
45.1011
37.9306
40.112
37.8608
38.7716
45.9311
47.6625
45.5457
54.96
30.76
44.7131
41.4821
39.4684
35.3461
42.2656
42.9103
29.0947
33.7466
36.2932
43.8365
39.9334
38.4306
42.003
37.4186
45.959
34.126
44.5089
30.2509
37.5154
29.8703
43.2016
37.5162
33.2533
37.1526
41.1245
31.2194
38.5327
45.0062
51.9881
36.9615
40.8946
41.9522
43.7976
41.9993
44.6945
40.2573
46.1747
28.775
36.7675
39.3556
36.3792
36.0854
48.7067
29.2847
34.005
38.9706
39.5336
48.9646
37.3203
38.2616
40.0034
29.9736
33.2622
32.3178
48.1592
34.7852
41.6812
44.9359
39.7531
46.2439
51.662
44.641
26.8015
41.2331
36.6914
31.1688
30.3567
32.8538
40.9781
36.3706
37.9097
28.3442
40.9016
37.4368
38.164
54.7155
41.4466
32.5336
44.3418
45.3998
43.6737
35.6786
50.9787
31.4453
42.49
37.8367
44.4112
29.5568
46.5469
37.1653
39.9995
29.0875
37.1815
37.3805
40.1653
47.4249
46.6395
43.0896
31.5584
36.5748
33.4709
31.7506
36.5299
34.5402
36.5053
39.051
34.6471
38.0194
38.3466
41.7147
39.896
42.5594
53.0049
37.0842
41.6088
44.5698
34.819
40.6886
33.4622
41.8973
34.4608
43.6428
45.3904
37.6475
49.067
48.85
43.4342
44.4153
34.6636
36.8922
42.3419
31.9773
43.7462
41.3732
47.3449
29.9859
44.6884
43.1988
46.2071
32.1888
47.341
33.522
38.6782
29.8863
36.4278
37.4548
36.0144
35.4211
54.7652
36.4048
29.8902
43.2309
38.7055
42.514
42.0762
29.3731
42.8734
32.6686
40.7527
36.9453
32.0387
36.2184
30.0358
34.7313
38.3635
42.8666
42.3182
33.9802
43.2825
34.0667
35.7152
37.1037
35.9082
32.024
38.1649
33.7363
40.3462
40.7345
43.7253
44.5568
38.129
35.1956
28.5251
36.9513
45.1607
30.4665
44.1133
28.7704
42.389
33.203
35.1482
29.5439
48.5698
35.4375
38.7015
38.8865
38.5647
39.884
49.9995
51.4569
36.2222
35.1337
36.0618
48.8632
35.057
36.9684
41.7641
35.405
42.9863
42.5953
40.7253
32.9544
44.2742
48.5764
40.5026
38.5362
43.4674
39.873
33.3335
48.9098
41.387
41.3378
41.2797
37.0054
41.695
43.7949
47.4943
31.5571
30.34
33.0081
35.3427
42.6494
38.8116
32.4932
42.6414
37.0329
43.1918
37.4298
43.0192
31.8358
41.1165
36.115
40.1329
29.5537
39.8311
33.8862
51.1276
41.5406
42.4678
35.1755
32.2409
38.5075
29.8852
35.6419
38.4119
38.0846
44.4648
45.9691
40.0828
35.7399
50.0761
36.645
35.1705
46.44
45.6968
39.734
38.2002
33.5441
35.5346
39.1094
40.4123
41.4518
33.2491
39.3836
43.0603
36.3738
33.07
30.5953
31.0519
30.1252
37.5722
43.424
49.1926
45.6747
62.5257
31.9166
43.747
40.3713
50.1355
36.1995
43.7298
37.5344
53.394
41.6452
41.7755
44.9254
40.4996
38.9693
40.7476
51.3761
35.2123
32.1628
37.2603
33.7364
38.1753
32.1904
35.2341
42.6041
42.1606
38.4869
33.9984
38.3617
46.6572
42.4299
34.4302
41.6728
33.0339
56.2907
47.7588
34.7427
31.0294
47.1189
37.7572
51.0003
47.0192
42.5212
40.3164
47.8561
31.3565
35.7589
33.2976
38.7983
41.3363
39.8442
30.9497
39.3212
32.8597
42.2143
39.5498
50.7681
45.1201
52.0716
28.922
30.7303
45.858
45.3795
52.2599
32.7906
29.4365
37.7486
41.2385
31.1111
46.3842
36.1609
39.5573
43.542
32.2155
39.1321
36.4224
37.7104
42.448
46.7232
37.1929
34.2298
35.6903
42.4103
45.136
48.1164
43.777
34.9183
29.7182
53.0967
41.2048
33.8552
48.9789
36.5456
35.2531
30.6236
42.8391
51.1992
46.1736
37.6799
47.4535
33.8336
56.9725
33.2238
53.4498
33.3118
45.0057
41.857
52.9232
42.1916
41.0436
33.5744
46.9539
45.0797
36.9315
46.1562
45.4726
41.551
41.3744
44.6203
45.8543
44.0589
44.9397
39.2127
49.9741
34.3965
47.2128
46.978
37.2417
53.812
54.6916
45.732
50.2354
49.2101
50.6143
58.3141
40.2555
34.0722
38.0193
43.3097
56.907
45.1207
33.2021
33.3144
38.3548
37.6254
46.2255
34.6912
42.4332
40.14
44.025
32.9251
42.7886
43.1323
44.9618
53.3277
51.5132
67.7422
38.1695
44.4069
40.1193
46.4745
45.7971
62.4811
39.8216
34.7349
43.8994
42.002
37.7413
36.6381
44.5491
33.6842
46.6321
43.5835
38.4968
34.1485
35.1545
37.3124
43.3456
37.8392
48.843
46.4054
56.1722
36.2121
42.3908
32.8857
40.0847
32.0411
43.7925
41.3101
46.4041
38.0297
33.5334
39.0838
43.8965
41.6543
35.2451
40.5603
34.4975
34.8297
45.3884
33.231
42.1365
51.7207
49.2322
61.0863
46.6677
55.6749
45.3523
37.7325
63.585
41.9892
51.3405
65.1959
48.61
43.4478
59.1144
49.5276
49.5456
44.3854
40.5162
46.0238
42.2072
45.1784
36.2488
57.894
36.9519
37.2341
46.9722
44.5412
47.8462
60.772
41.241
49.5554
46.5553
45.7988
42.5704
37.3539
33.5523
31.3158
46.2754
39.7177
37.4342
35.0029
46.9599
34.0028
54.2334
37.6694
43.2605
36.0518
48.1314
39.2008
36.6147
39.8104
33.6902
37.5547
47.2033
46.4043
41.1359
49.2636
41.4278
34.5713
31.5536
38.0326
48.1405
44.3028
43.8142
33.4149
53.456
35.2664
59.0994
38.7189
42.8622
52.7845
47.626
40.8284
50.3337
34.8473
48.5175
36.7167
51.0288
46.412
50.8991
44.4753
35.9633
38.2407
42.9974
45.7704
51.5517
46.0029
38.3719
34.4565
41.3056
37.8297
46.0786
40.9889
53.9475
54.2183
38.2008
33.2765
46.4782
44.1243
45.0529
54.7592
49.9839
32.1979
46.3643
40.8101
32.1156
39.9225
32.7025
43.7925
37.4477
46.082
44.4965
30.8734
42.8478
37.2221
43.6336
42.3991
36.0698
35.5655
47.8183
39.0897
40.9282
30.9381
45.3049
36.0941
37.9207
42.3194
49.3762
33.0109
33.5997
34.7329
36.2358
39.5033
46.7225
37.5608
43.1354
40.413
41.9122
45.7811
45.7894
42.5612
33.8198
38.7521
48.0959
43.4238
44.6978
42.9221
42.3912
46.8232
43.0732
34.0722
40.823
37.1034
39.8171
28.9076
44.9616
48.8328
51.2867
42.223
42.6032
29.15
39.7058
33.56
37.0033
39.1229
43.4696
42.5213
50.0574
32.9157
34.9264
41.1564
34.8597
38.0737
45.1139
35.4517
35.217
34.1949
42.6816
41.2015
45.2097
45.5071
51.6447
40.897
46.5894
33.8009
30.1314
34.7693
44.6555
45.4638
41.0847
31.2476
40.7773
38.2298
42.4906
33.8309
38.6026
30.3034
34.8443
38.497
45.7168
41.9448
33.7374
44.3212
37.7285
35.071
45.5204
54.3521
42.1945
43.1082
40.9365
28.8422
45.6273
41.2826
39.726
34.6152
37.3728
40.1858
52.4819
35.0682
34.0939
42.6124
45.3574
30.1759
42.1215
46.5214
39.3397
40.8535
32.6123
40.7512
34.7858
49.0501
36.5213
27.0243
32.2818
34.3124
34.1516
35.4798
25.7613
35.6185
43.4774
32.409
38.3897
33.596
44.7309
44.6825
30.6781
39.0077
41.3392
34.6451
34.9116
36.9861
42.0491
35.6977
42.2562
26.8051
36.6519
37.6852
49.5283
54.0889
35.5665
44.5559
44.8755
39.2284
44.2643
33.6897
43.4231
45.3564
41.9521
37.4655
40.744
30.7487
53.9567
38.994
44.8536
51.7683
41.4943
34.249
38.977
33.0137
48.6339
42.2424
42.9864
40.4133
48.7053
37.6303
41.1781
31.1077
52.698
31.9814
36.3514
39.852
36.0907
33.1675
46.7386
34.1382
42.1452
41.3675
48.5303
34.4233
39.7458
33.4329
45.6225
47.4299
45.4902
44.5627
31.8733
32.3497
34.7573
40.5207
39.0917
52.4794
38.9846
41.665
41.0723
34.6106
33.2968
31.1272
40.6009
34.1476
31.9623
33.3791
50.5177
35.6235
36.7775
36.6433
37.9667
32.9314
35.4687
51.4228
43.9713
30.5253
39.8944
48.094
37.5918
38.9166
42.3285
50.119
41.4149
32.8852
44.6046
30.7715
50.3662
36.588
35.9931
36.6998
30.0673
32.5699
49.5845
48.1112
30.716
43.2254
56.9953
38.2101
45.3471
36.6824
36.2384
38.7877
43.3547
36.0769
41.1759
43.8747
44.8103
41.2896
37.7487
31.555
41.178
27.7671
46.1563
40.3946
32.9924
41.0257
37.852
28.4485
35.5661
31.0974
43.2611
40.5484
40.5688
31.8626
43.4873
33.4685
32.8866
42.4276
39.1729
37.9135
39.6448
43.3204
38.6604
40.8457
37.9807
36.0375
34.4269
53.9393
40.4513
26.7524
32.1959
36.9308
36.3412
32.3112
45.4939
37.2206
28.581
32.513
40.0717
47.4604
65.2157
32.7627
34.2916
38.1086
31.8267
31.6787
37.0261
29.9794
42.9468
46.1661
37.7082
40.2693
34.7589
29.5501
45.1962
38.9008
45.8511
37.7796
35.2156
35.6089
38.7952
41.6482
41.0939
41.4867
42.8566
38.3846
32.9518
38.716
28.9554
35.3204
40.0471
31.4754
43.6926
37.5155
41.8024
28.7015
41.2217
40.6314
43.1019
32.6859
37.4161
29.3754
38.9777
44.2154
38.993
38.6493
36.5603
43.8569
34.2235
32.904
52.7126
41.0113
40.9931
35.2729
45.9998
29.7067
34.7391
36.217
52.8195
35.1248
34.1532
31.5376
36.85
46.9826
51.1556
54.0358
40.3906
29.2902
38.9868
40.2314
43.8347
31.8473
42.218
35.3418
39.982
32.0032
41.3902
38.2267
57.8967
30.2311
28.0941
30.0804
40.1276
33.2687
34.0054
52.1887
41.7041
38.3613
34.2395
37.4453
34.9983
31.6727
50.6703
40.5133
39.6499
41.6066
44.1361
34.6279
43.6649
31.11
39.0858
35.7477
43.8844
32.2372
37.0588
36.9991
41.7959
43.4067
47.1024
35.0026
36.1916
51.738
40.3387
38.5894
40.9071
51.6342
44.0973
31.7925
40.3191
44.6748
53.7186
33.8014
45.0688
34.2602
48.8884
29.9037
43.2368
36.1206
41.5221
40.6566
39.4616
30.8118
30.6308
34.7813
44.9635
39.3298
46.4866
36.4825
53.7255
39.996
30.7676
44.3503
38.8765
34.7403
31.732
35.9092
33.7425
44.4902
39.7909
52.9324
36.0908
43.4034
37.673
33.3422
44.6641
42.287
30.0551
33.7382
39.7479
46.2217
52.579
41.3324
47.1307
36.9032
46.2523
40.7312
39.7983
35.3807
51.1585
41.0264
39.912
33.8594
35.9087
49.9863
48.047
43.0367
45.2145
36.3035
41.2508
42.3929
42.532
45.1964
42.5546
37.9734
51.4275
38.665
37.9518
34.1197
40.1127
57.0428
41.5968
46.4165
33.1289
48.9162
30.756
37.3316
47.3989
44.3696
47.2984
35.2396
43.1131
35.2759
36.3189
35.9005
51.3992
33.6753
49.6852
35.64
45.3747
36.7986
39.2509
43.8558
48.8542
44.1219
33.8865
40.8114
42.8124
30.9172
40.482
31.0742
44.8599
45.3731
44.0473
42.7953
37.1203
36.9333
43.9027
45.9433
38.2989
29.7929
51.2893
36.6757
34.334
30.7666
37.4687
42.1341
34.28
38.6819
38.5038
42.9219
41.9887
55.8949
31.7455
40.4807
37.9911
35.708
37.3375
34.6857
44.9174
37.9578
44.7541
51.3615
43.9043
40.4458
40.9217
36.6837
52.4224
33.0415
45.1213
43.7666
49.9898
33.0911
43.7525
32.9703
35.1615
46.593
48.1642
32.863
51.861
43.0008
35.0224
42.3326
32.9499
39.6016
48.2522
41.3893
47.0916
34.9817
45.1054
33.3282
45.0559
36.7004
45.6672
33.5361
44.6925
37.4637
35.3367
43.0085
38.3459
36.6568
36.7223
43.9373
33.1628
56.6041
42.5447
34.0662
35.2099
46.3276
46.7589
37.743
34.3377
45.0375
45.1849
35.5063
40.2214
36.0418
46.6212
35.4966
51.7442
36.6876
44.6329
39.2482
51.9315
34.5189
47.3479
49.9178
45.6848
47.5618
39.1676
31.6167
37.7656
34.3513
40.0858
37.9222
45.709
51.2992
40.2485
29.8847
38.2481
37.1765
51.7963
32.9137
33.9761
35.5733
48.9329
33.1053
51.0741
48.3066
42.5126
38.2039
30.583
37.6329
34.0434
43.0648
43.4899
34.8253
46.6084
34.6062
42.0512
43.0918
40.8112
40.5911
35.9497
40.776
41.9196
38.8513
44.0306
47.9889
44.6928
44.8699
50.2464
35.2708
46.6839
41.2855
48.3976
41.1612
48.192
38.8708
34.9004
44.8234
37.8386
39.3431
37.5589
37.5581
36.3061
39.8794
45.7082
35.0837
47.9107
45.9928
47.7054
40.1431
33.3615
37.5289
43.2746
44.6112
42.0116
35.7418
43.0134
31.4124
40.4
47.7174
45.5563
34.133
44.4354
32.6731
45.0447
34.8855
43.4529
33.7314
37.1186
34.8089
58.2538
40.1092
31.2261
33.8587
52.5898
38.3538
50.2831
40.0384
44.9691
35.6177
41.7485
30.5331
37.3029
34.7077
45.9485
33.7108
50.3097
33.9593
32.6062
31.6864
31.486
41.6769
35.0485
41.7552
45.0432
30.088
53.9836
45.8371
44.8675
46.9354
41.1269
38.3814
42.8882
36.5555
40.3908
33.1122
33.1484
55.6601
40.2261
45.046
40.8151
47.6148
36.1163
40.4473
31.1546
44.4095
31.5802
40.0627
28.1885
32.4716
42.6229
35.439
49.1229
36.3651
33.6318
30.3788
38.9554
35.1023
36.773
29.5064
47.844
36.1639
48.1432
40.6678
36.6214
44.4132
42.0928
34.2119
47.4807
38.4016
34.7503
32.9901
44.2841
30.8241
54.8529
47.4668
35.96
38.2868
43.7772
37.4188
37.7516
37.1397
34.4527
32.9216
34.8138
31.3304
30.3821
29.441
44.1603
34.5988
51.2034
30.2653
44.8914
48.5786
32.6813
29.938
38.4576
33.2664
43.0608
30.5119
32.5488
35.9402
44.0045
28.3163
48.7843
29.1642
39.9098
36.4458
43.166
32.6329
37.8542
38.0556
37.4864
39.4738
36.99
43.9538
32.8838
34.5542
38.6792
43.6046
46.4206
33.3143
34.9716
41.337
45.9561
31.2291
45.0575
30.0278
39.4704
37.1142
35.6675
38.9778
43.0049
49.8215
46.0844
42.4625
36.6164
43.8348
40.4237
40.7656
51.1616
33.1625
39.3686
32.6679
44.3438
37.868
44.3952
33.979
31.8097
30.2084
41.3725
48.1065
46.9416
29.4284
35.5965
38.7312
38.3493
33.6478
39.5542
31.6419
37.0987
35.2088
36.5738
38.075
38.779
41.8937
29.3701
33.887
41.7468
48.5868
35.2451
47.2534
37.2938
32.3413
41.9842
34.7171
58.9776
35.849
30.1224
28.3642
35.4847
32.9799
30.8767
52.9663
37.098
36.1916
31.1766
34.5942
35.0227
44.694
40.8837
35.4993
36.34
31.3969
42.6817
32.6357
37.6366
32.5124
43.1154
44.5247
43.2229
27.7423
39.9322
32.9627
37.4131
36.3944
39.8453
29.377
48.4513
35.392
33.6093
29.6415
39.8133
28.4164
43.1639
48.8393
34.6207
31.9973
39.8411
34.0541
37.8484
35.8957
38.2238
35.5701
28.1264
31.8063
31.0295
33.0512
30.7228
30.8635
37.7015
30.6562
47.6447
36.1517
40.8063
32.8952
33.7706
33.7559
40.9591
33.7843
44.614
30.633
40.3011
36.135
42.6495
29.4143
41.6392
25.0944
29.0458
29.6546
31.3949
36.8148
43.6198
36.2993
39.7511
30.7912
40.2248
40.6813
41.6972
35.2359
43.3403
32.9348
30.3247
36.8224
36.587
32.2364
53.3598
37.4041
37.5809
39.8549
34.8639
47.6426
38.0168
36.3155
37.4245
29.5134
48.8942
35.9424
41.1303
37.0378
36.6923
30.8092
36.5312
36.8103
37.6354
35.6939
33.9507
40.3344
52.4641
39.0837
31.0425
38.7204
51.0199
40.0602
44.5023
43.572
46.7155
30.4979
31.4427
50.3462
42.5838
38.762
47.2004
39.806
30.1579
30.2067
50.4675
33.94
40.396
37.1136
44.1095
36.8712
62.1924
33.5059
32.3478
37.818
42.629
44.1863
41.2198
43.3444
42.7367
39.849
45.6504
48.0459
46.1669
35.5766
38.7955
42.071
42.9342
61.3692
43.5436
48.1977
34.275
52.3816
35.2741
29.6857
35.3371
36.6209
38.0899
32.1236
37.6865
32.2313
42.0349
45.8535
41.9528
31.1217
43.0382
43.294
35.5216
46.4285
43.2476
39.6813
29.4647
40.8275
40.6875
30.2953
44.8679
33.0645
43.5919
43.1229
40.8492
39.6472
54.2577
40.5584
46.4153
41.9763
33.7811
36.7862
34.066
40.9594
40.5624
38.662
42.4796
34.8355
44.0986
46.1365
50.4844
47.034
44.0597
45.421
44.4577
46.7806
45.1768
38.7623
35.1266
49.6886
44.1893
39.41
38.6168
41.1148
49.5621
42.6261
45.7504
45.0375
43.8251
33.0675
44.413
29.9784
35.8771
40.9462
45.8392
31.3335
33.3967
44.7619
39.617
30.7346
42.4296
32.3128
40.244
38.0901
31.2102
36.0169
41.9778
45.8644
33.7937
36.6184
34.6352
40.9301
33.1939
34.7057
42.0746
32.9697
35.3802
34.298
34.9721
45.3376
47.4631
35.2833
29.4849
38.9645
38.1906
34.7647
41.1666
42.6531
41.8042
28.2521
40.7769
45.4417
50.4677
32.6147
35.6804
42.3306
31.2513
42.6107
47.0968
32.8332
37.5274
32.3413
35.8873
35.0593
40.3739
35.4462
36.5507
36.2993
41.909
43.8875
40.692
33.4577
43.8886
46.3562
37.3086
54.4626
45.2546
34.0173
32.871
38.5789
47.5672
38.5217
42.3336
34.5168
47.9446
44.1815
34.9738
49.9844
40.2487
32.4678
35.4491
43.895
32.2348
40.9957
32.7086
37.936
38.8454
35.2616
59.293
27.4016
39.9712
45.3674
31.8393
31.0112
45.028
36.6848
42.581
39.6142
50.4531
42.0141
46.817
32.4842
43.0366
33.2966
43.2409
32.9613
43.3687
30.2515
37.8737
40.4986
45.8602
31.0558
37.1633
27.5303
47.0086
31.9192
47.1904
39.6264
49.3523
42.9704
51.0811
39.8867
41.0102
38.0628
40.2471
37.1593
42.9645
31.2321
32.5737
36.298
44.4051
33.2713
54.0478
34.95
51.2269
30.9967
46.7164
34.8707
59.1674
41.1696
39.5626
44.7407
48.4216
34.3118
47.1705
39.2105
45.3228
38.555
55.1908
38.0772
33.5262
38.4801
43.579
38.3922
39.1133
36.5314
43.5837
45.6425
45.3705
39.2737
45.3012
31.3636
41.5726
47.2177
31.1838
40.8452
33.8044
40.1668
41.1782
34.3015
46.4785
55.8891
40.2134
26.7922
39.5157
39.7535
38.9748
38.2707
43.9682
36.9168
37.2964
34.9733
50.3579
45.3852
54.6581
34.5742
33.7212
38.187
42.6731
41.0407
35.0946
33.1801
