41.8823
41.6234
48.4633
38.4888
39.9739
29.5567
32.4459
31.2407
33.3273
30.9537
41.2561
34.9253
43.4488
40.7015
35.1
36.4787
42.556
27.3842
41.9116
42.8656
27.4829
39.9725
40.1124
39.367
37.2216
38.7712
37.7407
40.0811
44.8557
43.4298
31.8973
28.894
30.2396
36.5613
30.1355
51.5041
37.2436
30.0427
40.679
39.2894
38.1362
29.5041
48.1474
31.5847
33.878
48.3347
32.9628
32.4174
40.5737
39.955
34.4229
37.1983
40.9776
34.3041
31.5862
41.1981
38.3381
42.6648
32.8441
33.6151
39.763
37.6184
26.6535
44.6025
35.4394
39.5814
39.9932
31.5215
39.2525
42.3753
33.5046
31.9999
47.1103
43.607
37.9845
29.2961
38.5206
39.6298
34.0848
41.5829
40.4126
41.7305
35.4243
34.8563
34.9056
33.0913
35.3742
40.9121
35.706
29.121
31.832
33.0531
37.952
35.1799
36.7005
29.6682
32.3024
47.8432
40.863
31.7837
45.2251
45.5476
42.8279
43.8071
32.4256
38.3601
29.9747
40.5385
37.6366
30.5819
40.9144
34.8456
38.0985
36.6482
33.2021
28.6626
28.4483
48.37
29.3526
30.6838
38.9503
33.2961
42.4447
43.2902
35.1164
30.5981
45.9224
40.9056
28.8797
33.9943
37.1739
39.4546
34.89
31.6188
47.1843
30.8334
32.8834
40.0712
39.9654
26.6271
31.4497
30.7507
26.6333
32.6538
30.4008
32.955
33.986
38.3446
32.6904
26.1079
34.9047
29.2207
43.4168
35.1
32.6861
33.7257
30.1742
45.5954
51.8724
37.0448
53.93
28.2054
25.994
33.7989
33.4652
36.0103
37.1358
25.6432
29.7478
28.4782
30.753
33.0837
35.7003
30.7246
33.6245
46.0243
31.3971
34.916
34.4459
35.7073
40.2881
36.9002
32.5974
34.2589
35.5729
47.616
40.924
31.0021
23.4255
32.593
36.807
31.4967
31.8506
32.9654
36.1921
31.7742
38.6372
40.6408
30.8751
41.7625
36.0001
35.0094
40.6392
40.6752
43.4569
33.9602
28.7852
29.2752
31.5207
33.1853
39.2762
36.2552
27.8374
28.1009
37.3744
48.9945
40.1042
27.1024
34.6871
35.6029
34.8111
36.9052
30.7074
35.0875
34.913
34.7156
42.94
30.6567
37.3144
37.5667
34.2857
29.5812
35.5598
38.7721
28.4616
31.1391
25.1238
25.8268
28.3503
33.4334
29.0003
37.7454
35.9732
47.1514
31.1954
39.2255
26.1567
25.7973
25.5166
39.7271
23.5922
32.1783
35.994
34.3468
34.5149
36.7172
37.8452
37.4056
41.5656
28.6935
24.4757
34.0529
32.7273
45.9752
39.147
30.4904
32.0372
30.8481
34.7057
38.7698
40.1154
41.3261
37.555
31.9482
32.5099
40.9261
36.6094
33.3814
26.9606
26.7214
26.4096
45.9135
48.5237
37.3448
29.6238
30.9557
38.6163
29.5537
40.4852
39.5393
42.2444
44.6126
40.0143
33.2133
36.6233
34.6201
37.2194
41.6193
44.4919
43.4059
36.7365
29.8552
36.7372
39.2669
33.4302
35.2197
47.1753
36.2955
33.6183
32.1492
33.3429
27.1884
28.7098
31.6331
31.1478
29.0476
39.4741
45.6096
28.5628
35.2359
40.6085
30.8794
32.2434
36.3915
40.1914
34.7559
27.1373
24.7809
34.1844
30.2118
44.9722
31.2766
32.4366
32.792
27.6001
23.6708
24.3746
36.1357
29.2426
33.961
33.1935
25.9523
29.5808
27.9398
38.2633
28.9395
41.1138
36.6733
32.5635
27.6958
24.8878
31.8277
36.2968
27.5583
30.7363
34.8957
40.3015
38.1577
48.0128
29.2628
39.449
35.4607
37.2086
47.4637
38.6661
34.481
49.0534
35.5107
31.0273
38.8634
36.0502
34.338
34.5219
41.0628
32.9037
26.5899
33.7688
34.6435
37.3471
42.3185
43.3996
34.1666
40.0952
34.4346
36.6927
53.0285
36.3665
28.7021
34.5662
32.3472
32.0818
26.0865
22.7422
38.8156
39.5202
28.1746
29.4007
25.7988
28.2745
30.8622
31.8996
25.9572
29.0335
31.6688
27.9263
31.5926
24.403
34.0051
33.1712
30.0337
30.252
42.2292
28.8577
33.0949
35.1794
39.5118
32.7168
34.694
26.2469
30.934
34.5239
23.5846
33.2911
29.087
35.6419
32.6605
36.8683
39.0976
35.8239
45.4611
49.3566
38.2251
37.8866
33.9479
43.6076
40.4179
29.3308
34.6981
38.5322
37.0032
34.0792
26.0532
42.1514
40.0102
37.2776
21.9381
44.867
36.6381
35.7351
26.4117
42.8637
28.6712
32.7715
45.9364
49.3236
42.6798
26.0191
30.1067
26.7484
29.8162
31.5004
32.2366
36.835
27.1752
27.5714
28.0006
32.0514
23.5944
24.4607
30.9469
33.5944
31.1074
36.4027
40.1835
28.5144
31.7572
46.172
29.8149
25.2041
31.0792
29.2575
42.9567
34.9707
40.1563
24.6541
33.6725
25.868
30.9937
25.3845
38.2408
40.4952
30.8175
37.8037
37.076
38.0701
32.3907
37.4148
27.1269
32.2412
30.0113
31.6331
35.1692
32.796
32.3534
33.3665
35.7612
39.0859
38.9245
40.5579
26.5319
26.0583
35.4122
36.7648
27.2298
34.9742
36.0895
32.0105
33.9021
38.3061
40.8432
39.2321
44.4253
27.8103
35.9387
29.2637
38.4763
37.7764
33.5844
27.7893
38.0701
37.7898
31.7154
40.3773
30.8179
37.0628
30.8766
40.5328
41.9418
39.4603
39.1636
43.2695
52.3108
39.9146
30.6364
41.9183
40.744
39.4204
48.1591
40.8184
41.1169
44.1436
35.9712
44.5087
33.7504
37.1962
35.7006
43.9229
41.8517
29.9671
30.7544
37.2805
33.5829
35.6858
26.4401
28.0108
49.5922
38.0471
37.0451
31.6873
49.1798
39.9003
28.9895
43.0674
29.6543
40.4201
42.0886
39.629
46.6544
41.5852
37.4429
30.3003
35.4227
35.8041
34.0774
40.9035
37.7387
38.9454
29.4942
28.8704
48.7732
47.604
37.5148
29.7121
37.1491
31.5042
23.6866
34.4551
37.9383
32.4175
32.4022
34.0094
29.097
23.8384
35.0448
37.1062
39.9271
26.9055
26.1538
33.829
28.3283
37.95
36.3377
40.7336
39.0317
35.4982
34.5448
33.3717
39.2934
38.3782
42.5185
24.2087
29.0362
32.7084
36.8259
37.5454
34.5159
39.4199
36.569
32.6896
42.5277
37.4431
34.1631
25.6401
26.6839
39.7082
46.1272
39.8671
36.0751
35.683
41.8279
41.8804
38.1114
29.7544
31.5032
31.5156
35.8605
40.3908
38.7739
38.9446
31.1296
33.6753
40.1555
35.1306
32.4478
42.0271
25.2501
42.15
29.9768
38.8814
36.3123
41.06
42.6761
47.5857
29.836
35.5473
28.4158
25.8807
26.4476
41.6963
35.8787
41.3148
28.1289
35.9592
29.8494
30.6607
35.4789
31.4079
27.6601
40.4464
26.7123
33.814
32.351
36.8962
39.4422
29.0758
36.3713
48.3105
32.0336
43.3086
41.1214
38.4213
31.3051
38.9257
41.3418
36.8886
36.1886
41.4826
34.0812
34.9537
35.4295
33.4428
42.3448
43.2845
36.7929
47.4352
47.46
45.9367
53.3761
40.9213
50.5975
39.9824
43.563
35.7336
36.123
39.6957
44.2179
42.5075
41.0559
48.8991
31.0891
39.6601
43.208
56.7603
42.3494
42.3201
38.5611
40.5893
37.8184
54.2822
40.0178
39.8275
43.1082
45.0747
36.003
54.9254
41.4958
41.2629
43.8803
41.7364
50.3128
36.836
44.1187
39.6099
33.708
38.5808
31.4058
41.778
47.0315
38.9892
37.1107
24.2652
31.7612
30.4003
37.2988
24.8266
39.0284
40.7615
42.15
35.1686
41.2409
40.6976
56.0675
43.7667
37.91
27.0692
37.5659
30.0295
32.7878
33.7187
36.1596
38.6563
37.3705
23.6095
39.4457
35.9376
42.1633
41.8726
34.657
37.4298
30.7453
30.6669
36.0105
32.6696
35.1102
31.5856
34.6671
32.821
25.9527
50.4129
39.7206
34.9084
36.1791
29.6199
26.0666
25.3713
25.8674
35.2768
28.8644
26.8858
25.6457
31.2479
28.1626
25.1934
34.3519
36.0317
29.8796
26.6803
35.8028
42.0032
26.9274
35.7801
42.1631
33.7726
37.7343
22.8868
33.0568
35.3479
30.466
30.8386
38.5291
26.0842
34.6685
25.9973
27.9409
26.4313
26.6515
38.9605
29.2755
32.0633
45.3272
29.9099
27.4842
28.5932
26.5765
28.3224
34.0363
35.413
24.2783
35.3171
29.3006
38.5111
24.762
31.508
38.338
32.0914
28.1639
32.3523
29.3482
30.9661
26.2157
35.4247
34.3309
35.1207
30.1065
27.8263
21.0628
33.0987
24.8206
26.2472
37.1272
33.1581
27.2764
32.7571
26.9774
31.5481
23.8567
31.0057
33.6159
29.5799
41.0671
26.5614
29.7961
31.626
22.6024
26.7321
35.6118
28.9313
29.5394
27.5319
29.0907
26.9142
25.955
28.849
28.3395
34.1071
26.0892
23.6833
29.388
28.9516
35.6605
34.0621
25.1363
30.6647
27.8614
29.6918
31.2601
31.3912
37.3534
28.7563
24.7265
37.4263
30.8228
16.4224
30.8859
28.684
23.5596
32.9564
27.8866
27.1307
18.353
30.2149
34.3026
23.121
31.0777
23.6473
26.9595
29.951
33.2321
24.5726
31.0827
34.1555
31.5225
32.1325
32.3971
39.6457
27.8532
33.8729
28.2299
30.116
44.5875
32.4861
37.7772
27.0548
37.0732
35.6728
34.3745
24.2743
22.7492
25.9362
34.7004
35.2872
38.7425
35.26
36.8904
39.0063
42.5123
48.2825
27.6649
51.9856
34.9677
34.0545
31.5256
36.611
45.272
40.7968
40.8679
31.7185
34.7948
29.0691
39.6305
41.1695
38.8359
45.4816
35.6246
28.027
39.4179
24.8019
28.0194
29.4205
44.1384
38.583
28.7066
41.8307
38.6768
28.7898
45.0508
37.8741
38.0872
38.5941
39.2052
40.9421
39.7156
38.4961
24.4039
31.454
39.818
40.3891
30.1379
41.9047
29.1684
35.5709
32.2003
34.7436
39.7483
32.3688
35.958
38.2242
41.9353
38.5872
29.3979
40.9937
31.8206
34.5345
32.0227
35.7179
36.3511
41.1553
36.12
31.7229
32.0458
39.1151
38.7225
32.6575
28.1374
40.995
45.7804
31.0995
43.9219
34.6933
42.9017
41.0591
46.6768
45.0737
45.0774
50.6164
42.3669
42.7161
38.5312
42.3406
36.9354
42.9232
38.0931
31.4456
36.488
49.2581
35.9505
37.7396
39.679
37.631
37.7552
27.5919
37.9372
35.733
34.0323
48.0178
37.2877
39.1883
35.1814
37.3237
31.0763
36.1085
40.7643
27.3319
51.6838
48.6527
26.5433
37.5563
38.8168
42.3738
35.9456
35.7915
44.0139
43.5233
38.8797
30.148
30.9854
35.5508
42.8112
42.2744
33.7212
25.6478
36.5028
33.8468
27.9079
32.9003
29.3509
39.1691
35.3192
31.429
31.9882
38.3
34.5382
23.9955
32.0821
27.3478
27.4895
25.1905
35.4881
31.5525
42.3137
43.5794
35.2668
41.1963
43.3691
34.8948
30.2217
35.3426
42.0024
32.0095
32.3497
31.6145
46.2777
37.2863
32.1405
43.7853
31.4683
28.7942
30.0649
35.2678
43.3528
39.4842
30.594
29.6476
37.5389
39.9625
28.9986
27.9093
35.1817
38.3611
33.6595
29.2077
33.3775
35.4156
53.1249
30.6621
39.8093
36.9583
35.9993
46.1672
43.4419
52.5153
50.0939
52.3118
40.8748
29.0699
38.1049
43.4436
36.072
50.8806
35.5873
37.5069
32.349
31.3258
28.9799
32.3021
42.6106
41.1019
39.5115
43.8448
35.1255
37.9177
31.3238
32.4137
31.7015
39.6825
43.2357
37.5034
43.3841
43.13
39.6358
28.0882
40.7539
42.1472
37.6683
38.4013
51.7657
39.5564
34.7925
39.6784
30.0272
46.1915
50.3036
43.7377
36.3875
35.0289
38.5487
51.4314
43.9527
50.9425
46.8697
43.378
48.3713
44.7076
41.0117
43.2486
46.6699
40.4487
27.7605
44.4965
44.0544
33.1952
40.0781
44.143
44.5544
42.5386
45.1948
39.2114
42.1353
32.8501
42.2249
47.3826
35.3225
41.1555
23.2014
40.7391
36.8162
36.7546
43.9888
29.3323
41.7303
28.1397
42.8352
28.5108
41.925
25.951
39.7444
41.058
43.3855
40.6397
54.6661
26.9783
39.6949
49.6092
39.571
31.8906
42.1919
44.1583
39.0174
44.0391
40.0033
40.4113
25.6116
38.5928
35.5103
48.0698
38.8481
42.132
38.9632
40.8875
41.8891
47.3377
46.3718
36.1985
41.2923
39.5504
37.8977
37.7673
37.7066
39.3345
51.9779
37.8736
36.1701
34.9434
38.5451
44.1512
40.2513
38.0487
31.605
35.3677
28.5973
34.1686
47.3704
41.025
38.1509
28.9591
34.07
37.3495
42.1516
37.9648
37.5701
44.9044
40.8746
37.7382
25.7189
36.2192
53.1115
44.7557
34.63
37.9425
37.4837
37.2223
36.2823
37.3164
33.8349
28.9108
35.2615
32.4766
33.2111
28.0569
38.0278
35.0935
42.2657
40.6325
43.6777
39.7447
38.7008
40.5932
36.7929
26.8532
36.2467
30.9546
37.1968
38.4875
36.4806
39.1587
31.4674
34.3966
39.1491
30.1135
40.7536
33.7334
32.1642
26.8169
44.3474
44.1085
29.1295
35.6336
39.5288
45.9813
36.7791
47.1544
42.4216
44.1218
29.1566
35.5342
31.6655
26.5182
39.5534
36.8151
29.8934
34.59
36.3685
22.4277
39.1187
34.9679
32.1594
31.3493
34.7606
27.7461
27.7717
40.3718
40.1895
28.217
41.4108
27.1302
22.2989
30.0446
23.4831
36.8654
41.0956
39.0955
31.1918
30.5367
32.0171
37.6217
38.0285
36.6883
33.7609
33.7026
28.6373
32.1617
28.0199
23.7849
30.842
33.3381
32.6641
37.6348
24.8564
27.8947
30.2537
29.5764
25.7374
33.242
38.6132
33.7283
33.0544
33.3897
36.9716
24.5592
30.8344
33.6425
26.3545
33.9063
32.9579
38.2708
28.154
39.6665
26.6977
33.4366
32.0749
32.7378
23.4064
39.9613
37.0898
33.6121
28.677
34.6852
36.9372
31.5531
38.1468
34.8467
27.9086
24.3728
35.3876
31.9173
30.4342
20.4672
37.9212
27.7499
34.3191
30.1778
34.3766
27.0689
38.2191
28.7794
33.1658
34.2935
31.2042
38.7748
33.7532
37.3759
45.3782
39.4697
35.8549
37.6331
36.6615
38.3042
39.9952
36.5467
33.6563
32.6444
25.7206
34.9335
39.5467
38.7988
38.5488
44.3442
37.2139
34.7804
45.7538
34.1148
32.8044
32.0008
24.5745
35.7884
33.0705
36.8872
32.0337
36.4327
37.7393
35.4156
34.0098
38.0137
38.4218
31.3137
27.1027
38.7438
32.1134
27.715
37.6224
29.1533
37.7129
38.8911
22.8103
40.0014
47.8284
42.0425
35.9555
24.6977
42.7902
37.2814
26.1907
30.0818
44.7589
33.7532
26.1958
35.0428
39.1298
35.7803
36.1307
35.1629
36.6516
30.5246
36.8501
37.0982
48.709
30.8811
32.9112
30.8948
38.36
31.0828
32.6167
38.5498
29.6545
35.2436
34.41
35.1359
41.1247
44.301
40.3885
55.8843
43.2598
38.5586
41.2559
43.5636
27.9267
33.6748
31.3087
42.6077
38.4587
29.8639
40.4608
47.9163
54.2315
44.1202
39.8094
43.0171
41.4918
37.4368
39.897
44.1317
42.5081
33.5202
41.4157
39.1858
39.1551
37.69
52.2134
52.55
37.4195
40.4966
41.0997
43.5336
45.6248
37.8463
45.6919
40.8975
31.6754
31.6019
21.4479
37.2617
37.3826
41.7462
37.6973
39.7358
37.9455
34.4938
49.7859
28.0517
42.4087
28.0012
39.2564
33.0194
44.3789
39.7941
34.7888
31.7241
32.0997
23.4349
38.3065
46.7968
39.8132
41.4727
32.2573
27.1345
23.8521
32.3939
44.8978
41.3472
39.6523
48.9097
35.67
35.613
40.0744
31.7459
40.718
30.0795
34.6342
30.7573
52.4461
34.379
35.3395
34.3316
39.3139
39.7952
31.6146
37.6604
29.2414
39.9255
31.9275
32.0941
35.2463
34.5108
39.7285
44.5578
32.4506
38.8774
38.9112
42.6652
35.0842
45.2841
45.4077
40.9523
36.7579
59.2107
31.5565
44.3282
42.6574
34.4984
44.0852
40.6378
51.2201
60.7299
36.9435
29.5775
40.2731
38.1058
45.9343
42.3008
44.1613
33.506
48.1636
44.9608
40.6426
40.8182
39.9756
40.5532
46.502
44.1469
50.3751
44.0708
42.4505
57.689
42.6985
37.3142
32.1252
40.6379
30.4397
42.6147
45.0125
29.8836
38.7382
27.2023
32.6177
38.6814
36.9094
34.6895
44.1827
40.9072
34.3509
44.2077
37.9487
36.9829
27.1345
34.7646
31.8597
32.0394
34.6727
30.179
35.1612
31.4343
33.7058
32.2863
34.4999
40.1729
33.8683
42.4572
40.02
26.4117
42.3139
35.7811
33.1449
40.6634
43.4224
33.8292
47.0769
39.3975
33.1346
32.8198
35.4345
32.7086
31.026
47.0906
34.1062
45.4592
40.0129
41.966
40.6461
43.3365
42.461
38.9295
32.6258
44.1309
41.2532
41.4198
43.2068
43.1693
48.1069
32.0352
41.408
43.5301
30.9012
35.4031
38.3312
41.422
32.3087
30.031
38.5749
43.6343
41.8722
46.5357
41.4491
42.2813
42.2513
31.9724
33.889
29.8225
38.9446
23.9263
31.008
29.9343
34.2542
33.3485
31.5231
41.6982
33.5402
33.1945
38.8626
42.5791
36.7785
35.4831
38.2607
37.2138
44.2434
39.5765
41.4411
35.9256
36.5296
38.8715
44.3776
36.4876
47.1924
40.5962
39.0283
39.6051
38.4427
36.9762
32.8618
39.7897
39.874
28.2397
29.1492
38.1461
33.5955
51.4728
30.0546
33.5739
40.1766
36.3626
47.9024
34.1819
41.1635
41.293
43.8468
42.875
39.3931
38.2515
39.3489
43.7245
38.3694
32.4664
36.9853
37.397
39.5063
38.8949
31.2064
41.511
35.0118
33.093
37.7472
28.9468
39.0332
34.7778
41.3678
28.5575
39.6131
36.2611
38.2877
37.2803
42.4881
43.6798
45.4671
43.213
33.0733
36.8791
32.9862
21.9818
28.2954
34.7123
24.7586
35.5629
27.2923
31.9225
30.2028
32.5239
22.9698
38.2721
34.6586
28.226
34.2755
27.4341
30.9996
27.4529
34.4678
40.9567
37.5019
34.34
40.7058
39.1427
25.7996
34.8059
31.6164
39.6886
36.3723
35.3653
40.5491
34.1158
35.8383
26.6405
34.0384
27.6458
30.8024
34.4385
37.7029
36.9679
39.8449
41.0185
24.1146
31.8268
29.4115
38.5858
44.4003
34.8469
36.4148
23.8517
31.4565
33.5285
46.2211
29.866
34.4595
28.0496
34.7404
29.9036
34.4496
33.5031
29.8643
38.0284
32.61
33.9569
35.9753
33.3512
33.7006
42.416
37.6807
36.1894
38.0236
27.5255
37.1729
34.7807
37.3547
31.755
42.8673
36.6711
34.4609
31.5661
38.7422
37.1415
42.3285
39.1693
42.4204
28.1906
43.5215
25.8622
47.6546
28.5292
41.6881
42.2057
39.9196
42.2525
42.6661
39.058
40.2068
39.0754
47.8883
42.2592
41.0712
41.4191
38.6239
53.1405
42.7767
47.0578
40.7909
41.227
38.0087
35.9265
37.3047
36.2958
43.2076
40.1506
40.1361
41.4522
43.6973
53.332
39.2458
33.452
46.6877
40.621
36.9164
37.9956
38.408
39.3363
