43.5294
35.379
37.1214
42.1907
22.4992
29.4452
29.0961
27.8062
24.4059
30.6192
27.5611
42.8554
28.0807
26.6909
57.8358
33.0061
27.7685
30.7862
30.8364
22.366
37.5185
28.0344
42.7262
42.84
43.1492
27.0697
30.2307
24.7059
29.8102
33.944
33.1753
40.4899
24.6589
27.2129
32.7999
27.7684
33.0253
22.0016
26.7069
23.276
34.831
44.9841
31.4658
29.6021
31.707
29.6298
39.7849
38.9359
40.6627
25.4714
30.2674
40.2411
24.3688
31.2539
29.6174
40.2544
33.4372
25.6854
38.0295
25.6654
33.3719
32.3458
28.3188
35.6152
25.7527
39.7197
22.4309
32.8286
41.1462
27.0678
23.0294
24.6736
34.8707
27.6112
34.7302
23.7399
28.9597
27.2581
26.2406
39.8472
25.767
40.61
38.1171
27.4754
22.6585
32.3808
27.572
37.249
27.511
40.3283
39.1729
24.6123
22.0544
24.462
24.3538
25.1004
32.7869
31.5707
23.281
31.283
42.1728
36.1846
45.5256
33.6296
24.8995
26.4223
27.1906
28.0306
28.5085
38.3761
22.9515
46.5413
22.1479
29.7757
25.4628
29.8723
26.5555
34.4636
37.6622
26.9123
27.3324
30.4646
26.7598
23.7242
35.6266
32.2332
32.3492
38.4166
36.5168
26.7733
21.4082
51.3825
25.2533
36.1622
25.2023
36.3583
32.4036
24.4159
22.1322
39.7007
48.814
26.4709
36.7178
29.3526
23.496
30.8253
24.9758
31.6085
36.2254
29.3413
30.1102
31.774
42.85
22.1232
41.9001
32.3047
39.4784
37.3692
32.056
35.8302
23.4034
35.8942
23.2996
27.4951
25.5252
24.4528
38.7138
24.1668
28.8313
28.8353
22.756
29.0967
39.8878
44.9122
27.9591
33.6976
30.8699
27.8249
43.06
31.7297
33.4315
25.6646
30.25
31.5857
30.7895
29.2114
23.7177
39.7659
24.9927
28.8674
26.7852
39.5957
25.1228
38.7233
24.3851
41.2953
27.7736
32.4251
40.4682
32.8306
28.4023
38.7875
25.5149
28.7475
33.4026
26.447
46.9996
30.0349
31.8669
31.37
28.3257
29.7068
29.9864
54.5017
26.5035
38.3237
25.8332
36.8284
26.9065
29.6137
25.3713
30.3008
24.6127
40.5435
29.319
30.9503
29.2372
29.5563
27.9765
28.0258
42.5743
25.062
41.7434
27.0569
28.1979
25.3174
28.3747
26.6806
40.8677
26.9565
30.2987
27.3686
22.5555
29.9833
39.302
28.6255
42.2683
37.3432
32.959
30.4037
29.5722
29.7276
29.9515
36.0122
35.4138
28.0884
28.3459
38.6913
46.9273
26.6513
35.1101
30.5345
34.3747
25.7097
29.7281
32.2573
32.8881
39.5526
28.4732
29.1932
29.0146
41.4667
41.1814
30.1804
52.6485
21.9095
39.0733
25.7077
46.6827
36.3762
35.7511
31.3692
40.9163
28.8516
30.3775
28.7257
30.683
29.4576
38.3267
25.2004
40.4241
29.4646
33.9723
45.8527
34.3832
28.3598
39.9174
26.3001
35.2531
23.8258
39.418
26.6788
24.4573
25.3871
48.3815
25.7841
47.0734
29.5936
43.4216
33.3637
42.6239
24.7715
39.9437
35.254
31.9856
27.1361
44.0788
25.7551
40.8776
27.3481
45.0902
30.6917
56.1734
24.8885
42.5742
42.7998
27.4909
25.9422
33.9194
30.0841
55.3305
33.7906
37.7603
30.8128
29.907
41.4712
28.2201
39.6214
41.7114
21.8981
42.8486
47.7615
23.1274
37.0938
24.5925
44.0011
33.7932
30.1551
23.209
33.2756
26.0642
24.8546
29.161
33.9112
33.4669
27.2206
36.5394
33.3095
38.7541
24.6815
44.5472
24.0106
33.1429
27.9674
22.5715
32.3566
40.644
22.7234
31.3237
26.4395
35.9572
37.5752
41.8418
26.0766
26.5438
37.5577
43.6854
35.6523
34.5687
29.7896
40.4277
25.5833
37.2321
24.9376
28.6979
31.0676
25.7541
29.4299
29.7343
38.6391
26.7212
38.0212
43.6891
25.3756
32.1616
32.318
31.6397
49.9436
24.3005
30.703
42.1959
45.4227
28.0354
28.2491
39.365
26.4053
30.488
33.8733
27.6265
28.3147
35.392
27.4156
28.8339
29.0961
32.4178
23.6241
40.8673
31.4669
30.2423
23.888
44.3786
42.9355
23.977
23.5259
39.9946
24.9947
27.7755
28.6684
23.3594
36.2236
24.9084
26.0497
27.1804
25.107
26.1542
28.0074
40.0591
22.8448
35.1264
30.984
36.6875
28.9537
39.2626
27.0244
32.3893
34.5575
29.6508
30.0708
24.7206
33.6539
24.8148
41.9588
37.0693
27.8919
33.1709
32.8479
26.9874
24.4567
24.0906
28.4856
32.9476
37.4105
41.7785
27.6441
26.5509
23.4982
19.8911
39.0889
26.3879
25.9926
38.7859
40.1109
27.5649
33.4316
38.7998
23.7231
27.1397
25.4708
21.7535
22.0771
22.5699
18.9881
37.578
22.0085
34.0479
25.0644
28.6054
27.3366
41.4217
28.8395
32.6805
21.9953
24.0702
30.5664
38.0114
38.6953
30.9337
31.7578
33.0765
33.2973
38.3182
30.2267
34.349
45.7282
40.1841
30.5299
35.6517
32.6496
29.3549
28.2158
27.4787
29.6517
42.2917
28.6607
47.4566
25.7657
33.3967
26.6113
29.4417
38.1249
23.4934
31.5826
46.401
26.6123
38.6298
24.6866
31.7216
38.9733
25.4948
25.825
27.0513
20.9821
24.7806
39.7667
40.6361
38.1521
24.3027
20.9292
43.2349
23.9169
23.9898
37.9787
31.0647
39.4471
23.6637
38.2774
22.572
30.4982
27.285
43.2905
30.3507
30.4621
24.6971
33.2202
40.3561
26.4468
45.1688
35.9845
26.5403
37.2811
40.2626
32.7875
31.8169
30.5942
53.1585
24.1044
41.0746
48.0866
23.4659
29.8889
29.1664
31.0147
33.9522
27.6306
43.2853
23.6739
23.715
45.7454
25.9017
37.1662
32.0429
22.3883
21.4271
27.7833
30.1374
30.7314
33.0471
27.7618
25.3617
27.1416
30.4452
24.697
37.2816
25.2519
19.4718
36.314
29.5838
27.0925
25.8274
40.577
23.6243
31.5341
34.4375
30.0713
27.737
30.9273
25.8194
26.7653
40.7041
29.8344
47.9466
29.1699
53.347
31.0069
28.589
42.321
26.5811
33.6601
39.7561
35.2056
36.9652
37.951
37.4212
45.5939
37.1907
24.8827
37.8049
30.4854
25.5267
40.86
24.156
22.4853
46.9363
30.6347
33.3389
29.3643
34.411
31.3363
22.469
22.3583
32.071
33.4208
29.3122
34.0149
26.3132
20.4532
32.0345
37.8475
24.2227
23.593
37.1026
25.1944
20.1128
20.6038
25.3183
28.3212
26.9338
39.331
38.8051
22.5923
26.4682
37.4077
28.1553
46.0553
25.1618
40.0052
33.8219
31.8702
39.1772
43.8203
41.7454
39.9361
41.6882
31.4851
33.7381
24.9088
23.4532
24.295
36.9905
29.8992
35.5301
25.0906
35.2045
28.6629
28.0363
28.8827
32.3974
29.7986
28.4685
34.7947
40.6216
23.3711
27.435
25.2008
30.4013
20.6678
20.1208
36.1728
25.9412
25.9768
22.4169
32.1799
34.5475
18.2608
42.4976
25.2783
28.5397
26.0318
34.9833
51.7299
27.8081
25.186
32.74
28.1207
29.9932
43.5359
30.8357
42.4071
32.2642
33.5629
32.6202
30.5569
27.0027
35.3362
28.1956
42.2103
35.0137
27.1963
31.4797
23.4616
25.5897
22.8449
27.386
38.0562
22.8079
32.7313
28.1101
23.9194
29.067
23.2871
29.3809
33.4734
26.0648
21.2947
31.8564
34.3533
34.8357
22.3418
37.473
21.6234
37.2156
30.6339
24.0125
31.6143
31.0595
33.0937
26.3823
35.6135
27.0487
29.5146
32.8722
21.4375
20.7766
35.7166
26.7543
26.106
37.7565
24.638
47.0425
23.5245
22.5053
36.4674
25.1076
47.814
28.0066
23.1867
23.8289
30.6517
29.8943
23.8387
21.7193
34.0077
22.5493
41.4281
22.1388
35.2864
33.8405
27.0192
37.6406
25.7022
40.0173
25.7431
28.6428
20.4381
28.3152
24.3366
24.7018
44.8627
22.3137
39.3222
39.1729
40.4387
24.0422
32.9561
27.8499
20.6051
41.4547
35.1859
24.3092
25.7469
21.7311
34.5339
27.8413
27.7593
31.5345
21.1794
29.7145
34.9411
22.1919
28.9512
38.09
46.76
40.708
22.7656
28.4053
43.052
23.5903
29.3859
38.2009
24.7
34.5662
39.7649
38.0182
24.6147
35.9003
22.0622
41.0951
27.7487
27.6862
30.6567
25.8789
27.7674
33.4655
25.5965
49.8289
33.1998
28.837
40.1165
21.9705
28.5009
24.7187
38.8967
29.0067
50.2916
25.8968
25.9426
34.4903
29.3352
42.0283
43.4355
36.746
27.5615
34.8762
32.5073
38.9747
50.4954
39.8664
24.7976
21.4448
34.9274
37.1457
40.0179
33.1383
26.3194
38.3767
24.8009
47.1427
25.3646
26.6433
22.3805
28.3506
32.3498
27.2802
25.3557
35.82
28.257
23.6007
22.9038
33.5392
49.3004
23.8866
24.9937
41.5621
31.6569
39.8543
33.9895
29.7338
28.6071
36.3191
28.1357
30.5251
35.1081
29.1101
43.4389
28.2195
25.6602
31.3737
28.9647
23.0937
25.8875
28.9193
27.9886
33.6298
46.0141
22.8115
38.0926
39.9546
25.1892
35.5632
34.0666
28.7772
24.6308
31.826
29.703
33.0019
28.1147
40.2808
27.9277
21.0306
34.7826
39.2349
23.0893
34.7496
22.141
23.8579
36.8743
31.239
23.1632
28.5429
29.9447
29.2899
34.7764
37.029
47.1351
26.2524
24.5307
30.7958
27.0036
36.6867
27.4573
34.9422
28.5698
27.1461
25.5589
24.8713
38.452
33.1337
39.6956
38.4757
23.3526
31.7062
26.6251
32.9234
21.7845
23.0859
30.5717
32.1333
35.0322
26.8378
27.9882
27.403
40.7369
28.1041
44.9667
25.2468
27.1334
30.9592
40.8487
41.8855
25.618
24.2527
39.6849
40.2193
27.1608
42.4246
35.5611
37.7043
30.0691
25.7488
30.1546
28.3814
30.3328
26.107
31.3366
31.6979
25.5623
23.7998
27.7382
41.9994
32.5983
27.8829
23.657
23.0229
40.3706
24.6506
23.0944
25.9039
32.6141
18.6269
29.9267
21.8659
23.4039
32.8483
28.615
40.7709
20.712
19.8202
33.6268
31.024
44.0637
39.7439
20.4635
31.7597
31.1343
39.6124
23.382
24.8524
23.9413
24.0183
40.5117
34.4336
31.5608
40.5589
31.0737
31.7016
27.178
27.413
32.5997
33.6091
23.0052
31.0585
25.4602
30.4049
23.4688
25.7108
24.9089
19.9837
29.8676
30.0361
27.8351
25.4977
28.2097
25.9568
38.0159
29.5941
22.1257
31.5431
22.7214
26.1681
25.412
46.4192
27.1616
39.8951
26.7752
29.5431
33.9424
33.9328
20.5281
31.4034
33.7003
41.7771
53.5153
27.0135
22.2823
35.2533
24.2822
36.2732
24.2213
21.4368
44.4569
22.9769
25.453
25.8606
32.0357
29.9009
22.2539
27.3356
38.6689
30.0705
26.7986
24.9949
23.4187
33.0636
38.3885
22.939
35.8033
23.609
28.7172
33.0314
36.8324
33.5914
26.7302
32.2761
27.9777
31.9512
38.5171
24.9833
28.7851
23.9672
39.0797
25.4875
27.363
23.6146
20.5022
28.2769
32.5815
36.1149
36.056
29.3814
48.344
22.8676
25.885
29.6016
25.1628
36.5215
29.5645
35.5796
34.5016
28.0733
28.6692
21.4415
29.3496
39.8324
24.3377
31.6134
39.2784
22.2504
25.2514
28.4322
37.2413
31.2401
27.5822
36.6261
29.6939
29.4773
23.6485
28.9006
39.9989
27.2306
37.8805
41.8116
39.1997
31.353
38.054
39.75
29.8061
37.648
30.1406
31.873
42.0355
24.1493
25.964
34.1175
26.4692
26.3535
26.6339
28.7583
26.8025
26.219
25.8844
20.765
28.6708
32.2443
21.9361
30.0807
24.5738
30.2291
21.2217
26.6727
24.3457
25.9659
29.7641
22.5902
30.8098
20.0651
40.3255
23.3351
24.4765
31.7465
31.3573
35.2746
29.7334
25.3238
22.4268
25.0788
27.2727
36.1137
27.3114
28.3268
30.047
27.9296
37.6901
41.5717
29.7883
27.8035
34.5095
32.8996
39.8939
49.4023
32.7038
33.0175
33.0254
27.6127
31.4244
30.9825
31.271
30.7401
39.7803
35.7999
40.4329
26.7437
46.8194
32.6897
39.21
35.6356
31.4453
29.6039
30.2179
39.7362
29.9735
29.7294
45.7521
30.0984
33.7515
27.8294
32.7104
33.4115
27.8469
28.6949
26.0411
33.9922
26.2629
25.3953
35.3029
23.8135
26.3997
27.7848
38.7627
39.585
29.4389
30.5356
25.165
38.7237
26.935
37.4243
20.6791
33.5736
37.8769
28.233
22.4067
25.5989
24.9725
28.7837
26.1789
30.2837
38.2658
47.1294
28.4275
33.6581
31.8553
26.816
33.8606
33.2024
41.1395
27.8122
26.983
40.0168
43.9654
36.0537
33.5116
35.9168
30.6675
30.9319
41.7727
44.1398
35.1736
37.1127
38.0284
37.8076
37.5819
40.9792
33.7502
45.757
62.0001
32.7547
46.1421
31.5571
46.5064
35.9957
44.4829
39.0226
40.7684
44.0169
52.0271
33.3489
42.0115
38.1566
37.3032
42.3472
32.8098
55.3273
33.4014
36.7133
40.306
33.5798
48.9856
33.5017
35.99
39.1614
43.5179
47.0961
42.3461
38.269
48.2287
35.9793
52.3018
35.2468
38.5804
40.0262
40.1465
58.269
40.08
39.2292
39.8427
60.8689
40.4665
60.0356
41.8123
43.7244
73.2467
43.141
48.0282
41.9047
40.8015
53.6015
41.1797
41.3655
39.964
44.563
41.9422
48.9645
40.691
45.7763
42.289
79.7255
44.4112
41.9033
41.0736
47.1641
42.6846
43.3452
44.2156
46.6048
42.6206
45.6689
54.2984
41.3863
40.5249
42.2393
41.5402
51.369
40.0324
40.045
46.2256
58.2187
39.5449
40.5935
49.9445
38.6996
39.1184
43.1559
39.6125
39.9391
40.4955
40.9719
40.1893
57.7273
41.8689
37.472
38.7318
38.5549
57.6501
34.9916
44.2351
36.2359
41.6435
49.8119
35.1398
38.5802
34.2306
46.1579
30.9068
32.1605
33.5298
32.4212
46.2504
38.0695
32.7593
38.9373
47.9372
37.7869
39.3885
38.9687
37.615
41.2058
37.335
51.9744
52.7827
37.3853
48.2899
36.6508
43.0165
38.6676
53.6644
50.4347
39.0397
36.3814
51.1267
37.3187
38.7
60.4006
37.807
37.7636
38.9612
42.5249
44.8747
39.722
39.545
53.0339
56.3005
59.3872
39.2029
37.9573
37.7266
60.5085
35.6118
61.5266
37.4936
36.6834
40.3772
37.9047
39.7671
44.5893
38.7869
40.6478
37.1608
41.4104
39.683
65.1048
37.8813
61.3796
38.1742
36.964
37.0261
41.6882
40.4451
38.7096
39.9233
43.2266
45.3637
61.621
36.4518
40.6643
36.2647
52.471
56.9296
46.552
61.9714
35.4512
37.3783
53.6391
38.396
37.0807
36.7684
45.9681
50.6397
37.1914
39.926
35.4867
39.8922
64.3357
50.5589
35.7262
35.6169
37.4817
49.1965
35.2367
34.1822
41.3069
39.0328
49.5237
38.1393
37.5413
37.9586
40.1116
38.2536
51.4414
33.8351
39.4587
38.3642
55.7273
34.7283
40.4043
37.5264
38.2304
36.4983
39.1011
53.983
36.9776
39.1986
44.9121
39.3962
38.562
38.3566
39.4995
52.4922
36.7887
49.2099
35.2369
35.6889
43.8809
35.0911
43.2574
43.5284
39.0287
40.1089
38.5665
42.2021
54.4378
38.5239
45.0207
36.8898
56.5257
39.3575
36.7191
42.0103
44.407
39.5598
43.6782
39.8814
49.7177
36.4774
41.3689
53.5081
41.0269
45.9159
38.1874
45.375
44.0992
39.3203
52.3162
52.3376
35.9594
36.4246
37.5303
41.648
44.9695
35.498
35.0148
45.6842
34.8767
41.7599
46.8915
37.209
57.2341
38.2573
36.4851
39.9733
58.0361
38.6354
35.8671
44.0679
66.6316
52.118
35.8988
36.0499
36.9457
50.3518
35.38
43.7369
34.6962
37.7899
38.7115
38.4554
36.5894
33.2046
36.7319
33.929
55.8661
36.9604
34.1385
36.9748
58.5461
39.5818
49.7103
35.3322
36.3985
37.5887
38.2812
35.0815
45.2754
40.3786
51.9966
33.6846
37.9862
37.6361
38.439
46.0102
48.2895
34.1815
36.2807
36.3905
53.7497
33.2713
36.825
37.5861
35.1153
46.8413
60.9033
44.1746
39.8982
33.3502
35.5732
50.2501
45.23
35.567
38.4724
35.5432
38.0556
67.0608
35.9198
34.8351
38.6129
38.6971
43.5003
36.9818
53.4414
45.7526
36.7577
40.7265
39.272
40.5503
52.2757
36.0402
56.876
46.1486
37.4806
50.8887
46.3937
34.7409
63.6358
33.8269
47.4174
33.3569
35.217
43.1041
36.1577
43.9505
48.0415
31.3237
37.9785
37.5494
39.6123
35.7889
53.5069
39.9248
35.7731
61.6808
52.8547
34.0285
36.092
39.8795
42.2037
36.4805
40.1485
46.6948
55.5332
33.7982
43.0608
33.3302
44.1735
34.1231
39.4545
44.7442
52.4257
34.7117
47.5175
34.7481
41.0519
39.7322
34.7756
40.1707
35.7424
33.5345
40.1985
35.6058
33.7339
53.6557
31.6578
32.2138
59.9163
43.451
32.1849
56.2527
30.1899
44.438
35.099
40.3161
33.055
38.5942
42.0377
35.8138
51.8193
42.1592
48.2542
33.7291
39.625
52.1918
37.4742
39.0072
36.9653
35.8415
35.9802
39.6273
35.9532
36.0425
34.7333
34.0679
51.664
32.7313
55.5216
34.3261
36.9357
37.8294
55.5489
35.1809
50.3216
35.4585
40.7185
32.8582
37.9855
37.9356
34.7281
36.7067
51.2627
34.3009
37.2069
36.4179
41.5506
35.5782
43.7329
47.8085
32.711
36.7576
34.9201
38.0069
34.9105
58.7551
31.9112
31.8737
34.6596
35.9241
37.1554
33.2271
46.5095
40.6809
32.0725
39.5241
49.7069
31.6901
48.1946
31.4792
50.2596
34.9964
34.7844
32.4475
36.804
41.4531
33.0718
34.8556
34.8635
32.1034
36.3372
53.4878
36.1325
30.928
37.2389
36.2312
49.1659
44.0703
41.9557
34.2453
36.3822
41.1388
34.1012
39.3081
31.7479
36.4195
35.1186
35.8319
32.3127
42.932
32.2666
35.3841
56.6618
41.9052
31.0798
53.843
34.6053
51.9479
43.0084
33.1879
36.0604
35.9853
48.1534
32.9795
43.3597
37.7559
33.5813
36.6128
31.3873
35.2173
50.8702
35.8144
35.543
51.0553
31.4583
36.2535
33.3385
41.6458
40.9871
42.8156
34.5957
40.4839
35.8738
35.5459
52.1847
31.6734
49.7041
33.1692
42.0753
34.5058
38.8912
35.1895
51.6228
42.4957
38.7441
37.4098
32.8734
42.849
33.0763
37.1905
37.291
40.7066
38.5149
43.9644
37.5872
38.4602
38.0284
34.5435
50.5326
35.5626
35.8339
50.2975
50.9855
34.5793
36.6726
60.7672
34.6125
34.2155
58.0988
52.9322
39.381
34.7541
34.8799
65.6864
35.1291
50.1263
35.7553
63.3944
34.8681
45.4348
59.1171
37.9667
35.3674
34.4935
54.0281
36.0135
37.5027
37.2849
41.1129
33.641
41.3675
37.8572
49.4765
55.6544
33.4838
46.8137
32.3392
39.6882
53.4984
35.3042
54.8116
58.3793
39.2943
41.384
33.2315
36.6408
54.9232
33.3109
36.5898
43.9044
37.9358
45.5584
38.4074
37.137
37.522
49.0408
33.4885
38.7294
36.5615
42.0135
45.845
36.1971
51.6847
46.5701
55.841
39.3867
33.893
44.965
37.3548
36.5329
36.2481
35.452
35.6999
36.7831
35.248
49.5272
34.1313
41.9095
32.4681
34.7732
33.6574
41.1745
44.8911
32.2105
48.665
31.3676
41.7527
38.1256
40.7954
33.7472
38.2083
33.7151
38.7182
35.4155
70.6354
30.2487
36.1148
29.6623
34.8616
32.6576
33.4275
40.906
34.5043
29.9574
31.7279
39.4699
30.418
36.6939
38.9843
31.299
36.2464
36.4666
32.2829
32.5413
35.391
36.9413
58.4958
28.7683
33.552
30.9624
35.531
38.2309
44.4498
29.7682
36.4706
31.5399
43.018
30.7088
38.903
34.5226
35.2961
34.2543
37.133
34.3237
31.2602
38.308
40.7725
32.6787
36.9233
48.6597
38.3175
53.016
30.2898
41.975
30.8676
38.8714
33.7217
36.638
33.8701
32.5729
44.7543
31.8216
43.8277
33.4086
45.7594
37.363
32.1144
34.7882
51.9234
29.8287
41.6452
32.6233
48.5129
30.5033
44.1867
32.851
36.1447
36.5387
31.1143
37.2008
53.2692
30.1832
35.7722
33.917
35.0691
32.3948
37.1596
34.3863
31.3515
35.7221
30.5881
40.484
40.592
44.4748
33.8599
36.6344
36.4625
33.4819
34.1733
37.1624
48.4835
31.7743
32.6642
42.0949
33.6129
40.2979
39.0277
37.4337
35.0887
34.2353
33.0127
43.6694
36.0167
33.0278
32.6832
32.905
36.1979
32.3165
39.419
35.5792
38.8072
29.96
33.4678
60.1822
31.7618
32.8148
32.43
31.5815
37.8734
33.7277
37.0516
39.428
54.1235
30.5985
30.2291
33.3843
37.8279
38.4262
33.049
33.917
32.4536
34.0761
34.5957
32.0919
51.5038
33.3148
32.3779
34.5996
35.8401
35.9214
35.1389
30.491
47.9521
29.4792
55.3439
45.6299
28.8707
29.5526
34.5326
32.7545
35.6159
35.0451
49.6653
28.8897
30.1766
30.3152
37.6183
32.647
32.4156
37.5072
44.7923
28.7166
34.6977
30.3943
31.4374
31.2117
41.5792
41.7884
33.1345
29.4344
33.3872
31.2326
35.1667
39.1699
26.7369
24.7641
43.159
26.5735
50.403
33.371
36.5516
34.5666
26.864
28.3485
43.6751
26.6475
31.3006
30.7657
25.8128
29.8369
32.9549
30.9773
29.6894
26.7523
25.6871
33.9432
31.9958
38.8902
39.6023
29.4504
33.9889
43.8472
30.9885
38.5601
43.6409
27.7957
41.8685
29.8046
28.158
35.3371
32.8706
39.8624
27.4041
26.5651
36.1128
25.8465
38.581
42.8494
45.9118
51.3806
33.0873
38.2362
27.6778
48.8656
27.9877
42.5498
37.1634
27.2206
27.6224
30.4927
26.9352
37.1365
31.1185
40.1522
26.5029
42.0575
46.4573
47.0335
28.1666
26.7111
33.1642
38.1026
27.6815
29.1745
52.3154
27.5159
39.6573
33.3965
50.5255
31.1144
42.7997
40.7958
31.0149
36.9948
26.865
35.8232
56.5598
28.2359
34.1723
27.0669
48.4986
34.3372
42.5696
27.44
29.9706
36.9805
31.7251
43.8374
50.5001
29.1986
34.1646
31.6559
28.9583
34.0046
35.0461
29.9218
36.2938
54.7779
33.2754
30.3963
48.4323
31.7368
36.1446
41.6883
29.4488
33.8199
42.0155
47.8376
29.3547
34.4009
33.6603
32.6387
32.996
33.3572
34.0463
37.4193
42.7354
29.1927
33.2723
31.7533
36.4263
29.3642
43.3344
43.1696
42.637
30.1412
34.0496
47.3536
45.1798
33.2517
46.7072
35.6622
36.2202
32.1653
33.8658
34.6094
32.124
37.9492
29.2266
32.519
31.5721
32.713
46.8556
29.2237
51.8507
27.4139
42.9435
47.1942
36.9001
35.7966
30.1825
31.8274
40.422
31.1412
32.9077
34.2025
45.5375
28.2613
34.6431
33.6501
34.6559
53.1573
27.804
33.5571
33.0778
38.7496
61.0673
35.7643
38.0958
31.755
35.8708
44.3581
44.0837
37.0195
35.2872
31.3115
42.6518
30.7078
30.769
50.3784
42.6102
30.2762
46.6141
45.7425
35.3317
40.8254
39.2102
31.2027
36.0209
46.2227
29.4672
36.8594
39.5379
32.315
38.5395
30.9409
47.6299
33.7004
32.89
54.1504
30.1918
31.2407
32.8732
34.1437
28.8853
33.283
34.086
33.2546
34.1112
33.5496
33.4486
35.5961
27.8144
28.2954
39.4295
46.8223
42.3901
27.805
40.9378
29.4664
36.8285
30.3907
30.4094
32.7045
36.4861
31.0836
32.9383
32.5151
39.8692
43.979
29.8221
36.8425
48.5092
27.5546
27.2071
31.5491
44.3078
40.6549
50.0958
27.3482
50.3525
27.5217
51.7005
27.2625
45.5409
28.5622
32.3613
36.9519
31.4627
56.2894
35.1513
48.4842
28.7555
39.9587
32.0297
34.9273
40.8429
33.69
34.3135
46.9365
41.5429
29.3801
35.1234
39.9819
30.389
32.3424
29.3552
36.3212
27.9853
34.2078
31.5885
27.265
37.5102
37.3537
39.9194
31.3687
33.6785
33.8739
26.7548
33.0066
31.8393
32.5714
41.1537
25.6672
34.7207
26.2853
36.5004
43.1783
29.2597
27.9424
32.172
33.6384
32.2602
40.5089
44.7986
42.0819
60.7956
33.1165
28.87
29.1864
36.1482
33.7076
33.6975
34.4169
39.462
32.8916
32.6212
33.8263
36.2162
32.5541
36.061
34.9633
32.4363
36.9284
33.81
43.0828
48.2294
30.9707
32.9934
36.3297
40.9634
36.967
30.2677
45.6608
36.2872
36.3696
50.6863
36.209
40.9295
34.8577
51.4171
48.9908
45.0355
32.8136
36.444
45.92
40.5526
32.8331
45.5782
36.0381
36.1857
35.7295
49.1946
40.8823
36.6524
34.9748
40.894
33.1627
33.9857
37.8494
32.3843
33.0063
46.2113
36.0791
38.9741
40.1501
33.8884
49.909
32.1496
36.4449
36.3454
37.2754
36.4509
36.7398
46.0833
50.3639
45.6824
33.4179
36.3506
50.1895
33.848
39.5105
36.8235
35.6207
41.2709
34.8456
38.3009
38.6181
41.1154
39.5905
35.6861
40.9682
48.3019
33.2696
33.1482
37.5709
42.3452
32.5711
71.8497
37.4592
32.7188
33.9374
34.2297
36.6793
36.511
45.9448
31.9595
37.4365
34.5409
33.0125
33.6542
34.4164
34.6925
37.534
40.3392
54.4868
34.3571
33.0615
34.397
38.3524
35.7737
48.8413
38.0916
39.8411
43.4476
40.1572
41.7239
32.8844
49.2018
31.6561
40.6451
38.4971
53.2541
33.3172
32.7466
56.2432
33.9428
49.9941
32.2591
40.6614
35.5535
33.8197
49.3871
40.0262
49.6638
40.8573
49.3578
36.3145
43.3366
34.2538
54.5492
33.5756
35.6911
39.7532
32.4998
35.2995
45.8043
36.3748
42.4413
33.5298
36.7448
34.1413
35.8504
34.0478
31.9714
36.913
31.949
32.494
33.7228
30.1209
43.045
39.8276
47.6828
29.679
44.5991
30.3151
31.555
40.6592
48.3846
37.9928
37.7125
41.8029
33.6016
46.1764
57.9244
32.226
33.1436
37.0389
62.5572
32.8166
32.6122
33.5358
44.0122
31.1972
45.756
32.52
55.3279
58.1322
30.1339
32.8418
33.2469
35.8703
45.659
30.1629
39.3445
34.8831
55.8884
39.1629
30.0901
32.4509
29.0425
47.4849
28.3219
29.0557
30.9589
34.4942
38.6967
32.146
31.3349
38.4555
37.4221
41.9973
32.7273
33.6461
45.0903
45.0165
47.7705
33.6358
43.9862
32.2205
37.1002
36.4093
34.9047
29.2394
48.1736
32.9761
42.5332
29.803
46.4595
30.3344
38.088
45.9014
29.8972
44.3851
31.0887
33.2274
36.1374
33.1662
35.8869
37.0756
33.9316
33.5673
32.9549
31.3123
38.573
38.3786
49.5419
39.825
53.2608
52.6168
32.8749
33.1733
40.0929
50.082
31.605
34.7209
32.1042
34.992
50.7168
31.7354
53.5445
35.2465
39.6308
37.3388
35.2429
37.3824
37.9745
35.3737
34.6159
38.0175
66.1174
40.6475
33.0948
34.7175
37.211
36.2493
34.2186
37.5692
52.9858
38.5588
36.4298
41.938
46.1618
33.2509
38.7559
47.3512
46.9801
40.365
37.6786
35.0453
35.689
37.096
41.0482
43.3075
49.6776
42.5037
41.8767
36.3185
39.5165
37.586
40.4664
40.9268
35.1002
51.5962
39.8203
48.1594
32.7473
35.7632
36.1938
36.1161
52.3057
35.9291
35.8742
35.2776
48.2482
37.4937
36.6441
42.4471
34.9947
38.1156
32.3664
32.6349
38.8827
34.8831
38.1947
42.4365
36.5362
33.4855
38.5125
38.452
33.7745
47.7668
32.2402
33.7332
35.1699
39.1695
35.552
53.7237
32.9555
54.2674
31.361
53.6345
47.7939
41.2284
31.7365
37.782
43.9355
38.5758
34.276
37.5167
60.6337
42.5293
43.8597
32.6768
58.409
40.3601
46.4988
32.3662
38.8759
47.7196
31.6386
32.5397
52.0268
38.4838
57.7362
40.762
31.8824
40.4727
39.339
35.9461
47.9321
49.2628
34.606
39.0333
36.5987
34.9018
33.9818
31.1913
36.9758
42.8389
37.2739
42.5142
36.4714
37.5556
33.0499
39.786
49.9652
32.0285
35.767
36.4045
38.2176
34.3809
35.0578
40.4838
35.6071
33.804
50.9329
32.4383
47.7865
32.3931
56.8991
34.3153
50.1675
33.2617
56.435
32.8832
53.3539
33.4745
45.6718
33.4441
42.7064
36.1962
39.5003
37.5925
49.2438
34.3599
38.4791
56.966
34.1685
34.5623
35.7904
62.7313
34.0314
37.4949
35.5752
35.1116
38.9085
33.5672
34.5267
38.0998
49.6557
32.7876
37.7676
39.7982
39.2274
35.6167
40.9803
36.2078
54.9111
46.5024
35.2763
44.1224
34.4537
37.9715
39.9387
33.3414
41.1962
36.7746
39.5006
40.5898
35.4529
47.9284
50.3683
35.1426
43.4434
35.6481
36.8403
37.8974
47.2534
42.7878
36.7314
41.8207
50.4779
38.5464
37.524
37.4132
40.4059
37.8634
36.6667
38.3414
47.2885
39.297
34.828
36.5417
50.593
32.2708
32.9691
45.4734
32.2885
33.25
47.3028
31.5307
39.5911
43.4154
45.4671
32.2463
50.9174
40.1782
41.1523
35.0694
38.5243
46.9879
31.5534
36.5766
35.6245
35.8135
35.2602
36.1689
44.3866
31.8599
36.8912
34.8727
39.6796
49.6743
31.9408
36.6193
46.4339
30.8649
37.6195
39.3894
32.7399
39.7864
34.1411
38.2252
36.1676
31.747
41.5066
29.3076
40.3412
31.6813
37.3394
35.1587
36.2394
36.6311
34.9269
32.7419
32.9614
45.7543
32.004
47.8734
40.6415
32.4355
38.2094
32.4422
48.2089
33.2985
54.4237
41.3553
29.7746
65.5435
50.3318
29.6922
59.4321
32.4516
30.299
34.0601
31.616
34.7215
34.7547
48.826
48.3893
51.268
47.4137
49.0146
32.7335
41.8283
34.1257
36.6153
35.5957
38.3461
34.9228
38.2056
34.8023
46.1119
33.1643
31.6758
38.1209
49.6739
31.433
50.0305
32.3422
42.6812
31.6408
45.5458
32.74
51.43
45.6754
31.8038
35.1369
32.965
49.981
32.0494
44.5447
31.9819
38.4147
34.7988
33.0497
32.4512
38.0867
34.5894
34.4212
37.9047
44.2069
37.1437
48.705
32.2181
36.262
35.5335
35.1095
32.374
33.719
45.2553
49.5456
30.8913
31.621
32.0001
34.5795
31.4118
37.2793
32.9701
44.884
27.5856
33.0355
35.4499
44.4132
31.7218
28.9004
34.2963
28.4647
44.9963
30.9204
34.7307
43.8907
37.6179
35.6043
40.8398
47.229
40.8798
31.1258
38.2917
44.7403
37.9984
35.7511
46.1236
50.0431
30.9149
45.8302
29.1166
47.1471
30.3846
46.5321
30.8099
36.0296
32.1801
41.0995
39.8359
32.4366
39.496
42.5468
48.3112
29.107
38.623
35.8312
38.6282
34.6301
32.9819
58.5651
28.473
43.5137
40.0734
37.3936
30.6359
50.6617
32.799
31.4223
34.7362
31.6333
36.9863
39.1199
33.1554
37.2476
35.654
43.7178
42.1154
47.2943
29.8179
36.9542
35.5153
36.8362
31.6624
36.0764
36.3093
60.2798
44.9664
53.0201
30.4751
42.9047
29.7833
62.5453
45.3305
31.2735
30.6129
44.7947
30.3668
47.1665
37.1834
30.0137
35.8673
35.1715
36.9784
32.2259
33.2845
36.9781
32.3819
35.7074
50.2802
29.6253
29.5429
44.7586
29.5137
46.3364
30.0568
55.4127
30.1118
51.779
29.8454
31.8451
29.7857
35.9286
31.7453
40.5291
32.5111
40.2344
34.2179
34.4047
44.5585
45.7742
34.7772
35.6552
37.0082
34.3484
30.5843
65.7785
38.0506
30.0319
36.0257
36.6904
30.3389
31.0828
34.305
37.8966
44.2113
30.2423
42.0899
32.9198
35.2975
38.457
48.6696
30.1075
36.0943
41.0394
36.62
35.6869
29.9048
49.0773
39.5115
33.1192
34.8142
36.0265
36.771
40.7751
31.8824
32.8238
36.1086
35.6267
34.2719
34.4988
30.8417
33.188
34.4715
30.3693
29.9026
39.3219
47.1235
30.0106
34.7159
53.1535
30.8039
47.3864
32.8613
35.5706
35.0885
48.859
33.9485
33.2852
35.8722
32.0541
36.1578
39.2109
50.8587
42.9012
29.8262
32.3767
37.1422
47.8985
30.0253
37.3971
33.9953
36.9226
31.3174
37.6607
31.7757
35.7854
30.3915
37.4325
31.9193
36.5815
37.2234
38.7515
43.7296
39.5214
30.709
31.8791
32.1248
42.8705
50.869
32.9125
34.3292
38.7223
30.9785
31.1632
33.1723
55.1353
38.9009
28.8089
37.5794
48.6257
31.3708
29.0006
31.8869
39.5896
29.2892
39.2389
44.4159
47.3038
30.9514
35.8611
31.0972
48.8583
30.1808
52.2748
34.0799
33.5257
33.9166
37.2113
37.2932
37.2615
48.0874
30.112
37.441
60.4038
36.8915
31.4677
47.742
31.7442
36.6557
40.7526
48.9197
33.4272
30.6993
37.7267
33.054
43.7758
33.9771
47.1372
39.0768
34.574
39.7752
56.8835
33.533
45.1051
59.0961
35.7962
31.9387
37.5944
35.1674
36.1384
35.2493
34.8315
41.1134
42.578
33.0502
60.9882
50.1388
31.4391
32.8233
34.3507
32.5632
44.4289
40.8089
47.3435
32.1695
39.6449
61.8733
35.9615
31.9092
52.516
32.0437
37.0359
37.1808
35.8506
32.6287
36.0235
49.8754
38.9709
32.3748
32.2191
37.6125
51.1843
53.0943
31.5291
33.8522
32.0493
39.3443
41.996
46.8783
30.9455
44.0178
37.2946
34.7803
54.7424
37.7734
32.0094
37.2993
45.8283
40.4976
30.895
37.9549
34.7211
32.2631
35.2994
34.5691
50.2032
29.9389
30.0029
33.5939
36.5298
32.6782
53.9505
50.7565
31.0306
34.0937
47.6996
29.7344
56.8958
29.6279
31.8701
29.8285
46.5457
31.158
35.4855
33.4321
34.33
33.9955
44.0677
38.642
42.2962
26.0774
36.1439
29.2867
43.3263
35.7764
30.4082
26.4034
31.285
30.326
43.1247
29.3898
33.2374
31.6617
36.3034
30.287
33.18
36.501
54.5333
23.7855
34.7961
29.1298
31.1398
34.4045
26.0073
53.331
29.4262
51.5583
31.9398
39.2294
27.8965
30.5396
29.0357
27.5392
23.7918
38.6747
29.4305
40.9865
23.7322
26.9468
42.0557
29.1463
31.9813
31.7739
51.593
27.0691
25.2072
31.565
28.4389
34.4053
29.2768
25.4285
36.3621
24.9689
44.8551
36.5712
27.7092
48.3809
42.1322
39.3212
46.6202
28.9946
33.4967
43.9525
59.5138
28.2097
37.4034
33.3583
39.3991
36.9535
26.4607
58.0895
30.4505
30.2312
30.7642
31.8823
32.8503
45.686
27.8667
39.0775
28.0513
36.4689
44.8259
26.5684
42.7791
28.2819
33.5916
38.7582
27.3828
38.4744
41.8295
41.3666
31.3865
31.9658
39.3921
33.3422
32.3348
31.6915
32.5767
26.3169
48.9319
26.5169
48.059
28.2042
29.8703
48.8103
27.3578
29.8331
33.5258
41.2087
28.7551
31.6606
35.2532
32.5844
36.1995
29.9796
52.538
26.0137
42.5358
27.9079
32.8339
31.935
32.2645
28.039
43.5291
37.5088
42.2474
48.4514
27.0351
42.2107
25.015
29.63
32.5904
30.1507
44.0101
27.8821
33.6921
42.3185
39.8165
55.9809
25.7291
35.7947
47.2905
28.2774
33.0823
32.3364
46.0441
37.9048
49.9854
27.628
30.8159
32.9835
31.9116
26.8052
30.1826
49.467
28.1836
33.2804
41.9024
38.4396
35.5446
27.687
25.8137
27.9005
37.5802
27.7593
30.008
26.6471
33.4494
28.1237
41.4902
28.5005
31.253
33.38
42.425
27.2401
42.1048
38.3147
44.8045
25.5135
31.814
40.858
56.6892
45.0602
26.0334
25.4391
35.0352
31.3055
31.9977
40.7149
29.2392
33.6433
28.9314
36.4907
30.7185
33.2792
34.5002
33.2047
33.7268
34.0169
32.5947
32.5598
31.5575
34.0886
26.6113
34.6671
34.7365
27.1754
33.3625
27.1972
44.1684
36.6325
29.4663
48.5114
27.1245
32.3443
35.5451
28.4558
40.0224
26.0014
29.2303
26.8702
55.5032
34.1382
43.1558
29.0892
36.3541
34.6054
45.4005
48.1446
30.0499
33.8841
32.5797
46.2967
33.0677
27.3504
33.7407
46.018
26.3224
43.4419
34.7106
32.3899
49.4698
30.28
45.1572
45.5435
45.4065
38.6463
32.8564
43.0967
51.8465
37.0611
55.9491
32.2241
34.5009
59.3242
34.5679
41.4002
36.5245
48.9113
47.2102
39.0437
41.1813
54.823
53.2315
39.1157
39.7624
41.8485
49.9126
39.3424
44.6524
46.7061
41.0536
51.1723
38.8266
39.107
41.9123
42.1279
52.4236
47.9223
64.0965
55.8612
41.1494
41.0608
47.9004
40.6512
46.1911
41.1861
40.0587
63.1059
41.4648
42.9056
55.8626
40.5603
40.0473
42.321
39.3508
41.2413
40.8975
42.0433
49.0988
40.4006
58.8018
42.5022
44.9702
42.3106
45.224
42.0642
55.8778
42.4933
41.602
53.5563
41.2489
66.9794
42.2341
58.4703
59.1512
40.7673
41.1089
41.4569
41.6844
41.5764
43.7714
41.1553
51.2603
41.4347
41.4854
41.7753
73.5846
45.4353
68.8063
44.0393
58.0178
64.7233
43.5803
44.561
43.4376
42.6708
41.6549
47.099
41.7756
41.4903
46.699
41.6849
42.4611
43.7363
42.3544
42.7487
46.2171
47.0381
44.8764
44.0744
44.3549
44.4652
43.6709
43.3239
42.0985
42.9416
43.7373
46.2064
61.7584
42.8056
46.4893
42.2369
42.6405
41.7066
41.6135
50.9836
42.0808
42.0847
57.5101
43.206
46.7635
42.0847
43.4503
45.7711
42.8214
44.8322
63.0768
46.0925
43.9365
42.536
42.7043
42.3505
45.1906
41.4132
60.8088
52.4065
43.6123
42.5243
43.042
54.0455
54.0534
60.6132
45.2092
43.2121
44.0421
43.5442
43.8844
50.182
48.0136
68.3143
59.8107
43.7582
43.3092
42.5172
42.3574
42.898
53.5522
42.3836
42.4785
42.8628
42.8401
42.6238
59.162
40.7922
40.8526
42.3349
43.1763
41.2821
42.377
46.5097
51.117
48.8402
45.225
44.121
43.8024
47.5994
43.0026
56.2192
67.715
62.0577
66.98
47.5526
46.0564
53.2556
45.4379
47.0036
44.0155
43.6035
43.1164
42.0415
43.4048
41.3709
41.2949
41.758
66.8423
42.4425
43.5019
41.7233
41.7174
56.1755
38.8307
42.1714
40.2996
40.7787
43.2612
51.7223
41.8981
44.2577
73.7955
40.1216
40.4113
44.1176
40.941
43.1164
39.9811
50.5767
42.2423
85.9014
63.611
49.0939
41.3
41.4026
61.4913
40.4256
56.4926
39.6115
51.7131
46.7449
40.6159
38.4663
38.7167
41.0514
38.0018
41.5256
63.5605
41.8313
53.652
53.1685
62.761
39.4822
41.8947
41.5251
40.7393
41.2357
59.7951
41.8188
38.4527
53.2981
39.9917
39.5385
41.1146
38.9139
39.5984
41.7353
39.0207
39.3447
45.1942
38.8305
39.2408
40.0372
53.6961
37.4729
38.3479
45.2004
41.0588
50.296
46.2703
56.4132
38.0898
43.9964
53.3881
38.4615
62.8579
40.3351
40.3098
40.2947
41.9759
40.209
46.2393
39.5076
58.0388
38.8305
45.6709
45.8638
43.5363
40.4164
57.276
41.7456
60.3724
48.7482
37.4636
71.6315
35.5557
48.3181
49.0179
37.6404
41.9119
50.4821
40.3749
41.9888
42.4699
41.7029
41.439
62.4269
62.5236
42.1732
42.1904
50.6794
43.8673
56.2712
49.4182
45.8989
44.3648
44.7305
44.9677
44.1449
43.268
50.9692
44.4522
44.0407
58.3856
44.7007
43.385
52.2529
56.998
42.9714
43.382
43.694
54.3487
42.9617
43.9721
45.8758
45.8615
56.8868
43.0241
41.4041
42.3666
41.0183
43.5776
44.0086
42.5009
42.8112
45.2343
40.2419
42.1944
39.7966
40.8528
43.105
42.6889
52.4485
41.2405
39.6216
39.8588
42.4161
43.1516
42.1056
43.5935
43.687
42.6913
48.5027
41.0784
39.8389
45.2338
41.1507
40.9173
40.7309
50.934
40.9845
53.7178
41.1541
42.2995
50.6162
39.2233
50.5825
55.1122
39.6514
39.46
38.8149
52.5376
57.1284
40.0278
39.5149
39.1484
54.5639
37.8317
47.8639
38.233
51.8405
37.8103
48.8409
37.5015
56.769
38.2631
37.4622
53.0879
38.1086
45.5192
39.325
41.5469
39.1379
48.0144
38.7567
41.6802
43.6651
37.442
40.7833
40.5435
53.1341
58.5649
48.2074
37.0112
49.849
39.0351
38.4997
37.8342
38.0354
38.1285
58.8075
58.6213
40.1841
39.8869
38.422
42.794
38.7404
42.7122
42.5028
41.8091
52.1515
56.6436
54.2965
42.073
39.4104
39.9574
41.2177
42.3356
54.8986
39.6429
47.6215
64.0499
39.8835
39.2138
39.7592
40.935
51.1164
39.4328
41.7037
49.655
45.1608
40.4187
40.8795
40.2148
44.7841
41.8092
44.8062
41.2915
56.3839
73.7544
51.8993
45.671
40.7148
44.0141
42.7272
42.5889
40.559
41.8526
41.3991
42.1221
48.2313
43.4614
60.949
43.9079
64.806
40.7736
58.1191
39.569
66.2245
52.0304
41.6747
78.9407
39.3368
40.2586
40.5491
41.3469
40.3867
40.6057
40.6779
41.6348
41.3243
40.4613
40.4548
59.4229
39.6927
78.0061
40.8163
44.3898
41.431
40.9027
41.2924
40.7304
40.7433
39.9615
44.6257
41.479
47.3714
39.5174
43.7615
58.3425
44.0306
43.2349
51.0366
39.4059
42.6886
40.5277
39.5057
39.0646
42.6876
40.8127
43.1966
64.5719
45.7714
42.6801
45.2046
39.9129
39.8336
41.2358
42.0198
58.0073
40.8763
43.1449
43.6776
53.1616
38.0908
38.368
53.0256
40.8837
46.4055
53.3276
57.1542
38.8426
38.0032
54.3642
40.6287
39.5621
39.3116
42.3131
50.029
38.25
54.1073
43.2
38.1025
50.8079
38.6311
42.3385
45.1078
39.8302
43.4049
39.5974
43.0645
41.6191
41.2056
38.2127
42.1327
46.7061
39.803
47.3431
54.8758
61.3832
71.514
40.0934
57.3651
39.1986
45.9641
39.5295
49.9372
40.2761
41.8799
43.1349
41.6981
38.9389
36.9274
48.4777
45.9698
38.6287
38.4617
58.1439
39.7828
39.4856
43.3992
49.5698
51.1074
38.6464
37.8347
42.5453
39.1427
60.7629
39.9828
57.784
39.2509
39.7825
38.5135
49.8315
46.0942
37.7848
39.5856
41.1035
37.3433
45.2643
55.1173
66.683
44.8542
41.9093
40.519
43.0209
40.6627
39.0979
40.5496
44.7941
39.8689
60.5685
51.6484
40.1235
38.7809
39.1721
41.9473
55.297
38.8828
39.6936
53.5182
60.0437
40.8488
40.5313
39.8805
58.0334
40.4205
39.9154
40.3853
58.0312
40.3881
57.7261
39.5445
42.8717
41.7278
38.7131
46.8825
41.7015
50.7475
43.184
37.3299
38.4003
68.77
37.8736
36.2568
37.8434
39.3691
40.0756
53.9717
38.6125
40.6916
39.0392
39.5865
55.4746
48.2118
38.1175
48.471
38.4903
58.6235
39.0822
39.498
40.1052
41.5074
42.4373
51.179
39.9429
37.6398
38.8525
45.6227
37.1589
39.945
41.8715
58.9103
39.0209
73.1945
41.1167
40.7629
38.1931
39.01
37.4412
53.1867
39.0069
44.8957
41.9255
46.752
41.2332
40.1056
48.5519
40.0028
39.4773
60.0277
36.7116
36.7601
56.6489
52.534
38.9729
38.8313
51.1012
37.9156
50.9632
37.4588
36.8429
39.8738
52.3733
39.1055
42.337
38.6675
40.7585
42.0825
42.9682
62.3958
45.1249
38.2519
39.2752
47.0756
51.2363
43.4594
38.3764
42.9558
66.2634
40.5479
45.2119
38.041
38.8601
39.5653
40.8249
40.462
41.2
60.497
39.3962
54.3816
39.4299
52.085
38.9318
38.0396
58.5081
39.2886
40.832
42.1815
41.4087
44.3534
41.3796
55.9763
41.1326
39.8241
43.2682
48.8063
39.5797
41.4384
40.9264
40.7691
41.3949
42.1625
42.1172
54.2924
48.3792
38.2043
41.616
46.9187
38.6457
42.1377
56.9977
53.9541
38.1465
39.5001
40.2034
57.9428
51.1484
38.7088
52.3854
42.2468
45.5826
50.0226
40.2162
37.8571
41.1228
53.2694
39.0356
38.1737
41.8819
41.1644
43.0617
40.1156
62.2552
50.0086
40.8676
79.8878
56.3599
48.7593
72.8961
51.0477
40.4175
42.5197
40.0589
41.6526
40.2329
40.3573
73.8914
43.5333
42.4226
42.499
48.1858
39.8894
55.3853
39.0911
73.4768
39.187
57.1989
37.9641
38.3268
37.9929
38.4046
38.0995
37.6353
44.6807
37.8494
38.8104
38.5624
39.239
38.4895
37.8346
37.7561
38.5434
56.2613
45.8419
35.7392
37.0793
39.9581
40.7736
61.0074
37.887
44.6458
38.9908
59.8641
39.9787
63.0857
56.658
39.5602
37.7384
38.3842
39.583
38.7823
45.7223
55.4597
35.9259
51.2196
37.652
37.9819
54.1004
37.9138
38.1339
40.7339
42.2052
60.2708
39.2642
41.9026
36.4921
48.7594
37.5748
37.3078
55.0278
38.2631
45.6646
51.0685
42.2066
42.1926
38.849
54.7921
36.5308
46.853
60.5185
54.3245
46.8994
37.7344
37.927
58.5444
45.6053
38.1941
35.324
44.232
37.4336
56.9334
37.3934
56.9037
38.3252
51.0599
38.2922
42.4529
54.9322
39.1038
38.8535
60.3732
38.0116
57.2292
38.5012
40.909
39.4332
65.2099
75.3283
47.078
37.6304
61.6224
40.4863
35.8487
42.6584
37.0995
37.8123
38.0903
36.4041
37.4822
49.1104
45.3764
37.5087
42.5727
62.9971
47.961
37.1682
37.8404
37.7488
36.3832
52.593
48.1736
40.0704
43.3628
42.0535
40.9746
41.3938
42.7445
41.2303
42.0924
41.9078
60.4635
42.443
60.5328
54.584
40.9777
44.7752
64.8515
52.0725
57.5743
47.3814
39.1319
39.6913
60.0394
39.98
57.1217
40.0955
39.6173
39.5277
39.0083
39.5188
79.8288
42.6625
40.3453
41.3919
39.2542
39.2963
39.638
39.8405
50.0809
37.7176
58.6116
39.674
40.733
40.2578
54.7036
37.7437
65.7424
45.7856
36.2588
38.6226
40.1181
38.3787
48.3178
37.9035
59.0017
38.8884
56.3528
38.5345
38.0427
54.2808
41.928
39.3991
51.861
54.7504
37.1796
38.1507
50.2542
34.4725
38.0604
36.2561
54.0389
33.1253
36.3289
40.7029
35.3607
45.7765
34.9227
35.7646
43.1847
38.8303
44.1604
35.2746
39.3001
43.5686
34.6104
39.0526
33.6694
38.0683
37.3106
35.5054
34.6743
35.2009
32.0885
35.0729
56.0911
30.6295
30.781
32.5465
45.9192
64.0179
50.8965
31.8995
31.5508
35.0685
32.3189
38.9936
47.0536
35.8144
65.299
32.5079
47.6554
32.1784
36.2772
38.1136
36.6647
45.3328
33.8792
36.4764
46.6759
33.2437
41.0386
43.0546
35.8603
37.1655
34.4865
34.7592
47.57
45.3979
32.5831
38.5774
40.7057
31.0635
47.1346
34.676
46.7049
28.5945
44.3713
28.9509
45.9164
28.0709
32.2866
30.8457
34.5695
30.1971
44.3651
36.3243
35.696
34.0515
35.6055
32.0758
31.4146
31.9463
45.2053
27.9674
28.4492
42.5227
44.786
38.1277
33.7122
26.9607
37.6708
34.2361
59.9277
28.3861
32.4713
31.4317
27.6528
34.9349
44.0631
26.9525
27.9237
36.847
37.1182
71.2162
56.0163
41.8648
39.5194
38.2399
39.5097
43.0145
35.422
37.0454
58.3698
34.319
51.8319
35.858
35.5539
38.1689
36.5975
45.6023
36.4226
37.8538
41.188
36.5216
47.7713
39.9135
37.7101
47.3493
35.7779
36.0088
36.6211
42.6399
75.9602
73.8978
37.7359
37.8901
35.1694
36.4189
47.3519
53.3967
36.6618
41.772
42.0919
44.6361
37.5463
36.6351
37.5774
35.4611
54.5948
47.5427
34.3279
50.4785
41.6685
40.3258
50.6471
32.5572
34.61
48.9999
41.1891
31.1685
33.9792
36.1146
34.0119
54.3102
29.6092
31.5413
35.4015
34.9889
35.2958
35.1734
33.5566
34.4561
47.1912
25.261
34.0799
37.7659
35.8972
35.3993
23.45
51.2646
29.1892
25.1871
45.4424
38.5323
28.3721
27.3267
35.4378
40.2519
31.1879
36.2463
22.4086
26.9047
23.398
27.9847
42.3967
23.6756
39.8552
28.4563
26.1331
31.2903
22.6297
33.0601
23.4175
32.1875
43.1546
26.062
33.8867
27.8349
31.5611
49.1577
26.4959
33.7646
39.8258
28.3871
49.0592
26.4718
32.0271
24.9643
45.2632
33.085
35.2169
32.8292
54.5023
28.1037
42.913
40.4303
38.9115
26.5589
33.736
50.7849
38.0211
28.4119
29.6193
31.063
41.2965
45.5488
45.8536
27.1583
43.7415
34.4179
51.1421
25.5617
24.8502
39.8918
27.3305
29.3912
30.5541
28.1033
27.8086
32.0576
28.6364
26.6516
36.5828
34.5216
44.1008
29.3002
46.2939
40.4346
38.4099
31.4204
32.7852
38.1677
43.0684
29.218
42.8887
30.6945
35.3371
51.7393
51.1822
31.482
33.8522
34.6443
47.7843
35.5964
44.3253
45.1486
33.3968
38.5224
36.0039
32.254
37.2067
37.4652
52.3404
30.2832
45.7538
30.2414
35.2247
40.4349
38.1608
41.5385
31.7261
38.2362
36.0786
34.1559
33.9394
35.4132
31.6628
34.9538
28.5108
29.3057
42.0836
30.9246
32.9502
47.627
28.4468
42.6169
29.2855
47.6007
27.6755
30.7612
44.1572
27.4532
58.7109
33.689
27.1399
33.4719
34.8888
48.193
27.7582
33.0326
30.1937
36.6223
46.9914
44.8708
34.316
33.0674
45.0862
41.2612
38.8958
33.054
32.2602
33.1103
33.8655
46.1753
29.0265
33.9779
29.7298
33.7146
38.2067
31.6871
35.1332
37.4743
27.167
34.9665
62.1595
33.8223
28.7482
29.2165
32.7774
39.7212
31.9983
40.7622
30.558
49.3677
29.2905
39.4825
48.1756
36.5295
35.231
34.5332
34.6527
40.8581
33.8572
34.8486
28.3882
35.4217
45.0535
29.7933
33.4242
32.7039
33.1595
28.13
35.9793
32.4583
34.4227
30.9889
33.4265
31.2254
42.1854
34.8405
45.0836
30.5035
36.3909
31.7668
34.4023
38.8548
37.4289
30.0787
55.1058
26.6423
44.6513
31.2975
29.9703
47.2163
30.7564
37.2342
32.2718
42.7625
32.4575
31.1516
42.4306
30.7948
38.5888
30.4261
36.4398
34.8959
36.7199
47.0195
29.4739
47.481
37.9179
30.5553
29.6835
34.0301
44.8405
34.6726
35.6041
35.3894
34.3784
37.3535
46.2373
30.9483
36.3085
38.5247
50.2955
34.5614
35.1827
50.2459
39.3418
32.5819
33.3059
37.2802
35.7855
32.3408
35.9092
30.7096
34.8725
34.9868
55.3402
36.5734
46.5448
31.2758
40.979
33.0492
34.6319
36.9885
34.8366
34.4879
30.587
45.4826
40.2707
32.9634
40.1988
33.5716
43.411
42.1946
43.6278
39.4552
43.15
30.6671
33.9875
37.0221
37.9541
41.7302
60.0447
34.8273
32.1822
45.412
46.6428
32.4234
39.6129
30.8406
35.0312
29.8894
40.8794
32.1311
40.1055
38.355
36.6736
44.0216
30.1167
42.7531
59.536
31.4135
43.464
34.648
60.094
45.0354
29.0899
34.1511
51.3672
31.1796
53.1869
29.992
33.1967
28.8936
47.9121
27.7836
32.5881
32.9347
35.181
30.1463
34.4949
34.9382
36.3894
36.6426
57.1909
32.4479
36.4561
38.7962
35.5052
35.2171
34.6999
40.1223
34.0583
41.2591
40.6502
35.2077
39.201
29.9229
43.3536
37.6145
41.618
30.7172
31.1652
35.8133
57.1588
29.0062
34.9044
33.5547
35.7004
37.015
65.8531
30.1927
43.2788
29.1268
35.658
35.1586
29.8088
41.7294
31.2448
36.0841
39.8655
30.3932
37.0148
31.372
41.5468
31.9528
42.5725
45.7165
28.6176
43.1558
37.7371
29.1873
35.7499
33.886
33.2445
37.9487
28.4782
41.4646
38.8841
42.4379
50.4053
26.2293
41.2961
49.9659
27.3004
39.3691
37.8057
27.8244
33.9396
38.0871
40.2955
32.4624
36.8718
29.1271
25.2867
32.308
30.2122
31.2249
26.7037
32.2418
26.4422
33.6321
32.629
32.5356
33.7243
40.3151
29.571
33.0153
31.107
33.4201
50.5851
28.2349
49.9718
39.8559
31.0268
34.3644
48.8335
28.4277
34.3116
41.9495
44.2253
39.5494
45.0385
36.224
38.2679
28.9281
44.2304
30.1913
35.891
39.8255
47.792
29.5156
36.2631
35.328
45.7483
29.7351
32.2593
28.4486
39.9163
47.6184
49.5677
43.4167
47.9098
29.3957
38.2791
40.5818
33.5233
47.885
31.8282
33.7973
34.5014
48.0953
33.2297
39.9652
38.6536
33.5137
35.809
37.3616
49.5367
37.0066
41.4564
31.821
36.8416
34.7222
36.8243
65.215
29.3698
49.4229
29.3016
30.0162
32.0778
35.5204
38.8987
40.5999
30.2474
34.807
31.7699
35.8733
34.0104
54.5845
29.9094
34.7586
45.444
30.2762
37.211
30.4864
36.9525
34.2121
48.8736
28.45
42.1933
28.9437
37.8415
34.9664
28.324
40.0555
29.8115
43.0601
27.689
32.5805
35.715
29.4895
27.174
26.0161
41.9559
28.1889
33.979
41.1082
29.9074
47.1089
30.5796
35.3419
35.6865
36.6761
40.9108
33.7043
37.7222
33.7466
30.1934
34.8981
34.1666
31.6676
53.2631
27.7933
31.1472
27.4652
49.1769
36.2761
30.6691
52.498
28.3529
57.9462
28.5628
36.0145
42.2972
29.1623
34.1288
32.1184
35.9455
31.8693
23.6421
28.5434
30.7843
24.6223
26.5028
26.5243
30.2901
39.3752
34.7975
26.9806
38.4551
34.8228
23.2025
29.5809
23.0965
29.8001
23.4335
29.669
31.1079
31.6622
37.7781
48.2516
33.874
26.4844
33.4993
31.8499
37.0355
28.6186
30.2487
20.872
37.0089
24.8646
33.8234
23.1776
27.6205
31.769
22.9931
24.7732
41.5326
25.3822
42.6056
47.5197
23.0987
28.4344
35.4142
28.4557
42.5265
36.3305
30.8991
35.6959
41.697
26.1889
37.0594
43.3951
30.2303
56.1623
29.592
30.6422
28.7222
30.046
53.3424
33.9241
47.6513
28.1242
53.9361
30.2386
32.7541
30.3299
38.6171
44.793
28.2224
31.8928
30.1542
33.6372
31.5098
36.1726
39.9556
42.3072
50.5411
27.8676
35.0036
30.1081
27.9795
26.2415
33.8832
31.6977
36.3325
42.7761
33.9768
43.1178
46.9517
40.5693
36.7695
27.2695
31.9852
33.0204
29.3663
46.2574
55.9504
54.4172
27.1516
33.8641
44.8369
38.45
34.3699
44.8327
46.7561
31.0736
45.0934
33.562
40.1579
43.204
34.435
38.1628
49.6155
54.9122
54.3077
35.3081
46.1808
48.4278
36.286
39.0529
39.478
57.4593
36.6005
37.8041
39.5375
37.6364
41.5676
39.1444
41.8561
40.2123
41.9589
52.5508
36.2333
46.2051
59.2521
39.7645
37.4275
59.3321
37.5712
55.6644
47.0806
38.1228
39.1958
41.344
40.2957
39.8978
41.3688
40.3727
61.5456
40.832
36.8377
50.758
38.0314
39.6523
50.2753
38.5698
54.1796
52.7956
55.1333
35.6225
36.4813
35.6122
54.64
34.3632
40.2824
41.6624
39.4267
45.4088
48.7909
36.6404
34.4151
37.9986
68.5995
33.1537
52.2489
37.614
39.0519
39.3937
69.092
36.4791
59.5314
34.043
37.3621
50.4836
34.342
36.0366
36.0742
55.0312
35.396
55.323
34.0395
38.4835
41.1492
43.8721
53.018
36.365
54.3691
41.3236
35.7438
36.1257
48.2099
35.552
38.9635
52.6233
45.5438
48.667
34.9889
44.8442
36.9127
63.4561
50.9041
36.9102
62.4815
35.6585
51.6823
34.6744
35.0861
36.7141
38.7218
47.2307
35.0489
40.3145
38.0181
45.89
42.8018
77.8232
36.1661
38.2601
35.4112
35.7525
37.3766
49.335
34.1231
58.2784
40.0836
33.144
38.5496
37.1681
39.5718
37.0099
58.9627
44.3218
34.2119
54.7651
36.5246
35.1379
39.8748
42.7981
38.9625
55.4019
63.8389
35.6229
50.6418
34.3634
34.5475
34.4283
49.6462
33.7503
37.3718
38.8437
37.8379
35.6479
37.6755
38.0285
42.0445
39.9847
41.0483
43.3939
36.937
39.8389
49.1642
36.2595
51.7897
34.2042
43.4445
34.0916
38.1112
35.5952
50.5693
38.6011
34.4052
35.5272
39.0418
50.8312
34.1399
36.2772
45.4511
33.4893
56.1821
37.1937
34.5847
39.2235
36.4956
51.8405
45.0473
51.8371
41.9126
34.9006
33.7655
69.3793
34.8827
34.5196
64.0022
41.3475
34.3624
37.2795
36.5053
35.576
39.2939
43.3737
51.7484
58.6661
55.9935
37.9073
36.6381
37.3459
53.6632
41.1823
46.6067
54.2886
56.9034
45.6833
39.7731
47.8855
39.2607
39.6962
40.1469
39.4166
64.4984
39.6049
41.1442
43.1104
40.0431
39.1705
59.4129
55.2194
54.631
39.2885
40.8198
39.7702
47.9181
39.1141
41.6666
59.9504
37.1384
38.0876
50.4461
47.1559
42.0258
54.2325
38.9941
37.6198
41.7245
39.976
54.2567
47.6981
37.1888
38.8134
47.4453
38.5145
41.2859
76.9506
39.5638
39.9368
34.867
44.54
56.3634
39.7409
39.204
37.5621
59.159
37.8202
38.682
52.2047
37.6697
40.2087
38.1533
55.4747
43.3216
48.8956
37.0626
37.8187
47.2837
46.2213
39.5732
50.1676
39.994
35.1561
37.9669
38.1883
69.1948
38.1907
38.9251
35.9355
40.2039
51.8988
35.0456
36.345
54.6014
33.8019
54.2459
43.5284
36.4375
39.1775
38.8224
39.768
54.4802
33.1932
50.8615
36.087
40.3264
39.1044
37.7883
36.7269
57.9689
33.7515
34.359
34.8417
37.0962
51.7138
35.309
40.4385
36.9374
39.1664
37.3297
40.7184
38.5422
45.2264
36.4498
42.4828
43.1497
37.3987
49.6275
35.2702
39.1589
38.7524
55.2096
44.2218
38.8073
57.7733
34.8662
35.2899
43.4641
36.5344
52.7543
46.3643
43.0637
38.1721
37.9959
38.3382
38.2031
50.4178
52.4955
36.4025
50.1771
36.7625
39.1995
40.5284
52.7216
34.8699
43.0295
50.5984
52.0561
40.4974
34.9209
37.9349
38.9556
41.7855
52.1474
37.5201
36.0325
38.2177
37.6245
52.8971
37.9409
37.621
38.3163
36.8428
41.7792
38.7913
49.3588
36.5443
36.7687
42.7589
38.0479
57.7356
57.3184
35.914
43.6426
41.4878
38.3988
34.659
36.0949
39.6227
40.6224
38.0663
36.6239
37.9113
35.8663
36.03
35.2419
42.2531
40.0073
55.3158
36.5
38.9731
37.9535
38.4621
40.0212
35.5813
41.568
36.3479
35.6671
41.5482
55.257
41.0354
33.6109
42.2491
35.9016
35.6253
38.1923
35.4511
47.0497
41.0643
40.9036
45.7616
44.3769
55.2719
33.7732
35.6712
37.4393
38.3452
43.8756
35.3994
50.6359
34.3085
46.5909
40.7949
36.9228
58.2067
37.7193
42.8304
36.8766
37.9713
39.6251
40.3103
38.0766
37.322
38.0846
37.2456
38.8221
44.8818
37.5815
38.6053
37.0572
35.9758
41.2195
36.6025
51.1315
33.904
39.2676
54.0001
60.5475
43.7166
38.303
45.6645
35.8606
46.3357
39.8229
40.537
40.1375
41.0483
65.8536
43.1321
35.2127
35.7518
36.7382
39.0935
39.1305
57.0573
34.7994
48.8415
35.8784
36.1905
38.3493
45.6363
42.0107
40.9627
54.7387
43.2813
37.7026
38.9937
36.5357
57.542
36.0635
41.3926
45.6414
51.3936
36.291
39.0446
38.9615
38.1007
35.5106
49.8119
53.8407
39.3463
34.8741
37.8736
45.9528
35.4873
38.0346
37.9246
52.3309
44.5088
35.8292
49.6385
36.0175
57.6923
47.3162
36.0626
44.7034
37.9032
42.7515
45.3525
39.706
39.3569
44.5509
41.9304
62.9408
36.5145
48.2667
34.6098
36.3309
38.0637
37.0132
38.0489
38.807
34.9202
49.0197
34.9515
36.2202
36.4055
50.532
36.1655
38.9553
37.7602
55.7826
33.4601
53.3525
40.0652
52.5507
41.1645
40.5903
35.1099
41.5828
35.908
38.4549
38.7808
39.0442
38.0605
59.6652
49.2673
38.0803
38.2379
34.3688
36.8707
35.0139
47.5803
51.5288
43.4301
36.3105
37.8033
36.1839
34.5706
46.8966
39.4
38.817
54.0689
33.1751
34.7941
38.6655
34.2756
50.8382
35.0961
35.485
47.9697
30.9324
33.5261
36.05
33.9676
52.4114
35.1175
38.3863
41.7754
32.9303
46.6243
43.1358
57.636
31.702
44.0264
42.6659
34.8106
38.6378
35.1977
41.2668
35.6074
48.8331
33.7886
35.4245
39.6671
35.4234
32.065
40.5355
43.9273
31.9065
31.1141
32.338
36.8978
52.4357
29.8716
34.6689
30.6784
38.0541
32.898
31.3513
36.9894
47.9456
48.2782
32.4139
45.2369
31.8871
36.4553
36.2082
32.5303
38.3868
40.3269
68.1543
31.4755
33.3296
33.0599
48.3627
34.4159
55.8486
37.0782
31.2458
35.6438
35.8435
43.5365
30.8299
35.9107
44.4427
32.0397
36.1479
33.5966
36.4717
37.9762
46.4856
31.032
45.381
54.146
48.1725
30.5703
36.35
41.8716
35.9032
38.8588
45.0905
36.2865
37.3215
33.1751
37.4471
37.3986
37.4702
33.3344
33.4553
44.1542
36.7615
38.8871
39.5795
31.4815
38.055
45.8677
39.6703
36.6309
37.4501
35.6491
38.8844
36.6072
40.401
35.6896
38.1756
41.9597
47.9456
43.9108
35.772
35.4607
36.5372
42.6863
48.2657
36.6759
51.3159
51.921
54.4046
34.3242
34.3892
38.1012
51.2625
32.5971
33.4975
44.3828
33.9358
33.4217
53.2804
35.9264
37.7442
41.8588
43.7469
37.3107
42.3714
39.7266
38.913
37.8729
37.588
35.5686
33.5575
32.1398
50.3313
34.6141
51.3067
34.742
38.328
47.0526
33.5008
33.7282
47.2893
39.1201
42.2539
35.8887
37.1772
35.8118
35.3911
39.2243
35.3159
39.095
34.54
38.9914
44.3222
34.255
39.8431
36.8011
47.2474
33.9486
52.6292
42.2213
50.0425
35.5406
38.7238
35.0723
52.6002
33.6338
38.0538
34.7769
39.8339
60.8727
34.203
41.6299
32.8915
36.1692
41.2799
36.6867
55.3391
33.3028
36.1591
49.1163
48.5269
32.3661
40.5585
34.2436
34.0844
39.4513
36.7531
37.927
38.5366
36.6807
40.0486
49.6613
33.1434
43.0594
50.7208
31.3206
34.2741
30.6386
36.8677
40.9136
32.0335
37.3999
51.3591
53.9499
39.7266
30.8054
37.7145
37.9269
40.9784
47.0609
32.3501
31.1134
32.9873
50.2464
33.1675
46.0162
47.2226
30.9103
37.4001
38.3254
39.1711
32.9531
36.0379
44.6224
35.0841
45.0503
29.6933
41.9115
36.5531
34.7395
46.4533
30.8457
30.8439
57.9201
30.9366
34.1371
41.5063
45.7251
62.2892
49.9551
30.9829
34.0801
37.9872
33.2268
38.7003
39.9372
52.0493
28.4712
36.5505
37.7719
32.6368
36.3557
45.5714
45.133
29.3694
40.5425
48.462
30.3425
32.1155
37.7903
33.5191
48.2821
32.9705
36.4597
30.1669
36.3091
35.9478
37.2653
34.1038
38.8882
49.1493
38.2112
31.4639
40.798
47.7723
47.0774
31.2474
34.0111
39.0083
33.2894
51.1159
42.55
32.6589
31.2517
49.4818
29.6958
42.3944
32.2576
45.0255
62.8597
30.8114
31.132
30.5339
38.0075
35.3002
30.5575
37.5566
34.1531
35.4612
30.4967
31.0568
52.8355
30.2483
32.516
35.7315
36.3696
44.6528
29.936
36.0412
35.5266
29.9322
33.2742
37.7049
31.3302
41.0709
41.3076
43.4019
42.4988
33.6648
38.5519
33.5892
38.704
32.0624
36.8744
32.0049
35.0242
56.2493
38.4436
29.4297
35.2062
34.5583
32.0016
31.6997
30.5839
46.8246
29.1056
52.8123
50.7228
31.2256
32.2555
44.3615
47.4683
29.7217
30.2513
53.2547
30.8037
48.4032
35.4105
30.3375
36.1635
59.6039
29.0504
34.9552
31.2853
43.8724
30.2908
37.901
29.8627
29.878
29.8248
35.6379
29.8598
33.5655
38.2338
31.6509
31.8922
32.9267
31.3006
32.9028
44.5756
29.9041
26.538
34.4866
45.2588
48.3608
25.6121
29.221
33.7853
26.0101
30.0466
25.9192
30.9275
30.862
26.6096
25.123
28.9874
27.6708
32.0391
27.1767
38.358
36.3435
31.2478
32.3069
33.3577
27.5158
33.5765
29.0444
29.7078
45.6531
39.2611
43.7004
37.7679
34.1348
33.7169
45.1389
24.7863
40.8409
27.7687
40.0693
27.9324
30.9694
33.8908
42.2117
41.9611
28.7613
30.8431
26.0618
28.8544
35.8554
41.8991
43.0834
40.8359
36.2711
29.1887
35.8242
56.7982
48.9557
30.9116
29.3088
33.8038
30.4219
31.897
26.7833
38.1797
45.9628
27.6378
45.1314
28.4914
41.3503
58.7245
31.0892
30.3977
34.535
28.3364
46.6631
34.6688
34.8372
28.4842
36.199
45.8757
29.9372
48.9493
28.6254
48.2711
47.0769
27.9911
32.5276
29.272
32.4647
32.8743
46.1934
28.6736
41.2507
30.242
46.4185
30.4836
35.2152
43.499
31.3938
31.5905
36.1797
29.5693
29.3499
28.5539
29.6108
30.3521
37.735
35.6146
31.5706
32.541
30.7576
31.5828
42.45
63.9924
42.3074
28.2676
30.6497
34.8875
40.2977
32.833
51.0706
28.726
28.6146
35.3679
35.281
38.4854
35.8718
36.11
66.6228
28.2115
34.0727
33.5847
34.6974
39.0179
38.1918
38.7081
38.3706
33.6713
44.1884
27.5129
38.8901
43.3137
28.8948
32.1319
30.7975
33.1784
47.3953
42.4516
34.6844
27.9168
39.2656
31.3257
27.789
28.652
26.2032
45.3369
26.4475
48.2142
25.6607
32.5076
26.729
51.7755
25.5924
43.8208
42.5528
28.8821
35.4313
39.601
43.3246
48.0103
27.1226
29.732
36.3758
34.1063
28.4904
48.7661
26.3795
31.5979
31.4286
35.0558
43.7881
27.3551
29.4969
32.6796
32.2513
43.3722
26.8263
27.1971
32.3055
32.3091
28.3154
26.946
43.4437
31.6836
31.5125
31.6821
33.6846
33.7167
43.402
29.0954
28.5079
32.4742
39.8763
32.0912
35.6688
36.4074
27.4301
27.2043
33.7204
29.6198
42.4046
33.2345
48.8952
29.6667
43.5588
29.6713
31.8886
27.775
39.4171
31.4296
37.7871
33.1995
45.9384
29.5078
43.0899
26.6189
31.1079
33.4133
32.9295
30.6905
46.0487
25.9275
32.1085
40.2976
54.7149
27.4288
26.3303
55.0258
42.6459
26.7974
31.8183
27.4595
30.4421
47.4862
30.7494
52.9674
28.2448
38.1438
34.4077
32.7299
33.8718
27.8658
29.9054
30.0261
32.6442
32.2063
34.9933
35.4158
30.1513
32.9861
36.6804
26.8115
40.5684
33.3675
44.3532
27.5522
35.7616
34.6071
32.8767
32.8295
32.4966
33.7201
27.8427
35.2233
32.4325
46.7249
27.0865
35.143
34.4603
31.3765
36.2671
34.0912
46.2837
34.3408
48.5909
27.6795
35.0063
30.4442
34.3719
31.0413
28.2841
33.0371
34.5534
28.7379
48.6162
29.4813
34.9481
48.5532
29.3708
36.1509
30.1699
45.4317
31.5012
36.6193
29.5917
29.3027
46.0425
30.7034
53.3266
39.614
45.3356
29.9553
33.9212
55.5452
36.5551
34.0105
30.4577
35.2467
45.0688
31.2238
47.3113
35.3568
38.8051
34.5589
37.3759
38.3862
49.2003
38.2998
50.8512
34.2935
39.9746
37.6361
37.9653
36.3871
37.1777
52.2154
33.0128
34.1367
35.0178
50.7273
40.3773
35.1643
34.8786
33.6827
39.368
35.3373
56.2688
46.6361
31.4893
44.9783
32.272
39.2586
48.1875
32.6925
46.0651
42.0783
58.0664
32.5703
34.9642
46.4035
32.7894
32.7698
34.6845
36.0781
37.4734
34.082
33.5299
37.8737
36.1997
32.9977
36.3428
39.5517
60.9445
46.2528
32.3212
37.0371
34.8625
40.2795
36.1809
38.258
49.3453
31.6836
40.3398
34.8545
39.674
37.8107
49.9731
39.4297
48.406
31.2817
50.5512
32.7628
35.0863
33.2295
38.2606
33.7306
32.7141
37.1607
40.3791
33.8391
53.4565
31.2134
32.6408
39.2283
40.844
40.0877
43.8889
32.6334
41.4461
34.0938
34.24
30.3963
37.1891
41.1297
65.5974
38.3359
33.2938
34.3684
35.1648
32.7288
37.5619
34.7595
40.7059
43.9375
33.7418
44.7336
35.1271
38.0057
35.4646
42.2687
46.447
31.3889
46.1995
31.5382
40.3521
36.0518
35.4578
38.1647
51.2607
31.5604
36.0781
48.2793
30.641
31.3376
38.7408
29.3084
53.1392
29.9299
33.0641
29.7502
30.3142
48.7421
30.7674
43.6079
31.3624
33.4251
61.8959
32.5012
45.7103
30.0632
31.1648
33.3007
38.5155
38.0382
40.5953
35.2061
30.3274
42.0276
50.2651
32.3347
34.5184
36.8789
45.1483
32.422
31.6472
42.725
39.5568
32.6955
38.4922
35.3582
30.1958
40.9315
59.6754
38.4559
30.0333
39.3852
33.9487
44.6287
28.6833
45.1462
30.9327
35.9896
48.5406
38.8057
63.3829
36.1907
46.6901
33.7065
35.7544
42.384
35.0301
37.1906
47.9043
47.9508
38.4556
33.8796
38.3338
41.5407
34.9919
46.0584
49.0084
32.2767
39.4397
35.5224
48.7905
31.8156
37.0132
44.8521
45.3062
34.6169
44.4135
65.1429
33.4675
32.955
51.2679
32.4248
48.33
33.8248
40.1964
47.2385
32.8509
33.1588
42.5607
56.12
32.4585
41.7575
34.7674
37.2461
37.6073
48.4343
52.8425
33.9065
38.5101
47.237
33.4669
37.8139
34.7879
47.4955
33.3701
39.5019
34.7282
34.3641
39.3545
36.7157
41.6461
36.5456
59.8262
34.7374
62.6821
42.1548
34.1322
32.8192
40.1944
64.0994
34.1898
37.5007
35.7585
36.2435
50.2807
31.9645
36.7225
35.647
37.787
36.4034
36.1361
34.969
35.4341
35.7499
51.5317
36.8465
38.9986
40.8659
50.5591
33.9385
41.7205
34.9737
50.7486
32.7577
38.9745
32.5569
36.2364
34.51
40.3031
35.8118
42.3229
34.6317
37.9119
33.3257
41.3925
36.0197
36.5543
42.2786
41.8515
35.2022
40.0478
45.1034
46.9717
32.33
41.9378
42.6854
51.4699
32.3294
33.4245
47.9256
37.8252
52.8178
32.7448
47.4661
42.248
39.5088
34.7988
34.1262
35.657
36.3135
56.6685
31.1531
37.3261
36.6443
34.8925
34.4897
52.9276
30.9602
40.7906
30.365
39.1778
53.934
33.1157
35.0222
32.1193
47.2341
30.267
38.5659
61.9245
30.9325
35.9258
46.6806
33.4324
38.3643
35.9664
33.4501
32.8456
32.1387
37.8067
36.1604
48.1723
31.5954
39.452
45.2428
31.7941
36.6426
34.7003
51.3553
31.4269
45.4217
32.6823
43.4962
47.7794
53.437
31.8134
34.0773
47.6645
32.5204
33.4204
39.7081
36.8138
37.4873
35.5616
36.4707
33.2438
33.0695
52.6329
31.1542
34.2449
37.0869
38.6344
37.2685
41.4672
34.2338
50.9906
33.0733
33.5974
39.8473
35.5827
50.6393
33.6214
39.2674
49.4017
31.42
48.6367
35.5608
39.9486
37.7889
32.5552
33.8323
36.2831
35.0362
56.8224
39.6191
34.3684
34.4711
33.6885
51.9149
47.7569
33.1847
41.3211
35.693
38.5678
42.6543
41.602
45.4528
36.1527
44.8875
50.7172
37.9909
31.9314
50.2062
31.0354
38.7296
38.4314
31.8084
38.844
36.29
36.1233
53.9838
46.5322
33.808
34.0538
38.0146
40.1162
32.848
34.918
47.611
45.1629
33.4282
36.0795
35.2879
46.7743
31.3387
36.0981
34.407
39.6226
45.0568
47.963
31.0421
47.2651
34.7837
34.6799
34.9964
49.3316
30.5248
37.9556
35.5705
33.9253
53.9356
30.7511
30.2881
36.786
37.9473
32.8846
40.4777
44.943
38.0931
32.1907
45.9858
35.4648
33.9088
30.6781
36.0595
36.0925
30.8399
45.0605
30.2049
40.1109
37.3582
34.5169
31.0566
36.0038
36.3285
35.6853
33.6679
33.7719
37.4274
33.0795
39.4888
33.2101
42.5514
44.5095
35.4844
36.9867
39.0045
47.8458
42.0631
31.79
36.5736
51.4434
33.5565
51.4241
33.7119
44.1493
31.4403
37.9433
32.674
49.4211
35.8881
39.2556
37.9409
33.7983
31.5938
47.7704
29.8174
30.316
41.1683
48.6626
31.6809
37.6116
39.7616
41.2022
37.7041
33.8525
34.619
31.9207
31.4185
36.0926
34.8081
59.2741
36.616
31.6814
38.4848
33.9528
34.1287
39.5959
36.4756
36.9314
33.1636
35.1595
33.8786
37.7133
34.3161
50.4319
29.5975
32.0777
30.5922
47.4661
44.4965
59.1963
46.2725
30.8696
38.5711
29.584
38.2473
40.025
42.6091
35.0064
29.7845
38.9372
32.9971
32.1887
31.4945
42.3808
29.0865
33.4704
31.871
32.4495
30.3526
30.6815
43.5172
42.6114
32.0443
43.1436
35.3951
35.0386
45.2849
37.7403
42.0164
41.1827
29.22
33.9777
30.7965
46.7856
29.237
38.0962
43.0786
41.1765
45.535
36.378
29.6066
46.212
43.6154
35.5668
36.5782
31.6277
42.5401
30.3255
36.2198
36.917
33.0621
30.4415
28.2494
35.0642
38.0016
44.21
31.3358
46.7355
30.5447
39.9551
30.8306
45.1574
30.5013
41.7034
31.8957
49.1192
28.3849
30.0608
33.6761
49.78
28.8722
37.0764
32.1472
36.4545
35.2924
46.2088
33.7943
33.9609
34.8054
33.2804
29.0209
31.6229
38.353
34.8301
30.6355
48.0563
29.6213
48.7424
37.7746
35.3876
33.6765
49.3122
30.3944
30.6725
31.9235
43.4947
29.7805
44.1131
32.5528
34.2714
42.5787
46.1691
32.3586
35.0774
34.5617
32.9464
30.8774
35.8074
35.0362
39.0555
36.1254
36.0497
30.4206
39.371
33.5488
35.3177
35.0395
44.2136
29.5086
28.2487
32.5047
33.5216
38.5085
46.6459
27.9678
35.0841
39.6687
60.8891
37.035
39.7025
40.5067
49.1616
28.1208
48.695
29.7053
39.4389
32.6165
34.2977
39.0931
32.4552
39.8022
40.5273
31.4837
50.8195
33.5932
40.0856
33.7184
30.4612
36.9216
35.7302
41.9615
35.9646
31.4422
32.6507
32.2045
41.2991
32.5557
31.0383
40.8373
32.0973
35.6627
38.6971
28.7459
34.8056
42.0536
37.4838
35.7316
37.4471
35.0434
37.5557
34.2015
33.1164
31.6825
36.539
31.6559
35.8538
33.1617
34.3509
31.0041
34.4547
40.6254
45.5397
28.074
33.6799
33.5407
31.2862
38.5405
31.1012
34.8689
43.7331
32.2096
35.1964
39.9925
32.7631
31.9082
48.5721
33.069
33.7329
44.001
42.1696
33.9381
28.2098
32.0274
29.4778
47.6482
30.265
33.3393
40.5333
31.0586
28.9885
37.7156
33.705
34.9048
41.7614
39.0498
47.4723
37.941
34.5806
50.0528
28.3557
30.4952
38.0901
32.6183
36.9911
41.5218
36.2822
28.4318
35.6717
48.5955
36.0874
32.4072
36.6375
38.2138
49.6724
36.6225
33.4926
32.9895
36.2599
32.2059
49.2763
35.9629
30.3431
36.4427
36.685
35.8232
36.7155
38.9551
30.6587
31.8584
37.4257
42.0902
32.0443
30.5018
30.674
33.2926
39.3441
31.8746
36.9066
38.1867
44.1171
31.509
40.5067
43.8869
32.5441
53.021
30.4447
31.0356
36.2521
30.5297
38.2728
32.5847
31.1506
41.0587
31.9937
32.389
50.1632
30.7487
48.6329
34.9494
41.6001
31.5882
39.6599
33.7105
38.7468
46.7731
44.5906
31.4423
37.0981
30.7357
38.216
32.3019
31.8433
33.8054
53.0562
28.7743
33.1332
38.7452
43.8394
31.625
36.6451
41.9786
31.6265
29.5314
51.2636
30.4481
51.0048
28.2847
34.9502
35.5923
36.4373
29.5156
49.6111
45.96
29.9012
42.0082
42.3234
31.7691
59.4906
37.3263
30.8476
33.8738
29.033
45.7194
30.4993
39.423
32.5081
27.3637
37.9355
34.6839
37.7527
28.6038
39.9227
33.0822
46.8136
28.1446
47.994
37.9962
41.4875
30.2556
34.4
29.6584
41.0385
33.4201
28.2518
33.4292
43.4256
35.4485
35.1285
32.8206
43.2569
29.5709
33.2978
35.0503
30.5826
30.6142
43.9879
27.7979
33.1301
33.2987
28.7072
38.3981
27.1676
30.8092
49.2829
26.4663
45.8305
44.987
37.1134
37.5053
28.0912
33.8422
31.5079
31.6944
31.4327
33.4674
27.3136
31.8093
39.8352
27.3309
31.8716
36.5425
35.4929
26.9578
41.1866
25.2798
24.1598
39.0398
46.2264
24.112
29.7919
30.3162
24.3683
32.2061
27.1872
25.2291
24.6608
25.0992
42.8941
28.4411
25.1711
41.095
27.5675
26.3386
32.4235
47.5427
25.7885
33.983
35.6131
28.8421
28.4532
30.8612
31.05
25.857
40.5189
61.5286
27.2847
27.1233
54.9042
44.4008
40.4818
39.1805
39.089
30.513
36.3134
30.7161
43.6405
37.4897
43.524
29.488
37.3694
30.1834
34.4011
32.9979
35.4463
35.8911
30.0622
34.1899
38.1369
31.6739
47.0147
28.2926
60.8841
32.2843
32.0413
29.7037
42.812
27.9036
44.682
27.9888
33.6634
30.6107
27.2002
40.0115
38.6642
28.1448
32.8806
34.6389
45.9693
26.7202
44.2552
43.957
26.8451
26.5181
42.9371
40.7364
28.9276
30.767
36.1285
25.2014
30.1044
26.174
42.518
31.0085
38.8305
28.2711
33.1958
28.967
42.5016
35.9981
42.9775
28.6972
33.0358
35.0599
25.4576
32.9066
32.0353
30.2973
24.6991
25.6726
27.6962
26.0745
54.5575
24.8253
31.8246
29.6981
45.1299
27.3703
45.4764
33.7026
43.7992
26.7963
32.3874
25.2714
26.1418
27.6333
28.0266
33.5429
40.654
35.3723
34.9532
33.6099
41.0378
46.6151
51.3975
25.2855
46.759
27.093
39.1034
37.9098
28.8285
25.3664
27.3769
35.1652
32.1391
25.814
31.2009
41.5479
32.7074
37.3687
26.3149
30.0684
30.4444
34.7288
30.1093
27.4447
30.0968
32.4152
33.9356
34.6593
40.1095
27.7789
37.8537
31.2137
33.2171
32.4947
33.1381
32.5837
47.9287
28.6522
43.6269
35.6178
28.0478
31.0556
38.6181
29.3114
32.6653
25.3645
27.2303
32.3906
32.018
41.5667
29.4313
36.0249
28.4694
30.2047
41.4604
28.4153
40.6142
39.2346
44.2264
35.0165
29.6031
28.9608
31.7393
40.6986
40.032
29.5132
29.0034
41.6492
37.9849
36.4122
33.004
39.078
46.582
27.3631
34.1922
32.4112
31.5786
32.9528
32.98
30.592
30.8677
47.0511
37.4024
41.4068
50.5605
33.8738
38.9406
31.883
32.6591
30.5527
35.9918
38.2152
42.5003
33.4791
38.1399
38.0104
40.5851
40.4178
43.7893
37.4518
37.5965
40.6686
38.5535
39.9199
43.6524
53.0066
39.202
48.0503
39.7275
42.0943
57.9809
42.7232
39.8693
55.2978
47.1903
39.5747
55.6706
53.5194
45.0153
39.6738
41.1548
39.4088
39.0984
40.4467
56.0178
45.8422
41.4898
49.2127
40.787
49.1176
39.3374
41.0101
56.0426
41.1382
51.6498
51.0865
42.2665
45.4869
41.5654
44.6686
43.7361
42.0867
43.303
44.0139
53.2665
53.3964
61.7834
44.1218
44.6494
43.2194
43.5942
45.0581
43.6863
41.7815
41.6812
61.4312
42.4061
43.4752
43.741
44.2208
44.9309
42.7376
48.4277
58.642
58.0591
43.9045
70.5797
44.0063
43.3156
43.7419
42.5857
43.527
43.3333
49.3089
42.9037
60.2571
42.5141
44.7704
43.6789
44.5126
45.5547
45.813
53.0011
43.6574
45.7261
59.8777
44.4069
48.3304
61.0503
44.4462
43.4054
42.1728
60.5524
43.006
44.4488
45.3183
48.5627
43.2632
45.425
42.3918
43.3537
43.5953
50.7996
45.2737
49.673
49.3285
43.147
45.181
44.1141
44.947
44.0171
45.2485
54.9378
45.2123
45.9358
45.2856
45.0498
43.4192
53.2841
55.7896
42.9275
47.5182
64.8167
44.1714
44.0653
43.0881
44.7479
49.2773
42.7528
44.482
43.8319
43.9263
43.6635
44.1684
43.5144
44.2182
43.968
42.508
44.7074
42.9894
45.3307
42.9697
66.4415
44.421
46.2774
43.8494
43.4763
43.7812
43.5864
42.731
45.7522
50.2632
46.4176
47.5135
45.011
65.5462
44.9111
43.2055
43.161
50.5316
42.6438
44.2963
43.4341
50.1408
42.7927
48.9953
44.0329
43.8107
46.4906
44.4889
59.8251
43.1183
42.8749
44.1894
43.108
46.2229
43.402
45.1591
45.3333
41.9843
70.1986
43.4339
41.0052
61.3574
48.8766
42.4257
46.1783
42.4817
42.6434
58.6297
44.6793
43.0195
42.132
43.793
42.0772
43.3947
43.9363
44.6996
44.483
44.5138
57.7849
40.8496
41.0556
44.8034
42.2778
48.166
40.4398
58.4007
42.672
41.1123
49.0837
41.0033
42.849
40.748
44.0831
45.9777
40.1386
45.0199
54.7538
45.5759
39.3405
41.8669
42.7506
42.933
55.7287
46.5851
42.7873
47.9108
45.7515
39.421
48.795
40.8477
42.9948
39.6813
41.4466
40.1984
58.2399
53.8501
45.4019
44.3588
38.757
38.5022
48.0259
40.1477
41.4031
49.0882
51.262
39.2482
41.4515
45.2017
39.4159
39.0621
38.9246
49.7749
38.637
40.8545
51.0477
40.8466
60.1223
40.4594
43.2376
42.7307
41.0592
42.6328
45.2325
39.9921
46.1991
39.3224
43.5233
43.6885
47.8417
39.9339
42.6959
40.52
40.0741
37.6558
54.978
48.8437
43.5189
38.2299
41.3856
49.1272
40.3236
42.2652
42.8633
55.9653
45.4338
43.3973
43.7871
60.242
45.0912
44.261
44.8707
45.3183
48.9323
46.6304
43.4455
43.0802
58.0342
46.3318
43.8913
42.5899
46.757
44.131
43.1143
46.4481
41.9368
44.8409
40.6082
42.5209
54.3946
43.9752
50.8073
41.2067
40.5701
59.2285
42.5591
42.4933
38.2967
38.1577
46.1748
37.4013
56.8527
46.3787
37.5794
38.011
54.7051
39.4468
38.7483
51.8874
37.8521
37.9384
49.5543
38.3139
60.4003
43.7095
40.5795
40.7687
39.6447
39.9106
43.365
45.5966
41.1779
44.0196
62.4623
43.4091
57.9606
49.0555
41.253
55.0754
41.4891
55.0364
40.8745
40.5267
41.9029
39.4826
40.2945
39.7804
40.8989
47.6992
58.6674
53.8831
42.2488
40.9199
41.0789
40.3662
41.0513
39.0852
61.9999
48.3628
57.991
40.3823
44.6922
37.6943
40.2667
46.5497
39.4307
46.6735
37.562
41.09
41.1376
42.4756
41.7899
42.29
49.7661
40.3263
58.0411
53.0646
40.2185
38.7452
39.6894
42.0918
45.515
39.0278
43.7245
40.3736
39.4949
42.6389
39.2416
41.61
56.7162
39.3323
45.8742
39.2501
50.6058
39.386
43.3365
45.1907
40.8737
42.4137
49.5736
39.0192
41.6273
40.5397
43.7008
40.6525
46.7401
41.0215
44.5812
44.0312
45.3167
52.4882
40.584
65.7924
75.6205
42.7119
40.155
40.1093
40.8251
48.7596
40.3193
41.2035
65.1747
40.6005
42.0995
40.4269
40.1388
60.3003
39.3224
45.472
42.5315
40.7776
59.4956
46.7978
44.0313
52.8986
46.3707
41.7742
43.8431
41.0599
41.863
44.6439
48.1088
44.6352
52.2597
41.175
41.629
53.5886
39.9963
41.6612
55.2834
39.6011
52.8893
39.9772
40.723
52.7488
57.4826
42.4126
42.1876
41.7697
42.2521
42.9253
45.1593
60.8587
41.5697
41.361
44.1777
44.3751
43.3979
44.872
41.8219
44.2627
42.8868
44.0535
42.58
44.1554
43.7716
56.3556
55.847
42.2185
48.9975
41.426
47.5457
41.4316
48.3393
41.9259
43.6412
46.7438
42.827
43.4305
57.2055
41.4647
41.6087
47.735
55.3512
40.1569
42.2252
57.1817
41.9163
43.6857
40.4459
45.4446
51.9781
42.5856
43.4894
59.8112
42.4929
44.1625
43.4349
49.9801
42.587
44.4008
39.9922
40.0525
50.1753
41.3034
40.6714
57.7682
40.4543
76.0018
40.9625
41.7169
40.3171
39.5855
45.7126
39.7541
37.1092
40.9195
41.4745
39.9776
55.2122
38.6286
68.6553
39.5566
42.6452
50.102
39.0578
39.9685
54.1535
39.0693
40.5019
46.5158
41.179
43.3199
39.6496
45.6187
60.5546
39.4206
38.9732
38.982
42.6401
38.9027
43.5911
44.2313
40.8862
41.0977
60.3315
46.3035
37.989
55.0946
39.1759
38.4438
54.2985
44.4146
40.7929
40.0515
41.6811
41.1744
42.4799
42.295
41.0811
42.5497
48.6238
43.5509
40.1244
53.0318
38.9723
40.8255
59.6954
58.0748
45.9567
42.3985
39.8151
51.5277
39.1499
51.2517
38.5617
38.7133
42.5926
55.6453
40.4941
57.9663
59.3288
44.089
41.6401
40.6367
45.3005
42.1022
44.2515
43.322
61.6281
41.7099
43.4411
44.8116
40.9945
48.6318
43.0763
45.9374
46.5257
40.742
44.7899
41.1768
49.7174
41.0343
43.1874
45.711
38.9578
41.9203
56.644
39.5035
39.0464
48.8279
37.2948
39.0998
43.8094
39.7502
44.924
41.1855
54.6305
43.3123
36.972
40.5252
38.3944
37.4528
42.3572
38.2077
42.9513
47.6011
38.111
34.7891
38.0967
36.4488
41.7751
35.1154
48.4975
33.6246
40.0702
35.7887
42.0913
36.0559
37.5589
39.1556
55.9652
34.9258
37.2272
37.4541
43.0895
47.0792
52.1472
34.927
36.3384
42.487
35.7083
36.0213
41.4397
33.3111
41.2616
36.0144
49.1788
48.1554
36.895
34.1491
40.6437
35.2759
36.5137
37.6666
62.9549
41.9351
54.3216
47.0211
37.1502
33.3718
35.1891
41.4038
32.1033
33.2863
33.6394
42.6669
36.1136
32.3667
38.8593
26.0856
41.8039
27.2255
30.8932
34.6536
42.7949
25.4962
37.3241
40.1787
28.4855
33.0537
28.2724
31.1134
24.33
35.4778
25.2843
31.3129
21.9556
25.0592
47.7242
28.0671
23.6039
25.0725
30.1837
32.6822
30.1291
27.3368
25.7292
28.2568
34.017
32.744
40.8913
29.8846
33.278
34.2536
44.9753
33.1927
38.1101
30.6596
50.0135
31.17
53.1425
32.3594
34.648
31.7196
39.5576
31.1183
35.2052
35.9642
32.4525
30.4057
34.7239
38.4671
39.4418
37.1049
34.5343
35.1076
37.2686
32.6762
32.5162
42.4594
27.2214
34.5588
35.0074
28.1841
36.9569
36.9764
43.6291
37.1727
31.5822
37.1241
33.0459
38.1077
37.9182
32.393
31.6244
30.5653
35.8894
40.6756
47.5823
38.8984
49.4535
35.8521
32.2659
40.5298
44.4962
33.7868
42.2236
47.9392
32.2218
33.7173
38.2684
45.6283
47.8021
40.9863
38.8372
32.9199
36.2526
34.0126
33.5157
46.5968
29.8505
35.7401
35.2196
30.9866
35.5102
30.8002
44.5773
30.4085
37.6931
33.7364
33.9143
30.1416
35.9023
37.4299
38.594
61.0803
33.6308
31.0588
36.3462
30.8102
40.8602
33.3907
29.2515
34.7647
40.4267
31.6608
40.9424
45.5008
33.4998
37.4558
31.7329
34.3386
30.8269
33.936
30.8083
35.1717
39.4932
53.6768
29.3828
42.0963
44.5518
29.7949
29.1278
38.3718
44.0421
31.0614
41.1451
33.2864
47.405
29.7726
33.5637
33.5936
31.9373
53.9095
29.9143
34.2895
30.7136
46.8821
48.2457
29.0994
44.6173
41.1642
44.2441
29.7504
34.97
33.527
30.8035
36.979
51.9303
33.6536
30.2659
56.3837
35.2571
31.8702
32.235
29.1833
36.2544
30.9163
29.823
27.657
38.094
28.1056
37.7388
51.4722
30.4433
29.3161
29.8828
36.5819
42.2614
35.8576
35.5464
31.4821
55.1486
32.0089
32.6988
36.7757
36.4716
34.4027
44.4383
31.8581
38.5454
34.2719
45.3402
32.6892
40.8728
36.0062
42.5216
34.2715
40.1593
37.4222
65.4815
39.805
36.1613
42.0464
50.1433
34.0274
39.0566
40.369
52.0628
45.0131
34.7145
37.4776
36.0535
37.4443
43.4913
51.1258
35.9053
39.6322
40.6194
39.4567
42.5187
42.8185
38.5216
39.1921
44.1953
37.2733
41.2114
48.2852
36.9987
52.5002
42.9217
36.4923
54.8836
35.9804
39.0955
36.9013
35.5937
39.8025
38.2119
38.1702
42.2672
47.0442
36.84
37.9282
36.0032
36.8342
38.3512
35.9024
41.0418
35.9697
40.2967
43.8346
47.7008
30.3498
49.4908
46.1243
30.8556
32.7496
47.5507
47.978
43.263
31.0243
41.7
33.8362
44.1786
48.785
30.693
34.3678
32.6691
40.5403
30.5514
32.9459
34.426
32.8351
38.3842
39.8987
39.4656
49.5139
41.4281
33.2791
35.3666
42.4062
31.7073
44.6123
38.3613
37.3227
33.3637
33.5641
35.7144
31.8019
33.9157
35.3974
30.5001
37.4227
29.5703
37.059
32.1457
37.0183
36.7788
43.2946
35.1133
36.68
33.407
43.8093
34.5472
42.8347
35.0434
44.5437
40.0383
36.6816
35.8783
37.2063
37.613
37.3772
49.4536
31.9262
32.2126
41.5259
34.482
37.5074
37.8347
41.8355
46.4351
38.2398
38.1985
36.5112
54.3287
32.5318
33.8119
35.484
61.8231
32.7895
34.1727
37.2603
34.8791
41.7673
48.0432
37.6169
44.9935
33.308
57.5024
32.4459
33.62
33.7424
40.6728
49.1845
32.6827
37.4237
49.2004
32.7327
35.5727
39.7971
32.4887
37.0604
43.1835
32.9497
31.4281
32.8285
37.8086
30.8317
33.6319
36.6702
33.7054
48.8478
36.8598
50.6132
36.2628
33.9804
38.8856
36.6429
39.0459
34.5863
36.6658
38.1483
35.2734
41.4184
48.822
31.6099
32.3853
35.5596
39.5706
51.7817
35.0624
33.5138
37.1003
34.2481
29.9853
51.8615
32.52
44.9858
33.8519
34.4946
36.4094
33.4698
31.9452
34.9598
35.3812
33.315
27.2464
35.0252
35.2921
51.9999
28.554
31.393
40.3124
40.2505
29.6984
29.3723
31.4424
41.5655
31.6964
34.3531
46.5716
25.4047
38.0658
27.9636
28.5625
44.259
32.7154
38.1775
30.5176
30.4863
49.263
29.2512
41.3965
31.3533
53.2545
29.143
49.003
37.3664
45.402
30.5
33.2707
38.3429
39.8647
33.5948
37.1007
35.9839
45.9112
37.9449
48.9564
29.9161
34.7855
36.1956
35.0828
37.5216
38.3052
45.0083
31.7787
42.7548
38.2999
35.7439
38.439
45.7545
39.9752
39.2784
44.4052
34.2166
39.949
34.2641
43.2224
34.6129
36.2032
39.0566
33.982
34.4394
31.891
34.2775
44.6923
34.2239
33.7261
35.4318
48.5872
36.9895
40.0763
38.297
33.8405
34.7326
49.2362
31.955
39.9749
30.5752
44.1236
31.2959
40.4719
35.663
37.7151
38.4351
52.3189
45.3576
35.5342
37.3294
52.0735
35.2532
50.4749
36.172
49.0346
34.7846
55.8241
47.5185
35.191
37.7033
60.3099
33.7467
51.3464
54.546
34.8336
34.0709
33.3632
45.4005
40.5016
43.2156
36.9781
53.4377
37.2137
38.7417
38.7765
43.943
51.9126
41.017
36.542
44.1867
44.0011
37.4631
51.0891
42.4353
54.6915
40.7623
35.1305
42.1869
47.9606
38.5173
46.0484
37.7155
41.5277
37.4749
51.3323
35.4796
43.7371
38.0072
46.2
52.9111
33.3448
47.762
34.2077
36.2922
50.7766
42.4694
35.7079
33.5879
33.4315
40.616
38.0549
37.8542
53.602
32.1474
32.7856
38.5926
39.5208
31.739
40.4461
32.6823
32.2733
39.2361
34.1493
31.286
41.4105
32.9166
32.2159
34.9191
35.3639
33.9114
41.4901
34.6927
44.7928
33.8569
36.2177
44.8263
33.1932
39.8661
35.311
38.4322
68.169
42.5778
34.4483
34.461
35.5708
36.505
34.4269
62.958
34.301
51.3082
33.7887
35.7707
45.3302
35.3302
51.699
35.3204
35.8047
35.9407
54.0006
35.1315
48.2603
36.0418
42.8272
40.1437
54.5188
41.4603
43.4651
34.0021
41.4722
37.3555
49.1751
34.8667
38.0237
34.6728
41.2971
47.4729
35.0875
46.1312
33.8894
40.0882
49.5417
34.8367
54.4419
38.3709
35.911
48.8785
35.2298
41.1102
46.7989
34.7739
52.5545
34.3825
49.7111
35.159
42.6928
42.3711
38.4939
43.4999
36.8932
43.0664
36.1337
43.5472
55.4416
35.7343
47.6
35.4614
41.3904
37.719
36.6142
37.7163
51.4727
35.3806
37.7696
37.1865
39.4992
39.4542
41.8781
37.0024
45.4279
34.9908
37.9588
40.8112
42.4153
36.8129
37.6666
35.376
39.8728
38.5982
50.0114
31.7538
35.5345
35.3232
44.326
37.3762
43.6279
32.8441
40.8077
32.6099
45.0413
31.6834
47.9125
43.865
33.9122
36.451
45.2856
33.044
47.4083
31.3618
46.0321
31.0722
51.6655
32.3011
67.7844
35.7643
44.4308
36.0194
33.573
41.3575
32.8218
40.615
56.8542
33.4554
52.6568
33.1359
35.2704
32.2023
37.586
45.1748
32.5046
38.3603
34.2795
36.3744
32.6483
42.4782
38.4031
37.6535
34.2709
32.9679
38.825
43.3031
32.6916
39.4575
50.7706
37.7262
33.1295
40.7813
36.5854
36.142
37.1098
31.6902
48.3404
32.403
32.0134
54.024
33.1202
49.3926
32.6248
33.3578
60.6831
33.8632
41.2772
31.1482
33.602
33.0308
40.6695
51.1162
31.8163
51.0097
32.4013
37.946
38.685
37.4992
52.7674
45.1442
50.0725
32.8947
34.9259
32.9228
35.0048
35.8212
36.5624
34.8581
36.7922
34.1483
53.6639
32.0551
48.4773
32.2563
44.1794
38.5957
44.8831
48.3479
35.7736
32.0691
44.6926
29.4482
36.1301
48.9973
38.89
34.4079
35.8633
32.6919
34.6056
37.6916
28.1195
36.5731
30.666
45.6122
26.8012
39.3516
37.0321
28.483
27.2504
28.9829
32.6759
54.7761
26.5505
46.2767
26.7176
27.602
33.4936
29.1226
40.1345
32.5252
34.3951
36.7036
32.2536
42.3229
48.0807
39.7124
36.3967
35.9123
34.9344
37.4272
33.8104
37.9666
48.1171
41.2068
35.1763
33.2117
42.6231
36.8357
38.5901
38.7453
37.0874
38.3097
35.5617
43.7077
36.6482
42.7096
47.26
34.4457
46.7537
32.7187
34.7141
39.0877
43.4066
31.9205
32.5403
51.7987
39.468
42.144
36.3735
37.89
36.2919
36.3239
37.8952
39.4506
45.9265
35.6386
47.6828
33.7215
41.6307
41.6096
40.3063
36.249
33.7029
32.433
47.6556
32.083
51.6841
35.3718
33.3667
33.415
37.2831
34.2829
35.3285
30.2874
43.952
32.5067
35.8486
35.1356
44.7047
33.0246
31.4961
38.0887
29.5174
31.3416
33.1802
27.588
31.3213
33.2777
30.2938
34.6039
43.799
27.3627
36.2928
31.5172
33.4996
45.0456
30.5534
36.1352
40.2851
32.3206
41.3254
31.6637
36.3657
30.6241
37.6888
27.8685
33.9573
25.4906
41.5669
49.3796
26.0938
33.488
26.2385
31.2772
26.3293
34.7434
32.145
25.2954
27.1889
30.8715
25.6771
36.8448
30.5724
37.7676
22.5634
22.6566
22.8917
29.5503
21.7086
30.1787
28.4355
18.3777
21.1299
29.8848
31.7748
27.8596
36.5339
25.114
32.658
21.7632
28.8768
28.658
36.1718
42.3435
24.9991
27.8625
23.464
26.735
23.8571
38.6313
30.0788
24.3682
26.3254
22.2618
28.5091
20.1557
22.3878
28.8692
30.272
28.3953
25.6498
19.3497
35.1101
33.6846
31.5496
48.1162
26.5279
35.3666
29.4117
29.9095
33.6698
33.1523
28.7049
34.1892
27.423
30.0861
39.3173
30.5732
38.501
35.137
34.4443
30.0392
31.3001
30.1079
28.4678
29.2962
42.2445
27.2935
20.5505
34.0521
21.505
31.5455
33.2372
22.8975
21.1241
20.3828
30.3791
22.1787
31.2336
25.4465
34.1755
27.4807
28.4432
24.7646
32.4965
38.2743
21.4487
22.169
21.5291
30.0249
31.9748
37.2802
33.0928
27.8177
31.3151
28.707
55.2715
28.8643
34.7089
28.5783
34.0681
36.2831
33.9626
45.5274
31.7428
45.9911
30.9451
40.2594
36.9069
35.4239
29.7941
44.9005
43.225
29.5752
26.8306
32.4511
44.3356
43.4322
23.8048
32.845
20.756
26.0719
21.1775
23.589
21.3616
22.3624
26.7826
24.8746
28.8456
25.0969
33.9164
27.8557
37.3246
28.5597
18.9194
31.3434
24.729
29.7439
18.956
28.8798
37.6259
33.0338
25.7409
18.9726
17.4044
19.9988
32.1853
24.8846
26.7259
18.2532
24.2762
25.6524
40.5762
23.3513
25.7049
19.0891
23.9567
27.0757
20.0599
34.2853
24.0356
24.3966
31.7067
25.1263
18.1844
18.7778
22.0414
35.1013
25.4505
25.2795
31.5938
17.2574
22.8287
17.8636
29.2269
28.4606
28.021
30.7438
24.4534
18.1594
17.3001
30.145
23.8536
23.4563
24.5313
27.2635
24.9145
22.3084
33.9888
29.1775
21.4804
29.2679
26.8185
27.0396
22.2059
22.5135
34.796
25.1319
20.783
21.695
32.5233
28.3317
36.1138
24.2647
21.1954
24.1293
27.4931
28.3527
25.5222
29.1014
23.4134
34.6918
21.8391
29.9894
24.9218
20.2632
27.3364
21.9447
21.6476
28.6792
27.5718
32.933
21.2724
22.8537
38.6909
28.9012
21.9129
26.6353
30.6427
30.302
24.9161
35.6036
31.2251
26.13
36.2657
30.6464
26.7614
30.019
38.5673
26.6586
33.7677
30.1459
34.4824
31.8711
29.7278
37.1594
33.6105
33.4313
47.8163
29.4906
39.7279
35.0574
40.1029
37.0856
29.4167
40.3622
45.9138
26.8434
32.244
28.0871
30.3183
43.991
24.1604
38.3101
30.8546
44.0098
34.0999
38.7056
32.1125
27.0824
28.1631
32.9825
32.5811
26.938
30.3217
48.7071
36.9374
24.3439
35.9119
25.9141
32.2266
23.7757
31.926
27.7037
25.7422
27.3144
35.0998
28.3753
27.6554
46.1705
24.7473
31.8593
30.153
46.5343
24.9539
35.2798
28.5825
24.51
25.9318
24.2402
42.8804
42.1751
25.2823
33.171
34.713
24.4215
30.0519
28.2932
29.6299
26.3047
36.3344
23.4193
25.0506
28.7131
30.9142
28.6895
38.5881
28.2954
40.253
24.5288
32.1679
40.3366
35.8308
29.1094
35.3392
36.6675
25.1071
40.3792
27.2774
29.6394
28.4505
36.8922
40.8405
30.7467
27.4744
20.187
28.096
27.6044
22.1468
27.6047
25.0861
25.1807
24.0342
31.0526
35.474
27.7551
40.305
42.6877
33.6711
34.724
27.0956
34.5964
29.2121
30.05
29.6875
30.3105
22.0514
40.575
22.148
33.3455
26.5184
20.4768
25.6681
30.2134
33.32
23.0209
30.008
23.3549
28.6084
24.0462
28.9529
25.6187
39.2686
30.1213
28.9896
25.706
26.7363
26.4078
32.0463
25.5832
34.2365
27.9277
33.2984
23.5866
25.5291
24.8458
39.3211
26.2385
27.0872
37.4977
34.3775
27.6292
28.0559
38.1167
26.0493
38.3607
34.243
33.5442
29.9627
26.391
23.452
29.5166
20.0451
30.6538
39.4376
38.0133
19.3219
22.1373
19.2591
32.8169
29.6691
34.3911
32.7361
27.1847
33.5451
23.1586
26.2584
20.7029
38.0382
23.0885
28.8574
26.3171
21.6717
28.3541
21.335
31.0573
23.8438
30.9642
25.907
32.0228
38.8808
26.4313
38.6581
26.8116
37.5866
36.5339
25.0905
24.7702
32.2768
33.2234
31.0402
24.1597
29.4037
38.826
30.5223
50.6737
36.9946
27.4956
32.0072
30.0826
34.4612
27.5699
32.4749
32.507
21.6323
28.0055
26.4593
35.2297
29.5934
26.4682
28.2528
30.1852
26.7587
22.8737
29.2712
29.0125
20.6799
25.836
18.7824
28.7098
25.0047
23.2331
22.7726
29.3878
21.007
48.321
22.5802
40.8288
45.936
24.2699
25.371
53.4468
25.6268
30.2913
27.0289
32.7579
36.8263
24.8319
41.7073
26.057
25.3179
23.5594
31.8792
23.2025
34.7826
22.211
31.3622
25.0822
23.4605
21.67
22.4068
35.1612
27.5434
34.5453
22.6185
29.7732
22.8415
31.4893
21.5174
28.7122
22.7573
22.2365
24.5996
28.9196
26.3814
26.9177
20.1164
37.1812
25.0304
32.6986
25.1272
38.4702
35.4327
40.4019
33.6628
38.6524
26.364
28.5432
55.6818
25.7813
32.9927
39.8728
24.9677
30.7572
29.9673
32.546
27.2768
33.4912
31.1496
33.758
34.4486
38.5439
43.0133
47.8441
28.9937
42.5731
31.1137
33.9743
32.6293
32.6626
29.6844
38.4658
45.1701
38.7562
23.4389
32.4737
35.7092
24.3082
34.1865
26.2496
22.6933
27.4849
20.6413
31.0949
41.4785
32.8722
24.5735
37.093
26.6262
27.5101
28.8499
39.946
40.3503
23.4876
39.727
39.2391
23.9623
31.7523
26.7022
22.6608
22.952
34.2486
32.0294
31.748
33.4011
23.9018
21.0544
35.2274
24.2307
26.0668
30.4983
34.5298
17.3718
32.8184
25.4508
34.9788
17.0846
28.9939
19.4228
28.1378
33.3657
38.3528
28.343
36.9737
32.3866
31.078
24.3184
32.8612
30.6436
25.7441
27.4026
27.7241
27.0097
30.5478
28.5048
45.5955
34.9465
34.3662
36.2072
33.2961
34.5857
29.8233
35.863
36.4176
34.0848
30.384
22.7421
40.2587
32.8228
23.4255
22.2002
33.2198
21.6126
33.2163
20.8864
24.639
35.5046
29.1795
29.6113
28.6745
33.5163
25.5473
38.727
20.7696
27.9371
18.5644
17.8723
33.4468
28.6344
32.8754
32.2022
19.1574
37.1399
23.287
28.8744
33.0403
31.7578
23.1414
27.0343
27.2424
32.3251
24.9663
29.6163
32.1848
26.3979
24.6013
45.3244
39.3083
41.1857
25.3377
38.7016
24.3497
29.9034
46.4966
26.4901
35.1908
27.4641
50.0708
27.0001
34.8563
31.6368
41.4131
42.5935
41.7171
37.0267
28.8135
39.8782
33.5606
29.5183
25.5331
26.5748
25.2176
36.9444
52.7673
35.4796
29.8656
30.8009
31.0423
30.0735
25.3298
33.8614
47.7623
26.5033
24.7086
30.7115
40.2057
31.3165
28.7274
26.2988
41.5862
23.3638
29.5982
25.2012
22.6376
24.8625
34.1737
21.4864
27.8944
27.0205
36.5868
30.1705
25.3518
29.1532
23.9079
20.6508
20.8331
18.2312
20.5359
16.2046
19.5387
36.6575
28.2274
22.4643
18.5654
22.8183
27.6429
27.4637
18.827
35.858
31.5793
28.4007
38.5088
28.3079
30.1531
30.4523
26.413
37.6727
26.7605
27.161
30.9299
29.9079
27.9868
29.9282
25.7792
31.1374
39.3643
29.794
30.6635
19.3361
29.0039
37.5517
34.2886
36.4052
29.7765
26.8425
18.9296
30.2181
46.485
28.0075
20.5439
22.4354
22.6875
28.783
26.6324
26.4732
29.082
41.6783
22.0579
28.3564
18.509
31.6316
27.088
28.6088
39.7916
24.4845
29.6062
32.7717
24.3493
32.2022
30.3263
27.0363
39.2977
29.8512
24.2851
29.6676
37.0473
26.5856
31.1217
39.8302
27.2424
32.2787
32.4853
31.9274
41.0563
39.0373
41.6794
43.926
41.5119
29.0605
28.2622
37.1586
29.8443
31.5066
23.5102
39.874
31.8789
36.0754
29.5485
29.7985
36.3382
31.0161
27.7552
31.4755
45.8283
26.0137
24.8522
32.6009
28.6737
38.5497
22.8933
40.0848
25.2178
30.4142
45.9957
32.1963
28.6285
29.8682
32.8698
21.6227
30.768
24.5139
28.9585
25.6728
34.5473
22.204
21.3997
31.1557
23.8958
30.2685
23.4104
24.9364
28.0154
26.8688
26.3938
34.3855
45.2484
26.6909
26.3603
35.8764
28.7781
23.2541
27.2635
22.4428
30.3994
29.866
32.7012
21.5056
30.7762
35.9379
23.3383
31.3235
23.6767
25.7202
26.976
24.7992
45.7448
27.8795
25.4888
27.3622
27.2278
21.6348
36.9668
24.0152
39.4479
26.8935
24.0361
37.2908
25.9349
26.6004
30.4356
36.8319
29.7648
33.0718
24.5738
41.349
40.2365
23.9471
24.1024
21.2044
35.6372
26.5931
26.428
19.7688
27.7074
25.0752
30.4637
25.6592
28.7351
21.7259
50.0887
25.9211
25.6373
33.5419
21.517
31.3366
22.3949
27.6654
32.9908
21.9173
32.6406
24.2436
49.0695
22.3277
26.3371
23.903
29.4286
37.8914
22.8505
27.7812
36.8499
22.8178
28.3197
24.1462
46.5896
23.4062
32.836
25.1192
29.7836
34.8168
41.4292
29.5662
29.167
28.5979
29.2566
24.7402
34.4811
37.0565
28.202
33.3783
33.1473
43.7984
27.1203
27.797
36.2427
33.3303
34.331
25.1075
23.1205
31.3273
33.0254
34.3664
23.7867
35.5315
27.5261
31.2656
32.1073
28.1645
19.9013
22.1729
31.3232
27.6742
26.2328
31.2873
31.464
30.1
23.5629
25.1565
35.5014
24.5403
27.8814
28.7619
44.241
24.2706
32.5005
27.375
28.7267
23.6322
35.5394
29.6
21.7991
37.2008
26.0326
21.6461
31.5766
29.5748
32.4562
27.9259
29.383
27.1978
25.4681
24.043
22.9678
51.3152
28.3634
37.7857
25.303
31.9501
28.3585
27.6954
42.1841
39.2096
26.9436
24.4763
23.2273
40.9764
24.5926
50.3836
34.3596
49.3025
35.1012
22.1123
31.58
29.8036
26.0013
20.6661
38.742
27.7733
28.2113
21.5897
33.6273
26.2366
28.8328
28.5749
37.9322
21.825
37.4498
29.9991
21.0544
36.0965
24.4369
22.8182
26.8661
25.709
31.4544
28.3689
27.3083
21.8186
32.4172
25.7722
20.3482
28.8883
24.6635
30.101
29.5135
40.3897
21.7649
24.2174
37.5935
22.6048
27.5337
35.2394
41.252
23.8622
33.4529
28.78
26.8872
26.3941
37.9204
31.8561
21.4572
32.292
27.7196
31.3062
27.2002
33.3716
28.7038
29.1062
27.7955
30.0648
22.0977
33.4627
25.4827
22.6174
24.7453
34.7741
25.1119
37.2527
22.7014
26.5063
37.3894
25.4412
33.3945
39.7637
48.8847
25.3647
33.1658
41.29
25.8239
24.02
25.5758
30.7696
24.712
34.0746
30.1978
36.9719
26.1388
25.0456
29.3729
25.798
41.6928
45.4409
23.6457
23.5129
31.9599
40.0913
34.0883
37.6193
45.7464
38.7343
24.8747
38.0788
29.8881
31.0168
48.3514
24.6192
33.2589
28.3941
30.6236
27.2081
34.3477
29.6373
29.6338
32.0167
29.4999
26.0442
28.7674
30.9957
25.4977
32.7771
24.2448
29.8773
28.3404
36.1757
35.5762
38.5843
42.7287
24.7903
28.8379
38.4427
25.1395
37.991
25.8569
37.5657
25.6032
31.1172
28.5466
33.0116
31.174
49.7644
25.1539
31.3806
21.3749
22.9715
34.2724
26.4133
32.1731
24.2692
32.5917
37.3906
24.6306
32.1837
26.7118
26.7933
22.5433
23.8405
42.5228
28.8237
28.2726
31.1748
27.5244
28.0785
42.5339
39.0757
40.9947
22.1221
25.699
32.4396
26.9301
29.1362
26.0062
24.0279
22.1838
31.2613
22.3389
46.5645
25.4892
30.4393
29.9997
42.3219
25.7232
28.4448
27.0832
28.9039
27.8683
27.7258
28.9141
26.3907
39.4531
23.3028
23.9511
31.5228
31.4398
31.4911
32.8479
23.0987
34.6041
33.0671
27.604
24.7228
30.4104
36.0372
26.2625
29.6096
24.1972
40.103
25.7149
25.9817
37.0275
38.9548
48.9873
31.1527
32.2086
31.4561
30.786
29.3624
29.1032
29.142
38.4843
32.2538
28.4319
24.1615
29.406
22.5515
34.5306
38.3076
34.5597
21.8772
31.3062
30.9943
29.2995
23.7136
33.2648
21.2016
22.6315
25.5354
28.9524
37.991
23.5394
26.8492
45.9771
26.0506
27.6891
32.2622
37.6705
42.8751
23.063
32.0533
36.6198
24.8409
29.5031
