40.6228
21.6427
38.5655
22.307
26.0378
21.9084
34.849
21.2727
36.7216
21.0649
33.8022
39.0504
22.2944
21.2173
27.4562
22.3148
23.2239
46.2482
24.7676
24.6873
25.5658
40.0199
30.4714
28.4252
25.2016
24.9722
32.0882
26.4551
42.6568
30.0922
35.8636
24.6365
24.1909
31.4397
32.5744
32.8854
24.0839
39.1762
41.2417
28.2918
37.3859
36.0901
23.6735
31.298
33.2386
21.4327
39.9729
34.2388
20.9588
43.8444
33.2203
27.2073
22.9555
22.4554
21.2252
22.113
20.7309
25.1884
22.6774
22.4094
21.4671
39.9579
29.7831
42.7031
25.8627
21.7823
25.7794
33.5139
32.8501
27.9659
21.4149
36.0572
24.732
30.465
27.8947
23.8887
22.2206
21.926
36.22
27.3156
30.219
39.273
33.0319
28.5812
32.1454
32.4101
30.0068
30.2285
28.2331
24.0637
22.9269
31.1294
38.8441
25.043
22.2404
28.155
28.0774
21.2286
34.5106
51.698
41.4597
27.5436
21.7735
21.74
21.1017
38.506
25.1789
23.8414
23.8209
22.5687
22.7773
22.0582
22.2454
23.9264
23.36
24.0407
22.0626
34.7115
25.4175
22.769
22.542
23.3111
21.4277
36.9872
37.2044
22.5985
36.8015
21.2535
27.2822
24.223
21.8606
22.0134
26.651
36.0269
25.2865
25.0872
42.7204
27.4462
27.5955
25.6722
26.9572
26.8356
25.4649
29.0389
45.3815
49.4157
27.7826
26.1758
59.694
30.9344
24.7721
35.3187
23.9151
24.2118
28.0998
38.358
23.7085
23.7298
23.7875
23.406
26.178
23.973
25.3742
25.5457
23.3578
24.1193
36.0061
23.0415
25.6645
22.8449
27.2014
21.6921
26.355
30.1255
25.9807
27.9557
25.7309
33.1374
23.7664
27.717
24.3735
25.6083
38.7681
25.2222
40.5176
26.4035
39.0474
26.1828
43.4601
32.5239
25.4787
30.2026
28.755
28.7295
28.481
28.7942
31.2187
27.8095
25.8268
27.6996
32.9813
28.3557
27.5942
26.6227
27.7087
27.1304
24.3329
29.0174
23.5562
41.0363
31.3388
27.3967
22.9269
23.7861
22.3748
21.9807
24.9874
34.8771
21.1563
39.1542
37.802
24.0895
28.3338
24.612
30.3107
23.5839
24.1236
51.2663
25.105
27.7356
31.1982
23.2854
25.2347
25.6013
25.6907
27.7901
26.1215
34.1186
27.9937
28.3743
30.9564
50.0597
30.6646
33.7765
29.2416
28.759
33.4693
32.3392
32.2253
29.2728
41.5507
23.6869
24.2294
24.2534
36.0084
20.6551
35.9492
33.335
22.6271
22.0592
26.2273
20.2834
19.3524
22.3057
28.618
33.3318
34.6893
26.6594
26.8214
42.538
24.8202
36.5634
22.341
27.4158
34.7243
19.4982
19.1923
34.7123
25.637
18.2867
35.6606
24.65
22.3871
39.9529
30.5995
25.9636
41.4866
31.0697
25.4095
45.0445
28.0558
57.792
32.6385
28.9291
34.7011
28.3187
26.4042
42.1268
28.7604
28.9407
42.9532
38.0266
24.1935
24.2805
24.0312
27.7173
25.8026
23.8801
27.7337
23.7178
28.2193
23.5453
42.9632
20.2666
31.9262
23.3175
20.3284
20.7644
40.3941
32.3372
20.739
29.0723
19.8207
27.6866
37.7103
24.0274
21.4468
32.3215
33.2201
26.8278
30.7068
30.7219
24.9978
53.1171
26.7554
48.4122
30.5178
35.3499
35.1824
45.3645
37.1288
36.0175
36.9952
32.6671
39.7416
32.1384
39.7544
30.8851
52.8319
23.8682
39.4846
25.9944
27.1039
24.2145
37.462
33.1627
19.7385
26.4774
23.2413
25.1951
30.4336
23.3365
28.5007
31.4603
25.3926
25.8797
28.4293
26.1462
31.1883
27.6469
33.9078
42.8086
31.7435
42.4677
24.7381
35.0395
24.5206
38.8752
28.5456
47.6194
29.718
33.7608
32.8436
32.8361
33.5974
35.5151
42.0078
40.2029
27.691
46.0069
25.8398
58.6872
35.8488
31.8774
25.4482
31.8145
24.6729
25.4275
27.4232
29.5199
45.6397
24.4598
18.4308
31.9272
19.1317
26.1069
18.4822
19.2406
18.4619
18.3219
22.5421
22.8271
21.6949
29.0048
35.2442
24.7593
22.2343
23.6968
27.0759
25.3017
40.2317
25.9953
30.5727
26.8831
25.5282
27.14
25.3186
33.697
27.5037
41.3534
47.0636
25.7554
50.2057
25.7807
30.4422
29.4616
29.2687
41.2939
27.8086
27.721
28.5416
41.6825
28.282
38.5147
26.3681
25.7654
31.3915
25.3484
25.4168
41.2154
26.8767
29.7432
27.0522
42.5284
27.053
42.2331
27.3891
26.1068
25.1264
23.6329
22.5726
28.2752
25.1334
22.5689
22.4655
22.4745
34.1397
21.8181
28.8176
23.299
23.38
23.5896
40.3499
27.4011
32.9613
41.3116
26.9526
29.3752
52.9945
30.819
40.9132
27.4619
49.7681
23.2583
29.6358
36.9384
44.1559
27.2429
34.6304
40.815
33.0268
34.1803
41.8124
30.1833
41.2733
27.0138
38.5113
41.9137
28.3724
29.249
23.8561
27.4074
35.4841
27.2942
24.0467
30.666
25.1486
25.2246
19.4986
32.2714
21.5887
50.6277
29.8412
21.5397
22.8876
31.6405
23.0986
28.6556
46.9316
27.1407
51.598
26.0846
30.8653
28.2359
27.2372
24.4632
25.4864
39.5856
25.9749
32.6637
26.1441
25.5064
55.0193
32.2949
29.2788
29.2482
27.388
41.4524
41.3837
28.523
29.9295
31.0385
30.1654
43.7992
34.4686
30.0174
50.07
48.913
45.3753
32.6267
36.8202
33.2624
30.0403
23.2794
27.9308
21.8965
18.6749
19.1361
19.4533
19.4941
19.1219
19.0601
26.3376
23.3763
23.6485
28.3127
37.5843
30.1095
40.5582
30.9904
40.8378
45.9366
22.5176
33.6031
32.9484
35.3712
36.0401
32.9988
40.7345
34.1756
33.4165
35.676
32.8495
30.8543
36.5306
42.4849
33.732
27.9422
40.9541
29.4665
32.715
26.2509
29.9701
22.6325
26.4237
30.5595
29.5036
29.1648
34.4902
27.8076
39.6685
21.7235
21.9423
22.9731
22.2645
20.1574
25.6362
21.3715
39.4789
21.0935
20.0031
22.4503
40.3786
19.4798
28.5409
24.9895
31.3745
43.7688
22.7137
31.575
25.7005
31.422
33.0939
29.0494
29.6422
31.9589
47.1933
27.6134
29.6014
30.2197
40.3075
24.5212
19.3264
30.5228
36.3487
42.633
24.518
27.462
29.1916
28.495
28.8254
32.508
18.4072
34.4294
24.4605
33.2805
28.7885
26.8591
38.8876
23.4321
37.3681
19.3661
26.0031
22.4989
21.2414
23.5689
26.3637
25.4307
26.723
26.5912
26.1392
25.4855
25.3769
39.2216
45.711
46.0348
29.2952
38.1987
38.8092
35.1309
41.3709
51.2068
27.5791
34.435
29.6493
46.2516
40.7877
32.6005
33.5882
41.5562
24.5852
25.7005
30.9507
35.4669
25.6015
19.782
33.6628
32.2541
28.8145
25.0714
19.5136
28.8599
25.4086
18.2843
31.5237
32.1224
22.2385
30.6929
24.3606
21.865
35.9195
20.0672
42.6828
20.0355
39.8166
31.2894
26.4381
25.3
37.7654
24.8412
41.4245
39.5981
25.5947
33.6133
24.4153
25.424
25.3825
25.7655
26.1994
34.6812
45.6174
22.9065
37.3148
43.3127
37.2613
27.4083
26.3304
41.1455
30.8231
36.3801
24.6063
23.4921
39.4982
37.3034
23.813
24.539
26.7909
28.4394
28.4725
26.1251
29.9698
22.3627
21.6295
22.8243
21.5569
21.9337
23.6765
34.1699
25.9367
36.9724
24.2537
23.7081
25.3882
24.1856
26.1218
26.3901
32.9229
28.9936
38.9833
30.2825
28.6806
30.0668
28.1319
28.1049
29.3165
39.8478
45.2844
27.5622
31.2685
29.0866
38.5729
27.284
25.9954
28.6821
20.7684
26.7919
30.1238
31.2034
30.8963
29.0341
31.7696
35.3736
22.588
29.1613
30.4796
34.5856
36.3893
28.8338
32.6897
30.1956
29.9015
28.2278
45.1962
25.0701
35.9307
31.6215
44.9194
26.3809
29.2764
30.6089
42.6011
28.3232
29.3437
34.0071
26.3882
35.8775
40.3267
32.6239
25.7414
45.3643
24.2526
34.2481
29.1588
24.1249
29.3496
24.5609
60.5828
34.2174
39.9671
24.4476
38.1971
24.1624
49.2188
27.561
26.8902
35.4969
27.2686
52.7304
24.866
39.1718
24.146
29.4532
27.9093
55.9703
27.3917
36.482
21.2639
32.7971
32.9938
23.6698
39.3718
23.7088
29.8698
42.1138
25.2246
26.2927
28.5733
27.4878
28.9364
26.3326
29.7831
41.5506
46.4884
22.9601
22.9378
25.8669
22.7565
42.8869
24.8612
39.365
21.7347
23.8994
22.927
21.2469
23.2986
32.3425
27.379
41.9085
27.591
32.6088
21.7744
26.7179
21.0607
35.0853
36.1987
35.3121
36.7985
41.872
37.6057
24.6921
23.5525
27.1471
33.8813
25.9456
31.7844
27.8927
37.8408
23.7933
25.359
35.4969
26.6406
54.3654
26.1562
33.2689
33.1851
28.6956
29.1872
28.1727
27.3969
37.1044
50.0344
26.9072
29.0884
26.2099
24.6131
24.0704
24.2398
24.675
23.8572
24.3984
22.5846
40.4238
34.1511
27.5993
24.9831
23.6991
25.9496
32.7521
23.0485
38.9637
28.6792
36.2472
26.963
28.2308
26.2928
25.5463
42.2623
30.6622
41.5488
37.7409
31.0316
26.3206
27.4283
32.2899
30.2828
37.1036
41.3973
25.1709
33.1677
27.4214
29.0499
23.4486
28.2725
24.1126
37.9787
32.7
24.9765
32.5487
35.376
24.9853
36.8245
37.3152
24.9931
36.517
26.6079
20.0518
20.4797
19.9239
22.3665
21.6422
39.0369
23.134
24.6442
22.8251
26.6073
24.926
41.3117
25.8834
35.8961
27.6469
29.0981
21.643
21.7073
25.6802
37.5341
22.1874
25.9514
22.3883
29.1821
27.3404
38.3528
26.4924
40.266
26.6361
33.1811
27.9598
39.192
28.1619
26.5926
47.9488
24.1987
22.4283
41.1801
22.0555
35.0093
32.9647
41.3152
37.5142
40.6654
24.4814
42.9316
24.0084
25.5736
25.7052
27.6214
26.5765
25.6532
40.2054
25.9857
33.6407
33.4685
33.8404
24.7475
41.7373
28.1001
30.2639
26.9079
33.0142
30.3472
30.2931
44.894
26.1302
38.9976
28.2669
37.6425
23.709
37.7419
35.2572
27.1884
27.4382
25.9142
34.1761
34.2538
28.9782
37.8268
39.228
25.379
31.1876
32.5378
27.2686
27.1838
31.7704
19.7747
24.3358
29.8751
19.1523
26.6283
29.5091
27.9202
43.5249
31.1358
19.2358
17.7318
34.0605
18.3711
27.8753
20.6469
21.6238
18.9051
26.4416
19.894
23.1838
33.8638
27.0865
23.0064
29.4226
25.4484
39.9743
33.2505
24.2638
26.1908
22.5857
29.8665
18.9644
22.4432
35.06
23.8704
25.4829
24.7872
31.3473
25.3753
25.4936
29.4845
28.2655
36.9333
21.039
25.1105
22.2288
36.2486
26.6141
29.312
20.3004
27.6749
27.561
38.0283
28.2403
42.7328
35.0157
38.8388
27.5248
39.8944
34.3243
21.8059
26.8433
21.9047
23.1361
22.5871
33.246
28.2299
27.2798
18.1241
31.5507
19.0847
33.9274
18.7787
22.43
21.4157
19.961
21.3527
20.6542
28.1777
28.2271
21.0042
38.4782
21.8693
25.1128
30.2654
22.3756
35.3446
39.7329
22.6179
18.8016
19.8285
19.5578
19.0661
20.312
26.3011
19.8917
19.6959
23.4211
21.0779
22.8961
19.8873
19.7834
21.2067
30.3138
20.7597
22.574
22.8014
27.8563
20.2082
24.4895
38.5678
21.9519
26.5253
21.9396
23.1343
22.3508
23.856
22.3647
22.7864
22.6514
21.827
20.1514
35.3625
22.2252
23.2146
36.9374
35.7935
18.013
30.7329
26.0898
28.8305
26.8549
34.0926
18.3004
34.7707
26.0387
29.276
33.2902
33.5778
25.1697
36.0284
25.7433
31.5054
33.9328
31.2654
27.1991
31.5943
31.4168
33.3147
35.297
30.6038
39.4304
44.0594
33.8988
27.2908
33.6189
41.148
33.446
28.0284
43.2778
25.6741
40.8513
24.4352
26.8886
45.3566
28.8508
29.565
23.1909
21.2294
25.4035
34.409
41.3624
22.257
23.7399
22.2618
23.5057
21.0302
20.1837
18.3887
21.3688
18.7998
22.2704
19.0353
34.8874
18.1928
22.7798
21.8541
22.1411
21.517
33.1271
21.4256
26.8249
21.5617
23.8084
22.0366
41.8464
21.5932
25.7003
24.8055
24.1908
43.7166
23.5108
35.5069
36.7089
44.569
28.7963
24.2181
23.5023
22.1768
29.6372
22.1876
24.6463
34.3219
23.504
23.9148
24.8727
26.0537
30.0006
30.0796
24.7766
25.2095
25.3336
38.5138
39.0639
26.173
30.685
41.4224
27.7938
26.0225
34.8241
37.7831
26.551
45.09
25.5473
34.7465
27.4771
28.4288
37.4149
24.4678
33.9487
25.1084
31.027
30.9173
28.1863
33.6285
24.5027
46.5851
24.2882
42.4539
27.3985
44.7096
36.1637
23.9233
34.1586
35.408
32.6325
37.3521
24.5008
24.647
24.4418
21.3601
28.8818
22.1324
24.3101
22.7686
22.9949
23.865
23.8579
43.8442
26.6958
27.3241
30.1372
29.2056
34.6129
38.2805
46.1225
26.0465
28.9078
30.0425
29.3921
34.2824
35.3725
35.9391
50.9902
33.2778
34.6244
35.8182
40.2575
49.056
53.7501
32.1062
35.964
40.9092
61.2611
36.0463
70.9776
36.299
57.6592
35.8912
39.2369
35.5173
35.5316
40.4995
34.5946
35.7442
34.8271
46.3154
33.3767
70.2943
37.4567
48.5971
32.7547
49.3402
33.677
30.1268
29.7746
34.0954
30.9074
25.8523
28.7098
24.2677
26.1728
25.9835
27.0548
25.9361
25.7192
27.8784
33.8172
47.2098
28.651
32.9302
31.8274
34.6967
31.4838
32.6729
58.2561
27.2088
37.9507
27.1403
43.0088
28.8609
46.3207
35.885
31.2533
33.2376
49.4331
27.3002
33.7647
44.2306
26.8558
34.7061
27.3677
41.1115
28.6334
27.9085
37.2712
32.4313
32.7205
43.829
27.3852
26.6186
26.1745
26.4272
38.1598
26.1367
35.0108
60.3808
41.8807
43.3433
40.7714
40.8947
57.9286
40.6422
45.0746
63.24
42.1187
42.2204
42.4554
75.4981
40.323
44.8081
40.1897
41.0598
40.1007
41.3793
40.2961
51.9095
68.699
48.9701
54.8778
40.4063
41.2748
44.3446
40.6021
39.7152
37.8084
38.8744
51.2863
39.4658
37.6734
41.659
37.4243
37.2795
45.0198
37.7944
39.5424
44.4666
40.9232
59.4688
39.0965
39.7628
44.8234
39.5461
39.5936
50.0675
42.8261
41.3003
39.8015
38.9109
40.0967
37.969
46.4711
39.8393
38.473
37.9164
38.9319
37.8555
37.4748
37.4729
50.5935
45.4209
42.4611
37.6257
38.7938
37.7941
38.2463
40.3934
36.5748
35.3656
50.2677
57.4264
36.5521
55.3019
39.0625
36.5326
46.5114
39.8541
37.028
36.6554
50.3326
38.7771
42.5704
38.8793
59.6299
52.8607
41.0576
38.6425
53.4327
37.2699
36.8493
37.4062
36.4576
37.1342
36.2863
36.6947
35.4657
36.3882
37.1148
36.5463
37.3773
35.7085
37.3766
36.2876
46.1889
44.2267
37.3807
63.8451
36.5798
37.3712
38.179
41.4796
47.8715
38.2359
38.3674
40.9739
36.7035
49.1852
43.8255
37.6208
44.4722
56.3454
37.9776
38.9611
36.1582
48.4709
36.147
37.9485
38.3631
64.9094
36.0798
44.2074
37.2356
56.5098
36.0183
51.2338
37.033
39.4117
38.5574
57.4112
41.3362
37.9058
44.0248
60.525
38.6196
38.3483
38.3581
38.7731
40.1957
37.8508
36.3105
36.7747
37.0481
44.4142
36.7234
41.478
37.3196
37.5858
56.2041
39.9304
40.7363
57.5079
47.1946
38.9346
38.0492
39.4739
40.0527
41.4763
39.4158
40.9309
57.0747
39.3264
39.9428
39.3911
37.4524
37.0976
36.6308
35.1101
39.069
35.9026
37.2551
50.2981
37.7572
37.1604
45.8054
36.2358
38.9713
48.7344
35.5935
35.7734
52.901
44.9745
37.1541
36.7258
37.4526
41.4373
46.1214
41.2048
38.0898
38.0376
53.0487
37.2487
36.4706
36.8266
36.3498
36.8546
37.3042
57.2406
34.1061
36.4695
40.7654
42.3762
38.3516
42.4074
40.3725
36.8257
36.6732
35.1905
53.6527
35.2112
33.9947
41.4627
36.3901
37.5606
36.5341
36.365
36.961
37.0607
35.2299
33.9151
34.3676
33.4438
33.1774
34.9642
34.7941
35.3901
37.5054
42.4428
37.8366
37.18
40.4742
34.4466
41.8102
37.4177
34.2312
35.0136
34.0198
52.6971
36.2153
36.9747
45.5186
36.8435
39.4984
36.548
38.6787
50.0642
39.1752
62.9129
40.5204
39.5138
40.4048
53.6434
39.7921
38.9616
40.1547
45.9881
41.1142
39.0956
38.593
43.3084
40.813
40.1674
49.403
60.6414
37.594
37.1308
38.5723
39.5458
45.9898
40.6943
42.1533
40.7815
59.7539
39.1572
44.9137
38.5906
39.8745
39.5655
38.5434
38.5744
41.846
54.9352
42.4091
41.0196
39.845
39.662
41.3205
37.4491
39.4944
38.6388
39.9767
39.0608
37.5713
39.1632
40.0161
40.3304
45.3459
38.4273
54.9426
39.2813
38.9812
43.4353
39.8352
40.748
39.8471
40.7799
41.5439
43.8754
40.8149
40.6752
40.8546
39.7346
39.6187
41.184
39.6522
62.1192
39.8483
42.4179
48.1038
49.5083
39.8256
52.7278
38.3022
40.5169
36.7
37.9253
52.8878
37.4749
44.3261
59.9174
52.4311
38.4878
38.9913
37.9057
37.1643
37.8153
37.25
38.009
38.2562
38.3973
40.3754
37.4235
56.8505
38.7457
48.3852
38.9457
37.8644
38.9716
55.8553
39.9006
38.7469
53.6002
38.9308
37.6331
38.3064
39.0736
38.0617
65.4477
35.8456
36.9181
42.732
34.8489
45.9869
53.3882
38.7572
43.5211
37.1096
37.9575
38.2608
47.0196
37.5419
37.8381
37.955
38.4586
37.2816
37.2123
39.568
39.9528
38.4003
49.7715
39.0089
45.0919
39.9885
39.6202
42.2705
57.2711
38.6139
39.7367
39.9684
38.0421
39.1927
38.3314
40.0345
39.0861
44.3419
42.9435
39.6087
79.3533
38.2197
62.0474
44.1037
62.0928
35.0022
53.413
38.3399
37.1127
38.3357
38.7448
47.5486
37.9201
40.9583
36.5669
39.7421
35.4728
51.8485
65.0284
65.7975
36.473
39.998
36.6371
37.4624
39.5006
38.0331
37.8243
45.371
37.7589
45.7436
38.3103
37.2068
71.7782
39.2715
62.1249
51.8864
78.7214
58.9676
41.6464
41.3917
40.9284
40.109
41.3258
41.4869
54.8131
64.8067
52.8724
44.832
42.555
40.4994
37.9376
39.0066
38.1914
43.6305
39.7923
39.4185
38.8538
46.1156
74.633
42.8367
40.524
49.3934
60.018
37.7261
41.2799
37.4234
37.7207
36.4657
36.6363
39.4683
35.9609
35.8039
35.568
34.8593
45.8175
34.4275
32.8598
32.9424
32.4794
32.6622
34.2418
45.5239
52.7003
32.0361
50.8492
31.7147
31.1191
32.034
31.3701
35.7871
31.1823
30.1942
30.571
30.9514
29.4011
34.0645
30.2379
42.014
40.612
29.6621
30.1024
30.0287
30.2119
32.552
33.1034
36.0045
30.6116
30.1779
41.621
29.0997
35.2086
29.5803
26.648
26.3193
26.1766
32.6028
30.5911
26.533
25.3554
29.0747
24.5825
23.9401
27.5909
23.7281
24.2721
23.5207
23.2482
37.1641
22.6486
28.5579
39.233
21.2674
28.3389
22.8634
23.0029
24.2745
25.5101
24.2151
25.1943
24.6392
25.0553
24.742
38.168
24.2129
45.26
34.0491
31.566
27.1292
35.0613
32.3774
29.3784
35.1565
27.6341
33.1949
38.9043
31.9216
28.8672
31.3205
41.1678
41.912
31.5955
35.1197
35.4231
32.1326
44.3923
30.4126
35.2228
34.9197
35.0516
40.7614
39.8661
31.6857
33.9641
33.4535
46.4812
27.5627
34.5691
45.2237
38.7451
41.521
27.6293
39.8383
48.9854
25.2304
23.6316
26.0126
25.7213
24.7167
24.8452
24.6485
24.7536
24.233
23.7828
24.3626
37.8993
27.7843
27.0416
34.3803
38.0477
40.9447
36.7534
29.4502
22.9448
34.5822
38.6089
28.5451
29.4172
23.8304
28.815
38.5417
38.8537
37.403
37.4451
28.0461
38.7739
39.0215
41.4304
27.0167
34.4819
24.1922
39.7878
42.8316
41.3654
34.8899
33.8854
33.7988
44.4344
41.4075
28.2686
30.0822
35.5821
32.6682
53.5375
30.2515
51.6186
42.8454
29.4525
27.9396
27.3813
28.5975
27.7672
27.7773
53.7209
26.6415
34.3607
27.0071
27.04
27.1879
27.9151
44.3218
27.1632
28.0912
29.7562
30.7111
39.9189
29.8242
27.8377
54.9024
28.7917
39.8821
27.0779
26.7724
28.4484
26.9462
26.2103
33.7654
27.1812
40.9522
28.3864
29.6617
32.9277
28.8188
32.2347
28.6702
43.1834
41.3364
29.4812
28.3199
31.8518
37.0031
27.0508
33.3103
57.5638
27.9228
28.2136
27.8833
27.1971
30.5299
27.9796
32.2825
41.8932
45.0397
27.0342
26.4293
35.8361
27.7769
30.7901
27.4821
43.5316
28.355
44.4626
27.219
27.7489
33.7193
27.9885
29.7069
31.6609
28.9211
28.7765
32.455
46.2473
26.9734
33.3828
33.2097
40.2679
29.7971
33.507
30.4499
33.614
31.2591
32.6257
32.8012
46.4164
26.9152
28.9164
29.2999
33.7082
35.502
34.9817
28.3022
41.3313
41.2481
42.3708
31.9756
31.031
27.0452
26.2028
26.8067
26.8209
33.5263
26.1121
33.7801
26.7128
26.6809
25.2581
26.9916
34.4799
25.3417
25.2555
23.7152
24.5105
23.9729
24.4945
23.3095
24.3586
23.1002
26.6391
26.7648
26.6346
36.7026
26.7913
33.4485
27.7256
39.3927
26.6641
28.234
26.9433
26.7592
30.4627
25.9095
26.2444
25.2087
28.4021
27.2427
41.2015
25.4048
40.5365
26.6018
29.3971
35.2302
28.1519
29.3018
42.9809
28.2642
41.0053
27.8413
46.297
33.1194
28.4405
39.6142
27.0597
59.4389
30.962
29.0167
26.7744
27.8555
28.4991
26.7228
31.1492
27.477
28.7189
31.7502
30.09
32.0156
51.142
33.6729
39.4644
31.6595
36.4014
32.608
29.7049
37.992
29.5538
32.5862
44.532
32.8733
37.484
30.8041
46.9534
42.5294
49.4803
35.4726
30.2902
29.029
32.5279
30.8138
32.4908
31.4045
44.3995
26.8448
33.1157
27.715
27.1272
40.5515
25.6568
24.0493
24.3213
24.1654
26.057
24.0857
33.178
29.6702
25.7486
26.9392
28.2648
28.7911
30.6534
27.7114
27.4292
26.8228
27.9124
37.8844
42.3808
29.8082
32.4843
32.8798
27.4954
34.4771
32.3986
29.9421
32.7656
33.9038
29.3561
34.9568
43.533
27.7058
35.3167
42.5544
28.7858
28.4309
53.8204
28.7646
30.0425
35.6534
31.7418
39.0789
44.3198
33.7216
47.3799
30.8955
41.9022
49.7835
30.059
32.0561
30.438
37.0412
43.4193
30.6591
33.3865
33.401
40.9694
32.2388
44.0705
31.0634
32.503
31.0097
30.9077
30.8861
30.2468
30.3781
48.5478
28.7967
29.5814
29.126
27.7621
29.9412
43.2614
31.4274
43.6377
55.5984
28.7004
31.5521
32.8567
30.3884
43.0045
36.5095
43.0074
42.9919
39.6006
35.3966
31.8088
30.4903
33.3145
27.896
29.735
31.7851
32.7093
33.6612
26.7839
30.6728
31.8413
34.8472
29.6679
25.7781
26.4553
26.233
25.6189
25.398
25.2645
33.9009
24.8315
24.4974
26.5045
32.8462
23.6391
28.3724
25.5218
31.2153
26.7221
40.8105
27.015
28.0242
28.5756
27.0674
58.3109
30.2119
26.377
43.3389
26.6593
27.3615
39.6833
27.364
23.7286
28.4712
23.3639
38.7008
23.5104
33.1868
31.8602
32.9598
25.0644
24.9328
66.275
29.1944
30.2663
33.326
42.0335
44.0748
45.8329
25.6243
33.8707
28.941
43.3268
37.8746
25.7423
25.365
26.2367
39.3518
26.4147
28.2573
24.6511
33.6969
26.521
26.1315
28.9077
26.228
27.2993
26.7859
32.6289
31.9874
26.9625
32.5517
33.1028
29.8983
36.4134
24.2084
48.2277
44.4914
25.181
28.1181
25.3177
26.0238
40.3034
27.4206
26.3714
45.9234
27.1231
34.4262
31.8653
34.4556
32.0217
33.861
41.873
36.067
31.8399
33.1207
41.05
26.7096
51.6767
26.3478
35.4344
32.3034
26.9439
37.0944
26.4907
25.3404
39.868
30.4907
25.6847
26.6724
27.3689
29.961
31.8611
27.009
25.2335
25.3887
23.217
30.7683
29.9603
24.8061
40.6068
23.2063
22.105
35.7281
22.6218
26.3855
39.9281
25.9457
42.0379
24.7805
32.2221
44.9209
26.1774
31.7906
41.5458
28.4295
32.1583
31.0103
44.6918
25.5101
23.2119
24.6811
35.6248
29.4854
30.3142
33.7842
32.0676
32.3873
32.2427
34.1483
36.1218
32.3846
38.7711
26.461
26.2362
27.7218
26.2293
44.3551
27.6316
55.4669
50.5002
34.995
28.376
33.9402
28.8858
29.6553
32.3797
39.6661
30.39
40.3005
29.8139
30.1037
31.4887
29.0123
38.822
34.7153
35.6824
35.5174
39.5112
40.1026
36.1221
45.003
29.0298
33.0164
29.3461
30.582
30.957
31.1053
28.8866
36.0191
25.7034
31.8133
24.0872
37.3483
33.6997
37.3195
36.7624
27.592
21.4382
21.6119
28.1858
46.169
20.6348
25.0742
18.9387
19.7121
18.2345
21.7435
19.5184
31.5278
18.8705
30.9766
18.2276
24.8734
26.7137
19.9218
25.6046
25.8516
24.8642
35.4999
33.463
29.4772
33.4507
32.6058
28.0713
36.6047
28.6155
29.0589
36.3464
23.9304
31.8318
26.4907
41.0902
25.342
24.279
24.1575
38.2392
27.2623
43.2341
23.0698
30.0341
36.3463
32.0594
41.9093
28.7883
30.7885
32.2409
31.0831
29.8641
30.5454
34.9881
44.881
39.4868
26.5003
44.4026
34.0197
26.3635
26.4382
27.9007
25.9645
26.8209
25.7102
39.9232
25.0669
28.5437
25.3474
26.1127
26.9167
32.5115
31.0015
33.6627
31.5759
46.3999
30.0209
34.2334
33.9726
48.5235
31.4103
29.1295
41.2011
40.0688
32.468
35.5333
34.8138
29.9069
36.973
32.5118
42.7967
32.4035
43.924
32.0354
47.4001
32.1368
40.8112
36.8603
42.9829
32.8609
35.5625
35.5948
53.4065
34.9423
42.9032
63.8724
47.3396
35.909
37.3177
39.4198
37.189
37.9268
38.083
38.1855
38.8767
39.5066
38.0872
36.1498
35.7048
35.7393
36.4838
34.6302
34.3272
34.4816
36.3321
45.9092
35.7215
36.0992
37.3763
35.6904
36.7325
35.8029
36.4916
49.2522
36.8349
39.3893
38.8479
40.3993
39.3535
40.1217
54.8083
66.9803
38.7332
38.5223
41.8013
54.4791
36.9987
38.0287
37.1125
39.8938
41.993
40.1305
41.0556
56.9295
38.2414
38.6586
37.3482
37.7236
43.0184
38.0618
37.5014
38.6089
37.7425
36.4558
48.4378
35.8379
35.9478
36.1404
37.6007
38.3805
38.503
59.155
38.1432
38.5524
38.5294
38.5235
39.2389
49.4504
38.6103
51.4732
41.7498
37.5049
40.3661
39.6621
36.1367
39.2277
38.4966
39.6851
48.9148
37.7229
39.7814
38.1802
39.1354
54.5918
38.645
63.9569
37.1758
37.7629
38.3479
38.9667
46.3118
40.9355
40.6767
60.2003
39.5624
59.1443
36.8612
38.093
39.4034
52.4396
38.4659
39.4529
38.7308
38.2866
38.9912
39.1399
38.8705
37.8079
42.1229
59.8923
40.2027
40.3684
39.8937
39.0769
40.7661
39.489
47.7873
39.0709
38.518
37.9169
38.0613
51.8809
35.6563
39.8396
37.01
37.2123
52.7303
36.4457
37.9666
55.7557
38.2176
66.1508
39.2092
38.6036
37.3451
37.9032
38.5875
57.8176
40.7937
39.779
63.5857
39.6011
51.2812
39.7275
52.1776
61.4466
45.6271
55.0639
38.4816
38.4527
39.2518
58.7387
40.7538
40.0126
41.943
39.9365
49.4168
41.5772
41.4783
40.6605
40.4127
41.4489
40.005
43.1529
40.0695
56.6068
41.2574
41.6148
40.7869
41.2043
45.8226
39.9031
39.7887
46.5538
40.0982
41.6231
40.3082
41.3526
39.9134
67.1834
38.8632
40.0919
39.0006
42.5228
41.8423
41.4434
41.6677
63.3118
39.4304
59.2396
47.5002
39.979
41.0158
46.7526
40.3972
40.253
51.2959
41.3218
42.728
53.4988
46.4873
41.4884
41.4833
56.3938
46.6283
44.1839
42.7087
40.3392
40.684
39.8275
45.2235
38.2941
38.4904
48.9644
38.9769
43.9462
37.0738
38.6996
39.5382
37.778
36.8346
39.1313
37.875
36.495
36.0637
36.0237
36.359
37.3191
57.9522
36.917
37.4823
44.4831
38.0149
36.7134
37.0588
36.7731
35.5496
36.4906
53.2844
37.4451
42.7168
36.3981
38.2606
34.4983
35.6461
38.6124
36.0486
35.3949
37.9959
34.4893
39.4907
58.3472
42.6893
48.488
35.3684
35.0587
36.184
34.3072
33.8655
32.8155
45.8295
45.507
33.9715
43.7162
34.7145
34.0598
35.5112
34.7165
34.7913
51.0999
35.8197
39.6829
34.7864
34.4462
33.687
36.7146
38.67
36.2155
36.016
39.815
37.269
36.574
37.704
37.4478
37.8188
35.5419
35.8357
35.7076
34.6185
43.8011
38.3755
37.5792
36.4356
35.7566
37.8567
36.5147
50.7831
36.1193
38.3742
35.8199
35.8583
45.8839
35.5846
34.822
35.579
35.6615
38.7236
40.8839
39.735
36.4145
37.786
36.4479
36.6139
37.1838
37.4121
42.6217
36.8998
36.9566
37.7232
36.3738
35.6409
34.7712
49.5394
47.6955
37.8497
37.6138
45.3849
48.5443
35.7523
43.9322
41.9153
41.8909
35.8364
40.3005
36.4154
36.1772
57.1847
39.4225
37.9081
37.0001
37.8226
38.6559
37.0117
40.5092
56.7979
37.0416
37.8149
39.2267
37.57
39.1344
39.1989
40.3552
38.5622
40.7293
41.5628
38.0051
39.6454
64.8353
49.9182
37.3319
39.1249
46.5204
39.0836
40.0343
38.7449
37.2674
37.5966
42.3896
37.9433
36.4605
38.0289
37.8212
39.9498
36.6081
35.7496
39.7456
42.4242
35.8646
53.7007
34.9872
37.8574
37.6231
37.4565
42.2773
39.544
38.9265
38.3595
51.6169
38.2043
39.0687
38.7263
38.658
37.9487
38.3608
38.1901
53.5551
41.0574
38.4176
42.7355
38.565
71.1555
40.7808
39.2985
40.312
53.9094
38.7767
39.0022
37.9669
56.9415
44.2948
37.5004
42.3038
36.7061
36.7048
36.1143
37.0194
36.387
36.261
40.8353
51.2693
37.1787
37.6425
35.6389
39.9052
35.5095
36.4855
35.4161
35.7228
35.195
46.5116
34.4638
52.2365
34.9193
34.4927
44.3845
34.4537
35.4454
42.8923
34.7024
36.1809
34.623
35.1692
35.6744
37.3116
47.7066
43.2188
36.8174
53.3687
36.9339
36.0188
35.9313
37.4274
38.5166
38.7991
38.8771
43.8472
32.6934
35.4851
48.8544
33.4591
31.9372
47.5596
38.0378
52.2866
32.282
51.0239
42.4486
43.9609
66.4446
33.7934
33.7337
37.6033
33.2704
46.8486
42.7304
31.2761
46.3021
47.8527
47.3198
33.0939
38.2564
34.3824
35.1891
41.5083
33.8702
33.1688
36.7036
44.4235
35.0513
38.8236
39.4447
34.0511
36.1567
36.5365
40.7473
35.1821
33.6936
33.1526
39.4777
34.3584
36.5256
36.0348
34.3972
34.1738
35.4072
34.2029
33.4908
36.0785
34.1907
35.3111
36.0594
49.7131
36.3421
34.1773
36.264
34.6206
33.1547
31.8081
32.6211
34.3057
32.9677
33.6988
33.3727
49.1947
33.9863
33.1716
33.3803
39.6469
33.1223
31.8078
49.8894
39.7607
32.6593
33.0253
32.1898
40.3823
33.6792
44.7685
41.4971
35.7246
33.6857
35.373
36.109
52.1711
38.3299
40.5321
33.7118
35.4891
34.3715
37.7976
40.0514
34.124
35.7679
35.1425
32.4689
33.081
32.5495
39.1482
32.1639
56.4229
33.7398
61.6189
39.9988
32.8301
31.6667
41.8691
32.3308
32.7496
31.8787
35.5709
31.6634
51.4234
30.5278
36.4535
32.479
35.5487
46.0172
51.1857
32.027
37.5283
32.8095
32.111
31.797
44.1621
32.2836
32.3457
30.7272
31.4208
31.3762
30.1664
35.765
40.2982
31.9127
32.1366
32.2933
51.0978
34.0098
32.7437
32.7929
32.8576
31.8729
38.6106
32.2423
31.5447
36.2281
31.333
34.4365
34.0758
38.222
31.5044
39.1841
33.659
32.8741
36.8486
33.0534
33.5505
33.8441
33.6106
33.4304
33.9628
45.2682
33.583
37.48
34.0821
34.3376
32.7321
33.0053
35.8476
35.6589
37.4948
54.0332
36.2704
33.635
43.7897
38.5205
33.1108
50.2801
32.8574
36.0333
33.4786
33.0751
45.5838
33.5558
33.0295
35.6446
35.6317
35.9607
39.2879
52.566
37.3428
38.9194
35.3851
36.001
35.9023
36.2979
44.376
50.619
37.9043
35.8393
58.1342
35.6753
37.0965
36.3268
36.2125
45.4112
35.6281
36.8387
53.034
35.4408
35.4946
36.5797
35.3245
36.6606
34.7308
35.533
46.9675
34.2804
51.0354
40.6576
35.2705
55.0728
34.3355
44.16
37.1633
39.5728
42.0001
49.4867
34.9745
34.9944
34.7566
39.1327
35.7159
33.9554
36.9886
34.7806
54.1983
44.7731
39.8239
43.3637
37.5778
35.8843
36.0936
37.8266
58.8794
38.684
38.2924
37.1353
40.4469
36.8277
35.5435
35.6637
55.0194
41.0303
36.7507
52.9298
36.0961
37.5793
36.6529
36.2136
36.2437
35.9519
36.5896
37.881
37.2602
37.2014
45.0128
52.699
34.9358
41.7134
37.5111
39.9738
42.0597
40.0249
38.4788
39.7633
38.7398
37.9872
66.9785
38.0758
44.6617
38.6289
39.2982
41.4061
39.899
41.8153
53.3242
41.1415
40.142
44.7603
41.574
40.5208
41.0148
41.4763
40.8064
40.7663
41.8715
39.4913
41.443
47.1591
40.3399
40.6516
41.2999
38.6124
48.1545
38.2051
39.6448
40.8297
38.5082
38.9981
58.4925
39.9471
39.8469
40.5089
38.8565
41.9122
38.2967
56.8071
39.9694
40.1423
56.5319
45.2905
40.0349
46.4224
38.6144
39.8809
44.1459
57.62
42.1336
42.7955
44.7435
42.4943
43.6114
47.0286
57.538
42.7322
66.8803
52.4686
40.3342
66.0092
40.5386
41.2241
41.0012
41.2237
46.8675
38.6018
55.8105
47.3361
42.2454
42.6112
43.275
50.9558
42.999
41.7849
43.6547
45.6628
42.9151
42.4686
42.9544
54.8829
40.195
43.3977
44.2171
42.1404
45.4092
42.072
42.9617
48.1682
43.3897
45.2249
43.2684
48.6836
59.4324
42.811
43.3605
42.2998
42.5391
41.5044
40.7321
57.0354
57.0068
41.232
40.6934
41.2087
53.3934
42.0839
51.8657
60.0124
45.9068
52.6925
47.5753
41.641
41.422
42.3951
44.505
41.4063
42.2511
60.2697
42.0148
41.6559
47.2298
39.2053
49.134
47.573
40.9162
39.2838
50.1122
40.1575
58.146
54.2633
47.3755
40.5433
40.7931
41.0503
41.9518
41.439
42.9443
40.7638
40.1434
41.7197
40.5116
45.996
58.4206
47.214
41.6441
39.6683
39.3544
44.3632
39.7849
40.4934
38.6057
56.6067
38.2657
37.8124
55.4256
37.5476
40.7987
37.9539
39.1426
38.2278
56.513
49.8777
39.7501
42.2047
49.2698
38.7698
44.6433
38.2046
74.707
37.1407
51.4054
36.0223
38.0051
47.3289
38.5457
38.1004
49.3447
35.2183
36.1865
35.6273
39.6208
37.4638
46.6206
34.56
32.5416
41.2535
31.5957
36.214
32.2181
30.6221
28.855
26.7898
31.7369
34.4512
28.892
27.8169
26.1131
24.7806
27.3546
28.0365
22.8178
26.6738
25.0146
22.9652
22.8145
32.3693
41.0887
22.1378
21.295
29.9279
21.6876
31.1837
20.951
20.6326
20.4755
26.4074
25.9956
26.3989
22.0112
36.0093
29.6702
23.7369
35.3286
21.8645
23.5454
39.2929
24.224
24.2332
32.7825
29.952
22.9089
26.8281
33.5781
44.5819
25.9125
37.5224
38.0456
28.8088
22.3335
28.9934
47.571
26.5592
35.8922
30.4198
34.4645
34.9536
38.9389
33.7359
33.8278
33.597
35.0605
32.5717
36.5612
38.6146
42.9952
32.9447
48.0874
32.1426
30.4585
29.3479
34.3928
36.6654
32.5739
42.9009
31.2236
32.4687
34.5828
31.6115
31.5935
40.5381
32.8194
31.4373
31.4552
32.2988
42.0927
30.7364
32.9283
36.1549
48.9148
43.2403
28.6125
29.6735
42.6138
31.1698
47.0493
28.0765
44.7777
46.1116
30.2653
37.3418
36.8912
47.8216
31.9658
39.0719
34.1496
35.9498
47.5908
38.9568
33.2857
39.0316
29.7244
34.5619
56.6619
30.9674
44.9604
59.5
47.4343
28.9629
35.8007
31.0039
56.2615
47.1173
30.1124
37.5196
30.6067
30.2715
34.7684
30.99
32.9277
30.5146
44.5967
30.699
30.7812
31.3831
29.9531
38.0194
31.3983
31.3806
30.534
54.2117
31.1118
32.706
35.2569
38.608
45.6106
29.8808
54.9306
34.0331
32.4661
47.6499
32.0829
38.2222
33.2377
37.1455
30.5067
36.0407
39.1192
31.6164
29.4793
29.0403
35.3609
34.7969
40.6897
33.4126
34.085
39.8703
39.8802
26.9709
44.4577
32.9294
38.2008
28.0713
27.4052
26.6805
26.2655
28.1533
27.5133
26.5342
27.2596
29.2718
28.5351
35.0562
35.1127
35.0475
33.1956
33.019
33.7135
29.6644
37.9853
29.7709
43.6336
35.5664
44.987
61.9428
29.3732
28.9829
30.1114
34.7568
27.9629
34.3499
33.5525
28.8558
31.2572
35.9736
31.0435
33.7709
43.9583
45.1711
43.7851
51.7068
28.7346
35.8348
32.7184
44.7891
46.188
39.3411
55.3205
32.9351
25.3461
42.5141
26.3381
39.0657
26.6085
28.7384
30.9687
27.0212
27.8426
28.0822
27.7352
31.4187
28.7203
38.2492
27.637
38.0507
28.1915
28.4457
28.3836
27.4203
26.7357
31.6009
26.6969
36.3135
50.9079
42.5669
27.7913
26.404
26.9633
27.5074
30.5215
28.7299
33.5708
28.298
32.7416
28.2212
43.4249
29.0903
28.3659
28.885
29.584
28.5973
44.7855
32.6338
26.9664
27.6101
31.5211
27.3879
26.4219
27.4653
27.6603
27.4062
28.4095
29.0992
29.361
30.7722
28.7543
28.8215
31.9808
35.9414
29.8478
30.8246
29.8368
31.6339
31.0977
33.6455
30.5824
31.5502
28.2478
55.1077
39.5879
53.7998
28.3753
39.7373
49.7753
28.7371
28.2113
37.3957
29.0336
31.3717
30.6145
27.1453
26.9735
38.4647
40.0365
30.0984
27.0792
42.817
35.3048
33.7165
42.5072
41.8389
38.1196
30.5567
35.6679
33.9155
35.2095
39.4147
48.4987
29.8532
30.861
29.1095
29.4755
32.3025
38.3576
25.2236
28.71
26.0284
35.6277
26.1809
25.5578
25.0782
26.1979
25.3471
25.1587
24.6587
25.186
27.0164
25.8951
25.9702
26.9676
26.8521
26.6241
25.6056
25.9131
26.6978
25.7038
25.6292
25.5354
25.3634
24.134
40.6352
34.0592
29.6639
34.5094
29.5949
52.0268
34.2344
28.1883
43.783
41.8764
29.9302
48.3003
27.651
40.4538
31.4116
33.123
35.3042
29.1054
42.1604
26.008
24.3155
26.0369
25.1998
25.1314
24.5464
25.1319
23.7479
23.6153
24.5118
29.7546
25.0552
32.4882
30.0762
42.5447
32.6634
25.1329
25.8653
31.4927
33.1117
31.4119
34.1768
38.3632
29.8241
32.1812
23.9679
38.4885
26.0392
32.4251
31.5522
42.4319
23.9196
36.5032
48.9146
38.8675
26.0911
37.5381
33.0237
28.9559
31.7363
26.2428
32.1166
24.4486
31.9112
28.2916
30.7036
42.7828
26.2355
44.4011
25.0031
24.6519
24.0503
24.5887
25.2094
25.6088
27.8292
26.1983
26.4842
26.9034
26.63
34.3003
32.1378
30.8918
29.8389
55.8386
32.477
29.3198
27.0506
27.3854
38.0801
45.1619
29.1759
47.3426
29.5545
35.3919
33.5088
35.9358
44.0107
30.8342
34.5323
29.6922
55.3859
29.8701
39.164
38.1854
39.2157
43.7567
31.714
38.4503
35.4273
39.4943
43.751
29.2171
38.4344
44.7252
28.8224
37.9634
41.2908
49.6508
29.5043
46.1341
28.2475
31.151
64.4725
40.7828
27.0543
27.355
27.3363
34.0878
26.1606
25.8855
25.9131
31.2299
33.3732
23.5918
23.5318
31.7516
29.4613
38.6012
29.5552
33.9333
43.4268
26.8684
36.0446
34.3272
41.7057
30.1474
29.74
25.2505
41.9934
41.0355
28.2981
30.4017
36.1297
41.8876
28.3259
34.2244
30.7302
47.4986
26.2888
30.6074
39.0567
40.5289
29.0148
58.2101
26.8374
53.6143
37.8742
27.8713
35.4871
27.4075
41.7086
27.8261
27.2337
31.4679
26.016
27.8869
26.9925
26.4202
27.3358
35.4719
27.3099
28.0265
28.2994
49.5882
25.7814
45.0407
29.2626
54.0267
35.7827
33.738
31.2912
33.5014
42.171
41.9751
35.9784
46.6884
32.0735
31.4979
30.6183
43.8603
27.0991
49.3071
24.7175
39.7231
32.816
34.5711
36.4349
48.3744
33.1302
41.7601
35.0445
31.6655
52.2074
30.5968
29.3543
43.9103
28.1054
49.517
27.7404
27.2842
40.4321
27.8971
26.8081
27.8067
40.4928
38.1078
28.2787
26.9544
37.7309
32.1847
27.5813
47.6024
31.1784
41.1868
29.5923
29.716
39.7243
53.0416
29.0212
28.3096
32.4023
31.5079
32.8904
30.8532
34.2387
29.2845
26.8995
33.719
42.567
37.43
29.5518
30.0396
27.6007
33.1174
28.8355
43.3559
31.6875
37.5938
29.4024
30.4251
36.8653
43.2255
44.5302
31.5354
28.0138
37.7845
36.5664
27.5654
35.1577
28.0332
27.9927
31.5653
33.3697
30.1558
29.6739
30.8147
30.3032
30.3004
29.7557
29.2047
31.1878
28.9613
28.8936
27.6925
47.7317
29.224
33.7128
45.0622
30.4629
31.4884
32.6515
41.1173
40.33
46.1126
32.4056
51.6443
32.9443
32.5733
32.9605
36.6929
44.7701
31.6842
41.9506
31.7987
35.322
52.1387
47.6349
28.2871
34.8545
32.4857
34.1273
40.3248
31.2951
43.8577
38.5717
55.0426
31.1504
30.7777
55.4207
29.6396
30.6676
29.3443
31.1341
29.4227
36.959
29.5838
29.788
30.771
29.9829
29.2956
28.5767
28.4488
28.2844
42.6301
30.9528
31.0431
33.1497
43.9242
28.3476
32.8887
32.7051
35.4678
28.8132
33.4397
43.1313
43.4625
39.5456
27.3032
32.6178
50.4105
26.1535
32.7703
27.6563
30.4847
31.6644
32.4659
30.5496
41.3527
29.0709
43.7364
32.66
30.9198
41.7393
45.301
25.8468
36.16
40.093
30.4155
26.5837
29.124
28.4787
25.234
25.445
44.4543
44.4767
40.577
25.2702
33.6287
30.756
24.9446
37.0012
26.4683
27.4601
37.6282
26.3958
50.2354
28.614
34.7636
39.3095
47.3891
27.6878
36.1435
28.4414
35.5831
29.3454
29.7646
41.5958
27
27.9357
35.2464
38.7679
34.0274
42.813
26.2306
32.0402
30.1927
35.7366
24.0495
47.6626
36.1493
28.1894
32.9871
36.6259
33.7373
29.6208
28.647
31.7557
47.3952
49.4888
22.9851
31.4774
24.7787
24.1014
34.6943
29.376
26.0528
25.3571
25.1501
25.9539
36.8158
25.6275
28.8918
26.8564
28.8857
33.468
41.6255
31.8975
24.9799
24.352
30.9654
36.0299
35.6865
36.1583
42.1101
42.5645
32.0026
30.3369
24.5194
26.9403
26.7245
35.0937
34.8866
31.9042
37.2458
30.4266
30.29
47.9377
25.6591
25.023
30.3535
35.8254
30.3302
25.8183
24.2358
35.26
42.6833
38.9692
23.1449
32.8851
25.5058
25.3593
46.9384
25.5513
26.2118
25.7191
28.0305
30.8458
26.3536
27.4263
26.037
25.4884
28.6962
25.4704
28.2433
25.0125
28.53
25.8289
24.9298
34.6348
46.5135
46.1662
26.8817
43.6099
42.7555
27.4807
26.8637
33.6234
32.437
42.2825
39.05
29.8844
29.9346
35.5337
38.4519
30.4612
39.1668
57.9021
29.4869
40.9263
29.4925
32.2741
37.907
44.0169
34.0889
41.017
29.238
29.2705
42.515
39.3999
27.0295
39.5714
28.2386
26.868
29.6121
34.5799
44.9405
35.8986
41.2472
31.1718
31.6878
27.2721
27.3057
26.7336
32.4
26.3825
26.5144
26.9279
41.6911
26.5077
30.1635
33.3717
31.487
34.3111
24.0526
29.3716
25.95
32.8783
26.0303
39.5352
35.3071
30.3215
36.9219
31.2249
32.1021
38.6095
29.1679
27.4279
35.5326
32.2786
41.1531
29.1011
34.9306
30.7949
31.8421
43.8904
32.8902
34.1701
43.709
26.5658
51.3199
26.4308
46.8762
25.7202
26.2493
25.3967
28.2203
31.3397
36.1768
24.7255
25.039
24.8279
27.5535
24.567
27.144
34.6792
24.0983
24.3977
34.8252
36.7612
24.0415
33.4164
26.8096
24.6573
29.9198
34.8321
43.9177
25.457
25.8376
32.3396
29.505
32.2344
25.68
25.6132
29.9228
27.9133
25.658
27.0524
25.6804
32.6215
47.1045
26.5697
25.1359
30.9023
38.7379
53.3029
30.8554
28.3154
29.3157
23.2152
29.2623
23.5388
25.0777
23.53
25.5313
23.6544
24.7921
23.6664
37.3006
24.7878
29.7269
25.9871
25.0084
24.7668
24.3734
29.4313
27.041
27.8268
30.6621
31.8924
35.6751
31.3995
41.4832
28.6139
38.9315
31.1243
29.207
43.1993
46.1039
35.2263
56.6827
29.0826
29.8972
31.1655
33.846
34.2348
33.9758
33.6418
33.2822
31.0967
44.8853
27.9899
27.3256
28.2471
27.0097
35.5611
56.0388
26.2122
41.6571
27.0435
24.8127
40.4241
26.2372
25.8862
24.6744
25.0047
23.8061
34.1124
38.8142
25.8069
23.2077
24.6093
24.715
23.7939
24.2031
23.5609
23.6721
23.6665
45.6679
24.792
29.5291
24.7469
23.9318
31.3614
23.4013
24.0699
24.3207
25.7332
23.4463
23.2382
26.7801
22.0273
20.9014
25.0186
20.4873
23.9959
32.5503
26.0595
37.6116
22.7224
26.6751
23.615
47.8186
40.6852
23.9736
24.9777
23.4974
27.0368
27.8349
23.7326
26.2382
54.8801
35.6398
24.0689
23.4239
23.8627
23.5206
29.2372
40.2105
25.0699
49.3072
29.9762
28.4591
26.1534
23.7077
28.2611
40.6742
24.071
45.5352
41.5453
25.2683
23.6644
28.5095
30.9718
27.8151
25.4634
28.1329
27.4052
32.2809
23.6053
24.8028
28.2086
43.2862
28.0311
35.3329
24.0765
37.4225
37.9755
39.952
28.5668
28.2447
23.2265
31.9368
32.0584
25.9097
20.8883
38.0634
29.8884
37.7282
21.1821
31.9639
22.672
35.704
23.6487
24.578
25.1336
39.8324
22.6185
21.6565
25.5188
22.362
22.483
24.7289
21.0194
21.7201
22.1324
20.0023
21.6111
43.8528
23.1509
22.3205
21.3617
22.0701
22.9662
22.504
22.4133
21.3062
25.8917
22.998
23.9147
22.9783
22.4567
25.9284
22.2728
22.6098
23.6739
39.3464
21.1922
21.653
30.9302
21.1013
21.1463
21.4027
21.9091
32.0946
22.8858
38.6319
30.129
50.1666
24.6849
23.5887
22.2303
23.9724
33.221
38.3391
24.1246
28.702
23.2659
22.0339
22.5482
40.467
21.7446
36.9357
23.1445
32.818
31.398
23.5025
23.5744
21.7641
22.663
31.5323
23.1014
24.955
26.0508
24.5963
34.1729
31.2486
27.5339
25.0288
31.0109
25.2191
23.7724
25.2748
25.321
26.9425
29.0075
31.6517
32.9822
26.2823
26.8177
46.3634
30.7997
27.9673
27.0193
39.913
29.4911
44.3043
25.1843
26.1543
25.4417
24.0408
24.0915
28.6891
30.3822
22.8071
26.3614
29.5211
34.9965
22.6152
31.4118
21.478
23.7068
33.5809
23.0691
27.7429
23.1882
22.6904
24.4296
35.091
24.7828
24.1454
25.8312
29.5919
27.8091
30.5858
33.2629
24.9721
26.1001
24.6092
37.8059
24.6348
32.9712
22.9981
28.9435
26.8508
24.3744
28.9595
33.7169
24.8455
27.0506
37.9161
25.5482
32.5775
32.7966
25.7214
23.369
25.6645
23.9017
35.7755
39.0969
27.3193
27.9328
57.8836
38.2576
25.3798
28.1405
28.7265
27.0106
26.2917
26.9935
27.0452
27.3014
26.7388
35.4731
33.878
28.1978
33.551
29.5988
31.5507
32.6915
25.4835
32.2534
33.4198
32.2971
44.207
34.7766
39.0496
34.6285
33.5263
40.2845
27.6082
41.1365
40.204
44.0916
45.2556
28.7791
39.207
37.602
41.6737
36.6995
31.3173
31.3697
32.091
25.7637
36.3945
27.6026
24.1898
39.0549
24.5099
29.3879
27.2165
26.7579
26.5285
32.4065
29.1417
28.5404
28.34
30.9311
33.6305
32.2696
26.8511
26.3489
37.8075
32.9385
38.4761
32.1172
47.933
26.3866
49.1651
27.8075
26.2406
35.576
25.0153
38.2631
42.9278
34.9287
28.6522
28.2393
44.0162
42.9429
27.7574
27.2725
27.2066
28.0611
43.5357
51.5039
29.9259
30.695
32.4377
33.6487
38.717
35.1324
33.0666
36.5607
55.4669
32.0611
49.4386
30.5218
41.4344
47.1355
29.9438
30.4705
47.9543
32.7008
50.7584
29.9842
32.5786
31.7895
31.3542
37.8444
32.7185
31.8422
34.2836
34.3913
35.6644
36.8321
35.8309
34.4003
36.1958
37.176
36.3585
38.7465
35.0895
55.6757
37.3786
36.5292
42.9565
37.4649
55.5201
36.6124
36.1445
41.2687
39.7621
38.7792
40.1083
40.3716
40.7336
38.1457
42.3755
39.1428
42.1307
44.2334
44.2672
52.2993
41.1087
43.8248
50.1121
40.6051
58.5453
42.7039
44.2307
41.107
44.5524
40.8127
41.9083
63.1273
40.7801
44.0241
47.1188
51.1381
48.147
39.4968
40.1513
43.3609
61.959
40.5187
42.061
38.1475
38.242
38.0759
52.2618
38.5938
40.1147
54.1621
59.1992
38.0113
45.411
36.5871
39.4022
46.8075
41.1715
45.1537
51.4762
40.7402
40.3229
38.9654
40.5401
61.7585
45.9045
40.8581
40.0337
41.1821
41.2855
38.7594
39.3954
38.0802
36.7064
37.3448
46.719
42.997
41.4906
48.3424
37.4993
50.4414
37.9914
39.3414
38.3985
50.294
37.5497
68.7678
41.6623
51.3026
57.0407
40.3064
39.2566
39.6785
39.3736
39.5773
43.3292
39.8348
40.0375
62.5793
40.0382
39.0243
39.3412
56.4163
42.5075
40.7612
39.5743
38.3655
40.6061
41.8201
41.7332
42.0123
41.4569
39.9101
43.6847
40.8008
40.4863
40.7103
41.4304
40.7163
41.4242
41.0658
41.628
41.9313
41.9767
59.7169
61.1906
42.6913
40.0357
41.0505
52.1843
50.5675
41.9063
41.3548
40.4913
47.7889
38.0442
45.4594
38.4027
49.5928
38.9879
39.8383
39.342
40.0936
41.1933
45.1284
50.4916
84.1217
38.8516
57.1004
48.8674
41.2386
42.2383
48.8112
47.4915
53.5873
41.5975
43.7582
39.8383
40.2067
38.6563
40.145
49.1317
43.1609
42.7999
44.3526
45.7575
40.3263
46.334
42.6002
40.791
39.6818
44.6703
39.8483
40.6505
37.024
55.5511
37.3737
36.9279
48.5411
40.2746
40.0182
54.0675
38.341
44.3743
38.9881
44.7037
56.287
39.4762
37.537
37.8575
36.8397
38.517
38.4249
58.2568
53.5939
38.259
68.1064
56.3659
37.7394
37.8143
55.9446
37.9689
39.5132
37.9454
37.5173
39.8446
39.2946
61.945
43.8426
39.0366
40.2944
40.9472
36.498
35.6237
35.994
35.9325
36.4207
37.0788
36.1322
36.8294
36.4681
37.4204
36.3812
39.3775
38.3767
37.5107
54.9103
55.0336
36.1581
59.0522
38.3598
39.2844
37.9891
38.7231
37.9858
39.5882
36.49
51.7377
34.3841
57.4492
35.5567
63.5102
36.5276
35.8873
35.5376
61.0674
36.2515
38.9338
36.0098
39.2721
52.9167
38.9863
37.5214
46.7752
35.2988
40.2553
39.9438
36.6132
37.085
48.0428
41.3454
39.337
36.2939
60.7094
37.4269
53.2881
42.9204
35.6412
34.0841
56.8197
36.5255
52.4406
36.2009
37.4834
36.2404
36.598
44.9826
36.2799
68.1776
36.383
35.591
34.9309
40.6544
42.8489
40.8455
36.7995
36.1844
80.1155
39.7974
63.1935
37.8675
38.1923
39.5961
59.2929
40.8958
79.4827
44.5395
42.7124
41.1277
42.8684
41.1817
40.9162
42.0648
40.4184
41.8657
42.7043
40.341
40.5247
39.8037
40.7336
41.3908
43.611
42.1736
56.0295
41.4034
49.9261
40.348
40.7129
41.814
42.1566
42.8457
45.4679
41.2346
48.5426
44.0602
58.1143
39.6366
40.0459
39.6784
39.8642
56.9888
40.8092
37.386
37.6111
37.5139
37.9301
38.565
38.0094
52.7601
37.0044
35.0529
37.4905
35.5498
33.9735
34.9059
34.4613
43.2977
34.0683
33.7514
34.9358
33.3098
32.7459
31.6121
31.8337
32.0602
30.4844
31.6262
29.6513
29.6519
33.5742
47.2928
37.7353
31.1039
34.279
27.9218
35.3047
34.616
43.0087
30.7991
55.1076
29.0974
35.3278
28.8796
39.9409
45.5104
29.8203
28.305
26.5795
25.5339
26.3376
25.4501
25.0042
24.635
24.3227
31.5584
22.8395
32.6902
22.075
31.04
23.1253
24.0331
36.6057
23.7877
23.7413
24.4078
25.2763
25.1974
25.2128
23.8998
25.7271
23.2407
31.9697
23.4754
23.9467
32.7072
30.7451
22.745
28.3686
24.2312
26.6851
35.1651
27.9762
23.7598
36.0041
26.9412
35.1171
28.0265
31.8633
31.9618
26.1496
29.582
33.6331
42.3113
31.5661
31.6785
42.6075
28.8307
25.9354
26.143
25.4337
23.6936
26.4587
24.411
26.612
34.4151
26.168
23.0818
24.8191
26.3028
25.1374
46.167
35.0321
27.8454
26.1231
26.4204
27.153
26.023
33.2194
31.4031
30.3888
39.3953
37.4158
31.007
31.217
37.1956
41.6405
28.639
46.9312
27.9139
50.6798
32.6568
30.3518
48.6637
28.9744
29.3672
46.898
27.588
48.1442
44.2113
29.5425
44.0423
29.3089
60.0562
47.2
32.6594
37.6025
30.7865
28.7327
28.758
27.42
28.2681
28.7242
27.6683
28.1923
29.4513
55.323
29.925
28.1168
31.3949
46.1388
28.4719
31.0607
29.6718
28.0036
27.0621
26.3093
27.7593
38.2084
26.2246
26.4583
34.0974
26.2832
25.7647
32.5072
27.1425
25.8711
25.4488
24.1912
34.6498
46.4756
24.7119
25.3082
24.5707
23.2437
23.2699
23.3806
23.3856
32.3603
30.4022
21.5716
22.4877
30.5792
30.0307
28.9644
32.0609
43.3477
23.3283
22.9146
35.9614
34.9332
24.0155
27.0016
24.0366
42.8437
27.4282
40.0714
23.7993
37.8861
25.3441
37.588
22.6872
40.3588
22.7336
36.6362
42.3926
43.0625
28.9348
37.1803
23.7823
32.6452
26.8252
24.2238
30.7031
25.8568
25.5963
37.5871
26.0945
23.609
25.9171
25.8535
52.4724
30.351
30.2588
30.166
30.1261
26.7599
27.8196
21.5141
34.6374
33.6619
23.8911
23.7586
40.9093
33.8527
31.4079
43.1172
25.3451
39.39
31.2026
27.7734
48.5202
29.0373
42.8254
44.6267
29.4922
28.0887
27.9545
28.2512
33.6353
35.2864
30.078
27.6779
27.7065
35.2153
28.039
34.7446
33.0151
34.2167
35.572
29.9627
33.6542
29.3182
41.1867
38.1219
32.8493
37.5102
27.8771
25.0281
25.2039
30.9266
49.7619
25.2358
24.1108
27.0695
29.6838
24.7209
25.7265
37.5998
30.6362
37.4054
48.7552
24.2417
24.4938
34.5873
46.9011
30.104
30.5493
22.2548
23.9975
22.6496
22.1323
35.3075
22.8523
43.013
25.566
27.2974
26.1462
28.646
28.0065
30.4521
27.1452
39.5296
31.9847
28.545
24.9146
41.2459
26.2976
27.5505
41.4226
25.4839
24.2565
28.5763
26.1788
26.3204
27.1836
27.6549
28.9363
28.5397
29.3389
28.5481
28.1027
26.4119
28.0513
27.9248
26.9049
34.4563
27.1725
27.1133
25.7383
30.7613
26.5096
27.4261
38.7161
30.6474
32.415
27.8407
27.0718
32.9722
26.715
29.3615
28.2988
26.7329
27.5793
47.3386
40.3658
25.8958
26.9476
28.1208
26.5875
26.4295
26.343
29.9303
28.1579
31.1459
31.9785
41.8139
41.1516
43.6315
32.4445
33.8267
34.2054
43.9618
28.5202
28.217
30.8398
34.1688
31.2882
37.3513
42.5101
31.8914
30.7189
28.888
42.8638
41.5263
31.0671
29.6003
41.9404
46.7134
28.7976
42.3869
34.7393
64.7313
27.4331
29.5766
27.0555
56.9284
26.4199
47.7737
22.9852
31.1784
24.8812
37.9257
28.6045
39.3149
25.1973
25.8065
27.0101
37.2771
26.6322
37.6421
25.368
26.1793
26.6219
32.0175
26.3281
26.2253
25.6515
25.6213
26.1567
27.5266
26.8047
28.4476
25.9521
27.7347
26.2329
29.0766
29.1874
26.6908
27.7527
29.7051
26.7328
28.1581
24.5365
33.9078
29.2159
23.84
26.5578
23.8904
23.635
35.8362
24.4741
24.5812
28.9873
29.3122
24.7234
27.3444
23.3214
24.321
24.322
22.6095
23.8991
23.5543
26.4854
23.5306
24.9449
24.3845
23.3122
29.2249
23.8153
34.4384
27.8751
31.4199
33.8659
41.4908
40.6557
25.3366
32.0887
28.5649
29.6145
29.1129
31.8592
29.2279
27.6046
23.8268
27.7891
32.9451
35.3179
35.3865
42.3995
39.7761
26.942
26.5475
28.7726
36.4022
26.922
36.6867
36.0375
38.0769
29.9044
31.7488
27.4505
26.4337
32.8565
42.8965
38.8382
52.7737
25.6294
44.6407
26.3072
25.1776
28.4585
33.3675
27.3537
28.2326
27.6584
39.5751
27.6251
28.1201
28.0722
29.3813
29.2167
27.9359
27.8874
37.4999
26.7952
26.8194
26.7286
38.8233
34.5464
27.1603
34.1064
27.3421
39.3977
27.1407
25.9424
26.3046
30.7044
26.5432
25.9409
25.3529
25.8964
24.0183
24.5328
25.7621
25.8798
30.5278
25.2128
25.7684
28.3811
26.6911
27.1628
26.5606
32.412
28.8578
38.3296
26.9581
27.278
27.3867
26.8702
26.5285
26.9229
26.6235
25.9734
24.8508
27.0644
25.8049
24.9797
24.7433
28.5246
43.525
30.9869
26.2004
29.6635
32.3346
27.638
26.8342
34.4684
25.6717
43.4335
24.9933
27.5166
25.0042
25.8535
24.3546
29.253
25.6801
35.7463
43.13
43.7085
28.7938
38.5325
31.2735
47.7724
27.8848
29.6651
47.6986
28.16
42.3411
31.2584
35.429
33.6381
33.9328
30.6429
37.7508
31.7831
30.3871
29.628
40.7036
27.052
27.0043
32.9786
28.0979
27.6349
42.8838
27.3682
42.1498
28.8196
26.8267
29.846
27.8179
35.9334
27.824
27.1752
27.4242
32.9447
25.2662
42.4799
30.2906
27.0834
35.9694
31.0004
34.2488
31.8567
44.6228
40.6119
31.9599
26.2311
42.1148
29.9867
31.5888
30.8612
34.3928
29.0243
30.1626
29.2796
29.5141
24.8315
26.6453
32.0214
43.5974
39.465
24.9429
28.7822
41.8572
28.2422
42.2041
39.4221
27.134
26.5474
26.9433
25.0536
30.5423
25.6633
26.2082
25.5688
25.2958
25.1053
24.4305
28.6318
48.5988
24.6259
26.2033
23.1878
27.0424
26.4407
28.0824
32.5103
37.5744
30.7864
26.2986
26.7523
28.9434
26.1719
26.774
25.1946
28.1181
24.9342
43.7673
30.9209
48.3526
26.4771
29.2421
26.3794
25.8844
26.4767
25.6687
30.1392
33.5514
27.5866
34.4948
27.5162
35.2132
28.1321
28.9403
31.7136
50.3166
27.2028
29.5612
27.1843
27.8331
27.8337
26.4544
25.6232
25.2357
25.2693
40.3029
25.5736
47.5389
32.2808
28.1631
27.9234
29.0626
28.0402
31.9558
36.1132
30.0403
56.6562
28.3765
42.0752
51.5607
27.8698
54.835
29.5692
29.1695
29.7743
31.9188
27.084
32.8354
30.428
29.1372
39.1285
41.8384
29.5722
30.8204
32.2107
31.1744
28.2162
35.5
28.5918
37.2154
31.9805
50.1744
27.0453
32.9973
30.2309
41.6751
24.3426
40.5178
24.3866
37.2878
27.8927
51.4972
26.7522
26.1586
26.8975
27.3682
27.8035
28.4349
33.7264
27.9324
29.6236
26.963
26.7531
52.008
33.2175
40.4049
26.5861
28.4979
27.0967
39.7593
45.1399
28.069
28.8217
26.0853
27.1431
30.3351
29.2126
29.8118
29.3047
32.3226
28.902
27.9602
27.2059
27.6999
26.831
27.2999
26.8479
25.4611
26.0195
24.2088
42.3502
25.7583
26.4185
41.2797
34.7952
27.7984
31.5082
25.4402
28.0736
24.2606
35.5502
24.9073
23.028
23.1018
30.34
24.4983
26.5304
21.7777
27.4681
22.2842
41.0739
36.5756
30.7513
21.8795
21.9296
26.4403
29.104
22.971
46.28
31.7035
25.5576
33.0646
28.4173
46.309
27.7001
28.8619
23.0066
26.4705
39.8679
39.2042
25.4885
32.9124
24.3451
38.2634
21.8564
36.154
34.9835
36.6393
38.7109
37.0671
21.9732
29.1141
40.6804
27.0656
38.3532
39.0446
32.3597
27.4033
26.8988
26.6037
28.4213
26.4318
25.6822
43.1781
26.58
48.3641
31.3374
32.2438
34.0347
26.84
25.6013
26.9215
27.1371
44.6813
29.0996
54.1149
27.225
27.6286
26.0521
29.0171
53.6519
32.976
28.276
26.6666
25.6654
26.428
35.0719
25.5021
26.9443
25.8751
25.1488
27.1659
25.3624
35.6925
25.6035
27.5301
27.431
25.672
30.0242
30.8476
25.9172
26.1873
25.3619
25.8974
25.2349
25.0555
26.62
25.0606
32.4657
25.9063
25.2199
39.3199
24.6834
29.6512
23.3123
39.2744
39.6605
25.9431
30.0705
25.0724
33.4238
41.0531
26.4366
26.0373
41.3279
25.3045
31.9313
31.6136
28.8279
27.485
32.9693
26.8957
27.2821
25.1192
49.0583
31.86
26.3722
26.1793
28.0802
29.5759
34.7003
40.5793
28.6579
37.6804
39.7512
41.1194
24.7037
28.6497
25.0861
33.3357
23.2692
38.3489
25.9803
35.7026
22.4559
23.2339
42.3129
24.0284
27.2936
23.4647
24.8644
24.2994
29.8078
25.7612
33.5103
26.8854
24.9445
25.5341
26.1413
26.3227
34.6518
57.5925
28.5232
37.3027
32.1723
29.894
31.6195
27.8903
36.0923
30.0653
40.5342
44.9519
26.8067
29.6347
45.0119
38.5989
45.4297
28.4983
31.1866
26.2475
45.2388
28.9276
31.336
36.8922
30.8417
33.3098
22.0861
28.2272
28.6167
20.2318
33.5349
36.8715
28.1414
28.4392
28.2601
31.7771
19.0948
21.8322
20.5489
40.2339
25.3411
20.6284
19.394
18.2584
33.2088
31.8887
20.2268
18.6027
27.5407
37.717
25.8454
44.5194
20.4393
36.0208
35.646
37.6388
29.2583
20.2052
25.6118
30.1796
33.0675
21.6159
32.335
21.5125
21.1541
23.4474
21.592
37.1672
23.3384
21.3451
21.1814
21.9278
26.7775
25.5168
42.6185
26.0538
32.6423
33.9155
32.4186
23.1082
24.8542
49.7712
23.3672
48.0471
29.1705
41.4561
23.2968
24.1957
23.307
24.3687
22.302
23.1855
30.3365
33.721
22.1896
35.6023
24.9469
39.6833
26.5093
37.3352
27.1021
31.1265
28.2293
23.3678
21.5346
34.7958
32.5919
21.5241
37.7006
20.8698
41.091
46.172
23.1421
32.9154
29.6561
28.6732
31.9876
27.5825
22.5655
40.0531
34.5435
25.107
44.5202
28.2512
29.3341
44.9778
25.4527
45.3508
31.1304
40.5967
28.3071
41.476
40.0591
53.4295
31.8032
50.0889
33.9997
31.5465
39.1981
41.1688
31.644
33.9651
31.4397
31.3474
45.045
30.8521
32.0831
31.019
36.6265
37.7816
57.9872
43.8091
42.4695
38.8959
25.079
26.0354
25.8631
25.1348
25.5751
29.8952
39.2904
24.437
33.2382
30.1326
28.3666
35.438
41.0483
35.2192
25.5162
25.5381
36.2362
39.9853
27.6018
23.1668
27.2664
27.6568
22.8041
27.8311
39.886
24.7695
29.8563
45.0723
25.1734
38.2319
24.9833
57.4969
25.956
31.0947
24.9422
26.4756
25.1387
29.7731
23.693
39.1726
26.7167
24.166
24.153
26.0799
26.3322
31.8715
27.2256
37.1552
34.711
39.9382
34.3989
26.4534
27.6786
29.096
33.7448
30.4705
50.6848
27.6425
40.3802
33.5186
34.2245
32.7961
28.7553
31.766
29.0343
29.8838
40.4226
36.6102
37.8062
31.6604
41.1362
30.4489
32.8474
49.0654
30.4937
31.1223
26.9962
30.0375
27.9653
33.513
33.5287
47.0543
28.3136
44.377
27.0708
26.5219
31.6556
28.0744
27.5527
26.0054
25.0095
24.967
40.1366
26.9173
32.315
27.9704
39.6068
27.5816
29.419
42.3083
31.4098
30.7356
32.8937
31.1801
35.6429
31.9295
30.7012
28.9854
33.2742
34.2401
29.8945
35.1643
47.4875
25.7338
27.0003
52.087
25.693
38.1894
40.9626
30.482
52.73
33.6203
43.4209
29.5176
44.8926
42.9125
28.8897
26.8409
33.3468
30.8991
34.7929
26.8684
40.8955
29.8159
32.7844
28.5609
28.9091
28.8019
28.061
27.4414
26.0627
26.4472
26.7097
43.1234
24.8187
40.2007
23.6422
31.6584
35.2948
32.6506
26.3161
42.5356
55.0264
33.2666
33.4018
44.3929
35.7115
40.2909
31.3948
41.1374
36.7258
31.1007
31.2694
33.9296
27.2623
43.4455
26.8574
43.7406
27.3027
49.973
25.4245
37.0789
52.8564
24.749
50.1485
29.6821
36.9287
28.1607
47.1792
27.2234
46.8459
27.1508
29.7054
28.1466
33.226
28.5452
27.3838
46.4897
46.5076
27.7549
27.2527
28.046
34.266
45.1653
28.422
29.0516
28.6331
29.3264
29.0279
32.9562
31.4717
33.4099
30.4028
34.7873
42.8235
37.3105
37.2727
33.4882
33.0038
35.3948
34.6405
34.7553
33.8972
33.5832
32.8281
35.3404
34.359
28.9736
40.6002
39.5956
35.9127
38.0944
40.2729
41.5632
31.2814
34.9118
39.9964
41.8282
44.4159
35.3592
34.4163
40.36
30.9442
56.1851
28.7293
29.4673
30.2949
28.9572
32.218
30.397
29.6136
31.3409
28.5525
34.7521
30.0846
46.5963
28.4017
34.2706
27.9541
40.2481
47.5927
30.6329
29.6944
42.8678
40.8419
30.1778
30.0192
42.9026
34.7669
27.3453
34.0061
30.9
33.9116
44.2282
29.4022
49.4372
35.8349
47.9267
29.0942
27.6478
34.0612
30.9264
29.6062
34.0725
35.8414
48.0368
28.0753
36.4255
34.6666
45.1392
32.2535
59.4771
27.7515
27.8264
27.0074
26.9393
31.3851
28.0408
27.1906
27.367
27.2203
28.1427
27.7166
44.0397
32.0349
27.4628
29.9404
25.9775
30.247
44.3959
36.1638
29.3782
43.943
28.7264
33.4154
33.7181
34.7431
38.0328
30.6208
31.3101
30.3432
29.0954
28.8235
35.622
37.2592
41.3071
28.0265
29.4469
28.1614
35.5059
31.0021
44.3852
27.2856
27.809
34.3474
28.9629
36.4333
43.3828
28.361
29.5311
31.6209
40.665
27.323
27.3572
33.5136
32.7434
26.1117
25.5964
41.7017
29.6614
28.492
26.2367
25.448
26.6435
26.127
32.6024
27.1775
43.2208
31.9791
26.5353
28.1615
29.0835
31.2992
27.86
29.5816
42.5622
38.6535
33.6475
27.4513
45.9646
25.6833
44.9817
25.8958
29.3849
25.0634
36.0435
33.1595
27.8007
25.4124
26.646
25.8161
29.3018
26.1475
24.9929
27.1711
26.1268
29.7006
40.8403
26.93
26.0723
25.9349
25.7005
24.7188
24.8935
31.3228
36.0107
23.6111
24.39
23.7822
32.7896
24.6312
24.7802
25.0347
25.2152
22.6554
36.3483
24.779
26.7664
25.6307
25.3384
23.2
25.5673
24.5738
24.3264
25.9725
24.4307
24.7806
25.501
34.107
31.1879
26.6494
26.7004
28.554
28.9172
28.93
28.7431
44.0593
29.4766
29.6112
28.6073
29.0517
27.467
33.1247
27.8591
27.4022
32.9137
29.7505
25.6732
26.7287
27.2296
27.3688
31.6896
27.7195
30.3948
34.4423
29.2578
30.6914
34.3823
30.0313
36.0068
34.5507
35.296
30.412
29.7126
35.7867
31.074
29.5306
30.1589
42.1384
35.1059
37.2931
31.0542
30.5662
31.4251
31.0619
49.5218
45.2593
30.9574
36.6211
30.8022
28.977
29.8053
29.0483
46.4002
27.8084
27.1037
29.6313
27.6152
27.415
27.7718
26.7321
32.784
25.3911
26.6785
26.3165
40.7543
26.7928
26.8048
29.575
39.3407
29.1916
27.4031
27.1977
25.9682
28.4055
29.8269
24.1964
26.1665
26.8274
24.5168
22.9733
29.2585
23.4391
24.2457
25.829
41.9782
25.911
39.7383
28.101
25.5772
29.8625
26.5908
27.3802
25.1093
42.8696
25.2172
25.3008
23.9742
36.5367
23.7334
22.3825
33.3067
27.6616
21.8375
21.6356
21.3306
22.8178
23.2838
28.8879
23.9738
23.1133
23.6552
25.0963
37.9269
28.4135
27.8544
25.01
25.4232
23.8452
33.2453
23.1286
39.0467
23.0448
24.248
24.9597
28.0004
44.8041
21.7054
20.5116
18.8712
21.265
27.8001
20.2777
26.9211
21.5741
22.7616
21.9367
22.216
21.3151
24.9092
22.3741
19.9119
19.6506
23.9312
30.1507
20.4275
26.9862
20.3867
23.5416
22.0895
25.1172
38.1272
28.2397
32.6062
25.7779
39.5545
25.6308
40.7186
39.3618
46.3952
29.5424
37.2744
26.6581
30.6767
28.3895
25.0421
32.3801
29.5821
40.5782
27.7439
32.7546
49.6011
32.405
27.6023
28.9723
28.1887
28.6069
27.8305
28.713
43.0723
35.3555
29.475
28.3693
36.0452
33.611
27.2495
54.0553
57.7755
42.068
27.0186
41.3383
27.3221
30.7624
27.2261
35.6009
28.6199
28.3581
28.0434
37.4773
27.8063
29.7335
36.6617
27.2512
26.6188
36.6232
26.9864
31.3601
28.8445
29.2107
40.1728
28.5315
34.2876
28.7501
25.2209
32.7862
27.3818
33.5502
30.9124
28.4691
27.0856
26.5811
44.3952
26.706
39.5937
27.0124
26.3845
26.8412
27.6023
28.8377
26.6731
27.8083
28.5655
27.8613
27.6339
28.8144
28.2141
27.9073
25.7994
28.844
26.8549
32.1157
26.3768
26.7921
39.3512
27.3843
27.9243
24.1418
30.8703
23.8578
24.9951
24.3455
25.1488
23.5667
24.9511
37.6774
25.9624
27.6996
26.8365
26.1886
27.0755
29.722
25.2599
26.9892
24.7902
25.4315
24.8546
29.7495
23.3106
26.5048
38.5735
25.1633
27.5709
35.3624
25.4412
34.2233
25.2125
35.0966
26.1622
25.9387
25.28
25.2663
26.9968
25.5672
27.766
25.8311
25.7633
24.608
26.6238
24.4949
24.2154
25.3708
26.5695
23.3413
23.9011
24.3248
23.7149
25.0154
25.2868
22.2329
37.7626
23.3336
22.989
23.5786
31.3371
36.1104
43.6233
29.8974
33.0488
28.7264
28.4516
29.7662
27.3081
25.5418
29.7479
21.8715
30.025
39.3315
24.8749
33.0322
28.9009
33.8798
38.4257
27.4337
29.2409
24.8412
23.2013
28.8487
36.8607
24.271
33.4617
22.7562
23.8623
37.1502
22.2913
26.1563
23.1093
22.9739
30.7523
28.8087
40.2348
24.1877
29.0001
31.3364
27.516
27.189
35.636
31.9133
30.5079
33.871
48.2034
29.0883
44.1681
26.0893
33.7774
38.9271
27.3553
27.7428
34.2917
36.2236
43.984
27.1794
33.7539
37.6695
46.6642
31.989
31.1116
33.2217
33.6939
39.741
40.0837
27.7981
41.6169
28.8674
28.1493
27.8006
27.4838
26.3822
26.1905
26.2178
25.5529
39.2201
23.9211
31.0527
23.8121
24.8221
23.4819
38.2114
25.0503
41.751
24.8684
26.2954
24.1877
24.1583
38.0382
23.0411
24.2653
23.7778
24.19
24.6299
25.0132
24.7402
23.9808
29.2758
22.942
22.175
26.0875
24.4013
41.4704
24.3051
24.2608
25.5996
24.1529
22.8181
25.6806
23.409
22.5309
29.5136
24.4557
28.7689
23.7004
27.4209
35.1217
21.3887
24.0448
22.4813
27.8211
26.3281
25.2329
27.3877
43.5555
25.7602
25.9023
25.5494
25.9727
26.8442
25.5919
25.514
25.9296
26.2257
27.0773
37.5929
37.4695
38.6062
28.2674
27.1421
32.03
28.3314
30.8357
30.2151
41.0198
29.4137
27.4222
38.3983
42.2456
30.1385
34.0123
35.9532
38.243
28.5286
39.4005
28.9563
57.9002
35.5339
40.4417
32.9667
44.8796
53.9048
27.2809
30.0478
27.6278
41.2533
41.9565
27.6062
32.5961
26.2754
26.7351
27.107
26.0709
28.9787
32.6213
30.7248
42.2776
24.5762
25.566
25.1317
27.801
23.4372
23.7025
41.5119
27.1387
39.358
38.0633
26.2777
29.4058
35.9897
28.0085
25.8608
25.6763
25.6918
25.8321
26.2545
40.6371
24.769
24.0586
24.1687
22.9411
24.6175
22.5414
22.0109
27.5796
23.9288
25.5409
23.4532
31.8047
28.7109
29.1368
26.9177
57.2104
25.6223
35.2235
26.0619
27.8219
29.0252
26.1096
25.8545
35.396
25.3026
24.6859
41.466
24.2471
30.0879
41.0627
25.7248
31.9344
26.7801
29.5766
27.4459
27.3049
53.0127
26.8973
26.4108
32.6142
33.9487
33.1626
34.0928
27.0263
27.9168
50.7586
31.6549
28.6174
30.9246
35.818
34.8766
28.4133
27.8215
29.7635
31.5794
33.1134
28.1864
27.8992
37.3741
34.7846
30.6646
40.7658
31.134
48.7572
30.8394
51.0026
31.5448
33.6608
44.763
51.8745
53.4299
30.7563
37.4502
54.2808
47.5758
35.1974
36.9542
39.0792
38.1278
37.5843
36.7543
53.6928
36.7691
54.9211
40.9426
37.4853
38.7391
39.4067
38.8724
38.3884
40.6617
38.0259
36.5981
36.3155
36.7615
47.8442
36.3435
40.0858
38.3687
35.2508
36.845
37.3315
36.3485
37.0495
41.0578
37.6698
36.2297
53.5766
36.8718
47.5079
36.8738
35.5399
39.4426
56.906
44.0572
55.2656
40.6845
40.1712
35.5717
51.9214
36.8306
37.6765
38.025
39.4143
38.8825
38.083
48.903
38.9874
38.6799
38.4744
38.7053
39.3141
41.2912
39.3977
38.9917
40.3353
37.6356
43.8157
38.2727
39.4258
37.9202
52.0855
38.9909
41.1068
40.0822
41.5165
38.0196
39.9655
54.871
40.0444
61.036
38.0722
37.9519
36.6262
36.3544
40.4086
42.3156
36.5208
37.9946
40.7668
41.441
38.1502
42.3519
41.5983
54.5041
47.8099
43.849
41.5131
40.2817
50.5766
43.5323
40.1205
37.8309
38.6073
40.0484
37.8527
37.8779
38.3301
37.5498
39.0523
38.4619
52.2557
41.8848
37.1572
42.7829
35.9977
35.3499
35.7052
35.4979
35.3055
36.2083
37.2991
35.5923
35.2388
37.8813
37.2437
35.8396
35.7571
35.5388
37.1334
35.1782
35.519
34.8132
35.9978
35.8826
34.9794
37.906
35.8155
47.9946
35.3042
34.6396
34.6796
33.8356
33.7325
33.5143
31.7435
36.9241
41.2421
50.2406
49.5642
32.3357
32.2397
32.9781
33.3739
33.5399
36.5276
34.4445
32.7446
34.964
44.1411
35.4017
36.8141
34.9612
34.437
34.1055
34.4417
33.833
35.1935
34.3949
39.6385
34.6792
48.4023
33.7753
33.7326
43.9345
38.3071
39.6725
34.2698
38.7102
33.4728
37.7237
33.1556
46.6366
29.6621
40.131
36.3084
32.8165
36.5411
32.8389
44.3144
38.844
33.4207
42.8743
28.7827
30.5988
27.5559
46.4949
35.1552
33.7097
37.7266
25.3777
37.6761
24.5684
37.8628
24.4357
28.2485
25.2874
26.3365
24.9518
38.0686
23.5109
40.0002
26.0904
27.066
34.4136
26.1068
27.817
32.8703
46.7413
25.6092
29.165
40.5508
39.1717
42.9828
24.1208
36.0379
27.5886
24.4136
24.1891
31.5607
32.6631
28.6003
49.2453
28.1223
51.841
25.44
31.9012
31.038
36.5065
27.9044
48.4194
23.5708
37.6568
27.6399
24.1851
36.0618
20.7088
23.9287
25.32
38.0959
30.0002
40.2906
25.9222
20.0066
21.1192
23.6072
36.2168
22.6765
25.5215
19.3523
36.138
19.1545
25.9022
25.6026
34.9426
23.158
23.5147
22.2896
36.0914
24.61
26.5332
24.5204
24.6841
29.0079
37.7027
33.8457
27.415
21.412
36.9722
24.0754
21.4609
22.142
20.7312
21.3399
22.1007
21.0985
19.4084
29.2374
20.1091
21.7327
24.2234
45.0192
28.4052
25.8877
25.9222
31.7554
39.4472
28.9224
29.3299
46.8817
29.1605
27.9498
27.1562
30.4832
29.3655
28.0557
28.155
28.8024
27.2866
50.4698
35.2198
26.472
25.5761
36.844
25.977
33.526
24.8213
19.2968
31.5357
26.478
29.2182
24.8148
26.3642
27.2356
47.1674
23.1748
27.5346
24.9554
27.1478
32.5569
38.0877
28.928
19.0574
21.3902
20.5466
22.2929
29.1111
35.2321
21.3086
22.3718
41.3601
27.1067
31.3435
35.4509
37.6333
28.4965
53.5869
26.5919
35.8705
45.9256
29.6755
31.0098
36.2033
45.2775
32.7464
33.1415
33.6645
33.549
40.8267
32.1333
31.8317
30.7142
29.6404
27.1019
27.2252
44.7812
24.174
38.9327
30.9189
20.4418
18.6612
18.3747
21.4941
19.5379
31.2646
21.3996
21.1963
19.7722
25.9505
31.1315
19.436
21.1822
42.9605
27.7241
30.3209
37.5778
27.7597
19.3693
19.5958
18.5205
20.5595
35.213
18.4637
18.2409
25.2991
17.458
27.4456
17.1911
24.1724
16.6649
22.0549
17.5841
24.6738
21.6429
19.608
32.2944
18.0309
22.4184
19.0879
20.1573
22.6894
19.543
39.5851
30.4922
26.3281
35.4401
32.0121
27.7664
34.4083
24.6254
28.056
22.0605
28.5975
34.6163
32.8436
20.2218
33.7052
34.7267
21.277
29.8275
30.8343
22.7458
34.4832
21.6065
19.8276
37.7322
37.6921
38.4951
33.871
20.6626
24.6035
24.9545
28.6079
25.5749
20.8787
28.5159
22.8103
23.69
30.2532
34.4155
30.343
35.8064
17.391
20.3812
17.8133
20.2641
29.3532
22.0443
20.1808
21.359
19.0776
24.1423
26.0425
39.1749
24.6404
31.2951
28.1967
37.4979
20.403
35.5217
38.409
36.6416
26.2299
28.0326
34.6844
30.8785
22.9896
26.9629
31.933
28.0853
31.2334
30.0588
27.0966
34.1831
27.0626
32.3978
29.4882
32.2248
31.0906
32.8156
32.4382
33.1116
31.5573
53.7003
23.7036
43.7934
25.5519
27.4772
42.514
41.2723
25.1835
30.0012
27.6147
26.9498
24.7135
26.0803
26.9232
26.1479
25.4427
33.3323
34.6911
27.4593
26.9241
26.4113
27.9849
24.9842
25.782
24.9881
30.1799
25.9766
27.2331
28.106
29.3956
26.9944
26.2199
25.0576
26.3226
24.3509
26.7305
27.4611
24.8625
24.2915
29.9725
22.0408
26.8292
26.923
27.969
29.6726
24.3344
38.6907
29.4064
25.8927
34.794
22.9707
27.3236
33.7095
26.341
31.6144
26.0052
25.6769
24.2179
24.7113
27.2081
24.5061
25.6735
24.7515
22.4265
32.3937
24.846
31.3632
21.3059
32.427
21.7524
32.221
27.5941
39.5798
31.5805
38.4714
29.3864
32.3119
30.3854
36.2907
31.4276
31.3792
48.096
25.4941
32.9977
40.9727
26.3662
25.0694
24.7617
33.6048
25.2168
21.131
36.4208
37.7152
24.2038
30.048
34.7232
26.0173
30.8477
34.0929
28.3369
27.4833
27.1381
31.213
27.5006
32.0956
27.3277
41.2804
19.9101
20.0852
18.6032
30.3835
18.449
18.0101
21.3541
22.434
21.914
23.8068
43.9208
22.2596
29.8377
36.3033
24.3574
41.181
25.0284
26.0483
26.3121
26.6167
25.1552
37.1897
41.2898
34.8722
24.4226
24.7985
31.953
26.7915
31.1796
25.0847
31.382
20.3581
23.7918
20.8853
20.0241
20.9342
24.6102
32.4835
31.3433
18.1144
26.1986
18.8975
20.7887
17.9526
36.5202
26.7663
17.9608
36.6237
31.8583
36.6649
18.1113
20.9189
17.6156
29.3962
16.7956
35.7414
22.9362
35.8817
22.7567
49.1374
28.3919
39.4123
24.8428
24.9946
29.8898
32.2316
29.4668
34.577
22.5198
39.3406
42.8474
23.9919
28.1626
29.324
28.1204
29.0372
34.448
27.3991
32.0575
24.5675
30.7171
32.0854
28.0319
34.6289
33.8867
32.9924
30.3707
31.1863
28.5318
42.3513
28.7771
26.933
24.3504
45.4275
26.8605
38.5092
49.3386
22.9156
38.9046
41.489
27.2442
23.746
27.0619
24.7276
41.0713
25.8816
26.4556
51.1462
33.8898
29.5048
31.1288
36.2132
27.9613
24.6616
23.6917
38.0782
25.6094
37.9327
24.5438
23.5978
25.3231
25.5696
24.6915
38.2221
25.8898
47.0713
36.7577
27.8943
27.1089
24.757
19.4504
18.9212
18.9602
18.7644
23.8578
18.0073
24.1608
24.6614
36.922
20.2194
29.8875
21.0583
29.3122
22.7972
23.7022
22.9435
23.4347
26.3507
26.4466
45.251
30.0987
27.5633
28.0063
33.0734
37.1406
22.2279
34.1358
21.5034
38.582
21.9999
36.3808
23.1032
27.2589
20.5428
25.676
19.2533
30.0159
20.7654
24.6213
18.9885
20.9289
21.8665
17.9603
35.5443
19.9577
17.6681
21.6681
21.756
36.4411
42.463
25.8432
23.7383
22.2082
41.0979
28.3638
30.1315
32.1136
36.1128
41.9856
27.1402
31.9215
30.5173
32.1667
36.2279
30.6269
27.3588
44.9834
27.0616
24.8307
34.5403
33.042
22.2275
28.6565
23.5235
22.1407
23.4978
22.4698
20.8281
29.1857
19.9211
18.5942
19.2965
20.9059
31.3672
18.4115
20.3644
32.5594
21.9678
30.633
24.5993
30.7278
38.8701
28.0203
30.3295
27.2764
40.2069
31.8421
24.5141
35.41
27.8336
26.7175
40.5026
28.5809
26.9264
30.9897
26.687
40.4436
25.4692
49.3102
29.6737
25.925
40.8724
28.8524
29.2558
26.4567
26.6244
34.5672
25.9068
25.9342
23.286
38.8298
32.4971
23.9772
21.4063
29.6646
18.6059
36.1156
18.5047
33.0248
18.6764
38.3778
19.7444
31.8328
36.7983
34.0036
33.0953
33.4639
29.1919
25.7878
23.5044
24.616
30.1667
31.9318
51.5444
36.7029
31.4387
28.5031
22.258
24.729
32.7782
39.0228
30.9549
35.2429
25.3898
29.7463
31.0871
42.0005
25.7399
25.1324
31.9063
23.9822
18.6465
25.9586
27.683
33.1857
22.9554
30.0584
36.6044
30.1416
20.3155
28.7075
26.5196
28.7233
26.8155
24.861
24.9723
24.727
24.5891
26.2113
26.8931
35.6257
28.2963
29.1641
29.0534
29.6272
42.6565
32.2127
23.8216
23.5893
25.4841
39.2456
29.0894
28.6275
31.9877
40.7202
32.7676
22.1905
34.4859
28.2466
30.627
24.6691
30.6533
18.1205
28.637
20.8123
20.2024
42.4057
30.1198
33.3046
20.1111
31.3142
24.7568
21.345
25.8121
38.3959
23.0789
21.8801
48.2601
23.2425
25.1586
33.1662
29.0746
29.7713
26.5947
32.444
28.1186
25.5466
31.3877
28.9357
26.684
36.0346
36.7327
26.4751
36.5421
25.1731
55.1452
36.5079
45.4549
27.1451
29.5338
27.302
25.5974
30.7141
26.641
25.4705
24.5183
33.6342
35.6867
24.5877
23.4105
23.065
21.0338
38.3819
21.4512
34.458
21.5449
36.991
37.0392
25.4913
25.8796
24.8857
33.9382
24.9852
26.2784
26.0634
27.6081
25.9464
24.8421
32.5566
23.2468
28.3645
26.2659
37.3645
32.3405
28.305
25.7782
22.9628
34.6313
24.0639
32.2173
25.199
25.0667
25.9331
24.0204
22.3171
43.2219
26.1113
23.3255
28.0075
20.8951
34.3208
34.0455
28.9354
24.0837
28.79
29.4748
25.959
44.4515
23.1371
30.3514
38.147
23.643
32.4487
30.3447
33.811
44.3309
27.7673
33.927
29.818
40.8899
20.801
18.2225
28.1713
36.0839
19.7474
38.1647
21.1043
29.5136
22.5846
37.1915
17.892
20.5544
16.9182
16.8286
16.3001
21.0555
21.6878
23.3492
19.0219
29.3063
19.6361
19.9545
18.425
19.7386
27.2696
25.1411
28.8336
44.6739
32.2951
46.0458
43.1103
39.1636
35.7178
41.4442
23.1202
49.1567
32.7459
27.5799
27.0923
41.702
24.2876
22.3851
42.3786
33.7527
28.135
28.5526
23.0269
33.9586
27.3609
30.4226
26.8915
27.2239
37.0473
29.3741
25.4851
17.82
20.2185
25.1429
37.3723
22.2468
29.6409
24.4162
23.6568
39.9836
24.9186
24.2313
27.8254
25.0307
30.7464
25.5202
25.6014
25.2463
26.3506
26.4026
39.7891
40.2446
53.8241
27.9483
36.5286
43.1839
27.5612
39.426
27.5757
41.0421
31.0559
35.8635
30.3016
30.3738
25.2765
33.5114
35.4595
23.6758
18.2316
18.402
38.3373
32.1073
30.7592
26.1707
21.3926
41.7264
38.9597
23.2666
36.4471
40.907
24.0253
33.6333
39.0365
26.7962
21.8328
25.9882
34.602
23.6526
46.1473
22.4313
24.8206
36.3768
22.0287
32.5965
20.7482
25.5047
21.3912
21.2724
32.3047
23.9989
25.7109
24.7175
22.0212
24.5982
22.6611
28.8261
25.2615
37.3151
22.4398
28.4938
26.8385
19.2558
34.3874
24.8251
21.6688
31.0318
34.6642
38.2187
24.396
39.6226
31.8518
21.1735
43.015
33.7233
29.718
28.8993
26.1779
27.1402
24.7708
23.6252
34.4801
23.6154
30.7188
25.4307
25.1933
25.3893
42.7381
22.1975
22.9011
21.3989
27.8515
27.2961
22.3522
31.1251
21.3392
40.6012
21.0829
38.3292
34.001
26.4182
22.578
23.2691
21.5281
39.5609
26.9657
22.2886
24.1819
25.9614
29.64
32.486
24.6907
31.9442
24.708
28.0798
28.6498
22.3865
31.1761
37.5368
25.7531
29.9716
31.5012
31.1797
30.8754
33.6408
26.1828
27.4493
41.6426
28.0521
37.5205
28.1764
36.1228
23.1529
36.8604
23.3776
39.17
33.0151
24.3867
31.1338
39.7235
22.8408
29.6719
22.1655
20.4781
30.7152
20.3075
39.6317
20.6894
23.683
22.1222
21.2985
20.177
28.0006
36.1239
19.2307
23.624
28.762
26.5491
42.294
25.5656
31.8452
27.5702
23.3772
43.2202
21.9378
48.9826
25.5194
31.5674
26.0952
31.6916
27.0051
22.9646
25.1139
23.9355
20.8826
35.9339
21.7737
34.981
26.7469
32.2462
28.4682
26.3292
41.5129
21.002
22.6391
40.24
38.8314
24.7295
25.6231
24.552
39.2626
38.7448
36.8177
23.8352
26.4912
30.3218
23.92
36.4975
32.9684
28.1993
23.6499
44.3337
38.3949
22.3726
33.8508
21.4793
34.0727
32.8672
34.389
21.3733
23.1095
20.588
19.3802
22.2619
25.1641
24.7321
25.0875
34.8458
40.7821
24.6069
43.8208
22.2747
35.9872
33.7435
24.3448
25.8153
23.2486
24.3913
25.2843
32.4386
23.1405
25.2476
38.6799
24.5254
43.7526
25.1285
43.8736
23.5685
21.1457
28.742
20.9441
20.9294
35.1927
34.3352
19.2461
25.7975
26.6893
45.8611
22.6347
31.3315
22.1118
40.7867
22.6101
35.7169
28.1469
31.8887
21.7606
27.5747
30.6962
36.5233
41.8245
25.0792
23.0362
21.2076
23.9651
37.3969
21.5368
28.1349
40.6898
27.512
30.957
22.2254
26.8128
22.4432
21.2176
25.2434
31.6522
19.855
36.1176
22.0431
20.8857
30.2934
22.6278
25.3268
30.7646
27.1118
42.8326
22.0898
21.7513
22.047
21.7323
29.0244
23.2252
20.9476
31.7972
23.0323
23.5386
21.8058
24.2161
34.1585
21.8481
30.0506
25.0846
32.1536
27.9885
37.9958
27.2733
40.2029
25.3133
36.3839
30.1677
28.0734
31.2699
29.4367
31.5472
27.7987
20.3583
23.9893
27.9447
21.8128
29.9698
35.8595
22.3765
30.0511
34.4247
33.8766
35.8062
31.9813
24.805
27.5312
32.1587
24.1996
33.759
23.285
42.0459
25.4532
40.9768
23.9671
23.4513
26.992
24.4507
23.3553
22.628
27.6693
21.2391
23.4828
22.3843
34.9602
25.3146
37.5969
24.9411
23.0509
23.1095
25.4892
28.1398
27.8353
23.5821
25.2386
42.6229
25.7837
29.3592
45.741
38.7809
24.8665
27.1129
28.5197
28.8249
31.7237
40.6664
26.831
26.2683
28.3347
34.2064
29.9405
31.3555
29.1326
30.2671
26.7077
27.024
24.1107
34.0807
24.4001
29.2944
34.5269
42.9615
32.3835
49.433
33.7941
24.6793
24.6637
23.9511
26.3388
26.2513
30.4114
33.5925
29.9006
30.745
31.8044
35.5501
28.3854
42.4359
41.6469
25.5922
27.6519
31.8957
23.1687
23.0073
24.7085
