44.6594
37.7733
23.4158
28.7467
27.6592
23.23
23.3355
23.139
35.2586
40.203
23.9511
28.7401
21.8632
21.4824
29.6464
23.1886
24.8254
24.281
34.9537
25.2784
48.3683
22.1295
38.2722
25.1851
31.9018
27.0886
28.9073
20.9799
38.4305
24.5112
22.9025
27.2303
26.0449
27.1906
38.8883
36.5345
29.2495
30.8788
26.0726
36.8202
37.7324
28.9179
34.0239
22.5342
40.6386
29.6939
33.8482
33.6635
23.3405
41.1198
44.098
39.8089
37.207
39.133
25.7601
36.4201
22.5775
31.4241
22.2426
39.034
21.8755
22.7544
38.6045
36.9629
42.4515
33.1742
37.6091
23.465
35.4943
39.3338
23.902
36.5747
28.7462
23.2483
34.4411
39.0246
26.4066
45.7555
24.3749
48.8026
28.8872
30.87
35.914
32.0458
27.5859
31.5215
26.9991
21.1738
32.3036
44.1617
37.5785
25.9322
37.029
34.0756
38.1418
28.855
38.24
25.2847
37.2322
29.7524
45.3498
25.3015
38.5821
22.6191
28.4203
24.7894
22.9768
41.9235
32.5792
31.4587
22.6333
24.9263
44.3378
21.8893
40.2748
22.728
28.7317
28.8862
22.9819
22.1351
31.8587
24.5096
23.4695
38.7103
23.9782
22.7135
24.0421
23.506
22.7625
22.2219
21.4702
20.5373
28.4617
33.023
22.9621
20.9096
34.6401
21.6265
34.949
23.3167
24.6036
28.4458
25.813
26.7906
31.4382
25.4341
24.4626
25.7643
41.2581
24.5937
31.7974
24.9375
22.5302
28.6243
23.8862
22.2688
23.915
23.3389
21.6576
27.0773
24.1398
24.6727
35.99
23.4077
37.2038
30.4794
23.5451
31.6863
23.7094
26.7336
35.6468
26.8942
30.1525
27.3846
38.5164
30.8631
35.6941
24.4763
30.1177
39.1841
38.7332
27.7456
23.9316
31.3299
28.2958
27.4654
41.5456
27.4851
44.9257
27.5197
44.9126
27.1189
49.8161
32.4585
38.0478
31.3289
28.8142
29.5718
39.4218
28.6963
24.4687
39.9379
24.3668
27.0352
26.0022
23.7001
24.0485
34.1557
23.3041
38.3839
22.8214
28.7119
21.8069
25.701
29.5758
19.0597
20.0874
22.1435
21.5129
46.4011
27.7086
24.4753
21.2686
22.9485
21.5045
23.0381
24.892
32.3685
28.6396
38.0015
28.7745
45.5631
39.7807
37.8
26.5331
38.852
29.6689
52.2454
33.3153
31.8528
36.2591
28.6661
44.4942
26.6524
46.0864
48.3942
25.0836
49.8936
50.0999
30.6224
27.0917
30.7104
25.95
24.3227
26.1944
26.0473
25.5848
32.8783
26.664
25.3243
25.8393
33.0571
35.5186
25.2457
49.5425
23.607
28.3472
36.3396
27.832
27.4366
22.4158
21.5381
28.9132
21.6313
35.1395
20.061
27.71
24.2003
21.6115
32.9846
23.7887
33.6599
27.4506
28.2249
30.9343
24.0132
30.2306
23.0602
22.4746
25.7022
22.5397
39.6388
26.6925
25.9605
24.8449
24.2957
21.49
32.715
22.5599
23.5396
23.3304
23.2373
20.9924
19.9953
19.8492
18.6338
18.6453
27.4491
18.3298
27.849
21.7454
23.0383
22.1975
20.577
28.2204
30.3765
21.4772
21.3014
21.5121
25.2974
24.5608
28.3469
38.4558
28.8542
28.6015
28.1141
31.6894
31.0322
29.3974
30.1199
28.0272
29.2555
29.9426
33.3537
32.8771
34.1961
22.7451
23.1732
35.2965
30.4964
34.2392
24.1358
20.8302
35.721
23.3204
25.2471
22.3158
35.2885
30.3466
31.4922
18.7679
29.4349
20.5994
25.2504
19.2146
22.641
18.7272
30.8089
19.9298
20.9214
28.7172
19.3369
26.4492
31.7272
34.0205
22.0246
26.4715
29.0362
34.8162
41.4365
42.1263
25.1865
25.4889
41.2141
25.4371
36.142
31.135
37.4837
40.4744
25.8607
40.4766
24.849
38.3782
23.7678
37.8175
26.2635
31.8761
29.3973
24.6135
28.1714
29.0067
29.5682
51.5733
32.1788
34.0029
35.7007
24.0873
32.732
27.6608
25.9165
40.3867
23.6589
24.886
26.7019
29.9068
20.3914
36.6478
25.2139
39.3617
21.4764
24.2408
23.4709
24.8104
23.7771
30.216
25.0224
41.9683
23.6723
23.4504
28.6174
27.0987
23.4486
23.0673
24.1824
23.5027
33.8661
19.4433
27.098
32.3195
20.1673
20.4902
32.8044
19.2104
30.4695
43.9012
35.0954
21.3891
19.8545
22.0378
19.9985
19.9663
20.2569
20.8167
21.2732
19.8089
18.4475
19.0792
17.7045
21.2396
23.3855
22.5247
21.8025
19.5835
29.8177
20.0977
21.5591
42.2393
22.5479
32.6458
45.6049
28.2298
30.373
27.0973
28.1312
43.7293
28.9148
40.0646
23.1609
24.7892
32.6813
26.1326
28.1464
25.1634
29.0971
33.0867
20.8592
20.474
35.0925
20.3538
27.4393
19.6062
29.3234
33.0779
30.8798
18.5919
26.5277
20.357
24.0415
18.7563
22.4349
33.5513
25.9113
26.119
25.1502
24.0385
28.8731
23.9762
40.4135
29.479
32.1994
22.9148
37.0636
22.4017
28.3757
24.363
32.4984
25.1663
27.3468
27.0185
24.3039
47.689
34.5622
46.8504
23.3402
23.0379
30.1342
24.4798
25.4729
25.6447
34.7566
24.8488
26.4772
27.6504
27.8761
23.177
24.9632
34.0379
34.7451
26.1712
22.5053
33.8321
21.4479
28.1372
31.669
24.6317
34.0545
30.1125
28.6161
24.704
20.3636
32.5298
28.6484
31.6135
42.9293
42.8436
39.8495
45.8826
27.4664
29.8809
29.933
47.6547
37.5737
25.4823
29.138
24.8857
29.6501
25.1415
24.3637
24.902
21.3117
26.8025
21.1058
25.3271
21.0536
39.1962
23.3703
31.1038
31.3972
24.5339
22.5981
18.2787
29.8672
18.2486
26.9034
34.779
26.6645
27.9851
34.2386
20.8544
22.4734
26.3107
26.5424
23.61
23.1811
36.3403
20.9599
29.4608
20.5957
38.4069
49.842
26.7708
26.6615
31.6135
34.1102
48.7838
28.557
35.282
44.8584
25.6069
28.5773
38.1273
23.2514
23.4459
32.249
26.276
22.7245
22.5854
21.9396
21.5893
25.7295
24.0833
37.1876
26.0974
26.9561
37.4996
23.2244
22.2375
18.1298
31.327
24.0438
18.7949
34.0766
31.8493
25.7257
29.3568
29.8401
20.3873
36.9702
36.0283
26.5748
27.802
27.5324
32.9151
30.5548
26.0678
26.641
31.915
37.5267
31.2532
27.8681
40.8965
25.7827
27.2233
25.1146
30.2864
30.5658
50.141
24.5893
37.3058
28.4953
37.8418
23.504
27.2544
37.6775
23.6362
25.3308
23.8389
23.3168
22.9051
22.8811
26.1573
23.7492
23.1336
20.2027
26.5366
38.5633
20.0964
25.1099
29.0041
29.3241
30.9126
25.3193
47.9223
32.1948
32.3454
24.8272
36.3958
25.9548
44.8106
37.2869
25.26
29.7356
38.0013
31.8337
45.7526
45.3007
28.3566
25.7607
19.8269
33.091
26.1557
27.7173
28.6358
32.1702
27.992
23.4245
33.7978
29.9072
30.2357
29.6652
18.7581
23.1955
28.9061
18.1002
19.1609
19.8933
20.5159
19.5418
19.4527
36.2684
21.3787
27.3464
25.0095
44.4845
24.2736
43.2525
29.2013
29.275
29.938
24.104
39.1942
46.3465
46.773
29.6781
51.7553
39.2464
30.1956
39.0764
27.3909
44.6796
24.0979
31.7419
37.3205
31.15
44.1884
25.5737
30.7878
29.6828
32.5348
27.9274
26.2616
30.0225
21.2754
37.1577
36.8581
32.8807
36.9114
33.9431
25.2253
20.8715
36.2623
18.6013
20.289
19.8763
19.6549
21.6709
34.7337
20.0999
19.297
19.4999
21.6895
30.0973
20.8761
24.0329
33.6502
25.0496
37.2185
31.7271
48.5268
34.6516
30.9536
31.2459
27.4366
32.4118
28.3804
43.6817
46.1606
42.7356
33.3945
31.6953
32.0132
33.7745
46.421
24.1304
43.8365
44.94
26.7834
28.1107
28.9379
44.1292
30.3359
30.5443
43.1912
32.805
30.931
30.0381
30.3511
23.1484
42.4334
26.2661
23.444
32.4528
23.1032
41.0823
22.3104
38.6309
25.1238
25.3317
21.2385
23.5807
23.1728
22.6467
31.433
22.3867
27.6207
41.855
40.117
25.2685
38.747
54.4735
25.8832
44.722
44.1811
27.8339
39.754
28.5505
39.6736
24.435
22.8474
25.8181
31.4408
24.735
39.986
22.9178
33.7714
24.3046
26.7803
26.1223
24.6098
25.4099
24.1316
23.7993
25.3547
38.6724
22.708
27.3084
21.9148
36.1568
25.7837
27.2214
21.9321
25.3677
23.6904
56.737
53.0499
24.9912
34.4342
39.4625
27.1456
28.3672
31.2147
29.924
39.9333
29.6314
31.9744
30.3705
28.3618
26.2622
23.9093
24.551
25.9724
51.3187
27.082
21.5943
25.5627
24.5219
24.3586
29.6814
28.4972
30.5163
27.1794
29.5289
26.3281
27.4533
33.1624
37.1442
31.323
26.2053
25.2544
19.3662
27.5487
31.1636
25.7888
34.8388
39.4718
20.5737
25.2246
27.7222
27.064
21.3074
35.1491
32.304
22.6158
24.3775
33.1804
24.9533
37.6289
36.7074
23.3793
32.3948
22.3634
24.4871
28.6275
22.1412
25.5935
22.8532
33.5456
26.804
23.0346
42.3345
43.5202
26.0168
25.8073
41.997
41.7482
24.9678
25.5635
26.3962
30.4208
20.4136
32.8724
22.1034
18.9744
46.4092
44.8186
42.3287
23.5738
29.5299
29.7467
30.4673
23.9552
34.2252
42.4314
27.3349
40.2374
29.4781
42.8318
31.7661
34.1504
27.6995
43.0778
23.5312
25.3101
36.3402
25.6884
25.6618
26.6399
21.3081
25.6104
21.2254
21.4253
20.3688
32.5733
25.3599
29.4714
21.266
35.648
48.7988
22.324
20.7476
27.3229
22.732
23.0952
36.3231
27.6167
29.8414
38.992
27.9215
25.2241
31.0366
31.8383
30.3408
38.6522
28.0234
45.6535
27.8311
28.0133
32.9199
34.2979
29.649
32.077
39.3367
47.8583
28.2854
31.0994
36.281
46.2453
28.233
29.1587
21.407
40.5803
22.14
24.7849
24.1841
21.8794
21.9269
21.285
20.8949
22.9807
20.2153
20.5588
19.6275
25.0573
19.5503
20.1888
29.6656
33.7875
33.4678
23.2515
22.488
35.0486
28.9158
22.8963
38.7249
24.7231
48.6503
22.8259
25.7202
37.7733
28.8069
23.7178
44.7362
31.4768
42.8025
28.438
38.3333
29.4216
28.5732
41.8769
24.5453
40.119
29.1888
23.3652
32.2569
22.6793
48.1765
27.1646
28.6203
35.4917
27.229
49.5206
24.3123
29.3185
23.4743
24.7592
23.8908
24.8111
36.8885
24.5437
31.1648
22.2
44.4906
36.1473
21.7547
32.6417
33.1857
23.6485
23.9496
24.0794
45.2384
46.7484
23.7858
25.0209
33.0291
29.5277
24.7218
47.142
26.7868
39.7244
24.8265
23.5719
32.3623
35.1936
35.3493
41.062
26.9916
49.4854
34.6319
38.6405
46.7705
24.597
27.6431
39.9818
34.8683
28.8541
40.2236
32.424
27.9034
29.8471
25.6024
42.5878
23.2059
37.1153
33.8955
37.0949
25.5011
23.4229
28.5058
22.2447
23.3325
22.215
26.7391
22.544
30.1948
22.1998
34.1563
22.0333
42.7301
44.0874
21.6265
24.8441
24.5218
23.1337
25.7138
21.7915
37.9537
25.4745
22.1274
21.9872
21.8578
21.913
32.839
42.2682
54.2611
23.6953
40.7412
29.2315
23.7722
27.7577
28.2194
24.0356
22.7385
29.4912
47.0045
22.8059
25.6011
34.7927
30.0463
27.4376
38.6617
47.7035
26.8264
30.6237
22.4838
24.5462
25.3172
23.5763
23.4933
23.7067
22.7474
28.309
24.5521
29.4366
27.8619
33.7745
26.4189
24.4749
22.8802
21.5583
19.8413
34.8675
29.2607
29.4054
27.8773
20.0397
36.3464
22.194
38.3004
23.5581
39.8646
25.5171
50.5547
25.142
24.6382
22.562
30.6918
47.0467
29.7518
40.4728
25.5305
22.6584
54.4334
23.9676
39.4133
40.9753
21.8694
44.1835
36.5312
29.7066
22.2146
19.846
25.2252
20.1298
19.9255
31.8985
25.5774
27.8848
25.7467
22.4504
23.6455
21.312
25.5336
31.6632
31.0438
24.1851
39.6678
38.5446
35.3189
23.9341
47.4571
38.9886
23.2579
26.5134
27.5908
29.0832
36.9179
22.6104
35.3282
31.9712
36.9321
39.8605
32.9475
27.579
29.8312
25.2657
23.7747
34.0598
48.6661
33.0613
29.4285
22.4897
33.0478
23.0773
25.9436
23.2802
36.3516
33.7127
26.5414
48.6943
22.6406
45.6237
21.3853
27.5265
21.6465
22.3274
20.5744
33.242
38.9608
20.3168
26.5794
21.3931
20.1143
30.9764
36.1628
20.9419
30.6913
21.1762
21.5706
29.5794
28.3684
45.268
24.7589
23.2136
44.2315
26.509
30.8045
27.2441
22.7297
26.225
41.674
33.7989
27.5533
32.3558
40.7718
21.8958
32.1146
22.6828
39.3317
34.833
39.0475
23.1566
24.6868
29.719
28.8267
30.4305
38.7024
25.8599
41.115
39.0434
36.0898
25.012
25.3859
40.6927
29.8768
21.5861
33.9302
23.0045
38.8719
22.0759
29.4408
22.8609
22.4927
22.7568
35.6411
36.0793
33.3539
22.4452
39.8536
21.7836
27.9482
37.8219
21.2502
38.2521
19.8022
35.7764
24.9981
32.9452
23.5076
28.9421
29.5534
30.0812
39.6901
28.7177
23.3954
43.6154
39.337
21.987
47.8005
30.7272
33.6165
22.618
38.8681
34.9941
40.4943
27.2533
28.6344
31.2354
26.2598
29.5673
26.5763
38.3314
22.3549
33.5762
28.5221
25.6811
23.0452
21.4413
25.4072
25.094
28.3922
22.4501
21.2943
23.277
24.4612
22.3836
23.6136
27.5332
22.1215
24.341
26.0951
22.2746
26.3331
41.1193
20.9376
40.0579
28.5314
47.2737
29.8323
37.8632
23.269
22.606
21.7918
31.388
27.4236
30.9601
31.9557
28.4777
30.3347
27.8796
32.0985
28.122
30.9093
42.3351
25.5424
34.2064
25.968
21.364
35.8552
25.2568
26.9167
44.0814
24.563
24.9026
35.412
30.5429
24.5087
22.6803
21.9957
23.5161
22.057
30.9758
23.569
41.6931
23.7589
31.4837
24.8316
24.5437
27.3405
25.2563
26.945
24.6661
29.9838
37.878
25.7298
26.4794
31.6852
25.9189
27.453
25.1837
23.3419
35.5483
24.4768
30.0759
23.2194
27.1679
35.3045
22.0852
33.8448
36.1777
36.1306
24.1769
45.1424
23.4903
27.5514
24.1206
35.2593
23.1176
22.6436
42.1816
23.6695
52.0802
29.4563
31.7981
22.6981
19.2044
18.6517
18.614
20.6766
24.0779
17.5268
21.879
17.7095
26.7174
21.5952
22.8336
20.175
17.3069
18.5034
27.0799
28.1311
27.0919
17.9588
34.0711
33.7589
29.6689
30.1807
20.9058
35.9769
21.0374
31.9503
33.9819
29.6738
25.1778
17.6613
20.8883
18.7929
26.0069
22.5198
21.5207
34.7029
23.9561
25.4177
24.8665
48.161
25.711
33.0438
23.4052
23.0158
32.0438
34.2562
20.8538
31.1705
21.9963
21.5619
38.6194
32.621
36.0494
23.5724
26.3841
22.2073
25.8004
21.3136
29.2084
22.0601
21.6164
39.0277
18.885
25.3753
24.4001
28.2932
36.996
35.1105
27.8915
33.5599
23.6119
30.1312
26.5518
21.2935
38.3867
24.1654
35.492
45.375
35.5687
25.0247
48.3223
21.9799
30.2628
43.7854
28.7793
32.6546
30.4896
21.4071
32.8959
28.2128
33.0201
30.5654
30.7959
32.8376
31.9067
40.6669
28.1923
34.4384
25.5809
23.2253
27.1863
24.113
25.5252
22.9419
23.6166
32.4062
22.394
22.2076
37.0145
20.3034
42.9742
22.6018
18.9168
19.1907
26.2341
22.3607
19.1951
21.9004
19.2872
22.8893
19.9466
23.7898
27.3855
19.5287
19.5083
26.7596
20.5787
21.5288
20.8436
24.1872
21.7253
25.17
22.1662
22.7603
33.8076
25.0446
39.8107
24.4465
26.1032
33.3874
28.8547
29.1611
29.9958
31.4992
42.3375
52.041
45.4123
28.1331
30.4999
25.5724
24.6199
35.6436
31.7406
23.4365
31.9785
22.553
21.7901
27.3727
24.63
21.6831
21.3986
28.6336
30.3957
25.2051
39.4303
27.9063
23.9838
33.6506
30.9711
27.0769
28.1845
27.6432
28.9417
24.7731
23.6567
41.5473
34.9145
27.3039
25.0741
19.7992
30.318
38.1715
30.2582
36.2962
45.4497
35.5273
21.1326
38.0739
38.7106
40.822
29.2508
27.5931
22.5428
23.7674
33.58
38.1452
23.832
26.7104
23.4077
24.5281
42.0162
25.1642
24.2522
23.8783
26.5768
24.28
22.6414
40.0955
35.4752
24.3129
24.0535
23.4266
33.894
23.1431
35.8615
23.5609
22.8499
38.2914
31.0594
23.1352
42.686
24.1563
24.6073
25.2341
24.9434
31.0213
26.2049
34.8436
29.3208
31.5276
39.7751
26.3094
33.3831
32.4031
26.618
46.4129
44.4967
44.5188
41.2681
25.7008
26.7058
40.2285
28.9201
35.5915
37.0927
42.6208
24.5498
41.2961
21.7862
34.7666
22.1993
37.9774
21.3667
24.0701
22.9195
22.0006
34.4079
21.5176
20.2189
21.6555
21.4132
19.9915
20.6965
19.2544
20.2196
18.9134
26.8801
45.3999
29.8526
41.8575
26.4215
35.8915
27.6208
37.3224
33.2873
25.9906
24.9387
35.7624
27.3497
35.1098
30.2579
28.7321
29.3321
30.8115
39.728
43.9012
26.2713
24.8842
24.4514
42.6346
42.3574
40.4165
44.1258
27.6827
34.5689
34.4071
46.9595
30.7271
31.7536
51.3876
38.5916
34.9181
34.4374
32.9026
32.0411
30.1287
29.2753
30.1331
28.2235
27.6632
27.375
30.4606
27.6467
27.2435
28.7583
28.9053
27.7143
29.3517
29.5987
31.7348
28.801
31.7716
46.348
29.2725
47.3775
34.9054
29.9266
41.6837
32.7297
39.602
32.9859
33.3237
33.5543
34.9241
35.3786
38.0617
43.6682
35.7429
46.7097
36.4146
48.2271
37.7555
58.3449
43.8103
66.2049
40.1951
39.559
39.4233
39.1005
38.3377
54.126
38.2564
53.3888
40.9043
41.438
40.5124
52.5979
39.9349
41.7097
56.9978
39.3405
38.5371
39.0365
37.5849
43.9711
38.8844
38.6231
48.7911
38.2684
41.4572
72.2986
56.6238
57.3633
40.6023
41.6175
42.3444
43.0167
42.5699
42.3216
41.6696
42.5807
44.2711
44.3576
41.8877
43.392
42.186
42.4507
42.0773
43.3732
43.5165
44.0872
52.3614
73.9604
47.4869
44.0935
40.6028
63.7844
63.1911
43.5222
42.5144
42.9728
60.097
42.7629
41.0914
40.8837
43.9277
39.886
39.8637
39.2599
39.7608
38.8503
53.5992
40.2253
42.0721
39.6168
73.0621
42.7586
41.3762
40.9815
61.2672
40.2224
40.8474
40.05
54.6956
52.7589
54.2269
52.0804
40.2327
39.4243
38.2758
38.8643
41.4082
50.8471
38.2455
38.3073
46.7571
49.0283
39.3389
37.0349
55.8457
52.6318
36.5388
35.4038
51.1994
36.6652
36.3662
41.7384
36.8566
35.7166
63.344
36.5223
50.2505
35.4221
60.5734
40.0829
34.7781
35.1303
35.3592
54.4241
40.3964
34.6391
35.6075
36.8169
46.5652
33.3665
46.0745
34.0839
36.4114
36.7893
36.8253
36.1228
54.3721
35.3084
44.2816
43.1109
34.2344
37.2276
36.6162
38.8293
36.9341
35.5431
53.1649
35.1999
49.8052
34.4386
34.1986
34.45
42.6517
41.0861
34.8749
46.4381
34.9836
35.5133
34.5328
34.7717
33.9791
34.7143
37.2518
33.7005
34.9911
34.6476
50.3317
34.9729
39.5383
35.2032
35.033
36.3413
35.3453
49.4115
34.4622
37.4881
34.2806
35.0776
53.7887
40.2809
34.6871
38.2349
36.5142
37.3639
35.1685
35.6353
36.029
34.2398
34.5972
41.0015
37.7427
36.152
49.2029
36.1207
38.5584
35.5119
35.8456
36.0628
34.8217
34.1611
34.9279
48.768
34.5745
53.2713
42.7813
34.9799
34.8279
46.5004
35.4925
38.0057
52.8239
56.0471
36.5663
57.3088
37.0436
38.2698
63.5529
35.0865
38.569
50.0822
34.3487
32.9117
33.3669
47.0644
32.5476
52.4773
49.8699
56.771
41.2686
35.0183
44.352
37.2302
36.2782
35.2714
35.905
36.7035
53.503
33.892
42.9274
34.4474
42.7298
35.9191
34.7679
34.1346
34.1659
35.7366
33.0484
33.9342
32.9863
36.1824
42.0698
35.7817
34.4139
43.6493
34.9005
49.1431
37.7143
46.2216
35.746
36.8198
36.1183
52.297
49.9532
41.4379
38.3945
45.8541
36.8529
43.734
36.3913
37.1995
63.976
48.2519
35.4501
35.9496
58.6371
44.5373
35.1169
35.5436
34.6885
38.0561
35.5741
34.9063
35.5678
34.9023
43.8306
36.728
35.2316
39.295
36.6688
35.5621
35.6343
34.8259
36.6367
35.7007
50.4926
36.2304
38.4586
35.8258
35.2996
52.0573
46.1814
51.5167
36.1305
56.4516
39.1748
39.0176
33.8409
46.5009
40.989
34.8302
35.0565
36.4701
36.5808
37.388
57.4372
63.953
45.3735
54.1513
38.5499
35.3604
44.4643
36.1349
50.9952
37.0303
49.9149
35.3375
37.9237
35.0385
34.3602
35.2583
34.718
34.7403
35.0525
36.6091
33.2061
34.4219
33.2645
33.3645
34.8231
33.388
61.0575
35.0731
53.9029
34.5087
35.2203
33.0747
41.0621
46.7172
33.9142
62.0053
53.2126
44.6418
48.6664
35.8637
33.982
68.7601
33.7834
36.1206
33.6442
33.3904
33.4506
71.7195
34.5792
35.1507
34.4644
32.9252
33.6813
45.5207
34.254
57.4022
45.9973
36.4064
35.0572
34.4148
37.0341
33.9814
35.5341
37.7104
35.4703
33.6611
33.6034
34.6978
34.3555
35.3029
34.1303
34.51
33.5815
34.4251
36.5243
34.4251
44.2466
35.7528
38.7508
38.6989
40.6767
36.2949
36.761
51.0629
36.3951
51.9129
34.1863
50.5032
36.2288
37.0087
34.312
43.4909
35.8281
45.1327
35.7739
42.0459
46.362
55.0935
46.893
36.6245
37.4385
36.8422
74.9346
40.5195
37.623
37.7915
59.5621
56.2981
39.4849
38.8133
37.9976
39.8118
39.5789
39.8261
39.0728
39.7822
39.1147
39.156
58.6832
39.8278
42.9426
39.327
40.172
52.3276
40.6895
38.8273
49.6192
48.1254
45.8261
37.7005
38.6253
55.2324
39.1582
40.9533
41.7683
40.0353
40.6636
56.9224
40.923
50.8044
47.0861
40.2298
39.6838
50.4604
42.8498
54.2919
59.6599
58.5267
40.1049
40.9857
38.9352
40.1967
46.0313
41.3629
39.7882
40.6816
46.6672
40.3599
40.8231
41.5962
39.3647
45.0206
39.9155
41.4787
39.5767
39.154
55.3668
37.5895
45.7416
44.6389
53.9349
41.1195
40.5183
65.1155
40.41
39.7066
60.1528
36.03
36.853
34.3333
34.5956
38.2795
38.0356
48.8329
34.2923
60.1118
58.3521
44.0143
36.3548
38.4029
38.3915
44.919
58.7913
35.2854
34.0302
35.0728
53.683
50.9403
38.8331
59.8116
33.9861
40.7925
42.3325
49.5409
32.7757
33.3716
35.8825
36.3313
33.6358
32.8352
45.7753
31.9187
33.5131
44.7475
33.4509
31.7123
46.3762
31.9828
31.3609
39.4188
31.9253
31.9736
36.0939
33.8509
32.3099
32.556
51.5312
31.2356
35.9649
32.2285
38.3737
34.7097
37.0264
36.0914
61.7392
31.2201
37.1407
32.5525
35.4265
51.0521
54.7797
40.3448
46.6494
31.7623
32.9668
48.226
43.2808
51.5644
32.8511
35.6013
36.4456
32.7205
33.8489
50.9293
35.2066
49.236
34.4701
33.2668
49.5865
33.0707
33.03
43.3256
37.1355
33.162
50.652
33.7638
32.8839
63.3876
39.1761
40.1716
39.8161
35.421
34.4331
33.1363
34.9741
33.8578
35.2922
33.4664
35.9123
37.2016
31.7247
39.1122
32.2214
45.291
33.8754
34.4464
34.5134
32.772
38.0206
34.4035
32.8344
39.7679
33.4397
38.0482
34.0853
38.1108
37.4589
36.3636
35.0776
36.5872
33.5957
35.0343
33.9095
35.4377
34.9455
35.042
36.8474
34.7649
35.6169
43.9013
35.179
43.5855
34.6898
35.8223
36.0387
42.5484
37.0079
35.1226
37.0417
40.3259
35.4161
35.4433
36.446
36.0468
51.9015
55.8978
36.0681
48.2964
36.3668
36.0287
50.8241
48.5808
46.0933
48.7116
39.9221
38.4419
34.9026
37.8432
65.4799
47.5967
37.4558
38.6213
51.3688
38.9419
38.0555
51.7283
39.0722
38.7012
55.5376
36.8013
38.0591
36.5885
39.2512
51.2776
37.655
59.0387
55.1784
36.4644
37.0161
55.4898
40.6499
36.5904
37.8605
35.2221
36.3405
36.3341
38.0503
35.0539
46.1737
39.4211
36.1788
34.472
35.1812
35.799
36.852
48.4892
37.133
68.1283
36.0296
36.3439
37.6884
37.3662
50.3133
55.5818
35.8203
36.0426
45.3219
42.7486
35.8647
35.6133
34.6241
61.7884
34.9558
36.8501
36.4146
35.4244
35.0608
67.6868
51.5264
34.1963
37.5599
42.9663
33.1868
32.5192
43.8666
32.6331
31.6899
37.6432
31.8467
42.4961
32.5274
33.9666
32.9075
40.5086
32.2511
49.2281
32.2117
32.0802
32.1873
32.2505
38.3941
43.2349
31.4262
47.3636
30.861
31.3511
36.6161
48.5728
31.7552
30.6693
31.4532
32.172
35.1063
32.4389
34.1371
31.8549
38.3817
33.2976
34.1745
44.3803
42.684
45.7141
38.5763
31.7389
34.3888
53.5249
42.5213
30.8532
44.2215
32.1514
32.372
32.51
41.6913
30.2194
33.9774
35.0412
33.5337
31.8202
45.4181
32.6449
31.2761
36.9508
34.3632
29.4401
39.9187
44.8758
32.7914
31.0219
31.3075
35.0693
31.2051
46.5252
30.1104
30.406
31.6958
35.0163
31.9694
63.0735
32.3339
33.0321
38.5801
34.1128
36.8812
33.4221
32.2166
38.3299
39.1466
34.5908
36.6995
35.8397
37.6049
41.8376
41.2979
30.9925
44.319
31.7971
53.1066
47.5268
35.8634
35.66
32.9584
32.7956
38.9925
32.529
31.278
31.1053
33.9881
33.6994
31.0743
31.3757
47.8906
33.3975
32.6636
32.4688
33.6232
31.28
44.9328
31.1915
33.0246
31.9577
36.2512
43.899
35.952
54.2879
29.6234
45.1981
32.4387
59.5673
29.4392
33.3947
35.4568
34.6049
34.378
34.8993
38.4852
29.6949
34.6143
40.4321
48.2139
33.0869
45.3813
31.1476
54.804
32.4528
33.9296
36.9197
31.7641
42.2111
32.259
50.1166
57.618
31.2031
33.4541
29.9141
40.3985
38.4136
44.4751
31.9254
30.7845
32.7771
31.1576
33.7772
35.3084
45.5883
30.8321
33.1704
48.9376
30.452
29.6843
44.1187
47.3484
30.5842
30.5636
46.7348
31.6256
31.6251
40.0337
50.1569
28.7216
30.1375
29.8038
31.689
35.9926
31.443
30.0393
31.27
30.5491
30.0232
30.3515
30.8705
46.0354
29.1067
31.8505
30.4207
30.5212
41.3831
29.0476
30.0708
45.1499
30.6058
31.5343
30.2257
30.615
30.0607
29.1196
33.8288
30.0201
39.9675
29.7572
28.2228
31.2778
28.2836
29.0328
29.0975
44.2581
29.7097
29.0958
27.5267
35.7033
28.0025
31.4145
37.2359
35.0318
31.4709
29.2674
31.1095
35.3407
43.3694
28.4137
32.0352
41.2095
30.1198
45.0224
44.8743
26.924
37.0887
47.6615
35.1984
46.509
27.4952
44.1287
27.1699
40.8842
27.8901
34.9454
39.031
38.4172
44.2196
26.2427
26.6515
26.9915
29.1597
40.0691
26.2076
45.1697
26.5836
32.6641
32.3656
26.913
30.3319
26.2167
26.9787
27.3653
61.1836
27.8978
26.2337
29.6391
33.7062
26.5373
38.4165
26.683
39.7956
28.5347
28.2007
26.8489
33.0271
30.3843
27.9089
28.3099
40.4558
38.7591
27.8601
40.1018
35.3277
27.327
38.7463
35.1844
40.0604
28.2571
36.703
28.4306
29.4026
27.4299
27.3864
27.0553
27.3014
27.3235
28.0977
29.3863
30.0648
28.5728
28.8018
42.9604
35.7382
27.1249
26.0766
26.2905
25.9914
25.464
25.3916
35.5647
37.0601
25.5798
24.4585
26.3802
29.3573
34.0984
32.7966
34.7132
30.2682
35.5641
34.7951
28.014
24.3741
31.3211
41.0997
26.309
31.7505
32.9172
28.2257
32.8425
28.1329
29.7517
30.6317
30.915
26.8784
31.8382
30.6619
31.8297
30.6059
30.5126
29.1515
24.3609
41.2584
37.2086
43.0187
39.5037
41.5837
22.9544
22.4019
24.3113
24.5582
34.9228
40.6918
23.4642
23.6877
22.569
42.5018
22.5036
40.5458
24.6127
25.7103
24.2112
30.7248
25.5539
24.519
24.8552
23.842
35.6503
24.6684
23.399
22.3837
26.5905
23.1827
23.2989
29.6944
23.1319
23.7136
23.6922
24.8325
23.615
27.2128
23.4238
38.8742
22.5956
42.2601
24.4589
23.2996
24.0472
23.9882
24.6729
24.1968
25.3492
28.7894
25.6491
30.7629
24.7961
27.9768
25.0964
35.5746
26.9571
41.7957
24.5246
26.8299
26.2076
44.2187
25.3631
25.3066
25.4439
25.1935
26.5815
27.999
28.7451
27.4376
33.7117
30.9003
51.6887
55.2532
32.5119
30.8199
36.7855
37.0013
33.0032
31.3195
49.6522
26.8734
27.6985
41.0257
27.3622
43.2661
35.9058
24.7708
30.0689
43.0912
46.3596
25.3317
30.1673
33.3395
34.0971
31.9889
33.9423
27.7362
38.753
30.2948
29.5473
32.2162
32.7368
47.1282
28.9978
29.3131
36.1462
25.0596
35.0348
34.5924
27.1185
24.1941
24.2951
39.9268
26.7382
28.6
25.9392
45.6362
27.222
36.1935
25.0637
25.4089
25.0493
25.0702
30.5959
25.7748
25.1294
25.4874
30.082
25.2888
29.4895
29.5622
26.7609
26.2024
39.7142
26.2061
27.6568
27.1618
27.8776
27.047
27.7536
32.3734
26.6544
45.8801
27.1491
30.2239
42.8182
27.7721
28.7132
32.9751
37.2361
26.8426
30.8004
27.5412
27.145
28.7218
32.5307
26.6826
26.3354
39.0412
28.072
28.3485
26.2056
27.93
38.5539
26.1391
33.5397
26.982
41.3004
27.025
29.1719
37.4763
27.9089
26.8692
26.2743
25.4424
25.6886
25.0878
26.1057
36.4722
27.4937
31.8827
29.4694
41.667
28.6949
26.6596
26.9835
29.729
25.8462
35.2374
26.3828
31.2576
28.5104
29.3557
32.0687
40.6906
28.9791
28.4528
31.5389
36.0361
59.951
34.3984
29.141
38.7828
26.0497
38.0557
26.0621
40.8259
36.9481
26.0436
26.8372
27.3144
24.3579
25.7299
25.3868
27.8395
26.2028
26.0597
29.8581
39.597
27.3644
30.2392
35.5491
26.2237
45.1131
24.9565
29.4149
39.5461
29.0081
30.0745
25.0076
30.0971
26.0194
32.6588
42.8033
24.7064
43.5714
26.1078
29.4369
39.0055
52.2539
30.2501
43.5582
43.4339
28.418
28.027
36.004
29.874
33.1721
54.191
34.0352
42.113
30.1493
40.4134
26.1436
24.2985
27.6613
26.382
29.5975
27.3422
27.8872
29.5716
26.6648
28.2423
28.7402
35.5573
29.2172
38.6087
27.188
48.3785
32.9741
25.8467
29.4703
29.674
26.0607
26.2451
26.6095
26.7195
27.5667
28.2136
26.2594
26.2722
35.0728
27.6838
26.4577
27.9896
39.26
26.2083
32.3933
34.3842
27.7681
27.1142
26.9273
28.1284
35.5516
27.6737
27.2536
25.452
31.6768
26.5672
28.5345
25.9205
26.7607
32.6875
26.5573
37.8064
25.7829
27.7513
34.0034
42.1368
26.6624
27.3912
27.6092
31.3472
26.9363
26.3934
27.3001
28.1154
26.6594
27.3373
27.2885
27.5377
27.6891
29.7083
34.1473
37.1624
45.4396
40.3411
32.9825
41.3621
29.8102
32.6368
32.9341
43.726
38.0065
32.2158
28.437
39.0769
28.2355
35.917
34.8167
41.1083
27.274
26.9877
27.7601
47.4571
33.62
28.3185
33.6615
30.2004
41.701
40.6344
36.6874
30.7723
30.7377
32.3658
55.9337
26.8556
35.0897
52.9996
26.5354
27.5718
27.3229
41.6972
27.5791
25.7664
28.5153
33.9511
31.5884
33.893
34.0786
36.0196
28.8967
28.8167
27.4371
27.703
26.5139
29.0685
28.7484
26.4339
30.3792
27.4349
28.0472
28.8328
27.9938
27.9407
28.5082
29.0993
26.6238
30.9287
35.994
26.1207
40.7223
28.7345
26.6811
41.9685
27.058
35.6321
33.9533
30.5096
62.066
29.4579
30.084
31.6024
30.1732
26.3602
30.5432
37.3531
26.1897
60.0296
31.4587
27.1051
27.0085
32.8667
26.9437
28.0115
26.4751
26.8616
25.4257
25.5348
39.1766
29.2216
35.6597
25.9814
25.6287
27.7934
27.7515
38.3622
32.1862
31.5533
26.011
39.5488
27.8469
28.2024
27.7767
36.6635
28.2443
31.7009
31.8851
31.9897
38.3667
41.2671
28.3651
26.1522
32.345
31.2918
27.5746
42.2784
29.4559
26.5006
29.5495
37.2002
25.266
38.3798
24.7965
25.3846
25.2271
26.2766
25.3601
25.6485
25.5551
25.4545
24.9959
25.0082
25.1761
24.992
24.2918
24.8229
24.3815
23.1441
22.3273
23.2905
22.4536
22.987
23.4758
33.4483
23.4988
36.7224
23.2088
27.0573
21.7026
25.636
22.6908
22.5925
35.8145
22.759
27.8932
23.2991
21.5762
23.9337
23.1914
23.093
21.5656
21.9691
22.0849
34.0978
34.7533
38.9691
23.7482
20.5366
38.2249
40.511
21.4605
36.8556
21.7677
19.7218
29.1936
21.2624
21.6448
22.1953
21.7923
31.289
28.5624
20.3485
22.3583
22.8784
23.2083
41.5166
22.2027
30.8009
26.6192
36.9488
26.6565
29.9095
27.6587
30.1301
32.9132
27.1229
31.6867
28.9616
27.0967
40.4912
31.4438
27.4196
25.9916
31.3835
26.9342
22.4986
31.4832
25.5746
28.4588
31.1313
24.7677
38.211
26.8014
29.0466
31.2454
29.2451
27.861
38.8049
25.8327
26.1672
32.1671
39.7174
24.8217
28.0202
37.5955
25.0811
50.4881
31.2424
26.3485
40.5413
23.8592
28.0847
27.4024
33.9457
23.8767
24.3817
27.2492
24.3016
26.4855
24.8032
35.6345
23.9127
23.3402
37.2107
22.9967
26.9291
25.1093
24.9526
39.1526
37.771
23.7361
44.253
24.016
25.3405
24.5011
24.1594
23.1224
52.3737
32.6195
25.5477
25.3898
32.9663
25.433
24.3791
30.849
25.7175
24.5428
24.9664
34.2156
34.6557
30.6565
23.9043
25.7262
25.2884
24.5385
24.7847
26.7985
24.5996
23.5568
32.5394
29.9928
25.2434
25.3645
24.8121
27.1624
23.8794
24.6374
26.2369
28.7205
28.927
27.3076
37.994
30.6624
26.0468
30.6158
34.1191
31.9406
30.7554
31.9366
30.7716
31.5812
42.9119
28.0573
39.7875
36.9829
31.6812
31.4776
24.9197
26.6944
30.1446
37.0096
35.3526
61.3353
26.8039
30.0371
29.6392
46.2658
24.2323
30.287
28.9643
37.4537
41.8405
28.8795
42.7979
50.9233
35.9309
27.2674
26.1864
27.0685
33.9046
27.3081
25.836
32.9053
27.8019
26.9962
26.5755
24.8221
24.9066
31.9602
28.0487
24.9442
26.0173
29.9263
25.2324
25.1324
24.0343
26.2292
42.6781
24.3621
25.0519
28.6594
24.0604
26.2145
24.1492
29.0315
24.2595
37.1963
42.6079
24.9783
33.8116
34.7351
28.3079
46.9189
23.4146
29.4501
25.0168
24.2434
24.3702
26.3665
25.9157
24.5645
24.3451
24.8599
24.3524
24.7826
23.9067
23.3179
24.6126
24.4864
37.4825
24.9379
25.3533
24.3085
42.9478
25.4961
26.6954
23.295
29.7288
41.8185
28.1485
37.3301
22.9462
48.8036
33.0822
28.6124
32.7476
27.1177
26.1775
26.7748
43.1051
38.3301
27.4351
34.3466
26.7904
27.9894
28.7862
27.6116
41.6282
37.5624
44.9411
25.5528
49.2713
39.003
34.7004
27.8369
39.2926
31.2723
33.0337
31.3023
29.0182
33.329
52.9416
27.2963
31.0552
25.4935
24.9154
28.8446
26.0278
26.3962
34.0823
24.1326
31.9672
39.4656
26.86
26.4857
26.2535
26.3719
26.4442
42.6051
25.401
53.5733
32.5889
28.2094
27.1011
26.0564
59.3061
32.7936
27.0981
28.2461
42.6
39.8002
30.3984
28.1661
27.7363
25.8186
37.0013
26.9238
30.0265
26.9569
40.3465
27.7671
37.001
41.9437
26.9198
29.0647
30.2683
40.0841
28.5346
35.6033
27.39
29.7399
28.2427
29.4565
27.0999
40.3181
28.4783
28.0487
39.5178
27.0768
28.293
29.0966
28.7421
36.6315
27.8316
31.9804
31.0417
28.3754
29.5816
27.8051
38.5102
28.7123
29.2745
29.1611
28.9017
28.7142
28.3056
50.2427
27.4177
38.2828
43.1948
27.5071
32.4542
28.5331
27.5186
35.859
29.5215
28.3801
31.5223
37.0195
30.5188
31.0887
30.7847
29.4859
42.5677
38.2029
30.7094
30.664
31.5525
29.6473
42.1649
30.7337
35.8271
31.8168
34.0768
44.6649
31.8088
29.5472
30.2189
29.6693
29.4678
29.8937
29.7732
30.4302
46.7827
31.4722
28.1583
27.8965
46.9828
28.8172
28.2506
28.8388
32.9902
34.907
41.7903
31.8955
34.6413
30.2502
46.283
28.9912
38.3941
39.04
37.5893
28.5601
39.3385
32.6424
35.8391
31.9347
28.7262
36.3638
39.8948
28.767
38.9545
33.9332
48.4975
31.5504
36.939
28.789
34.3248
44.7307
28.6576
35.0098
55.6367
28.5368
46.7121
29.3882
41.2645
29.932
30.0492
35.3035
29.1462
28.1463
27.9675
28.8283
29.323
30.7864
30.2326
28.8744
29.7519
28.5924
51.2665
29.0067
32.2674
49.3689
41.8236
30.6753
36.1774
29.0599
43.339
31.0993
33.434
32.4913
33.4411
33.3502
35.0491
32.8572
44.8973
30.4241
33.9874
27.6419
36.6774
49.7593
31.8034
40.4785
28.094
32.3577
49.1336
26.4229
29.6553
32.582
31.4126
34.759
65.5359
32.112
30.0788
27.7388
39.2521
27.3395
27.6682
27.469
26.6103
27.033
27.9642
27.2115
28.3969
27.3719
27.6928
31.6881
34.9762
33.5285
29.8021
59.6035
28.8708
37
41.4244
28.919
32.0941
28.613
38.393
30.9683
34.2936
35.3433
30.0094
34.2472
34.909
33.9454
34.4301
34.5896
34.8812
27.9454
42.2018
45.0066
35.8021
33.2227
34.549
44.6735
31.2586
33.0476
34.705
43.774
33.1668
48.7574
46.3244
30.6187
30.414
39.937
30.2128
30.0173
30.5178
29.4787
42.948
30.9825
37.1274
29.4818
31.4326
30.1289
30.1697
30.875
31.6445
30.6367
30.8825
45.487
30.7505
30.2334
37.727
47.2243
30.171
50.3195
36.5133
30.7916
38.031
39.3917
37.7053
34.0899
40.1156
41.114
32.571
36.4894
33.2827
45.483
30.2635
30.4569
36.6379
34.0831
34.9894
55.6505
29.2936
34.6728
50.958
30.3861
39.8805
35.7741
35.5882
29.3125
29.3935
27.9817
29.1826
29.4055
28.7197
28.0769
28.3044
27.3374
31.6321
47.8993
27.7881
46.0926
27.5655
30.2782
41.9751
28.3663
28.6188
28.8796
33.3006
31.5334
31.3316
35.0253
26.4191
37.7536
31.7361
34.075
55.2824
28.611
26.4133
37.4305
47.2308
26.0228
38.5982
31.0268
34.7328
29.2078
32.3239
33.1827
31.7431
43.312
43.8405
34.3484
44.9154
25.9332
40.906
36.0412
31.2228
26.3906
35.8203
25.9442
26.8113
41.5658
25.7514
55.1265
26.078
28.3162
26.1154
27.3318
27.3857
26.3257
34.1444
43.0651
28.4616
26.8989
27.2291
27.2635
34.3557
35.4757
32.6378
29.4156
33.331
26.3532
34.8525
40.9281
29.697
35.9127
31.7208
60.7996
28.8204
28.649
50.6437
53.878
27.1009
37.4175
32.2993
30.1318
36.7417
26.1191
28.5657
27.2503
34.4001
27.3782
32.708
32.4841
44.9662
26.3621
47.1136
25.8618
46.7751
35.3771
27.6038
26.2359
29.3835
35.6223
26.7806
26.6739
25.9071
48.112
25.7764
52.8355
29.7976
30.0812
28.8032
30.0698
38.9225
48.175
27.0681
26.6962
27.1139
47.7221
29.6413
30.7088
39.4652
27.1379
46.1955
26.7829
33.0053
31.81
45.2836
27.8573
44.712
35.4777
29.6624
46.3023
25.6274
40.5266
26.2076
38.8474
31.6542
33.8152
43.1645
43.3573
27.4482
33.2772
31.7972
41.6412
29.3367
33.4973
53.0215
31.0234
27.167
27.4705
26.4254
29.0962
27.0988
26.5475
31.9522
26.2681
27.7777
28.1659
25.5985
41.2681
26.3723
34.9238
25.535
40.9508
25.8001
40.9157
26.1077
28.2859
25.9588
28.7114
27.6905
43.5216
25.6798
37.364
26.7442
26.4069
26.946
26.648
25.9894
27.1794
26.5738
26.6434
35.3129
36.9034
49.9067
25.4094
36.3812
31.6968
27.396
25.1181
24.9624
25.5024
24.1425
34.389
24.4323
27.3251
26.9624
25.2899
23.8147
40.4051
23.4676
33.5485
24.2077
45.1773
23.7499
29.5523
35.2259
43.5048
25.1553
23.0628
23.9969
24.4831
24.0617
23.877
23.6095
36.9674
22.5727
38.7126
24.7889
42.5825
42.8747
35.1132
40.4145
25.2991
30.8654
29.0085
30.0572
29.6544
34.3096
37.5038
31.6535
39.2349
27.0035
38.5613
41.1788
42.2095
27.1947
31.4453
48.4384
28.4932
25.2507
34.3628
31.0753
42.8849
26.7323
41.3716
34.6557
23.3087
28.5214
25.8452
41.7469
23.9817
26.4055
23.7245
26.3002
23.9846
28.0203
24.9584
24.3302
24.442
24.0082
27.7118
40.3919
41.0379
26.7699
24.7768
31.2995
23.6852
22.0963
32.0107
23.2825
26.8919
32.7653
24.064
23.7847
23.2053
25.9489
25.9328
23.8285
35.7456
23.1107
27.135
44.5356
23.4458
37.8803
26.7925
39.2419
36.1059
40.4564
31.5325
30.3978
29.9856
26.2018
34.6641
31.3368
29.0915
42.0335
24.17
35.6979
24.8855
27.1093
22.9833
37.5083
24.7202
23.4157
32.0509
25.6955
40.5489
38.4356
26.9126
24.7693
40.4378
38.4143
25.8059
23.6374
24.8358
39.2524
53.7924
28.8385
31.4567
24.3291
27.631
25.3153
23.7943
24.7926
24.1799
27.6841
35.5148
25.7571
25.3781
24.8936
25.0005
25.3395
25.0176
48.8231
43.1442
25.1765
25.388
28.5906
25.4994
28.4918
25.6531
40.1854
25.9541
26.064
39.8922
56.4857
26.4715
44.3866
30.0147
27.5023
26.0667
37.4402
26.3107
25.2442
26.8149
41.0621
38.5852
25.6681
37.1615
25.2683
43.5377
25.6999
26.2887
26.0224
25.3506
24.8349
39.2933
25.8253
26.5706
26.8305
25.4867
59.2224
28.5446
31.1109
45.482
25.9255
34.2338
31.3337
45.8692
25.882
31.5535
38.123
44.3946
26.7175
27.8226
29.2711
26.827
44.432
33.0049
29.8276
30.8314
32.3909
29.0073
27.5324
28.481
48.1403
41.9011
26.7925
24.6092
25.2057
25.6268
35.6828
24.4194
24.9594
24.8717
26.7703
38.3731
33.7404
24.5761
24.9344
24.5231
27.2263
25.9439
28.4507
25.1189
25.5357
24.4405
32.5505
25.9613
45.8717
26.1239
29.1058
31.465
31.2298
23.9803
40.0107
30.6205
40.1553
32.2067
27.5398
24.3745
26.9374
25.1012
24.7119
25.7089
23.9538
32.3497
25.2081
25.2744
25.0746
24.6893
25.8818
26.5813
24.248
34.8139
24.5933
27.1596
26.2561
24.7515
37.7244
25.6813
26.5943
37.596
27.2072
25.7345
27.5785
31.7522
46.664
35.5968
24.216
24.347
24.9332
26.2677
26.4749
23.8445
38.8287
24.6688
30.8596
23.6041
31.6081
23.9919
48.7087
27.5939
43.7036
26.6497
29.5893
34.9144
36.6298
24.3905
26.8195
31.2696
35.2288
50.5235
26.4783
30.6714
43.622
25.7476
33.7602
25.3303
41.4745
26.4409
48.0353
28.4083
28.5833
32.0167
44.9015
24.1658
31.2353
33.4259
25.7672
26.4287
27.9735
26.0673
31.4934
26.1592
33.2003
26.5273
29.0469
25.8643
26.7564
41.7491
46.0903
31.0949
28.4607
27.8167
31.5996
27.5575
32.4786
31.3755
37.527
34.1747
26.4899
31.5613
30.1356
30.0243
28.861
30.6334
50.4324
43.7677
26.4325
26.9713
47.8402
34.5283
28.596
43.0745
26.6322
28.8211
27.0325
27.5778
42.2165
39.3274
26.9783
41.392
27.675
29.5783
29.2728
27.4354
27.8605
29.3535
27.8001
28.1302
27.0001
34.1603
28.2146
27.8325
27.9055
28.1775
29.1111
33.4927
27.9361
49.9637
45.5283
30.4926
28.7081
30.2648
28.7578
28.2049
27.1314
27.0902
26.7693
27.2295
26.5885
27.6542
26.3864
35.4181
27.2766
27.3479
33.0375
27.8434
35.9192
32.058
29.3609
28.4241
29.7884
28.9606
29.0459
56.9871
28.7293
28.417
29.4162
33.6217
28.5634
26.6655
27.5945
61.8975
34.1063
27.1799
27.1585
27.586
33.2131
28.3452
27.0132
27.9483
28.7397
26.7645
27.3022
27.7064
27.2281
26.9504
31.0595
42.4188
28.7446
32.5012
56.0549
29.6885
26.9086
27.4285
33.2229
28.3188
41.8531
27.2448
41.6022
25.0884
42.668
26.2845
27.1348
26.8869
25.4605
31.5275
27.9535
28.1681
33.2538
24.5876
27.2743
44.2262
34.4621
25.0704
25.9309
24.4377
24.6988
24.9113
23.9533
23.8874
24.5427
24.0343
26.8042
23.9661
38.4143
23.0951
25.197
23.3055
35.2749
23.6977
30.9299
23.7897
21.1987
23.0055
23.0304
22.7265
25.7728
22.6351
22.7752
22.9687
22.4479
42.0288
29.6241
39.0727
39.6319
27.7813
38.9378
27.7756
34.8329
35.4691
31.6336
24.9217
35.6761
38.2309
34.1762
32.7121
43.3607
26.2311
37.2126
28.0236
33.0228
28.1011
42.5841
42.0995
42.9462
29.4028
32.0946
34.2263
30.3529
47.0915
27.0251
40.5422
42.0097
40.3379
27.0444
26.104
29.4104
25.9484
26.5408
25.7328
25.778
26.3526
28.0143
26.3615
27.8878
26.4124
27.1583
26.2469
31.522
54.8002
25.0613
32.6953
50.7856
26.851
32.7492
32.7676
25.847
30.9251
36.4543
31.1549
30.5144
32.0275
27.2602
30.9265
38.7151
29.421
32.0353
30.2899
39.3842
47.4087
26.362
46.5536
25.736
52.5898
25.5598
30.8254
35.1425
41.4052
45.4854
45.6174
26.7637
48.0338
52.5369
28.4133
35.3227
43.1474
26.2912
25.5495
25.4198
26.7712
24.733
38.6496
31.3394
24.7407
25.1844
24.5329
41.5695
27.7096
24.7409
24.7137
24.2566
31.7735
26.9061
25.4773
39.9213
26.5924
36.6736
25.827
38.2858
48.1488
27.7781
52.614
28.3276
25.2701
36.6161
29.6331
38.2872
26.3334
41.3248
26.9563
25.7576
45.1709
25.5876
38.311
25.6786
28.6924
26.3228
26.3017
27.9267
41.5048
26.8349
26.2234
41.7502
39.7151
28.1138
25.9597
51.1335
28.1667
40.0991
25.7347
29.2657
32.0451
31.0104
26.4076
26.8445
25.8556
24.7215
38.8112
26.2049
25.6923
28.2015
33.4931
39.4748
29.3006
40.5629
24.4498
53.7085
29.5212
28.6399
34.2854
34.9182
26.7984
47.769
26.277
26.6633
29.6963
51.6855
25.3926
26.2991
32.0566
31.2618
25.8767
32.2811
41.3704
28.2276
42.5982
40.1796
29.6506
31.3136
26.4646
44.09
25.1591
44.2856
25.7672
41.3301
25.806
37.234
27.1029
24.367
43.6907
24.64
46.8148
25.0292
30.4437
26.0769
39.0143
28.6838
25.5116
40.0388
25.5837
45.1281
52.5712
25.5775
40.1244
26.3883
32.1749
26.7286
34.2658
28.7994
35.188
30.6136
31.9055
31.8601
24.6772
32.7322
47.5322
40.2672
25.8497
29.4342
42.9707
34.0369
47.4587
40.285
28.1207
30.7669
35.0018
30.1247
27.6242
40.647
28.5481
30.739
41.4726
46.8734
42.5143
26.8958
34.2039
29.6489
24.6201
44.6077
24.0551
45.1552
37.0965
26.96
27.369
25.979
24.5845
24.6834
23.8104
33.1832
24.6308
25.0095
40.5796
40.9822
32.5262
39.1618
28.2076
30.7609
37.5028
36.4335
29.462
27.3346
31.0292
40.4823
28.1011
24.6492
33.1638
42.4415
50.1066
25.6613
26.5301
25.8295
39.8955
38.6905
25.3356
34.929
26.2541
48.6031
25.3692
42.8321
32.9942
29.4798
28.1877
57.5295
32.1198
26.8916
26.505
26.7421
37.8898
27.6042
26.6661
36.6913
38.9362
27.6094
26.7544
28.249
27.2498
42.8164
26.7541
40.2265
25.6613
39.1668
27.5353
41.5976
26.0532
41.6759
25.1508
41.8577
30.539
37.2303
29.5207
32.7598
30.2573
28.6917
31.8569
33.7858
29.172
62.1948
29.1245
50.7619
37.6342
35.8254
29.722
33.2843
35.1767
39.3866
31.4706
37.178
34.4168
46.5568
44.2447
30.2909
30.2832
59.5579
30.1227
33.4865
39.261
29.5071
29.2419
44.6678
30.477
73.0007
32.1644
52.7723
33.1077
32.8378
29.7495
32.7425
31.2443
41.1053
46.3797
47.1755
30.3735
32.3379
29.8112
29.3495
30.5644
29.1339
40.5411
30.3626
29.8225
30.9065
31.7275
30.4686
31.407
31.897
51.018
58.7386
43.5481
29.9799
64.3086
49.191
29.4448
47.888
29.4768
55.3586
30.8239
30.8861
32.8296
29.0872
29.4243
39.8996
35.0095
48.228
42.3771
31.0132
28.8994
49.7741
37.8165
29.1782
29.7223
29.8616
49.132
39.6044
44.2724
32.2433
34.9181
51.1677
29.3213
33.1535
28.7766
36.2051
29.5471
38.6649
31.1495
31.8133
36.0039
33.3643
29.4751
28.5438
44.7538
28.7284
32.3791
39.9829
32.532
30.6733
55.5013
29.0423
36.21
32.9608
39.6537
47.1387
47.5091
29.2276
36.7247
30.8565
35.721
45.4209
47.6364
29.0936
37.0772
32.3887
38.35
52.9381
30.7759
29.8724
30.4936
29.4454
28.9265
46.1106
29.5993
43.5829
29.424
29.0869
29.642
42.5352
29.1465
29.071
28.8802
42.7638
28.597
35.4451
38.1705
27.9923
54.7254
42.6158
29.1032
31.2246
28.7421
47.2526
29.351
34.5631
28.9955
29.0691
29.0615
43.9866
27.0375
27.5832
27.1743
27.5982
29.1345
28.482
30.1617
27.9745
27.6123
27.1885
45.0989
26.9471
32.764
28.5099
31.0328
33.7547
40.3725
27.5948
37.7626
27.5482
43.9752
27.6581
30.3611
28.2646
27.0022
33.5402
26.8878
55.73
43.8904
34.8622
27.5353
30.5865
35.4091
41.2959
27.4361
40.7022
27.6459
29.6332
30.36
29.7219
28.2967
29.148
46.365
30.5727
31.5584
34.3185
41.6311
45.2342
52.1383
28.0125
30.4742
40.4567
57.5476
26.8683
35.6264
27.698
38.0938
32.4176
31.7029
38.156
46.6372
27.4125
27.5913
29.4211
33.3177
31.4177
33.5509
54.457
28.3551
28.1108
29.4481
49.7179
30.6309
32.6369
29.5126
38.134
29.4245
28.6658
36.9859
40.0942
29.4486
30.6384
44.4279
30.3055
51.2681
42.1102
29.0624
32.4613
43.0308
29.6962
52.2063
31.4414
34.843
30.1494
47.0945
43.4597
32.2072
27.1664
29.0948
27.8321
26.1673
51.6471
32.8964
39.5587
56.0226
26.9842
32.1613
28.5786
30.0414
28.7831
27.6385
29.7024
30.129
30.0279
30.589
32.0712
30.5334
30.8
28.619
43.7543
26.9482
50.2115
41.9906
28.7163
31.2557
29.0215
55.9314
28.5417
33.8013
29.6712
32.6417
32.2782
30.1111
29.7954
29.1956
29.6776
31.1552
37.2576
30.8893
30.4793
34.5036
28.6405
40.1524
31.7939
38.3753
42.5806
46.2571
27.5505
38.3346
28.5147
45.0757
28.1686
38.7455
40.1994
31.9172
28.8431
41.1637
28.6156
27.5713
42.3009
35.9869
26.1284
29.7241
26.4502
44.5774
28.7194
43.116
46.1191
34.1413
45.4778
26.4135
28.3082
28.0057
28.6522
30.8965
28.9409
39.3449
29.3524
32.7703
27.5008
50.8237
48.4326
27.9004
40.5033
35.3408
28.7429
29.3972
28.7057
29.0431
31.2317
28.634
29.2542
33.054
27.9679
34.7886
31.3868
33.7492
32.4667
49.9663
30.312
33.9777
31.5643
30.3753
45.2653
30.6713
48.5087
30.6453
39.3787
52.9688
31.7123
31.7204
35.1656
30.3595
31.8958
45.6698
63.2089
36.2556
32.1086
44.7327
29.8919
43.5722
31.0165
28.597
48.9913
31.8647
44.9573
34.8095
29.1293
30.0424
30.2648
52.1295
31.6817
34.0684
29.0928
30.5176
30.8205
30.3855
31.0513
31.0478
42.2561
43.4022
34.2153
29.2661
32.0973
45.5074
29.1151
39.0724
30.0494
35.2587
32.1934
40.0623
46.0575
29.3589
51.0536
29.198
42.1378
31.7359
34.5278
31.0727
43.7886
31.5688
41.5019
31.1498
34.6703
32.2289
35.3363
43.2663
47.085
27.6766
32.0393
30.1083
31.8026
47.3069
35.358
30.5253
47.3312
43.0767
33.4571
29.2822
53.0529
51.0095
31.8356
30.6039
27.6878
26.9377
27.6119
28.4832
27.18
41.9403
29.4869
27.8038
29.2903
31.2606
35.7217
47.8272
36.4359
32.6661
36.7691
32.5068
38.4622
53.0983
32.8399
41.7539
46.3546
40.2232
56.2963
32.1147
37.5529
47.1636
31.3449
35.9576
37.0725
37.215
36.309
37.1713
31.0182
49.3031
32.4376
47.1978
34.0971
32.8826
31.325
47.0244
38.3121
32.5353
54.8878
34.2029
33.1293
30.3916
50.3456
30.5642
32.0232
31.7358
31.0596
33.4732
33.8779
47.7692
51.1361
32.9601
32.515
32.4411
32.5981
48.1514
32.5885
32.1006
32.1879
30.5518
41.4016
29.0266
35.3867
29.4237
31.0128
29.2145
30.4927
29.6548
28.901
38.4224
30.6961
55.4481
38.7722
30.7848
33.8076
29.644
52.9852
32.2152
55.2771
30.336
57.6682
29.9982
36.0834
30.4071
30.0537
32.5638
51.0048
31.6425
51.5046
33.4956
55.4252
31.7158
46.117
33.4221
45.7807
32.7748
33.945
33.5876
33.1325
32.8309
30.6978
53.1117
30.1249
34.9204
29.0989
27.6916
37.0357
46.4809
29.6659
37.1962
31.0865
30.0928
29.3848
40.5508
30.2799
40.8331
58.6545
32.9462
34.5574
32.5706
32.5775
41.9255
30.561
47.1389
31.0955
35.3172
43.9876
32.7419
32.7833
34.4849
38.0155
31.0774
30.5083
33.2577
47.2461
51.4615
50.8243
29.7862
32.0768
29.6114
44.8247
30.1683
30.7321
29.9484
30.9789
31.0741
30.8448
30.7598
33.1354
29.641
30.1222
31.0419
31.7293
30.824
31.1154
44.6641
31.6043
45.4456
30.4252
42.906
30.802
61.3931
32.0734
34.3582
29.1246
48.3419
29.7412
33.8146
47.9618
29.5054
28.4738
44.7269
30.2965
28.6616
61.9128
31.2331
30.7826
30.1241
47.7514
32.1524
36.8307
47.8017
31.2911
41.1592
38.2695
45.8896
29.7322
44.0178
31.828
31.5707
35.778
45.5814
30.7209
37.316
31.4226
42.9712
30.2901
63.6832
37.7945
47.9938
36.0418
29.5938
34.0097
29.761
34.8111
30.6152
33.9919
30.7581
28.6263
29.1566
30.3155
30.1878
33.445
58.0513
41.0923
29.396
29.8076
43.6032
28.4921
32.8877
29.0114
41.4225
30.0834
29.3691
28.6934
30.4291
36.7028
46.6467
49.1305
25.065
42.8623
26.6648
51.2167
26.1123
34.9526
46.7783
27.8027
40.1835
34.1904
42.4897
30.7076
32.1223
30.311
29.6454
27.9436
42.6909
27.1077
40.6834
26.8259
53.0034
46.6184
29.9432
28.3534
41.6772
26.7472
26.6672
28.2415
31.9955
28.4516
29.2094
29.5279
28.1854
28.8163
28.1528
31.5292
28.7046
28.4599
29.6771
28.4685
30.1999
27.5173
30.6665
28.1932
31.1646
27.7859
32.68
45.1599
29.5586
31.3413
29.7529
29.9009
31.4099
43.8246
29.5811
29.4094
28.4648
31.8181
33.9265
28.7114
33.8286
33.6633
29.4509
29.2606
42.0308
30.4358
27.5481
37.8653
27.8103
37.0315
28.9162
28.187
30.2415
28.3617
44.7471
28.1883
33.0654
27.744
45.6533
36.85
31.5204
29.0599
34.6318
32.6466
27.0696
54.0708
28.9872
26.853
36.1141
30.5565
29.1611
30.317
31.9997
33.6249
33.605
46.3552
30.7652
29.9714
37.1683
33.4328
51.236
27.2692
28.6307
25.7699
26.6872
45.7762
23.6214
27.1168
28.299
25.8779
24.9877
26.8335
26.8383
28.4583
26.3168
26.574
26.6549
42.0128
27.4808
27.0452
31.7635
43.8737
25.1714
52.1555
25.154
27.456
28.4482
23.9343
48.025
24.5257
31.7903
24.0902
27.7006
28.038
26.0396
29.6249
28.9991
42.5757
26.2579
47.3084
25.9196
36.5622
37.2756
28.1247
40.6794
26.9515
32.3462
30.3016
45.3422
26.8837
27.9818
33.0091
30.7149
45.5022
30.8362
38.5603
25.8891
39.3438
26.0217
40.7728
43.9371
51.4598
26.9719
32.1382
26.8649
28.1459
28.0487
31.3364
24.8932
31.3467
25.1032
27.1457
24.1918
40.3133
44.1046
46.4629
28.2638
26.3341
28.0871
32.781
45.5098
28.5528
27.4228
37.1411
48.8355
37.8575
28.4624
24.3139
29.6928
28.5732
33.2015
28.3139
24.5825
28.9266
28.7283
28.7917
40.4062
41.7806
26.7757
40.9222
26.0185
25.5577
58.1713
24.9933
37.7286
26.1314
25.6435
24.9332
24.1143
24.2012
25.199
23.5365
27.5153
24.2994
36.8135
25.2247
25.4981
30.4905
45.2711
26.4592
26.6192
27.9541
27.2852
33.2499
43.1598
39.6158
29.7535
41.0862
41.2281
25.6119
31.0209
31.9648
45.0968
25.1051
35.8201
31.7277
31.8775
35.9794
27.2291
25.4194
29.8899
30.1314
25.5968
37.7275
40.0082
28.028
26.8516
26.7259
28.6052
30.8359
44.319
25.7984
42.046
44.6795
25.2623
28.0141
25.181
24.6538
38.6399
24.555
30.5165
26.1209
35.5104
25.0247
43.4989
40.7118
23.3135
29.9065
24.1793
24.3533
24.8658
25.1301
24.3607
27.1492
40.571
27.5743
40.4029
40.7275
25.3968
24.4165
31.0013
29.6808
29.0826
33.579
25.5166
36.2985
32.5294
30.4268
42.4066
32.1411
35.2294
29.1135
24.8115
27.2014
41.6881
27.0243
50.0524
25.908
31.0494
35.1323
46.521
44.6905
26.4449
26.5953
26.173
26.6213
26.8582
26.9417
50.1898
37.4658
25.7581
39.9654
26.0599
27.9104
25.3538
25.2974
28.1855
25.6785
41.5384
42.2555
28.2545
26.5823
25.1511
46.0102
30.28
26.0245
25.8681
26.237
26.6939
26.084
27.0546
41.3701
25.4897
32.2922
26.5008
27.293
26.0849
56.9195
25.188
43.664
25.7489
52.63
29.4215
43.1936
42.3317
31.5309
31.2953
30.9394
31.3925
57.7445
25.1967
42.8094
25.2172
25.0105
24.8592
27.4698
25.8541
45.6772
41.3036
50.0831
43.0894
26.0111
26.0663
26.645
26.7621
27.0365
25.1764
30.2691
29.2277
32.6739
40.7658
27.4157
44.5348
39.4544
38.0111
30.9478
26.7817
51.2277
27.1229
31.8201
28.5698
31.522
27.6395
41.9426
41.5723
27.6473
26.8259
32.2355
36.3078
27.0515
52.9207
25.2302
30.5895
31.2861
35.0882
25.899
28.4478
38.0738
26.4658
42.2918
27.1642
40.9006
26.6018
36.3363
28.1669
44.689
25.752
27.7896
27.119
44.374
26.8859
27.1251
54.4057
28.627
30.9876
27.7823
26.6582
29.1339
27.3811
26.7967
26.7408
46.9655
27.4571
27.9908
27.6952
28.5212
31.5753
28.9008
27.446
27.1802
27.0965
29.9625
27.7268
30.7383
43.4328
28.3464
41.6214
28.9238
33.5253
29.4961
44.328
44.706
28.5446
31.4327
33.5066
33.7733
31.3685
47.9668
46.2719
44.417
27.9169
44.2515
40.0191
25.562
25.3371
26.0859
41.0819
41.2304
27.9174
40.5705
25.8414
52.9088
28.3887
29.762
44.7126
39.0515
27.1379
39.8412
26.5008
25.398
40.6748
23.2962
33.5374
29.2233
29.4086
28.6796
39.6419
36.5507
32.8093
29.2211
27.2
40.0895
43.0072
25.8058
25.1058
30.7383
25.3793
33.2331
39.6642
34.6446
30.1511
40.6774
25.2127
31.9833
28.6065
23.189
24.6505
31.4941
32.3664
38.3809
37.2425
26.7264
39.0353
24.3306
50.4088
39.868
23.5613
26.2643
25.0845
26.4181
35.296
21.8571
23.9791
22.6003
22.2286
28.9175
23.06
41.0445
22.2543
38.7935
39.6834
23.8591
27.676
23.5809
25.8985
22.2596
22.061
39.6659
22.4189
25.9239
36.1667
21.9591
37.4338
31.951
41.8307
27.2473
25.126
26.01
27.8701
23.8078
23.614
23.596
31.5325
29.9357
28.7122
40.0355
25.5163
38.1711
26.3365
29.1217
21.8912
40.0026
38.8288
34.4907
21.834
34.8729
21.438
35.9401
23.5819
26.9976
20.9567
24.7481
27.1831
28.312
21.2205
33.795
22.1377
34.3558
29.6369
30.083
28.1144
30.5287
28.4502
30.6784
23.5527
39.639
25.3488
31.2965
27.109
28.9192
28.172
30.9215
35.0408
35.0638
29.4627
25.8716
35.4232
41.3833
41.5204
39.6913
45.0204
24.0658
51.1749
36.5229
28.5926
30.037
29.7368
42.2683
35.2602
32.4913
30.5567
39.3223
24.1256
28.9609
23.7125
41.6536
35.5319
29.7244
24.9919
27.2339
23.1813
39.2538
25.376
37.6357
26.5057
33.0154
22.5916
41.2716
23.0631
51.9343
24.0269
28.0166
25.9745
27.175
25.2936
28.1912
25.0449
24.9835
30.196
26.0425
29.0778
34.7295
25.3678
38.9336
27.5591
30.1162
28.0674
26.5974
26.2014
30.0996
42.4781
34.103
31.9255
26.5298
30.9313
27.6973
27.708
34.126
30.9171
31.4022
44.7992
28.5937
35.2699
46.1574
29.1357
28.8422
29.4387
26.5942
38.8654
28.8025
28.8923
29.0752
31.5492
27.7686
27.1279
41.4125
42.074
26.8634
25.2392
37.73
24.6596
28.6432
28.836
27.5357
37.3338
25.4632
41.4219
39.2658
24.951
31.4261
25.9279
35.3177
56.7812
44.9113
26.3245
30.5279
24.829
25.0294
28.3882
33.3667
49.8007
26.3535
28.8014
32.7881
30.5506
30.2487
27.2272
40.1286
42.5405
29.1707
32.7977
27.6659
34.3862
27.6848
36.446
40.9094
26.6908
25.2636
25.4385
24.8303
38.9656
25.0689
26.9349
24.4446
25.0021
25.2292
27.5688
31.2759
26.7845
26.6276
27.1014
28.026
27.2581
24.7967
24.7555
42.2105
25.2219
25.0234
23.9841
36.5222
24.831
26.1117
22.7229
29.7864
38.8831
38.0648
27.4748
40.7813
37.2767
40.5079
28.0528
31.5539
28.6931
32.3878
29.3543
32.1751
23.0351
44.6835
41.3683
24.4127
24.8737
22.9452
36.0198
23.7456
23.518
33.2787
39.4287
22.1109
35.3743
22.4682
35.0517
21.8853
24.7379
35.1622
33.2779
23.1976
22.1758
30.0752
27.8874
32.3454
33.6437
27.8175
21.0104
25.739
26.4536
26.4836
26.7431
20.0523
38.326
23.5466
43.6369
24.3114
36.9541
28.6775
22.1079
28.3505
40.6598
27.9933
40.2452
19.1742
21.2741
28.1725
35.0664
23.3145
18.8162
36.4791
33.5096
37.0849
19.7999
31.5372
32.9064
38.1125
30.848
24.1977
24.1338
23.6026
23.6309
35.3888
25.0701
24.8256
29.563
37.3965
32.5091
22.5108
37.5016
30.3729
34.8595
45.9949
23.7897
42.4805
24.6699
45.1377
22.443
24.0083
31.9742
32.626
22.837
23.7036
41.5466
25.7513
28.8369
28.5819
40.1077
33.8343
44.6236
21.4342
26.2024
28.6059
32.1866
22.344
32.6202
24.356
41.0242
26.7296
32.3057
28.6008
28.8241
24.3349
41.6522
38.0675
27.2418
42.1069
22.8487
27.1116
23.6192
23.7845
36.2473
22.1377
45.7853
23.8759
24.8961
24.9352
23.423
30.2656
38.151
33.3995
23.3849
30.7312
29.4485
45.0538
24.5061
41.5485
27.6319
24.575
30.5505
31.3585
30.8551
23.1981
28.0504
32.9146
39.05
40.7568
43.1687
25.6507
43.6565
24.8449
41.4322
49.086
25.942
27.2635
27.4637
51.7338
25.4925
30.1326
30.108
33.5965
26.3216
33.1515
41.486
25.7469
25.5955
24.7958
29.1932
26.9456
25.4219
38.1918
24.7933
30.0194
25.0659
26.3728
25.2216
25.5661
25.511
53.5999
26.2163
25.5806
25.558
31.2493
33.9793
26.9349
23.9763
29.4408
26.4638
34.2623
27.0668
35.4068
31.9935
31.9055
30.4807
33.3729
33.7788
25.0837
26.0182
33.3228
31.0992
47.9259
41.8662
30.8245
30.5321
31.2108
25.2536
56.2266
26.5296
39.2503
28.9149
31.3386
25.2426
33.5995
26.3027
39.9095
37.8582
44.1593
26.2268
26.807
27.7958
26.131
26.2123
43.5464
25.3828
28.114
27.4231
25.7877
29.2698
26.4366
26.9433
26.4381
31.4715
34.6135
27.786
32.4691
32.2595
42.0119
26.4718
30.8961
27.5922
33.2933
31.0314
34.7303
31.5027
40.158
35.1843
29.4522
52.8679
27.9964
40.5574
26.3298
29.302
31.2356
25.273
44.3325
45.5764
25.0342
43.668
24.4709
26.5974
27.4324
25.4571
29.2058
29.9753
31.1456
23.9895
28.1029
33.5358
22.5686
33.8203
22.3583
30.4221
23.7891
26.2063
22.6802
23.7668
32.5248
23.4579
22.4635
22.4715
23.3906
21.6426
23.6507
22.339
26.14
26.6914
22.6886
23.9349
25.2239
27.7055
44.7245
21.9866
39.2582
24.419
23.1229
36.6048
28.2974
22.0107
29.0409
22.6566
50.4536
23.021
37.9674
23.6562
34.0034
23.3889
42.3845
48.3587
32.0477
23.2544
39.5244
22.0984
25.4387
42.4854
29.3865
34.719
25.8225
23.7779
22.8652
25.7701
24.1241
23.9788
23.4688
24.1863
35.0009
23.7701
27.9844
23.8826
23.778
23.3855
38.7616
33.4038
31.4413
29.5476
33.0723
24.6831
35.0162
47.2556
39.5259
26.0145
28.9073
35.102
25.6466
32.3741
26.554
41.1367
27.6882
26.5816
33.5375
31.3529
33.3687
44.0623
48.4726
28.2073
37.1808
44.0378
37.3742
35.6349
28.9192
28.5596
28.2167
35.9158
28.1783
30.8395
41.9686
31.0773
49.0991
30.0026
29.125
31.0801
41.8899
28.1435
50.1442
27.5628
27.7539
28.2872
27.8706
27.5002
27.8981
28.304
31.1848
26.7777
29.176
43.0585
46.6722
58.7065
37.322
28.6124
33.4648
26.1256
38.5758
28.6389
32.4168
42.9099
27.4278
39.2915
28.7715
35.8026
42.3951
36.6079
40.959
32.1735
32.6125
37.1655
31.8561
50.5176
28.6188
40.6779
37.5873
53.6895
31.0293
32.3017
30.1177
34.0074
43.8446
31.7336
29.496
56.3917
41.3425
26.8442
30.0675
29.3851
28.581
28.9765
36.5048
34.0175
28.6272
28.7412
30.4817
29.5433
41.4917
30.3674
29.4443
28.9272
31.1531
30.2918
38.9354
30.2606
33.561
29.7581
36.6086
29.0663
28.7812
29.8574
30.2282
29.0026
29.1916
29.9787
41.97
60.3926
30.5587
27.6414
29.3998
29.7171
28.773
28.437
28.6459
33.9253
28.9896
48.5167
29.8399
44.301
31.9993
29.3438
29.2739
43.9991
34.8217
38.0453
46.7728
57.4327
28.6712
29.01
28.5419
28.5205
29.284
28.3547
28.0077
30.4777
29.253
31.3785
28.3643
43.1861
43.5807
42.9887
27.6555
42.8857
33.6629
27.8324
29.8023
31.0248
28.9269
57.105
42.2008
39.0773
35.3266
33.4533
33.126
30.9546
40.6842
37.6821
35.5066
44.7342
27.6944
44.7789
35.0109
33.6767
33.2093
33.3229
37.265
41.9253
42.704
32.9558
46.1709
44.3395
46.6519
31.9077
26.9207
25.9346
41.379
32.7229
26.557
26.1188
25.8133
27.6785
37.7621
43.8059
33.9013
29.1394
26.1124
28.2958
27.8732
25.7817
28.323
25.76
27.8603
31.1425
33.0426
35.8525
42.3416
37.335
25.4427
30.5123
30.5047
32.6669
29.3589
32.1847
31.0885
38.5466
43.7144
26.4439
36.5251
31.9364
41.9969
30.385
38.8861
40.6892
53.4758
31.5043
39.1321
42.5825
32.265
30.6176
37.2501
35.3302
34.2226
47.6094
48.1891
45.2892
40.2798
57.8767
56.2566
59.1685
28.957
36.5511
35.0985
30.5084
55.6264
30.2439
30.2049
30.0695
30.8759
32.3512
30.6785
28.6897
28.9928
29.0909
28.7485
29.6176
29.9296
28.5757
35.5886
29.0555
28.545
31.4788
60.2531
36.1197
31.3326
40.3407
37.8096
37.477
36.8878
31.4635
33.5233
28.6166
38.9611
38.6898
43.5665
41.3431
44.1023
28.3333
38.3108
35.0785
42.9123
28.3667
30.834
31.6262
48.5104
26.3873
31.9817
25.7229
30.4308
26.8134
26.7115
27.495
29.377
26.8654
28.4778
26.1541
43.3135
25.5203
38.7551
39.2546
30.1696
27.2004
38.8056
26.6536
26.4906
28.2641
29.1895
27.2201
26.7277
26.6056
25.4054
29.8863
31.655
27.3061
27.0363
27.121
26.5965
29.8737
26.3458
45.8181
27.2252
27.5764
27.0075
26.985
27.5631
30.4572
36.496
38.6013
27.0463
27.3482
27.4992
30.4659
27.5866
27.6739
52.985
43.7271
42.7852
48.1893
33.5577
29.4164
27.4067
26.1936
37.2493
27.689
28.7592
42.0543
26.2125
29.5598
27.0297
37.2049
45.3286
28.5672
45.7033
32.0304
42.5096
26.4751
43.6666
26.8507
32.3055
49.4043
26.3239
36.8629
26.7014
49.6666
36.3861
32.6424
27.0473
34.0704
31.138
30.565
29.0538
32.6009
33.7722
28.7773
31.065
30.4998
34.4808
40.1205
29.6199
31.4977
28.4622
50.4105
26.8693
36.1528
30.2338
44.7527
26.7529
37.1016
27.7879
26.186
27.3875
25.4014
38.3176
26.6281
25.7934
26.4677
26.1409
29.2866
24.1727
43.4052
39.2473
26.0245
53.1576
28.4154
41.7468
38.6612
26.1159
28.4743
30.0843
29.2568
28.7446
25.6185
48.7977
26.4041
25.464
25.3005
27.7868
27.8626
27.9919
44.4849
26.6243
27.1188
26.3422
34.1358
27.3511
26.9975
26.9008
49.0956
32.5341
25.9137
32.2732
32.9924
25.1868
25.8041
24.8164
34.7321
37.4975
30.9517
24.8531
23.8593
22.6669
24.0159
23.8524
24.0469
22.908
23.9952
23.2554
40.7609
30.9918
23.9675
22.6985
30.9746
27.1591
25.8964
42.9679
32.4513
25.2029
42.2252
27.0155
25.285
35.1932
30.2916
25.8123
26.1331
23.1527
25.6145
34.4897
31.1545
33.0152
29.6424
31.6269
33.4539
23.1168
37.5542
28.2501
37.7418
30.8231
31.6252
39.3263
48.5403
40.5693
25.3031
34.9378
30.3627
26.1888
28.8965
27.3031
25.1449
27.4747
26.8894
24.9247
42.4816
25.2068
24.8669
26.1628
27.4827
26.3188
34.0643
24.6634
23.1743
39.1038
22.82
26.9421
36.7331
38.7417
24.1365
24.1434
23.7798
26.2716
22.5664
24.8763
22.3406
28.182
23.1479
21.9133
31.5616
35.2219
20.7241
44.8624
20.8425
22.5542
39.2354
21.9333
29.7064
23.5711
22.1372
37.2865
23.1278
33.7457
22.974
29.7555
29.4767
31.8863
25.6087
52.1727
26.0204
46.9732
26.3652
27.4329
24.2835
22.3027
21.5419
22.6371
28.7181
22.0652
21.6639
23.8646
27.9449
36.8696
30.9908
37.6436
27.6196
32.1116
32.9184
34.7947
37.1953
42.4356
28.2911
41.6052
44.4937
27.4755
29.8175
38.3206
27.8185
47.3583
26.8406
33.3006
32.029
44.063
39.8172
45.875
27.6908
32.1771
25.9476
42.2512
28.4769
36.7119
34.968
33.3194
31.0126
30.1209
28.6391
28.1784
30.9676
41.4985
23.9407
23.6333
23.4111
24.9588
30.5843
27.3216
21.7265
37.171
22.463
24.0794
36.1195
22.6765
45.3475
29.7911
33.2424
24.5982
20.3752
24.7577
20.0846
20.3857
21.2459
21.1907
21.8787
21.2352
32.3481
24.3138
20.8569
32.2871
24.7331
22.1094
21.8503
21.558
21.5305
25.6325
24.318
28.1389
20.4106
35.6238
19.7953
31.1057
19.5586
26.7587
19.4525
32.2872
20.46
24.4967
23.1502
23.4506
21.7528
26.3339
31.8721
47.7997
24.2807
21.1116
21.158
21.6787
22.7347
19.4846
27.2349
28.1423
21.0899
28.693
20.4255
19.535
31.5365
40.9613
26.3509
32.5211
24.8479
19.1183
32.849
29.3399
47.8541
28.7121
24.1078
32.853
23.596
26.6402
28.8339
21.7793
35.0133
35.8755
35.6728
22.8166
44.0457
20.4272
36.0109
27.7386
28.4489
21.2242
37.5639
34.0348
34.7877
38.571
38.5252
34.8444
26.3544
20.9759
22.7349
44.9637
33.0196
41.0202
22.5542
24.2366
30.3243
20.714
27.681
19.4699
19.7819
19.6265
21.7898
22.2254
21.0129
23.7545
29.6588
23.7077
31.5093
43.4956
25.9084
30.4811
45.4663
23.892
34.1736
34.2431
35.0264
44.9204
25.3796
32.8108
29.3541
30.7222
42.3925
26.84
34.8205
29.2994
26.8557
44.5844
24.637
31.5291
33.8729
44.474
26.92
47.2374
28.6525
48.7788
37.6551
45.8713
26.278
33.0501
30.197
31.338
26.4962
45.5203
25.4295
35.7306
32.3561
25.0304
25.3342
27.4262
26.3401
28.6012
25.5099
25.182
25.7698
25.0442
33.8894
22.4666
26.7084
32.3
23.2423
22.3378
22.3472
46.1829
24.3965
25.48
34.6115
22.2894
25.6945
40.9187
23.5556
39.2361
31.3246
28.9244
30.0664
25.0084
29.7541
34.0156
39.3303
24.9511
21.2767
31.0156
29.3471
21.4915
40.2376
23.4424
40.2373
23.5482
21.9378
31.3452
28.2786
50.2642
24.2269
23.0748
21.886
21.8464
22.1201
23.2349
22.4651
23.1452
22.7276
46.3265
23.0631
35.9792
24.9606
26.28
28.8537
49.0018
30.5854
29.0659
29.8521
43.1721
38.4959
29.5254
35.4032
24.4637
29.5006
29.5939
22.1814
53.0347
24.3829
28.4321
49.1925
23.4092
21.3617
36.4736
25.7326
24.7886
42.1424
41.579
23.7838
26.2387
40.4695
36.3486
43.9316
35.3818
24.8366
34.7873
29.2046
37.3811
40.5535
25.6368
30.9171
27.4645
38.9792
26.2529
45.4643
24.3925
23.2421
23.8248
33.4148
22.1602
24.2286
39.5905
23.2533
34.4673
21.8154
28.5357
25.1472
23.3847
37.8205
22.3836
29.7981
29.3115
39.855
40.4385
24.93
26.5276
23.5499
28.9251
24.1791
23.8398
24.2171
27.1487
22.912
23.7352
23.0022
23.1267
24.731
23.9003
23.7587
37.2569
24.3736
41.9717
23.3723
24.6223
24.3253
33.1992
33.7854
25.5168
25.3946
25.4779
24.4286
25.3007
33.5061
24.2451
26.869
25.5778
23.7573
42.5175
42.4866
24.6145
25.0857
27.3436
39.5995
40.1478
23.5605
39.5827
27.1978
34.5984
29.2478
30.1501
29.0985
32.9323
36.4237
25.0881
34.9717
31.4995
33.3169
24.4597
37.988
24.3388
27.5474
22.4907
31.3657
27.2835
23.7911
26.6128
35.8658
40.1359
26.0635
24.8796
21.9552
25.4541
30.5904
22.9116
34.0322
35.7734
31.8546
26.4093
33.1187
36.5283
19.9243
32.6045
19.1505
19.7434
19.95
24.9515
20.1239
19.2166
20.1814
19.5094
34.5746
20.7532
27.5408
27.3753
25.5502
25.3078
27.7863
28.2976
26.388
19.7944
42.2579
28.6355
39.8561
25.4619
31.1999
27.8472
37.6875
24.73
24.1201
41.288
26.2254
38.6466
30.9068
35.6706
38.6109
43.5952
25.8458
40.4235
28.7546
34.0831
55.0171
52.0921
25.2489
26.9903
26.2282
51.0487
39.3456
43.8088
39.5366
46.0786
23.4376
26.1828
24.3662
44.2787
23.5483
29.9876
23.9611
27.1239
38.0992
24.6503
24.1858
27.0792
24.764
24.5993
32.5721
25.135
25.7091
31.7517
32.7835
29.1101
40.0703
26.3605
30.5685
32.243
29.2505
31.2483
26.8559
33.7638
25.3452
23.684
23.1967
27.4048
22.8987
22.9184
35.5764
38.7424
24.8741
40.4835
25.0499
29.4506
33.1745
42.3128
40.0344
25.556
29.3503
30.0073
29.7352
38.3141
35.5919
27.3471
22.0352
28.7337
31.6692
27.6
21.7304
21.3199
21.6897
23.0297
21.5217
24.9705
21.5088
21.536
29.5837
23.7334
21.6221
34.4041
22.6251
29.4528
30.1738
25.3003
27.3265
27.8277
26.0118
26.4479
25.8208
27.2708
26.7297
26.9508
27.3617
28.5941
39.7315
30.1744
30.3594
30.9957
35.7702
32.7532
46.8805
48.4379
30.6977
30.4201
30.3521
61.4156
31.089
28.1404
24.7892
24.6473
23.5044
34.3593
22.1907
21.0616
20.0278
27.3193
29.2764
26.1428
26.44
20.8717
36.5632
27.5757
30.2754
22.0844
34.0779
20.8169
43.3604
42.2574
38.5006
34.6821
25.5448
34.3037
26.5037
25.2359
24.2386
38.3582
25.1582
40.7117
39.4219
26.4195
28.456
22.3745
36.4795
26.044
43.2195
39.6867
26.2301
28.68
37.6026
29.1375
24.8781
35.1206
35.1861
45.386
41.2496
28.5441
34.3473
29.6063
44.6229
26.6369
36.2455
31.8142
33.2277
46.1997
26.7922
28.1853
27.0573
50.8222
27.1392
37.066
33.3765
26.6492
36.984
40.8906
27.3882
28.6639
28.1105
28.3004
28.3818
35.1638
28.5043
28.2039
26.0883
41.3039
27.8533
24.8017
37.6108
26.4653
33.542
44.8495
24.7185
27.1807
38.0777
24.9289
40.0556
28.7611
55.8675
48.1944
26.2273
30.8049
51.5336
40.9698
25.9224
47.0636
25.783
31.9742
36.9911
26.8152
24.4194
29.4692
33.0647
31.1275
31.4056
32.7159
23.7851
25.3441
26.7053
25.1429
43.3
25.9298
28.9814
27.2108
24.275
22.877
25.6463
39.047
36.2431
33.247
30.3833
37.8584
33.7736
28.1997
45.4596
29.8876
28.3481
40.9188
26.6685
38.5038
45.3812
27.0354
36.3258
30.6853
34.2321
34.368
56.4755
26.6711
30.6804
34.6799
45.5849
48.8146
28.685
24.2329
33.9399
48.8777
37.5351
23.8594
31.1069
30.4383
31.0724
26.871
32.9125
40.07
27.4898
24.9654
50.1193
24.7889
33.8663
23.6669
24.5856
39.17
24.0502
25.1471
40.0543
30.6788
25.2263
38.2459
23.5983
36.5385
26.4517
24.8591
25.0424
34.9642
39.9256
35.3634
28.6896
33.0018
25.8113
35.1685
41.8199
27.2341
34.8065
31.5391
40.4323
41.5684
26.3357
39.1781
34.785
36.6639
33.175
34.2385
26.1908
31.6376
55.4762
24.9187
29.0488
27.0605
23.7673
40.7884
38.1598
26.9275
34.1368
29.2957
45.97
31.1969
26.7895
41.8425
24.4747
27.3017
25.2692
42.2199
26.0427
37.9164
25.584
30.5439
24.8917
25.4537
38.6254
25.6031
27.4981
26.9657
26.9934
26.6556
26.588
39.9346
26.3959
29.2264
27.8375
25.9132
27.888
27.5686
26.7369
28.2189
27.1268
27.1798
32.3845
46.6948
30.6834
43.3539
26.7406
50.0417
40.1685
26.7689
27.1165
28.1234
26.7785
27.3663
38.0095
29.1725
26.8083
29.5314
32.369
28.2691
28.1578
28.9034
45.6027
25.6795
28.6769
26.5457
25.8159
26.0715
31.2639
56.1438
46.4183
26.9176
28.09
38.1359
27.3336
31.1004
26.6386
26.698
27.7819
28.2182
27.5495
41.7078
27.9932
32.1809
26.6615
30.4672
38.2457
26.3
55.9805
28.6738
30.5275
27.3278
27.6511
26.2159
26.6042
42.0604
27.7046
45.2593
27.1207
27.1259
26.3893
40.658
27.4813
50.7077
28.5215
27.7327
28.0413
27.8596
27.4679
56.1021
26.3306
28.0524
44.7151
26.8794
47.6955
38.8929
30.9337
30.1936
32.3843
30.2212
28.7329
28.2546
38.7612
45.522
29.5087
57.1502
27.883
27.8558
26.856
27.308
26.1171
39.5311
27.0047
31.2444
36.697
27.7393
28.8272
28.7289
41.7118
28.1027
36.5853
42.8867
27.9378
35.6985
32.0022
42.0989
28.5722
42.5624
46.4377
29.5506
29.8902
28.1871
30.937
35.0033
26.1853
54.5472
25.4094
33.354
25.3162
43.1033
37.373
26.226
47.4789
22.9456
22.5368
27.0757
23.7835
41.4849
23.6796
40.4196
22.7454
29.3628
22.2188
22.5188
38.7226
23.4755
23.9369
37.9357
23.7677
34.9619
33.9181
26.2298
31.9491
37.0818
37.9004
39.8032
25.7976
42.6649
33.7345
37.9883
23.3457
51.1229
28.7514
31.8131
52.0027
26.5188
25.447
32.356
31.4494
46.9363
38.9204
28.1061
31.747
30.9027
31.7475
44.3858
40.0505
35.6754
45.219
40.6468
39.9221
47.4132
32.511
26.2214
25.2588
28.7585
26.1196
26.6682
25.4528
32.9876
26.4279
50.8095
35.535
29.276
42.167
27.6213
27.777
27.812
38.0721
27.6862
27.4333
35.7301
27.0342
31.1183
29.3433
26.0936
25.2214
25.8577
24.983
42.3998
44.2846
26.8207
27.3724
27.2713
27.0537
25.9533
27.6354
44.0968
25.3887
27.894
28.0754
43.8784
25.4484
25.0771
25.9803
34.0652
30.2207
42.1418
25.8368
48.7947
39.4773
25.4432
25.4307
25.8841
25.0068
30.4623
27.0536
28.2355
25.6122
25.6941
25.8358
42.1041
24.7454
30.019
27.1805
27.2437
25.4774
31.8352
41.3735
26.814
26.8213
26.2585
50.3072
25.9354
28.3167
28.3194
46.9412
27.903
27.7397
28.162
26.0699
31.1474
26.5994
29.4254
54.9013
57.5549
32.546
35.8345
29.4262
32.4826
26.2655
40.5724
29.3403
46.341
36.3003
51.2094
26.1998
31.3905
26.879
53.9093
25.3751
28.9501
25.1279
25.4316
26.6991
41.1935
27.2037
47.2663
26.3532
28.172
26.5559
26.2304
25.6448
25.2987
41.2635
38.5278
24.2056
40.6557
25.1265
23.8335
31.3525
28.6261
30.9776
40.2585
26.364
42.4237
46.7425
25.401
36.3839
31.4376
38.4555
34.4299
28.5259
32.9452
48.4681
39.5317
39.5496
44.9569
25.9674
42.9692
34.9543
33.7668
36.0578
36.4936
46.8213
28.8134
30.7233
31.789
36.4724
35.2644
39.9177
36.6473
30.2968
29.0713
37.3062
29.7409
29.1578
48.289
36.8122
30.3632
29.8519
32.7124
29.5145
52.7102
31.3957
27.8434
41.5952
28.0548
33.2515
30.3646
29.0386
29.302
35.8704
45.0832
28.1857
34.5232
29.0192
29.1324
36.4364
29.9172
43.4037
50.0343
43.4782
28.7786
43.42
38.8646
62.121
49.5288
30.5113
28.6698
35.0683
36.9975
32.4911
29.3183
31.1614
35.9112
66.7002
43.1191
30.2603
29.9517
50.2893
51.098
46.2938
31.0488
29.3348
41.8493
45.9605
30.0683
31.2035
41.3326
49.7634
28.6162
32.7356
32.4749
30.8405
32.3833
30.9875
31.7018
32.4625
55.9097
34.6447
40.6336
45.3499
33.4555
34.4457
33.52
32.6601
33.3675
33.8222
33.2504
50.3346
33.1643
59.4075
43.7217
33.3898
60.721
42.3409
33.1838
63.3549
34.5401
34.3717
34.64
33.7428
33.5547
33.2773
35.0438
34.3743
35.8047
35.5862
35.2788
34.7675
35.473
55.1012
52.0998
35.515
35.3775
33.8334
35.3784
33.4293
47.1896
32.9768
33.0526
35.0582
45.747
31.9369
55.8434
30.983
31.7603
48.1229
48.1846
34.0312
32.4205
31.4697
30.5656
29.5049
37.7109
30.925
45.3409
31.585
33.1639
30.7532
31.2208
45.1489
31.0501
43.7421
37.429
38.5831
34.968
31.1601
32.676
33.5373
40.4896
32.7087
32.4868
33.2983
50.8696
32.2313
32.9816
32.9177
38.3141
32.0205
36.9244
32.0175
31.8979
31.8924
30.235
34.5072
32.1652
34.1503
49.3139
36.9228
46.0767
31.135
35.2673
48.1503
31.8576
32.4297
60.887
36.6194
47.5228
32.2939
32.6385
33.258
31.8756
45.7247
48.2493
30.7683
45.2078
29.5846
39.2787
31.8221
30.335
34.7708
31.8219
31.7547
53.9621
34.0635
32.4542
33.0371
32.4718
40.8093
48.6199
31.8962
46.6409
44.036
33.3008
34.5856
33.4161
47.701
44.7299
33.5766
32.338
31.7123
31.546
31.9094
32.1518
31.558
30.3535
31.4679
53.1696
31.0252
34.2055
31.237
31.4144
31.0991
31.8582
40.4807
31.6459
30.4334
45.1586
33.528
32.1608
30.4621
67.4945
32.5483
53.9724
49.5484
36.6477
34.4755
31.6596
33.1647
39.3298
35.0976
37.5395
38.2716
33.6912
34.082
34.9948
62.9434
31.0833
32.399
32.1656
34.4081
38.0808
42.2155
35.8945
38.3575
36.9556
38.6231
34.1277
37.8343
36.614
30.8826
45.2231
31.0828
42.9277
31.9718
33.6034
31.7735
33.6611
32.085
43.3572
32.3538
34.5159
32.537
44.2955
32.1215
39.8714
33.0237
33.0622
32.4192
33.0791
33.5341
33.5466
65.3223
42.7317
35.0352
34.7647
36.3586
34.6946
31.8272
61.3676
33.6615
36.0898
32.8199
50.8906
32.0354
47.9705
33.6162
51.2696
34.5673
45.7435
34.645
34.6169
37.3991
36.1808
33.5072
49.9437
33.0074
57.1057
33.6024
34.9764
40.4698
47.3372
34.3086
35.0101
37.488
54.6951
33.8529
42.4791
36.085
37.056
34.9818
33.5052
33.5803
54.3763
33.194
35.8177
33.4695
32.8705
40.8997
34.7998
34.6878
34.658
35.9703
37.6938
33.7815
38.7308
53.2827
34.8471
58.8821
38.7284
36.893
34.8884
34.2177
34.2013
41.6323
36.3996
33.1073
35.8444
34.0954
37.3085
34.3266
33.2389
35.4948
57.6908
34.0209
39.6157
35.2197
34.8782
35.3553
35.9487
35.9121
35.696
34.7976
49.115
36.1649
44.7726
36.0404
35.8669
35.2352
35.7349
34.6765
36.002
36.0214
34.7556
43.7437
35.9064
49.3933
35.0856
34.9941
45.0003
53.7874
51.335
34.298
38.5885
33.91
55.509
34.6278
74.518
41.3508
36.2718
49.4412
34.8303
71.4063
50.8065
35.3197
42.1627
46.4458
35.3843
40.0085
34.4034
34.8018
39.4283
36.1669
39.2303
41.898
34.2937
38.8561
46.7818
35.4762
63.5461
33.8157
39.3928
42.1257
34.6613
47.1155
34.597
34.1483
35.1407
51.8609
33.7788
33.5083
34.2233
41.5049
38.8057
34.0922
33.658
45.6898
35.0119
33.166
34.9806
50.5083
52.5562
36.1066
33.9815
33.6291
34.371
49.8149
45.3222
34.9738
34.0799
33.3828
34.4613
33.9965
35.2431
35.0169
34.4624
38.8001
46.4788
35.0253
34.4657
36.9443
36.0554
34.7918
49.7268
34.5401
36.1231
34.3525
35.422
35.6608
34.9338
47.4975
37.1176
37.5263
36.5801
35.4795
35.5572
35.1008
36.5483
35.7869
34.5675
34.1487
43.4355
33.3745
33.2859
33.1541
32.8236
50.6303
33.0289
55.5087
45.0995
33.7202
33.3766
34.3469
34.4907
33.8663
35.2358
41.8994
33.6211
33.2206
33.7132
34.1158
33.7526
34.0632
34.085
56.3949
34.0559
33.8322
48.1345
33.5328
34.912
34.4802
33.193
34.2465
36.2778
33.3917
53.2162
43.0235
35.6635
35.9136
61.9173
37.8662
42.9031
33.5524
35.0214
48.1757
34.1567
33.2092
34.3963
36.8835
34.3826
33.2926
32.5688
33.8287
34.6583
32.8819
36.3219
32.7221
42.6667
38.3974
34.6303
33.2949
46.0445
36.4467
48.4207
47.3262
34.919
33.5356
43.5507
33.4154
32.5123
32.2243
37.5933
41.7316
38.4379
30.8936
31.4233
33.6533
35.1625
32.785
32.7014
55.7774
32.2264
41.1866
33.1232
33.6316
33.3065
32.0345
47.737
31.8273
40.9819
31.7798
30.1632
41.0369
30.4898
38.3067
34.6454
33.4959
31.1107
31.9903
31.9314
31.8148
33.2159
49.4134
48.9815
30.6138
44.3874
30.9125
31.9194
31.6433
45.568
47.9759
32.6543
30.2015
48.8177
41.2056
46.9099
33.8727
34.6187
29.492
28.9918
38.77
30.0572
32.5486
32.1879
29.6393
30.1171
31.7702
30.976
41.7451
30.9847
44.1276
28.2425
41.3603
27.8386
48.5083
32.7582
28.8074
32.3798
29.5545
29.5996
37.7602
30.0483
30.2126
30.1739
28.9858
40.2069
29.7953
30.6765
30.8373
33.1287
29.4145
45.8197
29.0488
58.4127
36.7111
31.0144
27.571
59.1116
27.3438
29.6366
35.0181
35.3034
32.8871
30.7924
40.3029
33.1394
32.8702
35.6463
33.7103
50.6047
32.372
34.34
31.996
33.0433
33.3924
32.9723
31.9321
54.9468
30.168
47.6686
49.1911
49.7649
32.0053
43.6255
32.4459
37.2028
38.0736
33.6173
43.3206
57.2265
33.2844
50.0983
34.3471
32.8886
32.7075
59.2857
35.0666
35.2086
31.3465
32.0888
43.2683
48.4515
31.8069
56.7263
31.1194
34.8374
30.8961
32.4937
29.8531
61.2674
44.0073
31.8638
28.97
29.9032
37.2485
29.7627
29.9581
31.8392
31.2478
47.6404
31.2469
33.272
45.9937
32.4767
57.6853
46.5077
51.1911
49.9222
31.9782
53.4228
43.6549
33.9376
34.3627
40.9989
36.5623
40.4412
40.5005
34.5344
47.9817
51.9938
35.4599
34.3101
47.2916
32.6831
36.2956
36.7326
33.5267
43.9599
53.7618
50.5172
37.5722
33.7684
34.1619
38.0129
41.5672
36.5596
34.3895
34.1258
35.7785
66.3667
37.2148
33.1792
36.7531
35.0431
34.247
38.6035
41.828
33.3548
33.8887
34.2924
41
35.6921
35.4237
35.5293
36.1936
36.1432
36.3392
57.8212
35.5398
38.9218
35.1276
49.9038
35.1306
48.1519
35.4796
67.3632
34.7017
44.1176
34.9533
36.9744
59.4156
55.1342
40.1276
39.8286
36.6632
36.5292
33.5419
35.5248
33.9363
45.4325
34.1759
33.4823
33.1716
57.5906
33.4011
35.0783
33.8969
35.9791
33.6267
33.156
33.1121
48.0462
41.9242
38.1298
55.7353
46.986
34.0165
32.7996
32.799
33.2586
32.1001
32.0437
31.6513
33.5747
31.0378
32.3149
34.6395
33.6567
42.5726
32.2867
50.1319
33.2392
35.413
32.2334
39.8912
31.897
57.2302
48.416
53.2908
30.9539
33.9702
31.8453
32.3924
31.1342
39.6337
48.5703
32.9579
45.3302
32.4215
33.6055
47.2941
30.5851
46.6244
28.8724
31.7171
31.5684
29.4508
31.6897
41.0166
44.2016
30.9009
49.7926
30.2586
32.2117
29.2549
33.3688
43.9497
29.6689
39.3742
30.6082
40.5662
30.2737
32.9969
41.3403
34.8429
33.022
44.0435
40.0879
43.5325
29.5768
44.5574
30.7355
31.7796
43.9198
30.1038
32.1804
29.8994
30.4652
30.1035
29.3641
31.8248
36.8676
29.9611
29.8267
32.1841
30.1636
29.403
39.6606
31.3085
29.5645
33.5597
57.3474
30.1132
30.0997
30.0601
32.5466
30.6841
30.4731
30.0727
35.9661
40.3472
31.7168
31.4053
31.9135
31.0254
32.5194
31.1377
33.7051
31.4008
46.8661
30.9945
32.6613
41.5287
32.1433
37.7537
32.3804
30.1124
63.4252
36.2149
31.492
32.1221
32.4687
31.0774
48.6837
31.8764
31.7632
31.4586
31.9398
47.0349
64.4057
45.118
31.318
35.1758
31.538
36.6461
41.2783
30.2828
45.8866
33.0556
32.8437
41.3028
44.7732
39.033
33.3029
48.3637
33.6059
32.3342
56.4105
39.4469
31.5221
46.8389
32.0034
33.5443
43.1863
30.2669
30.6098
39.7236
30.868
49.7666
45.6216
30.4462
31.4864
30.2799
43.7343
30.6991
31.6038
37.464
35.5545
37.6281
34.7863
40.3129
39.253
36.1723
31.1391
39.4971
46.9905
31.5252
36.4455
35.0496
62.809
29.7664
43.4761
29.8348
31.7573
29.4361
30.154
29.6677
42.4679
28.621
39.4833
30.2745
30.4398
33.1731
43.6512
55.2587
31.7259
48.0209
30.2681
34.8566
32.2664
38.1283
46.4108
33.0218
43.3832
35.1686
32.5368
44.9153
38.995
30.4557
32.6773
33.3827
31.7947
33.5355
34.7998
47.739
42.5257
31.9973
31.7941
34.8591
37.7577
36.7752
36.5418
33.7039
30.0979
35.4038
31.9969
38.6367
33.9766
36.7981
31.2088
33.4448
29.2357
32.9876
47.1372
33.8378
44.8411
29.8674
32.4083
36.7093
39.6373
36.4839
30.6706
38.0214
30.2542
30.8054
29.8169
44.2892
28.5553
33.7181
31.5599
44.2478
46.3064
29.1493
45.7924
30.272
43.387
29.8979
32.6319
29.9577
30.1319
47.0186
41.0716
56.6619
41.3806
29.6224
31.423
32.071
33.8266
33.2831
33.7397
32.2625
33.4374
30.8475
54.367
29.5368
46.7794
28.446
44.7723
29.8078
52.9897
28.9216
32.2604
38.9401
28.0866
28.2818
33.0768
30.1972
32.486
33.8156
29.1833
30.6252
28.0962
36.1053
34.4001
27.3211
29.4952
28.2555
28.2612
29.0618
34.9572
29.3412
45.616
25.9293
27.2522
26.3362
32.7955
38.8067
33.221
29.2022
30.1206
33.1424
45.7955
28.5916
34.2962
28.2464
33.7373
34.9573
39.2224
33.4455
33.5446
34.2419
33.4487
33.4371
26.3993
42.9834
28.0287
29.8021
45.7431
28.1613
27.8599
29.0244
25.7622
38.7705
27.3025
43.6301
29.0922
28.0291
66.4677
28.8926
34.0891
31.4249
28.842
44.4904
30.6633
30.0249
40.2908
28.5566
29.1551
29.0722
29.508
30.0633
29.4574
29.4206
38.8647
37.3049
28.7639
39.8025
27.9791
33.4814
44.3844
27.7609
37.1925
29.7139
28.7212
39.151
28.1037
41.0726
27.0002
31.2279
36.8287
34.1345
30.4934
37.0003
28.5377
31.7418
31.6527
30.9807
30.0269
29.9683
61.2748
31.6431
42.0815
29.5588
34.8433
49.1517
30.6892
32.2993
53.8838
48.176
31.6424
46.119
30.1789
41.6259
32.2073
30.9608
30.0194
50.0142
30.0577
45.1165
53.1699
32.2476
42.9292
30.2769
31.1615
29.5236
31.215
28.7739
48.8592
28.9502
32.2214
30.2896
29.73
44.3507
47.2527
29.7069
41.8119
31.7967
41.5735
38.6072
53.87
37.1783
31.7339
31.3529
49.8728
27.7111
34.2118
33.9617
34.8182
43.0576
28.9548
50.8027
34.0343
30.8999
29.8163
29.6178
37.5633
29.1061
29.871
45.1401
41.8519
28.3265
40.4675
27.6864
31.7
38.9165
28.1176
28.1749
29.9157
27.1457
65.9888
31.2808
34.0567
40.2399
28.7932
33.6335
40.2985
26.9535
27.804
27.4549
30.8937
26.6673
41.5457
44.1625
28.7611
44.6824
27.7438
35.967
28.3715
34.2907
30.3027
28.0842
26.6906
30.2031
26.7958
40.0984
48.4775
26.4184
29.1239
54.643
37.3658
26.2803
34.4029
38.0852
25.7015
37.024
23.537
26.4434
24.9564
30.8665
27.7179
24.2187
27.6969
24.265
23.1021
33.2479
31.9863
26.9639
25.3137
25.6328
26.5628
24.621
24.4406
24.4482
28.4968
49.2844
24.7018
39.0695
26.4429
26.3943
32.3856
24.0186
29.2257
31.3754
33.1641
29.8948
33.5165
30.4876
32.5327
26.071
46.7264
33.3639
27.6927
39.5767
42.1624
24.2246
27.4586
25.878
29.388
37.9
47.0499
29.0289
23.6064
28.4819
33.2378
22.9188
22.5996
24.1494
22.5381
22.6652
29.4712
28.5257
31.75
26.511
23.3791
24.7079
32.1681
38.7917
25.9428
22.2724
26.4454
22.7768
33.5812
24.7223
32.9048
30.219
28.9653
34.4573
38.7257
27.2231
30.3121
26.5448
33.2621
34.0291
26.0002
41.5573
35.8102
33.2557
32.6882
42.1644
27.2915
36.3621
45.5206
27.9802
54.7054
36.7485
54.5867
29.0549
32.6476
31.5618
30.884
35.3456
29.8057
29.9393
41.7054
29.6925
38.7856
45.064
44.0422
32.0119
30.4137
30.4071
31.5733
42.2608
33.7169
29.2781
38.0075
31.6039
47.9316
30.3831
29.9143
38.9503
36.9957
31.0877
31.9687
38.5741
30.7946
29.8788
31.9912
31.2578
31.2956
31.3096
30.9167
43.9369
31.0937
51.0591
31.8575
34.1987
36.7965
34.1352
31.8329
37.3735
30.0443
31.6776
32.3904
31.9968
34.888
35.2347
37.4326
52.6415
34.8225
44.6756
33.1161
31.7379
33.2077
31.9917
31.3761
30.8736
32.1368
31.2124
31.4634
33.737
35.5412
31.2263
65.543
31.4158
38.5055
32.4145
32.5886
34.2939
66.6037
32.0084
49.1133
33.4479
32.2665
47.4851
53.109
39.5872
48.1106
32.7981
32.892
32.7446
33.8389
32.0023
30.9661
33.3642
39.3124
63.0001
61.8153
31.194
50.3023
38.613
34.0899
31.0018
58.3595
33.404
46.2788
31.3891
55.2942
30.8766
33.5471
49.3718
48.0286
36.9619
31.4561
31.7721
49.927
33.2776
33.2032
34.7552
30.3424
30.0755
39.6757
31.4234
30.9953
31.1959
35.2237
30.1627
51.7987
29.9661
39.9265
31.7231
47.5399
32.7823
48.2712
30.2212
31.5732
31.746
32.1366
31.6817
30.9985
31.0572
34.5649
47.3931
29.3258
32.4655
32.4762
31.6967
30.0852
31.5582
29.4283
29.2493
29.5305
30.1793
29.9562
53.4489
28.4033
43.3198
37.9153
30.1648
33.3901
28.6635
29.7264
47.7389
30.2677
47.2034
28.086
39.8623
28.522
28.9832
29.4735
29.2532
29.264
29.4561
42.2145
32.2488
40.485
40.3493
31.1389
30.6169
31.0501
29.913
48.8954
46.0915
31.5957
44.0468
31.5416
53.9522
35.0798
31.115
29.6773
28.9384
37.8581
28.694
48.9653
29.8443
31.5608
31.1653
30.777
40.7734
34.3144
28.8748
45.938
27.9784
30.7359
28.76
33.8782
30.0868
26.3408
34.3258
28.4049
28.4679
44.04
26.5113
27.3095
26.5014
42.3629
36.8705
25.9661
40.8499
25.5018
45.6656
40.8859
25.6685
46.0561
33.9696
27.1102
26.0312
26.69
41.448
25.8892
35.5881
33.303
26.2133
30.3401
27.1912
29.6285
27.3462
41.6345
28.0907
28.9888
28.2193
58.6928
38.7368
27.7472
45.34
29.5125
30.9496
31.6327
31.2062
32.4293
31.0657
47.7208
33.9968
31.148
29.5287
30.1902
31.4938
36.7511
39.4466
45.8766
40.2445
34.777
35.1419
47.0189
32.9058
41.7403
34.9304
35.1637
35.2803
34.3787
45.7634
36.2781
38.2868
49.4992
34.8519
36.3243
36.7592
36.6357
49.019
59.0896
38.5036
39.3269
38.6467
38.39
41.0819
38.2086
40.4977
65.2448
50.6537
38.5293
37.876
38.0583
38.3141
39.6738
44.3048
38.0585
38.2709
39.8461
37.7376
58.1648
39.4881
39.7626
39.8127
39.3436
44.9698
41.3631
38.4807
41.3648
53.7175
77.1435
38.9726
39.8669
42.0819
48.1094
60.5451
36.803
51.9337
38.7252
40.3722
50.294
67.2324
59.3372
39.4257
39.8588
50.2636
37.4285
40.3968
40.3887
39.4882
45.178
39.6508
40.6008
41.1706
38.2917
37.1023
36.8229
39.8399
37.775
47.8519
50.0618
39.8798
40.4401
52.5659
50.0949
38.0109
62.8543
40.0419
36.767
48.4805
36.7961
49.1016
37.603
38.1875
51.87
40.1841
38.8282
39.602
40.8942
41.8267
69.6527
39.6583
54.2789
40.4295
42.466
39.5251
45.9805
50.5676
48.9205
38.6617
42.5506
39.2496
53.1038
38.6582
52.9616
40.4245
43.316
40.5659
41.1837
39.4684
52.8472
39.31
38.9768
46.8401
42.4131
40.3347
39.5317
39.1605
62.5555
57.7086
40.8015
40.4569
40.4173
39.5503
38.6093
43.0199
41.2498
41.3289
39.7657
40.6028
40.9627
40.2193
39.7878
38.3829
38.1171
53.6845
40.6515
39.849
39.9803
38.7656
70.0652
38.1004
55.4859
39.2624
38.0462
54.0755
37.2735
38.8079
38.8937
38.3695
39.4202
52.2871
38.9721
38.8402
39.7162
72.044
42.9588
44.0126
39.2982
40.3198
38.6715
38.5282
39.0486
40.1304
58.9256
39.2516
36.8505
40.6226
38.4854
57.9813
38.2712
39.616
39.2646
38.2631
51.8187
39.1944
38.5695
38.3788
38.1134
35.4986
37.8739
37.6151
38.9968
38.5103
39.4127
39.0366
38.8744
38.8874
38.3025
42.2487
37.7318
58.0362
39.2083
37.5424
40.1097
39.0194
36.7515
37.7373
53.1613
39.1845
51.9834
36.5547
36.7649
36.0916
43.4537
38.2786
40.9363
37.6764
37.7808
38.9036
39.4715
37.6254
38.2334
37.2378
37.711
58.0491
45.1173
50.4471
39.5229
37.8066
44.5516
36.6579
37.5783
37.4492
36.6809
36.3013
42.7039
35.7384
37.6793
36.8902
45.5023
36.4126
42.3134
36.3997
42.5454
62.1337
34.2455
47.8507
46.4164
36.957
53.035
35.2246
36.3497
44.6837
37.7884
36.8388
35.2249
49.138
33.4811
33.696
34.6001
34.6985
47.5884
35.5532
35.1373
35.7378
35.4127
35.9576
50.4365
35.4551
34.9447
41.89
37.6528
46.1983
42.5158
50.9406
35.9011
34.9046
63.0865
31.8461
36.7781
32.9538
31.5218
32.0968
47.1314
32.3728
41.7634
35.6117
41.0847
36.8101
35.8773
35.8729
40.2381
36.6825
51.0687
34.9517
37.805
36.6859
40.579
48.0857
42.5924
40.8033
39.2497
39.0235
39.6015
37.9802
39.5755
39.3657
39.2101
38.8585
39.2824
39.7565
47.5326
43.7532
40.268
40.717
39.6916
38.6199
54.3724
37.9072
38.4909
38.9781
40.1961
39.2223
48.8932
39.4478
44.6798
39.67
38.3988
40.7237
38.6677
37.6689
63.1721
40.8424
37.4836
36.5901
36.4504
47.3171
34.7437
35.0991
68.3871
36.0276
36.677
39.4671
36.8434
39.3709
34.6161
36.5587
31.8996
50.6105
38.3156
40.3565
33.2194
38.082
55.8361
32.5406
37.7233
61.4792
34.8909
37.4099
33.9987
38.5449
34.6869
34.541
34.62
43.6729
37.1376
55.0484
40.2411
36.3766
37.0888
36.9356
37.1796
36.576
50.9724
38.0335
36.3686
37.5498
35.5429
46.9656
45.1172
38.9052
44.9237
38.2244
36.9823
35.8393
35.316
35.719
35.5529
35.9026
36.571
35.3403
37.9119
38.7369
43.3092
44.1524
48.3484
37.5434
49.1679
34.632
54.4375
35.4776
35.7041
55.1503
36.3586
34.919
34.8413
38.4228
36.3893
37.4819
36.9794
68.8546
39.0908
38.8514
54.821
39.4665
41.9871
37.0035
50.501
37.2583
44.5428
37.5502
37.609
37.4648
41.2554
37.3019
41.188
53.6786
54.1388
39.1535
44.9393
39.6019
38.9022
56.2429
41.6218
42.0332
46.8833
42.2219
41.9339
44.6076
40.9557
41.9415
44.3479
54.0453
42.2701
41.9217
42.7912
40.4859
40.6736
40.3348
47.5659
43.7605
40.2306
49.8217
39.4578
38.939
39.2658
45.0302
40.3578
41.1598
42.4148
40.5857
54.5137
40.1135
40.7168
40.1786
54.9629
40.729
52.5173
39.1326
61.2873
42.9495
53.9767
41.2085
38.6141
40.8325
53.9006
39.9051
41.3931
38.1397
37.7151
39.4977
39.6696
38.0595
39.9227
38.436
37.8537
39.1909
63.5519
36.6572
54.7241
40.1438
38.4514
38.7763
37.9695
37.7607
56.9787
56.5706
38.6387
38.569
55.6295
36.868
39.2551
37.1324
39.0097
39.9307
57.8788
38.9304
38.7216
51.5579
38.9585
39.2993
55.7794
39.1937
36.2482
39.1923
38.0822
38.3742
36.9851
38.2927
54.296
37.0468
49.2577
37.442
36.6267
38.0909
42.2332
37.7207
36.7502
36.9494
57.0626
37.195
41.1537
38.1799
37.8273
51.0653
35.2342
37.2246
34.2753
49.86
37.1215
47.4746
36.2249
38.2609
36.7856
36.4511
36.3921
39.469
59.2413
34.6752
37.692
36.2334
35.2855
49.264
35.4426
42.8034
35.1927
36.1609
35.7442
41.2163
36.5232
37.2902
46.028
33.3811
63.7439
35.6774
34.8669
35.2369
53.366
47.7887
43.0922
58.02
35.712
36.8673
36.2979
43.6047
33.2227
55.4824
40.4881
37.1951
53.8069
36.3132
78.1347
36.8342
37.026
36.795
55.3693
36.0008
36.5968
53.3144
38.7799
35.4164
37.435
35.5311
39.576
37.1455
36.8768
63.5569
57.2952
49.8172
50.9997
35.4945
37.1442
49.7906
65.6816
41.9117
37.1533
45.7209
40.4184
50.0407
60.9378
43.6453
58.3681
42.01
42.3323
43.3635
54.0813
52.0487
43.3032
42.8378
59.0616
43.5567
43.5214
73.859
43.8394
43.9891
43.522
44.7989
44.8882
44.4521
46.4649
44.5196
64.6571
44.8743
46.1027
46.4649
45.8337
46.3
44.1899
70.5665
55.3706
43.5776
60.3483
43.4088
65.077
59.0707
51.0292
53.801
49.322
44.359
43.2261
54.8586
44.9124
43.7828
45.9817
44.6278
43.7072
53.247
61.2493
55.1502
41.502
40.0581
55.6663
39.4827
41.2594
41.1281
40.8686
39.5733
40.4329
41.5707
39.2669
39.514
37.7741
43.1579
37.5749
38.0937
39.1206
37.4859
37.725
42.6509
39.191
37.665
43.315
38.6076
38.4922
53.7656
38.8508
36.4936
36.7209
52.4944
37.1896
42.4707
37.0617
35.8808
37.6243
37.1217
39.7875
37.2082
35.9834
55.2516
46.8265
42.1696
59.2067
40.2392
38.7446
37.6225
38.1199
37.1839
36.5348
54.07
39.4576
62.0433
39.2239
37.1468
37.3038
36.9288
36.3555
40.1935
37.233
35.9873
39.0594
36.9907
46.7776
37.9179
39.2638
38.6236
40.0508
39.4641
36.8866
37.6921
37.1115
52.4273
38.9675
35.4888
35.139
51.5318
35.2062
39.5859
38.0785
51.0777
34.7473
33.8965
44.9713
34.7641
36.2968
34.9919
39.002
41.7077
35.4497
38.8015
33.8048
35.6836
34.2077
33.7693
33.6449
40.9681
41.2769
35.0927
37.049
33.7082
33.3808
32.6234
33.4716
39.1606
33.9805
32.976
51.268
32.4445
36.0578
47.5547
40.4679
40.3009
32.7409
32.3794
29.6069
36.9719
30.3914
29.9354
28.7156
53.7149
54.8436
35.7068
29.9672
30.9493
36.2629
29.2505
31.114
27.4815
26.1775
38.6333
24.3455
23.9336
23.8018
34.7986
23.6662
31.3529
23.1739
25.297
33.8895
24.7368
41.9915
24.6488
25.3131
26.349
24.2742
33.9871
23.7152
26.3638
27.7015
24.604
25.7213
26.3779
26.2657
27.6612
27.829
27.3186
33.2214
47.4534
49.3335
26.5416
33.6429
28.1535
28.9274
31.9249
30.0143
27.2357
28.5709
25.8899
23.9957
25.721
31.8141
23.3525
20.3691
18.4458
20.1675
29.9391
18.3548
22.2196
20.2965
18.9297
38.9312
22.3573
36.7655
18.996
16.7808
21.0268
21.6985
17.8186
18.5043
23.3327
23.9143
18.3132
32.5696
18.3641
21.6315
34.6029
22.4975
34.2926
23.0925
22.6303
38.5077
20.1277
31.8661
21.2376
39.6744
32.4906
40.6858
32.7161
36.5186
20.5729
20.5514
29.8478
25.8727
25.8675
26.3024
23.7983
30.4113
31.1194
43.224
38.7258
28.5721
29.5878
31.1795
30.5658
29.4929
29.0029
25.5349
39.1785
28.7558
27.6141
32.5695
35.798
31.8644
32.8905
33.6675
33.2493
49.8509
27.5455
31.6648
30.5896
25.6266
27.2286
23.6638
23.0094
21.8064
19.4393
20.5754
19.9268
19.4062
19.5917
28.2887
21.7088
33.1148
18.7739
33.7146
31.4517
18.9507
30.1938
17.9489
38.2331
18.8407
23.9882
18.2274
33.4251
19.454
19.2718
32.353
35.0176
37.4213
33.3971
25.5966
37.3039
31.3233
31.0003
31.7977
32.2235
32.6992
32.891
32.5157
31.7484
35.0534
35.8387
38.8317
37.1801
37.3464
36.3224
31.2849
38.5821
39.5724
31.463
28.5305
30.3828
27.1712
37.4498
23.3592
23.095
21.2878
20.7279
20.7429
20.7757
38.1455
19.3637
22.3369
19.3856
25.8588
30.5317
26.4729
25.7741
37.9642
36.0891
24.9797
23.553
41.542
24.9186
32.3992
31.5251
26.7705
29.949
33.0287
37.9675
29.5246
19.2802
36.2494
31.0368
31.2431
32.5055
36.4768
37.9357
34.7289
24.4221
27.3007
20.3421
21.7588
27.5033
22.871
30.8431
25.4832
16.1764
26.9547
29.4776
16.8371
29.5907
19.0292
35.1336
21.6992
27.6394
33.5958
33.3307
30.6777
21.4975
22.7058
16.2559
34.1755
17.3514
36.6511
18.673
28.6797
23.4127
21.6697
20.2605
30.4672
32.1695
22.5414
20.9337
29.731
20.9236
29.4358
30.9523
26.5302
30.5702
26.242
23.3701
32.4972
22.1859
35.8295
25.4422
40.2037
26.2327
32.7022
31.2903
39.1283
38.381
24.8495
23.5943
30.7708
26.9083
21.4577
38.5904
37.8254
31.3622
24.6488
30.1138
27.7487
18.4797
34.7381
19.257
20.2823
19.4091
25.6716
19.2515
18.4855
18.7522
19.0559
27.8295
25.5797
29.2466
26.676
37.2903
35.8379
37.5787
33.2882
23.6935
22.3293
36.9693
30.0535
38.759
30.6612
36.0496
30.562
44.8562
27.5818
42.2419
43.9067
26.4817
41.1983
41.2246
49.1952
27.6713
34.1501
30.6603
27.0709
32.1772
41.3462
29.8416
35.924
30.6332
42.3731
26.5774
35.6909
29.7517
48.2563
27.2023
53.7297
31.263
28.7571
26.7316
44.5884
36.5147
26.049
46.7324
41.7704
22.7816
27.1159
34.4208
40.7772
22.3296
25.4992
22.2254
23.528
23.086
34.726
40.8778
42.1732
27.4155
35.1811
30.8249
27.6526
24.7403
25.5311
51.9565
36.401
30.743
30.6891
35.3833
29.9056
38.1521
29.9305
35.043
42.7088
42.8557
31.3645
32.4269
33.8194
44.2715
29.0748
56.2292
44.3272
33.647
29.377
31.5564
37.673
29.0286
37.8727
25.3438
24.1991
40.5044
26.6615
20.7318
20.7583
21.4561
21.8976
29.1443
20.5029
46.2485
32.8903
24.2847
26.6355
26.1157
23.1818
30.8143
23.4549
25.3135
24.8292
32.495
21.6372
21.3758
21.8082
36.3541
28.1409
32.4587
42.1526
27.3148
26.2849
29.5513
35.0931
41.1793
34.7801
19.5239
32.9491
29.1116
23.6442
32.8553
22.1792
33.1215
24.8187
39.0493
26.8817
38.1012
25.5055
34.951
38.6429
24.9597
37.2683
28.0374
35.9713
23.7701
23.3967
23.4575
27.0847
41.8523
26.3916
33.6076
27.2182
45.1424
41.6247
29.327
41.4932
31.2098
25.3212
43.1846
27.1825
41.4634
22.887
22.3177
36.2098
24.3153
35.8364
24.1967
31.1147
27.7509
38.5546
20.5052
30.4806
26.4592
30.5375
22.9999
35.1376
19.7307
36.1263
29.8413
19.7787
29.0848
30.4729
18.0931
36.0316
28.1839
44.1354
23.9917
27.1799
21.342
28.1826
27.2275
22.4875
44.7345
23.2543
27.6335
28.2
23.0197
32.2244
37.8018
34.2109
30.1839
26.1753
35.4635
21.8155
28.422
23.1651
22.4266
25.8846
28.2893
35.735
31.3801
28.6896
34.7311
32.4097
35.0828
29.7127
29.9422
38.7217
26.0146
34.6203
31.327
32.3239
25.8992
42.2871
44.3753
24.9277
42.6118
29.388
29.4162
37.4961
23.8058
44.1622
54.3577
30.2674
28.7497
28.0544
42.5022
29.466
27.3229
22.78
29.1423
23.2531
26.2325
40.7717
21.4598
44.0856
22.3277
23.8835
37.9329
21.7709
34.0266
23.5721
26.0364
22.6506
22.4956
25.0412
29.0435
20.5453
35.7483
23.9615
34.8242
20.8359
35.8799
21.7007
31.323
27.1824
22.4364
22.5569
45.6001
28.3777
26.8361
21.3813
29.0266
26.1118
21.7895
35.1384
30.8324
56.0721
32.5162
27.3809
26.335
31.8656
41.6962
24.4496
24.4279
49.2462
42.1483
37.2465
41.2496
59.3879
30.0777
37.7937
25.0856
33.6615
21.4939
26.7554
38.6275
22.1943
25.3671
23.1985
20.2347
21.1867
31.2744
21.5789
20.0993
26.6917
38.8951
28.3126
29.6337
36.7017
20.394
30.037
27.1894
25.4104
35.8046
21.4628
18.7408
35.3662
21.6486
40.2043
26.0279
25.5743
37.9222
24.4322
28.969
42.378
28.229
25.1553
28.0332
28.4417
53.121
26.7465
29.5232
34.6063
29.8679
32.6737
41.6825
27.811
42.5249
23.3949
56.6633
30.2869
31.6732
29
32.7968
50.2055
31.7256
27.1119
36.8554
26.3206
44.7974
26.8298
28.33
27.1303
25.3974
25.6316
41.3377
20.874
25.3151
20.9166
19.288
23.7033
37.7432
33.189
37.5151
42.078
23.695
25.1482
33.6839
29.7851
28.4463
35.5261
30.5489
25.6209
30.9499
29.8893
22.7881
33.0888
27.3302
28.9184
34.9963
28.3773
24.3267
39.7485
36.807
24.766
47.0741
24.8044
32.2507
40.8288
18.3763
32.5162
16.9979
30.6441
16.7493
24.7962
15.1394
26.1923
36.0026
19.938
34.4463
20.9678
23.5027
20.47
27.4026
43.4231
30.0278
46.4629
23.8217
34.0972
45.5626
23.827
49.6523
32.6125
24.0649
29.8453
33.5563
35.0773
52.2944
28.7077
32.8714
33.8074
25.5947
32.8087
27.7235
27.2242
37.0601
35.0901
36.5135
23.438
38.2502
34.48
28.5118
23.9179
20.5323
22.4476
19.501
22.9571
22.6329
38.8108
21.994
40.0959
36.2372
19.6235
43.0529
19.5619
21.2197
36.9016
18.421
24.9462
20.2796
38.0651
37.3543
22.5293
26.9282
26.9421
27.8148
42.1612
35.1595
29.052
32.3448
31.6185
30.787
38.1268
37.6819
23.5691
62.1179
26.6213
38.7085
26.3653
32.3158
30.5397
28.0284
37.1975
25.8309
45.9128
28.6351
36.1879
48.6768
30.5717
30.8776
30.3769
29.6314
27.382
39.9641
38.9877
42.9088
28.5479
26.7702
29.8745
27.6802
22.5286
22.1119
25.6444
30.0664
21.8237
36.2212
22.9111
33.0729
35.4061
25.1057
24.9454
25.5079
41.7054
23.682
25.9325
25.706
30.0783
27.7161
27.3213
32.6185
30.0532
27.9625
26.4507
44.3999
25.2409
36.5348
25.2654
21.786
28.1671
38.6246
37.6129
37.8195
29.2753
23.641
29.2168
38.0604
37.8078
23.0713
31.543
38.2207
35.1784
32.1445
31.6164
22.6296
40.2984
44.5249
27.3522
32.1597
32.7932
40.34
26.3383
28.9235
25.5499
48.847
37.0581
49.9615
49.9871
29.2757
32.5658
32.3796
25.259
26.9926
20.4722
20.8298
21.0745
21.3079
21.3121
34.7533
37.0421
24.3893
35.3545
29.7208
26.3946
40.7026
23.1157
25.4046
36.8592
30.2258
23.9977
26.1986
23.6218
29.6772
27.3975
26.6934
20.4486
19.921
35.5478
29.2789
28.4484
26.4461
34.3908
39.8813
27.3562
28.6231
36.2009
29.8422
43.177
34.5495
26.8301
41.161
24.6594
38.3572
27.3652
23.6417
23.0994
19.7873
23.5298
19.213
32.2673
19.0253
20.4703
22.5005
26.5169
31.6094
32.2224
25.4988
22.4605
25.2815
47.2413
29.5599
28.7312
33.82
34.2763
25.1552
41.9318
23.2905
38.2029
22.77
33.7867
25.9505
40.2441
23.3449
28.9232
23.3433
28.6646
29.7103
32.375
28.9278
28.6204
29.8054
40.7871
28.5121
31.4946
31.2789
32.459
41.215
27.2909
27.9211
27.0144
26.7342
24.3163
25.5473
28.7164
26.3959
25.2904
25.2307
25.4911
25.2402
25.65
37.3233
28.4818
32.9331
35.1455
29.7868
31.3514
31.948
47.4254
25.1627
30.637
25.0375
41.6828
34.0088
44.6768
23.5426
31.4525
21.9306
22.7628
24.9589
39.0223
32.9969
28.8147
29.442
34.937
27.6401
25.7892
27.1866
40.4065
27.2323
33.0223
27.9996
26.9008
45.4257
24.844
22.4324
25.485
22.8294
25.2898
29.6843
40.3458
21.1096
33.6678
19.706
28.4231
23.3062
19.8391
19.3646
18.2011
18.9508
31.7213
20.2612
25.327
18.4202
28.2763
17.9978
24.6598
24.0362
18.7654
24.6525
37.6503
46.9811
37.1369
25.7786
19.8689
30.0185
30.3155
37.7455
29.778
32.4518
30.4525
50.7328
27.8279
35.6356
33.4861
31.8552
46.0754
30.7948
25.6814
27.016
28.1879
27.6106
27.3515
27.8834
24.6986
32.3
25.162
32.208
19.6323
33.8468
42.6586
29.2215
34.7064
19.1991
19.1011
23.9673
30.4219
24.5019
19.3518
21.7485
25.9112
22.7444
24.3076
26.0389
27.3218
27.2029
21.4569
30.9032
24.7745
25.3852
29.7289
24.5928
34.3732
24.0696
32.0563
28.8997
24.295
37.6461
39.1589
24.9731
30.0592
22.4568
23.9456
38.1835
36.4258
40.3369
29.1432
22.2514
22.7495
25.0331
30.8257
40.7402
40.9976
34.9345
35.3784
30.5816
29.634
27.779
26.5957
24.9584
42.6099
23.2889
28.2714
24.5176
27.1581
23.6393
26.472
24.1489
24.4311
29.8653
23.9785
24.3655
24.2553
26.7514
25.0785
24.6769
25.2345
24.002
24.6991
35.0879
25.9526
25.9948
24.9021
24.6805
25.6405
24.9113
35.1083
26.2119
41.5623
45.3419
27.0337
40.6765
27.0982
32.538
27.8635
36.3985
35.4748
27.5393
42.135
30.3801
39.7446
25.9656
45.3803
22.7096
42.8554
21.9968
32.0789
38.7801
23.34
23.0236
19.6973
23.5844
19.8951
36.0561
19.5339
21.7116
21.6813
33.6807
20.2465
27.6144
24.6986
24.2756
41.5331
24.5913
35.677
27.1672
31.8608
38.9057
22.1175
24.3205
22.0207
38.5719
27.1853
21.7104
25.1017
21.5789
20.0635
31.7985
20.0826
20.607
21.8234
20.3153
20.5694
18.7878
20.1691
19.4021
17.1976
25.6547
29.6109
24.2476
27.1808
34.8029
29.3503
28.6473
28.0287
25.3599
40.1565
39.3915
25.3687
33.3592
43.9362
25.4883
35.0238
25.9563
53.1303
26.8262
27.0465
28.3193
25.555
39.9827
24.8999
44.8817
33.9221
24.7789
42.4703
24.3269
36.1658
20.3256
21.1802
21.2099
21.9162
35.2798
20.5744
23.2291
21.8359
28.2846
34.5337
23.5848
24.4651
24.1712
21.4487
26.4033
23.1092
28.5073
22.2191
21.7806
21.0125
25.1972
20.557
20.262
23.4895
22.1326
23.3969
23.3155
23.7296
23.5478
26.8581
22.9914
43.7504
33.7788
46.7133
27.2205
49.8583
34.0697
47.8624
25.4755
25.8227
32.9742
24.5571
44.5644
28.2566
39.2132
23.9954
28.2713
34.8433
27.9818
37.2604
28.2263
30.3672
30.4436
27.7228
42.09
26.481
30.2521
34.5269
25.0084
39.8661
40.1655
26.391
32.1927
27.9119
36.7872
27.1895
21.9789
44.0386
28.7486
23.1393
30.1242
23.1828
44.0677
32.9467
26.649
30.2147
40.8116
28.1012
26.5366
36.5489
38.9333
26.6531
40.261
23.3534
30.5973
23.5067
45.9751
22.2125
31.0783
24.7058
35.6097
22.0203
30.6565
26.0714
23.2227
21.9681
22.2199
39.6591
21.8657
35.3696
22.0454
27.2234
24.2578
23.0989
29.9617
23.574
26.0383
23.7629
22.8359
24.153
24.0471
25.0831
22.9081
24.9528
24.9278
24.7209
24.0143
23.7418
25.3992
23.466
38.2813
22.4574
24.0762
28.4797
21.5971
32.8188
23.1831
26.6147
26.3574
25.1783
24.1273
24.4298
22.582
28.3289
28.6675
29.8039
24.1541
24.3784
24.5598
24.8107
23.7408
23.7951
23.6449
21.9854
23.3206
24.1007
23.1706
23.2085
45.1766
30.8711
40.5167
26.4255
47.3854
38.3668
25.7679
32.1989
25.1777
25.5337
24.7369
30.0038
28.8162
32.23
26.9516
28.4057
29.8165
34.8452
30.1147
52.802
28.2607
41.6982
26.0555
35.5883
29.5337
44.4717
24.9654
27.3329
28.1232
32.0511
30.9945
23.9821
35.1633
40.1884
30.2391
40.8899
22.0535
26.6808
24.9115
23.4805
24.108
27.1569
24.7281
25.7577
23.6459
23.6803
28.099
26.6359
31.3583
30.2567
30.747
45.1359
23.1339
41.5595
28.827
39.7989
34.6851
27.0669
34.8162
40.5064
25.7149
30.4604
30.4235
29.4571
25.4678
35.4155
26.193
29.121
23.3914
35.2688
31.8904
26.601
26.5086
38.2865
35.5825
29.8287
32.3701
25.0866
30.6405
27.9012
23.0149
27.0303
37.1938
31.7694
39.5222
36.3384
24.0997
23.7581
31.5175
23.4794
37.7684
23.9583
24.0959
25.2616
25.4925
28.7116
25.1667
30.6456
38.8722
47.3471
24.7594
24.3138
42.8959
29.4141
24.8772
33.9959
41.3055
23.7705
25.4812
22.421
27.674
40.4528
25.0092
25.587
37.2563
21.3751
40.3449
26.9301
30.1952
42.6743
27.0872
40.1625
31.3967
39.3324
26.2935
29.4713
26.5132
29.6211
29.8929
32.0826
23.4541
30.1852
27.2142
31.6522
28.2142
23.8914
38.3337
22.228
23.1119
24.7039
37.3252
32.5231
29.8309
21.6748
25.0097
31.9888
22.8702
32.4164
41.0237
23.7944
25.7989
29.1276
37.7931
30.4879
41.4324
32.482
23.2131
23.7677
27.3731
37.9619
23.9128
27.6589
24.738
25.9988
23.9229
24.4441
23.0372
42.692
21.7167
31.4185
21.2018
24.9275
26.3352
21.9688
39.97
21.5843
31.0489
32.1136
22.6222
22.7304
38.0981
46.0915
30.3135
37.4383
31.4971
21.1002
25.9927
20.9451
22.0904
35.9735
20.2055
25.3523
21.1786
24.2693
23.1955
25.3566
22.5073
33.697
28.7952
21.0294
25.5305
22.5007
20.945
26.4491
35.8988
18.5991
21.541
21.2693
20.9984
38.3996
22.4491
32.2139
23.0656
22.5385
27.1608
24.1964
23.8747
24.3372
35.6305
32.6696
44.5719
27.2145
37.6822
30.3867
24.4313
23.5291
47.7651
20.2374
30.5884
42.8971
29.917
32.0664
26.0843
27.7912
21.5443
36.7602
22.5725
26.7133
24.1421
26.5355
24.2141
25.495
24.3477
22.0735
41.6004
22.1438
25.2752
23.432
22.3174
32.3445
26.9913
31.5964
22.4258
38.4566
26.328
27.8573
37.6489
34.7052
27.3172
30.6955
23.21
21.938
29.1125
28.8919
26.3851
23.9647
37.6664
22.3197
36.2585
26.478
32.1718
28.9575
30.2139
29.8001
34.0344
30.9333
41.3438
25.1143
33.4834
23.518
40.5123
23.1661
42.6673
39.7364
26.0904
23.5171
38.2047
23.5736
23.4823
22.9999
28.8871
25.1453
28.0092
22.4338
22.8196
23.4509
31.4376
27.926
31.1253
22.5643
23.0108
39.7412
39.9308
34.5189
37.8972
40.8745
26.4989
31.7451
27.8576
21.971
28.337
43.0225
25.0894
29.139
26.961
24.6911
22.4327
39.0747
44.6552
26.4822
41.0193
25.4943
33.4735
29.8963
23.4513
30.6613
27.2237
25.0414
25.6005
46.7427
22.5656
34.3204
24.2643
28.101
38.3943
22.13
44.3602
22.2176
34.8333
27.6238
24.7529
27.3123
40.8248
24.7167
23.1488
21.7909
23.783
22.1812
21.7155
26.8496
19.4481
23.7181
36.5163
21.2375
32.5019
23.7846
33.3803
29.6461
43.1805
22.7096
23.373
36.2426
40.0154
25.18
43.9872
26.666
50.8543
29.1517
29.5714
24.4098
29.8758
43.4432
23.5571
47.296
33.3255
28.48
25.8849
22.5688
38.6973
24.4091
27.2145
39.9772
24.7651
41.9627
24.1807
41.5895
23.4948
24.6992
42.6266
23.3118
33.4987
24.2733
24.8999
21.8166
45.8437
38.0741
37.9268
25.5654
23.0667
21.13
23.1265
28.9108
20.1813
37.2862
32.71
21.7752
20.463
19.6632
20.1259
31.5382
21.4237
23.0175
22.3809
29.8555
21.3278
25.0901
51.2429
24.036
35.0427
32.5473
23.7642
30.0927
35.0008
22.121
24.0011
19.925
24.525
23.3208
21.5093
39.4801
21.7763
24.3194
22.007
25.3599
22.8016
22.7975
34.8089
21.8879
34.2048
23.4375
24.0131
25.62
27.6977
27.4061
56.672
32.9007
25.4115
33.0664
22.9689
35.2587
23.8398
26.08
39.89
26.2115
39.7118
24.6621
27.0984
37.6231
42.9279
28.8277
24.0723
36.3026
29.2051
39.1591
25.4876
25.8951
40.8439
25.7483
39.4796
26.7977
36.9217
31.1918
29.6623
28.5874
26.1166
28.3917
59.7909
30.77
26.338
28.7488
30.2508
26.2053
39.4699
27.2355
40.5913
23.0191
26.9571
26.5687
23.4822
46.396
25.7286
25.1066
23.6716
35.4933
23.7275
39.8037
24.4997
27.9601
28.586
34.604
23.6156
27.3276
28.2359
35.6529
26.9592
24.1413
26.5757
23.6843
36.8584
31.0183
36.0468
30.1426
31.9983
29.9258
