26.6511
16.4695
27.1632
13.3366
30.8776
26.0926
25.0676
16.7443
22.9425
20.1648
20.0696
26.5819
20.9278
27.4073
26.6867
15.544
28.1425
22.6441
17.5793
28.4196
28.2138
18.9839
24.8124
28.8618
25.7229
22.6598
20.9517
24.7332
23.7317
13.6892
24.0461
22.3434
12.9243
16.199
27.2138
19.3445
27.7214
21.8464
28.0472
19.7731
18.8011
25.7298
26.3905
22.7581
16.1149
19.0736
26.182
13.9948
25.6247
19.9121
27.4651
18.1087
31.3184
17.5308
17.3881
29.3844
20.3351
15.1692
29.5251
14.9279
16.1343
25.9041
28.7554
30.3182
12.2025
16.7904
15.7121
21.5251
24.71
27.3633
21.0146
21.0264
27.8355
31.3419
18.8044
25.2537
23.3157
22.5489
27.145
19.2297
23.3794
25.0308
25.6263
25.738
29.0943
26.4782
17.6755
26.9727
25.3587
18.5642
19.0774
15.693
29.2771
28.5022
23.5599
18.4105
32.3745
23.5308
26.7186
23.9994
28.7402
21.8692
24.9871
22.0461
19.8278
17.3742
34.4422
27.3336
20.6706
20.3776
22.5228
16.4346
23.7527
14.7855
28.7864
26.2337
28.0942
28.4233
29.4405
20.8237
22.0069
18.8983
24.3488
14.0928
20.9362
25.8856
30.9988
23.8312
22.8383
26.7193
21.4557
15.1474
30.9761
18.7427
21.653
21.5246
28.3683
27.1763
16.5331
25.8472
30.0097
18.4406
29.3546
21.6564
21.4004
25.5899
30.7066
28.9474
27.6241
19.0513
27.7322
20.0981
24.2892
25.2665
24.4603
22.3617
21.0204
18.4559
17.1439
26.9103
19.875
18.5437
21.1826
17.5416
26.4589
16.5172
28.0678
21.7135
28.6596
27.6853
28.1766
24.3804
21.6103
23.748
30.3966
27.1951
21.016
25.5622
16.2905
19.055
29.7482
16.4283
23.1229
27.6604
26.8535
29.132
28.1936
28.7734
28.9903
20.6115
33.0772
18.8767
20.9112
18.3444
33.3814
26.7098
23.3078
30.1254
27.1096
34.2927
16.7953
17.9078
27.0254
21.7134
23.406
25.2217
20.4262
18.9636
26.9512
18.7063
24.7577
26.1658
27.0383
25.0112
23.1436
24.1869
27.9323
25.9547
28.2768
32.383
21.0755
21.9697
24.738
30.1427
22.1203
29.7681
28.0776
30.4344
30.5027
24.7386
19.1999
26.8542
25.2621
22.69
25.6182
26.2563
19.3119
25.0455
24.6905
24.6501
28.0621
30.4271
25.1303
23.258
29.6835
32.4347
28.7198
27.0474
14.0802
24.2575
23.231
21.2331
25.4968
25.3773
23.5329
22.6183
28.3623
16.0094
27.5397
25.688
28.6395
29.9618
23.7894
20.5705
30.5596
25.2693
31.7205
20.9329
28.4883
25.7668
28.8931
31.268
28.0887
25.8258
29.588
24.9327
20.6665
25.8933
30.4416
23.1164
29.6421
28.0283
28.3466
28.5402
29.7733
25.3863
35.9448
29.9264
27.046
27.6826
28.1235
19.1384
29.0608
28.4356
28.9919
25.9201
24.0335
24.7353
24.9638
22.3776
25.4176
18.8331
26.8865
23.7092
25.7105
18.2211
30.767
28.1197
26.9105
21.0011
27.6155
29.7477
21.1431
24.8911
27.5165
26.0696
27.5927
28.943
24.2466
25.9665
34.2991
22.8568
20.9788
18.803
26.9247
22.33
23.4454
23.7644
24.0736
21.3053
15.2604
28.2733
26.6897
16.6309
15.0362
16.2631
27.1725
19.5855
27.5424
30.0872
22.7464
24.0049
29.3521
28.1393
27.4128
22.5968
33.9377
21.8603
31.2884
25.6358
24.5847
22.3413
41.0585
32.3814
38.0927
15.3843
16.2103
25.1092
23.6808
29.9552
30.8278
21.1791
31.4193
29.2007
26.28
25.8469
24.6662
13.94
33.8903
24.9586
22.7664
15.7707
27.0658
32.7633
36.4213
31.6187
34.0394
27.9462
29.2397
24.5385
30.972
31.5307
30.606
28.5081
32.9256
22.5445
22.0596
18.4938
30.2167
23.2787
23.4171
24.7086
15.8024
24.9354
25.885
23.7281
24.4607
25.7947
24.8872
26.1939
23.1746
16.1024
23.2642
24.0454
22.0698
17.4822
30.0346
25.9837
22.6269
25.257
21.6479
30.1568
20.0435
23.8345
26.01
25.5849
15.4225
26.4192
23.5606
28.816
27.2621
28.66
17.9944
22.6997
25.5076
26.646
16.0118
24.0707
28.6287
22.7065
21.997
26.9187
26.1049
18.6851
23.8061
24.2214
27.5742
25.1669
25.8392
18.3312
26.2077
18.8782
27.0025
28.9052
26.3841
23.1617
25.4623
33.7265
21.4458
31.4064
28.5954
24.9709
22.3816
27.6546
28.4588
29.1644
26.1805
28.5786
28.7923
24.3116
30.0758
15.9955
16.863
23.9126
33.1227
28.6588
22.3226
26.3156
24.3712
21.5657
25.4219
24.6697
32.8723
26.3495
22.8702
15.9157
27.9916
24.2545
23.0455
15.9974
27.3779
31.8895
28.4865
29.2393
32.2674
31.6518
25.1045
29.5603
23.9705
22.683
30.2638
30.7958
32.4513
26.469
28.9573
28.9941
14.9678
29.4549
26.3035
18.1013
20.0009
22.6573
31.9612
28.5895
24.4555
24.3952
32.974
18.9358
34.3572
38.6337
20.4838
29.2525
31.7167
33.0445
28.0715
24.1274
27.8775
26.776
25.6996
30.6042
24.3426
23.2663
22.2296
21.3496
30.155
20.5886
14.0902
16.3014
20.1601
15.4528
31.0223
29.2355
26.3589
17.7496
17.3998
15.8972
30.1318
37.0969
27.614
20.7903
22.9862
29.3081
30.6758
20.432
28.9296
18.807
29.6157
25.7694
30.2137
22.7792
22.9811
30.0039
24.4018
20.6002
28.959
19.6443
28.5754
18.752
22.4933
22.6346
13.9287
18.2262
23.6942
27.6153
23.8063
18.6385
26.7064
23.3878
30.0493
19.0755
29.4525
25.5499
36.119
33.1372
29.9984
19.2166
24.3399
27.2044
25.2965
20.8809
17.5247
20.5365
22.2696
25.5564
21.6659
25.4473
18.1256
20.7449
22.8948
20.5459
19.4316
26.9419
20.3768
21.8185
25.9564
27.0787
18.1578
32.9383
25.1023
24.5748
20.2285
24.7573
29.8081
28.432
31.3484
31.4512
25.2253
26.4958
20.8834
25.1432
27.1007
23.7532
18.8844
19.9131
30.6251
26.5021
16.2995
27.8936
28.2809
25.7091
14.0686
26.9996
25.4691
24.627
27.4611
26.9877
32.8722
16.1749
23.9916
25.4533
29.5873
19.4571
27.4589
29.3837
23.2199
23.1191
25.8327
29.293
19.1727
28.277
31.1574
22.4939
19.9147
27.5443
26.9705
30.079
23.933
30.3028
21.9711
28.8358
28.3282
27.0236
20.4694
20.487
29.2969
23.0224
24.8414
17.9578
22.7665
22.1343
24.0339
21.9339
20.4684
19.8347
24.9908
22.5653
28.6035
26.3194
20.7143
35.0626
25.4677
28.9994
31.3341
34.5241
31.698
21.9378
37.1184
21.6052
26.3058
26.8709
12.6884
26.9005
22.3033
32.552
20.0921
28.0639
25.2899
22.8125
18.6111
24.2441
21.2469
31.1645
15.0808
18.7061
24.6514
32.3675
23.1019
23.0233
18.0522
25.2891
27.819
31.2626
27.9062
14.693
18.2565
24.396
28.4556
26.7601
25.6297
25.6302
22.3356
25.5461
18.176
19.8401
18.4645
23.3903
30.1052
18.9007
29.1903
17.1315
26.3778
16.3268
27.1602
26.5708
27.1921
23.0524
25.4232
20.5393
25.7751
24.4245
20.0001
32.138
27.2578
17.3767
23.7297
31.9896
27.5035
28.9227
31.4955
29.7689
17.7295
23.7637
26.0046
16.7843
26.6535
22.5388
27.0983
15.1708
23.4804
20.2602
25.1366
20.1839
24.8895
27.741
30.8769
22.3716
25.3947
16.1579
25.8941
27.9072
21.2725
20.8907
19.7597
16.7754
18.5258
18.3331
17.8482
23.5593
14.5946
20.2133
24.3739
27.7946
21.3048
25.9099
24.433
22.4186
23.9461
25.5133
24.5438
25.3966
26.5075
24.3968
20.3062
22.2117
21.1654
26.0175
11.7447
23.1653
23.4598
27.4437
22.9661
23.9035
15.7811
22.2959
16.6147
16.6285
25.8734
15.94
22.2545
19.0037
26.9237
30.5435
23.057
24.8977
22.071
24.4564
18.8068
17.5447
32.5151
29.5054
25.148
28.2992
23.5915
24.8774
28.3018
22.8779
26.3276
21.4282
19.3732
23.7098
22.6824
24.0799
23.5578
17.4485
15.4853
23.7926
21.9663
29.7683
27.8616
24.7835
32.3129
22.4371
29.2037
22.6687
30.9577
20.3155
18.2907
26.0323
26.0593
31.9397
29.222
34.9015
29.2237
22.756
37.0288
27.892
27.1437
37.6836
23.3495
27.4041
28.2962
28.4193
25.396
26.2638
23.8471
23.9844
36.0448
16.7896
30.8365
30.3785
27.3614
19.2341
22.2683
21.0628
21.1283
24.3289
26.3053
28.1007
25.0356
25.769
19.8745
19.6142
20.3199
18.994
24.4513
18.3919
23.6568
20.1293
21.2045
19.6534
14.0966
20.2516
16.2301
25.3645
24.9259
22.8816
30.3338
22.9006
14.4834
23.3701
28.5162
20.3988
18.0389
14.4892
20.9663
20.8369
23.4961
22.9779
18.9038
15.9682
22.4741
19.2014
19.6106
22.2344
23.194
21.5255
27.2803
14.9308
23.8606
19.988
17.8938
25.0017
17.3787
19.2522
24.0218
25.5337
22.0445
20.7905
28.4466
20.8322
25.3663
22.8643
21.9285
21.8156
22.8685
24.566
20.9612
20.0384
25.3597
26.3823
25.0347
23.4692
22.1329
18.7736
26.6659
22.3608
24.8116
26.7999
26.4512
26.29
30.0651
20.5266
19.6856
26.5963
26.4647
15.795
24.1563
20.951
13.4831
29.402
27.5757
26.3695
25.0136
25.5141
23.746
16.5325
26.2219
18.345
28.8828
24.4309
23.591
31.6964
22.2986
28.0414
26.8534
27.4175
30.9989
23.704
25.0644
27.3979
27.8776
25.9553
28.1504
25.1206
29.4297
13.3749
33.4807
27.4544
26.2515
27.4977
19.6395
28.8207
20.1733
15.0747
25.3422
30.9306
31.0381
34.6855
25.4013
15.6002
19.9432
24.7803
17.3366
26.8028
21.0169
24.1817
21.382
20.4217
23.311
22.9877
20.3421
23.6514
18.0386
30.1255
20.475
20.2167
25.7222
28.2239
17.9126
26.5232
25.2759
30.7457
14.1762
25.0765
21.1053
26.9739
18.5639
21.4543
13.4465
23.3632
27.6977
19.4309
27.4947
25.6524
16.2057
32.4201
29.3715
35.6504
32.8896
21.5402
31.7895
28.8241
31.7334
23.5123
31.133
23.8505
28.0746
30.0221
24.3258
31.2287
31.2614
28.0604
24.5548
26.7621
29.2324
22.3215
18.3897
21.2939
27.2473
31.6086
28.7501
19.5193
21.3986
24.4159
16.5619
28.8746
30.2955
25.7825
32.6147
30.1342
30.081
28.1663
31.4877
24.7368
24.0812
37.0961
35.7822
29.7073
19.3022
22.9885
23.5177
32.9289
29.6613
23.2348
21.4257
27.7576
25.7046
24.6009
28.4268
32.0692
29.5991
27.5963
21.718
20.9034
29.2099
27.7412
29.0984
23.1628
23.0152
35.0957
29.2173
30.9407
23.4178
34.1492
21.6873
24.5222
30.4438
28.3239
27.3658
30.5328
30.6179
26.636
29.4812
24.7952
22.2139
30.4499
22.2248
29.04
23.2203
26.7564
27.4985
23.9249
20.5309
29.8926
24.1521
31.7536
27.7241
21.3207
27.5548
30.3311
28.6305
25.144
25.937
21.1872
16.715
26.255
18.5487
19.2309
24.5541
21.2501
28.3928
29.6004
29.9371
22.7153
27.9011
22.3418
30.9202
16.7541
27.8866
21.9254
26.1059
23.9961
32.6232
28.5301
28.8683
27.2186
23.0473
30.2965
25.2399
26.054
23.015
26.4852
27.465
21.9712
22.7232
20.0856
16.1
25.9097
12.684
22.4076
32.8709
16.5005
21.5562
27.0354
27.3996
28.7872
25.4948
19.41
17.9753
24.211
24.5391
16.7298
16.5921
16.8233
27.7436
20.7225
26.9978
18.2841
24.9306
22.8114
25.723
18.917
33.7476
34.8728
19.4471
25.3451
24.9076
29.4177
17.4179
26.9388
22.0597
22.7715
22.2112
21.8846
29.0791
26.3519
29.1879
27.4141
24.3705
27.9685
21.56
32.1676
30.152
24.9168
30.3392
27.7321
26.3879
28.6623
22.3606
22.3935
25.8065
21.714
29.0473
33.2863
21.2119
21.3951
21.597
14.8745
27.5812
20.0516
21.3387
18.5116
25.7317
26.8191
18.6334
20.5361
22.2056
27.0381
25.8246
27.4306
27.8838
28.6576
17.5491
20.4764
24.3755
28.5422
24.2765
29.941
28.246
31.2149
17.0449
29.0005
24.0648
25.0172
26.0011
14.8292
29.3443
23.2149
25.4783
30.391
20.849
17.722
23.8744
29.2062
24.5745
16.3057
28.0435
33.6465
26.6124
29.147
25.1462
26.7729
23.7349
16.528
27.2282
24.5935
23.3094
17.7805
24.6042
19.6427
19.647
19.9382
18.0583
28.2798
23.1958
24.0647
25.2136
16.389
30.0518
16.5656
27.2084
21.7575
21.5209
32.8208
25.3838
17.3811
17.2076
18.5668
16.6704
27.9924
32.6251
28.7607
31.4171
20.83
30.7586
21.6441
23.6309
24.9239
15.9473
28.989
24.2606
28.8172
27.8958
30.9686
29.0025
26.1018
25.7514
17.2418
30.9604
21.7175
34.8469
17.2713
17.9576
23.8741
20.7731
15.4545
17.836
23.8669
18.7134
17.5091
31.2997
17.6899
30.0716
22.6868
29.2362
19.9444
15.3133
31.2044
27.2415
29.3864
32.0077
27.1994
28.6497
18.692
33.7937
28.7538
26.2474
23.6243
23.6194
29.7257
29.5546
30.7042
29.2129
22.9278
25.9776
23.1069
28.6092
22.6074
28.204
20.0273
27.621
31.3831
19.3162
27.6572
32.2009
21.0453
28.9933
27.9761
32.8942
29.6009
18.9792
28.4848
36.1791
30.3502
27.4802
24.1472
23.3897
25.2644
31.2172
32.0587
31.2211
27.0175
25.9639
29.576
28.243
22.6908
29.2096
27.2919
25.8401
25.5438
15.3721
22.4766
32.4575
32.0569
33.4737
26.1921
26.6692
24.664
23.1722
24.4579
18.5008
14.8389
25.9161
21.9784
29.1057
26.337
26.5216
26.6116
27.2428
28.2198
25.1131
21.7592
16.0722
16.6822
17.5137
21.3826
23.2691
24.4635
29.021
28.6918
19.8387
12.4633
17.9288
23.7889
24.679
19.643
21.7652
21.9531
28.4727
24.5835
31.6763
27.4837
14.7388
16.852
17.9082
21.6667
22.4818
26.7442
22.5864
22.6101
22.133
28.4359
20.2149
24.9595
17.1821
26.053
17.8194
27.9027
27.0942
23.0005
22.675
25.3561
14.2264
25.4506
22.1354
21.4943
22.7199
24.0846
24.7333
29.0758
26.2674
26.3836
29.8331
24.9089
26.8308
29.5606
28.7052
35.9977
27.7833
17.523
27.8625
27.4058
30.8453
30.2118
30.933
29.9777
36.1087
21.0225
25.8471
24.3427
29.6695
28.0496
16.7141
22.8233
22.8227
27.1792
24.3117
15.0526
25.8702
29.446
28.2935
24.9909
30.1284
32.7276
28.8784
19.683
27.9848
33.0377
29.4102
20.3725
32.7668
21.9988
30.1167
28.3798
25.2266
30.2159
23.9867
28.973
28.1459
23.5543
29.8627
28.2884
27.6465
20.2724
24.7888
18.6207
29.1349
27.4122
18.4782
26.1793
32.5707
29.1269
16.8871
27.7451
29.9094
26.9141
15.545
27.6029
19.2872
25.0047
19.096
23.6276
26.4215
22.3111
20.5347
23.1858
25.1112
28.6345
22.1
19.8496
28.8473
26.15
20.9709
30.3075
27.0013
25.1809
26.1178
29.5178
27.9736
28.1468
27.4096
19.5717
22.9004
27.6803
21.2957
22.2855
27.1681
26.3213
19.8374
27.0909
22.6217
22.1487
16.1744
28.5547
27.7419
21.7542
26.436
32.8135
13.4734
29.0933
25.3973
22.4598
17.773
24.8187
14.6506
33.4474
23.8402
25.0741
26.4574
22.5375
20.3379
22.922
22.5341
28.5324
25.723
18.776
28.1754
20.3549
19.8138
23.7861
27.7858
31.7448
24.0371
27.8033
25.7825
24.7025
15.3723
15.1095
25.2698
19.8805
26.7277
24.4638
25.2484
25.5975
25.6479
23.4964
23.6389
21.5179
26.9499
29.2525
24.659
23.9976
23.558
19.841
18.59
19.812
20.7641
25.5186
24.5786
31.2057
26.1249
27.3611
24.4726
27.5412
32.5891
26.577
24.947
31.0073
30.3959
27.7611
33.0201
30.7465
29.9313
27.1884
25.2541
30.2545
15.1865
31.5409
29.6673
18.5327
26.1232
17.6596
22.4425
13.6886
25.3866
22.7383
31.8013
25.812
27.0069
20.6569
24.7971
27.2138
24.214
20.609
21.9256
19.1527
26.4061
22.6523
25.0208
30.2214
28.7752
25.1014
23.6223
21.5989
26.3105
27.1404
29.7153
26.4574
22.0859
21.4949
38.5517
31.1841
34.7659
31.9128
23.5354
35.683
31.2528
28.3707
26.2119
29.3935
31.1213
24.244
35.9814
36.6038
31.5005
30.8473
28.02
30.775
33.2038
30.8734
24.7331
20.6227
26.4196
26.8552
28.0922
32.2599
32.5105
27.0424
25.5904
20.8392
20.2976
28.4073
30.5338
26.0983
23.5194
16.8807
27.1801
30.6204
30.9165
30.5609
23.5277
29.1844
20.7079
23.2938
34.5002
22.0191
29.6799
26.2106
46.3543
27.6508
25.1269
30.324
23.5041
26.1593
22.8031
31.0621
33.0395
34.4828
32.1819
31.6202
27.2405
32.8128
31.2067
25.7957
40.6904
29.788
33.2676
31.222
22.2489
22.2982
29.1447
34.6093
33.903
32.7906
30.9012
25.696
27.209
23.2054
28.8207
31.364
27.3642
29.6015
31.0534
25.5554
27.3169
27.0345
27.2905
30.6165
27.9497
23.6998
17.5575
23.9986
29.972
13.7852
23.6511
24.5982
23.2452
13.7634
13.3031
25.0383
23.4624
13.9902
19.8501
15.1137
27.5782
28.3611
21.256
23.7827
27.4562
19.5775
21.0929
29.6092
19.5475
25.0378
28.2097
28.8904
24.127
30.7193
19.2816
26.4167
27.1682
27.6648
15.8314
20.1883
29.4638
24.4468
23.826
32.4736
24.2485
15.0235
24.8068
31.0226
21.5358
18.7167
19.7715
27.0279
28.5015
27.9797
28.2866
22.8927
17.7503
27.2731
22.3333
30.7365
19.9931
26.084
16.3823
35.84
27.3145
30.5745
15.2256
22.9793
24.1722
26.3505
24.9989
23.6018
25.5102
27.9726
26.9463
26.67
17.8735
22.5363
14.9778
21.3045
21.6826
24.675
27.4781
23.2371
26.7924
22.5743
22.1351
21.9346
25.1484
20.3644
24.0775
21.6407
25.8939
34.8515
18.2973
19.4653
21.9518
27.4234
32.6029
19.6295
31.8492
31.6193
27.7835
27.523
35.4066
24.701
28.8619
20.0223
31.2366
17.6268
15.0857
27.7382
26.9796
31.4166
43.4882
31.3764
27.664
32.1431
29.2394
32.0606
23.1612
30.0521
26.6163
28.7963
24.0334
30.5751
26.7739
38.6057
29.2593
25.4479
21.431
25.0908
26.9168
37.5385
26.6555
32.0228
23.4982
30.8615
22.3589
28.6883
26.9945
24.5513
30.8523
30.2214
25.4491
20.6093
26.1926
23.4863
29.7727
26.0757
22.5079
14.7233
24.7199
21.5314
22.3705
25.1518
25.7085
24.0279
25.2805
28.0134
20.4617
26.3106
28.6754
23.8024
23.1849
17.657
18.4896
23.5007
20.4239
18.5853
23.2966
18.5403
23.8553
24.2081
27.8462
34.1607
29.6925
27.9243
29.9987
28.3158
27.1326
28.1085
29.1412
33.1536
25.3358
24.674
28.2022
22.2825
30.5812
37.3827
31.2595
24.9248
27.0127
32.5012
32.5471
27.6412
23.9731
24.8846
20.3748
29.0151
21.0197
24.5814
25.3713
30.7559
28.2749
29.2196
30.7073
30.1516
19.1803
35.2647
30.8972
21.4031
26.143
30.9857
28.5842
28.2932
18.6021
28.1215
24.5883
20.1431
29.0219
21.697
31.381
20.9636
14.4959
20.0316
26.6274
23.5672
23.4723
29.4804
23.2287
24.9807
18.3152
18.858
23.9419
26.5628
24.8303
20.4976
29.8477
30.7187
32.1006
30.1828
26.1494
25.7754
30.4153
24.4493
16.8983
23.2792
32.7286
34.8675
30.2379
31.2798
24.2316
27.6169
23.872
35.5822
34.0374
29.7468
17.1795
17.3072
29.6136
31.3186
22.706
27.1935
20.3702
20.4422
21.1063
31.1339
27.6518
27.5297
21.4801
21.8938
23.0393
24.3229
28.6074
23.9959
21.622
27.8731
32.4854
21.0697
22.3964
32.3387
18.1467
29.7447
27.2888
25.0788
29.0236
32.8948
26.3731
24.4415
20.634
18.9585
29.3947
14.3224
16.9195
20.216
33.3726
28.3414
21.5649
26.7716
31.383
21.1213
19.9361
21.2742
22.9424
20.9459
25.1127
24.6782
19.9515
15.58
28.8769
30.315
30.5056
30.1864
14.591
28.3039
25.0618
18.5349
16.7197
26.9938
17.817
30.9298
20.9302
22.3489
21.6094
29.1535
26.0318
27.6444
26.0978
24.1487
25.5074
29.5482
18.4893
29.9528
26.6664
20.5055
19.9937
20.4211
27.6281
21.8247
27.4437
24.1495
13.2182
20.6558
29.9594
28.6915
25.0118
23.0227
24.5164
21.9501
15.0647
32.2642
36.9379
24.4214
27.8844
26.8589
24.0784
25.4874
21.6631
20.8453
15.6017
27.2107
26.6003
22.7936
26.9505
27.9148
26.1886
17.7032
28.5094
28.1731
23.7916
21.7765
22.0634
25.8647
14.8039
29.3113
28.4513
19.6885
26.6753
23.193
29.367
18.0749
14.5809
30.1071
22.3032
28.1995
23.7585
18.1911
21.453
23.2558
28.497
27.1369
28.3335
33.9663
16.6662
19.6497
28.6899
22.9945
25.0894
29.9559
22.0668
20.0068
17.8002
26.2228
16.4516
26.3838
27.9089
31.0117
16.7514
23.0388
17.1156
17.8078
22.3279
23.492
22.3867
26.5557
17.9807
21.0435
26.7622
26.5294
24.1812
21.7835
25.4337
14.4174
26.3848
27.9951
35.2182
27.0015
24.2023
23.2772
28.0436
31.1667
27.3523
13.5905
24.4719
29.1355
28.537
23.3511
28.6483
25.7242
17.8136
23.9732
28.6793
21.883
26.3178
14.776
19.1162
17.9961
21.2263
23.4226
23.7043
16.4992
20.261
16.8511
20.5943
20.8214
18.5024
16.5708
29.262
22.3524
20.8484
23.5745
16.239
24.587
20.2207
24.7466
13.8284
24.3678
18.7372
26.988
26.7099
26.8485
24.8519
24.1265
25.1549
28.8652
28.3019
32.0216
23.0578
19.8928
21.0571
25.0914
18.4184
33.2514
25.6802
22.7227
25.9997
25.1662
20.3569
29.2149
31.138
22.2418
28.7354
22.6348
23.3723
16.3961
22.7938
26.5739
22.5605
24.6706
21.5872
28.1931
29.2951
23.8736
34.0349
32.1655
27.1255
29.6631
31.5184
27.8894
29.525
19.8732
26.6205
29.5177
28.6046
36.4526
20.4174
22.5357
21.3274
20.6935
30.8633
31.0241
30.7472
19.0827
25.5306
22.8861
24.7968
26.1386
25.6747
25.1504
32.5307
29.7804
35.0109
27.7307
33.1002
27.5438
21.3533
28.2997
26.6975
32.5435
22.3417
17.8031
27.6249
27.5294
24.4023
28.4594
17.1427
29.7127
18.3834
20.3586
28.2985
20.4735
23.1304
27.9958
32.1078
28.5748
27.3169
21.2353
23.0148
15.7713
19.0019
15.9612
22.2436
24.19
27.1154
27.901
25.0896
28.2706
24.3433
23.1422
26.56
24.7972
21.0675
14.8898
16.7416
28.808
21.1425
21.7654
23.598
32.782
35.2557
23.2774
23.0796
29.4892
26.4021
16.1156
28.6112
26.4447
23.1303
23.1058
20.6659
29.6005
23.8631
19.1557
26.65
27.9832
24.4504
27.3461
27.6146
21.4153
16.2232
24.4285
20.7345
26.3615
24.4196
27.0103
21.8484
22.9834
16.5363
16.4861
24.4075
22.3288
30.3327
20.784
21.1085
29.197
29.991
28.4742
33.8247
41.9084
21.4643
21.8451
30.3484
19.3168
33.9041
20.0015
25.5141
27.6228
20.6704
18.2314
28.0828
32.2748
26.5134
26.1599
26.0594
31.9617
19.7586
34.8266
25.9473
29.4748
25.4593
34.0211
34.3985
28.8254
20.0981
19.447
29.5946
29.791
16.9888
28.2651
25.927
28.3308
34.7825
35.5012
37.706
34.0794
30.2862
19.8145
22.6478
20.1766
25.7918
28.4388
32.9737
23.2352
24.4443
28.5512
22.0279
22.6792
28.6653
19.1101
21.6491
26.9565
27.8671
29.0006
17.5695
20.4077
30.2584
29.0219
17.1254
30.4932
23.2713
23.3935
27.117
19.1369
27.72
26.7965
26.7898
21.3715
16.6633
15.5566
21.4114
28.6338
22.3322
13.4178
25.8049
21.4112
28.4778
25.5895
26.2053
13.2812
34.137
21.8613
29.8561
26.6793
23.8675
26.8814
19.0807
20.6882
22.7353
25.4085
30.8983
22.5002
21.2517
20.3451
16.9064
26.5135
25.0806
20.2405
25.713
22.7074
25.0607
20.9891
28.0451
28.5102
26.7556
27.0435
29.367
29.5584
28.3262
19.3075
21.1744
23.1441
30.9373
19.5611
16.0035
26.9051
22.0159
29.3923
27.0497
29.3663
18.3487
22.3891
24.9438
25.6158
24.1505
30.2223
30.4846
20.1965
25.052
22.1113
25.1389
27.3858
24.1308
22.8461
28.3087
27.909
28.5272
25.0467
27.0256
22.749
28.7535
28.7849
16.7921
27.2977
29.5926
29.6449
25.0106
23.3441
18.4358
22.9943
26.3125
30.2407
23.6213
26.4578
20.5503
28.7089
24.1979
26.8051
27.748
34.8085
17.9716
17.5394
31.0129
31.1755
29.3711
29.7202
15.5654
18.7956
26.9146
30.1203
24.0545
15.5759
22.6939
22.177
27.1852
14.7721
30.6851
24.5926
27.1187
23.8498
23.0899
26.1483
28.4351
30.6061
26.0353
25.5006
14.7581
23.9746
29.0154
23.6349
17.5289
26.099
21.3721
22.6977
21.5721
22.0175
24.1899
18.482
22.0847
16.6977
20.2867
15.2548
21.6225
20.6686
25.2513
22.2883
17.1031
23.1375
25.0768
34.0865
29.1867
18.8071
26.9157
18.8939
24.4727
22.4247
29.151
24.6127
22.2872
34.7797
29.9987
30.1457
27.5911
32.7799
33.5738
19.4508
34.7941
24.2531
32.1903
25.8146
21.6197
30.7323
26.4771
28.3986
30.9249
28.7576
27.0084
31.036
34.8035
21.5566
26.6815
17.476
17.7636
26.8797
23.5213
30.9965
28.2624
29.2214
29.6924
22.6291
26.5174
29.8841
32.2832
25.9846
31.3424
31.4356
31.4571
30.965
31.6072
20.8972
34.3308
28.7273
15.5058
23.1522
25.1699
22.7962
23.4307
21.106
18.9618
28.9692
24.2172
28.1213
23.3687
17.209
27.2488
26.3968
23.4053
29.3801
13.8811
27.7079
27.7558
24.173
21.4118
22.4767
29.5364
22.2102
23.8909
29.5394
15.5355
19.0941
30.3943
30.606
24.0645
16.5463
31.2752
25.0148
19.522
28.6335
28.8917
33.4738
19.3286
21.4483
30.8088
23.8475
32.4862
24.9863
32.283
34.7967
27.7941
25.6406
27.7085
21.1114
30.1698
26.4599
18.7292
21.2955
31.3014
37.754
32.2462
26.2104
15.4588
19.6704
26.2926
29.3699
26.8704
32.3947
28.2201
23.5072
26.9679
25.4963
22.6705
15.0866
23.5956
16.1886
25.3005
24.9522
20.9633
26.1073
23.6022
25.6699
25.979
15.1921
24.363
29.624
20.308
26.7098
20.4717
25.0334
18.0199
25.0593
20.5658
27.8305
27.0212
27.5147
27.6655
29.7515
26.9438
29.0099
20.3841
21.5889
24.6458
27.9991
16.308
24.4827
15.6459
27.116
26.535
21.6118
24.3317
27.4776
26.9745
23.7933
22.9601
29.8373
27.205
24.4619
25.8333
27.6856
28.4858
27.1019
20.4753
24.5753
29.9825
25.213
19.9968
19.532
24.4531
24.1072
21.8176
22.0338
25.0436
26.3903
28.8412
24.7667
17.9488
23.3779
24.7554
21.6406
21.3169
20.5054
21.5692
21.1735
21.7514
10.7651
17.8689
21.9043
21.8545
19.7361
19.7221
11.4265
18.5405
21.669
15.3085
20.5397
23.1534
21.9139
23.3818
24.9703
23.39
16.2596
21.9967
19.6302
23.124
28.4224
24.857
29.5493
14.9054
16.068
28.4254
22.8187
17.7293
25.759
23.2676
22.0593
25.625
27.6207
25.5217
28.4176
15.096
26.554
27.9579
14.9731
17.1673
27.9514
25.1902
28.4222
13.6182
19.0384
15.7722
22.953
14.4878
19.9363
23.505
26.1389
14.2846
24.2562
14.5571
15.3715
19.5911
27.5665
28.0183
20.8897
19.0962
26.8578
26.9786
26.1075
21.2724
23.0097
29.8759
21.5593
26.507
23.1704
27.4261
19.6535
31.9925
25.7177
22.3361
23.1515
23.1524
26.3139
23.4752
24.4181
23.9829
25.2628
16.9934
23.7351
24.4008
19.5659
26.8529
17.0089
22.1581
26.3169
18.0242
16.506
24.9512
14.7268
16.4354
14.9729
25.3398
26.7428
28.3996
24.6427
15.9309
30.8249
23.0096
24.7308
30.6518
24.9487
21.2918
29.5342
29.6788
28.0416
16.0533
27.1576
19.7814
28.5297
30.2925
28.2423
19.3624
25.3276
22.0726
19.5119
19.8608
30.4822
33.0232
28.9619
26.2115
27.5148
14.3881
24.8543
20.6112
24.8251
15.6848
18.3458
29.8857
26.2209
32.0979
34.9732
30.6609
29.8724
28.3664
29.616
26.6273
30.8202
22.6297
41.5766
28.6633
25.247
34.7562
23.6419
29.2927
20.2163
18.3319
30.9261
22.5982
24.817
17.3752
23.7087
25.0605
19.5885
17.6635
19.2882
26.7152
21.9457
25.2074
30.5924
31.0124
36.6729
29.7824
20.9039
31.091
25.0257
27.4856
28.3849
28.9913
35.0917
29.3993
26.657
24.334
22.4938
22.2374
34.6644
28.7078
31.5616
27.5452
30.9237
27.515
30.0283
27.4032
26.7508
28.757
32.4528
30.3934
24.9164
25.8806
18.1722
21.824
28.9856
26.0928
35.1037
28.1854
22.5822
30.3771
25.3094
22.0067
28.7362
32.1842
28.0735
19.4743
34.7843
26.2262
28.2585
23.5916
31.6725
34.4126
27.5493
25.5852
35.7482
29.4333
29.1712
33.5114
28.7202
19.1072
21.2521
26.338
27.6514
25.024
27.0411
23.0644
30.2291
23.0089
27.018
27.6069
26.417
26.6122
26.9165
27.5006
24.934
23.0686
21.8294
27.5343
21.7788
24.1498
23.8185
26.9591
19.6802
27.7808
29.7722
27.8019
30.5299
16.2736
21.504
29.8748
26.8955
29.4342
33.6327
29.3877
24.5694
32.6453
23.8402
20.5097
23.5666
30.2937
27.2481
32.8319
25.3147
20.2661
25.4732
24.5276
27.6597
18.7525
22.0158
24.9074
20.6796
21.2822
15.8325
26.0372
27.3641
23.2355
20.8693
26.247
25.8776
19.7861
16.7039
24.32
29.7061
30.039
25.4712
30.3907
18.156
26.2971
26.7692
27.7452
32.4844
31.1756
23.7192
21.7455
29.0556
22.4329
29.7928
27.0461
33.0925
30.6289
31.522
28.9972
29.5276
35.7847
23.9309
31.0128
41.516
26.9115
24.8991
30.0055
20.2722
16.5968
29.8202
34.3758
25.1459
29.1534
31.2064
26.3106
27.4808
24.1203
24.8433
30.6273
30.2816
28.2504
27.8769
32.719
25.2144
17.8127
27.6014
24.922
32.444
24.5717
31.0459
27.3212
30.8688
36.4684
20.6767
23.9912
32.7599
23.8122
21.1661
15.9024
21.4775
25.9807
33.8264
28.062
32.7156
28.4621
22.5016
28.8507
20.5218
25.9913
26.3566
21.3866
19.8773
28.1869
20.3517
32.1429
20.9409
26.9004
21.674
26.7506
21.7059
28.835
30.9548
25.6139
20.7561
19.5341
17.714
16.3222
26.9748
19.7021
17.5567
16.1304
29.9551
22.189
21.5463
23.7768
23.9967
24.0458
14.349
24.0516
25.1042
24.2108
18.5023
27.4078
23.3554
27.2096
22.2624
29.2332
16.0051
21.6301
27.3447
17.8741
21.2605
23.6859
23.7941
18.7906
24.4987
22.3579
21.615
12.8433
26.8345
25.8589
17.5568
16.1851
17.9777
27.1701
25.7898
27.8947
31.5849
25.1467
29.7908
26.9971
22.6648
27.5018
25.7486
30.5475
36.6827
16.0528
20.6916
22.1703
28.0191
27.0406
36.1452
26.3456
23.1219
28.0158
22.4226
27.6982
29.2198
28.8846
28.2308
29.2548
29.6062
23.8023
27.5512
27.2092
30.5049
29.0622
28.0814
25.6036
15.5054
19.1255
15.3473
24.2715
24.4327
24.4842
14.5642
21.3476
13.9086
24.7498
13.2408
33.7534
26.2539
24.8335
22.2325
21.9331
24.221
19.8517
19.5678
24.6077
18.354
28.5885
19.93
29.4582
26.3265
22.6161
26.1365
28.1221
34.207
28.4011
24.6185
18.1104
24.8478
20.2659
26.3502
14.4505
15.9802
14.6342
30.2668
13.4992
19.7943
22.1622
16.6305
32.3459
25.9997
22.3255
26.1049
24.975
22.809
26.9385
22.6467
15.2015
17.6485
25.8887
17.3495
22.7637
26.5834
24.9185
25.1773
29.5784
25.9099
20.626
21.4384
23.0343
24.8312
31.0478
28.2058
26.6604
28.6807
23.3187
22.2993
25.4478
28.1477
23.5243
40.7038
23.0542
18.3123
26.0346
26.3682
31.4382
24.6752
28.3843
33.2877
26.2195
25.0591
25.8666
24.4728
27.5762
31.9915
21.0321
26.3312
24.8759
24.946
31.7113
31.5384
36.9463
25.1191
20.9584
23.0717
23.9269
21.0256
25.3424
21.9147
28.2708
30.5681
29.9725
27.1016
19.0006
19.1532
19.9183
21.9615
19.2718
19.4817
22.893
24.5683
24.4531
28.1117
19.0329
31.2606
23.8761
25.1834
19.7875
19.3369
26.3208
22.5104
24.556
25.8581
18.3348
22.2055
25.9913
20.9416
14.0172
24.414
28.2309
27.0883
24.3008
18.8758
26.3083
25.967
32.2676
27.7582
23.6755
28.1925
27.4745
31.411
29.6954
29.6786
27.8442
29.1635
29.5708
30.7328
25.446
21.4762
33.2677
24.9475
20.9923
26.7116
24.8969
41.4542
30.4013
26.5496
38.726
37.5907
34.2687
26.2168
32.1525
32.0236
25.2915
25.139
19.117
16.1907
30.0894
29.6192
33.4782
26.8746
23.5252
25.4585
15.8214
20.3829
29.5637
30.2627
26.3868
22.0449
15.8568
16.1852
29.2845
17.6773
15.3077
28.8449
20.5038
28.1098
22.016
25.3246
36.1751
29.2357
29.0615
19.6824
17.7292
18.2927
23.8014
19.745
25.3024
25.8099
36.8253
26.0386
15.4181
15.7391
28.3062
28.3554
24.5643
30.7364
32.768
28.6925
17.7034
21.492
35.428
28.9849
17.2461
35.4325
24.0377
27.943
22.6377
27.482
27.8734
17.1264
28.9378
24.0645
21.0936
29.4144
21.2987
25.0759
15.1424
18.2968
17.0633
23.7337
22.0289
27.0225
19.9153
17.9466
24.4447
20.8147
23.6066
27.6379
25.1261
25.5957
23.3875
25.25
25.6925
14.5715
22.9301
29.2091
26.2713
24.5405
24.8391
21.5896
15.2583
28.1376
24.7571
16.8927
25.4972
23.1784
23.819
21.3027
14.1389
27.9597
22.9918
21.4767
31.3076
26.1657
25.84
24.8969
25.7685
16.5338
24.3585
11.7018
19.6114
20.9055
20.3983
25.5335
23.1409
11.6418
26.9043
26.823
24.3398
20.9534
12.6863
22.957
22.9304
23.7954
13.0751
19.0746
24.5015
27.3549
21.4662
24.8388
22.7384
24.4951
19.4014
33.9894
13.4346
18.7338
26.1476
21.9222
30.5046
23.2642
23.5562
26.8026
23.0127
19.0702
25.0669
21.0048
21.2367
25.2923
30.119
29.6912
23.959
26.6902
29.2779
20.717
23.8728
29.7346
27.2373
27.4472
34.3361
18.2596
25.698
21.6739
21.3325
32.137
29.4751
30.7011
35.8267
30.8313
26.5664
19.7361
24.532
21.7869
21.3327
33.9736
21.6533
25.0131
26.0366
30.0067
29.0471
21.7225
25.0206
20.8729
21.8626
21.204
23.2497
34.3928
26.148
23.8806
23.935
22.5492
16.9451
27.9645
36.6716
28.521
25.482
29.1674
24.4077
29.2625
31.3872
23.1458
16.2875
21.2746
26.0797
27.5752
26.4796
30.9236
22.144
28.41
27.7763
29.5949
16.3636
18.6078
23.9324
28.7579
24.124
29.671
27.0271
32.5254
30.0915
27.1296
18.6121
25.4341
25.2985
27.3972
23.6066
29.5385
34.3875
25.4052
26.244
27.2154
26.5749
25.282
17.1834
27.6948
31.5576
26.7275
32.4285
33.6719
30.5444
32.8791
16.8038
26.6516
27.4572
19.1415
14.4782
22.1941
28.296
26.447
26.2052
23.5614
14.4171
29.9813
19.6458
26.7687
27.9773
27.5101
22.4552
26.7633
24.4378
18.5673
23.9925
27.43
27.7698
34.8612
17.6948
24.133
28.9963
24.7539
24.7646
24.0559
19.623
19.9261
32.2141
34.1142
38.7824
32.5384
25.9575
21.268
16.4099
17.0143
28.6521
14.6898
27.2005
30.0886
17.101
22.4758
15.7663
22.1342
31.5104
25.141
38.4204
29.5957
24.3206
24.5049
27.2904
24.8412
18.3787
19.775
21.7065
21.6133
24.634
26.1682
21.7304
16.2089
17.0981
21.5428
24.2384
21.3663
23.2905
18.5804
21.474
25.0525
17.6124
36.7188
23.3264
20.1365
23.2015
30.7113
26.5168
26.6715
22.7056
20.8785
16.8177
24.6777
30.622
25.4373
14.7979
26.4892
15.9259
31.4143
21.008
26.335
27.2599
28.5037
26.156
26.6316
23.161
17.6299
24.0449
32.4103
27.4238
25.8176
24.8287
29.1184
20.7004
28.6223
30.703
27.1197
20.4147
24.0813
20.7546
21.4826
21.4199
19.5873
16.612
24.9333
24.077
18.1691
30.6407
25.412
17.5229
24.9337
19.308
27.5298
22.4967
22.3909
24.9177
30.8676
13.7666
21.5348
25.0121
29.4586
20.2247
18.8989
21.6506
24.1065
22.4204
16.2374
23.886
23.1119
28.6373
25.0187
25.3163
22.5357
28.7503
23.2832
22.3671
22.1902
15.3463
25.5424
19.4586
23.4735
21.9
24.8591
26.1375
21.8725
21.1859
25.3466
31.8354
26.8445
22.8799
17.2712
19.8294
29.6696
27.3661
27.3913
16.9332
27.6097
23.142
26.8751
12.4264
26.451
17.2375
23.3371
17.6513
23.2831
24.9301
26.143
24.0372
26.7829
26.8782
26.2363
26.1544
33.8343
15.0319
16.9003
24.8598
26.7973
18.949
16.9122
25.6725
23.8299
15.7194
16.9458
27.2842
28.4209
17.0526
23.5932
27.8252
30.552
24.0037
27.9549
26.5059
23.5658
34.4575
17.9218
28.9683
23.5156
22.8014
20.4058
21.7389
14.7242
22.1607
20.4508
20.9304
16.0083
18.5772
31.7766
29.4649
25.3111
26.3414
24.1825
24.5612
20.6087
19.4358
21.821
15.9969
25.5005
28.6975
25.1408
27.7601
28.0113
20.7022
23.0114
28.378
25.7449
17.374
21.9697
20.7972
29.5012
15.4357
19.9253
20.0038
23.7026
28.4513
19.3713
25.7913
26.6735
13.8611
16.6163
29.2268
24.9366
29.2662
15.5617
14.8459
23.8698
17.3293
23.7785
27.8058
33.9269
28.9715
22.3597
31.588
29.115
34.4197
31.8638
25.2796
28.2764
23.5672
25.0308
29.7684
18.961
24.059
20.4071
24.6198
23.9819
20.5047
17.2837
28.4845
27.4406
27.9842
24.3087
27.3778
28.9559
25.537
27.1246
25.366
18.0799
29.914
31.8935
26.8334
17.1352
26.1789
30.4359
26.5377
28.2414
34.4867
30.3298
26.5681
29.8695
28.7374
23.41
19.4547
25.9318
25.0085
24.1402
21.5675
29.0207
26.9429
21.4791
22.6033
33.1175
29.6282
16.9411
25.6343
26.1562
27.9555
32.2177
29.1827
32.5483
28.1657
28.5233
16.3149
23.0838
20.1399
30.5075
22.2156
24.2375
19.9664
17.7986
17.3045
22.9333
24.9727
25.3756
17.2724
26.6008
26.7178
21.3585
24.8432
28.5406
20.9136
23.9962
20.3078
29.7432
24.5252
27.3308
25.6228
26.6418
23.507
29.6553
18.0061
30.9696
30.3225
27.7535
30.5858
23.0215
22.6416
17.8447
31.6924
34.0314
31.4953
39.1209
20.3957
13.5089
30.6708
30.0182
19.76
26.5805
28.1935
22.9384
30.2402
23.0262
23.5309
20.5907
20.9357
26.2777
28.4127
29.0179
29.1547
25.9093
29.6374
24.0296
32.9757
34.2973
26.9809
34.8667
20.31
37.6474
35.4135
25.8457
33.9059
27.8178
25.981
23.3851
26.3616
24.0928
25.4992
17.2358
19.1066
25.5659
15.8831
17.5784
16.2082
32.5364
25.3017
18.2074
26.0817
28.8527
23.3326
30.1963
20.9953
25.1363
20.3583
29.0542
15.1678
19.6288
29.1553
29.5903
29.3829
25.2578
30.1581
28.3128
15.1052
30.0053
26.0893
22.8376
23.6438
29.5432
15.8578
28.5918
29.4859
20.1623
23.9288
20.8191
21.4412
17.0025
24.1126
23.934
26.9459
24.5448
13.5483
17.9738
25.0103
16.1252
13.192
22.1495
12.303
21.1552
22.2886
18.2938
25.7571
17.9573
17.3689
25.4921
26.1755
23.1017
19.7732
18.0751
22.2486
23.5865
25.8231
24.2864
18.9589
24.613
33.5044
22.4553
25.7669
28.291
24.1502
26.1093
29.1515
28.069
28.0068
23.2317
19.2613
23.6215
27.7609
20.1466
26.493
35.7587
22.9334
15.5232
15.7368
19.8528
17.3907
19.9459
19.098
30.1607
25.5915
28.2155
27.9817
26.185
24.8454
25.0183
26.1798
20.1889
28.2759
24.8479
21.209
26.6473
17.1867
35.1286
20.9762
34.7017
18.1313
16.0682
24.2496
34.0701
20.7925
20.0598
23.5193
26.8843
21.6313
21.9937
23.8899
23.191
30.5916
23.78
16.827
26.6917
20.8894
35.584
26.9635
27.6665
24.3544
27.1461
29.3354
22.3502
31.1645
27.0675
28.3975
32.7798
28.7481
30.6233
30.0498
27.52
18.066
29.3618
29.7773
37.1242
30.4597
26.8576
31.3423
15.0827
22.6403
14.7137
26.5051
30.8676
21.2429
25.0778
25.4806
28.6638
19.6418
26.3793
21.6717
22.4885
25.4367
16.1668
25.8354
30.7864
25.381
26.1519
16.3814
26.1354
25.2457
26.0787
22.877
26.866
26.3048
28.2019
34.2183
27.8272
23.2857
27.2494
21.985
24.6475
29.98
29.164
27.3553
28.8631
25.8006
16.4096
31.8249
33.4008
30.2401
29.6435
20.427
28.4473
24.081
24.7574
31.6681
29.224
33.43
34.5078
27.7807
32.2077
23.3191
26.977
37.5732
27.9439
21.866
21.4646
26.9514
30.7224
29.9544
33.8392
30.9177
32.6264
43.1199
28.9791
22.6554
18.4644
30.1197
22.1269
29.5719
24.9143
28.169
24.1983
20.0706
17.9447
26.2409
28.5904
35.2212
23.6797
23.4893
22.0629
26.1538
21.8547
23.2452
28.4663
26.491
20.7838
31.1697
25.0703
28.0911
28.6044
28.2745
22.1503
29.9816
26.4589
30.616
24.7845
23.6138
15.7989
20.5032
24.6029
31.237
25.4604
27.7116
24.349
22.9325
25.538
28.8874
17.5571
26.0204
19.1789
23.8631
25.2997
27.1456
27.8419
18.633
12.8488
18.1932
24.1466
21.5791
30.7881
24.0588
19.2588
23.5251
23.3785
14.5949
28.5076
25.4716
28.7334
24.2133
36.1141
33.5933
31.4999
20.4836
27.3215
17.0471
19.9136
25.2379
20.138
25.1104
28.1382
23.3974
27.5502
25.6251
27.5645
26.688
31.7462
22.5478
20.8734
36.4224
33.4847
33.4377
27.8827
32.1512
18.3333
24.6627
26.9599
33.5496
30.1234
23.6726
25.798
16.5308
21.2225
22.5921
19.5466
30.9834
23.9305
25.0704
25.6117
27.8262
29.3594
27.8645
25.6823
20.3445
15.2041
27.9881
27.1299
27.5978
24.3907
21.531
22.998
22.1046
25.5478
30.4187
26.077
23.2391
20.4509
27.4027
27.8681
21.1987
23.1371
22.341
28.0012
26.1936
21.848
25.3474
26.1167
24.6627
27.621
15.0638
25.7939
19.7423
14.3255
17.6162
23.4024
12.39
17.3599
23.9902
21.0827
22.5342
17.0515
21.7188
27.0816
17.9931
26.396
22.5478
27.4874
25.6863
23.7652
19.9709
27.4443
24.9947
21.0221
28.5865
27.2031
26.225
29.3623
25.8612
24.5758
33.9544
33.906
20.5049
25.1082
28.2629
29.2421
20.5808
17.5058
26.6491
24.8894
30.3527
27.7211
24.3321
24.3144
28.1049
22.751
27.2003
26.7445
23.7913
25.9284
27.8601
24.153
27.6527
27.3853
29.5048
21.5563
28.5838
31.5576
21.8767
22.6595
28.2445
24.8626
27.4066
18.9822
22.3769
28.4178
17.6043
26.4001
28.1311
20.3701
24.3476
23.9774
21.1801
26.2973
24.7282
20.4964
21.8252
19.989
21.6696
28.7085
26.8209
22.1689
16.308
24.9209
20.9835
24.2415
21.7942
26.3296
19.1198
29.098
23.8165
23.7986
24.7017
26.8881
23.976
27.2117
22.8496
29.1998
21.954
22.7093
25.8263
26.1239
25.7999
32.6201
21.8083
29.5293
29.2994
27.1643
28.6244
27.1248
18.3266
34.358
23.3271
27.1645
26.7645
18.2056
22.0202
24.192
29.7994
24.1228
23.3559
25.1328
27.4467
28.8866
14.866
17.6639
26.3151
24.53
15.1113
21.8117
22.9647
24.3539
22.7107
13.9925
22.9458
25.1393
17.8574
28.1784
23.8689
24.7999
24.7038
22.1588
22.2999
24.7482
28.3901
19.7752
26.4874
17.8049
28.114
27.0242
24.3587
22.7052
28.7331
30.5575
32.9808
28.7908
26.2339
24.6693
27.9582
18.8941
31.3252
24.3193
27.3409
31.155
24.2678
37.6188
20.513
30.8643
26.9229
26.9955
24.224
31.6613
29.9489
24.1751
20.2295
31.4038
21.6148
29.2711
30.2552
27.6866
24.5872
25.0801
23.5929
28.8266
27.6509
17.4554
25.4186
27.9311
34.9875
27.2324
29.426
22.0432
23.8414
23.3278
27.5553
29.7995
19.5538
27.1236
30.6088
24.6744
26.5228
24.0742
25.8431
26.8367
27.8231
30.3115
25.454
14.5565
27.6591
21.5468
26.1385
22.8568
28.7064
21.3573
26.8641
16.8648
23.7825
19.3413
23.7221
12.9557
19.8301
22.0932
23.37
25.6217
23.0347
20.7339
23.8516
22.1084
24.8569
21.8743
18.376
25.2922
24.0345
14.3046
18.739
17.1722
16.9507
19.8553
24.6109
21.3058
21.5848
19.1671
18.153
25.3377
22.3312
13.4198
32.7861
31.1371
22.7403
27.4317
26.1516
23.7905
23.696
35.615
24.3313
20.1359
28.1856
28.2232
26.0721
33.0856
27.1235
19.6798
28.1711
33.7256
22.6519
26.9386
25.2762
30.7392
25.055
30.815
31.6799
31.0139
24.828
17.2212
23.8127
16.8017
25.7834
23.4604
25.22
21.0694
23.7036
32.485
26.5109
32.267
19.6962
19.4961
20.7981
24.5676
26.9229
29.7216
21.2377
24.8488
16.452
21.1205
23.1131
19.4309
22.9268
15.7343
15.4057
25.9356
23.3398
22.8833
22.651
26.0051
27.677
22.4826
22.0867
20.4177
30.7056
22.8963
32.6059
19.6351
25.3109
23.4977
28.5303
29.9065
25.7798
38.1249
35.5881
32.0666
29.3938
21.8827
30.1336
19.9015
34.791
26.3509
29.7278
22.2399
25.6036
18.698
20.9649
20.1593
22.6964
24.7409
29.3217
25.4988
23.6293
18.2786
21.0391
23.2154
22.7127
18.4252
25.459
25.0273
25.0884
29.875
18.7992
22.1953
25.5737
20.6024
23.5801
17.4415
29.3345
21.6737
28.5532
30.7991
24.5864
32.2237
19.1405
24.9943
23.343
30.5875
32.5396
22.3791
26.2842
32.2692
27.5042
25.1393
24.1265
30.2119
26.8276
38.5289
26.1865
28.8718
38.9637
39.6285
37.4104
27.108
32.6867
31.6033
32.8048
36.7285
34.3907
27.5671
29.925
26.8203
24.4361
40.704
29.8074
30.6021
29.6556
29.7405
32.9679
33.0635
29.553
33.8252
35.6849
42.4265
34.0538
36.0593
39.5487
34.2953
47.017
40.6649
41.4016
31.8417
39.8007
41.9606
31.0575
33.5342
41.2557
36.764
26.4348
39.0321
36.2233
35.2247
28.2971
27.7549
37.5718
34.1058
33.6842
19.4982
26.0097
28.0735
37.6732
17.9149
22.8815
16.7342
21.2414
15.6617
24.3895
17.9191
14.5363
27.2678
23.3924
25.7278
11.4664
10.2252
18.9714
21.3814
23.0313
18.4074
22.4019
15.4747
20.7074
10.0431
23.5939
20.5365
18.3371
17.9414
22.2056
21.0092
21.9273
24.7732
24.5885
24.4017
21.5624
25.0656
19.3835
22.4993
13.7224
21.1172
26.1305
20.1915
29.54
29.9644
29.6147
21.2149
36.031
27.4797
28.4198
24.0676
30.3322
30.7138
28.1959
25.8754
20.4662
26.4938
15.9487
13.3929
24.135
27.165
17.0402
24.326
20.18
21.6929
13.6179
22.7123
24.4352
23.4991
19.0788
21.8735
21.1653
21.4619
17.3445
19.1709
19.1046
17.9352
20.4252
20.3642
21.2007
19.7289
22.9415
13.6879
16.3333
20.9908
21.5437
23.5202
21.6886
26.5388
27.2188
19.0812
16.1588
21.0261
21.8428
24.8212
31.6503
27.3918
25.4784
27.537
20.6839
15.1251
23.4872
20.695
20.6063
25.7741
19.1687
23.3331
28.5133
27.4072
20.6257
21.8036
22.7995
15.2358
30.5406
26.9733
31.6812
23.8161
18.3763
24.6111
23.5257
24.4715
22.2089
28.9561
21.1766
23.2351
28.4318
27.2306
24.2325
24.4473
25.1103
15.8827
31.1427
27.7203
22.71
27.3526
28.0389
28.0286
28.9871
22.2174
27.9275
20.2909
22.232
20.528
33.2621
20.7414
24.0172
18.8857
20.6597
21.335
21.1201
25.0961
24.3917
25.5392
17.6996
15.5308
21.7226
27.7899
23.3469
26.4816
23.8579
21.2476
13.442
21.563
13.9291
19.7591
22.3404
23.6068
19.5301
17.8008
19.3446
22.8368
22.7262
17.9224
17.1509
19.005
24.3627
26.4068
17.9071
24.6174
29.0552
19.8038
26.3228
25.5231
26.9158
27.3842
20.3451
16.3153
30.228
15.2915
24.1754
14.032
31.1007
15.0825
21.4631
29.9065
33.7555
22.0606
18.2715
29.1343
26.0837
32.6321
28.6831
25.9411
26.2604
31.0589
26.904
27.4391
31.2408
35.3164
33.2178
29.6292
28.8441
33.9296
30.3038
30.2429
20.7417
26.8649
34.9567
22.9341
23.15
25.6056
18.8198
31.3304
24.0545
30.5657
28.9137
26.0144
22.8483
30.6096
26.5376
22.0871
29.5294
19.3773
16.2977
20.0559
15.6238
28.3346
25.7391
18.8223
28.0365
24.1257
23.6187
12.9673
26.0053
27.9026
24.0864
25.7343
27.8887
23.5997
21.8234
15.2482
29.6702
29.0168
24.3373
23.8612
27.9276
30.3174
28.3946
24.6585
22.8919
27.3325
33.3342
17.0618
20.9417
31.4195
20.7014
22.8198
21.026
25.5017
21.4969
29.4341
17.036
22.3528
27.5027
22.6043
12.9657
18.5693
17.5938
24.449
28.9672
25.5269
26.3481
26.1144
18.8675
35.373
19.8074
14.7963
28.5799
25.3741
27.5646
37.5949
19.8419
26.7593
29.2563
30.7333
26.7319
32.4925
24.7829
29.7561
22.8556
22.0414
33.5437
23.1012
34.3137
23.9478
26.3349
29.3515
25.5742
25.9762
23.0149
25.6261
27.1824
29.9601
24.2856
22.309
30.7583
21.7984
19.4835
24.4404
23.9578
29.6213
27.6227
28.7434
27.2958
28.3985
29.167
22.7328
22.6305
17.157
26.6523
25.1904
14.8663
24.5435
28.8534
22.9077
24.1933
21.4576
23.5912
21.2812
22.1353
22.2556
26.7082
11.5548
14.4837
20.8403
20.8417
20.686
15.7624
20.3584
18.8295
20.3612
12.1673
16.3637
24.07
27.6209
21.6023
24.1044
20.051
18.5854
19.1121
25.0593
13.7793
29.6649
28.9692
28.2208
19.1262
26.7083
22.2369
23.4438
24.0988
26.528
24.6853
17.7636
12.8894
23.7204
23.5406
25.1695
13.2574
22.0885
23.7986
21.0171
26.1786
16.5533
22.9328
21.6407
17.9799
22.8018
20.9565
25.5454
16.564
24.1181
23.0017
27.2574
28.8742
23.8473
30.0888
33.8144
25.1897
20.5318
17.3321
11.2827
26.7079
27.8459
36.8953
22.0046
32.1599
35.6813
21.4193
28.9702
27.7605
20.1294
20.97
33.019
25.4629
19.9435
20.268
30.0848
34.762
19.9757
24.7993
18.585
28.248
30.9202
23.2306
30.0818
17.1105
28.9663
23.0809
14.7963
28.5449
20.9819
28.8662
30.0894
28.0356
27.7317
28.2266
24.9912
26.4657
31.916
30.748
27.483
26.5376
30.2305
30.584
23.0902
16.6983
30.3222
28.2704
20.2571
23.0373
26.174
26.7974
16.8313
27.8568
13.232
28.472
29.2379
25.4761
27.6499
23.3122
25.2354
25.7955
22.7328
13.815
19.966
18.0387
24.2475
14.9223
20.0464
22.2849
22.2838
18.6483
23.579
19.184
15.5931
20.96
14.4977
22.8556
22.9073
18.5784
22.7784
30.8743
18.8425
27.7832
19.6075
24.0916
22.1658
18.7558
23.0978
15.1861
17.9013
24.1146
26.3319
17.1533
26.3799
16.1193
21.7383
27.37
14.2762
26.146
29.3386
23.6961
31.6321
24.223
15.9555
24.4205
26.5758
19.3616
23.22
18.9911
24.3997
28.0034
20.3113
27.6932
29.3236
24.3253
32.57
22.684
25.9211
26.8359
28.5149
21.1977
32.9443
21.3595
33.058
28.5705
31.4804
33.0405
34.1656
27.842
23.6335
27.9793
17.6073
28.9014
21.9458
33.8533
27.4002
27.4585
30.8418
21.6001
17.5571
25.6857
32.9684
25.7016
28.6836
23.1896
27.9418
19.5989
26.6624
30.479
26.1066
26.1439
19.2123
18.4913
21.6723
22.3214
26.2044
25.7312
26.532
26.8836
26.8617
34.9217
25.787
30.543
26.667
26.0253
29.619
18.1795
31.3704
32.5816
26.2586
32.8489
30.2252
32.5219
24.4711
29.5494
27.3126
26.6092
22.2295
23.8784
26.8044
28.4234
17.558
20.6014
23.0743
27.9514
24.4286
31.9147
21.0323
35.1463
23.0591
32.5526
23.8142
27.9341
21.1239
15.7267
16.7811
22.5783
22.5881
23.346
25.4689
32.3631
27.7889
22.7656
28.1574
22.8333
18.2701
20.8115
26.5503
19.8242
20.4433
24.8982
17.2902
27.7669
14.6224
25.1998
18.4373
25.87
17.489
15.6423
20.1935
28.9599
22.5849
26.9225
33.8027
21.9837
22.8223
25.3982
24.3961
19.4816
21.2598
26.0199
15.5253
16.9372
27.8866
29.9343
31.366
37.8522
20.6084
31.0761
29.3422
23.807
20.7085
16.247
21.0642
20.3345
27.643
22.2722
26.7552
22.6374
19.1956
32.9637
28.999
17.8777
27.6279
17.4155
20.3151
15.7747
28.3741
26.0825
28.4216
29.0703
22.2024
25.0542
25.0484
32.3608
21.1778
20.7744
24.7475
19.3781
24.8951
21.0525
23.3828
15.0763
27.9902
25.1088
18.4808
19.3165
26.4148
24.2004
23.4526
17.1612
17.8355
13.9275
20.8706
14.8761
26.9918
33.4053
33.6011
26.928
30.5391
25.5621
33.9822
23.1687
26.7335
24.2465
17.1647
20.9743
27.5134
21.408
19.1253
15.7717
16.6238
21.6336
19.1234
20.882
14.3287
23.5145
16.7485
26.6461
27.624
25.8941
25.7722
19.3098
30.8681
16.1574
18.2819
28.2849
28.1697
15.4363
20.0173
15.5926
21.2493
27.0299
13.7359
27.3072
25.1801
27.3917
17.8177
25.1775
29.9638
15.8268
26.4124
19.4738
17.5044
19.7429
26.5305
18.9898
19.9827
27.1615
20.8617
28.6057
25.8099
18.7613
30.4852
27.1641
23.1884
18.5325
23.3248
25.2154
27.1959
23.8378
26.0146
19.1711
35.4247
25.1524
19.2951
26.3431
15.3658
22.5358
24.9516
24.4964
27.8426
29.4266
22.0605
14.863
15.9086
29.3125
27.879
15.7175
25.1917
15.8491
26.3152
23.7271
16.422
27.0255
27.665
25.9624
26.7105
24.492
28.604
27.8705
28.3414
30.421
20.7415
25.9082
29.9837
20.5253
33.0879
25.6924
21.442
25.3575
18.1049
20.7169
21.2703
27.6308
22.1232
30.6875
24.033
29.9543
29.8084
20.938
26.2237
25.3891
16.6019
25.9855
29.7892
25.0643
25.743
27.0231
22.3435
30.6533
24.023
23.6233
26.623
20.0066
31.3589
27.25
21.1814
28.5678
18.4465
14.8298
27.8297
13.7704
23.5022
25.7874
16.2195
15.0635
16.4697
24.3778
23.6967
28.8129
20.5311
29.9293
25.4687
26.3417
37.6832
26.5075
28.1564
19.696
27.0787
22.604
28.536
17.558
21.4412
20.5942
30.3631
16.5788
24.7046
23.3547
25.3634
16.4716
27.7738
20.925
23.36
14.9104
20.257
14.9132
25.9827
21.0265
16.39
25.9851
28.6148
25.354
23.1115
28.0594
21.326
21.2606
16.395
30.2706
26.8637
25.6123
16.3689
25.3959
26.4018
31.6345
23.4956
22.1151
28.3915
22.4578
30.2874
28.8682
29.7101
26.8846
20.7546
34.3579
29.632
22.3754
21.5986
22.5232
23.3748
32.29
27.7997
18.9242
29.9097
30.4205
30.0915
25.2007
24.3385
26.4569
28.3496
27.632
27.7959
31.7568
20.495
28.8819
26.1424
23.4558
26.9239
14.91
24.7333
33.1836
22.2535
23.6626
19.0087
29.1858
25.1628
27.6097
23.3763
24.4671
32.2137
13.1776
24.8079
12.9909
17.0466
12.3137
19.6476
15.2411
23.5046
17.8681
28.1572
17.2082
23.6368
21.2563
27.8378
15.4585
23.9176
20.9108
20.8487
28.088
19.4867
26.0823
29.3143
15.6097
30.4884
27.206
25.8811
25.5782
26.6258
16.1035
26.6578
28.4851
29.1748
23.9637
33.6434
18.8045
34.6976
33.2058
17.0322
18.5196
26.829
28.0464
23.5303
28.9517
19.2126
27.8511
31.2013
22.1278
23.5707
30.9558
28.515
30.1359
26.3302
21.9716
22.2924
15.4827
25.6626
18.4616
24.8238
25.6052
26.07
16.0625
21.6707
31.6343
25.6237
25.3162
28.0581
25.3353
29.2115
14.7582
23.2889
23.984
31.2187
30.4178
35.472
29.4393
25.8325
20.1551
29.9711
18.7812
27.8761
28.851
37.0831
22.5779
22.624
30.2489
24.8549
13.6095
28.1564
17.4059
25.4051
30.308
37.29
29.7147
29.0748
28.7762
27.5764
21.006
19.3872
15.9867
31.6677
19.918
19.4666
23.2611
32.1967
24.4675
29.7366
18.3413
23.4985
21.5494
21.6244
24.6868
20.7942
18.8228
24.6156
22.2949
30.344
27.6221
22.9317
29.9046
16.9092
27.3225
28.1052
23.745
30.9395
24.5741
20.8241
29.44
15.5947
33.5288
16.2524
27.3781
22.2129
24.6417
20.1384
25.2687
25.2587
24.0542
18.3862
27.0874
21.9598
31.7685
23.8466
20.9676
26.398
25.4503
20.0831
14.6888
20.1301
18.2872
25.8977
24.1104
25.0584
24.5802
24.8961
23.0728
31.5077
24.3021
19.5016
27.9566
18.6919
22.8602
20.9917
26.5868
22.8415
18.2966
26.5439
21.8427
28.1714
22.7077
27.0992
18.2584
28.8638
13.306
15.5047
14.5823
22.398
27.8664
25.5784
28.712
27.6047
30.0292
23.4875
30.2181
23.003
24.3605
24.2604
27.2096
18.7406
21.4429
31.6959
27.1979
16.8525
18.7958
25.3155
20.1784
29.1138
29.7843
33.3218
23.2037
23.8627
22.3416
28.1224
25.8164
23.0432
29.7781
23.9821
30.7217
32.0721
23.4847
17.4676
18.5361
21.4524
27.2791
26.4409
