31.049
19.2002
28.1546
24.545
21.7451
22.0128
20.5408
16.3871
28.8131
20.4265
31.3726
17.4356
26.6742
19.5573
27.5192
19.4011
28.428
12.9677
28.6002
21.407
23.6928
22.6294
22.4773
21.8935
24.6342
27.9743
25.9827
17.2897
25.9893
15.321
24.4136
22.6623
29.6877
21.441
16.8526
26.7182
23.9344
28.949
28.0235
20.6399
23.7411
24.9798
27.3264
30.0027
25.3373
19.0262
25.4923
14.5826
23.2608
23.1249
24.886
32.2728
25.7918
30.8235
25.2935
27.1564
40.6606
27.0705
27.29
27.466
28.4383
25.5509
25.8356
22.8836
30.8317
15.6946
13.9764
23.8074
21.3531
19.4122
28.2965
28.9659
26.8911
18.9756
25.9713
25.6327
30.6839
31.1011
18.0272
26.649
28.3994
25.9041
28.2494
20.8861
29.2868
31.4194
26.4229
22.2501
28.1857
25.3194
24.5222
23.5063
27.7214
22.6723
30.3521
28.6403
28.3006
27.6573
22.3377
24.3476
23.3177
30.1072
25.6618
24.5644
20.4958
21.612
26.7999
26.6162
29.0344
27.1149
17.0177
16.5641
26.0848
28.9818
25.5235
27.7452
17.3226
24.2653
28.0376
32.4851
25.6386
28.964
23.7138
32.8444
35.2972
27.426
23.1422
24.5568
33.5956
18.6569
27.611
26.3327
17.4399
15.7184
27.6832
18.357
26.5996
27.4083
19.3718
23.1269
25.7181
22.3578
25.9646
30.2746
26.5078
24.8038
30.2483
28.3728
29.4427
20.529
24.4935
24.2175
28.4131
17.9429
20.0049
19.3159
28.5179
29.2085
30.793
27.6207
22.5922
24.0558
30.8378
34.0087
28.9606
28.184
19.2407
31.5844
27.3566
24.8578
25.6252
26.9497
29.7361
33.3246
20.39
35.5253
30.9023
28.3831
31.0992
23.0108
29.3601
23.4866
30.3656
25.0266
29.6378
33.5628
19.2623
27.2071
18.861
32.2843
27.5664
29.0047
25.6927
21.1061
27.3277
25.6081
31.0572
26.9064
29.6601
18.8527
33.0355
24.2107
27.5735
22.2522
21.7292
33.7215
35.2952
29.5922
29.334
35.5777
27.5989
24.6756
28.2042
23.1358
23.5136
24.4345
22.1475
20.4822
28.9015
15.8118
25.177
22.9767
31.2432
18.7894
22.7645
26.3567
25.5556
20.9746
22.9969
31.1073
19.0257
22.3738
31.3318
21.4183
29.3637
25.8708
21.8709
28.935
28.3736
29.717
29.4983
22.4781
28.2948
30.7559
31.0528
30.9854
39.045
30.5156
37.2107
34.0325
31.7427
30.6066
26.0309
18.9413
18.3121
23.1883
22.0777
23.2606
28.651
29.9672
16.0984
24.4629
17.4879
14.222
25.1134
24.999
23.428
21.8001
25.0328
17.4568
24.1571
21.8868
23.0146
28.4661
19.9348
25.5339
22.1053
19.6956
25.8157
20.3653
18.6234
24.7724
23.73
20.7344
28.351
23.976
20.3617
24.7169
22.7992
24.8318
15.4259
19.8995
27.3589
19.9536
22.2874
18.1493
18.6309
16.207
22.5582
28.9258
21.8331
26.9193
13.8631
28.3275
25.7665
23.3944
26.8674
35.6777
23.1091
29.726
26.8761
31.7449
29.025
20.9588
28.4726
27.3755
31.6724
26.3549
28.2838
37.6068
25.3569
25.6661
23.5612
18.3214
24.023
24.0161
31.187
30.276
31.4292
34.4081
34.8649
20.8998
24.7707
29.8541
28.1464
29.2259
26.6961
26.2755
23.5102
29.1021
32.5454
22.6054
30.1433
21.633
18.2584
22.736
28.9723
25.1892
24.3915
27.9897
27.3891
29.7273
26.2932
29.0783
23.1711
30.2759
20.5334
15.7379
22.6152
25.9665
28.3306
24.6753
27.985
22.0777
27.3089
22.8708
25.5064
25.782
26.6638
18.8592
23.6885
28.2563
24.3415
23.2045
35.3813
36.2239
30.7805
17.5306
26.7643
33.5507
29.6542
27.7877
26.593
29.5935
24.5138
26.4666
19.5467
26.7924
29.2273
26.8365
26.0553
26.0648
15.8313
25.5631
19.0424
18.1758
19.8245
26.6258
29.6445
29.6468
30.9205
18.5381
29.4146
27.0948
18.8769
27.5821
36.9023
26.9023
27.2357
18.4029
27.1421
34.0749
27.5413
31.9483
24.34
33.4882
30.4367
31.2882
25.5953
24.75
26.1586
26.2981
24.3847
25.1181
25.3543
15.5107
27.8405
25.9712
18.4494
20.6149
24.2006
27.5921
26.2485
34.71
23.2946
34.7893
20.9441
37.1143
23.7016
24.4289
27.9064
29.5154
30.2132
22.1507
25.3893
23.4358
25.8819
32.9774
21.7671
26.8809
20.4095
21.0914
22.8623
15.4285
25.3026
32.338
16.2234
33.8519
25.1639
18.4192
20.1122
24.1762
32.5981
22.7683
38.1385
24.8892
26.9109
24.1794
19.5134
20.009
21.1552
14.5832
24.0121
17.4113
19.9781
16.308
29.4944
30.0463
23.9399
31.942
27.1064
27.6012
17.2422
28.7559
23.4188
35.0605
20.1147
19.046
28.9976
27.8663
26.1688
16.9021
24.1842
26.1419
27.7649
24.8315
28.455
29.6566
30.2747
26.5085
20.5154
20.3358
23.4753
30.3599
22.88
17.2654
31.7396
23.874
19.6524
20.65
25.4463
25.8998
17.879
23.4219
26.269
21.5099
17.2244
23.8051
26.1449
21.7742
21.42
14.8111
22.3499
29.6206
27.9571
24.7199
26.5754
29.2303
21.1697
24.1659
27.9139
19.066
29.0188
18.2165
30.781
25.6517
25.3768
19.8505
25.614
29.9774
28.7359
27.8323
18.1466
29.3066
27.0709
24.6979
25.1609
22.6225
18.0567
28.0278
33.992
27.8703
18.8798
27.5918
24.6777
27.0339
22.9478
17.5759
24.369
24.4824
29.5061
28.7446
26.4922
17.5847
29.9607
27.0825
20.4753
15.8062
21.4055
22.9321
20.2433
23.3701
20.2604
25.3742
24.071
14.8283
25.3696
21.9721
25.7789
27.2873
23.5403
22.4829
15.0219
17.0465
21.7854
23.5522
21.5708
15.2477
20.0925
11.6448
20.6863
20.887
21.3634
22.1357
25.2991
20.5843
28.5029
19.7811
22.6668
23.8969
22.3135
16.0033
24.365
24.9442
23.6309
22.9768
24.3017
27.341
19.741
27.7687
26.6167
23.6078
28.1897
31.9804
25.2151
23.2352
27.0808
28.6156
28.9257
24.8324
20.9714
20.9799
22.8065
26.3704
21.08
27.2817
31.0277
22.2771
25.9952
19.4674
29.3733
32.2072
28.6867
28.9313
27.8385
30.0426
19.0849
24.3591
22.7366
32.1751
12.1248
27.9996
15.4764
27.4889
14.4382
27.0347
23.4254
27.2378
13.6999
23.1373
24.0139
24.1967
26.7118
18.1641
23.6082
27.0308
27.2947
20.5836
24.516
23.3273
23.8967
26.4553
25.0979
30.1027
21.7974
23.0094
27.8034
27.7194
19.0829
26.8755
22.6261
18.813
27.0018
24.4531
27.2769
25.5321
28.5782
25.3013
25.8125
31.0855
20.7191
28.9557
26.1792
27.4279
25.1656
31.9562
22.7859
30.4781
17.5309
23.2859
18.9777
23.6988
29.0881
21.1567
27.4156
23.1955
30.4947
30.631
27.9592
29.5796
20.8634
30.6782
21.0816
33.2861
30.115
27.2424
15.9091
24.3724
22.504
26.7889
18.7032
23.5277
22.0064
23.2591
17.8161
25.0041
25.206
23.796
27.5572
27.0976
30.3463
32.1961
28.1283
30.9672
34.1053
22.4896
26.2746
31.2083
35.6274
24.0175
24.2596
32.2674
32.9915
22.8998
16.789
20.2424
28.7018
39.0974
30.5179
24.3371
30.3806
23.2212
19.1342
25.057
32.4632
23.8675
23.2646
22.274
25.392
29.6077
26.843
28.6861
24.117
20.1969
20.4606
23.4755
17.0803
25.8691
21.4789
21.8274
25.8371
28.0475
23.9778
29.7621
26.0398
27.1144
15.7726
15.338
34.0854
29.3036
27.6541
24.9797
23.607
36.4678
20.5422
25.0494
31.9292
28.9452
26.8594
23.2969
22.3947
23.3664
19.0804
24.5937
26.5067
28.1151
32.4239
14.2007
18.7006
18.6305
28.3399
30.613
23.266
28.8518
26.148
26.92
26.05
23.2419
21.691
24.5088
17.8817
23.0777
17.4756
25.4636
20.1979
25.5636
23.7845
31.9223
27.0979
28.4306
16.8845
27.0866
27.3176
26.4903
26.7452
26.4836
20.5636
22.61
20.8166
31.242
24.7232
27.658
41.4045
30.2387
26.315
26.8829
23.2763
25.3673
22.7759
23.8176
28.2316
31.4823
31.8153
32.4017
16.3851
31.9087
30.8605
24.7057
17.1158
22.3297
28.384
18.7434
19.3444
24.271
25.3504
29.9119
31.5731
34.3573
25.1568
31.5637
17.2502
24.0347
35.6086
20.5318
27.3586
24.3507
27.3925
29.6251
25.5262
30.3183
37.3028
28.0436
30.2242
35.2397
21.6442
34.457
25.5081
22.8901
31.0551
20.3962
35.1086
30.2837
39.0502
25.3276
26.0699
31.7493
22.3467
26.1684
28.1327
26.8596
19.0497
31.7603
32.4267
32.8231
26.3431
31.4431
22.247
26.7015
27.0043
22.3635
20.7438
26.7058
27.9326
27.9226
21.7896
22.8416
28.3313
25.5555
28.3785
28.2403
24.5812
25.9124
28.1241
24.8675
28.1696
31.6691
19.2743
28.3031
24.7921
33.9123
29.5784
24.0397
26.8312
31.4322
30.4949
24.4418
29.4924
32.7595
19.6933
23.9866
21.0242
29.7937
33.934
26.6596
22.2184
28.6593
26.8028
22.6751
25.6022
27.2729
25.7607
28.0265
29.9322
27.7013
23.6935
25.4726
25.7801
28.469
19.1809
16.9214
29.0831
25.6994
23.0813
23.6911
21.6039
25.8964
22.4753
22.7492
26.8163
27.8188
21.7629
25.6506
21.6581
21.9044
23.4146
24.5252
20.6372
28.0169
19.5212
20.1097
31.5335
28.3119
25.3022
23.7933
26.6623
20.5672
22.5181
25.8967
31.7057
19.6668
27.2493
28.7794
23.7302
21.7841
28.0753
29.6939
27.7945
26.4032
28.0547
27.0018
25.4501
21.272
21.3199
40.8858
30.3307
26.4616
28.5709
31.8173
18.2164
29.3918
30.2413
25.9579
29.8239
27.7017
31.8898
24.2482
33.4163
29.4146
19.7646
27.4204
28.5832
33.8102
24.8352
25.9981
24.3536
32.4713
28.1233
22.4281
17.0131
28.8189
23.5818
23.8734
25.3952
29.5875
21.9809
24.9287
17.2526
18.3808
26.6115
26.8409
26.8887
24.7748
22.2417
18.5092
23.5529
19.9295
25.0485
23.3501
17.2969
24.6415
24.3094
16.0525
24.1317
20.3264
25.1861
19.9731
28.2964
21.8782
25.9
25.8026
23.3916
21.2139
18.1844
33.8107
22.8919
25.2801
29.3256
21.7392
21.7004
23.2808
20.7577
22.9607
32.6077
16.7574
20.3191
30.6805
31.6921
29.0209
22.5756
24.3238
26.1101
30.2731
39.715
33.0477
21.1403
28.6959
23.7671
25.2531
29.6002
30.7805
29.9727
32.3767
26.9939
27.8692
40.4309
27.8356
16.0402
23.0161
22.2593
25.1573
17.6356
23.0843
21.0207
33.0648
30.0734
34.0599
26.6117
31.0136
22.9894
26.2333
25.1256
24.2277
15.9454
27.862
21.4456
32.0902
27.4837
19.0583
18.3437
20.6345
26.4881
27.5776
28.5359
24.3856
28.2018
36.3089
26.9588
33.9391
27.3204
26.2437
17.8042
30.1895
23.5226
31.6189
26.0392
22.4265
23.0873
25.2622
16.7788
24.8991
15.1033
17.8352
20.5171
21.9395
22.7043
18.7152
23.7624
26.5843
24.5095
24.0853
25.3817
15.3144
19.0729
30.7473
19.8769
30.9827
17.6241
26.4653
18.1372
19.2196
24.5276
23.5476
22.2146
29.8069
23.6244
29.3981
21.0037
22.5445
27.5759
27.9855
26.3157
19.5424
33.2898
32.484
29.4211
21.3344
27.7931
29.4856
23.601
23.4851
24.1964
15.5746
26.2976
20.4618
22.4419
24.2319
12.3835
28.715
25.9273
20.9568
21.7105
23.2173
24.4696
26.8588
31.0112
22.9625
24.1011
18.1721
22.8156
27.4253
28.3397
26.5194
14.6869
28.1128
16.837
23.2673
25.984
27.2452
22.9623
29.2514
16.0337
27.5281
18.9392
18.4634
19.3288
20.2227
26.5779
26.4279
22.3342
26.1595
21.2665
20.3945
23.4078
26.3618
24.8429
23.4422
31.1289
30.0948
19.9
30.0502
29.7359
20.8018
31.4124
23.0436
29.7946
32.542
30.5833
29.4287
26.8653
31.0851
27.0693
28.7652
20.0506
23.4522
17.3039
24.5552
24.3691
17.8246
23.4604
22.7688
34.1704
28.2236
31.8476
22.1675
20.2703
29.0387
29.1728
25.1885
21.8306
19.0205
31.4091
27.7021
28.339
30.2967
30.5512
24.6221
26.1137
19.4314
32.7047
32.5251
23.5774
28.2835
23.2132
33.3333
16.8954
26.2201
24.8324
18.2331
28.3576
20.1508
21.5661
26.3223
25.472
21.2022
25.7023
23.0916
21.9527
22.5057
25.9801
21.3008
26.9788
20.9067
23.2226
24.6137
21.4966
31.0006
16.9941
19.9993
20.8654
22.8996
28.3392
32.0962
24.4294
27.2476
36.1223
33.1192
25.419
20.7645
31.5206
28.7033
25.5901
28.0457
19.033
28.9975
30.8257
34.8362
30.333
14.447
28.6525
31.8171
18.8266
21.1134
30.5127
18.677
32.3666
24.7225
24.6133
29.3286
28.4107
26.6597
28.5784
19.3234
26.4984
29.532
24.0317
23.6767
30.6131
28.9067
27.9852
20.8829
27.4205
17.6308
25.6261
32.9458
22.8158
33.4585
27.2643
18.9608
31.6347
23.7691
32.1057
24.2029
24.2068
21.8689
31.3676
14.4772
21.4524
31.5982
33.9509
21.4514
34.164
34.1535
27.4059
36.3513
34.9238
30.0463
28.0496
36.6139
33.5517
28.4833
31.815
29.3807
26.4873
16.3972
24.1129
31.4646
23.7022
31.7105
18.3999
28.8421
24.0695
38.3536
20.1393
26.7183
20.55
29.3516
23.7071
19.2243
33.1687
30.1398
19.375
30.5622
30.453
27.8798
28.901
34.6188
33.0911
26.1974
31.2556
40.1042
19.8798
29.2101
33.9637
25.2333
33.1163
24.7473
29.656
20.9112
33.1167
32.9471
23.8354
23.8637
25.8586
23.4694
31.2257
25.6754
23.4321
30.847
38.488
26.8536
31.4296
23.5851
27.1959
23.6049
35.9646
32.1138
26.8002
17.299
24.8752
22.7703
25.7063
23.0927
17.8415
34.7956
25.2455
24.5671
24.3819
21.2435
26.0596
25.222
28.2745
23.5258
27.3128
23.318
33.1533
27.1792
28.7578
18.2125
24.3766
30.8088
29.2864
24.1162
28.7542
22.2616
22.6194
25.5534
27.1278
33.8801
24.3085
27.8259
23.3399
23.3183
25.8981
29.3554
24.7802
23.9078
22.4503
29.1587
34.6447
26.6303
15.1878
14.5129
27.5022
24.4843
22.812
28.1134
28.8242
26.0368
26.8605
29.5769
31.1662
20.4892
28.2022
21.1568
25.455
18.1462
14.153
16.8277
15.4455
24.5258
24.9547
24.0664
22.8609
22.1831
25.2295
26.8299
27.0898
24.3256
27.8339
17.9252
31.5548
22.9727
19.4699
35.4866
27.6211
20.509
31.306
22.6521
31.1134
30.7789
26.1397
19.9899
25.4758
32.6871
24.1678
26.4961
27.5659
26.8942
21.6092
36.7971
31.4724
25.2158
33.3844
25.1044
33.9676
36.1802
28.2641
29.4477
20.8461
23.9374
23.8462
29.1151
24.2486
23.8197
18.6412
21.8544
30.5507
15.6342
16.1704
15.8985
27.8378
23.0625
19.2088
23.8522
28.2643
22.8748
29.5344
34.8683
22.8651
16.0772
28.5658
29.1555
24.5794
24.0811
30.3973
21.289
23.1737
29.244
23.0306
27.4918
30.5396
26.471
31.299
22.2951
18.4014
17.6989
29.0046
24.9909
24.6999
27.7236
29.1658
25.6984
22.3469
24.5652
19.0773
23.2002
31.785
26.7181
25.7871
20.508
27.5941
28.8276
32.7241
30.3404
20.6399
21.7749
29.2207
23.8125
17.676
22.5974
22.8577
21.5366
15.0026
32.5316
20.9207
19.9892
20.6068
20.2984
36.3379
31.904
24.2249
23.5012
21.9368
29.7781
23.2102
21.5174
28.2191
30.1245
28.6326
26.9859
17.9379
27.419
24.5958
16.5178
27.3774
29.8117
16.4527
18.1512
17.7226
27.1991
23.8057
23.6318
13.905
25.4948
23.39
17.8619
26.5438
22.5371
21.1718
23.7342
20.4519
24.8096
14.0586
23.3661
23.8
24.249
17.6532
19.7331
15.9027
24.5337
17.0974
21.5779
32.44
22.8291
21.466
25.9446
26.8931
22.9804
19.7971
24.5097
28.6977
23.8924
26.0527
21.256
24.3072
18.3197
25.4066
21.0766
23.3612
28.6133
28.9217
29.2264
28.7881
30.1567
27.2579
30.5717
17.954
22.6306
28.4681
23.2317
26.8813
25.0906
27.1162
23.5853
18.9327
24.978
22.3243
24.4866
25.689
22.0265
24.7302
28.6455
22.9693
19.3414
25.721
21.4498
27.024
19.6759
21.0816
17.5708
31.7499
27.9394
22.5361
28.0344
27.9748
19.6262
20.4232
23.2998
26.1296
32.2631
18.6172
26.3243
24.4661
30.0034
28.9433
24.7188
30.9627
19.8734
18.9215
28.2233
24.1608
18.176
21.5303
25.9585
16.9378
25.8862
29.3326
30.11
19.8438
23.4809
19.0464
20.7948
25.8941
23.7943
28.2639
26.4916
25.3033
27.0473
25.7581
20.0787
15.7326
27.736
26.8098
23.8283
28.4323
27.9541
26.7111
27.2604
25.196
15.912
23.1785
18.7722
19.5687
26.2992
20.6766
28.2506
26.7358
34.6171
30.0471
17.2476
26.2263
23.6974
27.522
17.3894
27.6527
24.7383
33.0708
27.919
29.955
32.1045
32.2074
18.7373
30.9694
21.7975
18.693
15.0446
29.7431
24.6999
13.98
22.3322
16.5906
27.9486
23.101
27.2062
23.5474
27.4821
26.3833
26.8082
32.1073
20.9962
20.7212
26.7707
30.123
22.6753
22.3964
29.3076
26.4344
34.3196
28.758
22.4103
29.3822
31.5489
31.2953
16.6481
20.6455
24.4376
24.9457
30.8589
27.3702
21.3309
15.042
21.6896
23.1358
19.9242
21.7575
24.1846
25.0201
26.0108
20.5351
22.7981
26.2092
24.5818
28.0356
30.3335
20.8601
24.1761
28.5634
15.1947
26.9076
20.0289
16.952
16.2418
25.8666
27.0066
35.5579
24.2547
19.2584
27.8284
13.5316
19.865
24.2169
26.0978
22.0121
23.5345
31.1309
26.9163
27.6489
27.9828
28.2376
27.1332
32.0821
29.8484
36.9198
25.4897
29.3148
39.4722
37.7386
23.1723
27.855
28.4831
25.1087
17.6985
27.6202
21.9919
18.0181
21.7339
29.1927
26.8701
14.7154
20.0089
14.7826
25.1254
22.8657
21.8912
23.3027
26.0517
27.1824
28.5193
20.31
27.8299
19.7482
15.524
23.6481
18.8106
25.9333
27.7516
21.5352
24.361
27.0201
33.8521
26.5409
14.9508
28.691
26.178
19.2094
20.133
16.8372
22.7427
24.1096
25.5937
21.4045
21.8089
28.5063
28.5795
28.9234
25.8549
19.0999
14.8855
29.1663
19.5475
29.1334
16.9398
23.479
18.2007
23.4446
18.2761
30.7523
26.8579
33.7329
26.7456
20.3194
16.8734
20.9906
18.5145
29.4719
15.844
16.9672
19.1077
26.3875
19.2767
28.3175
28.0388
31.0425
29.1235
23.0893
14.8948
21.3036
28.5443
31.4498
31.4013
31.1326
26.363
26.4104
17.6013
20.0699
24.9707
26.4404
29.5956
26.2018
23.2322
26.6761
28.5929
23.0476
26.6511
28.1358
22.5666
23.9376
