29.5996
32.293
20.1211
25.0303
27.3943
21.5095
24.5162
26.3379
26.5189
22.944
26.6564
22.2657
27.6121
21.4171
30.2454
27.8042
24.2718
28.5988
25.8058
24.8243
32.5583
20.9468
36.0178
26.7484
34.9585
20.2112
33.4044
16.0481
22.1777
19.9302
25.2954
27.3724
22.5919
26.8805
34.3265
28.1534
30.0342
20.2265
31.6503
25.4676
31.618
24.0106
27.9541
27.3425
33.8572
26.0114
33.2295
19.1613
16.8325
24.7338
34.0952
21.9936
20.7738
28.7874
29.8149
25.8691
26.531
22.3893
26.1079
25.6568
17.9698
28.0318
23.9419
23.3609
28.9826
22.3187
32.2172
20.9668
22.2165
28.2644
17.2094
22.8149
28.0632
25.4772
27.0376
25.4238
20.1311
28.5082
22.2429
25.4071
27.3012
18.4011
26.1716
17.2977
20.7307
26.6629
29.4725
29.8595
25.9415
26.1189
28.5037
24.1247
28.3284
32.8239
29.4675
21.3686
29.1603
24.0859
32.3941
29.2655
22.4547
24.1478
28.882
22.0131
26.5043
25.7875
25.967
22.7389
16.5905
24.4866
21.3772
24.4207
17.9668
20.0043
27.1344
24.6568
26.9543
20.0527
21.9144
19.7723
32.6846
25.5822
28.8531
26.224
25.1959
29.3095
20.9219
26.2846
29.5339
26.1868
21.9848
21.8031
24.8207
21.0274
32.1444
26.0547
22.4302
23.878
26.5052
18.0501
31.09
27.14
28.8216
23.6187
28.3382
18.6658
32.4838
31.2262
39.7529
24.9091
24.5762
25.5615
23.9315
21.2087
21.1516
29.674
30.1852
23.3629
16.5057
27.2636
25.2421
23.3773
27.9122
17.1059
27.5288
17.4332
28.6306
18.4652
27.3706
28.7634
17.6195
24.1383
28.3385
28.8118
30.466
25.2618
28.971
25.4609
25.4439
13.2038
31.6649
30.9885
28.1231
21.0153
15.2481
15.2124
26.0454
38.2975
28.5222
24.2981
28.8821
27.3199
34.2904
28.6463
31.8849
35.266
32.3154
25.5909
26.8178
30.8461
31.6901
20.169
29.7296
26.9191
29.1197
21.0719
24.0161
17.5778
26.5661
21.401
24.7774
26.4378
29.37
25.7972
25.9549
23.3387
28.7125
18.9141
30.3674
29.4944
27.4765
25.7612
20.6096
18.3943
27.2503
25.2736
28.1699
20.8723
27.805
27.3262
19.5432
27.1945
18.5476
29.5179
22.7216
28.1536
28.3483
32.3179
31.2408
20.4102
30.0756
28.2168
34.2769
32.2818
33.2098
25.5262
23.8725
30.1193
26.6637
28.2216
34.6563
28.0755
25.7393
16.9422
15.3405
17.4132
24.7987
24.9598
14.8277
18.3748
24.2774
21.7092
21.6189
14.1807
26.5392
28.8033
27.3403
24.399
33.2965
29.8976
19.9228
25.2399
25.9364
30.1229
19.5149
20.4902
22.0992
23.8061
27.7631
30.0844
30.555
29.0773
29.3732
30.6478
27.1322
34.3902
26.8729
16.3689
28.3804
27.8487
25.7343
20.8471
23.2564
21.4154
29.183
28.211
28.4659
29.0566
29.0555
28.2026
30.1403
25.1365
25.7789
27.6151
33.0952
26.2305
36.219
23.9328
32.5587
34.2363
28.5147
27.3092
19.2356
30.8426
26.5762
31.0932
20.2787
31.8826
32.8972
19.374
14.8449
20.5014
24.1644
28.3554
25.584
19.3194
24.0792
14.5725
35.8454
24.465
29.053
25.2004
29.0434
35.0979
27.0902
22.8815
27.8597
28.8014
37.537
30.2397
24.6605
19.2286
33.2074
25.8078
25.2635
31.7503
29.2464
26.0171
30.1282
26.8919
36.1687
23.1119
25.9735
23.3866
24.1843
22.0925
29.8704
29.1607
15.4006
22.385
25.7474
25.5813
31.5567
25.6032
26.1144
27.4922
31.2328
14.8871
24.6714
21.8114
26.1348
27.7192
30.0897
22.076
29.9116
32.123
35.4245
34.0293
33.9662
35.7294
26.2914
23.0139
28.5059
26.5362
28.3866
31.1958
30.4578
33.6519
23.9794
29.8672
29.8849
30.3128
15.2146
23.076
23.4526
26.7659
22.4052
24.0197
23.794
21.2868
30.6625
23.6113
14.423
26.2947
16.2306
20.3091
17.4101
27.0095
30.3027
16.4679
28.6057
20.0353
15.9401
28.5327
29.8886
28.4864
27.9049
21.1919
15.8109
22.642
33.1919
17.9034
25.3636
24.6935
23.9519
15.0412
19.6027
25.9324
23.0669
29.1318
24.0838
25.4527
16.0557
17.076
25.9644
25.2943
25.8513
26.3356
28.05
29.1505
23.5591
28.0205
21.8298
26.3495
18.1711
15.234
18.2472
30.3475
29.0547
27.0013
23.3085
22.6056
16.7235
18.2648
19.9194
22.2916
23.101
15.0306
15.9495
22.2918
24.6561
23.2771
25.4252
24.0973
29.6657
28.5195
26.3959
16.5017
22.4804
15.7224
19.5355
19.1067
22.113
30.0597
28.5349
28.7272
25.8484
28.5415
26.6218
26.6907
27.6824
26.839
34.8146
27.7173
31.5238
26.1642
20.0906
35.7716
23.6579
37.9522
23.7494
21.5905
23.4328
26.5623
26.6655
25.9995
24.2706
24.9199
19.8737
21.3732
29.5267
26.6306
14.6934
29.4382
26.5652
25.4387
20.6598
27.3493
28.6574
26.471
34.0137
21.6873
29.7273
20.8727
24.7977
21.2053
26.1902
24.9484
24.2354
22.2274
29.2872
23.2632
30.0274
25.4594
29.445
28.6852
27.9544
30.5919
26.1556
35.098
37.5936
26.0412
21.1025
25.0873
28.3373
31.0955
27.7738
23.1095
19.959
26.5259
26.0298
24.7275
16.6897
21.9692
26.0586
19.1494
30.5307
34.3277
28.3269
30.1043
27.1405
15.8498
28.9304
24.5002
25.3677
26.562
23.801
24.5206
15.9758
12.8762
19.0492
12.6094
17.4129
24.212
27.0648
29.8476
26.2802
17.079
16.8537
21.7996
23.6763
26.3872
16.2478
27.8842
25.8118
34.7913
31.7734
35.3583
28.2278
28.7965
28.6293
22.8947
22.1727
30.9452
30.0672
29.1393
26.3549
31.0674
28.8774
24.8668
23.971
18.8413
23.8992
22.9417
16.1043
24.4941
29.8821
26.5652
31.8528
21.8455
23.0686
26.1297
27.5002
25.2606
23.6111
18.5619
25.1809
16.0926
26.6213
24.6678
25.9181
20.4223
23.1337
19.6869
25.9204
24.4596
27.8089
18.6563
23.0023
26.0423
17.1653
24.0413
26.4707
23.025
16.222
27.8148
20.548
22.0195
21.5596
24.6951
24.9116
20.0632
26.3517
28.3838
24.6327
15.0403
27.6062
17.793
25.9729
30.0218
32.7267
18.8672
25.6485
23.0943
22.2537
15.4494
21.9121
27.8481
27.0087
21.2129
30.4312
23.2178
22.4528
14.291
30.9151
25.7649
18.0093
16.4265
23.2323
26.0145
22.3434
25.3677
17.4922
22.5848
27.5165
28.9255
14.658
30.6087
16.1103
22.8379
26.0203
20.7834
25.7986
30.8981
25.4209
17.0271
20.8415
16.371
25.7846
27.4098
27.0248
28.7672
16.7641
18.6067
15.042
28.3206
29.948
24.052
37.0904
30.9397
29.7906
29.1983
33.9385
23.7201
28.0471
28.2242
32.1563
24.5783
33.3928
31.7054
37.3127
28.2573
28.3762
24.8649
28.5005
19.361
16.9969
35.3629
28.1717
28.7955
39.4151
20.9459
28.3129
30.1133
24.3772
16.414
35.1872
29.4552
26.5728
26.3963
27.5606
26.4546
31.3761
25.0746
38.4736
35.4627
27.0265
27.0679
26.5517
28.8346
25.6877
23.3437
21.8045
34.3204
25.0863
24.8157
22.6433
38.6678
19.2517
20.5134
30.3298
26.9576
21.5405
23.4045
21.2792
32.4432
24.1628
24.5355
27.5747
28.4044
22.4597
23.7828
15.8292
27.3686
26.5916
21.574
20.0908
23.1452
24.1841
28.2525
25.3441
25.8505
18.9252
14.8352
25.1783
24.4284
25.3381
16.0405
24.6213
14.95
20.0954
25.6345
27.2174
19.3621
27.0873
20.3046
22.3796
22.0209
27.2141
20.9929
26.1047
18.2815
23.7555
20.3263
33.6445
28.0746
20.7003
27.7387
28.2249
27.2202
23.3682
18.0433
17.9186
20.7129
24.0013
13.9503
28.3297
18.6003
23.7355
19.9107
28.089
24.7761
26.3368
24.7903
20.7015
24.514
23.7552
22.1526
27.1892
31.5531
31.3739
28.4126
26.9802
25.4526
18.2541
21.5897
21.2367
23.8244
23.4243
19.7737
23.5306
13.7705
24.7366
14.6319
24.5571
12.1055
22.8365
20.4021
24.8525
21.2724
17.2284
17.1838
20.6115
25.1607
22.6451
31.424
22.0141
22.389
20.0673
15.7861
21.6295
24.1594
23.6937
20.5707
19.054
15.1751
13.4855
21.5375
25.1027
20.1166
29.0202
21.6777
19.4797
21.5549
20.7314
20.3579
24.9657
16.2892
23.8325
19.2258
12.5509
23.3764
13.673
17.6938
22.0363
23.1489
27.3042
27.6038
31.6077
31.1851
26.5949
32.3569
24.7986
28.5484
23.8644
36.6367
21.6501
27.1784
18.9403
28.0432
14.3682
19.3399
44.0758
12.5907
21.6214
25.6886
27.4756
29.4214
21.043
20.6356
25.1214
28.4699
24.3744
25.892
23.1189
24.5103
25.3131
25.6172
27.0486
25.8885
23.1715
16.7003
23.7768
25.6822
16.018
20.5482
26.7996
16.37
22.4092
20.9536
23.2572
21.541
19.5127
25.7739
17.5524
15.6942
28.0021
18.637
32.7563
18.0401
27.1385
24.8994
31.5603
16.5369
25.2737
20.6721
21.5181
24.7059
26.6727
29.5604
33.2505
29.9265
24.2601
21.795
27.6807
27.6467
33.6948
31.2909
20.5053
32.2876
32.0799
30.5513
21.2059
38.3636
29.0956
23.557
26.3213
24.53
28.4097
32.9917
17.0437
25.3113
24.0327
11.4915
17.4216
17.1792
16.4503
14.7787
21.3306
26.0501
24.9459
24.139
22.073
26.3876
23.6822
20.9897
24.9121
22.7035
26.6152
31.3129
24.3632
23.5988
22.7052
28.1128
25.9581
24.7756
28.1439
22.5751
32.8762
29.568
29.4389
41.229
29.522
38.4072
30.8008
30.3791
23.5619
32.5491
17.8789
29.4164
28.5323
33.0492
25.1532
23.1559
25.9168
39.0028
26.1069
29.7719
31.1518
23.8475
30.6986
26.6394
26.071
26.0506
26.3247
24.288
25.8347
21.2454
16.404
31.1756
29.0917
20.2398
27.2923
33.4621
30.7831
30.8467
29.4396
22.5664
32.7554
30.6524
30.2461
18.9862
26.9922
28.7794
30.1315
22.9543
29.7477
34.1302
27.1771
21.658
34.211
31.1389
28.0412
21.4417
34.7425
26.9894
31.136
30.8965
32.1009
21.2375
29.1483
20.8284
30.1403
25.0111
32.5585
37.9598
30.6175
35.6927
48.4422
42.8111
28.6665
25.5237
46.8011
45.2928
36.4374
32.3792
37.0896
39.6147
34.8257
34.6283
36.4159
32.7142
26.4049
27.3903
35.1562
31.0934
23.789
23.7794
32.9098
24.1312
24.4386
35.2634
31.721
27.064
30.4992
20.9684
38.4557
30.6144
29.479
29.722
31.4286
28.22
36.0206
40.317
31.7216
32.0828
49.1951
27.6847
26.548
28.2513
23.7769
23.3363
39.6008
20.9062
24.7335
26.8191
22.5041
26.7979
35.931
27.4538
28.3836
32.23
34.8312
32.1908
25.3755
21.2143
20.3682
29.7677
32.2735
24.0915
30.1561
23.0652
22.0638
23.5532
27.4452
17.9773
28.7768
20.9376
28.4678
30.2684
25.1841
21.3504
28.1636
17.5644
26.3201
20.4648
19.0414
34.3463
17.719
17.406
27.0219
24.3321
23.8884
20.967
31.2691
29.9481
31.4034
17.9284
20.131
27.6052
18.9058
17.0496
23.2476
25.5893
24.4745
16.8792
21.3854
19.375
25.9365
25.2206
36.0027
34.4137
24.436
20.914
26.7121
27.6776
34.235
29.6407
32.7333
30.4668
24.9193
26.114
32.0079
32.067
22.0649
33.9519
33.7146
27.9882
34.52
29.4986
24.4852
32.0859
31.3956
32.4115
37.1339
32.0226
27.1016
25.51
35.0505
26.5153
40.658
32.5548
34.2452
24.456
32.2419
39.9602
36.1805
29.4251
32.676
21.4511
37.8546
26.3621
31.6712
31.8508
29.1915
32.0012
37.0607
34.3421
25.8987
28.1885
35.8004
32.4007
36.8062
30.7697
37.5977
20.2258
40.3444
29.8049
29.7199
34.4811
25.5159
28.3065
23.984
26.073
34.3257
33.617
26.244
32.5719
27.1598
28.1788
38.0893
23.8059
27.5337
28.1305
23.6429
29.4605
37.4183
30.9975
32.7408
25.6646
28.1721
36.6408
24.7254
20.8167
35.5253
24.4602
27.6319
34.9952
41.8085
43.3095
39.3581
24.4722
19.5582
31.97
38.1628
43.6515
40.8241
23.9517
27.667
37.7569
36.9551
21.2305
31.1504
34.4031
34.9563
35.7327
34.0602
24.0371
33.3079
24.9085
34.3805
20.6363
29.462
34.5103
29.2678
21.3673
32.9777
34.866
34.4315
20.4196
31.5423
30.4022
38.6802
33.438
30.7369
23.3532
26.0277
30.7192
28.8238
26.8266
26.1549
32.9265
24.931
43.964
29.5314
25.6781
22.2457
21.1889
36.2047
24.5481
33.767
24.361
21.8187
23.0694
24.9379
31.8553
33.4585
30.0024
30.9839
24.488
34.6031
36.2747
20.7997
25.5531
29.8697
19.2396
34.6484
29.8868
31.2742
18.7248
30.2503
29.8533
38.004
25.0861
19.6168
32.7126
35.8924
18.6446
29.555
27.2134
26.0617
24.4194
25.7289
28.0357
33.5154
40.7307
26.2265
23.2457
31.7621
24.0836
25.0142
30.178
35.6141
23.3831
32.9365
27.032
31.1082
22.6969
39.5598
30.8738
27.644
20.7187
23.773
22.8119
37.1518
34.1823
24.1245
28.5361
29.8318
22.8177
37.3112
29.6463
29.0178
22.4316
29.05
18.054
22.2996
27.965
25.2515
18.4743
32.3894
27.6382
18.9439
24.0396
32
21.0728
32.5779
34.032
31.9384
27.4533
28.232
20.6703
24.8726
27.7802
24.8269
32.6607
26.1348
34.3827
31.0473
33.5685
33.8675
27.5798
27.4644
26.6756
27.9897
33.0222
31.5977
24.1584
38.236
23.7296
21.6296
29.1716
31.3712
19.9739
44.6672
29.2308
22.7423
31.0992
34.0375
27.2471
35.1049
19.3412
16.2374
22.9075
27.1528
25.6394
18.4616
17.4034
32.4121
32.9455
23.1118
26.9517
25.8165
25.5134
29.0108
24.4588
32.739
32.0292
23.4067
23.0424
16.3598
33.4957
19.0013
23.228
30.6692
23.4932
24.6243
35.4425
27.9452
29.8382
27.1896
29.3817
27.8778
33.7024
31.8477
32.1536
24.3401
34.6271
29.4236
32.5201
27.8608
20.2526
32.1206
21.8849
32.1314
30.7919
30.7539
19.6899
29.1024
31.1812
34.4325
17.5284
23.4652
26.6586
35.8498
18.9052
28.708
23.3439
18.657
31.9611
25.7533
26.3033
26.1086
28.8456
31.2062
35.5379
27.9364
31.0912
27.237
34.1586
31.5347
31.5441
27.7262
30.1384
30.6553
33.4038
33.3466
27.8971
25.8365
25.1743
29.0675
28.0607
27.7263
30.8096
25.0028
38.1871
28.8545
32.4358
34.6151
25.25
21.827
22.632
28.7058
14.9842
28.7402
28.2621
23.6057
31.0832
28.4559
38.9358
32.0831
24.9604
30.8465
38.176
24.0118
19.1275
16.961
22.9414
17.4838
17.1813
24.9431
19.8777
26.9463
24.864
30.8608
26.9158
28.4167
32.6744
21.7607
32.7262
29.6303
25.8433
22.5939
34.5429
17.1611
21.9396
29.9749
22.3119
28.0692
21.255
30.4704
32.962
24.7697
33.0888
36.0961
25.1172
26.097
30.7355
28.514
25.727
24.0912
19.054
24.7002
28.6745
26.8871
25.8356
29.8823
30.3784
24.9813
29.1565
28.4101
22.1419
15.7503
26.6997
13.2681
30.0947
28.9209
14.9376
27.5197
15.9298
23.1908
19.6656
28.9717
22.5738
26.6544
37.579
30.5442
22.9361
26.1125
26.3106
19.1663
20.2751
33.0629
34.4283
27.0095
25.5491
24.6027
27.4856
21.7572
26.3819
30.8004
29.9057
37.4659
25.061
27.9382
28.8624
25.1185
20.2125
32.7966
24.8857
33.5367
37.2525
29.2655
31.2017
19.4813
28.2452
28.778
32.3771
19.3625
27.4864
33.2801
14.545
18.6839
31.1183
22.6699
24.0431
20.1404
27.8497
21.3268
20.7095
29.0748
15.4777
26.7154
30.624
27.317
19.7895
23.9604
28.2012
30.6536
32.1177
25.6794
26.0618
17.3153
21.1789
23.0236
17.8051
23.4335
29.1056
25.0861
21.4446
27.3413
31.714
23.7267
26.7292
19.4821
21.7512
22.5839
26.9533
28.8051
23.7898
22.9049
28.3493
27.4777
34.1012
20.0661
34.9869
18.4351
33.2408
18.0837
29.8611
26.2152
26.013
34.1675
17.7727
17.207
16.2013
28.615
16.9943
17.1116
27.8491
22.9516
21.7171
19.3738
18.2903
23.1309
22.7786
21.2543
26.0906
34.8844
30.9772
24.4489
18.9472
21.6297
38.2438
28.4048
29.7394
29.6613
29.1588
25.4013
28.9421
34.3472
23.0694
32.988
32.1657
30.1217
26.4986
31.4332
30.0442
31.4477
21.2426
25.3786
24.1909
32.277
30.0572
35.656
21.2875
27.6467
30.575
33.2097
25.6455
32.8314
25.0391
38.667
18.9648
21.2943
23.9615
17.1003
15.6954
25.9588
23.0437
27.39
25.1031
27.2087
23.1628
21.63
18.6267
14.3982
26.7214
25.1109
27.6642
17.1746
28.7392
16.812
29.3447
28.4455
18.8951
20.8835
26.048
31.8758
20.2413
32.0237
15.712
32.7229
16.2692
31.6575
14.3762
27.4803
23.0242
19.4271
21.5765
22.8833
17.5283
23.8857
20.0269
24.7559
29.4703
20.3457
27.2089
28.6159
24.7369
32.6961
24.6784
30.0264
20.1106
25.0405
27.2206
25.4064
18.0775
23.2574
16.7341
26.013
19.114
28.8554
17.3157
27.6479
32.445
26.2345
17.7362
35.0658
26.7316
26.2187
31.7108
28.9218
30.1464
25.8205
26.7465
25.8373
30.3402
14.9642
35.0036
30.8957
22.173
36.0227
33.0196
28.2342
27.512
28.2299
29.106
24.2112
27.2167
20.6608
35.8817
30.1777
20.488
27.4196
30.0465
31.4651
23.4378
21.5337
24.6549
26.1173
25.3937
25.3641
27.4867
19.1327
18.0647
28.1167
16.7075
25.5718
14.9059
35.0751
19.1253
22.701
16.4761
16.8057
17.862
25.3967
20.2336
23.2616
23.347
19.6502
23.9828
25.9698
15.3915
20.2448
18.3593
26.7853
28.6912
26.5694
19.7898
27.0717
28.8683
31.6952
27.3116
23.3037
33.9615
27.8726
32.5474
22.4916
23.639
19.284
27.7918
19.5032
25.4308
34.0206
34.2727
32.819
31.4063
37.7472
29.5975
35.0067
25.8089
19.3289
31.59
28.9108
26.9156
17.1381
31.1954
20.977
24.3631
32.898
24.1328
25.5991
28.3256
38.371
24.9984
32.2952
34.1277
22.5794
28.2636
28.7751
28.2367
36.7239
28.9566
22.8741
33.2192
25.6495
27.8566
28.3202
27.6818
34.4613
40.9195
32.3232
29.7322
16.5508
18.8083
17.5287
35.5942
34.4785
34.1011
30.8797
29.044
30.5497
20.3559
30.3516
26.5079
30.9265
24.6961
31.8338
28.69
33.165
27.6974
28.8994
23.1004
36.7678
26.8278
30.6317
36.258
25.4172
28.0755
30.5722
19.5398
35.6809
35.7932
28.9181
20.1238
28.4296
25.9842
26.0539
17.057
21.8863
17.7183
26.1717
18.5823
25.3331
30.0878
26.2812
23.4619
23.4981
29.6364
26.0347
20.2686
35.6574
31.3963
31.2292
24.5051
26.3524
24.7317
25.9589
16.3504
27.046
35.8304
22.8876
25.9023
26.003
15.2928
30.0157
32.1336
26.434
20.5723
33.2851
22.3358
30.97
16.5675
26.9529
22.1685
28.48
28.6989
39.5959
21.7616
28.669
27.0383
26.5158
27.1102
20.4701
30.3505
23.0897
27.3733
30.6131
27.825
30.7495
32.2274
25.8296
24.1759
34.1374
21.1494
24.2217
27.539
29.889
27.4559
23.7505
29.4289
28.073
31.9737
23.1535
25.5141
30.163
27.7775
34.5025
17.3647
28.228
30.5395
30.2883
20.6988
28.6489
34.0206
32.5236
40.7849
35.1018
34.2786
33.9702
45.5692
25.7992
32.4459
36.6297
28.9058
30.3762
28.8932
40.3857
23.7152
39.9484
25.0017
25.1457
27.0291
27.8259
22.0998
32.2225
23.7679
30.2056
22.7672
28.2611
28.4511
28.0816
34.895
28.8174
35.3663
27.4189
37.9418
35.1396
29.269
27.1285
28.899
31.0172
28.898
24.0289
28.6658
27.8893
23.5961
38.7651
37.8314
28.8864
35.2383
30.1138
36.4264
23.1252
27.2821
23.9753
42.6024
35.0525
45.4317
39.7845
32.3745
32.8914
33.9305
21.6218
19.1857
27.4091
24.5821
33.8753
22.6422
22.283
25.0771
27.3087
25.992
28.486
28.9892
31.2188
34.5597
34.1759
21.847
26.1032
27.3315
31.1746
25.6042
29.6204
34.8613
30.2759
35.0016
23.8668
21.4247
39.1126
23.2973
33.5546
25.5702
29.0423
23.5416
31.3568
25.5819
33.1271
21.1273
27.2447
18.403
35.3507
19.6474
29.5604
30.8343
28.8278
22.6083
30.5588
26.821
32.1685
28.3099
31.3396
16.5659
30.5537
22.8556
29.9768
29.7943
34.0195
27.5635
36.4007
28.452
35.9351
25.7403
30.7762
34.9863
31.951
39.2624
23.1242
21.9983
30.6356
19.0004
23.6152
29.5846
17.0107
19.6783
27.0217
20.7039
24.2756
29.3623
22.4797
21.341
28.1645
34.8544
23.1149
36.8375
31.2366
30.7524
19.2209
26.3891
18.693
30.5384
20.0036
25.0488
30.0604
26.3909
31.7109
27.1118
30.0773
32.0627
32.272
18.8021
31.6989
28.9188
26.1775
24.8387
30.9327
18.0357
22.3362
21.7869
32.1331
19.4864
16.3879
26.4843
21.556
22.6033
26.5555
19.1093
21.9909
25.1947
20.3218
25.0571
25.5696
21.2939
22.7788
18.199
27.5743
17.1151
29.1108
21.0528
28.4621
27.5091
18.3446
18.5371
19.24
16.9283
29.4201
27.4178
17.6803
28.5361
26.4721
26.6376
45.5352
27.4281
32.621
28.8044
35.4545
21.9769
32.4037
25.3456
41.0973
37.4045
45.4803
26.2318
25.1075
21.1003
37.5812
30.7346
20.3143
37.7766
21.1904
32.5441
23.6047
28.2996
24.0039
26.0377
25.7463
30.9276
27.1301
28.8707
27.2852
32.6781
32.8723
21.0391
31.7699
24.6069
31.4111
44.3276
42.4995
39.0182
31.6879
45.4665
37.9303
35.5982
36.1845
35.5955
33.6744
28.2892
44.1538
31.1129
38.224
23.3559
33.1
36.5482
45.7695
36.0977
23.6203
25.1925
24.0932
33.6556
34.8584
31.3441
40.8237
28.9221
29.9339
18.8861
25.9218
32.792
26.4731
30.6798
27.4785
33.372
24.988
17.4345
26.0611
30.7158
25.649
20.0285
37.8217
25.2207
33.2827
30.2725
28.7
26.2673
36.5914
22.9857
20.3034
26.0825
24.0576
25.8041
19.0847
28.7287
24.4711
38.8803
31.5203
19.3865
22.986
25.684
40.9955
26.3954
36.3519
21.482
37.3608
28.2539
34.9945
32.5788
23.2323
32.4365
17.5953
23.9674
35.7519
25.2786
32.3059
31.2582
24.1434
27.2949
25.4165
24.5352
29.6526
27.1673
32.4719
22.2224
23.0311
17.3051
19.5744
18.8225
24.7763
28.2595
21.6696
26.2542
30.0238
21.0535
33.7246
21.4359
30.2565
25.8996
33.5436
20.3838
29.894
27.7119
34.2419
22.4806
34.2572
23.3803
32.4
30.9775
35.9694
34.8719
32.5613
25.3206
36.4896
29.2687
29.756
33.6353
27.6974
24.6563
39.4048
35.4169
34.7366
26.7858
25.3173
22.1692
23.1878
23.8779
19.2315
32.7078
31.7498
28.6712
29.5091
28.2605
26.9307
19.9664
20.6385
24.4989
19.1072
29.0571
25.5093
18.1094
27.463
24.6173
26.9514
29.7389
26.4896
31.0303
32.0377
23.6892
20.005
25.6454
18.9443
29.0019
30.7622
32.1715
25.5324
37.6065
22.6619
32.2618
21.8984
23.049
17.2416
21.7389
34.5794
28.184
35.2022
22.0672
20.754
25.446
27.1078
36.637
33.5007
31.9434
33.2402
28.7292
26.3472
21.1394
32.7232
23.0313
32.5739
26.7847
22.7121
30.286
31.6782
27.3355
32.2826
18.6407
23.3717
20.0639
27.0164
27.1846
19.2334
24.0692
23.2295
21.508
33.1867
34.9023
31.7446
29.0282
21.6404
36.0669
35.5936
30.7965
33.5542
33.8733
37.4572
28.4158
27.2818
21.8288
31.531
23.7165
24.0049
33.3702
34.7198
28.287
31.0601
36.9103
21.5718
23.9312
30.5394
30.8986
34.5972
32.5461
36.0221
27.2586
30.3879
26.9134
29.3983
25.6436
28.3745
17.7803
25.7801
24.783
19.7623
26.6133
34.1999
34.7085
26.4768
31.829
27.9419
20.7072
27.9332
19.054
21.6792
26.9268
27.2984
31.0661
20.4513
27.2212
28.2081
28.1055
30.4425
27.5376
25.659
35.1144
25.3835
33.0409
34.2656
28.4983
38.7189
32.8136
27.7864
31.6639
33.831
30.979
32.3335
33.0191
24.179
20.133
27.1542
25.1235
28.4282
28.0953
27.8316
22.6764
29.8722
26.5521
33.6199
26.1487
28.7753
21.478
16.7451
29.3424
27.3032
31.3745
31.9987
20.9202
35.1797
25.0122
33.405
34.2893
23.7891
33.827
25.0519
34.3189
34.1018
27.9646
33.7786
33.4168
29.657
33.9136
29.1448
27.2975
35.9705
31.657
30.2251
37.8
27.3109
33.5711
36.4928
41.2998
32.0428
25.4108
25.2039
33.1088
29.398
26.2824
24.7431
25.5086
46.9817
32.2496
32.571
30.8992
41.9098
34.7011
34.8721
32.1301
35.0456
23.4944
31.2806
36.278
29.5353
39.2245
34.1864
23.2558
32.1658
29.4344
30.7941
23.2711
24.0591
22.7916
23.8725
32.4556
27.8696
24.4463
24.4358
21.652
25.8476
24.4499
22.2546
21.3227
30.0851
25.2758
24.6646
25.9161
32.8621
23.9429
22.7304
39.3191
28.4286
28.9361
35.5236
25.5635
34.0778
39.4243
28.9198
24.957
35.1044
38.7241
29.4776
29.7181
39.0081
38.4498
42.4138
27.1156
25.6413
34.2725
29.8155
28.2999
41.3735
25.8919
31.9496
28.5978
26.8403
22.4299
21.2871
33.297
32.4244
29.0734
29.7251
29.8573
31.783
28.7283
34.6132
26.6339
27.7787
30.6217
21.2102
29.2201
36.0497
28.2126
40.4338
33.0425
28.2487
42.4319
31.9944
37.2414
31.9889
30.84
31.6956
28.6061
33.0761
30.082
25.85
44.1238
43.7711
21.4266
40.0339
27.8952
38.6567
31.6113
24.7153
30.9149
38.361
25.5304
27.9832
31.7773
38.6942
36.7291
27.8768
34.7001
40.0643
34.5369
36.783
28.4595
35.6462
22.8522
39.6163
36.4025
39.2811
26.3086
35.0978
33.5013
34.0498
33.7244
30.2278
35.4036
35.9207
42.9892
27.1574
32.1072
27.9065
43.1301
31.5684
48.4363
43.3681
22.9979
28.0177
42.6609
31.7646
22.1681
39.184
38.3469
39.7076
30.3836
32.195
35.0913
38.0592
40.8855
29.7059
36.6423
31.3373
30.8651
44.7859
32.8521
34.2318
27.9724
32.1945
24.056
24.0546
30.6337
22.6237
31.558
28.1616
41.9486
23.7749
29.627
34.2013
32.0198
41.6172
27.3849
32.0177
30.671
32.4856
38.1465
39.6741
42.4197
37.8343
31.1982
39.8956
40.3784
23.4294
29.912
25.9741
30.4256
35.8064
24.8654
31.0551
33.0259
27.9653
36.1631
36.6789
33.8891
30.0947
37.3258
36.9488
31.5791
38.1037
46.793
39.7352
30.6732
32.5909
26.5769
39.872
36.7911
25.0633
28.5758
44.6461
36.1238
32.3915
29.2697
25.78
27.3946
21.844
21.7911
28.7683
33.461
34.0792
24.3854
26.4589
26.1582
25.8643
21.3508
37.534
34.0348
29.1685
40.6541
35.3966
27.5639
31.6244
44.2172
38.6329
28.4721
47.6061
29.6511
38.1105
33.0686
29.622
27.3269
30.0375
23.862
25.7723
27.5347
24.6983
42.9487
35.8304
38.3037
36.2325
34.2883
35.5023
31.4046
32.2109
34.9692
36.076
48.2282
33.356
21.8454
36.3227
26.2571
35.0891
36.0342
24.8417
20.5743
35.2128
24.9301
33.6873
30.4203
29.2814
31.5073
33.4661
37.1725
35.8889
32.7751
41.5044
28.9489
40.8472
50.1595
34.1439
36.4601
37.776
27.8443
41.2633
32.3396
38.6548
22.7287
34.3634
25.1219
29.9283
35.269
36.3082
25.1092
34.1996
28.57
28.0487
29.4965
30.5047
33.8553
36.4315
40.7227
36.8407
29.1594
37.4157
23.8145
29.9864
31.5623
26.6178
21.2032
25.7046
22.5695
29.9617
36.5446
42.0862
22.9551
26.1399
19.0608
38.0572
35.5928
31.6516
25.2361
26.9031
26.7908
27.5447
34.4456
32.2687
35.7055
46.9168
31.7795
29.946
35.5495
25.2306
32.5406
40.274
40.2888
26.167
29.0451
37.6767
28.2745
30.0214
38.1438
28.7574
29.9521
32.9861
37.8144
28.0836
34.3595
27.7511
32.9421
31.8269
30.0092
33.9845
33.3004
41.3528
24.5874
38.9946
35.118
37.2528
19.5436
30.8571
24.9379
40.0945
43.5895
41.2659
24.6727
33.2102
35.2922
29.5083
29.6246
30.955
30.9274
21.6131
23.5284
34.7954
27.4147
30.9408
43.6188
36.3343
37.5548
33.5725
35.8257
38.7134
28.1321
35.4599
41.8102
36.1839
30.4507
35.3885
48.2308
34.124
26.501
27.9241
36.9339
33.664
38.0613
32.154
37.2443
36.1285
31.1262
37.0036
25.3796
46.7427
36.6456
32.332
35.4007
29.1822
34.0815
24.1548
35.7809
26.1446
22.6596
21.6749
21.7538
29.152
38.4364
35.2883
30.7645
34.6895
21.7204
31.6712
27.271
27.8099
21.693
24.6465
26.3041
22.8155
22.2308
23.0446
19.5371
39.1916
29.2818
35.9717
36.1207
26.924
27.7529
19.5309
28.7098
31.2722
28.8161
27.1917
20.0497
40.3284
36.0323
35.9954
26.1523
33.8239
43.3956
35.4532
28.5833
34.0292
38.6368
35.1016
33.2403
25.3031
38.2321
29.4347
33.444
20.1376
33.3787
26.5593
28.8766
20.3971
24.3387
34.8085
24.3818
22.0808
23.249
30.0376
28.8698
29.9298
29.3785
36.6748
38.5235
34.499
29.0847
26.116
33.3632
34.5229
23.704
21.7326
38.0106
35.8936
28.3589
32.9234
32.6644
31.0827
37.4709
29.3594
20.8149
20.8445
26.5807
27.0845
24.9908
27.6774
28.0248
31.7266
32.6218
27.9496
24.3646
30.1104
24.2087
30.328
31.5884
33.0002
23.5504
36.0268
18.1127
33.4752
21.8375
35.8619
26.226
23.0517
27.454
22.2646
17.9576
28.6074
26.6634
29.9342
21.9626
30.9533
34.5986
25.5818
20.4768
27.4424
16.7947
35.9164
23.3072
21.1844
23.3509
16.8751
22.2755
31.3224
30.9748
38.0908
36.6426
24.0101
27.9549
39.7252
28.9012
34.536
34.5187
39.9562
29.6567
35.0109
22.9214
27.085
32.143
39.511
35.8594
27.3672
26.9146
28.0403
35.7238
33.0132
24.2493
27.9329
25.289
21.4824
13.8337
34.7343
28.2458
19.3104
16.375
24.7638
15.7628
26.9803
20.7371
28.9298
24.8309
20.3143
29.1714
26.7721
33.2228
22.5403
24.0603
17.0873
21.7611
28.605
27.0826
28.7029
19.7877
24.9808
34.5079
32.1589
25.2141
27.96
30.7336
29.8589
21.3695
26.738
37.8198
29.1836
23.5783
26.385
24.2102
17.5228
22.8959
21.3664
30.2715
23.5615
21.3514
21.8339
22.8818
22.6682
34.3034
30.3941
28.1822
19.4325
28.9216
27.892
21.5618
24.6254
13.2163
24.3371
21.1778
15.6443
26.3399
27.9383
26.0035
25.3616
26.6597
17.5848
27.6743
27.4609
18.9979
29.5174
27.9482
29.6536
24.5115
18.8559
15.1955
23.0259
19.7833
20.7092
24.0615
26.0553
16.9624
25.0701
18.4842
25.6944
17.5761
21.552
18.4736
34.4408
19.8634
23.9203
20.3326
27.8522
24.0419
27.5336
29.9608
33.191
23.2642
25.7961
34.4731
34.7211
19.1719
36.5396
25.4154
35.0605
22.0886
16.7824
29.9497
26.4425
17.5923
31.1964
18.3498
20.8466
18.6129
18.0904
26.14
26.586
32.6006
22.7239
33.8133
23.6717
24.0996
18.4156
31.5237
34.0474
33.6656
29.4204
33.2964
29.721
24.8918
23.5185
18.6147
26.7198
29.4587
32.4548
20.5487
32.2305
27.684
29.5405
36.509
22.9097
35.4296
32.8367
33.1732
32.107
25.2502
30.36
33.3749
33.4091
34.5323
32.1283
23.537
31.4607
25.3671
33.4149
22.6106
24.6581
27.1428
20.4081
30.1889
22.7976
32.838
32.5889
16.4191
17.3889
29.8342
31.2098
19.7679
28.2384
28.0198
22.1996
20.45
32.4299
18.1472
29.8557
29.499
29.1466
17.2276
24.159
16.8366
19.5812
19.8701
15.5952
18.4806
28.1531
29.629
30.9419
31.0301
24.5392
39.1222
26.2158
24.7146
26.7417
39.9759
36.5865
21.8582
31.4661
27.6968
28.5336
23.1526
27.3514
28.3335
28.4572
29.048
21.789
21.304
16.855
24.427
30.4003
29.4753
28.5493
18.0101
30.6452
24.2419
32.4598
27.2236
35.9109
18.3571
35.5764
32.2465
24.9511
31.9892
24.7362
29.2542
22.6888
33.9601
37.2724
24.5405
25.1428
26.1868
33.4399
31.8541
39.4518
30.8633
33.5656
35.4274
31.9192
27.5721
24.0934
31.8978
33.9035
35.3841
31.249
29.7073
34.4079
21.6934
27.7455
32.5585
28.4735
25.5424
37.8664
33.3666
38.5971
33.1371
22.0436
26.3741
27.8491
33.4125
33.2775
23.8016
39.7303
26.7589
36.3975
24.8386
29.869
22.2343
31.1167
23.6513
33.2792
31.1893
20.9794
25.4619
22.9209
20.544
27.9869
25.5228
32.5736
32.5972
33.8152
27.2023
35.3783
23.2096
29.8792
25.9931
37.4613
24.7259
29.6392
30.7807
25.3875
26.5458
22.1472
22.7173
33.979
20.5592
33.8062
29.8506
32.0733
37.7042
27.8516
24.3342
34.2531
37.5106
27.6829
31.9257
29.5366
34.4899
33.8287
21.242
27.4415
24.8139
24.9286
19.9051
29.0025
24.0641
33.8318
29.4138
35.7136
28.0313
36.6814
34.7379
31.833
33.365
35.0669
30.5015
33.1758
19.2956
21.348
21.9359
24.4425
25.7022
30.3841
36.7746
27.2332
29.2472
23.0358
32.6653
26.0821
24.8239
38.6141
40.3404
32.5011
24.9807
25.2065
20.9313
32.0871
31.2859
24.7935
23.7011
36.9793
39.7293
32.6739
28.322
38.1974
28.6471
33.3853
19.2994
20.0562
28.138
26.7846
23.9255
21.6697
15.3868
28.6476
26.1009
30.975
29.0378
27.7502
38.4519
37.0969
27.2072
29.5232
22.7196
26.8861
20.5988
26.8026
16.7153
20.0632
22.0202
28.518
29.5352
24.4861
28.2657
29.6951
34.4643
23.9281
17.1178
27.8534
31.6096
30.9941
28.0297
30.3912
18.9061
26.8832
20.3772
32.2842
28.5315
26.6345
23.678
32.0893
33.5521
32.9468
37.0323
34.5108
27.0257
36.8371
21.3425
25.89
23.433
33.709
20.8637
29.4582
26.9556
25.1594
26.2665
26.1306
25.0703
19.0346
20.2036
24.7674
33.2582
29.1575
28.7599
34.4185
27.6843
23.4707
31.7972
32.275
28.7917
28.1518
31.647
25.2338
30.455
31.8428
40.002
34.4911
29.5824
32.6957
31.4188
23.5911
38.1571
29.304
24.1676
30.9691
25.7454
31.0092
25.368
25.2562
32.3671
19.5774
23.4548
27.2599
31.9238
26.8646
24.1933
27.9039
26.4361
26.0922
18.3393
17.7905
25.9072
22.3673
27.4542
27.2939
26.3893
21.1847
18.8839
30.2128
32.4057
30.0924
22.6133
33.5416
29.4662
30.4513
28.8414
37.5126
27.2979
29.371
21.5354
30.2968
31.627
30.3187
31.9999
33.0261
36.4907
32.1532
22.0567
34.9196
24.641
28.2862
25.3643
34.2066
33.575
38.4331
36.4753
36.1724
24.7652
23.8772
26.4038
23.2044
25.8513
45.4172
29.1728
36.7024
27.7711
33.4146
34.2846
31.2874
28.3038
30.2743
29.738
30.5336
26.3553
25.1495
25.9643
22.5453
29.8743
33.0344
30.1814
39.2799
36.6496
31.6507
25.2755
37.9306
36.3217
32.3093
52.3194
37.415
33.9298
34.3886
23.1485
33.6197
29.9528
36.7638
32.7327
34.0555
39.4299
29.3539
27.3212
33.0593
34.0997
29.6192
30.9132
22.2295
30.6788
32.7964
24.8122
32.5316
29.5845
32.004
24.7449
36.4873
20.9288
30.4665
21.235
44.1888
36.5846
38.4879
29.7484
23.1052
24.1861
30.6717
21.9544
30.8178
24.8731
30.0505
17.5676
29.3163
32.5461
35.0174
32.1532
38.2672
33.7455
37.2183
31.838
36.7461
26.6804
32.2733
36.4816
32.7364
27.1423
32.1475
33.6186
34.9597
28.2669
33.2317
21.5813
22.8836
23.8499
27.7337
29.0215
25.5376
28.8925
32.0922
27.7453
24.1857
24.4784
29.8929
33.5118
35.0942
26.1036
42.8803
26.8728
17.4953
17.0579
28.2332
23.1058
27.8929
19.996
27.8363
20.6376
29.9824
29.3066
27.3487
21.8563
21.9561
29.786
31.5131
30.2406
38.2072
21.5541
19.7349
29.2861
22.2765
23.1929
18.5541
27.2054
28.1927
25.0026
21.827
21.7522
19.5029
21.9234
30.8246
34.8193
25.8235
31.4038
31.5421
33.3773
26.4705
20.7213
27.6904
23.2132
28.5059
21.7286
32.7134
20.0328
31.2051
28.8215
35.3172
19.3126
30.8474
18.9779
36.8459
22.4711
23.5095
27.2194
17.9181
17.8382
28.9158
29.0477
19.8886
22.0842
28.1892
36.3818
31.8073
21.3767
25.3394
33.4558
34.8395
32.5397
32.2027
33.361
26.8426
27.9628
31.0759
24.2281
31.2155
21.1752
30.7987
26.366
34.6736
31.4407
35.9955
33.6456
27.5978
29.7847
24.2275
29.8748
32.2845
25.904
34.6236
31.0197
23.6296
30.2472
28.6856
25.5059
30.4331
26.7678
35.6334
25.4093
34.4372
33.3088
29.4285
19.2282
36.7173
23.7231
22.3332
34.795
30.5388
27.3483
22.0098
18.4649
32.4988
28.2158
32.2064
26.9735
20.3394
29.8749
22.4413
28.0427
33.4668
31.6934
32.6658
30.9046
30.8041
37.6774
31.7138
28.9602
24.0786
20.5046
27.7219
34.4458
24.3006
21.0243
25.7596
27.1408
25.0337
19.6432
20.1082
27.0987
24.9395
34.1343
23.6359
25.267
30.8155
23.1619
18.5559
21.6273
25.9961
22.012
24.7155
19.6249
32.3108
18.2444
31.2022
19.7668
40.9028
35.4443
32.1789
22.8117
31.1308
22.1787
22.4372
21.128
31.9999
31.6523
34.7926
23.5133
24.9481
19.0318
28.5397
19.9277
25.9483
21.8245
28.1481
25.8733
30.9009
32.1532
30.3878
31.0716
34.0244
36.8185
31.7622
40.0302
22.0833
22.2479
24.7601
29.7634
36.968
22.5213
29.7786
34.8178
37.3278
23.2911
37.0624
23.1779
45.6809
41.4772
41.0701
33.464
33.8857
28.1154
32.5941
20.9437
26.0476
21.7654
22.1898
27.197
25.4161
27.7267
31.2513
25.9258
19.2819
22.9581
36.4191
24.3164
36.6791
29.5846
30.1285
18.8652
20.891
24.9927
23.363
23.4163
28.8839
19.6245
42.283
29.4474
30.0794
27.8075
34.8516
19.3496
29.4649
21.0169
37.2451
22.6489
28.871
25.9893
18.5319
30.8028
24.9509
22.4279
21.838
22.0061
19.5462
26.5383
30.4155
21.6859
20.8376
29.1712
21.6605
35.9955
35.4602
30.0388
36.7989
39.3667
20.7418
26.6844
27.4062
37.5963
22.2519
28.9631
26.8601
25.5228
20.1882
22.1736
36.5611
29.2089
33.8677
28.1766
20.877
48.493
30.5838
28.0732
29.6313
26.4201
25.1611
26.5799
25.7744
32.9627
29.5417
43.2446
36.6449
45.2374
26.9207
34.5259
25.879
26.973
29.7623
24.9706
32.563
27.4962
36.4681
42.5244
38.8869
30.1458
31.2697
37.09
26.9183
46.9191
25.4625
41.6689
28.3089
21.5987
36.6872
27.4124
38.2326
25.6762
36.6411
33.8317
32.8913
25.8157
32.3378
20.8626
30.7579
22.8066
24.9385
26.5109
32.0613
29.5074
35.384
37.1467
28.9979
33.1481
38.865
36.7011
36.0883
32.7061
40.4183
41.321
27.6037
29.9855
37.1917
36.4564
31.3119
25.9941
44.2604
28.2765
31.2037
36.6688
36.4281
34.7013
33.8951
43.938
26.6206
22.1086
40.3453
34.3527
36.1878
27.6546
46.0191
26.4577
33.842
33.563
20.6976
30.8001
31.0841
27.5155
28.2918
22.6888
19.3217
25.602
20.5706
30.2277
25.6805
35.7041
34.7435
26.5804
28.6628
34.6785
44.0282
25.0874
40.558
34.0831
30.4886
23.5469
30.6359
26.6187
27.9698
30.6444
32.0413
24.1204
29.0312
29.7044
37.7307
27.1721
24.3072
26.9665
29.2615
39.4429
25.5063
23.8492
35.1633
22.8165
26.5458
27.5219
39.0501
24.7107
21.5858
36.312
31.7856
26.9233
34.73
27.1359
23.4145
19.5119
31.03
24.3487
21.8487
20.2117
19.6422
21.6488
34.0033
31.6733
32.992
22.3104
28.9392
26.5172
32.1775
35.4269
31.1895
39.7342
32.7671
25.7687
24.9787
42.3506
39.9526
25.0477
34.3011
30.8098
32.6207
35.8221
29.0296
28.7141
28.9312
24.4482
32.9171
23.4989
34.9336
34.0963
33.1048
27.8457
29.5946
29.4102
32.4987
32.9875
33.0856
26.291
32.5318
20.1708
33.2668
23.5341
23.9641
26.4755
33.781
17.3576
24.3971
24.9764
22.7415
28.2026
24.9922
35.6161
24.1693
27.0499
22.1279
30.6717
37.2327
43.0109
22.4008
24.2545
30.8799
34.8941
38.1536
32.5536
31.0099
40.3498
29.2688
21.7322
27.137
35.8595
23
23.0658
23.2165
26.3096
40.3838
37.0476
25.5291
32.5957
25.5303
26.6907
26.2419
34.1643
27.8468
30.247
32.1713
21.7466
33.3654
23.6661
34.9815
26.0831
32.6995
29.2059
33.698
30.2289
29.6974
25.298
21.8366
31.9711
32.8025
34.0902
27.6942
27.529
38.9169
24.252
29.8113
27.3104
30.3225
26.2763
32.4582
26.6723
33.2105
45.6045
35.6628
36.6446
31.3936
27.6832
22.7968
24.144
31.3825
24.0439
34.402
30.888
30.1463
27.1971
35.1904
37.092
31.7189
22.6927
35.7249
29.3075
23.5117
21.8832
24.454
41.5517
30.239
23.2808
28.531
31.3334
24.4786
38.2468
36.7774
36.8343
41.7855
32.669
31.3709
30.313
22.04
28.0303
18.9424
29.3445
23.805
28.8561
33.8159
21.6374
28.6963
27.6621
41.5581
25.6574
29.9111
36.5127
35.8897
34.4111
43.5289
37.8784
37.9205
28.1997
34.5423
27.5112
26.5362
36.7413
30.166
34.3159
23.506
26.1471
25.8345
25.1019
26.1366
34.9864
26.4284
36.4331
27.5263
32.7307
26.6959
28.6511
35.8893
33.1756
43.7137
28.7905
32.79
22.0026
34.5783
26.8371
27.2929
38.67
27.7052
19.6582
30.7488
32.1115
25.7624
27.1637
27.092
21.8205
28.9453
17.9988
21.1632
35.3694
33.5407
25.7834
23.5769
38.2637
27.919
26.3884
27.595
35.986
31.054
28.2768
32.8366
23.0007
32.6423
32.5528
30.3966
23.4223
25.5149
31.6136
29.1856
26.3873
24.1354
41.7295
35.6034
25.2989
36.2587
25.7909
29.9146
35.0545
32.5525
41.4573
27.285
25.2141
35.0909
32.0939
25.3751
36.0194
26.6882
22.0572
17.9539
19.3756
22.124
16.1679
16.7601
19.3878
16.8746
25.28
24.7027
25.6992
27.0784
39.9554
30.629
25.2288
30.6377
24.8065
28.0464
35.7298
31.2318
30.2423
27.8537
21.01
33.3518
25.4894
23.7509
27.3271
26.2841
33.8038
31.2299
34.2442
29.3472
30.5887
23.5026
21.8835
19.678
24.9988
22.4245
30.2627
27.4971
29.4134
25.1972
21.5765
30.4291
28.7917
28.5296
28.4724
26.9585
26.8292
29.7077
24.286
27.5341
25.9565
18.2159
30.4076
18.7214
20.3291
22.504
15.9087
16.7158
22.9325
19.1467
23.6525
26.8806
30.4127
36.2159
23.693
24.3839
20.333
23.0641
30.5283
42.2172
31.1615
32.7653
33.1581
32.54
23.1211
28.4812
35.1292
30.8426
25.9366
29.6964
23.8371
35.2283
28.7797
23.3925
28.5253
32.0871
28.225
30.2875
30.5162
20.6944
24.6818
19.0971
30.4932
28.4984
32.1921
29.3679
26.4136
23.1422
23.6752
26.2983
26.6813
24.8324
19.7505
22.4988
16.6141
23.5303
23.8505
27.8235
22.3128
28.4683
16.7758
23.0443
21.2103
29.1554
26.0509
22.5684
22.2553
25.0908
30.1513
30.4757
26.1306
29.7406
24.8555
37.6598
29.2295
25.7415
28.0509
29.606
31.687
29.0617
26.5477
30.1998
24.4156
34.0204
25.7662
28.9225
30.83
27.4625
18.6296
39.864
30.4245
23.175
27.5045
29.1141
29.3778
32.424
24.9677
27.7908
18.0088
27.8774
19.0091
29.2597
26.629
20.9707
19.3371
26.039
22.8208
26.7778
24.0925
26.6055
28.9454
29.6624
34.1998
23.0599
25.3237
17.372
30.7943
30.6005
19.9316
28.8184
24.9285
25.585
19.2775
34.9894
29.0646
35.4442
22.6968
31.9888
38.7741
37.5
20.1784
22.8579
33.1332
32.3043
36.476
35.0711
27.5984
37.6847
24.9705
36.1359
28.7054
24.2344
28.9917
31.5668
23.835
15.6507
30.7527
20.375
24.5262
30.2118
22.8166
28.898
23.3089
26.4925
24.0607
24.3161
15.702
16.6934
29.4364
37.1203
26.9933
31.6838
32.0152
32.4409
31.4299
29.166
29.5507
27.7665
25.7978
20.561
25.8371
28.0425
21.4434
32.6165
26.2567
28.5288
29.2162
29.5739
32.5928
27.2692
25.4109
30.1862
29.3573
29.3619
29.8361
24.7518
27.4115
27.0474
23.2615
31.8486
22.3761
34.0667
26.2409
30.6393
27.6457
36.0184
28.7468
25.9011
32.8538
28.5379
32.6086
19.466
32.681
30.0828
23.3089
38.256
24.6096
36.0211
28.8665
21.7776
24.2636
33.4002
39.8716
37.2637
28.8492
34.4884
34.5715
23.3187
31.8558
34.318
33.3321
20.6718
27.4696
31.8089
41.374
23.3126
27.6179
22.0061
30.8652
32.5699
22.7795
23.4125
28.0772
26.9185
27.7237
29.6597
19.9741
38.5943
20.322
21.7559
24.58
30.1041
24.4604
31.1737
36.3426
37.6063
26.5041
29.4365
27.5949
31.5239
26.5427
31.6864
19.7252
26.0652
27.3489
19.663
42.7346
28.258
32.2532
50.5429
29.0051
38.7417
25.9516
19.8145
27.2761
36.0257
27.1432
37.4362
25.0879
35.9841
38.1778
34.9849
33.5039
40.1972
36.7184
29.2223
24.9768
28.4655
37.49
34.2947
22.3442
33.1145
22.8021
37.6045
34.2244
36.8924
22.4663
33.5707
26.1914
33.3556
27.8442
34.1009
30.5806
29.541
43.6102
35.9419
22.1158
38.5471
27.2652
34.3713
34.4423
39.584
32.3879
31.5686
27.7923
25.0285
19.5759
37.3764
28.2218
25.9669
35.0723
22.7805
31.5513
29.9388
22.9219
32.2472
43.9435
39.9887
25.9217
35.3226
24.6908
32.1966
34.5229
33.0183
23.0332
29.478
28.1548
26.8742
25.4387
35.4229
45.0314
22.6514
19.2465
28.9945
25.2677
25.6195
36.0886
36.1085
27.7031
27.5724
42.0188
37.3083
26.3796
40.0201
35.1429
20.2943
34.9474
31.7025
20.6902
28.9235
35.127
35.6114
26.5177
33.5963
24.6322
23.7591
22.7369
37.4315
20.9008
32.5948
32.3443
34.091
35.9945
34.6192
38.2535
32.6927
32.9594
24.402
25.234
29.6
28.6454
38.1952
42.6564
36.0417
37.892
37.1658
25.5436
37.7548
29.2064
32.3133
36.1648
30.6665
38.918
32.6838
27.7005
37.5196
36.2383
34.4013
28.676
36.6167
24.6731
41.2288
26.9518
28.7849
26.5758
39.0573
23.2643
33.9882
26.5406
29.8372
37.926
19.0955
21.2766
34.8607
36.9774
21.8374
27.1229
31.6252
18.7693
26.3535
20.7215
34.9771
26.8259
28.5715
29.5448
29.6238
38.2677
39.3707
34.6733
23.1188
31.3354
18.5788
38.3461
26.2808
34.6821
31.2915
29.1598
25.4138
29.0597
43.6357
28.6599
36.176
35.8526
28.9493
24.2162
24.2878
36.3235
33.4499
25.0502
18.5975
24.5371
25.3623
34.1991
29.6926
21.3131
39.1274
17.6322
23.3702
28.9958
26.8923
24.6407
34.4409
42.0333
33.5154
23.6558
29.5136
28.4602
24.5978
23.5439
18.3392
29.6109
35.0043
25.0505
26.0943
29.1783
33.861
23.8301
30.0966
32.9105
32.8753
33.3763
41.5741
27.4303
23.3651
24.9462
29.4813
25.327
38.9138
24.9063
32.7762
34.1866
28.5593
21.3437
34.7542
32.6617
33.4266
28.4935
30.7305
25.1564
37.3109
32.2985
38.8719
26.799
34.6264
35.1169
41.5811
38.3461
33.6331
30.7678
26.1086
18.488
35.8918
21.0674
31.7386
21.071
29.7004
26.2058
33.5237
24.0724
17.6994
28.7327
34.9068
24.1878
34.876
29.4805
32.5952
36.1955
26.2323
33.5027
44.5361
45.683
36.748
35.5521
36.2522
22.6807
39.1266
21.597
29.3511
23.4902
24.886
41.2807
30.4521
28.8378
27.6324
26.1012
28.5462
26.561
27.5455
40.758
31.5668
23.8539
31.8811
34.6372
33.61
20.494
37.6857
42.708
25.9001
18
28.3406
29.8734
28.1797
27.3387
26.8709
24.737
30.2768
34.1284
24.7973
27.0073
28.4531
18.546
30.6105
25.2527
33.048
43.6902
34.6255
26.7957
24.3609
26.8177
22.7963
35.7511
29.1301
36.1818
44.7408
25.4377
41.7077
29.1138
26.3406
32.6067
36.0291
40.8225
30.7141
28.3722
26.1686
33.8037
32.947
30.7837
21.3101
19.0304
33.9097
29.0877
27.8027
32.6854
27.5845
27.3053
37.3434
39.6501
45.1686
34.2543
23.3649
28.6697
32.6048
27.9778
30.2747
20.238
31.7952
26.4034
30.1603
30.4276
27.0381
31.1528
24.4547
17.9967
30.8338
17.7165
33.0435
19.4274
32.8771
29.0858
36.5735
30.8788
28.681
31.8978
32.3348
27.6311
28.9748
26.7574
17.4977
20.6255
24.4063
22.6922
25.3627
23.7564
28.1944
27.3935
31.1724
26.4174
26.292
28.5583
31.4427
26.2456
36.6844
29.1253
24.5076
39.7731
40.7169
20.4456
28.3709
27.6135
20.606
29.6008
20.7587
23.7981
27.5421
28.5606
26.8726
22.3382
30.6817
21.0221
24.3928
32.0394
32.5028
19.8819
31.0755
20.061
22.7023
20.8713
23.1519
21.9391
26.2588
19.3029
34.7511
17.3072
34.0139
30.403
29.63
26.0743
30.444
29.024
26.9792
21.9152
32.7428
20.5887
30.0478
23.2999
16.5834
22.2275
27.3137
30.8721
26.8488
23.8863
29.2406
31.3111
18.1533
28.824
22.3423
29.7184
34.6119
25.3018
19.2039
24.1145
30.0051
23.6829
25.8889
23.1488
32.2194
23.1212
18.7326
18.0184
22.4196
27.868
20.8165
25.4147
29.035
34.3458
33.0926
29.7974
19.3989
34.2426
24.7373
24.4722
30.6357
23.2181
18.4883
25.058
23.6599
34.6941
39.6178
36.6846
35.0385
20.5706
26.5464
26.1385
27.3698
21.8339
25.4395
29.6047
30.7657
28.6489
19.5478
24.7052
24.0028
33.6284
29.1807
30.4376
28.6743
36.4477
35.0881
21.4482
20.3622
29.8689
31.8322
32.5332
23.4839
24.0312
29.4282
17.39
17.4306
28.2967
32.5382
28.3725
24.5729
28.9786
30.7649
18.5916
31.9899
28.3587
26.8326
25.8319
18.6951
22.1062
27.8786
23.8347
16.4344
34.0293
26.8392
24.9654
17.6802
25.3965
23.5148
26.1875
29.1505
23.0692
34.0994
18.9624
28.6907
30.2822
29.0205
25.2083
29.9588
22.9146
30.6864
27.5193
35.5762
23.9946
37.1891
32.2927
30.4847
28.3999
35.0914
27.0941
26.872
33.7948
31.5049
20.854
17.7152
28.6698
27.548
19.6362
30.3778
29.3464
32.5747
19.3324
36.1875
23.5358
24.2439
36.6726
27.5437
27.2573
26.2888
28.5898
32.4249
26.804
28.3293
39.3557
30.4935
22.0702
30.7995
30.4875
37.7924
26.6746
25.6703
31.6397
22.4798
40.9109
32.2707
30.2
26.4998
34.775
29.5559
28.7757
31.1516
28.2424
32.3701
26.1509
32.7462
25.571
37.0832
24.3285
19.4321
28.0778
33.8639
21.1941
31.2881
30.8696
35.2761
33.7768
21.4909
34.6037
23.5051
24.1297
25.2641
33.3692
19.5572
28.0865
28.0164
18.689
25.0723
33.0604
33.2468
20.6904
25.3416
21.8896
22.4829
27.5133
35.2066
25.9031
32.2312
19.7031
21.093
17.8516
31.784
27.5424
33.2179
22.0549
26.0928
31.1928
26.1325
25.8144
30.8132
17.7433
25.9495
32.4547
23.7807
26.7203
20.191
30.2942
34.525
35.6434
33.5058
32.8325
28.1379
19.8131
41.9264
24.9456
32.7829
27.6649
25.0032
26.4155
26.5808
29.4713
21.6288
29.4966
23.7915
30.7735
36.9758
18.2747
19.0246
23.3721
30.5717
25.7325
31.8455
38.1091
29.3197
27.8169
29.7758
32.6587
34.9681
34.3765
30.4275
27.7397
31.9312
25.9685
31.6133
24.3171
28.8256
34.1119
27.7548
31.3159
32.3468
31.2187
27.9083
32.8509
37.1364
23.9186
17.3541
32.0379
19.2658
32.5983
30.9362
27.7051
34.7123
26.7069
28.015
16.886
24.2463
16.2978
26.484
16.1327
35.7473
22.4869
23.6188
34.929
33.7973
34.2887
34.138
25.2291
27.4487
29.7446
32.8861
21.6811
27.3723
31.9377
31.3337
39.7856
33.7794
31.4767
34.7601
32.3909
27.042
28.4563
33.7547
34.9887
35.8928
32.8859
31.6382
22.9603
31.87
32.2227
36.5556
36.5664
38.9153
27.2142
35.043
32.6916
38.0898
22.6728
23.775
29.9111
23.3652
23.1451
29.2981
22.3572
25.9939
31.8372
39.7356
30.0395
19.1834
22.8531
19.817
22.542
32.7521
22.1776
32.0321
26.5217
34.3703
44.2173
36.7179
24.4406
29.6845
35.5709
33.1758
23.3307
26.0992
39.8262
40.1608
34.1648
32.1539
35.0493
34.7529
30.457
35.5617
38.1761
35.3498
22.1418
24.9154
24.222
35.6435
25.0771
29.6905
20.1933
35.8162
33.9842
24.7459
37.7654
44.2818
25.5758
29.9625
23.458
18.4552
19.6795
28.0414
21.8125
28.6852
24.9769
26.4313
18.4543
32.6952
23.904
19.6288
25.0194
35.9836
19.006
28.8734
26.3
37.8144
29.5463
20.3342
34.0478
36.75
42.0315
34.9232
36.488
32.1799
23.6938
22.628
25.392
31.4954
40.7514
31.9739
33.6954
28.7775
34.9881
41.8869
31.6206
37.2181
25.7222
21.9931
21.57
34.431
27.8631
30.1732
24.2365
33.8616
25.1643
34.7166
17.7767
28.9397
20.1836
35.5135
24.6024
28.3299
25.1535
26.4046
26.7144
27.3598
29.9107
37.3965
26.107
20.8326
21.0106
30.6174
34.9113
25.7426
24.7353
40.0886
36.6859
32.7225
25.5201
34.8208
29.3625
31.323
21.0363
22.8003
18.961
37.4504
29.8999
30.1069
35.123
25.0996
32.4271
36.3106
22.896
31.4631
25.6492
34.4966
28.0738
39.6872
28.6569
26.4264
30.046
35.0266
26.0186
32.3873
37.3839
19.1236
20.4198
19.1321
32.8321
20.3777
31.2663
21.0813
16.299
23.8209
20.826
27.2893
29.6361
26.1312
20.6049
29.5777
22.2964
31.9836
19.9738
19.268
26.9478
24.3913
19.323
23.5102
20.7026
21.0681
20.7704
23.309
20.9519
22.2631
27.6992
32.9048
34.2769
20.081
19.2577
21.6805
23.0547
31.5982
27.6089
24.2122
31.5287
31.9385
32.1111
34.373
37.0438
38.3242
31.734
29.8725
23.0435
29.8673
25.4689
26.5207
24.6522
32.5209
21.7216
30.2272
29.6239
36.5747
20.0022
23.1074
21.5173
28.0041
26.3009
24.5141
22.7953
28.2236
29.8919
38.846
26.2138
30.8325
24.391
30.3398
23.9344
27.7814
33.3471
36.2579
27.4591
22.289
27.4242
33.2451
28.017
24.4382
25.902
25.0828
31.1025
22.7631
29.1779
34.7218
30.4898
24.0743
22.1461
30.2967
32.1069
32.7939
28.0653
31.2958
32.4867
32.4134
21.9001
25.2718
26.8633
39.0363
21.8635
25.4687
21.2092
29.53
21.7459
17.7078
25.1324
19.9933
22.8938
18.3535
19.1292
32.3165
39.3238
33.7814
29.8758
31.5719
24.3433
23.4572
27.9836
22.3855
32.2856
25.2143
20.2448
25.1844
29.8867
30.296
26.4992
22.2414
32.7206
34.1725
19.41
32.5066
28.1944
28.7948
27.3122
29.3025
26.5717
26.999
21.2887
22.2735
27.0938
21.8966
24.3198
26.9502
25.8766
37.7971
27.6661
23.0423
25.5483
33.0102
32.5146
32.5649
29.8315
25.3868
18.1634
22.0654
26.3035
37.8242
26.839
19.1986
19.5519
26.3232
25.9602
38.6132
28.8224
26.8402
36.8657
28.2077
31.2205
37.3455
38.1433
29.4687
32.97
31.2381
23.8122
30.8619
18.3792
36.5921
32.0868
31.5334
26.7462
26.1135
30.6023
42.5314
28.6821
31.5368
30.1078
33.9381
31.9079
26.8807
21.9732
38.0778
41.0397
37.7613
24.7306
35.9519
31.063
31.8137
32.5751
40.0558
32.404
36.4583
23.8644
35.7869
30.7696
29.3031
18.9775
31.7183
26.9658
16.6617
40.308
20.5799
19.1759
30.1221
19.1244
25.8758
21.6825
21.4656
21.0733
21.9559
36.0151
35.0162
18.0504
33.4177
20.0348
23.3579
30.8106
31.8379
21.8437
26.063
29.7428
26.948
32.8869
30.3337
31.5093
24.45
34.2974
29.1958
30.0755
21.858
19.4017
21.8225
29.11
32.4832
22.701
23.5761
30.8835
30.5785
18.3657
30.004
19.7088
19.6303
29.6393
24.1161
17.1345
16.9375
22.166
29.535
22.7425
32.0131
26.523
22.7598
26.1296
23.5651
23.2669
30.5001
29.1759
24.401
30.8324
28.7979
27.3669
26.4071
24.7091
28.2535
19.5894
24.4905
25.6967
31.6646
23.9189
32.0771
27.5672
19.3584
32.4172
28.8954
29.1177
37.2146
35.1883
36.1246
33.0218
33.3342
22.1026
33.7859
25.3316
30.9029
35.8096
30.825
24.2724
25.7061
34.0265
34.8347
19.0583
20.7219
21.8147
34.1611
21.3528
17.6553
21.5295
30.6579
29.4941
33.6885
31.3306
25.5255
28.5291
31.9077
35.6491
32.1494
26.6663
26.0376
32.7033
27.1007
20.6749
30.6354
21.9224
26.3447
28.1617
33.4748
24.923
23.3605
28.7197
27.4104
27.7931
23.5681
25.2563
24.9433
33.3185
31.341
24.5646
34.5919
25.4028
25.8126
34.8979
30.7496
38.9176
31.3073
23.3787
23.6249
22.9627
28.8508
22.5865
37.8317
23.3053
17.46
23.8764
22.1673
15.6711
33.1919
21.5559
21.3517
26.6136
23.1296
30.8771
32.1816
17.94
30.2906
28.6349
25.9965
30.2605
22.2889
21.2436
29.7865
27.8814
22.5009
24.4099
34.604
29.5724
26.8765
32.5295
31.2045
29.8087
33.5634
36.4082
29.8086
26.7801
29.7479
29.3184
30.5373
23.0118
20.9935
31.4403
31.2577
24.9564
35.607
33.7832
39.6135
29.3504
28.9417
28.727
30.7411
30.4952
43.2494
33.4185
30.939
34.2471
29.6458
31.1382
22.447
20.5317
25.3311
20.5626
23.7003
25.2809
17.6984
24.2415
34.1088
22.0587
31.9819
25.9945
36.5475
18.1814
33.0641
22.3359
36.549
34.3404
34.7811
19.6663
23.336
22.6217
32.7347
30.7034
32.7562
25.767
33.2464
33.8577
28.4561
23.8641
31.2334
25.7235
31.019
26.3144
26.8486
31.1038
33.2736
30.058
25.9313
32.4002
30.1019
29.3218
30.9459
18.7406
31.5072
29.9058
26.7349
22.3696
22.6042
28.1846
33.8003
31.0119
31.0333
30.0565
33.946
29.1684
26.567
23.393
21.7518
24.4433
22.5942
23.6622
37.6122
25.9459
25.1103
30.9399
25.2537
35.3995
28.9754
27.9011
25.5835
36.9309
33.4725
36.7603
32.6106
35.3271
29.8541
29.5044
37.4479
25.1341
40.4249
33.5571
35.9077
35.1488
32.6983
30.4623
33.2758
33.3528
22.8311
28.6006
32.2449
36.0119
30.2052
29.7262
38.9251
28.8748
25.0412
26.3258
35.7575
33.2366
26.9911
32.7491
21.6394
29.4445
32.7153
34.5767
27.2118
28.0342
26.0235
28.6741
34.2221
35.8476
29.7017
36.0931
33.0624
25.5644
27.7892
33.2824
29.3546
39.3738
40.151
27.6602
36.2051
35.5143
37.2962
26.4594
30.8186
24.7783
37.5041
33.3174
42.338
31.5307
40.2963
42.7784
27.6058
30.1202
32.2811
21.3283
39.8562
29.3981
41.9649
25.9671
22.6288
27.4431
37.5611
23.745
37.6515
34.7822
37.5571
34.1054
32.1295
27.1863
24.1829
26.5516
36.4367
29.5278
40.7385
35.5872
35.4419
28.7206
33.9497
27.5597
32.7443
32.9768
38.5597
29.2623
35.5562
29.869
40.9223
25.1456
37.8484
26.4157
44.5938
42.6245
22.2072
41.6862
35.4863
42.7264
37.6326
30.2247
30.2109
34.6832
27.362
39.6507
36.0314
40.6431
39.6416
40.9136
47.9058
26.4321
25.0007
32.5549
35.8865
33.3971
40.2832
31.4945
43.8842
33.6629
28.0502
29.5427
36.6835
33.3594
29.9602
27.857
22.9347
34.8473
45.2442
30.1189
28.8532
21.4559
30.3629
34.7579
22.5566
37.2238
32.3938
23.7082
33.2806
38.1787
26.0441
26.9095
22.368
34.2168
42.2447
29.2124
27.1151
41.2405
27.7149
36.2088
28.2812
27.0456
36.499
20.9449
31.8564
23.8987
30.6871
19.6889
39.0451
25.8709
39.7654
28.0398
31.2289
28.812
30.3311
24.9324
41.1853
21.2184
23.9238
26.4451
34.3351
30.8544
17.2663
20.06
30.7895
23.1602
32.9427
33.3305
35.73
26.4011
34.6951
34.0312
30.7746
31.9655
35.1394
36.5171
38.1124
44.9725
36.4031
32.0342
46.6906
31.8531
27.5093
37.7557
25.9077
38.9144
26.6508
33.6897
29.8278
26.7002
36.6459
34.8404
33.2097
35.9015
37.6527
40.9501
40.1295
40.7432
37.7865
24.073
32.3999
30.4265
27.5924
36.9512
30.8047
27.8832
37.3642
37.9052
31.2825
25.788
26.5886
27.2727
34.6076
31.7016
31.096
20.561
21.4615
35.1157
32.3417
26.8386
22.6595
20.1767
32.1426
34.0818
21.8091
32.7625
35.1933
36.0766
28.094
27.3223
29.0419
33.4584
35.8524
31.2802
29.6564
20.3082
30.4279
32.5358
29.2866
34.617
27.1738
21.2378
31.1878
22.1621
22.339
27.4385
39.4649
28.0043
31.1455
22.3082
26.937
22.0861
22.2652
25.2052
27.8832
29.5883
29.3008
20.5698
21.2856
25.6208
28.0194
21.8812
24.3439
34.977
25.7393
17.5054
38.1289
15.4354
31.6616
19.6721
15.65
20.4738
23.9446
24.3029
20.6804
28.3082
32.7973
18.0616
33.2841
31.1166
26.7833
26.1252
21.3117
20.7764
25.7085
25.896
23.7194
30.5014
19.5997
17.6816
27.1942
34.1096
32.1752
29.9096
27.9303
31.5309
26.3841
23.6869
27.8159
26.099
29.1358
22.9967
33.2558
27.1076
23.8601
24.0341
31.3898
25.3781
26.2278
23.1281
22.008
20.0953
26.1822
26.8274
29.0608
18.2373
28.4114
38.6457
25.6977
19.7719
20.5848
26.2121
33.2259
28.1564
35.7077
28.8296
26.4375
28.1423
33.016
26.5949
33.8057
22.2128
28.9881
25.8727
28.7887
22.3306
19.4934
24.0777
31.3594
21.4765
22.8175
33.5536
32.1686
26.3584
32.5645
38.0103
31.9744
26.1038
30.2899
35.1789
35.5611
28.5006
41.3378
26.8167
29.9077
31.2922
34.2992
27.9417
23.8409
30.6118
23.3908
24.3598
26.5518
16.7779
18.9538
30.0349
29.9388
20.4729
28.7158
25.1131
27.3857
29.9761
22.2105
25.4868
27.2557
18.1593
17.9022
20.3291
25.9494
17.3769
35.4597
28.3981
26.2093
25.1181
21.5612
23.9114
23.1844
21.4762
25.7802
20.2217
18.9762
23.0646
18.2149
16.3794
30.9567
28.3763
26.2453
33.0713
35.2871
24.3893
38.7779
26.9172
29.4453
32.3794
27.0963
25.9194
22.4331
37.2572
38.7167
22.9971
30.9669
24.2375
31.0145
23.0571
27.5432
21.0842
28.3086
29.2204
28.7334
22.4978
29.4917
29.8575
25.5364
28.0474
29.21
31.0087
23.5448
17.9378
31.297
36.9047
19.03
30.6012
27.6902
22.6168
26.0977
15.7228
27.1693
25.458
25.6452
26.1642
26.4972
27.8151
27.63
25.3443
17.2664
25.5581
15.5646
29.7653
27.4522
15.0564
25.7588
24.515
25.9529
23.7422
25.5913
22.5316
25.6758
29.1201
19.6819
16.7136
15.0865
13.7503
14.0835
23.9981
14.9344
26.6704
20.7514
28.0965
29.3648
18.5697
16.4619
26.1647
17.7823
18.7788
14.6821
21.8876
31.5593
23.2718
24.9712
25.647
32.2853
31.1745
30.1543
27.1194
32.2116
29.0836
35.6638
32.3577
36.6794
26.5013
29.9125
22.1633
26.8249
33.982
31.8697
24.6687
33.8124
23.1973
30.612
19.95
18.4316
29.1504
23.6936
33.3309
32.1978
27.4064
32.6623
25.8096
34.7018
17.9462
28.5496
29.5398
27.6505
19.0003
30.062
27.7608
32.8692
19.2599
30.8988
25.6296
26.8885
33.8372
28.352
34.806
23.2908
27.6653
28.8282
33.2186
33.606
29.5869
33.2016
28.6169
33.7964
20.0183
36.8836
20.9873
23.4253
30.2324
30.9455
34.8659
32.2537
34.6148
33.9494
29.3064
31.7164
40.7979
33.7093
25.491
24.9366
33.595
26.3304
18.3861
29.1038
32.8753
26.6838
37.8721
32.1368
30.8613
22.4067
28.8769
32.4432
28.7162
25.2628
21.9951
17.2882
18.1694
30.0835
17.5067
25.0589
25.8181
31.8906
26.4791
27.0465
28.9028
32.1404
27.2604
36.57
17.6868
25.5618
19.4623
30.9723
22.1193
27.5747
16.1182
40.2052
39.4249
20.4574
22.7659
28.4493
22.1991
18.6758
23.7214
19.0375
24.8695
27.9245
19.6691
17.7269
23.3972
28.3706
25.054
20.6759
26.8365
36.0746
31.0875
25.2087
16.9392
36.8654
24.8095
29.5427
24.9261
23.5685
28.3091
33.2812
28.4663
23.1185
26.7567
20.0019
18.8571
29.8543
18.8888
22.0064
28.0811
35.1316
37.1798
24.7843
30.9172
31.6435
34.1412
21.7574
17.5439
28.8343
16.9318
33.1488
41.8842
32.6203
29.2571
27.7334
32.0256
30.9404
32.5261
33.5346
32.6395
31.808
26.5721
27.8859
33.3925
20.3595
39.0867
27.3701
29.7563
33.7948
33.6524
25.2022
34.0731
35.4809
34.4396
32.1305
25.8759
26.4472
17.7855
24.4476
34.0286
23.7276
16.8944
26.2753
24.9686
20.4012
17.523
32.7908
18.606
34.887
31.8843
21.446
15.7358
37.9136
33.294
25.4294
21.6366
21.7284
21.8775
36.0468
29.5043
26.2217
19.1294
20.1225
22.5153
29.5403
23.0056
20.816
26.1493
31.3182
30.9639
30.0012
21.3676
42.8943
26.522
34.4324
28.2477
28.2723
25.6253
22.7517
29.7093
24.7416
31.3942
29.8439
23.8223
36.6559
21.2863
23.4319
21.077
19.3899
28.3813
18.4161
27.0862
30.2433
23.4684
30.1425
25.9689
31.0061
31.9085
31.5594
25.5853
28.0325
19.198
35.69
30.9111
20.429
22.1234
33.4235
25.342
23.1238
30.2452
30.783
26.9259
31.3669
34.8623
30.4844
26.477
32.9529
30.1942
30.6484
25.6494
37.6472
36.2076
26.609
22.4032
25.1503
34.3961
32.0002
31.8394
38.9702
26.0719
26.6255
29.6789
34.787
23.383
41.34
25.0821
31.8561
26.6601
27.719
26.4283
33.6746
18.6039
28.6863
24.4483
28.0601
17.5832
21.6191
25.7529
30.596
24.2902
33.6932
27.8657
30.7615
34.0767
26.0481
25.5784
19.0197
29.0492
27.962
30.2096
30.6129
25.1167
29.496
30.9577
30.1291
20.528
33.6029
31.9188
31.1186
28.8038
32.1805
27.6061
28.8911
33.791
29.1451
32.0106
28.2384
27.06
24.875
24.0526
32.0675
21.8145
32.387
30.5245
30.3401
29.5887
17.7932
30.668
27.1582
27.8346
23.144
23.6652
24.5619
25.1363
23.4768
24.0371
29.9502
24.9852
29.9977
25.3746
20.0743
28.4929
25.2747
17.2957
18.3919
28.7953
21.9186
23.5283
28.4134
20.5306
21.6651
21.6494
28.6784
21.2992
29.7958
19.646
27.945
17.3564
26.9979
29.599
23.6745
21.9983
30.1825
31.5321
29.0821
28.1034
18.6376
25.3724
33.2209
31.0692
30.7175
24.5588
27.7911
33.6131
31.9326
27.7697
26.3367
18.9135
33.2736
23.3555
22.2422
17.1449
22.0913
16.7754
28.6558
22.6322
27.1159
25.8948
31.1314
22.9591
31.5336
29.9537
31.8588
22.1988
36.3933
33.1475
33.5232
25.8341
24.1604
29.3948
29.4768
24.3889
31.5219
23.4427
36.5812
22.2234
21.7019
21.8727
25.204
30.7602
21.4774
24.3878
26.5976
27.5916
30.2786
34.9411
25.0711
24.0964
23.3008
30.817
36.8039
33.1835
24.2557
29.127
38.0452
24.9832
21.3123
17.1848
25.0411
15.3712
24.0985
26.6571
20.3111
29.1334
26.6713
34.3415
32.3528
25.8425
32.1271
34.2805
25.3837
19.9803
25.4875
29.9747
21.1052
30.6456
30.5756
30.2371
24.7515
22.2589
34.88
22.2507
30.124
29.3072
29.068
31.2661
26.6487
29.6076
32.0186
26.8417
26.5035
26.2353
32.007
30.0601
20.1287
30.0571
29.2687
37.0362
35.5473
26.8169
29.4484
25.6456
20.3494
25.982
30.1961
25.1394
29.4264
19.2476
29.3122
18.5062
23.3331
22.6199
16.3785
17.3037
34.4133
19.1676
26.7604
23.6204
27.5034
29.2192
32.349
27.9337
27.7291
26.1366
25.8597
26.9362
17.5718
31.646
31.0635
27.0127
20.5576
37.0596
33.5502
25.6883
23.9522
26.3976
20.2036
26.6088
17.1172
21.9011
32.9656
24.7936
26.8327
26.0118
25.9895
22.6709
35.8874
27.9094
26.9931
28.3267
22.4367
36.7847
19.9326
23.4208
33.9753
28.4548
22.2074
21.6237
29.4251
22.9863
17.7746
26.4327
26.3967
24.2211
32.2846
20.0993
22.8756
38.535
21.9229
30.4803
20.0431
26.9619
24.6858
36.5339
28.2583
31.1307
29.4858
34.2494
31.3389
33.3025
27.6144
34.9878
22.0452
29.2456
33.6758
28.9213
29.979
29.2247
38.2744
19.4324
24.7903
21.3261
28.1957
25.7401
33.0865
30.298
26.8182
30.7834
26.1979
27.2572
31.7316
28.5853
26.0097
28.8997
34.1345
26.0816
36.5267
23.8214
26.3495
26.6367
27.2849
23.2601
23.6086
29.5577
29.1751
23.547
28.981
21.0638
28.1868
31.927
32.115
32.5999
30.3732
21.2377
24.0039
34.3676
32.7335
30.0887
23.0236
32.4281
35.0867
34.7048
32.3929
21.5222
39.3455
31.4545
29.4714
31.5846
24.5659
28.0915
34.3404
34.2376
36.9535
25.9724
23.009
26.8804
25.4291
27.9088
27.5457
23.8537
45.5831
28.8562
32.8169
32.4552
42.7664
31.3131
33.4872
23.3361
24.5327
34.0725
41.3077
21.1324
38.6718
25.6091
22.369
35.8199
38.1914
30.6341
32.6181
35.0822
24.3238
26.1941
29.4864
23.7288
38.5282
32.327
33.2739
27.7471
25.8327
31.509
45.2793
34.774
30.85
31.9925
32.9181
30.5311
31.5218
25.3488
33.9594
22.0355
39.3885
30.8584
36.5028
35.2913
31.1963
33.5757
27.5707
27.1856
37.6957
31.2051
35.2041
25.7438
37.7733
29.9324
37.3384
29.5675
30.2583
41.6515
31.2722
33.0592
37.9923
21.3787
33.052
23.7468
36.3272
47.0216
25.575
25.9786
32.9016
31.1757
24.6222
36.3345
35.7592
30.4985
32.7387
19.8557
48.0479
24.1837
29.1226
34.0446
34.9129
24.2007
26.5311
30.916
33.6522
31.956
29.0878
28.8017
28.4145
25.5819
33.3192
26.327
27.2576
32.9959
30.5774
21.5693
18.3402
31.4831
36.1576
30.5029
30.0985
20.7451
35.6894
30.6663
27.9199
29.835
20.3831
22.5618
34.7145
28.1203
19.7019
21.7507
32.7581
26.7902
24.713
29.1671
24.0118
22.5049
32.5625
29.3993
22.0689
35.0287
43.7745
37.6348
39.0289
35.7281
29.4396
25.9754
29.3636
29.9304
36.6916
26.5695
28.9773
30.1458
27.9864
27.8423
37.8397
26.3621
33.9506
31.3505
29.6386
24.9644
32.1843
25.7662
37.1214
29.5259
36.4675
36.3132
34.8395
28.8225
42.22
29.6579
23.4664
24.2852
36.7025
23.0072
25.6839
20.3758
25.8584
31.8913
30.5617
21.0453
24.7285
19.0528
23.172
32.0684
30.9278
30.4136
17.695
17.9158
20.4945
28.535
20.5149
35.0989
30.0277
23.3035
34.8094
27.9123
29.0217
27.7196
38.5493
29.1016
33.6035
36.0229
29.6751
32.3377
22.465
33.7205
38.7007
23.2356
30.2063
33.1594
44.7943
31.5073
20.9421
25.7656
27.0011
25.2877
35.8814
23.61
35.5478
31.0054
38.5231
25.2934
31.6267
28.1314
29.974
31.8716
33.2599
32.653
34.4549
24.019
29.0706
26.7872
32.55
25.7298
29.5292
31.0297
44.0328
26.6325
29.2631
32.8649
35.1719
26.3257
37.0656
29.9348
23.8077
29.0914
23.5805
29.5119
36.3858
27.9149
34.5647
25.3534
27.9797
25.638
29.6875
35.2525
32.3732
31.9446
49.1125
23.4463
34.5759
26.6118
34.9719
39.7043
34.6212
44.714
25.0796
34.5915
33.7404
34.5725
27.0645
39.092
38.3887
35.6498
29.3333
29.3603
23.5646
25.8441
31.6874
26.9154
30.136
35.8472
28.4226
32.3587
32.7099
30.5363
37.0648
21.579
35.5064
43.0447
24.2779
31.8372
25.1578
27.2686
38.7785
23.4236
20.7812
30.2963
20.5968
25.7466
28.7962
26.455
29.9122
35.0031
38.1307
39.7765
40.3672
31.8937
40.4027
23.6006
27.9568
22.0738
33.8811
28.1255
42.2276
30.0836
48.5411
38.6287
34.7812
33.6095
34.078
22.4991
31.5141
37.5398
36.8792
36.2695
36.6822
39.9199
32.8125
29.8339
28.414
25.1786
26.3871
35.7408
39.6673
29.8762
30.7853
24.3022
34.8702
27.1934
36.2906
28.7957
32.2112
19.7179
36.385
31.8789
36.1593
26.1117
33.3349
24.6852
37.7519
26.9688
23.8328
26.4084
24.0527
32.3884
33.1979
30.0916
34.5825
28.2633
37.5885
35.1499
29.0456
25.0581
39.6332
32.3926
21.6642
35.2257
25.0215
22.8055
28.3763
21.9709
27.47
21.8188
22.8471
16.8804
26.4588
16.5902
22.8998
19.9526
21.0174
14.2079
25.7073
31.351
21.5124
18.6916
30.4612
31.8264
28.9189
33.0482
33.7043
29.585
30.3886
22.5452
16.9229
31.4258
26.1819
22.2975
22.6027
27.1001
31.8347
37.1116
34.5552
30.2012
28.1124
29.831
37.1885
33.8967
26.968
30.6368
27.0865
31.3064
21.6797
27.1948
18.6625
17.3339
19.7963
33.9278
24.9643
26.3373
34.4372
31.8845
31.9514
29.8744
36.9152
30.3014
30.8202
32.857
32.2859
18.7637
24.3795
23.3099
26.3904
18.4156
17.8088
19.4992
26.2004
24.2265
30.6524
28.2052
24.5863
32.1712
27.8369
26.5811
22.7463
31.764
23.514
30.2382
30.734
21.7659
31.3751
30.7894
22.7139
24.7885
31.2895
20.7275
38.4919
24.984
28.3798
24.9253
34.6321
27.6459
25.9588
29.0584
28.6731
29.9748
31.072
38.6294
32.6586
23.2286
33.7061
33.2884
40.5383
24.994
23.4444
19.987
40.1296
18.7898
26.8979
20.1813
29.6714
32.0168
20.2432
27.9171
28.4868
16.6457
31.1262
18.0955
34.7309
19.7487
27.8238
32.0184
21.6874
17.6668
22.7488
25.5467
28.758
24.0458
25.4987
30.7939
32.8883
29.6175
26.6902
27.9904
31.5259
39.0382
34.5007
32.8798
22.5161
20.5837
24.8766
32.1858
29.428
27.5402
24.6767
19.4829
33.2936
29.6092
28.6254
36.3096
33.1815
23.284
33.9284
33.4306
32.128
26.9606
27.4311
36.517
23.5623
31.4425
18.2597
29.7359
17.7074
29.9349
21.9179
28.6224
38.9397
29.917
33.6565
27.996
29.8439
37.103
30.8815
31.7535
31.6005
39.3207
31.2318
33.1336
21.2821
39.5122
33.3265
26.2462
35.5496
27.533
35.5967
23.3603
31.3069
29.9794
29.1774
22.895
22.1261
36.1052
18.264
19.35
28.0122
22.1551
29.1006
35.5451
30.9421
20.1709
29.1256
28.128
29.411
29.0981
33.4831
36.0184
27.7081
29.7101
18.9096
28.2818
18.8565
32.2178
30.4777
23.6503
23.3354
31.3495
21.9857
27.2599
24.8615
30.9573
36.6344
21.9171
20.7594
28.0959
18.8444
25.2138
29.7437
32.1153
31.3771
32.1356
28.8454
26.1903
43.0059
28.022
34.0954
33.33
35.4404
28.5199
27.1347
34.0886
22.7144
21.0204
21.2275
24.2785
33.1655
32.6886
29.1281
34.0864
30.3303
21.6111
34.191
26.7431
20.068
26.9815
20.8356
26.3
25.5421
29.4371
23.5525
29.1576
27.703
26.1378
30.0775
28.4895
34.0124
29.7082
29.6673
31.0497
32.1646
33.6481
26.4315
25.4817
34.5191
37.4581
27.297
21.2975
34.5393
21.7294
23.9217
19.4864
32.9932
26.467
35.6708
27.9658
35.5191
33.8872
18.4566
33.6821
30.1463
25.8787
18.8318
29.3382
34.3175
25.8641
30.0252
19.7512
30.2099
30.0245
29.1329
22.3481
27.2469
28.9572
21.1653
34.6324
33.5232
30.091
28.0792
32.2851
29.7186
25.2488
34.7306
21.8935
27.4242
20.032
22.0709
22.2467
31.2731
17.6695
34.5295
30.0318
21.92
31.3424
26.0659
35.0785
24.5095
29.0697
34.61
31.0573
33.4264
20.2733
27.3362
20.4197
32.5631
33.4326
43.9196
30.9583
29.0811
31.1956
37.5871
22.5571
45.3834
22.1348
32.0048
21.1092
33.1542
30.1022
27.153
34.9188
23.7413
34.7716
33.6514
34.9551
37.5134
24.568
23.6526
27.1731
31.0396
21.0582
34.9674
23.8721
27.008
25.7267
26.9012
32.2834
20.8123
21.5619
22.9721
45.6036
40.4444
33.2824
22.3222
25.0599
25.3647
30.1483
33.6965
25.8235
29.1008
32.3919
23.4021
20.1396
33.3406
30.5139
33.6597
44.2708
35.4504
40.4237
35.9945
28.3078
22.4876
31.5852
34.9431
36.4867
30.0249
24.5822
26.3804
27.0991
33.9289
36.3494
26.0875
37.7588
36.9667
37.3639
32.8646
41.6046
27.3577
30.6464
36.5634
21.9842
25.6408
24.212
21.1568
26.8454
31.2438
33.5812
34.0767
40.511
37.1682
22.9944
31.5977
35.4238
35.1933
33.202
35.5427
33.919
31.3192
29.8849
39.0363
21.0439
27.4613
22.3833
24.9863
42.3778
29.8493
24.0471
24.7061
36.5429
34.3208
34.7139
41.5671
31.5236
27.7476
19.3388
32.868
31.8468
35.1091
36.1114
24.7857
22.4462
28.2228
32.2105
32.6568
31.3928
36.1873
19.0596
28.4361
25.7305
30.2527
26.594
26.432
31.179
19.5077
29.2768
33.1181
38.1808
27.2137
27.2172
30.1233
31.9345
21.9236
22.3132
18.8304
23.6752
28.7425
31.1902
29.8566
22.8864
22.2597
24.3364
32.5764
28.7609
26.2029
21.1523
28.7059
21.937
28.122
26.6226
22.6114
21.0264
27.3153
21.2957
25.2273
18.0809
30.2342
25.7897
25.2145
23.2008
17.9435
16.5658
26.4881
21.1459
25.7949
18.7335
34.6383
28.1977
32.5682
34.356
26.6716
31.1957
27.9579
27.005
31.6956
18.437
32.4768
29.0727
32.4966
34.8132
26.5963
25.3659
24.2467
37.1124
25.5768
27.062
26.2421
31.7882
31.4153
30.9943
29.1786
33.1789
16.9474
31.5279
27.9873
23.1943
34.0431
31.8488
33.4373
27.93
28.193
41.8609
26.0609
25.6382
33.2602
35.5337
34.8349
26.186
25.3709
29.0771
20.5663
31.9564
37.1655
30.3552
31.5115
24.4039
33.2988
34.23
26.8386
21.5801
23.8131
25.9185
17.7182
30.8689
19.4833
20.6045
29.5842
15.6978
28.6007
31.49
26.858
26.8298
24.5747
31.0465
22.7979
28.7673
38.6269
41.2944
33.2702
27.6757
29.9596
21.8381
31.5761
24.3858
32.1219
29.9571
32.8042
24.6467
33.6351
16.9341
30.6629
24.1499
36.5135
31.9606
35.3816
22.7298
33.3607
28.539
32.7863
28.1396
34.4586
24.8762
32.8743
38.4935
25.8347
23.3293
29.7767
27.6991
32.3907
24.5337
29.8601
27.8618
34.1312
21.3008
27.6524
19.5994
29.0868
24.2531
23.5307
18.8692
23.2049
23.9804
30.0191
28.1771
31.1263
34.0509
36.6284
29.0692
36.5886
31.2043
27.0784
28.1084
33.2957
33.9906
24.1963
25.1859
23.7159
24.523
29.7746
26.5426
22.491
33.0208
38.3308
30.8699
33.8013
27.9461
30.9212
23.8865
37.4546
34.6472
33.9651
22.7088
35.1884
41.3953
33.568
22.1128
34.2715
26.2826
31.0857
32.4554
20.5567
30.9221
33.7047
22.1943
17.4843
26.7517
19.2213
29.3448
31.6947
23.6656
22.7746
17.7225
20.8842
30.0647
31.3925
29.6398
30.6732
35.9501
33.9615
29.2727
29.6241
28.3942
27.1584
25.0807
30.0119
24.2238
24.1666
21.4388
21.7276
28.4113
21.4319
27.9095
24.0905
24.7658
33.12
32.8314
31.624
26.5841
28.2828
34.1974
33.2422
28.0918
20.0703
28.2838
15.5243
35.4148
30.5869
23.7538
19.8507
28.5874
28.8198
37.314
28.8809
23.6964
15.6731
24.0198
32.5659
30.6811
29.9758
17.1641
35.2509
22.3898
31.4082
26.411
30.3061
20.2385
24.2588
31.5124
34.4788
30.6515
33.831
26.3778
28.3193
40.0596
38.1623
31.3109
29.6701
23.3938
18.7395
24.4536
29.0306
26.0228
24.5575
20.3053
25.134
25.0428
42.671
27.1625
27.8886
27.4362
27.2348
27.2777
30.2121
31.6275
29.4864
34.5963
35.7629
31.135
29.4736
18.8407
32.7421
25.9886
27.1806
24.5933
19.9161
31.9233
18.9366
33.2277
20.4804
19.7923
22.2293
25.5408
19.6394
31.9799
26.5786
25.5504
29.1945
31.3119
34.3503
37.4522
32.3478
31.9127
27.8406
22.9426
37.7569
29.2789
31.7903
34.3539
34.5889
27.3259
24.1616
22.0745
33.1261
24.2441
30.3233
16.9329
30.1235
22.8351
27.6173
34.2247
29.1944
30.262
30.242
27.6508
33.8807
27.181
29.1639
21.8256
20.3666
22.6352
26.372
31.1089
34.05
21.5906
28.9765
31.9083
30.3984
21.5014
16.7244
23.6361
34.7694
31.3699
26.0538
21.5534
31.9667
26.516
37.9443
37.3469
27.1209
27.8049
25.106
22.0469
29.5871
26.7154
28.1732
30.1951
33.0997
27.308
21.5232
20.5114
24.1931
33.2828
24.8992
20.196
23.5233
17.6358
26.4875
38.2587
31.4578
27.7659
26.0133
29.2885
28.9994
31.4601
27.1961
22.8892
19.6542
26.9061
20.6065
20.2956
20.1925
26.096
33.9136
29.9608
30.7544
24.1352
19.6726
28.5406
28.9863
27.6612
35.2566
37.6885
35.6355
20.1471
25.6055
32.8229
22.1193
32.7006
24.3989
32.4223
32.8142
26.4937
23.7282
42.6848
32.592
30.4618
30.2803
38.699
36.4428
31.0842
31.6568
18.668
30.7213
28.5746
21.7269
26.3734
25.272
35.0603
22.7514
28.9799
28.2198
25.7596
21.9727
26.941
28.7006
28.6098
35.9228
24.4368
26.6488
24.0052
30.7734
22.5985
20.7152
17.3113
20.0548
28.9995
30.0759
27.6074
21.9376
28.109
34.7244
24.7135
36.4403
35.1857
25.4276
26.0089
31.7625
31.6434
22.9897
25.764
35.5654
27.8014
34.0722
33.7225
38.2887
27.4578
24.0506
24.1143
30.7002
31.0898
17.9349
35.7413
22.0094
36.4057
29.4673
21.1091
28.5944
33.8205
38.5858
30.5314
28.1433
19.983
35.3232
34.1827
38.149
32.3287
37.0534
31.448
40.3216
26.2933
25.076
26.246
20.5442
21.4836
25.7046
28.8805
18.957
28.96
22.0064
21.9354
16.4337
24.6938
19.4066
24.3876
26.3713
20.5662
17.2089
28.3151
30.818
28.7957
27.5531
27.1173
29.7062
23.8174
33.592
23.4585
27.1632
33.7139
29.8022
21.1177
19.2997
23.7169
35.5212
21.7834
22.611
30.6815
29.0295
21.5219
26.8575
24.1415
34.978
27.1652
28.0155
32.7042
31.3987
32.5931
30.1843
21.8264
24.4231
19.7013
24.0821
25.167
31.187
22.126
25.9051
23.5603
18.8266
26.607
26.1468
17.2776
32.6352
20.6481
28.1187
30.4065
17.1735
36.5413
21.9979
20.3765
14.1698
31.8726
32.2871
28.1752
35.9227
24.6648
36.6641
31.8413
32.0022
28.221
27.5976
31.8115
17.939
29.1539
26.7535
24.6599
27.7287
30.5514
31.4919
30.406
17.5955
19.507
32.3358
26.0938
26.2974
32.3145
26.0915
26.172
36.186
32.1111
19.4765
28.0826
24.1823
28.6419
27.2376
21.4048
35.1716
30.2249
35.3313
19.7164
36.8674
22.5944
37.2212
21.247
35.2866
28.0485
30.2266
27.4578
21.7358
29.5399
33.3905
29.5769
36.4027
28.8429
22.7743
21.9801
19.627
20.9548
28.816
30.4135
20.1407
25.482
30.7741
22.6364
24.982
27.8211
30.0666
26.7453
30.7921
23.0789
42.0813
29.8466
24.9511
27.1707
20.3941
18.9309
18.8653
23.4328
34.1845
22.7066
28.9867
35.2133
33.1362
18.3772
19.6479
28.4844
31.0177
29.9496
31.5933
29.1255
28.8087
28.1564
32.4587
28.3863
20.72
32.236
28.3845
30.3153
36.6394
30.8801
31.8007
24.5284
40.07
32.2076
32.6517
33.6736
25.8405
39.4392
28.3367
33.0091
31.4469
26.2216
33.4499
30.7058
36.1953
22.611
25.0007
22.8999
39.9746
27.1164
35.6492
21.7012
19.97
29.8466
28.2369
27.4634
23.7882
33.9302
19.6375
35.3655
29.0491
19.5819
32.4161
27.7715
20.3242
22.7559
19.8528
30.337
31.1443
33.7254
32.985
27.1467
27.387
32.6457
37.0338
21.9674
32.983
26.8656
26.4071
27.1606
40.5325
26.7707
28.5939
29.9984
20.9081
24.379
20.6101
20.7158
31.3991
34.0193
30.3573
26.4653
30.6187
30.1992
28.2174
31.8541
29.764
30.6754
23.8299
27.3834
31.1481
34.1409
25.0903
29.7854
24.5448
19.7531
17.2625
28.5163
40.29
32.8338
24.5037
30.4129
21.4297
28.3224
21.8052
19.3198
22.9113
19.1757
32.1905
21.8275
24.4259
30.2105
16.742
33.3382
33.1327
23.8482
33.696
17.5744
32.2617
35.3529
34.8005
29.0634
24.5042
26.0586
30.1211
38.7608
25.7162
24.0519
27.6128
26.2302
26.3414
25.9363
31.4379
25.4504
24.1579
25.8452
16.8504
30.4248
35.7183
31.8078
33.3889
28.3875
26.7773
28.014
22.4162
28.7485
35.1979
41.3623
19.8233
24.1493
28.8469
26.8484
27.0969
28.305
20.7198
27.6908
23.3689
22.5505
21.1136
22.7713
19.5839
24.7718
33.5169
30.2978
35.4126
30.0176
22.6269
23.0351
31.0682
23.5641
26.6774
43.1434
31.5927
33.1389
33.026
22.0353
25.3683
25.9937
27.812
33.846
33.9257
22.4504
29.9188
29.1861
32.3683
35.2483
31.6064
26.5754
20.5559
26.8628
20.0266
37.8504
38.3912
35.6018
38.9645
21.1701
34.3615
28.7253
41.7732
39.1117
33.6633
26.58
30.929
23.1327
23.2986
25.5407
23.1859
18.3698
34.0964
32.6499
23.2255
19.1869
26.2162
22.7875
16.0423
14.84
24.4184
31.3165
24.9719
29.9695
25.2402
20.7634
29.5207
30.7826
21.0886
24.5184
24.4973
21.9284
26.8081
29.4692
24.8966
31.6483
33.9172
23.959
35.1631
29.327
31.5521
28.9289
30.5349
33.0859
28.7318
26.8525
20.583
33.1847
31.0519
27.9377
27.9827
29.4237
32.0109
23.1253
29.4304
19.4177
31.1789
32.1621
24.4209
18.2458
17.8043
16.2027
28.3601
26.5577
28.6028
20.1341
32.4228
21.6498
17.4974
26.7306
26.4997
18.9938
24.6937
29.4442
25.3714
19.322
30.4309
26.4505
27.0308
29.3341
17.9206
16.4262
21.31
17.7893
32.1405
32.2638
21.0443
24.1295
30.0391
26.0119
21.2222
26.2743
18.69
37.8472
19.1026
23.4312
18.3133
27.1444
28.2215
28.6581
33.4125
26.0386
26.8272
23.4011
26.6835
28.0536
22.3931
28.8079
23.5921
26.3461
17.8164
27.3486
25.5896
25.8256
24.1375
19.2796
15.7779
23.7295
23.5771
22.9997
31.0694
23.199
32.0841
28.6345
27.589
22.8633
27.4855
22.9311
38.9866
22.0312
19.033
22.7184
33.0908
24.2331
23.6377
35.7913
23.5579
29.3973
32.0161
28.199
39.7962
23.8482
30.427
24.3245
43.0835
25.1766
29.3233
31.1545
32.1774
24.7108
29.7774
26.6102
30.8737
33.1233
20.1511
18.07
27.3552
31.2019
28.0082
27.9233
25.5823
24.8472
23.5516
24.5604
18.5317
20.206
23.8442
26.3457
28.2384
19.7489
35.984
23.4414
23.5569
28.5149
28.6254
24.2354
30.4954
26.1502
17.6375
23.5173
21.9445
24.2965
17.7065
29.0856
23.2574
20.9712
29.7538
21.2255
31.9248
31.8839
31.9713
20.3067
29.7766
30.8416
30.9688
27.5194
30.3509
28.1424
31.8244
18.7928
25.734
30.7529
36.7057
25.3171
17.8159
23.0703
18.8129
28.1801
31.2929
17.2801
30.0622
27.5716
28.2391
32.5733
25.5553
23.515
23.4623
20.5728
24.855
22.481
27.073
33.3794
26.2327
23.906
27.0585
23.7229
28.3309
18.581
28.8498
29.8266
28.3339
25.4088
24.3982
29.5123
35.4046
22.8795
24.9498
25.5151
34.9311
18.3506
24.9401
19.519
30.7198
27.9229
30.456
23.795
23.9604
32.2666
22.1387
30.9149
28.9251
32.895
33.0274
18.5257
27.7582
27.1948
29.2211
18.6045
22.8477
29.2942
29.7708
24.0726
32.7517
24.9824
31.8625
23.2616
29.3917
23.0688
26.6159
34.4655
25.2411
31.2391
32.8824
22.7888
26.4832
28.9754
27.3956
22.6491
25.9089
40.7645
36.3182
23.2341
35.7723
35.153
34.3161
30.2056
33.0981
37.4487
35.5454
30.2413
36.9022
33.6521
34.7305
28.2626
34.6831
32.1581
38.9264
27.0273
23.2451
23.852
31.8903
18.2717
40.4354
35.7843
30.7602
28.9016
19.5858
28.4436
21.9123
19.3504
16.3481
19.857
21.7111
21.9315
17.6623
35.2265
30.3959
22.9469
32.6138
27.3621
27.8952
18.5929
25.6564
18.3248
24.2217
24.9804
23.5265
31.3845
35.2085
23.7352
29.6742
21.0323
25.4437
24.0206
18.7515
22.4963
18.4416
26.9362
25.6868
18.082
20.7313
20.8869
22.4047
29.3635
27.0795
15.4175
37.3863
26.8279
32.1453
20.7571
27.3453
32.1629
34.2254
22.3926
18.6059
38.318
24.3673
26.4006
28.7493
17.5659
17.7254
28.3747
23.6266
25.0692
26.4428
20.3107
25.753
30.3015
20.3941
35.6731
33.7484
28.858
23.019
28.4984
38.9785
32.1655
30.0562
34.0149
27.6014
39.2515
33.4621
25.2962
28.5629
22.5286
29.6297
32.427
33.0409
17.113
37.1065
20.8996
24.137
31.3545
29.4838
28.6788
29.7254
27.4549
17.3752
20.834
32.3039
29.8506
27.2196
23.3458
31.0437
19.1056
27.5095
21.2189
19.8703
21.6315
27.9387
32.438
40.9129
24.8985
20.736
22.7567
17.105
24.214
21.9273
18.2984
19.6419
17.4117
20.8042
25.8629
22.1781
27.0377
30.3064
26.2753
22.0711
27.5318
31.1677
27.7002
24.7079
29.0255
32.7978
29.3297
27.9401
30.3712
30.0947
31.3759
22.0181
19.0135
24.8003
27.8731
35.6984
24.2342
39.6753
23.5865
18.4948
27.96
37.1424
27.21
25.9549
25.3236
20.9541
22.8204
23.3524
26.3666
35.5656
40.4842
24.6035
19.909
26.0982
31.9941
21.7856
29.2351
19.8017
35.0432
22.7535
31.4122
34.9564
17.964
21.0758
34.1443
20.479
31.7061
22.632
32.7543
27.9801
27.5695
28.9394
23.1123
33.5476
33.6517
25.6966
31.3872
30.7928
30.8772
34.6779
30.4296
27.8151
26.3949
36.5558
32.4988
28.802
24.7832
41.552
32.4417
34.4829
38.9162
33.6316
25.7607
31.6612
28.9936
34.6573
41.8788
30.918
26.6583
23.6784
22.1675
18.4934
29.613
25.9866
26.7726
20.9433
30.7182
27.334
26.9322
29.2776
25.6946
26.8268
24.1514
27.1966
35.4911
28.1581
21.0137
18.4016
20.2097
17.6203
22.2718
17.1672
25.6889
27.2268
23.3586
20.7324
20.9041
24.5472
27.276
34.1291
35.223
22.9197
22.9889
23.875
32.1469
31.9084
31.8302
27.4723
26.7128
32.9737
32.2225
25.9216
38.0515
32.7352
39.9455
36.5583
30.352
33.0563
23.2722
19.5733
23.4937
30.2475
22.5317
20.4853
26.4516
25.381
27.0057
32.1989
26.7464
34.4783
21.0797
42.1701
26.238
25.7638
32.8598
26.8001
32.2215
18.7549
32.4667
26.0784
17.5784
21.649
27.8593
28.5724
34.2627
31.4306
36.0572
20.9713
31.9044
32.3241
21.2123
23.9957
27.5517
23.5484
22.8364
29.0715
23.132
35.4347
23.7053
23.0251
26.6396
31.2713
34.0733
28.5579
26.4107
31.8105
16.7292
29.2554
26.5994
26.9618
20.2869
24.1117
19.1058
20.4185
23.2402
18.9539
22.8381
29.1447
32.1479
33.4572
27.9827
30.4694
28.1498
22.5049
31.1814
32.2972
28.7767
23.7854
21.4864
25.8225
28.3349
30.9596
37.9841
27.0415
22.2535
25.8722
28.1546
29.2758
25.1825
24.6162
34.1155
20.3782
35.6674
29.1121
25.1532
30.7444
33.6279
36.7138
30.6077
33.3709
24.397
34.4844
24.3234
15.669
30.5362
32.4362
28.8201
33.7291
19.4505
28.24
19.1715
22.4033
32.3613
29.1538
14.8883
26.7758
26.2613
23.9064
16.8013
27.4979
27.9945
27.7549
33.9246
33.5612
28.7492
31.3626
29.207
29.4275
24.2811
23.8222
30.9955
31.3704
25.7294
28.2589
26.6015
17.6455
27.5869
23.5205
29.3462
32.4915
35.1223
26.0363
24.157
21.7057
24.6903
26.219
26.2234
28.6895
27.4945
30.6234
28.0426
19.6615
27.0691
17.9441
26.5054
31.261
27.2017
17.453
28.1301
26.0766
21.9389
28.3242
25.3225
22.8014
18.84
17.7924
16.1418
16.8781
27.4906
20.4008
25.2376
30.5205
22.203
31.781
25.3749
31.2594
31.7715
30.8189
30.8596
28.8162
33.5762
20.0414
27.6195
23.2915
32.1906
20.8365
27.4154
24.9436
24.5381
22.5826
18.51
23.8499
23.6268
22.41
28.5949
27.6421
28.0319
24.0779
24.5771
25.044
30.8802
30.3591
31.2268
25.8198
17.3761
30.187
32.8214
29.5317
26.6805
15.8919
16.6501
26.7088
17.2495
26.8983
14.9248
27.8683
21.4886
29.3034
21.7402
23.8711
26.6943
27.0368
29.5115
28.3652
32.4768
24.5022
22.3372
29.3688
23.0899
28.582
25.7803
29.6369
33.3766
31.4175
28.5337
34.6752
31.3365
35.3902
30.4469
28.9364
32.5955
24.4076
17.6969
21.6436
27.7028
24.2697
25.4966
24.8054
28.8528
33.6048
22.2946
27.6378
31.1257
38.8676
26.5628
31.1432
25.7494
17.7428
21.4529
32.3188
26.7703
28.4891
21.7636
18.7126
26.7999
27.7461
17.978
31.318
23.9896
32.7763
22.6324
26.7259
35.8847
34.5596
31.1439
21.6524
28.75
32.2558
25.7862
27.9655
35.7107
19.682
27.3202
35.1337
28.6998
29.0268
31.0586
37.1878
16.2439
35.1616
27.9476
29.9244
30.8742
30.8815
22.2321
30.969
27.5738
37.0372
29.3111
22.9845
24.0172
28.7
32.0892
24.9936
29.2
18.5552
26.7737
20.8247
33.3062
23.9719
16.9906
28.1009
21.4068
24.0069
17.4936
21.336
25.6217
23.7332
22.6314
28.1183
25.0596
38.3223
38.6013
29.7699
26.9427
31.2886
35.2707
29.6077
32.2849
25.3926
27.0503
38.0679
29.5208
42.6826
28.0465
30.789
30.201
22.0296
36.0994
23.1145
22.7719
38.3621
33.7625
30.3574
29.3757
30.4139
42.3109
26.1685
21.1634
25.3188
28.7017
27.2391
21.0417
29.4892
30.8869
33.3771
27.7948
18.8681
26.5031
34.1705
19.1433
34.0745
19.9747
33.9878
19.8725
32.1707
17.3836
33.4208
29.5281
24.3742
20.0702
37.1406
22.8798
33.1221
29.8641
34.3725
31.0868
20.2087
23.4496
26.393
20.308
36.9152
23.8359
34.0522
35.4755
20.3865
20.6609
24.109
28.3583
29.1841
32.9689
26.719
23.1282
28.5711
30.3306
23.8153
38.7674
28.5933
18.14
23.2612
40.6805
30.6111
36.8296
35.0687
28.2515
34.6382
32.1399
32.7973
30.8174
24.5844
26.8581
17.4976
23.1632
24.9264
32.1815
28.9166
25.247
22.2327
16.4782
28.5397
29.5842
22.6716
26.7713
28.7538
27.3492
35.9113
29.3118
29.484
21.3867
27.0479
22.3872
23.1408
28.6394
27.7107
30.047
25.7359
21.3169
30.5744
29.1703
28.5737
28.6519
28.3593
30.0725
28.1216
29.1023
33.7624
27.5507
20.5711
15.0214
25.5563
26.7208
30.1796
24.702
25.2801
32.6896
32.223
26.9772
26.0309
32.0053
25.2859
28.1806
28.9544
26.3244
19.5821
28.2899
31.9548
26.1288
30.7065
23.04
27.412
24.3536
22.4757
16.0167
28.5524
16.922
29.5803
24.3197
23.6399
21.1291
17.9032
14.6159
19.2018
17.6991
25.6297
21.2856
16.9738
23.3975
24.8409
23.2177
27.5942
18.3826
18.8755
20.3297
28.4401
24.2866
25.8119
25.1145
21.7875
17.9076
25.2779
21.7856
20.0014
24.9977
21.9177
26.7756
32.0518
17.4053
22.2157
29.7577
30.3946
15.6715
31.5315
25.6669
26.2647
26.3901
24.2899
25.9616
17.2384
22.8678
26.4633
30.8719
31.8943
30.437
30.1162
27.1347
24.9268
31.3263
33.0251
40.0132
36.7767
33.3833
22.7175
31.8657
26.68
28.3398
24.0095
32.3372
31.2934
22.909
24.0189
26.8504
24.461
36.7441
22.5212
21.3067
24.5308
31.6111
26.005
33.7807
22.756
26.8233
27.8176
31.5489
36.3872
29.9279
32.6231
24.4401
22.7852
31.4453
22.4933
20.8705
34.0021
33.441
38.3039
20.1055
30.9598
21.1633
28.9759
21.107
31.0175
28.3214
18.5102
25.9924
31.4162
27.559
31.518
27.8383
28.9488
28.3685
20.5107
23.3839
31.192
28.0556
23.0606
29.7723
29.7368
20.1977
30.8854
19.6212
28.7821
29.1505
17.23
24.3248
17.8253
19.4546
34.3944
22.7197
31.6958
28.8074
23.6675
26.6891
24.0149
26.625
29.9862
27.0693
26.5991
17.372
26.4342
32.0328
28.955
32.229
31.4266
24.8727
31.9096
21.1906
26.7907
32.115
25.5841
29.3696
21.2423
30.6636
36.2732
26.2996
26.7133
29.2614
27.0257
29.087
22.1061
26.6222
35.5613
31.6537
39.0571
19.4182
27.1609
26.1263
27.9005
22.5709
19.2492
18.592
34.1226
26.7251
33.8866
26.9753
34.3684
29.7274
36.7915
31.7138
30.2096
22.324
31.9348
29.7215
26.0695
18.155
39.2246
31.6288
35.8603
35.6767
23.7752
34.4674
27.9966
20.9573
19.922
30.1084
20.3863
27.098
24.5219
32.8614
23.4373
30.1387
23.658
24.3009
16.7731
26.5054
26.4675
35.597
21.7873
30.5367
30.6247
19.9672
34.4942
20.8301
29.6579
30.3144
26.4952
30.663
32.9678
25.7555
34.1384
23.8963
30.6316
27.7222
30.6068
31.0164
22.2952
27.1195
32.596
31.0077
24.8089
27.6437
36.0503
36.1535
30.9703
25.9527
20.6878
27.0646
24.2692
28.5131
28.5021
29.5126
32.2303
21.2642
28.6415
35.7508
35.3521
20.8039
30.8221
32.4124
34.7478
37.9596
19.9466
33.4741
26.3864
35.7566
36.2379
28.7452
29.6021
30.8758
30.9685
34.0794
35.368
31.3772
33.5369
26.4088
24.6526
47.2526
36.4059
34.7972
39.8241
31.3085
38.5696
29.7954
36.4932
23.2126
33.1365
28.3513
38.6933
27.5403
32.0969
35.9332
28.5097
35.0087
25.5789
34.7201
44.6466
38.5792
40.2404
30.9126
34.8409
27.6464
33.8123
22.9768
29.2454
22.1182
34.9909
30.7284
33.0345
22.1984
37.1861
31.6482
22.3851
38.1169
38.165
33.5705
36.7371
38.9118
27.8882
32.2443
24.6445
25.2758
33.5941
24.6388
36.8338
34.4855
35.7595
23.7408
32.3602
21.8799
37.44
22.8827
32.3991
24.4
30.1923
31.6042
32.7061
29.9566
38.0374
25.3601
32.9082
29.542
41.0382
29.7769
22.3488
30.9601
23.4697
40.9626
41.8323
35.7194
37.7981
34.6616
34.412
25.1136
35.532
19.9273
37.1021
23.9807
26.1999
33.1379
31.3485
24.5323
30.7178
37.5829
33.604
27.7443
22.1176
38.827
23.4208
39.6471
27.7533
47.1565
33.6397
27.1771
32.1657
40.9807
35.9495
42.8826
34.7099
25.157
36.482
32.2766
38.7958
34.96
35.9777
38.0367
43.9961
36.597
33.9646
37.7733
41.6133
30.275
42.887
35.9582
36.6205
25.2371
26.0684
29.1612
35.8279
38.2593
32.1506
20.6401
20.9955
33.4488
22.6171
28.2722
32.6235
30.1374
35.4107
30.7089
29.5842
25.4531
37.4008
43.162
36.1864
30.7286
33.5588
22.4835
26.2902
32.2942
39.9128
24.0956
26.412
27.0982
35.8054
34.828
25.3679
25.5138
35.1806
41.2678
37.9956
26.3301
43.6067
28.1214
37.3072
37.2687
27.6285
25.8222
36.188
27.4954
28.7328
33.9824
37.7405
32.8397
27.911
36.6396
36.3194
48.3315
39.5164
34.8837
28.4815
20.3902
22.0144
29.0317
24.6478
34.8818
36.2619
37.7294
22.3756
22.8244
33.0023
34.5399
24.3829
20.207
31.7498
31.3795
32.0577
22.2877
30.9122
31.3513
33.7396
25.4455
28.99
34.8753
32.5356
23.9156
26.0273
27.9707
34.952
27.3298
35.2115
33.207
32.1957
28.4826
33.9987
31.5242
31.8367
27.0728
34.6164
31.3483
34.8849
30.7821
29.8677
26.8492
22.8721
25.022
18.7757
22.6454
26.6761
33.732
25.2777
36.8022
27.0295
17.253
36.7273
19.2434
32.7958
22.7507
37.6832
23.9002
20.2635
17.8477
17.8803
30.7111
30.6765
24.8947
25.846
24.6974
25.2442
35.8061
36.8069
23.6502
19.3652
21.427
43.8249
33.5091
37.2138
29.0858
36.9373
25.7146
35.8711
36.802
36.6556
35.5891
42.006
32.2079
35.9859
34.967
27.0831
20.9903
30.7144
29.8238
36.72
29.4783
42.6766
27.6255
21.1426
24.8999
31.9921
28.9524
21.2794
26.9811
30.7254
28.4913
24.7836
34.5514
33.1519
22.5537
20.0322
17.1812
22.3748
17.0246
22.8739
29.4471
21.6046
18.5281
19.9223
29.1112
23.4231
24.9216
22.4827
27.1489
19.5389
21.2454
17.6647
25.3145
26.1855
24.9475
21.5093
27.9733
27.6944
26.1668
20.495
24.3971
33.6951
30.0161
25.6222
23.5104
17.8968
25.1363
25.4757
28.8988
28.8073
39.3867
18.9476
31.5015
22.2606
32.7816
30.7968
28.5209
25.5622
13.3553
22.879
16.3028
15.0401
12.5902
21.5079
19.5784
19.0941
20.5693
19.1664
11.7662
18.8901
20.6288
19.2585
21.2107
26.2168
17.8249
15.4797
16.5336
18.4623
16.6089
24.3022
20.1469
27.9069
29.2383
23.8276
25.4619
23.5889
23.1779
27.3596
29.6319
17.7745
22.9203
17.2758
26.7181
21.85
24.2356
21.9713
22.0003
15.3774
15.563
24.5525
24.4385
16.4467
31.1091
20.7788
27.6383
23.1714
30.7261
18.795
13.2996
21.2387
22.1954
13.7042
20.0959
28.1476
20.0142
25.6526
14.02
15.5633
30.1562
22.1714
17.9777
20.0911
22.7647
17.1053
28.7325
23.7262
16.6825
28.6797
29.8256
21.8107
12.9688
24.6659
22.5106
18.7471
16.2705
19.249
29.3325
18.8816
26.4237
21.1718
25.9823
25.1879
29.1744
22.92
24.554
22.852
28.7598
28.5689
29.9034
23.0563
34.7739
18.1917
19.9531
15.4071
23.2147
36.5347
31.8035
27.6715
22.5244
30.3641
23.2528
17.2818
14.0932
17.1557
16.3715
26.2731
22.2102
28.201
24.5539
18.4026
24.6226
13.8098
14.6614
23.8631
18.8607
20.4418
18.9522
24.94
19.312
16.5203
15.995
20.258
21.3814
14.8027
13.6077
19.5055
19.5078
19.9246
14.3371
19.5728
25.944
24.6444
22.8776
22.9795
25.3277
23.2048
25.4261
22.4883
23.4859
17.5135
19.2758
20.5643
21.4664
23.6542
25.8413
23.2848
19.8774
25.1721
16.656
19.2423
15.6716
23.0475
19.9767
21.7546
23.9255
27.1249
25.0772
25.977
26.4537
23.1245
31.2704
22.1673
24.7731
30.7601
30.9158
31.2269
31.3566
29.8348
27.7012
31.9057
29.8739
29.509
30.3894
25.2116
30.6191
25.6963
32.2446
27.2808
30.2651
27.9054
30.4251
29.4707
22.907
27.8859
31.8774
29.5406
39.8076
19.9254
21.7444
23.7159
19.2112
29.3126
37.178
31.3083
24.6085
24.5152
14.5522
18.6703
21.9025
23.9773
22.9161
23.1047
23.5756
25.6882
25.7589
30.6729
19.5634
25.5999
29.1927
30.0321
28.8539
29.044
24.6384
33.1586
21.3374
27.7306
31.6427
36.6203
40.2963
31.7593
32.8586
24.6413
25.1089
24.6192
27.8648
35.868
34.2692
30.3175
37.608
22.556
28.8798
32.7842
33.7471
28.6417
30.2527
31.5018
30.0404
34.271
29.7626
33.4608
31.2472
23.0008
27.4664
28.5711
29.5519
31.9097
30.4093
24.9546
23.3937
29.2825
21.323
19.9172
19.5194
25.2383
20.1062
28.4984
31.3772
27.7706
17.7896
27.2603
16.2305
26.7307
24.9543
30.6243
17.1861
32.3486
33.9288
26.9656
30.4595
30.0937
24.6749
16.9266
29.8711
21.5588
20.9457
16.8033
27.8573
24.3727
29.6873
27.2237
20.533
20.9903
29.4598
24.4203
21.9088
30.5682
13.2465
21.5437
24.2396
18.9261
20.7781
26.6673
20.4486
19.6263
21.7872
26.0561
18.6421
14.5928
25.2049
23.9181
18.6676
23.6074
24.4949
24.6052
28.3459
18.7481
14.0925
18.2919
21.4276
23.0737
20.0538
25.3123
30.2537
33.7374
29.7945
29.8852
29.6226
34.8888
31.1261
27.2944
26.8662
30.4081
22.3966
27.219
31.7279
28.5817
25.2538
23.7737
21.7389
33.5944
32.9515
26.2417
25.1382
26.734
31.6199
30.1014
20.4879
26.7641
25.2076
29.2395
29.458
30.2673
29.9123
24.814
18.8676
32.6042
16.1052
32.5025
23.1033
19.1289
29.1434
21.056
22.2388
19.8851
14.0458
16.2577
17.4628
14.7788
14.4297
23.1696
14.4175
24.0351
24.6591
23.4035
15.152
13.9347
19.7204
19.6885
16.7659
23.0925
17.2253
31.5179
27.8034
31.7572
27.0785
31.7203
25.5726
32.6869
25.5293
25.6851
23.5962
26.188
28.502
23.1477
29.9387
26.3314
25.7068
22.8836
29.2201
27.0078
27.8139
19.2204
24.8321
15.0418
10.324
24.9285
24.9482
26.5402
17.351
22.255
16.557
21.5636
15.3881
23.8074
26.4992
18.6839
32.1958
31.9483
17.0144
34.8623
27.7509
28.0394
26.1166
24.3822
27.368
21.4151
16.4093
26.2421
24.8264
24.9302
23.6992
19.5462
28.0801
28.4331
16.4567
28.5209
29.58
16.8356
29.6784
30.8627
30.8261
25.3155
38.0903
32.0458
25.3534
32.4975
24.8908
24.6549
24.814
25.6115
25.9839
25.8222
27.32
32.7013
25.9717
20.5236
17.8175
23.1702
27.2039
18.0971
22.8292
20.4358
24.4498
25.8892
20.2766
32.4168
22.5907
27.5093
35.3837
25.4709
31.0231
22.0725
17.1735
33.3782
28.2435
29.9281
20.5929
21.2109
18.488
17.4798
23.5315
25.6723
16.4043
19.0059
17.3776
26.1115
16.5242
26.0241
24.349
24.0522
33.7198
28.4297
25.805
28.8095
29.084
20.8798
30.3625
24.1247
29.6003
25.1907
23.0511
28.3783
18.8339
20.1213
26.1486
29.0341
32.5609
29.3258
21.1287
23.4274
17.1125
18.0802
30.766
32.7675
21.8633
16.959
17.3632
28.5358
30.1969
18.0836
28.1937
22.2024
29.0562
28.2526
23.967
18.6238
28.5172
26.9695
29.1058
25.346
24.7537
29.7639
32.7101
25.1529
28.6399
24.2834
26.0686
28.7542
26.5072
34.6077
23.7403
22.4751
32.0627
23.1939
20.7721
19.308
16.2837
23.9931
16.0123
24.7704
27.5362
25.5084
21.3308
22.3764
31.1219
20.1993
33.0668
18.3535
19.5925
35.4003
22.3072
32.3584
20.5087
22.3052
19.0059
20.2336
20.3933
15.9277
19.1642
24.655
16.7295
22.15
14.8001
16.7109
16.7148
16.3883
20.9367
24.3049
18.5327
22.7416
23.6373
26.7943
32.5659
24.5603
24.7861
15.8218
22.0457
26.0933
20.2607
19.8508
24.0758
29.6293
29.0749
20.6617
24.8201
23.2398
21.4368
21.0175
23.8261
25.4927
25.4192
22.1634
28.7358
32.5111
26.9083
18.205
27.7968
26.4552
29.8237
23.7388
24.356
15.7795
25.5288
23.3339
17.6483
24.0481
21.467
27.8471
15.1262
26.953
28.4031
25.3035
26.0442
25.7414
27.4193
24.1244
26.6939
15.1075
27.0959
33.1294
29.9508
30.3159
20.7271
17.7183
26.2173
27.4093
26.4561
33.7989
27.6941
26.0945
25.6594
30.8033
27.4352
20.8985
22.1338
18.7637
22.6542
28.8906
29.4318
20.4753
23.525
12.8078
30.4025
27.2716
32.2662
32.8283
21.5425
27.8474
22.9658
21.0895
28.4602
21.6506
39.3438
25.1183
22.8641
33.7738
33.0212
30.0377
28.7631
31.6091
28.8202
24.3337
23.489
24.3092
30.1615
24.4595
21.7464
23.4637
29.4491
25.8917
19.1369
29.9153
21.8586
30.5431
27.1447
28.4009
32.606
15.0915
36.1528
29.3194
28.6499
23.401
26.8911
26.8333
31.0248
24.6789
25.267
20.9056
28.0601
23.0682
20.4845
23.063
23.3467
21.0114
28.0868
25.7813
26.5054
18.091
18.5762
32.6355
18.9123
17.0026
28.3243
23.8904
17.6944
31.5114
21.1469
24.5617
22.448
24.9133
32.1785
26.4905
19.8249
23.6189
25.0197
25.0903
29.1056
26.4178
22.4337
17.9939
25.109
22.2775
27.4203
17.1231
24.2055
26.0548
26.1506
27.9207
23.083
21.0387
15.214
17.2183
27.5789
22.8981
27.492
22.2653
30.9855
27.6825
27.3548
26.9002
18.676
24.599
27.2476
26.2149
27.2855
25.5617
15.0387
25.5281
21.125
22.3898
22.1671
24.4021
19.5995
29.6732
19.7717
24.0138
26.0701
32.0915
25.0978
32.9629
19.9063
33.6033
27.5044
20.1956
27.2161
21.8803
25.1077
23.6495
22.9236
23.2352
23.6861
13.0553
27.6645
28.9781
29.001
21.6411
30.4096
27.6601
28.1353
30.8225
25.282
23.7652
18.5393
18.7019
27.5795
22.5718
26.8432
29.1828
24.6005
30.6038
28.0691
35.046
22.1679
34.2098
29.0229
20.6095
28.1974
35.2622
23.6307
23.6935
25.9278
23.8043
21.1511
28.1334
17.5056
35.2275
26.0773
28.8526
18.2604
28.7422
16.6409
21.9478
24.5212
22.7645
30.9563
22.7902
26.6767
16.8393
26.3921
20.0769
24.1901
24.2556
28.991
15.6268
20.8026
16.8146
21.5916
18.3564
23.0413
19.6381
28.8671
27.6472
24.9033
22.396
27.3167
28.9496
27.3185
24.0548
26.8289
28.6591
21.5608
32.2249
26.2936
23.6169
14.2335
29.0904
24.8766
25.0605
16.4681
28.5675
27.5647
15.3219
25.093
20.2488
26.8039
18.3797
17.5222
25.7709
30.6553
29.6294
31.3316
21.7393
31.0122
28.7144
29.4132
25.1961
27.0308
24.0378
21.5511
30.4252
23.3678
29.7943
24.629
22.1526
25.3446
23.827
27.2492
17.2262
28.7626
19.3548
23.0341
29.6836
20.6019
29.8466
20.9662
26.11
28.3841
30.2305
21.2164
27.4816
26.2314
29.1656
22.6383
17.3378
29.9824
34.2137
22.6742
32.83
19.0617
15.4103
27.1768
29.4127
30.1414
23.3807
13.8597
25.9786
26.8465
28.8369
33.9701
24.7598
25.8378
22.301
27.7759
29.3851
27.3351
31.8034
30.507
25.7956
29.0546
31.0326
22.5891
29.713
29.5995
29.961
26.6815
24.37
27.9263
26.2112
35.6978
18.4446
26.986
13.5886
26.0943
19.1078
24.9242
37.084
34.2647
19.923
26.5745
24.8703
23.4563
21.9964
22.8968
25.9437
25.8686
34.467
27.6954
19.5205
17.4784
25.7822
15.6652
18.4819
23.4041
14.9103
19.1731
21.2398
25.8913
24.8132
19.5291
16.1402
21.9327
15.8396
23.3617
19.3832
21.8681
12.8189
18.5885
19.4469
22.8748
28.4355
30.8219
27.4125
20.7336
23.966
15.3872
27.2536
25.2176
23.4331
23.175
13.6303
19.6723
29.2667
17.187
25.7644
28.1999
34.2586
29.3
23.5989
23.4899
25.8139
26.0212
27.0131
27.9152
17.9101
29.3827
24.6534
32.7879
20.5412
30.0764
23.6451
26.2499
22.2127
30.73
20.1395
26.6027
18.5175
23.921
25.7249
19.8248
28.4421
20.092
20.9595
19.6165
20.5262
24.4419
30.5793
15.4725
20.9751
20.7672
28.8053
31.1191
26.9972
25.1117
17.328
23.9235
29.4373
24.94
30.1805
16.7598
25.0354
23.0324
18.8136
19.995
19.0745
22.1496
27.3408
18.5282
30.1577
20.2756
25.7192
22.8072
27.7441
32.4446
25.6086
29.2306
33.909
27.3802
14.6467
27.9891
20.0637
32.9684
19.7497
15.5838
25.9687
17.4618
24.1905
16.4303
29.8576
23.5494
24.6537
14.9744
29.296
27.9831
20.3526
18.3766
32.3552
33.5893
30.7967
31.6997
15.2374
32.3297
24.6403
26.6924
29.6619
25.6936
29.2431
27.4199
25.6446
24.8571
30.6599
27.9089
21.8541
19.0852
28.1503
33.8503
25.752
23.0226
13.7076
24.0555
27.8091
24.237
31.6467
