48.9871
38.366
38.1181
35.2392
36.309
34.9693
37.2431
33.9464
34.7792
35.3917
35.3857
35.8626
35.7635
32.1887
40.9007
36.9495
30.5075
34.2162
33.7333
31.1376
33.8689
38.0293
48.103
31.7586
34.9408
34.1466
51.0248
35.862
35.77
36.3697
34.3741
33.0003
32.5979
31.3698
30.081
29.5543
31.5878
41.3158
35.8881
29.1371
31.2867
31.8501
32.9839
52.1296
48.8437
30.8531
31.8185
34.32
29.5205
29.0327
32.1759
31.8261
32.211
32.3989
33.5074
39.2251
33.3299
36.774
37.8397
34.8903
32.8084
35.2426
43.5299
32.578
52.5228
30.3856
43.082
27.4012
26.6924
27.8869
29.4505
29.7069
47.7318
34.7221
32.9891
34.323
29.5953
30.3918
32.5315
28.3451
31.701
29.1745
31.5235
38.9276
37.5054
36.0786
46.995
34.5943
35.5354
34.7629
37.585
36.5549
36.5769
35.5384
35.6041
31.9492
34.0161
31.8244
46.5826
31.7756
29.6955
28.5592
28.4677
28.5344
57.3551
46.2345
32.1135
30.5779
45.1643
47.8614
31.2767
33.15
33.1924
32.2693
33.941
34.0367
32.3878
39.9259
34.9943
35.8546
36.0473
38.9001
36.7418
34.4345
34.2349
33.0346
34.4491
31.6125
32.6134
33.1477
32.6493
29.9862
32.6387
31.1806
31.7292
31.4395
31.6488
33.5176
33.6911
37.3377
32.2883
30.9579
30.3056
35.9418
48.9055
31.4543
31.7987
41.0846
30.48
32.3417
33.0523
38.1402
40.8252
58.1665
40.6238
36.8835
33.4054
34.0606
35.5448
33.9251
34.7945
38.5218
33.1985
33.481
30.9593
30.9509
30.9695
32.5595
34.5583
45.4629
34.4727
35.3428
33.0948
38.2198
34.3876
36.7165
56.7758
44.5868
28.6192
29.8712
32.9362
37.9954
27.9322
26.5433
26.0901
32.7089
47.3387
32.1881
32.5238
32.2771
45.5873
67.4539
48.0822
40.0644
40.1532
51.4778
45.3894
34.0477
35.1314
36.352
35.4118
44.4572
34.3936
35.8441
33.0481
35.2909
34.2065
33.1996
34.0146
33.7537
35.91
37.6239
35.0751
33.7327
34.6186
36.1581
34.5401
35.4286
33.5857
37.8501
38.2318
49.4877
33.0549
38.1722
49.8682
36.9294
40.5093
33.9235
32.2168
31.8312
33.0992
32.7631
34.0625
37.1935
35.453
44.7096
34.5083
34.359
31.1403
29.3328
31.5236
34.2914
40.2433
38.4185
39.8654
38.9804
39.2021
41.0165
37.2339
36.4139
36.4034
37.3319
50.963
35.5188
36.3903
35.2061
33.5001
31.9032
34.9437
31.9688
31.3344
42.4063
32.3597
31.754
33.864
31.5963
30.0805
38.3383
29.8868
30.6203
45.8735
45.212
35.1778
32.3929
32.306
32.3856
29.8746
32.8451
34.756
30.2509
30.2043
44.5017
43.5578
31.0719
30.2815
42.0326
31.3672
29.5616
47.4357
29.3084
30.7532
29.1707
30.8211
29.8065
34.1868
30.4574
30.6833
28.8859
41.8329
31.0517
28.6236
30.0072
32.1167
35.397
36.5496
36.1401
37.6969
52.5114
38.8089
38.3154
38.5822
37.418
35.8501
35.2715
32.039
41.2856
32.9859
26.1973
30.2228
40.9964
27.7925
28.9339
27.4919
28.7571
29.1459
28.3782
37.583
30.3782
28.3558
28.5656
31.0262
31.7441
37.7235
32.3378
33.164
46.4043
36.7612
31.0727
29.1466
29.6334
27.7154
27.5103
39.3211
33.197
40.0143
40.9893
30.6657
33.3095
25.4286
46.0561
48.0645
40.0868
46.5949
29.3276
28.3236
39.032
29.1551
30.5981
33.533
37.7694
44.3498
45.8171
38.4763
28.5094
28.4184
27.076
27.1522
29.3602
40.1649
32.8799
29.5988
30.3161
36.0573
29.314
28.7023
29.0026
30.8716
39.7854
29.7437
36.764
32.6811
34.9595
32.3922
29.1294
26.9648
22.7338
23.0118
26.2154
27.4157
25.532
26.634
42.6392
27.7406
30.3556
26.8417
25.8404
29.5652
26.5068
44.22
31.58
25.4494
29.0322
29.2516
32.6172
33.8675
35.0679
41.2236
43.6135
43.2289
35.1821
30.4997
29.6415
44.3563
30.1243
30.7668
32.5058
30.8384
32.8725
43.9297
34.0642
31.2134
29.2428
29.2782
30.9633
33.3027
32.6265
35.5619
34.5814
35.3211
33.0439
47.6781
32.0593
30.9594
31.7852
32.8448
31.0746
33.1734
38.348
32.0901
31.1533
44.6863
38.0585
43.8559
41.3151
38.2656
35.72
32.3689
36.6248
32.5924
29.6023
30.1528
42.1431
30.0395
29.9715
31.8722
29.5537
29.8902
30.6952
32.0286
37.3913
37.3142
38.8049
38.2598
35.8263
36.4996
35.46
34.7637
33.5026
32.8763
33.8733
33.3618
43.4831
35.2946
47.5715
41.4192
36.582
64.7132
42.0208
37.7046
61.7781
34.7591
42.8718
43.1888
29.721
31.8952
33.0742
34.8137
38.1753
37.8423
36.9991
36.0702
53.2311
36.3993
37.5314
37.2673
36.7678
40.7823
34.7332
35.8868
37.6012
36.3913
35.8178
37.0028
35.7783
35.0655
37.5083
32.4625
48.0504
34.3356
36.6221
35.3057
36.0284
34.0413
35.3871
36.0409
36.8104
35.2334
35.1094
36.6174
36.3894
52.6702
35.8037
42.7394
36.2409
35.464
36.0573
36.2496
36.3699
49.7853
34.6215
35.2233
35.7227
48.3828
63.2624
35.6221
35.2015
34.6092
35.7374
34.3326
34.8762
36.1822
34.5036
34.3053
35.9007
35.8556
35.3931
35.4298
35.695
34.5866
35.8047
36.1599
35.0115
53.1401
35.6093
37.5357
36.4235
36.1608
34.9992
35.3915
36.2243
34.7414
32.1611
35.8681
34.8138
36.5796
51.0424
45.7866
35.5488
34.4407
33.7785
35.8974
35.9699
35.3852
41.1233
35.5233
35.3875
34.3237
33.9241
35.6444
35.558
35.6745
35.037
35.6715
34.9267
33.5998
34.2572
34.3716
33.0082
37.2567
35.0375
35.357
36.0634
34.4987
33.2077
40.3481
35.0754
34.6521
36.2265
34.0303
34.974
34.9509
37.0165
36.3059
36.4983
45.0589
35.4546
50.2517
36.0165
36.2869
34.698
35.688
49.7168
38.1085
36.456
35.8411
35.5619
36.3708
51.9151
35.9969
35.524
35.4167
34.5086
35.5014
35.3488
35.7557
35.3209
35.626
35.8219
46.7312
35.2051
45.8525
47.3363
41.723
34.6914
41.399
35.7689
34.4376
37.9563
41.9299
33.987
35.2854
35.7329
41.2513
35.0901
35.515
35.8436
38.2768
37.4247
35.1478
63.8336
50.9192
35.6053
35.7391
35.3841
35.5271
34.8875
35.4
34.5048
36.222
49.1182
36.8903
36.3356
35.7726
36.4494
49.9346
36.5177
34.7649
36.0511
49.1609
69.2604
38.1312
34.3224
34.9245
34.708
35.618
49.5817
36.6509
36.6479
34.4165
51.1383
36.5189
36.4263
37.8511
35.7984
35.5338
42.6587
35.7691
34.9111
34.9312
35.7371
35.4886
45.4193
36.157
33.9972
49.1452
34.9607
36.9826
46.6478
35.1431
36.0577
36.0851
35.8513
36.4996
40.5219
35.716
35.3405
34.0309
36.3294
35.625
36.5102
38.7476
37.1199
46.0489
35.76
35.4628
37.0864
36.5818
52.4534
38.837
36.7741
34.9009
36.3853
36.4962
35.7802
36.7063
35.5133
46.9558
35.6838
36.9601
36.0431
35.0273
44.2045
36.3761
55.3781
34.9199
49.2215
35.6233
35.2848
42.5217
34.2044
35.5447
35.0607
36.1226
34.9566
34.5983
35.3256
54.3258
41.9649
34.3448
34.4796
35.6182
35.7506
35.081
34.2301
49.9109
36.2946
34.6696
34.7267
34.3004
35.587
39.5006
50.3603
33.2943
35.4714
34.3557
37.9722
35.491
36.4822
36.1517
35.2782
33.1362
45.2401
30.8356
32.1732
33.5512
61.733
45.9739
29.3812
32.0996
31.4765
37.7833
33.0396
35.4122
38.0673
37.7255
34.3228
29.9531
32.4154
34.8611
34.5112
34.466
38.0276
37.4406
34.4901
36.0347
33.5391
46.5489
33.1409
32.2813
33.1271
33.254
35.6334
33.209
33.5027
45.6979
34.5749
33.4736
31.4489
39.7782
32.6927
33.0677
43.1733
31.1543
30.9516
44.3108
30.7304
34.9637
34.554
32.807
35.921
34.8777
40.9876
32.0756
33.7534
34.4896
32.9659
36.6313
34.5318
34.9002
33.38
33.845
36.0619
36.1353
36.4177
36.6216
37.4955
41.2632
35.9006
36.3639
36.6625
38.4508
43.7942
38.7598
53.1526
36.6627
38.076
36.6342
37.8009
38.8294
39.85
37.9203
41.1639
39.3866
39.1488
39.2296
38.7408
37.7484
38.6771
38.5051
37.9509
39.2735
39.9184
39.7356
41.1279
39.0886
37.5737
39.1311
38.6382
38.6789
64.362
56.5827
37.4577
40.9996
56.8384
38.6815
51.711
38.3136
38.9498
61.0263
39.8568
48.4945
37.4416
39.026
39.5081
54.8992
50.7633
42.8199
38.3912
39.8256
39.346
39.5994
52.8478
42.043
39.6371
39.8482
39.4344
54.619
40.1857
39.1945
40.87
38.9442
38.9601
39.3641
37.7345
37.8112
53.9095
58.1162
39.2391
36.2054
39.3472
48.2241
40.755
38.0819
38.9669
55.4513
38.3786
38.9297
38.3341
66.7484
38.6145
37.636
51.6452
51.0202
43.516
39.4171
37.1433
37.8514
38.3279
49.6157
36.9008
50.8517
39.4238
38.2219
46.3235
38.183
38.1871
38.2575
39.3847
40.696
38.991
38.9759
39.4452
38.6342
39.397
40.0068
41.3652
40.2181
47.368
38.4026
39.1583
38.5988
48.912
39.2081
38.5367
37.5384
50.0225
39.6348
52.1581
60.7258
40.9445
39.8973
38.7628
39.9894
55.4003
56.5231
38.655
52.6883
39.8384
37.4693
39.3428
39.3029
37.9763
38.8167
38.1175
40.2841
80.4016
41.2502
43.1467
38.167
37.5015
37.6677
37.2796
37.5414
37.3271
36.341
38.1656
37.8747
75.8062
39.3174
37.0503
37.2756
51.252
45.265
37.6112
36.8374
37.5497
36.9082
36.4628
37.5966
36.9503
72.7405
37.0716
36.4475
37.8195
37.1634
35.136
35.1839
54.8769
36.866
37.4395
36.6812
37.3182
37.0954
36.1345
36.1082
34.3941
66.7911
37.9533
37.4928
50.1615
35.2448
37.0018
36.0167
35.6335
34.8995
49.6231
39.8413
54.3113
50.0627
36.5226
38.5784
37.1862
60.8823
55.2147
39.148
36.2285
37.1772
36.504
37.5133
37.2699
44.7595
37.2434
52.8194
36.8839
37.2409
36.8917
33.6058
45.5928
35.6251
64.21
36.8828
35.1765
54.5206
36.6866
36.9285
36.4351
36.8533
36.5163
47.2169
37.9771
36.1223
41.3636
45.3888
36.9972
36.5328
44.9651
38.8613
41.1159
38.2963
49.8383
56.5114
47.4622
39.4949
42.2345
41.0137
40.7464
41.0777
59.4309
40.8243
61.1865
43.5827
41.7016
41.1325
41.33
42.5196
43.2521
42.3467
42.7726
44.2281
60.7142
45.2479
45.6942
44.3723
45.1281
44.7018
45.2238
46.0135
46.259
44.7826
66.3945
46.8824
45.6791
45.6233
45.7879
47.1923
45.3115
45.2741
46.2917
44.7499
60.324
49.075
44.8307
54.2178
44.6344
45.3518
45.5984
44.9134
43.7907
44.1419
43.5494
44.1449
45.8158
44.1009
43.3514
44.6523
44.594
44.0174
44.1498
45.6022
43.2903
60.0015
45.9013
45.421
49.8049
42.7079
44.653
45.3216
44.3787
44.9975
45.1064
44.47
44.0977
43.087
43.8154
44.5248
43.2816
43.4884
57.0646
43.9777
45.0638
45.0459
45.3749
44.2932
43.6462
44.6722
53.4644
48.7562
44.3544
43.5624
56.5324
45.1785
42.86
60.613
42.3358
43.165
42.4533
43.4344
44.3328
44.3912
60.9179
43.9042
43.8928
43.8921
44.7169
42.4896
43.4527
44.2731
41.8973
42.9727
42.0279
41.4529
42.807
41.6994
41.1117
43.2231
43.9603
41.0218
44.3426
41.7489
41.4124
41.8411
40.3656
42.9654
53.0543
40.8659
42.4328
52.2702
41.9753
41.0748
42.0426
40.9888
47.2809
41.5646
67.7241
39.4012
47.9318
46.5919
56.3376
41.9349
41.3752
59.2495
42.3506
43.0817
45.1517
41.984
41.0054
41.0619
41.8851
41.5338
41.407
40.7824
41.2402
40.8415
40.3017
45.5178
37.6276
61.1449
40.0256
46.1189
39.5255
41.7488
49.8046
40.6131
39.8347
40.9601
39.7784
40.7844
41.3766
42.1124
40.2136
38.9678
40.0534
42.3264
58.2605
52.7626
50.941
41.8889
43.6479
51.0924
41.6064
41.0414
41.2417
40.763
40.8728
41.1349
41.1293
39.9846
40.7166
44.0721
39.703
39.0584
36.6566
37.049
37.9234
39.0088
39.3287
38.6884
41.9318
39.9897
39.0012
39.9765
38.3758
38.8497
38.4972
38.3202
37.1015
37.68
38.616
36.4258
37.504
38.0184
37.3085
38.5026
36.3564
38.4061
43.0037
40.1593
35.8371
37.2949
37.4217
50.6689
35.4751
36.517
39.8794
33.629
35.4905
44.6298
50.3051
35.2064
35.1579
39.3154
34.9993
36.2004
35.939
34.5628
58.4933
59.1325
35.7008
39.5171
53.6084
36.3922
48.638
36.9052
58.8385
65.3363
36.9564
37.213
34.6839
36.4027
36.3564
37.6367
37.0932
36.0313
38.7705
44.6071
35.7307
37.3814
38.1458
36.5337
39.6999
36.1857
36.6591
35.3151
35.0035
36.5031
37.7048
35.5296
33.644
48.2336
42.7574
36.1626
35.8001
44.7424
36.706
34.1619
34.4973
34.7718
35.2045
33.2068
40.7189
36.8295
36.6982
36.4807
50.0022
38.0195
38.7123
38.0152
39.6087
38.3442
35.9982
36.1702
36.1274
35.7171
34.5492
43.6465
36.4951
41.1879
47.5895
35.3005
35.3316
40.0789
33.5788
34.7521
43.5858
64.3637
34.4334
33.2404
35.3393
36.7303
36.9267
38.6727
37.5759
36.8091
42.8002
37.1201
56.006
37.1327
36.7634
37.3193
35.9099
47.0955
38.0205
49.2182
36.9969
37.1787
39.2463
40.2435
38.0553
39.7102
37.159
37.9533
37.6708
52.1444
38.216
39.0228
36.4637
36.4251
36.1285
41.0035
36.2132
52.428
38.5795
52.9889
49.392
39.285
40.0247
42.7947
39.3926
49.351
38.4285
38.9817
38.045
55.9383
37.8912
38.1153
40.6227
63.3418
39.5419
38.8777
41.2329
39.2859
40.5655
39.9596
39.6939
46.2647
39.7279
38.9955
38.9432
54.0862
39.6189
39.1477
48.1523
39.1487
39.9925
39.0416
38.1963
44.1473
40.8674
50.4253
48.7036
39.5943
39.0917
40.0199
41.0619
52.2237
45.4887
40.0536
41.186
53.6646
41.3488
41.8765
41.8551
58.2657
47.5605
47.2537
40.9383
40.6632
40.9387
67.2145
41.0289
41.7652
40.3389
41.1776
40.9107
41.3265
41.9986
42.4608
70.6852
42.1122
59.09
48.6512
41.873
41.4379
41.6097
39.723
41.4575
41.0686
40.8173
51.7826
41.0553
51.4817
37.4299
45.0164
35.0091
37.0574
37.1292
37.8774
37.3168
46.7938
37.4967
37.2627
38.2005
37.8127
37.5025
42.1127
61.7422
39.901
40.0975
39.9332
37.7008
36.8165
37.0064
39.787
35.1056
44.5763
36.8097
35.7125
34.8225
34.0984
32.7915
33.2455
32.824
34.1227
34.3139
35.8593
35.7079
35.5542
36.9558
36.8563
34.9877
37.1026
58.119
37.6016
36.5718
37.2352
51.0714
37.5685
49.1448
37.8402
38.1784
46.8984
38.1603
38.4289
37.2205
37.9132
36.9105
36.3226
37.2867
36.9603
36.1654
35.3015
40.3277
48.2028
37.7919
37.9653
35.4871
37.6707
55.781
35.7788
48.9954
36.8755
67.9093
37.6246
35.9112
36.6664
51.4209
35.938
36.4562
36.1525
35.983
41.2717
36.7012
36.0062
53.1346
37.6293
37.3716
56.6107
37.1506
36.8744
35.2511
37.503
35.4095
39.9377
36.9463
36.3895
35.7256
48.3817
37.437
37.0906
36.4818
38.2325
37.7431
39.2641
37.1925
40.7243
45.8009
48.48
37.6691
34.7926
39.2069
37.3948
61.5544
38.2091
37.9988
35.6388
65.6929
35.1885
36.5184
36.1434
35.2413
35.1216
50.5384
45.4401
37.2055
44.2155
35.773
36.4361
53.6405
36.3667
38.9378
39.1046
37.4089
46.1171
39.9036
37.5386
36.8728
38.1187
38.8532
36.2692
38.9043
37.0301
36.1032
35.2531
37.9774
46.7129
35.8826
37.3422
42.8808
36.16
36.2937
44.8006
53.3252
37.0341
37.3569
37.662
39.7693
38.2094
39.0277
52.9274
38.2321
36.2052
37.4714
50.0079
38.0136
38.6837
38.0882
38.33
39.7051
39.1636
47.4934
37.9404
40.0232
54.3112
39.5189
39.3453
39.3757
39.5318
37.4286
43.6253
38.6874
38.6907
37.8968
38.8648
37.6688
74.2882
39.6115
44.1986
49.6856
40.1792
39.5564
39.0876
38.7442
40.2032
41.0185
40.3922
37.7577
37.0943
39.5042
38.2442
50.7026
40.5535
39.1115
39.0186
38.8956
37.9263
39.534
37.2606
38.1429
38.8596
38.5396
39.3785
37.8623
40.3679
43.5116
50.8127
39.3137
40.5397
38.6453
49.3867
39.6528
40.8343
43.0684
40.6018
41.3722
42.1403
40.0057
48.6738
39.9937
76.5721
38.5597
40.7866
39.7314
40.8049
38.8828
39.5611
38.9309
39.5178
39.6526
39.9637
39.4847
39.9973
39.2043
55.9363
58.1415
67.4659
39.2157
40.6779
40.7009
40.2834
43.5827
37.7221
39.7145
56.1847
39.8613
40.5048
40.254
39.8269
42.5815
40.7996
40.2877
41.1601
57.5326
41.2055
40.6264
41.6585
41.4142
41.5746
40.8275
42.7489
57.8448
46.5766
40.6168
44.726
42.5876
44.6719
55.5332
56.2661
44.403
44.1114
42.5837
53.7933
40.9743
40.8055
41.2501
43.5969
43.1139
44.4117
42.5946
43.6437
43.5393
66.744
44.152
45.0483
42.6446
50.4979
58.3546
43.2368
44.5744
42.3079
44.1066
44.1261
43.5125
62.4208
45.3682
44.3392
42.9096
43.9694
43.1286
42.5794
44.3312
43.451
43.2773
41.7289
43.1867
55.5293
40.9653
51.5194
40.5141
43.6599
44.9686
67.0828
42.9473
44.8427
43.867
44.9496
43.89
44.1387
44.3811
44.7407
45.8624
45.7879
45.7097
47.2581
46.4115
45.9456
44.3249
60.6046
83.9461
47.2441
45.4056
45.4808
46.0724
44.3779
44.3382
45.5816
45.2963
45.2599
43.2247
50.6571
46.1828
43.9282
43.5663
43.3592
44.9377
43.8365
50.5272
45.0221
43.7233
88.2011
43.323
44.3373
43.7013
43.0161
71.9949
41.8019
42.8628
40.263
40.681
39.3445
37.7804
49.7765
38.0271
36.9268
37.6918
44.1828
35.3971
36.9413
34.6324
34.8723
37.0818
33.3347
34.309
32.5504
58.8725
33.9332
34.8557
35.2082
36.0183
35.6768
34.9282
34.1253
37.0712
38.1636
59.1075
39.2336
36.1705
32.4349
52.1484
47.0798
35.4476
44.0865
43.462
36.5454
36.8589
34.7968
35.1499
39.7216
36.0093
54.4149
36.8297
35.0505
61.8345
33.4372
33.2462
33.2163
32.8743
37.6906
31.991
32.8875
33.1214
33.1538
50.3314
31.6443
31.4312
32.6363
42.9217
32.1153
32.9503
36.1766
32.5414
32.3996
31.8966
32.7476
33.9642
31.9631
34.6263
33.0443
35.8292
33.5882
34.2484
46.6143
34.5341
47.4893
32.2359
33.5863
33.56
33.1478
34.5707
33.6059
41.2673
33.3417
32.9612
33.7039
34.4088
32.0248
32.597
31.9258
32.9845
32.763
33.4805
49.389
41.0792
32.9675
34.1524
34.912
34.0186
34.4922
33.2073
33.4384
42.9418
31.9905
32.4807
31.955
30.9394
30.6625
31.6664
32.0507
31.2527
37.9978
31.6608
33.0784
31.8227
43.822
32.923
33.5282
33.0878
34.587
34.9189
34.1637
34.693
35.3252
34.6687
35.0799
33.0539
33.7226
33.5214
33.0647
36.6821
34.5683
35.0185
34.8333
37.6154
36.0067
36.8475
36.1533
38.056
37.065
38.9477
40.6269
36.8016
37.5575
47.3724
37.9841
43.9096
37.7923
62.3766
56.545
47.4566
37.2801
37.9607
44.058
42.7522
45.8805
43.2662
38.171
37.7506
38.518
37.4167
39.7084
37.577
39.2524
37.122
36.8089
36.9508
49.1921
38.069
37.4542
37.7722
37.6015
39.6999
45.0413
38.8917
38.421
37.5823
38.4082
39.6399
37.679
38.8376
40.0492
36.5728
46.2504
38.0588
39.1285
37.2966
37.9738
38.6592
38.1845
38.0768
37.7969
37.8656
39.1181
39.1399
37.7128
39.1584
37.4592
38.2841
38.8151
38.1737
37.5538
35.6471
36.9823
37.9783
48.6224
36.5497
54.0902
36.8234
40.0873
44.9334
37.8873
35.498
36.2319
54.3902
36.5994
36.5351
46.1635
35.7353
35.309
35.2418
34.7266
33.6955
33.9559
34.1685
36.0039
35.9554
35.639
35.5736
35.1267
42.4519
35.5337
34.5338
34.7756
37.7958
42.7081
37.4054
36.2149
35.181
36.2708
35.8016
34.7264
35.5569
56.802
35.9264
35.8696
34.9835
36.0128
37.2638
50.329
36.2485
38.0662
35.948
37.9722
36.5339
37.1222
35.5231
41.8963
36.6044
39.7862
37.0227
36.9191
35.9688
36.3089
38.5441
37.1357
61.3648
37.0088
38.0811
41.3701
37.8488
39.2761
61.152
40.1491
37.2105
38.4683
39.3745
35.6388
38.9956
40.9634
53.4734
37.7218
36.0832
32.7554
36.6453
43.2882
39.5245
37.5394
45.5374
37.6364
39.6249
68.0561
38.8699
39.4918
38.0288
37.2011
39.1634
38.2493
40.4473
38.6861
39.6478
47.7772
45.8252
63.0309
40.5257
39.8174
40.8216
40.2913
38.7654
37.6884
49.5542
53.2323
40.7105
40.8577
48.1852
40.25
42.1242
42.8248
43.0752
42.5213
71.2635
42.8646
44.0644
44.118
44.2571
41.7526
44.3511
43.7048
44.2138
44.7996
42.8386
43.7362
42.8914
42.6023
42.259
43.1061
44.863
45.2618
42.0356
42.2899
44.2588
44.1457
43.7833
43.2617
68.2568
46.3834
42.4123
42.1812
42.3059
42.9406
43.3089
43.318
43.1179
43.1157
42.9676
40.9455
41.0634
40.9099
38.7958
38.6236
38.3534
36.5201
44.1539
36.2371
35.3943
36.3998
36.6575
47.9279
36.248
35.2095
35.4007
43.5582
35.9876
36.6258
39.2805
39.2739
66.2779
38.6602
37.5107
53.5299
35.5456
34.7216
35.2962
34.4259
39.9642
33.6166
47.3045
35.0444
31.967
32.82
34.6096
33.1355
41.6229
35.0598
46.8685
35.8854
58.3493
36.752
37.9803
38.5468
60.5741
45.8824
40.9905
47.283
39.1519
38.4961
39.2045
40.5847
39.3787
38.8476
38.8386
39.3848
37.5792
57.4606
38.1882
39.0499
45.6986
37.8705
39.5074
37.2583
38.8915
64.4117
42.6938
40.7323
54.5401
39.0075
39.5655
39.5646
39.2709
43.2821
46.3759
38.7153
39.4115
43.143
34.5473
36.4073
39.2844
47.9093
41.29
35.2884
45.7513
39.2722
36.8591
37.3553
41.8691
36.2557
56.1874
38.796
50.5972
35.3248
36.2946
35.4726
35.9578
35.1013
33.3808
33.9104
34.8296
34.3328
35.015
36.5833
47.1635
50.411
40.3986
39.4337
39.6354
38.8094
39.083
47.2035
56.3305
39.6248
40.5892
40.3586
39.8948
37.6539
37.6057
45.7005
39.3975
40.0343
39.9252
41.5934
40.7835
40.6979
42.3461
53.0102
39.9158
39.4284
41.5405
40.4066
60.0845
41.5475
54.2026
40.0891
39.2853
37.1737
38.0264
37.7036
38.3616
37.9883
39.962
37.3834
38.5767
38.6191
39.4577
48.9759
38.9407
41.6913
40.5091
40.3069
45.4747
42.6201
40.8697
41.1802
54.7216
42.146
42.873
39.4799
41.3531
53.3194
40.4959
53.0517
50.5274
43.066
40.6578
40.9575
40.5662
41.4517
68.808
49.6076
41.1244
40.8772
41.482
41.2917
42.491
41.6336
40.4052
43.2281
41.9975
70.8117
44.3903
42.9368
43.3591
64.324
42.861
44.1166
42.3345
43.4293
43.8427
45.8609
42.8985
64.8626
42.1884
43.5651
44.7708
42.5935
43.079
56.3588
41.651
64.5669
47.9128
43.3429
44.229
44.2282
44.4823
44.0986
73.4881
73.5211
43.5572
42.6453
76.929
44.1141
44.9629
48.2698
46.7168
46.7619
45.2156
45.9825
46.7596
45.8868
43.7695
45.1366
45.1643
43.5032
44.2587
43.5347
43.7177
44.1794
43.0981
43.4492
42.9084
45.1431
62.4216
43.3925
58.984
42.0282
41.4455
39.5634
39.3015
50.9427
60.1504
47.3985
38.3887
39.1491
39.1615
40.4287
40.5236
51.7386
40.7354
47.2184
44.4208
39.9473
38.6759
49.1068
39.9852
44.7769
38.1028
38.9024
47.5343
37.7034
45.2443
36.3169
37.4119
38.0174
38.6949
39.4523
53.0058
39.8574
44.1932
40.176
39.1828
68.1384
41.6396
39.4385
39.9871
37.7068
41.4609
55.7931
40.4223
40.469
38.8464
39.2386
38.8667
38.1437
38.4472
38.8177
39.7857
39.5876
35.9958
35.527
35.8613
35.0879
35.8166
44.5823
53.3263
34.7504
35.4209
36.1698
36.1777
34.1005
37.0427
47.245
37.929
35.6507
37.1532
37.5563
57.3458
39.5183
36.4385
35.5023
35.8334
38.2073
37.683
37.4308
37.4281
64.6557
44.6424
40.4304
38.9081
37.8752
37.699
54.267
51.6418
37.7948
37.0277
38.1636
53.1967
78.3426
37.1588
45.1135
32.502
64.1
37.4386
52.2352
36.7102
39.7087
35.5216
35.8266
39.0417
36.9713
37.6497
38.7834
69.0741
38.4708
39.5054
39.9859
38.3889
37.7789
37.8816
38.1226
38.2542
37.6603
39.0877
65.925
38.8509
37.2881
38.2337
50.9559
37.7314
37.2105
39.328
41.0869
37.8732
43.783
39.0119
39.1346
55.9395
55.0443
47.8128
40.1906
39.0959
37.4634
65.9221
36.5807
58.1072
51.379
36.97
46.2609
39.7851
39.4938
36.8112
38.8715
37.6392
38.6596
39.5032
39.5868
43.6561
37.7502
63.8816
54.213
37.6885
39.5552
38.7685
37.5492
39.7817
39.3814
38.0082
35.9182
36.2334
35.4724
35.6592
38.0722
38.8601
37.7798
36.9639
41.4845
46.931
37.4279
39.2239
54.8888
50.7523
36.4765
38.5648
68.1147
49.4598
37.8431
38.6789
35.9734
54.3022
36.0591
36.3929
34.8121
35.6611
36.1033
36.5016
56.8308
42.621
36.0206
51.1125
47.8337
50.6641
33.8315
44.0781
40.1132
37.4868
48.4542
45.7318
36.176
35.5608
38.6328
35.5515
33.5376
35.6462
35.2762
35.1875
35.5727
36.2492
52.6552
34.2671
34.6906
47.4654
37.4833
34.681
39.1371
53.4547
36.9026
36.4973
36.2943
35.1071
38.9044
35.5835
53.5946
39.0788
52.7614
37.7585
36.3488
38.4378
60.5833
37.6878
38.8821
37.2416
37.6054
51.3576
37.9022
36.7235
56.5261
37.7696
38.7186
38.7478
37.5165
38.3002
40.6554
37.3063
40.7867
48.0696
38.5128
38.5846
50.0159
52.5926
50.8458
38.5527
51.924
38.5847
39.0059
39.0393
39.1114
44.2228
38.3253
40.0821
39.7138
41.1697
44.0372
40.6736
64.2511
41.2745
39.1411
41.4707
50.3287
37.2576
39.4609
39.8812
59.3038
38.3726
44.5156
53.9585
50.4072
39.1046
45.1485
54.3695
49.8828
38.4831
50.5895
39.3851
39.451
66.4441
58.8664
39.5713
40.0229
40.2543
41.895
41.1481
43.733
41.6463
41.5495
41.5704
42.6886
76.5101
42.4253
40.5773
41.0337
63.9417
41.4544
40.358
40.1769
40.8327
41.0981
37.9437
38.1765
39.4375
48.8273
38.4104
39.3204
40.1547
39.1064
39.1834
42.6378
38.8415
38.7839
61.2999
40.0575
39.6183
41.0463
39.9443
41.5196
40.4629
40.0844
41.3737
63.6063
41.4818
50.2526
46.1993
39.18
50.203
40.4892
38.9601
40.7397
40.6566
41.44
49.2271
40.7199
40.1736
52.8719
40.6938
40.2589
41.1664
39.3108
46.954
39.2176
39.6608
39.7061
49.7669
37.6481
40.1318
40.4494
40.2231
40.9012
40.4238
40.0675
43.612
42.5166
38.8143
40.3529
40.7042
43.0269
39.715
41.6704
41.6586
42.9426
42.4976
48.6406
67.3495
43.3474
40.5142
40.9693
41.6511
39.302
41.7792
40.3551
39.895
45.0632
50.0125
58.229
40.4124
52.8318
38.9497
37.904
58.2197
38.9804
38.2899
39.743
38.1334
38.777
40.917
38.8749
39.8413
38.3383
37.4205
39.3222
38.9839
39.9546
38.3277
39.0676
39.9456
47.8814
38.3849
61.8831
38.8875
37.5869
37.4701
55.5664
37.5866
52.8279
37.8218
38.5432
38.5356
36.4872
38.1488
37.6841
37.0901
48.2716
38.0884
37.8046
42.6056
38.5057
39.557
37.1091
40.5999
38.4393
53.379
37.6214
38.888
60.0413
37.9617
38.7585
39.3575
39.728
39.1184
40.9395
62.105
40.6584
58.2411
41.3239
43.0254
42.3706
45.1379
44.719
57.5219
47.4586
43.0401
47.1827
45.6884
55.4315
42.5805
48.582
46.1037
56.867
45.1561
44.4926
52.144
44.3835
42.0997
42.7543
41.5767
42.9608
43.6685
41.0214
54.8507
41.1952
40.9701
41.3782
73.3925
40.5531
45.6249
41.5803
39.5988
51.9701
39.8836
42.0975
39.7381
44.8826
38.6734
37.5694
38.1222
39.8293
40.3603
55.5942
51.3829
40.3021
58.387
50.2454
39.2331
38.0251
38.1468
42.4635
38.5425
39.3352
51.2911
38.908
37.5343
37.4016
37.1872
38.1158
36.2527
37.9895
39.2053
37.2177
35.7034
36.4199
36.0487
36.5212
37.1317
53.5045
39.5551
38.4849
44.7455
48.324
36.3832
45.5049
36.0458
36.218
35.3182
36.6348
34.2112
33.0195
32.2288
31.3363
32.2879
34.1495
35.0909
40.8039
36.5221
37.8983
40.0795
36.7561
34.0198
32.4547
53.7939
46.4249
39.5985
36.7889
33.4258
31.1424
31.9546
35.7002
33.242
34.0702
35.4119
37.3051
36.6166
39.4804
34.2802
34.423
48.221
34.353
35.3265
33.7628
32.4533
28.0443
30.4432
30.4373
32.368
46.6923
36.505
34.3402
25.7839
31.5836
31.8517
30.7347
50.6966
38.5129
46.4165
38.7396
39.0701
38.0089
38.9293
38.3304
37.5278
51.9924
37.8454
36.4939
50.9556
37.5341
53.6221
46.2943
37.614