41.1734
40.8908
39.3788
55.7445
40.2599
39.3965
38.8151
53.5992
38.8573
46.6662
67.5771
39.8074
40.712
37.651
39.7485
39.6658
37.6783
38.7522
41.1577
37.5858
39.1242
45.5759
38.1975
37.4146
39.8659
37.9878
38.9784
38.6186
47.5675
48.1994
39.0592
38.8268
39.3121
37.5837
37.1142
39.8829
38.2258
41.2919
34.7846
36.3103
31.698
32.8282
35.463
41.1178
36.5288
38.0538
39.9822
39.6836
35.7678
35.6311
36.7701
43.7554
47.4616
32.7085
32.6375
32.4765
31.0899
34.0932
33.4554
32.8103
32.2201
31.8783
34.7879
51.6186
36.9608
38.0053
35.2829
36.5624
35.0616
37.0325
38.4449
48.6298
39.3583
62.45
43.4597
47.0486
39.241
57.1238
39.9309
38.3397
39.4385
41.0651
39.7155
55.6434
38.7769
39.0773
35.7794
39.2618
36.43
34.6978
35.6562
36.2555
33.1045
41.7665
35.9976
43.9168
35.9153
37.4355
33.1346
35.7547
38.9063
32.6769
34.7509
44.6196
47.1441
31.842
56.5784
40.7371
40.5256
47.3934
40.9573
40.8896
56.9803
63.7797
57.6859
46.1025
40.8303
42.1873
73.2503
43.7916
40.0659
37.1944
60.2507
36.4745
44.2638
35.9969
36.5597
40.5872
39.3753
45.5118
37.4493
36.4262
34.4753
39.1037
55.9855
36.3979
56.8143
39.0482
37.2416
51.8456
54.3499
38.5796
40.5501
41.5413
39.6634
40.9763
41.4648
40.3309
52.5234
37.5776
37.3694
42.4593
68.4552
38.6083
40.3594
37.772
37.0822
38.5508
67.3928
38.7313
49.7253
36.5814
37.636
35.9016
34.7766
37.0762
35.3175
34.6307
39.9429
45.1253
37.0654
34.8553
33.215
34.3793
34.8441
32.4967
32.0584
32.0936
37.6018
38.3805
37.6638
39.7407
39.2135
39.8806
36.5363
38.0248
38.8099
36.509
37.0435
51.8735
35.4508
34.6754
34.1326
35.1354
39.6461
38.3987
38.5331
51.4274
32.0385
30.9727
32.6343
49.3408
29.0344
30.9044
28.7227
29.3362
29.9699
31.9255
34.1745
31.634
32.0904
31.7422
31.0078
32.3501
39.8531
37.6232
36.8534
36.9848
38.0344
37.1834
35.9969
36.7869
45.9519
39.221
37.1518
38.9667
36.7212
39.2131
38.2439
42.1177
56.8084
51.9138
38.4447
37.569
37.3196
37.471
39.0481
38.9671
36.7056
42.0252
37.7969
38.1399
63.2028
39.0804
38.2911
50.2124
54.1561
37.2196
38.6639
38.7739
37.4947
38.0599
37.2374
39.2529
37.6862
38.6952
38.9403
38.1357
38.151
37.2594
39.1883
37.4119
37.7208
38.5484
56.2459
37.7762
38.221
52.4573
38.7947
38.6932
49.1849
55.4055
42.6162
38.379
39.1109
37.6641
35.1515
51.2268
38.6866
39.1167
38.6976
38.7544
37.6815
38.3391
39.2475
38.714
59.4799
38.4006
38.5343
38.4018
38.2966
38.6151
38.0984
37.6415
54.571
38.0344
40.4122
38.4399
38.4405
39.2874
37.5683
38.8349
37.0337
37.0719
38.1816
38.1502
38.0301
38.173
37.9678
39.2357
38.4167
37.1116
69.3275
52.0639
37.5838
38.1213
38.6866
59.7795
38.2891
38.2458
37.2706
36.8969
39.6697
38.5172
38.0706
40.1154
39.5313
37.4311
38.2818
39.5753
38.9263
50.4911
37.6926
53.9766
39.1862
39.0739
37.7365
38.4888
37.644
38.1404
37.8708
56.1881
44.6538
39.5743
38.4642
38.3141
69.4441
52.8813
38.0826
45.5975
35.94
54.2506
37.1066
52.0358
38.7272
54.0748
37.7183
38.7375
37.6104
37.4339
37.4441
37.315
36.9327
39.0677
37.1219
36.8831
37.7365
38.0308
37.6517
57.5547
46.5705
38.2492
37.3529
37.7856
38.1195
37.0969
38.2059
38.1237
37.9021
49.5857
37.1679
38.2733
38.3912
37.6685
38.0724
37.7744
38.4458
47.8497
38.3646
38.5758
38.9284
39.1328
38.7233
36.8714
38.3874
42.4105
38.9954
38.951
38.0017
37.8749
57.394
46.3345
51.8212
36.3846
54.8063
37.7267
39.5463
39.9211
36.2813
37.8124
36.5918
32.8834
31.055
34.8489
31.4503
31.2805
29.2622
30.501
31.8257
30.8063
30.4878
33.4229
33.4391
33.6835
33.2893
35.4205
35.0564
34.4263
34.8982
34.948
34.7195
63.2462
53.1678
34.2964
35.235
35.39
36.6748
40.2376
37.7242
38.7459
39.2711
38.046
38.5777
50.2268
64.937
36.9493
37.2634
37.6365
38.1509
49.766
37.4588
39.4003
37.9513
39.4327
37.2518
37.9686
36.9731
37.7261
36.314
36.8802
35.7258
36.789
35.6171
37.3377
36.3878
37.1853
45.4901
36.9788
37.3499
36.745
35.4299
35.9495
39.6704
39.1293
37.2736
38.6959
36.8243
37.2707
38.0558
38.3131
43.4163
36.2989
39.4191
39.2589
39.5832
39.3032
39.1978
43.85
39.1898
40.6783
41.1207
40.3221
53.9263
40.9413
40.7322
40.6339
41.3199
67.9828
40.1385
61.1135
40.8575
38.7279
44.5548
38.9699
39.1184
39.397
40.723
39.8595
36.6712
37.4078
38.5707
35.9718
34.9816
35.3218
35.4587
34.2214
36.8837
35.899
38.9729
38.1094
35.9173
36.0706
37.3326
36.3569
36.3675
44.8132
53.2531
32.9347
33.9142
34.642
33.1418
34.4952
38.3006
36.0024
37.4164
41.1962
54.8802
39.624
41.5668
42.4716
42.3523
42.7222
42.844
43.1174
43.0813
52.0962
44.0354
64.5084
45.8355
43.689
42.0787
48.6743
42.3471
43.0161
42.6433
42.154
40.852
40.2129
50.2386
40.678
40.724
48.8368
41.4136
39.1732
48.6562
48.4861
37.5473
36.1028
35.6473
33.7979
40.6414
48.4263
56.8255
53.9632
47.8462
34.0673
33.3101
34.8145
67.801
37.1175
35.9441
37.7346
37.6761
51.0157
38.6006
38.6189
38.8647
40.1951
37.7651
40.7517
39.2464
40.4663
39.2011
39.464
38.4221
42.2979
39.2803
38.056
38.7977
52.9464
48.1913
70.2354
58.7119
38.3686
43.4434
38.2084
37.4084
41.2219
39.45
39.0399
37.1219
59.671
38.3635
38.7326
40.1082
38.7112
39.0595
39.4556
41.02
40.559
42.3756
38.3599
38.0261
39.0484
40.0424
38.3882
37.697
38.7271
39.3455
39.5307
38.1505
39.4519
40.0481
38.5664
38.7446
53.2161
38.299
37.3925
39.8741
37.1056
34.8431
46.0635
50.7577
54.4031
52.3235
35.352
36.6902
37.8212
39.8945
39.2334
41.2024
42.6512
41.5676
44.1188
40.6313
38.7369
40.9017
47.7349
37.1372
38.1955
37.7065
39.0568
41.297
47.6388
38.979
41.7637
41.2943
37.3556
36.1474
37.1181
35.2987
48.3857
34.1613
35.1135
37.6034
35.4312
35.4519
44.2517
39.2537
46.7351
41.6578
35.2442
33.9039
35.8633
35.9885
42.4012
48.7435
52.3445
36.383
35.423
44.3178
35.0866
36.9756
35.5958
40.819
36.0064
35.5265
36.205
35.7702
36.1396
40.834
36.5543
37.8306
37.8015
54.1533
35.5214
37.3658
52.0398
53.8918
36.4531
35.6572
36.4236
35.1568
34.1227
34.0257
37.0924
36.4809
37.1962
40.0066
37.6181
40.0713
45.4907
36.5254
37.1402
36.8252
37.0526
39.0336
38.7938
38.4607
40.2104
39.7297
39.3124
38.3285
57.1378
38.8145
40.8804
39.0939
39.4657
37.8572
38.3254
48.9551
40.9301
38.7517
39.6489
39.4581
40.8244
41.7915
37.8298
36.9217
36.5906
37.8199
35.7669
37.6915
37.545
44.9623
43.4361
38.4813
38.5109
41.9692
36.5271
35.0864
44.279
41.0272
35.2134
34.784
35.2002
34.7639
34.4416
51.2086
50.2369
34.9866
35.1397
34.4925
32.3606
34.6231
69.7398
34.3611
34.4747
36.9729
35.3726
35.3783
37.2965
44.4296
36.7837
42.6601
40.4382
36.624
34.8215
37.2604
36.1505
48.3586
34.0364
32.8499
32.5574
32.8772
33.5984
33.8011
33.1731
52.8786
47.2717
33.6272
35.5168
33.0236
35.5857
33.3487
34.4944
33.9188
35.4992
39.3587
42.8875
34.3871
37.1063
35.2693
37.5508
36.7199
57.2272
36.0527
37.7784
37.0513
35.5662
58.1643
34.6808
50.1346
41.0786
36.0154
35.1571
55.2319
38.2672
39.0039
39.9993
49.1396
40.9758
40.3302
57.5363
40.4811
39.2345
39.3772
37.2888
41.1716
50.3531
38.2521
47.7833
37.8358
57.8811
40.2368
39.0362
40.614
39.6749
42.3879
42.47
52.0031
56.3198
67.051
62.1346
42.5045
43.7227
44.9638
47.1796
46.0668
83.3859
47.5788
46.5737
67.6053
45.6319
43.9921
56.358
51.8427
44.6161
49.7432
49.5346
48.3781
49.9303
49.6532
53.1075
48.325
66.925
50.5104
49.6303
58.381
50.931
51.0545
51.5806
51.7865
53.1075
49.4796
51.6625
75.3056
53.4395
68.3266
53.389
53.5448
55.4774
52.1509
55.7797
55.8217
55.421
53.9723
54.7646
55.2302
54.8753
55.5147
77.1355
56.2518
55.6542
55.3293
55.3446
56.5691
55.1265
73.3441
56.592
53.2657
54.9712
54.4011
53.1033
51.2897
51.1817
51.0422
53.8656
53.2876
50.7853
73.383
49.367
49.0619
49.1325
59.6154
46.8235
49.5299
75.6098
65.2399
49.3298
49.2945
45.7217
48.7247
50.7255
51.4007
53.827
50.3268
48.1939
52.7087
42.372
41.3018
41.6858
52.7254
44.3077
41.4372
60.2882
57.966
55.1605
41.1202
39.5895
42.0748
40.3856
38.8568
49.2044
38.5354
41.2521
39.7433
39.8095
39.3445
38.2735
37.5389
37.8622
35.3498
32.6237
33.3539
33.7685
49.7672
67.4254
32.5195
32.9005
32.3497
39.2568
34.2182
32.7161
33.7927
62.7916
33.8211
31.7645
32.1696
44.3864
33.7461
34.9213
35.0782
34.0545
53.5693
36.3993
48.5709
33.5528
34.9884
49.4316
35.7989
54.9509
50.7501
35.5581
37.5634
36.0148
36.4288
34.6166
41.9145
34.5357
59.4914
48.6592
35.3346
41.9212
33.9372
33.0564
35.2234
35.0402
37.525
37.7708
37.6968
37.4105
37.3979
38.6103
38.3421
38.416
44.5711
34.9888
35.9739
35.6999
35.8542
34.0374
34.3609
31.5962
32.8828
32.7697
48.04
39.6526
31.8274
32.4978
30.6651
31.1381
54.9952
47.5131
32.8411
31.3317
33.1207
36.2835
39.1862
29.9339
30.4964
44.6315
29.5595
28.8652
29.911
30.5804
29.6956
32.571
42.6251
31.6274
32.4639
31.9368
34.8807
33.2575
32.8166
33.5191
34.9701
44.3835
34.5984
38.029
38.4356
34.9424
35.2629
35.9566
33.3901
37.1512
34.7
36.3092
35.421
38.0402
36.7273
37.3293
56.8337
50.5015
36.2049
51.7775
51.9807
35.1097
34.3321
34.0296
32.3339
38.93
33.5463
32.5904
29.8746
28.5219
33.242
32.2737
33.788
32.9371
33.522
41.1409
33.2955
34.2717
32.6939
34.8277
33.0132
46.908
34.8943
41.6822
34.3931
36.4196
34.9595
34.5155
37.5755
34.8128
36.1908
37.1407
35.6354
35.1571
35.8281
33.9931
51.4087
42.2279
33.2151
32.5961
33.0497
33.3236
33.2437
35.1275
47.8331
35.9459
33.0498
46.9892
35.0491
36.3161
35.7676
35.2696
48.5449
34.0101
34.1336
34.4889
32.8623
41.5346
34.6039
33.3142
34.1175
32.8621
31.7475
33.4607
32.8973
32.2126
30.5183
62.7362
31.8826
31.1882
28.18
41.441
30.623
28.9776
30.3483
30.5603
29.6004
31.8358
41.4236
30.9089
30.1331
27.9227
29.8871
28.7427
28.8533
26.7322
30.632
26.4338
26.0271
25.9489
26.2596
46.0305
25.9503
25.7648
26.368
26.7782
24.4176
24.5866
29.0835
25.678
24.9824
39.1574
44.7324
27.4933
26.5048
25.8253
23.9423
25.9986
30.6211
24.9481
23.0981
22.6273
23.5682
27.6656
22.537
26.574
23.6779
24.4702
22.6544
22.4107
21.742
21.2568
21.3926
32.5041
19.1082
31.0881
15.8612
20.8225
18.1445
18.6335
16.1562
17.7959
16.5165
30.2116
21.023
17.7128
28.4132
15.917
15.7813
14.8761
21.9771
16.8955
15.675
21.5707
17.6048
27.0454
16.3171
16.3467
15.8393
16.2624
14.2176
22.9485
15.633
14.6983
14.6281
14.6049
16.5499
14.5141
25.5811
24.8733
17.5525
13.7649
14.5835
14.5193
24.9141
17.4699
16.0029
16.1386
13.7102
14.9545
16.0269
15.5355
14.4518
18.341
14.842
15.2131
23.312
18.5428
25.2774
15.8518
16.6497
23.1581
15.0473
16.896
20.7609
15.5253
27.3227
21.6415
18.2756
16.6429
16.3435
17.0676
26.4027
20.1488
18.0403
17.0272
30.1495
18.0435
28.2973
16.4933
17.0403
18.2556
20.4102
19.7855
20.161
18.3027
22.263
19.0582
18.5267
19.695
29.6427
20.2764
19.3799
20.0333
44.119
30.066
19.2732
37.2168
35.0305
32.5413
20.4018
26.8454
28.3926
20.8787
20.9287
21.0675
20.8178
20.1712
26.6544
20.706
27.788
18.6487
20.8385
25.4314
23.9914
23.8411
21.9976
21.7419
33.0078
21.9135
24.2653
30.5437
27.4743
23.2432
32.8675
24.5574
26.1962
25.7881
25.7366
24.9603
24.4638
23.1328
24.0372
23.37
25.7001
25.3895
26.7707
27.4961
25.8556
61.0315
46.2612
43.8664
27.5726
27.7493
26.6208
25.9973
26.0953
25.0221
25.918
30.0743
28.576
24.3617
26.9869
31.2407
30.6899
36.4299
30.8973
37.9793
26.2576
37.0759
27.4324
25.8736
27.3645
24.9015
28.1092
31.0353
38.1823
30.5496
28.6979
44.1294
29.4911
39.0186
31.2678
29.6856
29.2729
30.4807
28.0115
27.5253
29.5731
30.9281
30.6042
29.9002
29.0174
31.8322
50.6154
42.1058
29.5487
52.1397
31.5942
31.1279
29.3129
29.279
31.1434
31.8411
40.8476
29.8489
29.9089
32.0786
53.8605
31.0704
48.8891
31.0585
30.8441
29.8651
30.3492
34.1288
30.3864
30.756
39.5988
36.8086
30.3528
28.2133
28.8848
36.4139
31.3927
31.8172
28.2806
29.0279
33.5585
34.633
33.1575
31.9096
42.3549
33.4186
32.7781
31.7476
31.9023
34.0675
30.1869
32.0285
31.1418
30.6023
35.4792
30.8567
36.2735
32.2998
30.8504
31.2223
31.3771
31.2568
33.4263
32.7922
33.2074
35.1733
57.1624
39.019
36.6986
35.6111
54.3238
34.6059
36.6465
34.3423
35.4744
34.0219
36.4471
37.1915
37.6473
37.7176
40.5066
63.1
41.5341
42.3117
40.7089
39.6155
54.0702
50.7512
44.5438
43.9738
66.3342
45.69
55.5513
45.4698
72.3437
49.9793
79.7473
50.6939
50.1135
47.5237
47.2922
46.2409
59.2224
47.3461
49.1119
50.4202
49.6212
56.77
48.497
50.0412
52.3655
52.7735
49.0945
52.2186
60.4719
52.8008
53.8363
53.0827
52.1711
59.0975
50.0948
49.256
48.955
50.5054
61.7053
49.6381
46.9759
50.8676
55.8471
49.4895
62.5721
49.8057
56.7177
49.3334
47.2637
69.9137
70.2168
48.9272
48.8919
49.5445
49.2616
48.3426
50.0005
49.172
48.5514
47.9845
48.8822
66.8711
86.5802
51.0205
50.93
52.6682
51.9633
51.5541
53.0305
52.8705
53.3138
54.0024
53.7627
53.645
52.9459
84.048
51.837
61.6377
53.2383
51.8052
51.4715
49.7869
53.3597
65.1066
66.9911
50.7625
50.8676
51.7938
52.1178
55.8708
49.3825
48.8764
49.859
49.4317
47.9369
46.7057
46.5283
46.1984
49.3831
48.5709
44.9698
43.5108
60.7177
46.2821
43.3724
45.1456
42.5096
50.1091
62.7091
63.0859
40.9478
51.1178
60.703
44.0347
36.7239
35.8808
33.9639
35.7784
35.2755
34.6751
34.5956
36.5103
47.6912
36.6954
36.2278
35.0323
34.2674
36.9739
47.1566
32.2963
33.6476
53.8121
32.3664
35.5596
33.9782
33.2004
41.7115
36.4098
33.5182
33.6506
32.6358
34.1313
32.1885
32.8018
32.6328
38.9124
32.885
32.4171
32.143
33.2805
34.4298
34.7548
34.144
36.4384
34.5258
44.8067
38.1873
36.183
36.5046
36.6979
37.2009
36.3085
34.6517
35.8127
37.7637
37.0385
36.3721
35.4674
35.5194
36.3512
37.4501
38.5199
47.8926
39.857
36.8192
43.8563
37.5921
38.1175
38.9114
36.8112
37.4285
45.1986
37.9464
40.7736
36.498
60.0588
38.1446
49.1806
37.0197
38.7891
37.8761
39.2097
38.5749
39.627
38.5729
38.2095
56.1189
37.8563
37.7906
35.7738
36.2218
37.4023
38.5981
36.7821
37.7112
37.1978
37.5647
45.8528
44.6271
49.2329
36.9812
42.4415
42.8245
35.425
35.2669
35.9456
35.1263
35.4745
35.4475
34.0696
35.9614
36.9698
35.3525
35.5465
35.4442
35.4839
37.2108
36.023
37.4183
35.9926
36.6014
38.6169
38.0389
39.54
35.749
35.4071
38.0972
35.9534
37.2333
35.8892
37.1264
41.3472
37.197
37.375
37.4452
38.0174
37.3041
36.3871
39.6462
37.0393
44.7779
47.697
34.5389
35.6192
58.631
34.5866
42.627
31.5552
30.6752
31.1428
30.8705
28.9059
28.1017
30.4036
28.0417
27.2956
27.269
28.2022
33.438
26.7745
28.8694
29.9233
31.7983
30.4266
47.9554
41.1521
31.8004
34.6711
37.378
33.9123
33.5175
34.4954
50.503
32.8273
33.038
32.796
33.2933
34.8461
33.5286
34.8867
36.6853
38.2803
35.8083
39.6677
38.5269
37.0967
38.1534
44.2396
35.9208
36.6467
38.9898
35.8811
35.2067
37.3359
37.9052
40.0532
37.7899
56.374
40.0632
38.3985
38.1701
36.3849
37.7525
37.0206
50.2981
39.6572
37.8964
37.4705
38.976
38.9901
37.56
38.5535
36.9908
40.2305
49.2694
39.5932
37.7742
41.2244
42.6699
39.3074
57.1221
38.4574
37.1643
38.6299
43.0272
38.2874
38.6228
38.882
39.3516
38.9414
40.78
36.5408
38.1783
39.754
67.363
39.0901
37.8876
55.3777
37.1836
37.9659
36.0691
55.3529
38.3999
53.17
38.0409
39.3977
37.3878
38.5194
37.3335
42.1796
38.4011
39.3898
64.7975
49.0912
39.78
41.1347
37.7111
60.1688
38.7691
36.492
37.0893
37.8481
43.0132
43.3906
34.2885
37.2417
54.3975
53.1277
38.1748
57.8923
39.5168
36.025
36.283
44.764
37.004
37.535
39.3006
38.3247
39.6793
37.5754
38.1436
37.0165
37.5282
40.0878
37.0407
37.2951
36.2419
37.0955
36.4157
36.538
37.2748
36.8021
36.4367
43.7545
37.8176
38.031
40.3901
38.7849
54.9866
36.3247
36.9726
38.3304
37.8179
37.2406
36.8058
38.0555
38.259
39.7804
39.4505
36.1673
59.653
52.4443
35.6803
37.7089
37.3883
36.0772
36.532
39.424
37.7122
37.1516
38.4258
36.7986
37.184
37.4922
37.2841
38.3995
37.682
36.7208
37.1759
36.6686
49.8644
50.8136
46.8864
38.3631
38.1228
44.4875
38.1115
37.6872
38.8692
39.0607
39.5507
39.3402
37.696
50.195
38.5197
39.1395
37.8286
35.9837
35.6528
36.2417
38.7918
40.1117
61.2723
71.2305
40.9325
42.0078
37.059
36.6803
35.0736
35.1946
34.7651
34.7238
33.8422
73.1916
35.8558
60.246
58.3806
30.2071
31.7107
35.5028
35.9848
48.6844
44.353
44.3854
50.4233
46.5654
37.8002
34.0737
31.4003
32.0589
35.5158
40.199
37.4763
36.0945
34.6594
37.6963
39.3298
39.074
35.3759
36.0735
37.2846
38.3168
38.9452
34.1807
33.7362
34.0404
35.263
37.232
31.0396
30.2229
30.9848
29.5951
26.8794
39.3387
33.2935
33.2798
29.63
35.0013
32.7158
49.5534
36.4739
32.8426
35.6471
36.0875
36.9828
35.9268
37.6346
37.0358
35.6025
36.8616
36.4833
36.6768
35.0666
35.4743
37.0079
36.4352
37.9292
36.69
36.8258
36.7661
35.7962
37.0516
35.3622
36.2479
35.3012
38.3996
36.8383
35.8049
53.1153
43.6539
48.6002
36.6137
37.5155
37.1857
35.9759
37.1496
37.3423
35.5379
36.2302
37.4143
37.7759
36.1598
35.6892
36.9709
37.0124
36.4434
36.686
36.3706
37.0517
37.2176
37.8491
37.2766