55.7617
33.3486
44.7727
32.0717
31.6651
32.6997
31.2031
36.8839
36.9436
33.0458
35.7155
32.1037
31.6905
30.821
31.2038
31.4479
46.0115
34.0488
34.2985
36.3827
31.7307
33.0741
32.8073
35.2977
45.784
32.524
34.9091
32.5853
32.9832
33.1327
33.8193
32.7353
32.351
33.9265
32.001
31.2798
31.8946
35.7695
45.6388
32.1124
33.1828
55.5793
34.8674
38.2057
32.743
32.8094
32.5718
32.5042
32.9635
33.0402
34.4629
34.2215
30.9095
40.2183
32.4372
35.6376
37.6146
32.7372
46.5252
33.224
34.9472
32.3488
32.8374
34.7116
31.8894
33.0294
31.9742
43.6031
32.269
33.2572
33.4779
33.0066
32.8674
33.3894
40.5045
45.1298
32.9923
42.9572
32.9106
31.6181
33.3354
42.0661
42.2085
38.9798
31.9033
32.9297
32.9112
31.2964
68.1461
32.318
46.2348
49.1237
35.9828
45.4573
32.9749
38.7084
33.4081
32.5082
33.6087
31.7309
31.0061
33.0292
31.3732
34.1174
30.9539
30.8624
33.0233
30.1339
41.9438
43.0858
28.4726
29.5126
40.3076
39.289
43.4843
33.1549
30.8039
32.2249
32.337
39.3842
31.7975
30.8894
30.767
31.6552
31.6181
31.6056
40.0919
31.9647
32.775
34.5783
34.5864
32.2007
32.7459
41.3096
36.9779
30.2008
42.0566
35.2988
34.3794
29.3542
29.5838
39.6574
30.2582
31.1471
31.2977
31.7618
36.3176
44.6191
29.0494
43.1435
31.0712
34.6004
30.6045
31.8098
32.4695
32.0808
32.0919
33.6063
32.2811
31.8356
33.4732
33.5216
33.79
33.2526
32.2059
59.7385
35.0225
28.8379
50.4998
31.2822
36.2681
29.5843
37.4411
30.5103
29.4644
30.747
31.4333
33.0274
31.817
36.0851
33.395
41.8153
35.4156
39.911
43.3466
37.7283
35.0238
39.2345
46.0561
36.5914
36.1259
36.1875
37.6643
38.1856
39.4456
38.1577
38.3019
38.0418
40.1772
37.7518
38.103
37.1714
38.8381
51.9428
36.433
36.9727
35.5914
36.2143
37.5417
46.1704
35.9324
38.1577
38.1859
37.433
37.3582
36.7917
38.1955
38.5408
55.8875
37.3791
39.2346
39.7609
35.2453
36.8507
37.133
37.748
37
35.1925
38.3096
40.3181
38.4142
50.4898
46.9461
35.8307
34.2148
36.199
34.954
36.8675
37.0005
35.0951
37.8719
35.2792
36.4698
35.0127
35.9901
36.6922
35.8844
50.8262
47.5688
50.1852
38.746
34.352
39.3364
36.7216
35.2953
36.1535
35.4964
35.659
36.2106
39.7793
38.0493
41.6549
34.2663
35.4643
35.6066
32.9354
59.0335
52.8713
32.1159
41.5531
46.6404
45.6791
30.1428
33.1173
30.6834
30.6525
31.8003
46.3563
33.5542
32.8189
42.0952
35.4924
31.8677
36.7325
30.7955
31.0906
30.9469
38.6659
31.9093
31.6854
29.8402
30.2171
29.0455
54.0146
27.5465
27.6515
31.0921
30.7586
31.538
30.7358
33.6703
31.0212
33.5059
37.738
34.8045
36.035
34.7763
34.1059
36.2553
35.2386
34.0969
34.1466
35.4382
35.5583
43.0396
34.1721
33.7196
33.8605
34.3805
34.3828
33.8109
33.8547
45.6999
37.6481
34.556
35.2584
35.8429
38.2428
33.89
33.2187
36.9566
34.6777
34.715
32.5579
34.8702
34.8385
34.9963
35.0121
35.5223
34.7307
34.7494
34.0614
35.0473
36.7328
34.5998
33.0254
35.2917
34.1278
34.3149
35.1308
32.0398
32.6508
33.7223
63.4531
33.5214
33.8483
33.0354
31.6556
33.7185
59.9368
34.0693
33.1971
34.2789
55.6279
33.0195
33.9661
31.6849
44.8733
34.4899
33.7143
40.8045
33.2247
34.1532
36.7927
47.6096
33.1885
33.2003
32.9668
33.9444
41.9626
57.9168
38.4144
31.558
28.5258
29.5862
38.8016
49.1517
40.4368
28.1585
36.0228
27.1576
45.0952
27.4411
28.856
28.9373
30.757
30.4944
31.1815
31.6465
33.6069
40.2941
41.6267
34.2597
34.4351
37.6362
38.6129
53.2599
41.5019
54.9263
38.0349
37.5889
62.524
37.6564
39.5952
35.4784
54.3692
39.4163
36.4824
36.6191
36.695
36.2662
34.2404
34.2346
44.125
35.0832
34.2165
37.0231
35.4191
34.4645
39.1326
33.6449
39.1335
33.4756
48.7222
51.2474
33.4134
32.4911
33.3955
34.5788
34.3893
46.9404
32.9977
49.8463
45.9789
33.5621
34.8844
36.6842
36.1273
37.9081
38.0785
38.2552
38.0683
37.8909
39.1405
42.3298
43.4336
44.0469
43.0485
42.254
41.9666
41.4216
41.1338
39.9114
39.9459
57.85
40.0102
39.177
38.7183
42.0373
40.7143
39.7511
40.331
38.2392
39.1601
48.0541
37.5206
43.6276
38.1538
33.7762
53.3198
43.8243
35.5839
36.0185
37.4423
37.9278
37.5244
54.5102
36.8663
36.251
38.5947
36.4242
36.6534
42.2764
36.0555
32.9067
47.8916
35.9599
35.9992
35.9017
36.6016
37.4525
34.5196
38.1616
34.2102
48.8606
40.0846
36.435
35.8243
39.208
34.0341
36.189
36.9487
35.7031
34.2949
35.0594
35.3591
43.8106
38.459
32.743
32.4784
31.8661
30.7363
32.9276
32.596
33.3804
34.5802
37.0359
35.5819
33.956
35.3331
36.5259
35.2251
37.064
35.8949
37.3153
37.1497
37.4653
35.3389
34.7501
33.2762
32.8865
32.722
34.045
40.9751
47.4915
34.8638
35.5491
43.8211
37.5696
34.6444
34.299
34.9107
35.6784
34.8918
46.6604
51.061
36.8679
33.9503
34.6438
34.7616
35.4692
35.6325
37.833
37.2617
34.6197
47.4764
36.6607
35.9813
36.5939
38.7037
66.2384
37.8962
38.6785
38.6231
38.302
37.7553
37.9422
49.0179
38.3746
38.2626
38.1782
66.9094
53.1964
42.851
39.1894
39.1109
51.6123
37.386
37.1937
35.9251
36.48
37.1421
37.4984
35.4521
44.0264
49.1852
35.2847
34.2348
33.8312
33.143
33.0975
33.3714
32.5915
32.1254
33.1518
33.3189
35.2065
35.4018
36.0499
34.6362
35.314
33.7066
36.5745
37.4662
35.4406
36.3928
37.6659
37.0447
38.9949
36.5171
38.0789
37.4331
37.6268
38.0291
36.3271
37.5619
53.0665
38.6264
35.2113
51.5531
35.842
37.4136
38.2189
34.6255
35.7813
34.9687
34.7538
34.8306
37.1063
36.9327
46.822
35.0595
36.0349
35.913
35.0504
35.5126
35.8167
34.4719
35.4538
35.4277
58.2551
39.7856
36.3359
36.5278
36.3457
36.5905
37.2878
36.0155
35.9097
36.7085
37.107
35.3305
35.8482
36.4426
36.4257
36.449
35.3803
33.7727
33.4162
32.9115
33.9877
34.554
31.1569
32.9682
33.5062
33.6923
31.4337
33.3797
32.2212
32.9593
34.0636
35.2665
34.4365
41.9272
32.895
33.2438
34.7879
33.6711
32.4698
32.2681
33.592
32.9448
31.9485
37.0663
32.2106
33.6857
33.2115
47.8895
39.5987
37.4027
46.7868
40.739
36.2605
35.0553
36.4715
41.1011
47.27
36.8691
36.244
62.1987
62.0123
38.5853
36.6297
38.129
36.7303
36.6313
38.2008
35.6224
37.591
35.5821
34.8726
35.0319
57.5863
35.4722
37.3189
36.1204
39.9352
36.898
38.3291
47.7184
54.3622
36.5622
74.8378
39.2341
35.8004
35.8236
35.1641
62.2475
36.8591
36.199
36.2214
36.9001
36.1556
45.7997
37.8439
36.5278
36.7758
37.7455
40.4667
36.2828
50.7068
37.3825
49.3719
36.8693
35.5993
37.7794
38.9312
37.8126
35.879
36.5151
37.8737
52.2215
38.0897
39.0324
38.0761
37.1672
37.4725
37.2641
36.8581
37.135
36.5508
51.4407
39.1756
35.5189
36.2906
37.1722
36.5771
36.454
36.0418
37.5619
35.8562
35.3248
34.5069
35.3518
47.4743
34.7592
33.7022
33.1607
41.8933
35.0785
48.7581
32.0706
33.5916
34.8019
35.742
33.6497
32.8062
35.1649
38.5497
33.9256
39.8288
33.2647
33.0915
46.6873
32.8584
33.5887
33.2508
32.8369
30.9051
32.6893
52.67
45.79
33.7205
32.2238
33.74
53.8737
32.5078
56.1681
34.7897
31.3518
43.6857
36.29
31.8007
32.2838
34.4552
34.4159
35.4015
43.9859
41.4549
37.0125
43.4037
35.5939
36.7592
34.9509
34.0644
36.9301
38.2168
36.5368
36.1676
37.0426
40.959
44.0496
38.2466
36.7502
36.77
37.5301
52.6841
53.6979
37.3347
36.6832
40.5217
39.4906
37.2217
37.515
39.5593
39.4877
40.8979
40.8147
48.4993
57.8296
40.1189
37.5401
42.3338
40.3702
43.0652
46.8129
66.3609
46.1165
47.9945
47.0105
45.5777
46.2566
45.1833
44.5898
46.477
45.8178
53.5411
45.0616
44.0157
44.8161
45.0344
43.9198
44.1264
45.6093
57.6841
42.6987
42.6318
43.7637
41.8483
43.8087
43.1127
43.2537
69.3405
44.16
45.2742
44.5511
46.7564
47.2877
56.3869
48.7627
62.1136
47.4473
50.0604
55.4834
45.5128
60.5583
74.0907
58.8595
44.2502
45.073
45.9195
41.5309
44.3303
46.5091
43.3783
40.0056
39.376
39.0008
37.7274
39.4039
39.3376
40.9825
36.1512
38.433
38.9085
56.2259
36.8313
52.7569
40.7462
44.3528
56.909
57.8212
45.2517
45.2974
67.5424
46.5149
48.0323
48.3487
48.3189
47.4404
44.8767
46.9693
46.2713
42.648
40.453
42.5823
43.6699
45.0301
42.3851
44.3784
47.5233
55.7834
45.9607
46.7395
45.8087
43.8485
44.4956
43.6756
53.4948
46.0694
45.1437
72.2519
45.68
44.9606
43.4447
44.8378
60.9022
43.9959
61.4945
42.4
40.5836
40.4758
44.3469
35.414
33.2051
33.0818
34.2751
40.1545
32.4741
30.8792
46.4435
30.0269
28.8335
42.4033
36.3582
31.4117
31.2673
34.483
31.7834
55.3934
35.5071
33.2096
32.9789
49.6843
33.4557
32.2654
33.4571
34.1954
34.8509
34.1196
33.5207
33.0857
35.1011
33.3137
32.3299
31.6219
47.7921
33.8366
48.2105
34.2349
33.1873
34.9016
37.2224
37.7538
38.6201
39.17
52.1639
65.5165
76.8973
39.9899
39.3276
36.0892
56.4693
40.7723
38.783
39.3732
37.0177
37.6932
38.6602
37.6188
52.4404
44.3225
41.0819
37.9579
38.2478
37.6303
50.6819
38.888
40.5163
52.2625
39.8074
39.373
40.2676
39.6555
37.3466
36.8765
38.182
37.6765
39.123
37.2012
37.7566
38.9523
39.1245
36.7655
39.3034
62.6076
38.2293
35.2054
34.6247
36.0662
35.9589
36.7621
46.7382
36.2087
35.3563
37.4148
35.3558
37.3783
34.7336
33.9709
45.8027
37.7857
35.1113
33.9729
35.0236
35.1778
44.6399
34.6917
32.755
50.664
31.801
34.7466
33.1637
34.6064
33.0863
34.0248
34.2965
33.6487
34.2968
53.4949
32.5293
33.4258
34.3482
32.2769
33.3467
34.9014
34.9831
35.1456
35.0095
34.1164
34.919
37.2748
34.7873
31.3566
32.7536
34.4864
34.3106
36.0559
35.4555
36.3396
30.7483
34.8015
31.5856
29.5215
31.772
30.4859
28.6268
27.6745
28.463
29.9634
30.5323
29.3484
32.5287
32.1215
33.9279
35.5462
48.156
36.4528
37.6495
35.8896
35.6444
35.9004
39.9335
34.3803
35.9328
36.7322
35.1859
36.0377
35.0532
35.6158
34.9766
46.9425
33.9422
34.2713
40.0529
34.4366
35.7907
34.6356
35.5389
36.3218
35.4983
50.6898
46.4465
33.4012
42.9025
29.8892
29.559
30.1138
30.6143
31.7565
47.6792
37.6048
38.3457
43.6948
39.5657
52.9348
40.4983
56.2346
39.1991
53.2724
38.4485
38.6597
40.5078
41.5804
41.2773
40.8661
40.2703
39.5619
39.7719
40.5025
38.9225
39.7694
41.2192
39.3467
40.4812
39.6605
51.9496
41.7091
38.0358
38.2319
44.5327
39.5195
44.2568
39.7456
41
45.0047
53.4606
40.2907
41.7375
40.3285
39.1636
39.3211
50.3787
40.6091
39.0441
38.1557
38.4797
37.0035
36.6775
39.0737
49.5114
56.8533
37.8819
35.9338
36.8435
36.0439
37.3135
37.0452
37.6269
37.5914
37.7058
36.9448
37.1476
36.4213
36.223
36.038
37.742
40.9056
34.502
36.3661
42.3745
34.8103
34.7355
34.0447
44.1723
32.1902
33.1125
32.5966
34.1186
35.6789
35.1804
33.8385
34.9462
33.6505
34.2594
33.2111
34.0035
33.2491
34.5836
35.3985
34.588
34.2517
33.7766
35.072
34.9155
33.6858
36.2586
32.5962
35.5024
33.3911
33.8157
32.6214
33.9111
32.7574
33.2827
32.8155
36.1489
39.8848
34.7869
32.2847
33.2157
31.5811
32.6423
31.4881
35.715
43.9512
33.9282
33.9324
35.0338
31.9219
34.0084
37.2934
34.1281
32.1488
32.1549
49.7743
47.8901
34.1232
31.6525
40.2289
32.1609
34.5864
40.92
32.1059
32.0891
31.1556
30.2624
39.6954
32.833
31.3493
32.9869
31.8525
44.2244
40.3375
32.4014
40.7951
32.925
31.091
32.8303
32.0172
30.9269
40.2306
32.1377
33.053
34.0878
32.1849
32.9653
32.9541
42.1614
33.4032
31.2997
32.1875
32.7077
32.4209
32.3302
31.4605
50.2437
30.9108
33.9816
30.2539
30.0343
30.4177
39.9491
27.9303
28.9189
40.4468
29.0148
28.088
54.5775
40.3872
28.316
34.7099
32.2967
29.9822
29.8171
43.1333
31.9903
31.5009
32.303
34.6203
44.0774
34.531
34.882
36.1213
37.7096
35.8236
35.3237
54.214
38.0634
37.1476
37.1716
38.0192
38.4739
39.9081
38.7383
40.9008
43.3439
41.2588
41.9477
39.0731
42.6981
40.0119
40.845
43.0098
40.251
39.2581
40.2909
40.9292
41.0893
41.4481
40.5878
41.6319
41.276
42.5574
37.744
39.2131
37.6923
40.489
42.6258
50.529
38.282
38.227
40.7224
39.4172
38.6514
41.0966
40.6764
41.5653
41.9461
41.7817
42.4965
41.8139
44.7972
43.0697
45.7059
46.697
44.8543
44.8744
47.0752
47.3976
46.582
46.96
46.6058
44.6508
44.1117
42.5294
39.6679
41.7401
38.0327
40.9698
38.6596
41.5228
41.9285
56.6318
42.2828
43.0014
44.6618
46.1744
41.8414
44.1588
42.6238
40.1581
40.5889
41.7129
39.9662
38.9686
54.1222
39.7084
56.4671
40.6214
35.7888
37.6978
39.62
58.7397
36.741
36.6279
34.8158
35.8567
75.8384
51.3993
35.991
67.9776
38.8786
34.7387
36.9205
37.2132
51.7793
37.6944
37.6392
38.5278
47.2007
36.2282
36.7615
38.5396
38.0733
37.2802
52.5539
38.0502
39.0469
37.0031
36.0672
43.4504
37.0919
44.9032
47.3041
38.943
48.1423
38.2261
39.2013
39.5169
37.9796
37.603
36.6287
37.1154
36.9132
38.2564
37.2165
37.434
36.3729
36.8375
63.0923
38.564
38.0074
39.1236
39.7653
52.7457
36.7905
45.4036
35.8793
34.6029
36.3276
34.7313
35.444
36.576
35.9614
34.789
34.246
32.975
33.7662
43.7184
35.5081
37.3084
35.6178
47.3204
34.111
37.0967
36.3767
36.1778
36.9179
37.1781
37.3543
36.248
36.2431
36.2806
36.696
36.6494
36.1644
36.0053
36.6654
35.9917
35.5101
45.2849
36.9321
37.2912
37.7811
35.9909
35.7096
35.4214
35.6564
37.5394
32.9499
33.4951
36.0507
37.1586
41.1374
34.2444
32.77
33.8639
49.2642
42.5004
34.3712
35.4166
34.7407
37.97
35.11
48.6125
34.7758
35.881
37.9034
35.7355
36.6186
37.0382
37.3774
35.2708
36.7448
37.3427
35.6478
35.5089
39.2439
49.1344
38.3189
40.2908
39.5409
39.8323
43.75
42.5024
42.7767
42.1761
42.2697
53.8897
42.6219
50.5001
54.6315
38.8062
38.8015
39.3898
36.7695
47.6172
45.3809
38.1345
41.6445
46.8016
38.6291
66.5374
37.6702
37.918
37.7055
36.8699
45.052
35.4822
37.1647
36.3666
36.7744
38.0092
36.626
36.3396
39.1114
34.8105
35.171
33.8466
34.7615
34.69
45.4907
33.2098
36.5149
33.327
50.7696
32.4938
34.9425
33.5292
34.1607
46.5988
48.1259
37.2214
33.6702
34.191
35.9223
33.8659
34.5087
36.0509
36.1095
33.5918
33.9158
35.5112
34.84
34.119
35.177
37.7063
33.2784
34.939
34.0266
34.96
33.7023
32.1004
32.114
31.5508
33.0602
42.1416
31.6081
31.4855
29.6065
33.3232
30.7137
32.5121
30.7463
32.166
33.0295
30.563
31.4104
31.4836
30.9455
29.8758
31.0157
30.5008
30.5916
31.3724
30.37
31.4491
30.9123
47.1269
34.0367
29.9148
28.1108
37.4207
26.2222
28.3639
27.559
29.0317
40.8936
27.6249
30.8333
34.6906
29.1111
29.2606
29.1429
29.173
26.8691
31.242
28.9381
26.9062
29.6052
28.2217
47.7563
30.8801
28.3257
27.9386
27.5449
29.5396
29.7941
29.0334
41.4188
29.6537
29.6204
31.1604
28.3145
28.0326
32.8085
29.9811
29.1134
25.8786
26.1122
29.1951
27.5735
28.4583
27.7997
29.6706
29.277
29.7022
29.1216
30.9806
30.7817
28.4921
31.0722
33.9145
27.5775
28.4584
28.3097
45.8936
44.5683
47.755
39.0937
30.0185
28.0139
29.333
27.4829
29.314
29.2196
28.4982
29.7738
32.5835
31.4141
30.4779
29.1143
31.4408
32.6566
28.8563
28.9465
42.2664
28.9603
39.2966
30.1089
34.6652
28.8314
27.3957
26.9973
32.6436
33.1968
30.21
39.3175
29.3561
29.2288
28.6084
45.8432
43.8528
50.3288
29.8556
36.9391
29.856
30.3591
30.6646
29.3225
29.6193
28.1854
26.8164
27.6544
27.7075
26.7102
27.0324
26.7515
38.9195
26.0957
27.3192
30.6804
31.6881
25.8171
27.394
25.348
40.1624
25.4036
27.4346
27.0365
28.2076
27.3703
43.9567
28.5711
42.7907
30.475
30.0069
34.8149
31.912
29.2523
33.0276
34.5715
47.4998
28.989
41.7172
31.6401
29.2899
31.6066
31.2675
37.2527
44.7039
29.7005
35.4639
31.8093
35.6791
28.6007
33.7054
32.0808
31.0347
46.7787
43.7195
33.5229
32.6418
32.1012
45.3934
50.1829
36.3216
31.841
32.6477
34.9557
32.5258
44.0294
34.3262
31.901
32.3934
31.3956
47.2341
33.284
31.611
33.0951
32.1921
36.6359
30.4242
31.9675
31.2537
32.1913
31.6438
40.2297
31.9478
31.8887
32.9726
31.6431
34.746
31.2643
40.2868
33.2711
36.6397
31.8383
31.3021
32.8607
32.9504
43.5286
31.7762
63.0659
32.8443
31.8215
43.9591
32.7666
31.6934
32.3701
32.363
45.535
33.6084
41.6135
39.0968
32.4377
44.5043
32.3366
32.5577
31.9196
33.969
32.9651
33.4774
32.4087
32.7618
32.1559
33.4693
30.5496
47.2726
31.0741
32.6898
32.5434
33.6944
36.9058
54.5918
34.9043
35.5667
32.6541
32.3536
41.4955
31.4153
32.6105
34.3677
32.2395
32.711
32.6308
32.8103
31.0659
32.6545
33.1558
34.7168
33.5008
33.5388
33.1794
32.8963
56.1522
32.1114
35.4518
31.2264
32.1543
33.4841
32.7316
31.3127
30.7038
31.364
31.1563
31.3544
31.3518
43.1797
49.1983
36.2041
34.015
45.6414
39.4559
31.4211
31.2646
32.8986
31.254
29.871
32.6705
31.9638
31.0442
31.8905
33.7349
31.4875
35.2607
31.6704
30.9863
36.5364
35.2496
34.9959
31.3562
32.0612
31.0022
33.4835
32.3004
39.6594
31.8781
32.5672
32.129
31.1632
31.5795
31.5543
33.458
31.8614
31.6306
33.3012
32.7092
31.8048
32.6189
32.0542
32.5841
53.8464
32.3664
31.7643
31.1882
33.703
32.7636
31.081
31.6579
32.2198
31.9577
33.8416
31.7756
31.2445
33.4308
33.37
33.3149
36.3396
38.3617
32.6365
33.7089
34.2184
34.8327
35.4122
34.1465
33.5177
34.8406
34.6112
36.6024
37.1621
56.123
38.1321
37.8475
39.3815
38.5296
51.9033
37.8819
37.1002
37.491
35.2777
35.5909
34.1997
35.7782
32.0251
34.5788
33.5081
34.1036
33.4544
33.382
33.3543
33.8938
34.2647
35.1239
36.8514
33.5962
34.1465
47.8161
34.8969
35.6435
48.4277
53.0133
36.2077
34.8318
35.6223
34.7082
35.7774
37.2956
32.5802
33.7645
33.6837
34.2032
34.0365
43.3038
33.5624
35.26
34.6229
32.4916
34.7793
33.5493
34.5168
34.3548
32.3415
36.3498
44.9054
34.2527
35.5395
46.8618
34.7873
33.0239
31.9475
31.7343
32.3027
33.2137
34.2198
36
33.5634
33.0364
47.536
35.8562
31.2958
31.1065
56.6422
34.5081
41.5768
35.6674
34.8613
33.8027
33.5634
32.9885
33.0515
43.0549
46.5763
33.7288
33.0863
33.2554
42.7664
34.5609
63.921
35.338
34.7501
35.7742
36.9237
36.1931
37.8131
37.2696
34.0433
34.3868
35.0651
51.3253
34.1379
37.0315
37.0248
37.6102
34.1216
34.8609
36.1919
34.5152
36.5968
47.5364
37.3261
37.4189
36.096
36.501
41.0969
37.888
37.4292
36.8333
37.4127
38.9892
37.5229
34.9353
36.8786
36.7601
39.6972
36.589
35.3802
34.9226
35.2284
36.7169
37.5092
36.7353
38.0805
37.9441
37.3748
37.6771
48.4059
36.3806
36.5098
36.5656
53.0603
35.681
36.8074
36.6456
35.5229
34.7787
33.4507
33.3857
49.2012
33.2936
32.612
32.1046
34.1449
32.7007
51.6696
52.0389
32.46
47.0664
38.4767
35.7099
33.874
34.3988
35.0333
34.5639
34.3275
34.7935
34.3395
33.8236
33.3306
35.7001
32.9502
57.0701
34.6754
35.1199
34.2674
35.4046
33.2818
41.9928
43.6079
54.7372
35.5661
32.6926
52.9211
32.3185
31.307
31.6852
32.6056
47.4577
33.6269
60.5495
35.4531
37.7459
33.2873
33.6276
35.0177
32.6517
32.7176
46.3102
45.2646
34.7189
33.4803
33.1126
32.9909
32.9718
32.9193
32.8129
32.6634
31.3044
33.5208
35.4807
35.2274
31.5172
32.8085
32.8866
43.2841
31.0785
32.4262
33.1164
33.8266
32.7741
33.8026
33.9713
49.069
47.1606
35.505
35.0574
39.3282
34.4038
37.3164
35.4345
35.714
36.4876
35.7035
34.6868
35.7176
36.5188
35.3071
36.0106
57.703
34.6631
37.8543
35.7436
34.9756
34.2798
35.8355
35.7615
34.2123
35.2005
35.675
52.7106
35.5414
36.7941
34.716
36.1127
37.4275
34.8588
36.2569
35.3706
34.5311
35.4361
38.5341
36.8832
35.1511
36.4775
35.055
46.1007
37.2042
35.2878
37.1372
34.0429
35.7674
43.482
48.3338
36.8255
41.0644
32.6679
32.4532
39.9068
42.4802
31.5978
31.4675
37.5611
33.3559
31.5307
31.7029
30.265
31.4685
31.6984
31.5154
45.7874
31.0642
33.8875
31.724
43.331
31.0152
31.8923
31.1052
32.2055
31.6094
32.6165
33.3215
30.8219
32.3392
32.484
34.5827
31.7247
33.9675
33.4391
37.3006
49.3216
34.1341
33.9761
35.3849
33.7563
32.1108
33.6536
33.8308
36.8355
36.3536
36.7091
43.5736
35.2982
35.9478
35.2907
35.3204
36.7078
37.0052
52.3123
45.4664
35.305
48.8136
31.837
32.7382
32.9069
37.7887
32.187
31.6342
32.8531
31.3216
43.404
32.1748
34.3931
31.0996
32.5563
31.1377
46.6388
32.6382
29.1449
30.049
30.9365
33.3572
33.421
33.6082
32.6848
36.1882
34.9992
32.8643
32.9177
32.1413
33.7846
34.2298
34.9766
36.3042
33.4581
33.0491
34.8263
45.1328
32.7496
33.7504
32.7715
33.5537
40.7265
35.7486
34.7989
34.5393
46.8262
34.9286
36.577
44.3971
33.5659
34.3596
33.7739
34.5072
35.7626
33.6869
33.5198
33.2183
33.4727
38.7876
34.8798
35.6616
34.4362
35.2498
34.9367
36.0167
36.7478
35.8148
36.2634
34.511
35.02
34.5673
35.777
34.6878
33.9322
33.8766
34.0812
35.9444
65.6882
34.9366
38.1588
38.4274
37.4616
47.8223
38.0544
57.2954
37.2706
41.8716
60.982
36.9261
37.6581
37.7186
37.2743
40.6983
38.4902
37.7712
65.7297
32.6643
33.4403
32.0811
30.8687
31.0665
30.4188
32.7626
31.5414
40.2815
38.7157
40.6367
31.7118
37.5565
30.6892
31.6811
31.6915
33.7073
47.8349
31.7359
31.3777
32.1474
36.4823
31.8267
31.0518
33.3887
32.1102
31.6511
32.7064
33.2933
46.5133
44.5848
32.4076
33.8281
34.299
34.3763
33.5285
32.51
33.6
33.6681
33.0013
32.5218
33.4709
32.0157
32.4533
43.8907
31.8875
31.3618
38.7331
29.8958
30.2312
35.237
37.1055
29.1127
30.2179
29.8207
28.3891
33.3064
29.2901
30.4222
35.4752
29.7598
28.8686
30.6146
32.2283
31.2819
47.4437
33.3534
33.3507
34.6229
36.3232
34.8032
52.3167
46.6895
36.927
61.7948
34.3219
56.9971
34.5045
38.7874
36.2143
34.0346
34.5017
36.3879
34.8071
34.0268
35.4371
42.7229
69.3851
36.0051
36.352
38.6865
34.9902
34.6652
55.548
49.5924
35.2084
34.3553
57.0855
45.9693
33.7154
38.1593
55.7249
34.153
34.5776
33.5534
33.2524
46.6485
33.9591
33.4424
44.7897
34.3409
33.4234
32.7434
32.0167
32.5976
32.1681
56.9037
51.8115
33.1961
32.3262
31.6951
50.3607
31.2091
32.6074
31.953
30.7081
31.76
48.7157
39.2445
31.746
46.2672
31.9507
37.9657
51.5067
36.8438
37.0595
33.3945
34.0478
33.6562
34.4357
33.4411
34.5599
35.1151
32.3362
35.2034
33.5614
34.5052
34.4842
34.2362
33.1448
34.3897
32.9167
31.8345
42.2787
32.1467
33.7369
31.9714
32.5552
34.8731
33.4297
32.6006
32.5897
31.362
32.1882
31.5178
35.565
40.8796
41.2033
46.3108
31.7018
31.0118
31.3308
36.4236
31.4325
35.2643
30.5262
29.2472
34.2713
31.1601
29.1677
29.5638
40.8132
30.8724
56.0855
30.0362
30.5672
31.48
29.7901
30.3515
29.5176
30.5163
32.4239
28.8799
28.8133
31.1234
32.218
31.4933
35.1592
31.3265
32.5752
32.1309
37.9552
34.1987
48.1023
34.0156
33.5935
41.9769
59.8521
33.3602
33.8397
32.9066
34.054
33.0975
31.9035
39.4015
31.7693
30.9621
30.4637
30.2275
29.5252
46.2431
36.9363
50.8243
39.0741
29.3279
28.9101
41.6141
27.2355
27.8547
34.8982
28.7465
28.8267
29.8065
32.6659
29.3426
43.6468
32.0456
32.4032
32.9155
32.6635
35.3671
33.8825
33.3875
35.0775
35.9344
36.7065
36.2163
56.931
39.9511
36.6392
47.2274
34.4355
34.0817
33.2746
35.7804
34.4062
52.0385
36.7194
67.5375
32.2895
31.8833
37.36
40.3468
28.1811
27.8892
29.8861
40.8101
30.8761
28.4019
28.1519
30.9957
29.1443
28.5661
28.9756
44.0179
40.3708
33.7956
30.8184
31.3587
29.7565
33.8509
31.551
30.6388
32.8287
35.4999
33.2922
41.7816
48.7127
33.7496
34.3282
33.6346
32.882
33.8971
47.1405
31.7491
33.3718
33.1607
33.6624
33.222
31.6098
33.0421
31.6303
32.7793
33.5087
35.3748
34.5278
50.5936
33.7635
41.1299
38.7782
33.7575
32.8502
35.2769
34.2067
36.3219
33.996
48.0975
39.5535
33.6859
39.679
36.3121
36.2156
36.6843
35.5469
34.833
34.7557
37.9728
36.2368
35.4218
35.001
33.847
33.7981
34.9688
35.123
33.0828
35.3775
34.8684
34.6423
34.429
32.9596
34.2318
33.791
47.0982
37.9865
35.1859
34.2131
34.2784
35.9998
36.1266
43.159
36.0395
35.66
34.0348
35.9579
35.6508
36.9421
34.6789
41.4765
34.8023
35.9396
35.6174
34.6878
34.7668
35.7963
36.8993
36.8135
35.2587
39.6762
35.306
35.7982
35.3365
33.7661
34.151
37.5614
36.9666
34.5561
33.2736
46.8629
37.5091
35.3156
35.8701
34.0285
34.3337
62.8585
35.6368
45.6734
33.1825
33.8356
30.6452
32.2383
31.1478
29.8754
30.514
32.8218
32.555
48.4348
42.8119
44.525
33.6773
34.7676
47.7786
32.8467
48.0078
49.4431
64.6361
37.3274
32.6037
32.2617
30.7121
31.6968
50.2325
32.1602
45.9641
30.4852
35.8512
34.7219
33.2047
35.8125
31.4907
33.2368
39.4434
40.7232
31.359
30.5864
31.3435
31.1096
33.5263
36.4983
32.2833
31.252
31.7543
31.9867
30.1233
32.1986
32.4326
39.2784
33.5985
31.8007
32.8872
31.1138
31.5659
38.4671
32.8168
32.2563
31.3259
31.7679
38.1436
45.3573
31.9868
32.3701
32.1504
33.1492
31.4007
37.9822
31.6149
32.4626
30.8383
31.3896
31.9672
32.2464
30.6963
31.2589
32.4752
48.7969
32.5255
32.7858
31.7441
44.3422
43.1307
38.1684
30.9904
31.3893
32.2596
31.2022
47.0904
30.6055
31.8245
32.5279
32.7078
31.2671
31.4354
31.3872
31.2447
41.4114
36.2945