46.5
26.7411
26.2655
28.4856
27.7144
27.6939
34.0185
24.7169
26.0534
26.8141
27.5935
25.2491
25.7782
26.5099
24.5416
26.3961
40.3162
31.7376
26.1553
27.5221
27.5646
28.9457
47.2744
27.7346
26.8085
36.7586
25.5182
44.5728
26.6383
25.9077
26.4095
26.6497
35.938
34.9363
25.7405
28.524
36.1012
34.5042
27.7599
47.5837
25.6521
31.6591
37.5646
24.5513
26.8141
27.9717
29.4939
26.4128
34.7927
27.8717
26.823
27.875
40.5882
26.8141
30.9273
26.5203
28.9043
26.3354
26.4439
34.3578
27.5885
33.9739
33.9209
26.2547
26.071
35.7532
36.3343
26.3751
27.9582
26.6979
31.3234
32.0549
24.496
33.4043
31.9491
31.7379
28.3009
29.2396
26.5592
26.0213
26.7042
30.7315
27.8616
27.3971
26.1715
43.0236
29.8144
25.8562
27.9006
26.7175
26.7254
27.7034
30.2499
27.4849
27.7365
28.0897
39.0017
26.2405
47.7994
30.243
27.6281
28.1577
27.4634
25.8326
27.4704
30.0315
26.9946
27.3552
27.9733
27.115
26.7662
25.429
41.5542
36.5869
38.9568
25.9468
27.8758
25.4811
26.258
25.9345
27.4633
24.8489
27.6894
28.146
47.6968
38.3645
28.3387
26.7208
42.3423
25.5638
26.8286
40.7924
28.8411
21.5874
41.9978
28.2065
26.3572
26.6759
25.4291
25.1155
25.7586
27.2776
51.0636
27.5157
33.1704
28.7929
27.6089
25.4201
24.912
26.4829
26.8859
37.1597
24.9303
27.1285
28.0777
27.5137
27.3617
26.7539
26.0145
29.7803
25.9431
28.2586
30.7296
41.5801
26.2689
27.1381
26.0473
27.0757
26.6867
35.1957
28.3692
44.4325
28.1968
26.5641
27.8982
26.5736
30.9444
34.3813
26.2453
28.7184
29.8283
25.83
27.4282
27.7717
27.0203
27.2301
26.3308
28.784
27.9972
28.368
51.1857
31.217
27.0086
28.4132
28.504
48.9034
26.7201
27.466
27.4654
52.3513
27.9554
27.0737
26.2317
27.2235
38.4746
56.8061
28.6939
44.9604
27.4629
28.176
27.6178
27.718
41.7683
26.8883
26.8573
27.8423
28.3318
28.3758
28.6432
29.1273
30.1461
26.2543
24.8664
26.9228
27.5587
27.2919
25.7753
28.416
29.3822
40.7533
30.2126
27.5962
36.7709
25.7542
27.4475
26.9431
25.3772
27.119
26.4296
26.6494
36.431
26.3313
27.1659
31.346
26.8049
34.9155
26.361
33.2696
31.4809
24.7739
25.3842
27.1379
25.5971
33.4745
25.3538
27.9464
29.5383
26.5607
26.2615
26.1878
25.916
26.7316
26.6855
28.499
29.0798
28.0979
35.5261
24.4134
25.2107
22.5613
22.4853
28.6817
39.6458
24.4509
29.639
38.7364
24.0209
25.4136
27.5109
27.1182
28.0587
32.6814
26.0368
28.4311
28.9453
34.1168
28.5269
29.2421
27.3284
47.3988
30.0987
30.7934
31.0949
28.9203
28.6461
29.1192
30.042
28.8221
31.0345
29.7091
30.4932
29.9841
29.091
40.2923
29.6166
31.2684
34.8875
30.4214
30.5414
31.1637
31.5307
29.5238
34.1251
38.0677
50.5733
31.5053
36.0557
29.2451
39.8755
34.2576
27.9847
30.9184
30.0148
31.0843
30.5182
31.3566
27.1032
29.2792
28.9983
33.7009
32.4175
52.846
31.3468
33.9158
36.2966
32.5277
59.7303
35.8963
33.5523
33.991
36.725
33.5055
34.2544
32.4593
33.8191
33.2807
33.6406
33.6617
45.8691
34.7573
36.3843
35.7999
34.6111
34.1489
36.503
35.9101
34.5248
36.0651
35.5693
35.1531
34.1731
33.9075
32.9037
35.006
36.4969
34.6695
47.1031
36.9943
51.4335
33.9867
40.2303
40.1931
33.8163
33.5345
35.8355
57.7171
35.6857
45.8641
36.7178
38.0467
41.2128
42.5272
41.521
39.807
40.9135
40.1896
36.3903
40.4261
41.3474
44.6667
45.2317
46.4288
43.8404
56.7554
43.6357
45.0855
43.9849
43.4802
43.916
42.2049
44.5199
76.7612
45.3638
46.0824
42.1689
69.8062
43.765
43.4203
41.9803
42.5893
50.0956
45.1602
44.2544
45.5822
44.302
58.4829
44.7922
44.9678
46.1711
46.6861
50.8559
45.6535
44.3183
45.3409
43.4748
44.9535
40.4708
38.3629
37.8753
34.8644
34.778
34.3735
35.1202
31.3491
27.1915
26.9098
26.9787
32.4376
29.6049
25.1498
25.5498
26.1923
32.6458
22.9029
24.2196
22.7203
34.5937
19.343
20.9343
26.3806
20.2192
23.5446
23.9955
25.4831
24.1515
23.5508
36.5243
23.4626
34.3131
24.171
22.4212
28.4696
24.0872
26.6815
26.8053
35.7602
27.3342
27.3702
27.812
29.0153
32.4613
28.4953
33.8974
30.7177
28.93
35.0949
28.3546
27.9409
25.9491
28.3173
27.7547
26.1858
26.4919
29.2073
26.2409
25.8446
36.4654
26.3064
26.5234
26.8092
28.9481
30.8192
27.6473
50.0941
30.2239
30.2955
38.842
29.399
33.0847
29.9941
28.1095
29.2985
42.2206
30.1875
37.2454
31.598
28.3383
43.2779
29.2329
31.404
31.9319
33.8513
31.897
30.4975
36.972
30.2152
30.6604
29.7092
37.2039
34.4851
28.4788
33.0459
30.6764
31.4674
30.6405
31.4893
32.4605
35.8991
30.9419
32.8029
32.6794
31.3342
31.368
30.8456
30.1508
30.5365
50.0134
32.4354
51.899
34.5994
32.2283
31.1185
33.651
32.3277
58.7163
33.5791
49.5889
40.0121
35.8909
35.3969
32.9987
38.8694
41.8164
34.0918
32.7033
33.9169
36.9486
33.1056
43.0473
41.052
34.9373
36.5385
35.9473
49.7491
37.7061
39.611
37.6623
38.2208
37.5107
38.7327
36.7332
48.9389
44.7748
37.5691
40.8746
39.5681
39.4999
39.8072
41.6229
42.2434
40.898
41.5796
43.3538
42.0432
44.4205
51.4149
55.397
43.7213
45.7915
47.1232
47.4634
52.5917
47.7909
50.0764
47.3405
48.6438
48.8615
71.3644
46.5455
68.5469
46.4204
45.136
45.3014
66.277
48.3614
77.4962
47.8776
46.7734
48.1555
48.8796
54.8623
63.2211
44.8276
45.3859
46.6576
44.3654
46.8724
43.5141
64.1446
41.9203
44.7265
41.4123
44.5494
47.4855
44.0111
62.1258
46.2009
45.3469
48.6554
47.2046
47.5348
58.0717
49.5602
48.1543
47.0289
53.6925
46.1959
64.7562
48.8821
48.0635
67.8019
46.1957
42.4159
46.7255
43.541
43.8218
47.6779
45.709
46.2309
48.4422
47.4403
47.7379
49.242
65.9232
61.3807
47.7703
47.8162
47.0151
46.3909
47.8483
46.9562
47.2791
68.984
67.7876
46.7666
61.5662
46.1487
46.9702
46.8981
48.2895
60.7162
48.9247
44.9224
46.1464
45.4928
45.143
43.9438
54.4807
44.4164
43.8328
41.7196
42.3974
41.704
43.3331
44.1798
45.4837
46.0243
45.7387
44.5725
44.0423
55.1914
43.7079
44.4394
45.2262
43.993
44.1637
44.27
44.1172
44.2344
42.0378
43.8993
42.574
42.4589
44.3199
41.5587
43.7329
43.1293
60.656
59.6352
43.7609
41.5334
40.7878
50.7986
46.9726
41.755
42.7444
41.0705
42.1775
42.5214
43.364
42.9166
42.9612
70.0787
57.6793
48.0302
46.6329
44.287
47.3149
48.5203
46.2861
45.8587
61.9572
45.448
46.7859
44.3499
44.8539
44.4302
48.9304
57.2635
47.8772
68.2438
45.7133
47.1652
46.4992
45.3495
56.6224
43.7719
47.8331
45.522
45.6912
44.4375
47.4859
44.4771
45.6609
54.4718
45.0059
45.9562
74.6542
45.3011
44.0957
58.5285
44.1737
44.356
44.8828
44.66
45.8606
42.8248
47.5902
44.8042
41.8164
43.4579
43.8223
41.322
42.4657
41.4138
42.0943
41.6024
39.8333
37.6631
33.8541
34.2131
33.2428
30.6295
33.4623
30.4006
30.6476
47.1131
34.5953
44.1271
33.2261
32.8213
36.8008
37.5095
38.7536
33.2102
51.3906
34.8258
45.8823
35.2806
29.4978
38.8128
32.2238
32.6315
31.0066
36.4434
35.5131
37.2278
45.6385
35.992
37.0732
37.4481
33.8985
36.9316
37.705
36.4429
37.9906
45.3217
48.1996
40.9217
39.6548
52.774
44.2984
44.7336
39.6449
41.1382
38.2159
43.5367
67.3209
38.8813
39.3893
39.2822
48.9976
41.1577
39.728
39.7696
39.044
35.6735
36.7651
40.136
34.0367
34.6368
34.3589
37.4875
52.1332
55.8395
38.5511
35.7131
35.4311
35.4047
36.6249
35.679
35.7924
36.0869
39.2447
36.6794
39.9503
37.8911
34.1449
37.5888
44.7713
42.7602
39.3787
38.7215
57.7961
46.922
38.8317
39.1683
38.2877
39.1288
38.9012
38.5858
58.7592
42.4991
38.395
37.543
38.6447
46.467
67.412
46.7573
37.5451
44.9461
39.4418
66.9876
38.137
37.6781
39.8752
39.8449
47.6413
36.5805
42.3578
38.5079
37.5315
37.1985
38.0277
55.1196
76.5242
41.0848
36.921
49.9719
62.4602
39.0415
36.018
38.1021
36.277
36.3159
46.1545
36.8385
46.1952
35.6875
36.5116
36.0642
68.0007
36.2371
35.6554
46.289
36.5933
36.1716
34.7158
46.7292
35.0493
41.7622
62.089
46.2905
40.1087
33.5754
33.5726
32.5451
40.643
29.0728
32.0576
30.1484
42.7906
34.4727
30.4433
28.4174
39.7451
30.8681
34.5034
31.6717
33.2437
32.9427
35.9902
34.5552
34.8254
42.9361
36.5586
38.1614
35.0924
38.3466
37.5716
45.5838
39.0938
36.6424
39.6407
40.2401
43.6517
42.3423
38.9233
40.7612
44.0785
40.4892
44.2448
47.2964
46.6463
54.13
53.2697
53.8742
51.5422
49.0526
49.3024
52.7182
52.932
52.3535
67.6022
66.656
55.167
51.4503
51.2286
49.9607
49.4124
49.6496
46.3005
46.6127
46.7473
42.3343
39.0299
42.8074
56.1759
39.8871
39.4109
40.0908
40.9897
41.1142
41.2831
53.1814
44.1519
43.876
44.8868
71.9303
46.1222
46.0431
44.4219
43.5799
42.1257
44.7525
45.6368
43.7171
45.9195
44.8884
43.0128
50.8869
44.3219
43.1893
44.7779
44.9458
43.6667
43.4775
44.4958
42.6013
52.495
44.3156
47.8368
43.315
53.8341
43.6884
41.5167
51.3608
43.5413
44.3972
62.3651
38.5085
38.5271
47.5056
37.545
38.3064
41.2095
36.1685
35.9166
37.7718
38.1019
37.8983
37.9696
40.5307
39.6036
40.7381
38.5587
38.6176
38.9111
38.9719
44.029
38.3796
38.5675
38.9306
47.1905
37.3618
46.0052
37.0961
38.8448
48.9881
32.2677
34.0128
31.412
38.4919
49.772
34.0684
33.4182
33.6221
34.9158
39.2638
44.2543
34.2205
32.2905
31.8195
33.4391
32.6299
37.9688
29.5573
26.3434
28.1975
29.2222
29.1771
27.7424
29.9865
33.0926
55.1256
35.473
32.9485
35.2699
34.6032
29.7507
33.2322
33.2595
31.3344
41.6862
39.5118
35.218
34.6937
36.0306
33.4807
34.8061
46.321
36.5981
35.7124
41.0098
35.8461
34.6557
37.1093
36.5695
36.4688
39.7647
36.896
37.6304
38.8727
37.1108
37.9917
37.2688
39.3121
35.8181
37.8734
38.4311
38.5722
38.3908
39.0743
39.6823
47.4753
38.6684
41.5464
39.7528
37.6382
39.2764
39.461
38.6555
40.5131
62.7109
38.8595
37.9721
41.2028
63.6058
38.1995
40.3924
36.9978
36.4254
35.0278
35.4462
35.5884
52.1414
49.0065
37.9342
37.2575
38.5844
37.5577
38.0404
40.9036
39.6335
38.3138
38.3971
37.1517
49.5346
38.424
51.626
55.8598
38.8191
38.17
38.6942
53.3376
38.638
52.2497
56.172
60.3727
36.0902
39.369
36.1738
36.8012
38.3166
50.4485
38.01
36.9885
37.5801
38.0386
43.6615
38.1952
40.5895
66.0141
40.5919
38.1298
38.5889
40.6861
37.7449
40.7778
39.9589
57.3808
46.6639
38.2586
39.3022
38.8005
43.7259
39.531
39.3415
38.6361
39.3307
38.1682
39.2703
38.3245
38.9094
39.3115
38.9074
37.9655
36.9897
37.0287
38.2293
37.5015
38.2601
37.0296
38.3985
37.1927
38.9361
39.028
37.8141
42.1705
36.5107
39.6269
68.9487
38.439
43.0524
40.0711
40.7577
56.456
44.5636
62.7632
43.4663
43.7088
42.6211
43.662
43.8972
41.5313
44.128
61.6502
42.2167
73.1786
46.6726
42.3201
44.8541
44.0353
77.6496
44.1551
40.7598
40.2055
41.7034
41.9147
41.7421
40.5415
42.8811
37.933
43.4132
57.066
43.5888
44.5866
42.0063
43.7352
44.629
44.3396
44.6791
43.0359
40.1813
41.3601
39.9526
39.4732
43.1038
39.796
37.0723
53.7308
40.4245
40.7996
43.6304
46.238
43.4778
43.771
47.6077
48.5675
49.8662
48.8354
48.2833
49.1151
57.5401
49.7009
47.9395
49.9381
49.4188
49.803
48.6898
48.766
72.3435
46.3829
48.9827
47.3278
61.866
47.8241
47.5431
53.5473
49.5839
73.6514
50.5791
50.8795
48.3454
47.7907
49.0999
50.6592
49.9213
50.3782
65.3437
47.0922
76.1665
42.99
48.6619
39.7569
38.103
39.6087
36.8583
36.3243
33.6886
32.9696
33.6339
43.234
36.5261
38.8985
36.9362
35.512
56.0527
35.8115
35.304
34.0526
35.3097
37.7466
38.8725
38.0156
46.6598
39.5519
39.5411
41.6106
40.7031
39.1334
40.8798
41.2597
40.9088
40.1026
41.3643
40.9071
41.0949
41.7941
42.66
42.5691
43.1848
44.4437
43.8287
43.433
45.1449
46.04
45.9719
43.3288
47.6704
45.7562
47.402
47.5562
47.2954
46.7612
44.5915
44.3564
46.372
44.453
42.6352
45.7447
42.022
41.8618
43.1944
36.1
37.4379
39.6233
42.401
37.4823
38.2191
34.4649
43.0069
46.1541
37.6832
35.2373
37.8986
37.663
35.7474
36.8921
38.6703
36.7096
38.5785
40.3042
41.4541
38.4224
38.6312
39.6115
38.6199
41.3945
38.2959
36.0309
36.4288
38.149
35.3174
35.241
36.6891
36.8393
38.0982
36.6646
36.6059
39.9172
38.1326
37.9286
36.9855
34.9713
37.4484
34.3246
33.464
43.8599
33.9695
31.4575
33.2692
33.8929
35.9452
33.6699
29.4216
30.9891
33.6849
51.9453
44.8811
33.7746
31.2597
36.5422
31.4894
30.5714
32.0616
32.6073
28.6033
31.3749
32.2244
28.4769
30.1691
51.3056
28.1825
28.7629
27.6553
31.4923
29.1534
27.7306
29.5824
30.2309
29.9457
32.727
28.5097
28.5416
29.9137
27.3994
30.1729
30.9282
38.1255
34.2866
49.2678
32.7439
32.1509
43.9951
30.9323
31.9898
36.6445
32.4781
44.6708
33.9019
34.0602
34.6824
35.868
36.36
37.4816
38.0762
36.1593
36.9075
36.7438
41.4248
36.2898
36.4609
38.788
34.7823
37.1852
58.7322
38.5256
51.4222
39.4777
47.5732
37.8072
38.7588
38.0592
39.2103
38.9489
37.475
36.5562
36.4332
36.0336
34.8249
41.8768
34.3493
33.1829
34.236
33.4417
33.2594
61.5374
38.9343
39.3957
38.6024
37.4232
40.8011
56.3843
39.983
39.3796
39.9285
39.9744
44.335
39.3191
38.3144
40.7332
38.0881
39.781
39.304
69.902
39.6358
40.4429
39.8026
44.4468
40.1599
40.2187
39.9158
39.8471
41.5252
59.0507
56.7627
42.6394
40.125
56.6671
55.6429
57.1271
40.7826
48.5349
41.411
41.8103
40.4128
41.1199
40.4041
40.2627
46.8435
40.7212
41.2819
41.4796
40.7618
42.6248
41.213
41.742
41.6666
42.4377
41.7519
42.2224
42.3453
72.699
42.4482
61.0498
42.5239
42.6018
42.4978
40.7477
42.1537
42.1777
41.5809
44.3545
42.9705
41.6922
42.9416
66.4161
42.7698
41.4737
57.2328
41.8373
50.3243
40.5396
46.0336
40.6688
39.527
40.6711
41.2954
40.0917
39.475
39.4643
40.511
40.0876
38.6753
53.9022
55.3185
37.7758
39.2411
40.0566
60.3788
39.7211
46.5273
40.1816
39.6052
41.4404
40.7262
40.7639
40.4721
41.3635
55.2703
40.3709
39.2257
73.2517
38.9692
48.5117
40.8505
39.6181
39.7398
40.993
41.529
63.0986
40.9516
50.6124
45.7622
41.5279
41.4778
39.1105
51.0946
39.4064
39.3648
42.4284
39.9222
38.9506
38.1234
40.3756
37.4506
37.3048
37.7049
37.5803
50.2863
55.7833
36.9378
37.8347
38.6094
36.7837
36.9514
36.7445
45.4668
37.108
50.5654
37.6318
36.7924
38.3454
38.3543
35.4339
36.8793
36.2051
35.99
38.5471
36.5709
35.6325
42.3304
36.3501
37.622
35.8163
36.0796
35.7033
36.131
33.6116
32.8343
33.9358
35.0597
34.3887
35.7323
33.236
35.4872
35.62
34.9828
52.111
36.4432
36.1295
33.415
33.6842
36.4412
41.4791
37.1597
34.6181
35.61
35.5849
33.1366
35.2714
34.0331
35.9931
33.8618
33.4159
39.4919
36.0519
34.2292
35.7335
35.151
36.0344
40.7205
36.3722
34.7624
36.4551
35.7728
35.6781
35.8657
35.0238
35.0985
37.586
35.1229
36.2953
40.4318
34.5861
36.4739
35.5367
46.5307
35.4742
36.1096
35.4477
46.9466
36.5452
35.2157
49.4978
37.3901
35.0578
36.3887
43.9342
35.5344
34.609
36.8704
36.9341
36.9783
36.799
37.5987
38.9016
36.4007
49.2514
38.2951
35.9802
37.233
62.1678
38.4646
37.2358
38.7266
38.5438
38.5051
55.6276
39.6951
37.6481
38.5885
37.2697
38.7408
38.4839
36.903
38.9519
38.0763
37.5075
41.4651
34.9349
34.279
38.9104
33.2757
33.846
34.2002
42.8096
31.5723
31.2186
31.8824
31.7183
32.0348
32.1153
32.6152
36.266
32.546
33.6533
31.5789
33.1983
32.0633
31.814
37.8109
37.3233
38.4412
29.1511
28.1991
33.4809
29.6287
28.9659
28.8431
52.8916
37.1443
28.9016
30.0294
36.3757
31.377
30.6602
31.6102
28.9766
30.703
46.3644
39.9801
31.3434
31.423
35.0779
34.8153
42.0531
35.1555
32.0193
32.9453
32.3858
42.225
34.524
31.9384
33.1875
33.5281
32.0223
32.6146
32.3016
31.6269
32.5052
32.7596
31.0674
31.3128
31.8833
31.7449
30.1927
34.8365
32.5808
32.7925
31.7269
31.8226
39.6089
31.6055
36.0132
31.1783
43.7457
30.886
32.2037
50.0521
29.7597
29.7198
31.2018
30.5234
28.4914
29.9009
30.2233
28.422
31.1454
30.7785
31.2229
28.3583
28.7943
26.9885
27.5728
28.8256
29.4917
28.7397
27.4103
28.4207
36.83
31.8683
28.7904
29.31
29.3042
28.1708
28.7642
28.9429
28.554
27.7761
28.6208
27.4196
28.5092
31.9405
29.0143
29.2535
29.0679
29.3495
28.4601
28.199
31.8489
28.0957
27.3867
28.0905
28.0766
26.7093
26.2688
26.9341
24.7041
26.6829
27.9753
26.5216
27.248
27.1209
34.0522
37.4323
40.2784
36.6465
26.9505
26.7152
26.6952
24.9549
42.7345
32.3152
37.9935
27.4275
29.7291
28.7348
28.744
36.7595
28.3107
26.6699
29.4716
29.6542
29.2395
29.8194
29.6203
29.9752
45.8222
29.6208
30.5713
33.3035
29.3758
30.7838
30.7814
29.4268
29.9061
30.5805
29.8239
27.964
30.6813
45.2582
36.7646
32.3628
30.078
32.823
31.3116
32.851
31.285
31.5789
52.4368
43.9506
34.9807
35.9847
33.7468
32.2439
33.3147
31.0302
31.1965
32.6355
34.5207
33.2633
49.069
34.4045
52.8864
35.0266
33.1972
33.8666
34.0166
44.9321
34.4952
55.7485
49.3821
34.9805
35.4699
32.5197
33.3829
37.6705
34.4413
35.3962
33.3808
34.4096
48.9769
33.0214
33.2161
34.1835
34.3926
34.3295
33.2028
35.3133
34.1706
35.1555
34.1492
33.4388
32.6645
35.055
33.633
34.534
33.2399
62.6025
34.1273
35.3859
35.1058
34.1346
34.2102
35.1193
34.9143
36.1881
34.9695
35.4521
34.9235
31.9554
34.1972
54.57
42.2383
33.3471
53.217
34.4261
35.2457
51.3857
33.0066
33.8252
51.7123
34.5318
33.5903
32.753
33.1044
32.8872
32.5174
32.3787
32.3753
31.5881
47.4282
33.2202
31.8593
32.2608
49.9437
39.7148
34.1095
32.3548
35.4862
45.2385
34.0479
64.0846
33.7178
30.0954
32.2799
33.1022
33.0492
33.5336
35.3895
31.9517
31.8206
38.0334
31.2566
32.0461
33.202
31.2812
32.0668
50.1271
43.5129
33.1575
52.0665
32.531
31.9905
31.8839
32.9508
50.5623
34.4342
37.7189
33.3244
33.6435
31.4191
33.8745
30.863
31.163
41.317
29.9835
34.4172
54.943
30.6824
31.3669
29.8272
31.5423
31.0511
31.7896
30.8437
41.7642
31.0604
31.5525
54.6294
32.7806
30.2215
29.603
30.8167
57.6971
31.2639
32.6627
34.8875
35.1188
32.9308
30.4191
32.4991
40.1074
29.8979
32.2876
30.5151
31.6005
31.4856
31.7324
32.1851
32.304
31.8124
29.5956
33.1298
44.7201
44.7666
30.5643
30.3979
40.2595
33.8917
30.4698
31.3662
30.1619
38.6835
29.6699
28.7182
29.7638
43.102
46.8802
38.3719
30.4668
29.3073
38.7743
36.5588
29.2881
42.5893
29.4186
38.7767
28.6581
29.2763
44.4456
29.0102
29.4748
29.5291
27.9553
32.1812
29.9577
30.3147
32.2768
27.4799
27.9459
28.7728
29.4837
30.164
29.9087
37.9637
32.6721
34.818
38.2483
31.9072
33.5102
32.385
32.1968
31.195
31.1527
36.509
35.3637
28.6109
34.4826
31.7297
32.2451
43.6331
35.8622
33.8716
34.2927
35.668
32.0042
31.9352
32.9085
48.0978
40.9991
31.6653
34.9655
31.8532
33.1825
32.6563
49.3623
29.8876
28.5645
28.9389
33.6393
35.7323
35.1933
31.7532
32.0506
32.3971
32.2352
32.3393
33.2842
45.9921
30.2093
31.7557
30.924
35.6738
44.3593
34.7358
42.7142
31.4536
31.8655
32.8181
32.6138
33.359
30.7156
30.4856
29.7931
29.171
35.7135
34.0214
33.5808
40.5753
31.0079
31.9767
45.7711
35.5979
31.4152
31.2124
32.5161
31.9785
29.6991
41.9025
29.9894
31.7264
43.5575
30.6664
31.4276
30.841
33.0847
32.3315
30.6108
32.6764
29.8811
32.2733
31.9651
48.9974
35.058
31.7312
31.5011
31.615
32.2057
30.9396
31.1086
31.776
32.5759
31.1609
33.2649
32.4632
35.6748
32.863
34.7271
32.1204
29.9748
32.7717
31.4805
31.802
30.4454
32.6159
30.4264
31.381
31.2332
45.1963
34.1547
31.322
31.7505
31.4327
38.8718
32.684
30.1549
31.5199
37.5368
29.5686
31.9994
31.2966
32.1823
36.9831
31.6508
39.5267
32.918
41.2633