16.5452
18.0784
23.6248
13.4292
12.8545
13.0455
13.0223
17.8778
22.5772
14.8816
20.4906
14.2208
20.108
16.7725
14.6526
15.0506
23.1305
12.3763
23.36
17.0828
21.6597
14.2007
15.1419
13.0518
20.8578
15.3904
20.4367
22.0549
17.8242
13.7089
13.046
12.9646
23.0916
13.3891
22.3017
13.6109
10.9012
19.5841
13.6906
13.43
14.2572
24.6952
15.6967
14.2178
19.476
15.3084
13.5097
17.5302
15.3733
22.9647
16.6056
22.5323
14.8659
14.4771
16.4066
13.6506
13.776
17.7943
16.6662
17.992
14.3003
13.5755
18.6182
16.4826
13.6558
14.5675
18.4448
13.2132
15.7267
21.5086
14.963
13.3268
17.7201
24.2423
14.4612
14.0168
14.2732
17.8207
18.8411
15.0395
12.5971
25.6065
13.6112
18.1314
25.9517
28.1621
15.5977
21.1739
20.4199
18.2735
15.4159
13.6656
22.7433
16.6147
19.9602
13.8547
16.1909
16.5421
13.6042
15.2756
17.8774
24.3951
14.8517
20.2281
15.2555
19.118
24.2815
21.9255
22.8996
15.0386
20.3444
17.1374
17.4436
22.1164
13.8263
16.4581
14.8207
24.9302
13.1604
15.7342
10.1888
20.451
13.9387
22.1626
22.1512
15.8136
21.0051
16.9937
17.5153
21.7238
16.2603
13.3949
22.8981
16.6025
14.9291
24.6014
12.3537
26.4437
21.3866
15.6756
16.1714
18.4643
17.9536
14.2304
18.2158
20.3599
22.5468
27.8787
13.3912
26.3026
14.4473
16.5024
14.6856
23.5259
15.0837
15.1264
16.8253
22.5304
17.9907
16.7246
15.5902
26.5548
17.6017
18.7561
24.122
21.2341
17.2098
18.8032
21.1663
24.8718
25.0265
20.2171
18.4323
15.4362
17.947
14.8006
15.7877
16.003
20.0184
15.6239
16.8981
16.8901
17.1216
15.9852
14.8764
14.9235
15.0761
23.7728
17.6038
13.7036
17.2155
18.7465
20.8724
17.6146
13.6686
24.0325
13.0023
16.7022
22.0982
14.3545
15.8703
14.8781
24.5429
18.5162
25.4654
21.049
17.8206
16.3567
17.9742
26.0329
17.1601
18.0535
23.5485
23.6464
15.6439
20.535
17.4316
26.3585
19.4374
16.1946
15.5548
15.0816
22.7161
16.2323
11.485
12.8351
13.8217
13.4175
14.0289
15.1543
27.3423
24.5081
14.6463
21.1536
17.4999
24.3843
16.1309
18.9998
18.8109
13.4431
17.2617
14.4151
17.7299
14.0449
22.1832
13.7194
16.2275
15.262
13.6338
13.7466
12.6105
18.6616
18.9448
17.3194
12.0843
21.5333
13.8528
14.1283
17.1293
21.8704
33.2651
16.502
27.7017
14.9475
19.0167
13.711
20.5019
13.4283
9.01247
10.855
15.0256
23.6057
15.1334
17.1252
24.4242
16.5757
17.5184
13.4861
15.3097
12.8472
14.433
24.2018
13.6924
13.1363
24.0581
13.598
16.6754
18.5026
17.7361
16.3988
13.7029
30.1228
15.4171
23.4998
14.5965
18.0159
28.2828
21.4088
19.6645
14.6891
19.8353
21.9355
15.9594
16.9486
19.1933
21.483
19.3678
15.4863
16.7468
18.57
21.6577
16.2064
16.1013
19.035
19.728
17.1994
22.2204
22.9412
18.2932
20.9268
18.1392
22.4612
17.6031
26.9965
18.8289
20.2066
19.0542
25.2373
26.0672
20.5305
31.5139
22.5457
27.4042
19.3912
19.067
21.6143
21.4785
26.4186
20.6772
27.5742
20.9796
28.2109
25.7668
17.8164
23.3383
26.5319
20.8688
19.7185
17.7869
19.1381
27.0481
25.7354
16.9688
24.5326
21.2822
19.2757
28.1543
18.3547
21.7071
16.5734
23.9847
20.2316
18.9126
17.7446
18.1761
21.3252
17.9439
26.6443
18.2633
22.9331
17.3301
23.9767
20.3523
15.6919
15.4629
14.5548
22.3397
16.9981
16.1195
14.2567
20.086
14.9996
27.8491
23.0873
16.1756
19.215
15.7276
24.1483
16.4774
28.983
21.1298
21.0159
18.4424
28.8919
19.4363
22.3692
17.0923
22.4543
25.5468
24.622
28.6665
18.0245
32.8988
19.425
15.5115
23.8869
22.8828
19.2073
20.1593
18.5569
16.7262
24.0216
21.7872
24.8556
16.3818
31.8074
18.1148
18.9045
17.4245
22.3173
17.8242
28.4679
16.3237
13.8842
13.0981
14.6826
14.4042
18.568
17.8777
15.3711
21.0908
16.2124
28.2382
19.8134
16.6839
23.5522
18.6981
16.2485
24.7322
17.8618
17.4972
16.2347
24.4655
26.7568
16.7985
28.3369
18.0722
21.7202
17.3209
20.9886
24.6632
24.3896
18.294
20.3876
32.0857
20.1421
20.2744
17.1766
17.1796
21.7173
19.6073
16.1701
15.3018
21.1873
18.614
26.059
19.4662
19.7757
18.779
16.5957
20.2412
16.2648
17.5345
21.8903
16.4988
21.1469
15.5528
26.7756
17.3111
18.2017
16.8676
18.0273
21.7443
17.2228
19.391
15.4626
16.271
22.5586
17.1668
19.0476
18.2462
18.2162
19.9365
18.3847
16.8581
33.6572
14.7476
15.7573
14.3445
23.9956
15.5633
19.5015
15.0566
16.6421
17.4825
24.1787
21.9204
14.9254
16.6804
18.895
19.1375
15.8855
29.5017
19.1223
25.3995
16.5928
27.5272
16.317
17.3577
18.168
13.4536
14.5604
14.0282
14.189
26.1665
16.2598
17.465
26.901
19.0958
23.5011
19.5452
20.6631
15.6048
15.8256
23.0001
16.0806
16.6299
16.7267
16.9836
18.7483
17.18
15.3718
15.6263
15.1178
18.163
17.0883
16.7476
16.7202
19.8428
15.3269
15.7908
25.2881
15.6003
26.795
21.591
14.2738
18.0998
22.717
22.4257
20.9349
23.3766
15.5972
22.2256
21.702
16.3986
14.537
24.716
15.681
25.3353
17.401
17.1058
16.1191
16.7998
15.2791
16.7211
24.1626
23.658
15.0658
16.8411
16.4014
14.7189
15.4774
22.723
20.3956
18.8474
26.8392
16.3603
23.3734
15.3055
16.0705
16.2886
15.4876
17.1329
17.1687
24.0261
15.1036
24.4757
19.1626
24.7725
16.2094
19.9166
21.8301
25.755
16.9338
26.9572
19.121
19.1933
18.9605
16.0309
17.5849
15.4802
21.8503
23.1771
21.0407
15.1144
19.1085
15.641
21.811
24.8793
15.3007
27.896
20.0149
11.0143
12.9295
12.5212
17.754
15.9999
19.7679
16.5564
16.6177
24.6707
16.2809
27.0827
17.1761
16.3332
15.9356
16.4765
13.8775
23.7463
17.0874
18.7757
16.9768
25.6242
15.5611
25.9235
15.3591
19.7958
18.5728
23.088
19.9064
18.209
15.6064
13.4041
22.8725
14.4231
17.7578
26.177
28.8004
16.1532
16.758
18.1831
19.1126
14.8048
14.9992
19.6956
18.7557
19.5638
22.8348
30.5682
26.3127
23.8554
16.9711
21.4601
19.2124
20.9817
21.5263
21.7815
20.1091
19.5806
25.1269
17.9004
19.2229
19.8045
22.3048
19.716
26.0559
22.056
18.3164
15.9134
18.4586
21.7962
14.8514
16.1417
17.2037
16.0982
13.6605
15.0104
15.9845
17.29
15.1157
19.5959
22.0918
19.2221
14.1816
16.3716
16.2209
16.4811
14.3359
11.6862
12.8088
15.3206
12.9909
16.5368
16.8382
15.2026
15.5139
17.8294
17.093
15.2378
13.9335
18.8001
14.963
15.8372
17.485
21.4924
22.348
14.3804
14.3804
15.4956
22.3897
16.8456
14.766
14.2594
15.8854
22.3217
22.7873
18.3674
17.7296
24.0459
18.2089
19.0539
17.2616
15.5212
19.0531
15.7676
22.4248
16.148
16.7223
25.4316
17.8058
20.0522
15.3707
16.4613
16.6021
23.4484
15.1162
16.2061
21.4369
16.9312
14.6631
23.4095
17.6808
18.8277
16.895
20.5829
20.5112
14.2656
19.3101
16.3935
14.5018
23.11
17.837
16.9224
22.0786
18.3722
14.5577
14.0593
22.3466
14.8067
18.8958
13.5555
19.2724
16.7021
17.1744
27.4552
16.6061
22.7297
18.9742
13.84
18.387
14.253
16.9746
15.2405
23.9457
15.5682
17.9426
26.8277
20.503
20.4628
12.7743
16.6589
12.5041
18.6969
13.7917
22.1662
16.6684
14.1769
15.2813
15.7757
17.7444
13.3641
15.2347
24.9692
16.8768
15.7367
19.0951
14.2732
14.0292
17.5878
15.2129
20.903
14.8318
14.2457
19.5495
16.6094
18.9189
22.7548
14.5011
10.1816
12.3394
10.4356
15.7779
14.4733
11.3896
14.1408
21.0756
16.1333
16.4672
16.7519
22.5248
14.8393
18.4388
19.8829
21.285
27.0386
16.4875
24.6674
24.2403
16.1253
18.8167
24.5076
14.6352
18.4303
25.863
14.7557
19.007
18.922
20.3406
18.2157
15.9214
15.8508
25.1877
12.7046
27.1556
17.2212
16.8435
18.06
15.2989
21.6691
14.8392
13.7033
21.5728
20.6991
14.0901
14.1607
18.098
15.2141
16.2809
14.5717
14.9336
15.9961
21.8327
21.3506
23.0584
16.7424
19.6636
16.6794
15.7662
27.3297
19.4526
18.936
16.6408
20.9381
17.2768
17.1681
24.8285
20.0384
20.2831
22.8785
13.477
14.3236
14.3465
20.1562
16.5073
17.7642
19.423
18.1365
20.0499
15.8049
16.6118
27.3124
21.4237
22.8235
17.2895
15.9897
20.4294
17.5998
24.0913
25.379
15.2911
22.4096
13.8445
17.3378
17.4044
13.6812
15.9965
13.0609
23.1268
15.7159
21.2862
16.902
12.9202
16.4819
13.5757
28.365
17.856
14.7512
12.8541
15.5605
14.9788
20.5878
13.4344
22.3366
13.4419
22.0918
14.7836
23.243
20.8332
15.6632
19.6295
13.0882
27.223
17.5949
22.123
16.0443
17.5834
15.1706
17.2557
14.7154
13.7328
13.7967
17.0466
13.5471
20.6596
12.2565
19.5862
13.7634
15.5017
14.8594
13.0714
22.5475
13.1654
15.4222
14.413
12.3901
13.5542
13.0083
15.0586
21.2763
21.6921
21.8753
24.3381
16.202
22.0488
19.5668
16.2696
26.6727
13.9953
17.0357
14.3244
12.3532
12.6637
17.0745
12.3163
15.4951
12.4852
14.0481
18.129
14.8786
12.5177
20.3364
13.1477
17.7692
13.9095
22.7125
25.887
15.5252
18.0991
20.4977
13.3727
16.9404
16.7724
14.5391
25.0322
18.5351
16.8659
19.5567
17.4458
17.7962
21.4397
19.3588
16.793
16.1034
23.9368
15.3852
23.584
14.7159
13.9961
16.7108
15.006
24.7579
12.9722
15.9573
13.4695
9.23968
10.4175
12.8315
22.8591
17.6906
18.3095
15.4527
20.225
19.4143
15.6017
17.1116
30.6727
18.8585
18.1626
26.3705
19.3199
32.7099
24.0189
24.3219
30.1756
18.8665
27.797
19.6553
19.326
31.1804
19.5328
19.5914
19.0396
25.4895
18.6176
21.903
20.6868
20.1683
20.5305
27.9638
25.734
19.7443
20.8278
18.3162
16.1188
15.0587
24.0484
13.8187
23.4705
16.8192
13.7935
18.395
15.6933
19.6895
14.2443
17.4865
14.2465
23.5029
13.6522
23.5399
15.3944
17.4384
15.708
18.8783
17.3252
17.587
13.9659
19.5745
14.927
14.0054
14.8706
17.2853
12.9724
22.7155
15.8758
25.5264
16.372
23.9174
22.6536
25.5779
18.4291
19.3086
16.0989
18.2132
18.1106
23.1231
17.7868
18.685
20.2803
19.0921
16.3575
16.0833
16.6905
15.6551
14.5374
25.1593
18.7197
16.9477
27.5924
15.4665
16.583
18.5756
30.8892
22.6417
26.0531
20.2813
17.7637
21.175
27.16
16.751
25.4153
18.299
17.7516
19.2873
26.0828
23.5136
23.0987
15.3349
19.8042
18.2991
18.3553
25.038
16.6158
25.6279
16.4448
17.9227
19.4227
15.5051
16.8172
15.9258
19.8114
22.2874
16.9448
16.2746
22.2227
16.1284
17.4653
19.662
15.928
22.352
22.229
17.6118
26.8422
15.872
16.2758
16.7204
25.7926
16.1345
17.6316
18.0633
21.5757
18.58
17.0108
17.8404
16.1545
20.149
29.1741
19.6709
16.715
18.9263
22.5526
23.4865
20.2216
25.2675
17.6017
25.471
19.4127
27.9173
25.8305
27.9261
17.492
18.2249
17.9782
17.7231
20.1292
15.4566
18.8062
16.445
14.0631
14.641
27.2018
15.4574
25.2069
24.0302
21.8225
15.2588
23.0762
15.2465
18.7671
14.2351
15.5989
21.2835
16.9029
22.9648
19.958
23.3128
16.2167
21.6702
18.172
17.8617
28.4428
15.1214
11.1664
14.4443
12.8415
14.6442
18.098
22.302
20.8809
16.2836
21.3727
19.9673
13.9553
17.6892
12.9939
10.8589
10.7766
21.011
10.6662
17.4332
14.4688
19.6628
15.045
20.8673
20.9439
17.3513
17.5138
21.2688
17.4303
19.2744
24.4634
16.9174
24.4283
18.4873
19.6051
17.4107
15.6885
18.1208
23.4938
20.9044
17.5373
20.0265
17.5678
18.4991
19.2999
18.5864
19.0971
17.045
21.8835
15.8199
19.6037
15.0226
15.9043
27.1183
17.7879
19.0551
16.334
17.42
21.5895
15.646
30.066
16.609
24.8141
16.6778
18.5776
27.3124
17.7657
18.4813
16.7372
14.3584
22.9888
17.0914
13.3973
16.2045
21.9382
17.2113
22.4324
23.8268
17.7992
17.8103
20.3342
17.89
20.0467
18.6712
21.1058
20.6846
15.6336
19.8659
17.2027
17.8514
17.9897
19.1336
17.7818
17.5546
17.3222
19.8942
15.6291
20.4128
19.446
16.5501
12.7268
18.7955
16.3534
15.4465
15.9822
15.6686
22.404
23.7434
23.1263
20.1526
15.2567
15.9667
18.1409
18.7413
12.5858
14.5767
14.0238
17.8115
22.4222
13.6779
24.3666
14.9815
25.1147
18.0368
15.5761
18.1413
26.4629
21.6507
25.2419
19.2468
16.135
16.3271
14.2193
22.6246
26.2316
15.857
16.3131
23.6852
15.5491
21.0326
22.9311
15.3626
15.1771
18.4553
18.5078
27.5366
26.7654
17.7892
20.6797
14.7576
17.6053
15.5524
19.0272
17.8499
17.5552
16.8236
18.0729
15.0332
16.8539
14.0601
22.5728
16.9694
17.7259
14.8674
15.382
15.9685
13.1567
20.7566
15.6958
15.5227
13.8838
12.6391
16.1351
14.6666
17.5921
21.0846
17.3653
18.9132
14.8672
22.9192
20.2205
25.0301
17.2771
24.6669
21.8231
17.342
14.7982
12.7917
11.5969
16.7796
23.0239
23.9325
16.0416
22.4052
18.3853
26.5294
18.1514
17.6876
19.8812
17.3273
16.8309
23.3463
16.6865
26.2635
18.5248
26.3227
19.1669
24.8692
17.2996
20.0075
19.3236
23.1605
23.6602
15.7562
15.7116
16.1568
23.5283
15.8705
17.2872
19.6738
18.2576
16.7586
14.561
18.9609
18.3676
19.408
16.9429
16.5301
23.4237
16.0462
23.4724
17.2329
21.2238
17.1394
16.9592
15.601
16.2296
13.9432
21.5565
15.4068
11.1845
14.1451
13.9269
12.609
12.5244
18.369
13.3273
13.9146
13.261
22.6901
16.9119
16.5104
14.5953
13.8804
17.0108
19.6817
19.6168
15.4379
21.8294
18.2633
14.6224
21.7728
16.1162
15.1762
18.2982
14.9511
24.8511
15.8235
20.9994
14.9793
17.346
21.495
15.2767
18.2044
18.9653
18.4136
14.1878
16.4742
16.6664
20.2051
22.902
13.9272
18.0598
15.4203
14.6463
19.4374
16.4678
14.3098
16.1861
14.0898
13.1809
15.5381
17.0193
16.6029
16.1083
24.9404
17.217
25.8459
23.6372
22.2402
15.9905
18.2538
15.0402
16.8349
13.9928
14.9705
20.6951
16.7563
16.3953
16.8403
19.414
19.6202
15.6194
25.3129
17.013
19.9311
16.7265
16.43
15.8286
17.8267
18.2033
17.2296
13.8715
15.052
17.1711
14.3795
20.8097
16.4951
25.402
15.6938
15.293
18.6101
15.2245
27.5408
23.9731
20.8686
19.6216
16.8115
17.3056
28.7078
18.7719
20.4122
28.0758
22.7751
27.4299
23.6993
25.7667
18.2758
26.3949
26.069
23.0794
23.4741
25.5786
16.3873
26.5727
16.5881
16.8896
19.0436
21.5323
18.0073
16.3666
18.4185
15.6638
16.1308
19.1077
22.2791
16.7483
16.4655
16.6159
14.1182
14.8553
18.9949
15.5648
22.6974
15.6398
21.9444
16.8403
14.7912
20.9153
16.1602
27.2119
17.5713
17.1547
16.8833
22.8995
20.2784
17.2457
17.3775
20.4928
18.0361
17.8892
22.7804
11.343
13.504
19.1375
14.7449
15.0571
20.2525
15.8697
18.7226
19.4656
16.4882
17.852
17.5308
17.043
22.3371
27.799
17.9779
15.7531
20.3637
14.029
14.4725
13.3566
22.4658
15.8662
17.4214
25.2657
26.7525
17.0005
20.2691
26.5955
22.5079
19.5396
17.0025
18.6845
21.2649
24.5367
22.035
22.5567
18.8589
22.0361
18.3366
18.6292
16.4869
17.304
17.0877
16.8405
17.1773
17.0706
18.8801
17.1622
17.1881
15.8982
13.5557
19.4592
20.5329
15.6674
17.8247
14.7974
22.4224
16.7063
22.025
20.5713
16.5614
19.8528
15.5645
14.5981
13.992
14.5403
17.5988
25.2757
16.7851
14.5819
15.1267
15.6175
13.943
22.5715
17.788
19.1863
17.2464
15.2734
17.6564
22.0141
20.5454
16.7733
18.5127
14.9599
25.1926
15.108
21.0104
17.1055
20.8352
19.6936
14.2298
23.3479
24.1696
17.6475
19.492
15.1557
18.2059
14.3275
15.2438
18.2996
16.4934
23.0072
16.3916
16.1272
15.838
16.3254
25.018
19.063
15.3795
15.9111
16.1254
19.8289
20.4453
16.1056
17.9702
23.6892
15.5354
24.9315
14.1201
21.3319
15.4459
16.0112
13.9356
14.5727
15.6182
26.2879
20.2696
24.0546
24.7371
21.2414
16.8891
14.5148
22.8851
18.4062
15.7738
24.2534
16.6932
17.0546
25.3992
18.7871
18.283
17.0839
18.4799
17.4495
19.348
16.9782
20.6116
17.6441
25.786
17.8378
18.5063
16.1221
22.3416
24.4669
21.0323
27.3946
19.9626
17.536
22.1081
16.8608
15.1559
17.8661
17.564
15.8679
18.2041
16.503
24.8847
22.0445
13.4898
15.9124
14.388
18.907
18.3498
16.7121
20.8519
21.8859
13.9907
24.4783
23.7416
14.2263
12.2504
13.7302
15.0726
17.2359
21.161
17.3345
14.8438
14.6445
14.3445
16.6536
18.6857
18.6083
19.231
20.2892
14.9349
20.4074
14.2919
17.9535
14.1577
22.8653
19.78
13.2933
15.0439
21.7242
15.7113
15.0587
15.7614
14.8603
15.3592
23.5344
16.1344
13.9226
12.1286
11.3653
13.8912
14.7652
18.1367
19.2196
15.9505
24.8165
17.1441
28.9445
19.417
19.6897
16.855
15.5556
27.3495
20.5868
18.3902
27.3329
17.7064
22.515
16.708
24.1103
21.2103
20.5768
22.7224
21.1442
20.1189
17.3709
25.8884
15.7309
18.019
17.0226
17.7514
16.9048
17.833
18.6302
17.2288
19.659
18.462
18.5377
16.3006
16.21
18.7436
16.1177
25.117
22.4887
18.9243
17.9018
19.609
16.1613
15.8882
23.4538
19.1477
19.0873
17.3395
20.3166
20.774
20.8687
19.5076
19.65
22.9891
21.4345
19.4421
19.5511
20.1385
23.8099
20.4542
25.6133
20.9507
21.7506
20.4986
36.6153
21.6712
18.1074
19.0209
18.0813
23.9968
15.8594
25.198
17.5636
21.1936
16.5651
13.7557
24.6906
16.249
21.7972
15.6607
21.5761
18.2014
16.8809
16.357
17.5579
15.7113
34.3047
16.2228
17.5944
25.1213
16.9718
16.7199
15.9415
21.6902
16.9874
19.6461
28.2874
24.0557
26.3615
16.6664
29.1274
16.8421
23.1794
23.9446
17.072
17.9176
20.291
18.9019
23.8504
23.7079
21.182
17.5023
17.3835
26.4322
19.1375
19.1877
20.7104
18.0382
17.7376
31.4778
25.9942
21.7319
33.8802
23.6515
21.9426
26.3382
17.3033
30.3324
25.3357
16.3425
20.9216
18.9745
17.9784
16.661
25.4204
16.872
27.1135
17.7025
22.2578
16.5085
17.9956
21.1292
20.6551
18.0243
24.7351
17.3341
16.64
22.2058
16.2852
21.3247
15.4603
30.1141
17.6022
22.6609
18.6168
19.8155
15.4899
17.0708
26.8162
19.3373
21.5072
21.53
19.4201
16.544
25.0693
18.3201
20.8023
16.2165
14.2478
27.5537
23.7536
14.8502
19.4367
19.2445
20.5515
18.0618
20.068
18.2094
17.459
22.7623
24.5143
16.572
18.6674
15.846
19.485
18.0519
15.2938
15.958
21.9028
19.6086
22.5833
23.0755
18.5898
20.5689
19.7054
22.2315
14.243
12.1355
11.9657
11.285
11.9556
16.8195
19.251
19.9607
16.0498
15.918
16.3009
17.2175
15.7571
17.8024
14.5137
15.4097
14.6587
15.8908
15.1704
14.5276
21.6219
17.7917
22.2026
16.5276
18.1029
14.2073
15.6777
20.2415
16.747
17.8265
20.0144
17.3595
16.3605
21.0258
15.3968
27.3753
20.354
17.8161
18.0515
20.8658
14.7635
16.3006
21.9112
24.1445
17.2793
14.6656
17.2966
15.6731
17.6148
16.9788
18.818
15.7885
14.8284
19.5637
16.3981
19.7355
18.0337
24.6797
18.6038
18.151
16.7944
19.1478
20.6086
18.6975
17.3987
21.9717
19.7573
19.1374
19.2588
18.1214
23.5458
19.7696
20.805
22.5302
18.4514
21.0118
17.3367
18.0729
19.6786
21.9463
23.0195
18.7773
16.2312
18.9233
17.9054
21.1934
17.2371
23.1439
25.2266
19.6486
15.5992
25.8005
19.82
20.0586
16.9699
15.7651
17.5265
16.0571
24.1743
18.6308
14.9524
25.2396
28.4367
16.5668
20.7579
20.7642
18.7861
16.208
15.2001
18.7053
27.7183
19.3086
25.1745
17.2181
18.2553
18.8623
17.2221
19.2683
20.7153
18.1987
17.2359
17.4347
24.7607
20.8845
24.0076
16.6016
25.0048
15.9336
20.2785
21.4943
23.6492
21.4367
24.5342
18.4218
21.1315
17.3684
27.8527
17.837
18.6654
28.5774
19.4099
16.7808
42.6159
22.8386
22.4986
16.7154
22.0362
17.2571
22.1879
18.4644
26.833
18.9597
14.9491
25.6417
15.4792
26.3706
15.952
15.4462
22.4996
19.741
15.8538
18.1221
15.5185
15.8604
15.5376
15.468
21.278
14.4455
20.9607
13.7666
15.1629
14.0068
15.4347
13.4854
19.6358
21.4412
19.6568
14.407
22.6713
14.8232
22.1995
25.5109
18.4706
17.3692
16.273
17.0851
22.0787
18.2108
27.4669
16.4478
31.2372
17.9187
19.3158
23.9936
15.2765
15.8997
17.713
16.9713
25.4985
18.9866
22.2216
22.9077
18.5457
19.648
28.5938
16.8981
18.1889
19.2305
14.3366
13.7583
14.3448
13.296
13.2699
16.7692
13.7232
14.1286
14.5641
17.8417
21.1616
23.5624
25.4346
24.0427
16.7021
17.0413
13.4692
16.609
26.8653
16.2942
24.3157
16.0253
20.0884
19.5028
16.8375
19.0385
21.6318
16.7993
18.5019
27.6848
23.8103
22.4719
19.3102
19.1427
23.0883
27.9279
19.7447
20.1579
27.9857
21.4408
21.6036
23.9061
20.2906
19.9693
21.9142
20.1701
18.0452
18.8056
20.499
18.5413
24.0647
15.9979
16.6245
22.1242
19.8147
18.3151
16.5708
18.2589
30.2704
16.7748
20.1076
16.4179
23.4581
17.4241
25.3368
17.9085
22.3807
19.423
15.9366
26.408
17.4259
20.9219
15.881
19.3575
18.2297
17.069
16.5477
26.2772
19.3377
16.5568
21.9122
18.8384
16.352
16.2617
15.812
16.1548
30.0978
18.7147
23.4402
16.1231
23.4258
14.5509
16.5429
17.9859
22.9481
25.5277
15.8735
15.6413
17.4088
15.5606
20.1167
15.4518
15.9204
14.8438
15.9419
14.6621
21.7189
19.1532
17.2478
15.4173
15.9582
18.6755
16.5099
22.4785
14.1368
17.7013
18.0867
12.8606
14.6245
18.0689
15.8022
13.5578
15.2172
12.6437
19.0703
12.1968
20.3036
13.291
24.4682
15.0763
16.6716
12.8364
14.5182
13.3361
12.6664
19.118
14.8446
18.4157
12.431
18.8576
16.0624
16.8986
23.0083
14.7877
17.6902
16.1959
16.1325
12.8472
15.5993
13.9502
12.9739
11.7238
14.1541
14.0199
21.3243
14.3112
12.2862
13.6585
19.5217
19.0255
12.683
20.9435
13.5164
19.6776
16.6572
15.1528
15.1314
14.4217
22.106
15.589
21.7527
19.91
17.163
16.5492
15.3424
22.9579
16.5898
16.0548
17.5085
20.3948
27.1902
20.2446
17.382
18.324
26.4172
21.226
22.0242
23.1468
15.6485
25.8565
20.6453
20.9828
17.7386
29.2901
25.4634
19.5391
18.506
25.7951
20.5611
20.9583
21.9953
23.1433
16.2567
32.043
13.808
18.3477
14.2355
17.4014
28.0831
20.1508
18.5516
23.8503
23.5739
18.5834
20.5005
20.1634
29.7019
20.6934
23.1936
19.3895
18.8218
29.5685
18.9058
21.0346
21.3491
27.0473
23.8913
20.2062
25.9986
24.3135
19.573
19.5546
33.9492
18.191
19.3474
19.5775
18.6757
21.2759
20.5023
21.8098
18.8051
26.7723
19.5635
21.8702
21.717
19.4184
28.5682
18.9401
21.3394
18.9564
18.0369
19.052
18.9721
24.1934
21.6309
27.7488
18.1538
21.7051
21.1532
27.1286
21.56
19.1825
19.1028
19.2119
19.2998
14.8379
16.1336
20.7579
19.2913
13.6497
15.6794
14.3551
19.6084
16.0193
16.1484
14.3486
19.6918
15.7223
23.3926
22.5346
19.9342
14.8381
18.1123
22.3135
17.7859
16.6443
16.6447
14.7864
15.8689
19.5317
15.8992
20.5617
16.0566
30.1365
17.653
16.0165
22.9916
14.1436
17.4228
13.9136
14.4761
13.3771
18.1205
15.4313
20.7822
17.8289
16.3288
17.0306
16.7467
16.8444
16.8315
16.5003
16.6945
17.1288
15.6993
19.5049
14.5786
17.9076
20.1721
14.4824
22.1182
17.5098
19.635
16.6847
21.2826
15.2239
20.2228
23.6937
19.4915
18.8086
16.0262
17.8456
20.4543
23.2075
25.1283
15.2798
14.9852
25.4968
14.9452
17.3531
16.7879
15.2492
21.5481
20.9202
22.3848
15.4049
18.8343
22.7229
18.1594
20.2223
22.5057
17.0717
22.8593
16.0488
16.1653
22.8214
25.5692
21.2281
16.2115
17.3063
22.3424
14.1638
20.7736
22.77
19.7686
15.742
21.6428
15.8615
21.6149
15.1413
15.7759
17.2748
19.732
24.8202
24.8242
25.5463
24.3172
22.7678
18.0012
24.8274
18.6283
18.9904
23.1125
15.8865
16.247
15.9405
24.6946
16.8669
20.9493
18.2541
17.2613
22.0984
20.2513
17.3109
14.8182
16.713
17.0225
28.238
19.9475
11.9192
15.1218
10.4143
13.8155
21.8451
19.2268
23.9285
17.6945
21.6512
19.8429
19.5875
21.7421
19.9367
19.7314
22.5095
20.909
19.59
26.1243
22.5829
20.7065
19.5154
19.1165
21.4192
19.6938
19.4707
16.46
16.9169
23.2382
19.5311
17.9907
18.9584
18.7521
25.7236
16.7883
16.1951
25.8191
18.8434
16.3164
18.1524
25.6731
21.8834
22.3775
17.361
20.5387
16.6107
16.6652
15.6172
15.4987
27.8225
14.7539
21.353
17.0139
27.3082
17.0521
23.7601
14.7476
22.0293
15.3978
32.1944
17.8086
17.8624
22.1251
23.0987
17.7894
25.1323
19.3795
20.3042
13.7198
20.2827
17.8479
17.3527
18.4413
19.2614
24.3173
15.8388
18.1012
26.852
17.6623
19.5568
15.4136
16.7558
19.9926
20.0295
15.8912
15.6195
14.0456
18.3917
19.0792
15.7941
16.598
14.9629
15.5007
23.2523
16.4215
15.7416
20.2877
15.9716
16.5586
24.0923
15.2989
24.5176
17.5828
16.5672
15.1906
21.1686
19.4725
19.2955
17.0295
24.8555
17.8979
17.3779
16.3437
16.7157
30.1122
26.2302
21.3338
22.5645
25.3275
16.1179
17.029
25.9742
16.4945
16.3291
17.9568
15.8539
27.4616
20.3445
18.0722
15.8379
17.0133
21.6111
16.4405
26.5433
16.2575
16.8017
21.0841
15.3957
16.7681
16.589
12.6961
16.597
15.0204
21.4237
16.709
20.6512
15.9602
24.949
16.5804
23.8531
20.1855
18.3223
16.3984
22.5286
19.5963
15.8798
24.9251
27.2775
18.4167
17.2404
24.1713
19.9502
16.6614
16.888
22.8231
16.6746
19.5059
14.803
12.6126
20.3078
16.7532
13.1109
24.6098
13.9631
22.7373
16.3661
15.0447
16.4577
13.8013
26.0973
15.8923
16.2542
15.6498
14.156
13.3942
27.7957
15.382
17.7781
16.3026
13.3879
21.5079
16.0526
14.2912
16.6889
13.0802
12.5872
10.7013
14.7124
11.8954
21.465
16.1797
20.6341
12.8894
16.9565
14.9924
17.8129
13.5438
13.2887
14.3285
13.1133
12.9458
22.9605
14.2797
20.0629
20.1591
13.9998
16.5375
15.6139
14.5314
15.8415
23.1223
17.0138
14.8883
26.6963
16.361
21.4058
15.1123
21.2313
18.9606
14.4119
13.5176
16.7549
24.1615
12.8922
18.5166
16.7985
18.3438
17.8057
18.3982
15.6782
15.9099
16.2821
16.2756
24.907
28.0755
22.8386
15.9812
26.9357
16.2566
18.5129
17.6591
15.5017
26.1826
18.0147
24.1475
15.9632
20.3219
17.2823
17.0538
21.6539
22.7757
19.6566
21.3377
19.9338
18.701
15.1655
17.537
17.0958
19.6293
16.6482
15.4283
17.0447
17.4058
19.2405
17.9005
16.6642
17.7219
14.5537
20.2529
19.0771
20.7223
19.9173
24.2079
19.3769
25.4161
17.3934
17.309
20.0598
17.8141
24.2903
18.0042
21.8125
19.5424
14.9746
17.3145
18.4947
19.1282
17.539
19.1812
20.1419
17.8054
16.1597
19.9335
15.7254
14.4159
13.9439
12.0832
16.8707
16.0285
13.8382
13.6148
14.6259
14.3528
14.8424
14.0867
13.6077
22.4178
14.5682
21.3024
18.0518
22.1389
15.9842
24.2268
14.8282
14.709
22.4568
24.7716
19.6122
15.1479
21.9033
16.4948
16.968
13.5624
14.5445
22.1634
17.3974
14.2957
17.8422
20.119
14.1788
18.6424
15.9226
14.2791
19.9581
18.7332
18.9179
15.869
21.2154
27.1642
20.512
19.0575
17.3192
19.9936
12.7132
14.2315
18.517
14.1627
20.3642
12.9588
22.5414
20.5711
15.2256
18.7239
19.706
14.9956
25.3356
18.5281
14.7876
13.4486
17.5501
12.0282
17.719
20.4668
14.0505
15.6521
14.106
14.6041
15.0681
12.529
14.3503
13.8433
13.6742
16.3191
18.151
16.7012
19.0819
25.5852
19.0015
17.7686
17.2371
26.0674
22.2056
16.277
18.048
13.2694
15.5974
20.1408
16.5262
14.936
21.6694
17.7269
16.9424
15.6759
15.0264
22.1632
15.4283
15.0419
16.7698
15.493
16.3717
15.5876
18.0691
15.1618
12.8191
22.9542
22.5071
17.1355
19.9381
18.8824
14.46
17.7329
14.9106
20.7661
19.547
20.5003
16.0714
14.0614
14.3618
24.1469
16.5077
13.9111
14.7558
13.4577
24.3813
15.4844
13.9067
13.4018
21.7012
19.3682
16.5591
22.5892
14.7512
20.9044
18.267
18.5744
20.4824
17.728
18.608
27.419
25.3805
23.3771
21.0781
17.6349
18.0039
19.0687
17.7708
22.5625
18.1331
23.6786
14.5403
18.7093
16.3075
14.0151
19.4841
16.7928
21.8577
16.2235
16.2309
17.56
16.8183
15.2024
25.3653
24.321
13.2671
22.741
16.5953
18.1457
14.7482
23.0403
17.5547
18.8407
16.2556
17.4853
19.7337
21.7712
15.7318
15.4583
13.9162
15.1663
16.5942
22.0926
20.1184
17.3492
16.8706
19.0356
18.3544
16.3881
25.5086
25.8505
17.5729
25.7652
21.5954
15.9962
14.3454
26.1343
16.6848
24.3056
18.1745
16.1189
18.2678
16.1435
16.686
21.1518
16.775
18.7124
26.4709
17.3844
16.2784
15.405
15.9703
14.5378
16.8399
20.8334
21.8515
17.3496
21.1554
14.8668
15.1212
26.4459
16.9865
31.1987
17.4811
19.636
17.1149
15.7255
28.4868
17.4362
16.6763
17.3242
15.6122
20.025
15.7323
13.6626
28.5796
19.1329
17.0648
24.9427
16.3206
16.3764
21.5629
15.8262
24.0495
15.9119
20.142
19.5298
25.7066
21.9427
16.8856
22.2767
14.8873
13.943
14.9068
14.8905
23.1847
15.57
25.9542
17.1568
23.6153
17.3387
17.564
16.1339
16.275
18.1849
19.4552
16.6743
20.887
18.07
21.6301
19.2289
16.3103
16.4175
22.4861
15.5968
14.8171
14.0035
15.4984
19.3007
24.7842
18.7415
9.67712
14.5888
10.0016
11.374
17.4798
13.9008
22.5117
16.5705
20.5658
20.6268
15.104
15.7647
17.8742
15.8401
20.2321
20.0581
21.5101
17.5194
17.6561
15.9017
18.1959
19.3938
19.1248
17.9854
19.9747
17.9059
14.9738
25.0351
16.0959
22.4097
22.2521
19.6465
13.1004
22.8235
14.9188
15.5993
17.102
15.7359
15.4801
23.6897
13.3088
19.861
13.8721
15.8773
23.1116
16.0329
15.7339
21.3765
22.4842
23.7662
14.2359
13.7886
13.101
13.825
15.0227
14.2711
26.9305
17.2741
15.7322
24.9289
27.49
20.2441
18.7097
18.407
22.5856
16.087
21.2321
25.7376
17.196
24.1842
16.4422
16.454
17.076
16.5011
15.9806
18.6382
18.3554
28.8064
25.5825
18.1144
17.6004
24.0216
19.0727
17.487
19.2857
16.1271
24.2922
21.7673
15.2475
23.6384
19.732
19.9223
16.046
24.3455
18.1243
16.7753
16.511
28.5605
24.5535
23.5815
22.3053
13.6593
14.2988
18.3537
14.6146
24.3754
14.7036
25.9539
15.8733
25.9949
16.274
16.643
17.0608
27.9032
17.8249
18.541
23.0209
17.3038
16.9616
29.1775
17.3908
17.6694
16.4797
19.4442
20.7035
17.9592
22.1402
25.1299
23.3291
28.3461
27.2045
18.8815
16.1483
21.8318
27.2872
16.5693
18.9484
19.6679
21.4196
15.5172
15.0408
17.496
20.2395
15.5975
17.7685
15.5006
15.5197
16.9851
12.8222
25.9533
14.7628
18.3799
24.8698
15.9474
23.3303
15.9875
24.3699
15.8503
16.0294
16.6651
15.5053
21.2397
14.7379
22.9292
14.6403
24.6169
17.0928
17.4515
14.9366
21.5057
17.9326
16.7707
26.902
21.656
15.9081
30.6273
16.0512
22.5446
28.7172
16.9454
21.7877
15.4919
24.2394
18.4995
18.589
15.7063
16.0728
14.1755
15.5736
22.3864
20.4459
24.2137
14.2832
12.7739
12.6712
11.8661
13.549
24.8363
16.2143
13.481
18.8103
14.7602
15.256
14.4356
18.0178
14.8123
14.9032
24.8793
15.9827
15.9261
18.3018
17.2955
19.9568
23.6649
25.9609
17.0028
16.3206
16.7107
16.0079
23.4457
17.5822
22.7746
24.5576
17.2894
18.3754
24.5781
17.2761
15.8423
17.2493
23.4995
19.8864
15.7556
20.9813
19.8883
20.3829
15.9169
15.638
19.6831
17.8109
17.2378
15.2797
17.6782
21.8234
16.0534
26.0282
15.4143
28.1421
16.514
16.4223
16.5714
19.6443
17.2665
23.3341
18.1395
26.0332
23.8993
16.7304
16.9237
20.6878
17.7313
17.198
14.5568
17.8965
19.0815
14.4772
15.6444
23.5207
24.2261
16.9795
17.6701
15.9633
20.1366
15.7627
27.4736
16.6151
16.8417
14.6676
17.0489
16.5358
17.5856
13.1544
14.6681
15.2465
16.9294
15.8063
18.7386
14.6554
19.0396
15.89
17.4072
17.1112
18.7367
17.6878
18.6099
16.0663
19.3605
16.587
16.5827
14.7967
18.4594
12.2641
13.6232
16.6935
13.3986
17.6033
16.1123
14.0844
14.419
12.9285
22.0218
14.8838
14.3907
13.9478
21.1771
20.2888
17.3201
21.8817
17.6535
17.3445
20.8292
15.7223
18.3531
16.6071
20.3105
29.2726
18.2059
26.3665
16.3506
20.1232
15.2834
22.176
17.2839
17.269
15.0941
15.4182
22.6358
22.5787
14.8834
21.3363
15.1084
18.5954
14.5386
24.4774
14.5277
16.9772
17.9001
14.5202
22.9755
16.2652
17.0105
21.3996
17.66
16.492
17.1867
14.9976
16.7812
15.3688
17.7335
15.0002
16.8955
16.9019
16.8112
21.6135
17.1207
19.1941
21.8782
15.8586
15.5433
15.5129
16.5292
17.9238
15.4718
22.6244
25.7942
16.7787
15.2383
13.825
15.3354
20.6637
15.2233
21.1877
15.4586
15.8201
21.0196
21.8965
13.8716
15.2391
17.5713
14.3711
16.0475
14.0132
15.9124
23.066
14.0902
18.9054
17.5641
14.0691
16.747
16.5096
14.2043
12.7448
12.1513
13.6571
12.5094
18.3368
26.9209
22.6647
19.5205
15.5392
16.253
18.7217
22.3148
21.5975
18.9998
16.9459
16.0122
14.9932
23.2612
17.3413
21.9015
14.4154
26.4387
15.4836
16.4878
14.7306
24.4461
14.5689
16.7515
16.1451
21.7664
17.2875
17.4857
21.0924
13.0594
21.6274
13.9443
16.2072
15.6959
17.5235
16.06
19.8563
17.5688
22.383
20.6172
18.3644
17.4716
17.9839
19.3312
16.1645
19.5821
21.843
16.264
25.6669
18.8306
18.3244
19.1788
21.2827
15.5431
25.042
15.8968
16.9263
17.1327
25.3049
19.9659
17.1501
18.9751
24.9229
17.5081
17.7009
23.4733
21.7753
19.5135
19.5358
20.4086
18.947
25.3652
17.6879
17.6969
25.748
17.8663
16.6848
18.6467
14.3949
22.9645
18.9787
29.0206
16.9634
17.2514
17.625
18.5942
20.9913
18.8614
19.1103
18.6152
18.1721
19.1192
16.6162
13.9864
16.1867
15.7315
21.1762
15.3331
17.1065
16.2619
23.5222
18.9857
20.7878
22.6693
16.7646
19.8827
20.1323
17.3229
27.0068
19.861
16.1103
15.3367
24.0252
15.9118
17.2925
15.2189
17.8303
12.6546
15.2454
20.0889
15.212
16.1432
17.1418
17.6477
24.6619
15.7467
20.9588
17.077
12.8697
15.0129
15.7566
15.2459
13.4537
15.512
19.7421
14.3114
18.0099
15.5315
13.884
19.4207
16.2985
14.1275
13.0539
13.9989
23.3343
18.8096
21.1832
14.9015
16.574
16.5246
24.123
17.3644
16.8585
16.3043
20.5249
16.9238
20.5973
19.2597
20.6131
20.4919
24.6083
24.6373
20.6999
30.6745
24.7801
25.6973
20.3944
26.4004
20.0394
27.4555
18.0118
40.1085
19.5618
26.7248
22.1781
21.5087
22.1065
19.3153
18.3352
16.9638
25.8618
15.7494
22.0384
14.2773
16.6787
16.1125
20.1762
15.5871
17.1129
23.0763
16.7573
18.0695
12.2504
10.6385
14.8522
8.4414
11.0888
17.4866
11.8206
17.3939
14.6814
15.963
12.3442
19.2168
12.9952
15.5261
22.05
13.244
18.4536
15.7664
20.8569
17.4899
24.006
19.6977
17.1586
16.4852
19.1257
18.3393
16.0168
16.1011
19.4825
17.1795
17.7409
17.7675
18.5967
16.0775
16.5776
17.2131
16.6773
21.839
17.8823
20.6291
18.9047
25.3829
25.292
24.0762
21.0519
18.6172
23.8777
18.5518
19.0883
23.6583
17.6839
17.3578
22.9947
15.5976
15.6889
17.2483
19.3284
17.4351
18.065
22.8802
20.453
17.2565
18.7455
15.7774
24.7039
14.172
22.0753
15.2207
17.7582
23.0822
15.4644
17.5839
21.2159
16.89
23.6917
18.4199
17.1192
24.9377
21.112
22.4583
23.7344
16.3877
24.6542
17.6824
25.4974
25.7158
22.253
19.541
17.0244
16.648
18.1603
17.598
17.063
16.7569
28.272
21.6177
17.456
16.094
16.2277
14.9855
22.564
26.9984
21.1727
16.2242
16.5077
17.3099
26.7555
19.7778
17.9187
17.9306
21.4783
19.1771
16.6754
24.2365
20.4379
19.3418
22.3749
20.6883
19.0465
19.103
19.0781
17.2236
17.12
23.0938
17.8221
22.1563
18.0716
30.7201
17.984
29.0034
19.6029
29.0101
26.6511
29.5925
21.3036
20.7671
15.2083
26.0567
19.1838
20.9143
13.2862
15.9103
22.4677
11.6604
13.8576
14.9013
13.4218
12.1825
13.9836
25.1699
17.9916
12.8712
14.9536
18.4534
12.7804
17.2051
16.3122
14.2433
24.6184
16.606
15.4009
26.8422
20.6928
13.7189
16.2865
15.0006
22.388
17.1375
15.4546
14.832
14.8483
20.1632
16.15
24.5146
16.0453
16.6259
18.449
26.083
21.4933
18.4091
16.8502
17.4936
20.5844
25.0264
22.284
24.9699
20.7842
23.8651
22.3341
17.2166
17.2775
27.0811
18.2389
21.5686
16.7104
24.8394
20.3475
16.1677
16.2936
25.6375
13.9506
13.144
9.81375
16.2801
14.7649
24.3043
14.7488
25.829
22.5951
18.815
23.4991
15.9393
16.7485
19.8129
16.562
12.6996
21.4511
13.1051
20.0431
21.6052
13.1283
17.7762
22.0079
17.423
16.2294
17.3844
16.8336
19.5258
19.6474
15.943
19.0837
16.8918
15.1
17.5574
23.628
16.3462
20.8478
16.845
19.7565
15.6392
18.531
24.5019
18.3958
25.3741
15.3171
19.4012
24.0931
15.403
14.8094
21.4885
16.0397
14.0854
24.276
16.7978
21.4126
22.4861
18.1129
23.014
17.1558
22.6862
18.275
15.4356
26.9033
20.9911
18.5879
15.0204
20.2766
16.0374
15.2189
15.622
22.2237
20.0662
23.0998
16.4141
22.6408
14.7749
15.2179
19.3904
15.64
19.0778
21.5868
17.0152
18.8006
20.2638
16.9719
17.0062
19.2782
20.4313
26.6265
19.2574
17.4997
20.7653
16.7068
17.818
20.4238
16.371
17.9418
22.0519
19.1738
18.0648
18.2833
27.6
19.8302
21.3695
18.4424
22.3404
21.1113
19.4141
20.4411
26.1882
26.0694
25.1713
16.7492
15.4019
14.7062
14.5296
16.6599
14.7662
15.2777
15.8895
19.711
13.9009
20.1814
16.3372
13.8532
18.8867
17.6911
12.8727
14.1932
19.9082
19.2569
14.217
16.9678
17.2557
18.6612
24.2101
14.7674
19.1222
16.7872
21.7896
17.1227
14.9921
16.1264
16.7148
13.0356
19.558
17.1715
14.1793
20.7916
15.5731
16.4961
18.5619
19.8098
20.4797
15.9977
21.2609
17.2379
16.8155
19.8543
16.1996
15.2624
16.6803
15.7843
14.5004
14.1431
18.3059
16.3407
12.9725
17.4984
16.3216
19.1074
15.2836
14.145
15.6552
13.9767
17.4579
23.4335
20.5349
13.6164
17.1874
14.765
16.6129
12.5598
13.4074
16.5394
14.0803
14.7206
16.8441
16.1011
14.8783
14.5893
14.4809
25.4836
18.1077
23.4458
21.0711
19.0715
15.0882
19.1733
17.2767
15.7562
18.6126
17.0894
20.2983
13.7288
13.7072
10.1719
12.3929
17.7353
19.101
18.7996
17.1175
21.6147
15.6459
20.4004
14.6859
14.0386
15.8926
18.6841
26.7672
17.0411
26.2303
19.5741
15.082
17.8043
18.4729
14.3544
26.2818
16.4527
22.7601
19.2526
18.0105
16.5756
24.83
17.9777
18.9911
16.3676
15.3285
17.0689
15.3426
15.9855
20.4505
13.8246
15.2547
15.8436
16.0137
19.2534
20.2748
14.9269
16.415
16.4113
20.3008
18.5729
17.3882
24.1543
16.5717
15.3775
19.9628
19.4678
19.8722
20.1542
18.3417
19.0295
16.5222
16.8682
17.2705
19.3222
21.49
21.9878
16.0839
14.6684
19.0623
18.4164
16.8581
23.2994
17.2027
24.6971
21.9278
23.0029
16.8845
24.1571
21.6888
20.1259
15.2862
14.496
16.056
16.4697
20.128
15.8045
18.113
13.1496
19.6287
14.091
16.8485
14.7996
16.0268
20.9514
13.1997
18.1875
24.9074
15.9983
21.5172
13.6885
15.531
12.5779
14.7734
12.225
18.9236
14.2654
20.5684
21.9388
16.0019
21.7104
23.7827
24.9329
15.3133
14.7968
17.9529
16.8838
21.134
17.8918
18.9269
18.443
17.8602
14.7928
20.2416
14.882
28.2611
19.0607
25.2344
18.248
23.6498
27.9863
18.4206
16.1938
21.164
17.5601
25.14
18.5836
25.1805
22.7579
24.1665
24.0127
18.7812
16.4939
22.7555
15.8701
17.0441
17.3988
20.6265
17.6946
16.4296
19.5821
13.0921
19.0525
16.2119
21.8742
18.7958
17.1815
16.0816
27.8109
15.5108
23.4585
16.3215
33.5805
19.6016
23.6444
17.273
23.3786
16.3134
17.3338
16.724
21.1303
18.556
27.3529
19.247
27.063
18.3358
19.1583
18.9091
20.2949
18.4485
18.3584
17.4657
20.3632
17.0871
19.8315
15.1594
21.9287
17.8451
21.8806
19.3837
15.8994
16.3876
24.0398
19.5455
25.4665
18.5665
23.6291
21.3086
16.7712
16.9262
27.0669
23.2135
24.8996
25.0043
16.7565
21.2194
25.6962
23.2009
14.5263
13.6884
11.0063
10.0521
18.1664
13.8112
18.4434
15.0002
17.2848
15.0539
14.701
22.6935
16.1381
15.6166
12.8931
22.1454
13.0397
15.0719
13.2093
15.9811
15.162
14.9945
17.3999
16.947
14.8584
21.1515
14.6711
18.5848
14.1691
19.3492
15.4273
14.3766
20.9129
16.9977
19.8972
19.0938
15.3175
23.5185
16.0157
16.5778
17.7491
16.3247
14.4354
15.2366
21.9581
16.0845
15.7514
16.8732
13.639
21.3459
22.5964
16.9014
12.3393
15.5483
10.9166
25.2571
12.3917
19.1373
15.9277
20.3882
17.7559
17.4882
14.6908
19.4544
15.503
22.1234
19.0636
13.9275
30.5475
17.5625
20.3804
21.6091
14.9022
16.9722
19.8491
15.3042
17.9889
16.2643
23.5339
15.5613
18.3746
18.9461
16.3932
19.0389
18.4974
15.5746
20.0555
19.7666
17.7555
18.8578
17.5909
17.0537
18.4332
22.8878
15.4847
19.4005
22.3083
17.0424
19.0101
17.464
25.6184
18.2342
23.142
26.2679
22.3755
24.1385
25.9989
21.4909
20.7754
18.7964
23.2282
19.0773
20.8851
22.8622
21.47
17.8406
19.0662
18.0165
16.8966
30.8277
18.0153
21.9349
18.0774
20.1282
15.8032
15.3472
12.2375
12.1813
20.9404
13.5918
17.6684
15.5683
21.3154
21.311
15.767
15.095
15.8034
14.695
16.0056
18.8987
22.1482
14.4781
15.964
14.0949
18.5161
19.3618
15.6526
23.552
14.6254
22.1676
17.1482
15.1401
18.8262
20.9077
16.9455
22.7186
27.7328
18.1077
28.4793
20.2796
20.5201
17.8122
24.9063
21.2738
25.0976
21.2326
19.9843
39.9518
23.7242
23.8356
20.5125
16.8842
19.9943
16.7997
25.8524
17.3994
15.155
20.4448
15.9679
20.101
15.5603
25.3019
18.9157
23.5685
15.4539
15.7893
15.6181
22.5459
26.4289
18.6232
18.9336
16.7613
14.8732
14.8346
16.218
15.2411
27.8909
16.7595
24.3189
22.5988
19.4127
15.5668
26.4472
23.5843
18.3424
17.4486
25.996
28.5297
16.077
14.5987
10.9617
13.2981
21.108
15.4656
21.1655
14.5982
23.232
16.1693
25.7279
17.0383
18.2558
18.836
21.4318
25.959
18.8049
17.9399
16.7916
23.9517
17.67
17.4424
16.2361
16.096
18.0583
15.6302
16.6595
17.2694
18.8373
17.6047
16.7788
19.4275
18.1466
17.0344
20.7215
22.1645
16.5406
16.5224
26.3104
21.7989
25.2333
16.8776
16.7661
21.4822
15.5924
25.0428
15.6659
18.1478
17.6646
19.1526
15.7335
16.0742
21.6481
19.1044
19.7861
17.5738
21.5983
19.5664
17.1586
18.3657
14.9123
20.8019
17.4619
16.6679
18.0585
19.4587
22.1217
18.9121
18.0285
17.2446
21.2746
15.3165
21.824
17.1861
11.8936
18.0122
14.0903
14.3846
24.3522
17.4458
20.2312
15.8071
23.9146
17.1681
16.1362
17.4249
16.2229
17.5088
24.5218
24.5233
25.7596
17.0368
22.915
14.559
16.2802
19.7616
15.9013
16.3868
16.2558
16.2971
26.701
17.6416
20.6052
19.7885
16.3538
22.0826
18.6964
18.1301
17.8594
21.8228
16.319
20.2586
17.86
27.4392
15.526
19.3817
16.5243
22.5727
15.8701
16.6354
17.5786
17.6155
15.9919
20.3809
26.4396
16.533
23.3645
24.1107
21.8127
18.7252
22.0927
21.6798
20.6942
26.6168
18.2056
25.6099
14.7869
21.4292
17.7609
22.4311
16.4131
25.9042
15.4007
21.5353
16.4854
16.9952
21.5611
17.7886
17.4962
15.6065
21.3936
13.4436
19.8299
16.6993
15.1893
15.1213
13.4341
18.4598
14.2058
22.5168
15.8412
17.0874
16.6894
19.5301
14.9976
14.1535
13.8641
22.6745
16.9272
19.5776
13.9895
20.0464
12.6063
16.3909
17.2083
14.0189
14.213
21.1952
18.5157
17.0603
17.7393
24.3236
19.8079
17.5085
22.0326
17.3134
22.0838
17.5031
21.3473
17.7998
17.0769
25.9167
15.6435
18.3306
17.9234
17.2214
27.8316
15.8056
18.7419
19.4528
25.116
19.9046
23.6642
16.6313
31.1797
18.9947
21.2368
13.8921
12.6116
12.834
12.4089
15.768
16.4983
18.8084
16.74
22.3836
20.7583
23.2068
22.9582
15.5224
22.432
15.5877
17.8149
13.6167
16.5963
15.0314
16.4234
19.8598
17.5748
15.4966
16.1118
15.4138
26.527
17.8574
22.4042
19.2529
21.4791
16.9039
19.3223
18.009
23.344
17.4341
25.9957
19.4452
26.2349
16.5071
25.9741
16.9198
21.7649
15.2051
20.5321
20.6265
16.5772
15.686
16.4942
16.2157
16.4382
17.3985
15.0929
18.2939
15.5273
22.8538
19.1435
16.8274
20.1402
16.1395
14.6926
17.6885
15.4087
20.1242
16.2059
19.21
16.5748
18.7851
16.9838
16.8973
19.3414
17.7952
26.2009
25.5934
17.5911
25.7334
17.6775
18.3168
26.3259
21.0583
18.0382
22.5793
24.4164
15.2652
25.9485
18.7458
17.7092
18.7835
25.492
22.1767
16.8392
16.5285
19.6121
18.6851
21.7315
17.342
16.0396
27.5022
23.7213
20.7635
19.5595
20.3544
15.4274
29.7016
19.8877
17.1574
17.0124
26.5217
17.8303
22.586
17.3994
18.7858
15.6839
16.569
21.4668
20.6173
17.0817
23.9566
16.4562
14.633
25.1355
16.3466
31.0816
14.9896
15.0155
25.0445
14.8192
18.5185
18.2192
17.7703
18.5641
27.6708
21.2092
19.0949
18.7107
17.4051
17.5589
17.0386
19.4465
16.0407
27.8061
17.5471
16.6447
17.8399
24.9128
20.5832
17.0075
25.381
19.5088
25.5479
18.0171
21.4135
18.2774
17.3821
14.8614
20.089
17.9016
13.1268
25.0861
14.8005
20.6682
14.5566
19.4711
24.1944
25.064
23.0954
19.1418
18.2376
14.3
22.0996
17.2009
23.2646
17.303
18.5144
16.493
23.6233
22.8462
22.0241
15.517
27.5693
19.5457
16.7947
25.4196
18.5072
20.0929
19.2007
22.706
17.8663
18.634
17.803
17.4601
26.6433
14.5515
23.5711
21.397
21.0722
13.8521
19.0482
19.3359
17.6534
15.4625
25.3313
21.5724
18.9479
19.9799
13.6331
20.5366
15.165
12.629
24.6006
11.4555
11.1348
16.1206
9.3845
16.9579
13.1534
22.6078
19.956
22.4344
14.5034
13.6841
19.9631
18.1758
19.3885
15.6379
15.4944
16.8985
24.2791
17.6598
19.9012
16.7141
16.1575
15.7641
18.3603
16.1489
15.0498
24.5687
19.5781
20.443
28.6186
17.1172
15.6578
26.5092
17.1292
22.2402
15.0146
19.9212
22.9462
16.181
19.8815
19.2896
18.7755
24.0035
17.5587
19.6411
17.3913
24.2827
25.8966
26.6704
25.8888
24.253
17.9839
14.8348
12.1521
17.3635
11.6289
18.5782
12.6396
15.4922
13.2357
14.7194
16.4793
14.5062
15.006
19.4774
14.0351
23.3711
17.5907
22.173
15.6842
14.9793
15.7999
20.1732
14.0597
18.0364
15.8237
11.2502
11.8723
13.7869
13.7023
16.2189
12.3521
13.0339
19.2455
13.9932
19.7567
17.6103
20.7247
14.9481
24.0921
15.8946
15.6389
21.3162
13.5417
13.7338
18.1733
13.737
12.568
20.8262
14.5523
19.6715
15.9215
14.492
21.1203
13.5233
23.1205
15.3166
22.5764
22.0729
14.8587
25.1781
17.8946
17.6389
20.6292
15.2729
24.8617
17.0732
17.8987
16.4643
20.2786
20.2542
16.03
21.1058
16.7187
23.0986
17.2957
14.3427
14.8532
15.1753
16.5104
24.28
24.0177
21.1092
19.4408
16.8405
20.0211
15.6058
23.6452
17.7466
27.0228
20.5966
27.8537
17.8887
16.2367
23.6638
23.8041
19.1488
19.467
23.0235
14.1966
19.0186
16.0016
17.546
15.8683
18.3669
20.9942
23.1357
14.9684
13.697
14.1683
16.5007
16.2482
17.4462
17.0953
19.67
17.0876
21.8236
15.1664
20.1959
19.3906
16.5553
12.5366
20.7103
24.9375
18.0833
14.1867
16.0375
13.3692
25.3772
14.8465
17.9908
22.6811
12.3152
21.7218
23.8674
19.5625
16.1564
21.3069
16.4384
20.4859
15.1114
16.189
19.4289
15.9052
18.5668
17.2804
18.0656
15.3157
9.44574
11.2515
9.31761
17.8387
18.6509
20.7447
16.6947
17.5645
19.919
15.4584
20.0445
15.5843
17.9691
15.2795
12.2051
14.5463
18.9917
13.3072
14.3562
21.7263
26.0143
17.1018
16.5684
18.0448
13.7756
15.3965
15.9499
18.2764
15.3813
38.4064
25.2618
22.7624
16.3435
20.8099
27.1566
18.7923
22.8347
22.5293
20.4486
21.9888
18.4476
16.8785
24.3633
20.6634
20.5032
19.4037
23.6149
17.2393
19.7794
18.4611
19.082
17.5838
17.5189
18.9448
17.7904
20.9022
18.0479
21.0249
16.5137
20.974
12.9668
24.4533
18.3219
24.0807
26.0189
17.1816
18.6378
18.8408
19.4536
17.5258
20.3455
12.4525
13.6253
13.6075
23.1835
14.3161
15.8658
24.2979
13.3771
17.5805
23.0347
16.2285
22.9055
16.4482
16.684
15.7259
16.4375
26.2608
17.8289
20.9659
16.5145
15.2345
17.5469
23.269
19.9478
25.6189
17.3998
19.811
19.8135
21.486
18.3082
19.9463
28.3458
20.4505
18.9447
22.4685
16.2758
17.5359
22.1796
16.7549
25.0296
24.5175
15.0807
19.3133
14.3185
12.9396
22.1174
16.3191
28.3921
18.2398
14.6158
22.3997
13.7872
15.5265
19.3586
13.7233
15.0181
16.6218
16.5217
18.7622
19.8892
14.8076
18.3445
16.1475
15.7663
24.5936
19.7536
19.6108
25.9253
17.1568
25.3003
19.7173
18.2595
18.7292
16.5457
17.2292
23.9082
20.0181
25.2037
18.3135
23.4897
23.034
18.8294
28.2548
18.7171
30.463
21.4908
25.7627
29.9373
18.2765
26.3272
28.1443
18.5687
22.6487
23.7471
26.7574
21.5045
26.225
20.1361
30.3644
28.9946
23.7344
23.0551
28.8504
26.2249
28.1074
29.9799
25.085
21.6777
20.3475
19.6124
23.7065
19.8026
20.1458
25.8316
21.0752
22.0039
21.9907
27.9943
20.1275
26.3655
23.6444
24.234
25.6444
25.5156
26.4387
25.8198
24.0087
27.3343
24.9847
37.2372
21.5406
25.3725
21.362
23.37
18.3258
19.5745
11.1685
27.7054
19.1426
17.6473
18.8715
17.8564
15.5761
12.6215
19.0071
21.7796
13.6826
23.7686
27.8835
16.0294
17.7438
19.7989
17.2094
26.1568
15.3165
14.7383
17.138
25.3089
17.5777
15.7708
15.6315
18.7966
15.3048
14.3217
15.0749
15.6361
12.8438
16.4551
16.4041
12.3511
14.0919
18.2368
15.8038
19.3916
18.2236
12.181
14.0632
12.9309
16.1863
17.9118
19.2369
13.7547
19.6059
12.5537
12.5289
13.355
13.5317
12.7163
13.9019
12.0621
14.0177
19.0989
15.4393
13.0307
13.1442
14.1971
13.6563
13.5683
14.0664
15.0435
15.2452
13.0865
13.7141
23.403
15.9706
22.2443
17.0965
17.7688
19.6513
19.0398
17.9626
21.6244
18.8662
14.0547
23.7446
14.7135
20.4633
14.5946
15.5619
21.3339
16.262
14.9922
18.8472
21.9058
22.5222
14.2897
25.7999
19.6333
20.1339
19.7317
15.565
19.6847
16.9936
18.7416
15.6455
14.397
23.2329
14.7027
18.9231
14.4383
14.9737
20.7784
17.421
15.4347
15.5747
20.1808
19.7884
18.2308
13.3174
11.8453
18.2011
12.2755
19.2921
14.4198
25.8201
18.3051
25.7197
18.2395
23.0402
17.7045
24.5821
17.3129
16.4811
15.3281
15.776
14.0567
20.1445
16.1159
15.0266
19.0028
26.6477
16.2661
24.7704
16.6241
22.5407
25.1372
16.195
17.2727
17.2993
17.1441
22.9673
19.2398
19.306
19.7102
28.0264
20.4571
26.9587
19.6405
15.3694
22.777
14.7534
22.2989
18.4621
28.782
19.933
24.3216
16.3827
15.1924
20.6661
26.3991
16.5388
19.3609
13.3708
17.4228
16.6335
14.6486
18.2171
14.8545
14.9082
22.7582
16.299
25.0515
15.2319
20.2154
21.7856
18.5087
17.0848
21.9035
17.188
20.8859
22.2281
18.7302
23.256
16.7314
21.5598
24.5588
15.2387
15.848
23.9823
26.4962
22.1224
19.7647
18.0519
28.7633
18.1078
18.4411
15.891
21.4388
16.5631
17.255
12.632
12.5327
9.40645
11.7027
16.5609
14.076
22.596
14.2741
15.651
14.8713
14.5828
15.4647
21.5496
15.1464
16.417
22.3045
13.4449
19.477
13.5235
21.6236
17.6854
14.4965
16.9925
25.8333
21.5336
16.0205
24.7599
24.9355
15.9101
17.8818
24.1848
15.6018
15.9865
16.2199
21.018
18.1992
19.4576
16.5288
16.6192
25.6206
17.4716
20.3805
24.9129
16.1411
25.7886
16.8535
20.1434
16.0355
19.607
19.6159
15.6122
21.1865
15.8099
18.6864
18.4606
15.0169
18.5699
16.4896
15.2776
21.5587
18.6175
15.9397
15.8493
17.2216
15.6125
17.3889
20.3713
18.8279
13.1069
13.9953
24.0691
14.9678
20.6449
14.742
19.5285
14.4295
13.7119
16.8984
16.4975
15.1129
13.4638
22.9218
17.5238
21.4551
19.879
25.6689
16.4211
21.5974
25.5698
19.756
13.8598
23.9068
12.8477
16.1478
16.62
17.7683
14.6564
24.9819
15.9898
18.308
16.0255
21.2828
19.4848
15.9145
22.4716
14.2335
25.9544
17.2193
15.3122
19.4604
21.9634
16.1336
18.6663
13.1332
17.5126
16.9847
12.4353
18.0246
10.9359
11.6154
10.0163
10.9057
11.5878
9.33759
18.2077
16.418
13.2806
15.9618
15.3226
12.6649
17.0112
14.8656
18.0902
14.2114
18.8424
19.8819
15.3443
18.8317
14.5827
16.6617
18.7695
21.6133
14.5961
20.2048
16.6087
19.0785
17.8284
13.9322
15.4926
20.7437
16.6182
21.4551
20.9211
14.9488
15.776
22.0614
17.1138
22.796
13.7176
23.966
17.4577
16.9735
24.9435
14.8555
20.2153
14.8775
14.2183
14.1569
14.1209
21.2016
14.4647
15.0231
14.1248
15.9501
20.2745
16.8207
21.4105
20.3944
16.8801
13.9929
15.0867
20.0552
20.5267
22.1962
20.7414
15.7736
19.0833
16.4579
20.2607
24.9874
16.778
21.9231
15.2664
18.6583
22.0703
18.2161
15.4686
14.9631
13.9421
11.3983
23.7695
18.8011
17.2692
21.8263
19.4026
14.5724
16.6791
16.0117
14.6183
15.6218
21.218
17.736
18.7273
19.4696
18.9275
16.5494
17.6395
20.0183
16.6549
16.05
15.606
18.3038
18.9859
16.5627
22.6354
18.4304
18.3055
20.4364
16.632
22.3356
19.2917
17.6452
18.0885
22.6843
21.4756
24.4944
16.3607
24.0902
20.9176
18.1257
16.7742
19.6761
21.0214
19.4152
21.7764
16.5545
17.2348
19.9023
15.6656
18.9477
14.7685
13.9555
15.3159
17.9849
11.206
11.1322
17.9501
21.6968
22.6729
15.8312
15.836
26.6106
26.6125
18.3441
17.7679
20.4424
24.6195
21.3576
16.3152
20.3271
16.8596
16.989
17.2656
17.1212
16.6904
18.7094
16.6593
26.8193
18.0509
27.9418
26.6885
17.7758
20.8943
18.4623
17.3401
16.4241
16.6597
14.8392
20.5314
15.5751
22.9282
18.3129
14.3561
14.4078
18.105
15.9087
17.1303
16.8178
16.4108
16.7062
17.2141
17.329
15.6754
15.2559
23.7777
18.1746
15.4318
13.0169
21.9991
22.1092
16.8202
14.7285
20.9494
18.1871
17.6088
16.6492
19.0559
19.464
27.0309
18.8458
23.9507
24.7161
18.0762
27.7699
22.2564
18.0281
22.6712
17.7941
18.5838
23.7095
19.6366
31.1789
22.4888
19.0816
20.7543
17.7892
22.2072
16.643
26.7754
17.7327
25.3039
27.3194
20.2731
18.0304
31.8155
19.5339
18.4783
16.4538
21.4029
31.6742
16.9604
15.8329
23.0112
23.1449
16.4
26.0084
19.432
19.0129
16.1665
24.4245
20.238
17.5307
20.424
19.5277
17.9024
28.2423
19.0698
26.0592
20.6847
25.047
18.6593
18.3578
29.9672
19.7238
17.747
21.531
20.0724
20.9764
18.2424
17.4932
23.4955
28.3508
18.4647
26.7194
18.9396
30.6062
25.392
15.0114
12.3275
13.8445
15.8469
17.3459
19.6274
17.8428
18.3955
21.369
25.5072
16.4192
19.9594
20.1182
19.6017
23.815
18.2782
19.3476
17.781
20.6793
18.9103
16.1323
16.3231
18.6326
15.406
19.1142
16.7538
14.4111
22.8439
14.2865
21.3847
23.6445
17.1195
20.4616
14.5224
24.2993
20.9494
27.46
16.5471
23.6585
19.2554
18.0957
27.7581
16.7695
18.2283
19.0255
24.0057
19.3053
18.143
25.9169
23.4524
17.8974
21.9709
22.6811
18.7537
16.459
16.9843
16.4916
16.1507
17.5413
20.0927
26.1565
17.5123
21.2465
20.1946
19.2025
25.2316
14.5875
23.1409
21.405
15.336
22.1857
17.3401
15.3079
18.8516
22.1715
21.7266
15.8434
21.848
16.2187
15.5892
18.3968
15.7609
20.1324
15.9602
22.1739
20.1021
16.3329
25.9109
27.9311
17.9319
29.2489
20.2906
17.4915
26.2323
19.2314
25.7062
17.1675
18.7718
16.2204
16.8085
24.1067
18.533
21.1438
22.4681
18.3835
15.253
24.8863
21.3504
15.8899
16.788
25.4177
15.328
20.1821
17.2014
15.8264
16.8863
19.6394
17.6448
21.3377
25.1031
17.2136
19.2013
15.9568
16.9033
19.1932
21.525
17.6683
16.5625
26.528
21.471
19.8551
18.4103
15.4778
24.4951
18.4969
24.1255
15.0225
18.8843
17.4182
18.8648
17.2751
19.7198
15.4453
18.425
18.2187
19.675
22.9539
18.8406
19.5422
18.6725
20.4056
17.9983
17.0884
19.1518
23.1448
16.2519
22.0983
35.505
18.6234
18.9334
15.1904
18.729
18.0349
15.9285
22.8252
25.6771
18.672
23.7871
14.512
24.2471
18.9832
16.9444
21.4812
15.5569
20.7597
19.7052
24.576
19.3017
15.8359
17.3665
24.5738
17.9206
20.0703
15.4232
20.9008
13.3702
14.0382
16.1205
16.707
13.8328
13.0196
18.0502
15.3547
23.3408
20.4987
17.3826
20.3018
29.5102
17.2884
20.1752
19.627
19.0407
19.3216
16.3476
20.6078
21.7054
14.866
10.1686
9.22679
12.3245
21.4793
14.3199
20.8919
16.5497
25.3579
18.9177
23.4125
20.5277
17.8409
16.2137
21.376
15.1438
14.6358
17.3826
22.1069
23.1003
15.4197
16.3598
17.343
18.1546
16.9161
24.0926
21.2826
18.9919
20.0205
25.2354
17.8504
19.3183
16.2781
20.0286
22.5205
18.043
19.4337
23.1779
20.4996
19.9694
16.8318
17.1
17.3179
17.2544
18.7116
17.3015
21.6945
18.7385
17.7775
17.1228
18.1711
28.0331
19.4449
18.9772
17.9338
19.9005
18.375
23.9829
20.8053
16.1003
17.9609
25.1759
17.8723
25.5977
18.2895
25.4219
17.9689
21.9051
18.0586
24.166
17.395
23.4521
27.7171
18.7406
17.5334
20.5793
17.8028
17.3802
24.9748
17.3417
16.7796
16.3412
18.0319
18.1412
17.1802
19.3672
25.9708
28.1227
19.4362
21.7716
22.1436
17.0356
18.2093
23.5407
15.9
24.4042
18.3354
16.7228
30.8469
28.532
17.7893
25.5653
18.2961
18.5622
30.7544
27.7741
18.9282
21.1648
26.2781
18.3469
22.1285
17.8593
18.7406
19.1771
25.9765
17.2231
26.1351
18.5685
15.5718
27.7819
21.4077
32.389
17.2162
21.1462
22.7503
22.0997
15.6029
20.6496
18.479
24.3279
19.0895
18.9131
22.9257
21.0958
15.892
24.2472
16.8955
28.1318
22.3731
15.7412
25.7854
18.1467
27.7366
15.5069
19.481
27.8167
26.334
22.4455
26.5201
20.0396
24.5663
17.0906
24.0035
18.0815
19.538
18.5944
16.3034
26.1463
20.3471
26.6681
18.3421
19.9701
14.052
19.1606
15.2498
18.1661
19.6132
27.8454
19.2452
17.0493
19.2624
19.5246
27.5536
17.1185
27.1987
25.5895
19.3518
18.1588
25.6133
22.4493
29.1109
20.0545
16.6192
22.5942
15.2449
15.4495
15.1598
20.492
16.3564
25.7782
15.7687
21.8916
20.4791
14.5989
15.2721
12.9303
20.3061
18.268
28.9321
19.585
26.6027
23.6925
16.6633
37.2042
20.9743
31.8353
16.8754
22.7003
16.556
17.7114
22.6932
16.3103
20.1941
21.6755
18.7677
19.5203
15.5982
18.4018
21.8221
17.4317
26.9583
19.3452
17.2526
18.7848
30.3492
22.1904
24.4572
18.5757
19.8533
17.9385
18.9386
18.6342
16.531
22.867
23.072
15.9133
17.3534
19.3638
15.3855
16.2308
18.1115
14.4564
29.7896
26.1083
17.1244
24.3862
16.1604
17.7884
26.4574
21.2814
23.9692
17.6492
23.5121
17.5253
26.6029
18.8021
24.5667
19.3158
23.5401
18.2163
17.6077
21.3707
23.3299
16.875
23.7526
22.7157
24.2087
16.5558
22.0711
19.1646
17.5864
15.9419
18.7075
27.1548
17.2939
22.8812
18.0941
19.847
26.5862
27.8593
21.7217
17.072
24.982
19.3815
24.4604
16.8818
23.306
18.7669
16.2579
17.5869
16.9438
19.2703
16.5993
25.7964
16.8517
22.1006
21.5456
16.3531
15.9015
15.2974
28.998
16.2536
19.4479
25.7103
15.3652
20.0095
23.2209
19.5949
17.8262
28.0099
18.3979
14.6519
18.7289
14.1986
25.1074
17.2179
16.2751
20.4373
34.8677
30.6959
21.2954
21.2794
18.2676
24.3221
18.3973
19.6733
14.6373
18.3475
22.2497
16.9251
24.3659
15.9824
26.805
24.412
18.9136
18.2995
18.6768
18.422
20.6688
15.5163
15.9452
20.7957
17.5351
17.2225
15.6732
17.2038
16.8452
16.217
21.1364
21.561
20.2909
15.7342
17.6972
29.4116
16.7063
29.2855
32.0355
17.3648
19.7275
18.3037
26.8304
18.256
16.4601
23.9221
26.2369
17.5604
19.2041
18.0582
18.113
14.0258
15.6608
23.5094
17.1444
17.6462
17.0595
17.7813
17.6043
19.5214
20.3805
16.8576
25.8178
16.5744
24.1704
13.923
11.1001
15.2578
26.9656
16.1109
17.4545
24.9857
19.5024
22.8672
22.945
22.8854
17.2179
24.3972
20.0861
16.0527
16.7205
18.3234
16.48
17.7726
22.3564
16.7545
22.9619
19.9357
19.4168
29.47
16.236
17.1215
21.9913
24.438
19.7614
21.1734
25.2012
17.4468
17.1858
17.1944
18.6479
15.9764
23.4445
25.2144
19.047
18.4526
21.1136
15.64
27.1037
18.9093
16.1443
28.006
17.3827
25.708
17.23
19.3014
16.6706
20.3158
14.5457
22.2113
15.134
15.0628
22.1783
15.5319
15.7411
16.9876
15.649
23.9295
18.4724
17.1425
16.4806
21.2925
16.9908
24.1576
17.87
19.1554
16.2104
25.1154
16.517
24.7267
23.8116
19.1935
17.7236
15.2144
15.7891
18.4435
22.6526
17.1618
18.9626
26.8011
19.8511
20.8668
22.9723
17.6038
23.6581
17.6004
20.0331
23.2391
21.3165
15.7379
15.3113
22.9012
14.9766
18.3893
20.0952
18.5405
23.5539
15.7753
18.9134
16.3741
22.3744
18.8811
22.3907
21.1479
17.482
17.1268
15.7452
20.2102
16.0035
17.9697
16.9652
21.6932
21.1986
20.6955
18.8669
22.3323
22.0619
25.834
23.1899
17.718