16.1514
14.2949
26.1271
19.3766
27.0391
14.0319
16.4366
17.2224
15.4419
21.6377
16.1374
16.3359
12.0846
16.6913
13.8087
22.8569
17.711
13.1593
19.0173
13.7342
14.4314
13.6169
30.6768
15.1854
17.5382
14.319
17.0384
14.4361
13.6449
21.6731
15.6125
16.5861
16.7673
12.5186
16.0574
25.5734
13.7281
18.142
13.2996
21.9412
17.0699
17.5327
15.5408
19.4209
18.7618
15.2236
25.0836
18.1074
20.973
16.9517
16.6837
15.0202
13.565
13.3818
25.0528
16.1726
20.9926
17.053
13.4384
15.726
17.2907
19.8718
25.2973
16.7787
20.5574
23.5862
12.9411
13.6795
15.9622
15.4442
15.9409
19.4908
24.9881
18.1924
16.7274
14.805
14.5957
14.8637
13.2047
21.1244
20.8513
16.7009
15.2484
20.7939
16.422
24.2043
14.561
22.1341
15.3442
13.0627
13.7524
23.6461
19.3413
16.822
21.5823
13.3002
12.7803
16.673
23.8424
14.3835
8.63373
10.7096
16.0522
19.8619
15.4373
18.1956
13.4436
12.9572
18.9763
13.3739
24.2718
15.1848
14.3303
15.7545
14.1649
13.0572
15.4305
14.2136
17.6755
16.0936
16.5383
15.6292
13.2679
18.4855
25.902
12.8433
21.6627
23.7745
12.974
16.3147
24.7375
14.843
17.8546
14.1212
15.8063
25.9103
16.1812
16.0246
24.0016
16.0062
15.9988
23.4584
25.5922
15.9278
17.8384
23.6662
24.2768
25.0675
15.6806
13.2811
14.6943
22.532
15.1118
19.475
23.6448
16.7669
20.3021
16.3482
21.5251
13.8463
22.0644
15.3402
17.9965
15.3373
25.6247
22.7781
14.8401
23.9957
23.9917
22.0981
20.9291
14.6803
14.7431
16.8053
24.5897
16.7591
26.0262
15.527
17.0761
15.1856
17.5515
23.469
17.2037
17.9747
15.788
12.7156
17.7763
16.8333
23.7443
18.9881
21.5506
16.0795
24.505
21.4131
24.0551
22.1512
13.3449
25.7898
15.7315
11.5371
16.0687
11.8861
16.5161
21.0698
17.4357
22.4595
16.645
15.5742
13.5254
15.3098
18.0425
18.989
15.1677
20.0454
19.2806
20.1745
18.1252
18.8213
14.4007
15.4151
16.211
17.9281
18.1686
26.9109
16.9314
16.8488
25.4667
18.0993
13.8251
17.7524
21.4919
21.4296
20.1168
17.5112
27.165
28.0932
18.637
22.487
22.2359
16.1711
25.7669
19.3308
17.1179
18.4854
23.5724
15.9735
15.3334
25.8947
18.1979
19.3203
27.4284
18.4783
17.507
19.4182
16.8154
16.0678
16.7405
18.4495
14.8198
14.6046
14.7004
16.2806
22.1887
16.5856
26.6734
19.4909
16.8802
18.1441
14.0384
26.2914
16.2529
14.0729
21.3169
18.4151
20.1405
19.1651
17.5185
16.941
26.9716
18.3007
17.466
17.2069
21.5102
23.957
22.1168
20.9598
16.9615
23.6299
17.4679
23.2216
23.4831
16.7449
13.336
14.4857
13.4872
13.4278
13.8032
17.0213
12.7875
12.1205
13.9684
27.0171
11.5973
13.1343
17.3177
17.5927
14.3036
20.7531
14.2799
22.2207
14.2081
24.0963
16.0085
21.0034
16.0847
14.4602
25.9964
13.9715
19.2692
16.6226
16.5242
15.835
22.9084
23.8533
15.493
23.3805
25.0269
18.5241
16.6433
16.7757
16.119
23.8868
17.4783
15.8843
16.9111
23.1607
16.9778
14.8593
19.4262
25.3466
15.3698
18.3087
22.8376
16.5626
23.7355
15.538
15.6253
24.6429
16.0309
18.6821
18.7182
15.4542
23.774
21.977
25.6719
17.0169
16.8106
19.2191
21.8192
19.9591
22.9166
19.5152
22.8512
17.5362
25.0874
18.7187
27.4662
16.1745
22.8809
14.7864
20.7971
17.4556
18.5443
19.3409
16.0332
14.8394
18.5589
19.131
16.3252
18.3758
21.584
27.0197
9.43104
11.9174
18.3013
15.9381
15.7888
16.1597
24.3042
15.3432
16.6637
21.715
18.7932
16.921
17.3987
16.2318
18.3707
15.5046
14.967
16.2217
16.1774
24.057
16.6088
21.9644
22.3637
18.7004
22.3307
18.7497
20.219
15.1335
25.127
17.5208
25.0656
20.1809
15.2605
28.1396
24.2295
27.7759
19.5813
17.3404
23.4442
25.812
18.0741
16.7128
14.7817
15.3558
16.8633
15.8899
25.6401
16.0787
20.0148
19.2236
15.7897
15.3321
17.1397
13.4515
17.3398
19.9355
16.4593
21.9895
15.4889
24.3603
21.1855
23.9445
24.9646
15.8189
17.0918
22.1862
20.0976
21.5196
20.1527
20.5455
20.6327
29.7494
21.5145
36.394
18.6748
31.6862
19.287
16.4993
26.1589
20.1463
20.3706
17.2023
25.2578
16.3631
14.8813
17.0714
22.8091
24.075
15.1496
18.2173
25.6972
17.7874
20.0775
16.6863
23.7492
18.3507
22.9372
23.6388
20.4465
20.5617
15.1019
22.6466
19.6015
19.7389
23.1809
18.2387
15.6065
20.2778
18.373
19.6797
22.1745
28.852
19.9368
17.8123
24.1576
21.0706
22.4341
17.9693
15.4024
20.8194
15.4496
19.2979
20.702
19.7609
17.1923
16.6523
16.9035
20.0006
16.888
24.514
24.3936
25.4385
19.0064
24.5863
18.9335
24.6506
15.8144
24.9253
19.4102
15.9351
15.198
16.6951
20.878
13.8335
22.9596
22.1319
15.5582
16.4539
18.825
16.0547
13.4802
17.5618
14.4001
16.8071
17.6234
17.4029
15.894
24.1655
17.1849
23.0789
15.2571
19.7608
15.0142
16.1055
12.992
22.6631
15.3401
16.1562
15.891
16.4042
16.2927
16.5662
17.2023
17.683
25.6313
22.0255
17.2148
19.9359
20.0381
18.9159
20.2248
26.6531
18.8408
15.6824
14.1955
15.008
19.7984
16.3868
19.6043
28.6588
21.6616
17.3703
16.9067
17.1588
16.4798
26.9317
21.0792
16.1936
16.6241
17.0045
14.7763
14.4742
21.1454
15.4156
13.8007
19.7659
16.0657
23.2459
15.8053
15.9224
15.8221
18.2964
25.2293
20.0747
21.6361
18.7758
29.2997
19.7711
17.1707
17.5015
25.0552
17.5632
20.5934
15.4528
14.6142
22.8988
17.4921
24.5098
14.6882
19.9466
20.8405
19.2393
22.9936
24.1346
15.3874
14.9388
15.833
20.5805
16.802
22.4432
14.8729
22.7824
20.0659
25.8089
19.4771
21.2218
18.2646
15.8206
14.5742
25.2512
16.9568
19.3219
17.8272
12.5014
23.7172
18.2462
14.0589
16.0829
14.9986
14.8933
14.9357
17.4796
18.0219
17.1944
20.5084
16.1832
14.3136
22.0119
15.009
21.6288
13.5547
21.2774
14.0644
19.9895
11.8678
12.5175
12.9611
15.3844
13.3234
22.9806
21.1623
12.855
12.2143
13.5449
15.4417
12.9809
14.8134
17.3553
17.8753
11.8298
12.8799
16.6215
15.8713
18.5367
14.1633
15.7007
18.2267
13.854
14.1065
24.3837
15.798
15.9978
14.4036
18.7645
13.3815
21.8366
19.2474
11.2496
12.591
12.0188
10.5405
12.6003
14.3606
12.9244
16.3938
14.0856
13.4722
14.739
14.0615
25.1509
17.4926
26.2101
23.7432
16.2829
21.4232
16.3085
15.6064
15.1889
23.424
14.3287
17.6927
13.805
16.0571
12.8612
14.0125
15.8388
16.0249
23.9908
15.0306
23.3935
17.3355
19.5862
18.4426
24.4867
17.5592
24.0422
18.8381
19.1475
16.8557
18.0992
14.1921
14.1027
13.1712
15.7757
13.6086
14.9854
22.1832
18.6649
21.3545
16.5075
22.6671
14.5497
16.3353
18.0648
17.4965
26.5168
21.0063
17.1776
21.6233
22.2985
21.8542
16.5625
16.5434
16.9352
15.4153
17.5181
22.5873
16.4827
13.6162
14.4841
11.9282
15.4483
12.6151
12.1967
11.87
13.2349
21.0896
14.3614
14.788
19.7616
20.205
19.4603
24.9409
22.1475
17.6007
19.7705
19.2044
19.1744
19.144
20.3459
25.2548
18.9005
18.9843
16.8978
20.6715
26.0714
19.6627
17.63
25.3303
23.1116
19.7758
19.7545
21.1204
16.2349
14.5143
23.7112
24.4721
16.0438
29.0598
21.2407
20.5942
16.4131
19.0781
20.4234
21.8209
16.4605
27.553
18.4091
27.2049
14.5771
18.5541
14.3881
13.1094
15.914
15.3129
21.3612
18.4114
14.3563
24.4955
16.0329
18.1089
17.4994
20.5558
20.7854
17.9267
23.9642
19.7447
24.0863
21.9688
14.3304
15.9967
24.6095
24.2621
25.3709
17.0565
18.8255
17.425
19.1193
18.9101
14.7929
15.6433
16.6662
18.2077
15.4862
21.8611
18.9699
18.8087
14.5819
14.7247
22.789
23.3941
20.882
18.9447
20.1108
17.1837
26.0778
24.3397
20.7869
22.0419
17.4034
18.4139
22.1243
25.996
20.3072
23.2658
16.0759
24.4648
17.1216
19.1506
16.8907
29.0382
18.8002
22.2962
16.2843
22.0514
18.3475
19.7641
13.7555
17.343
19.8689
15.729
28.1376
23.6573
24.2686
27.5652
17.0824
10.9688
9.46885
12.0691
10.9759
18.5917
13.8564
12.8228
12.3884
16.0478
13.9297
14.4487
13.0431
14.0591
20.4233
15.3918
15.4399
13.0059
18.5532
14.4294
14.3771
15.5599
20.0739
13.8694
21.4178
15.4748
19.4885
20.6181
18.2769
22.9025
18.1198
17.9452
17.8079
16.1085
15.0317
21.3158
13.1025
16.1986
22.5491
15.4077
20.9849
16.8317
23.7861
12.7332
20.3063
13.1006
12.5968
19.3813
16.1642
13.2807
22.4486
14.1263
17.2293
14.2147
21.871
14.1501
14.4712
19.4669
21.6402
15.7079
15.5855
24.0617
17.2817
16.9514
24.1277
19.8003
15.4598
24.4376
20.5253
23.0598
15.9751
15.3243
18.0944
14.0137
14.8585
17.9126
14.0545
15.1222
17.3425
14.4503
14.775
23.9595
14.5874
14.7888
18.2262
15.2998
17.6299
16.3663
16.2207
17.066
21.3256
19.0996
21.2938
19.0045
24.7054
22.8769
26.2828
19.3879
18.7328
18.9951
21.0975
18.8135
21.7204
25.2981
24.3889
16.8389
22.1607
14.7009
14.1995
12.1544
21.8936
12.3661
12.0238
17.1251
13.3992
12.8026
12.6438
15.827
19.9704
13.0893
15.2611
21.2689
17.8632
15.7457
17.1698
17.5483
20.2089
14.0548
17.1387
14.2003
23.0493
15.7228
20.4548
17.609
21.8949
13.6987
18.198
23.6851
19.5006
16.5241
16.2575
26.6313
30.3512
20.5505
24.4539
17.8172
22.3913
22.8031
19.1049
23.832
16.1161
25.4448
15.7439
16.773
23.7742
16.6723
15.0369
22.4738
15.9368
26.5275
15.747
20.6839
14.829
22.3512
26.447
22.5441
23.9352
17.0042
21.5698
20.2767
21.3631
19.0751
17.4779
24.4181
15.2801
20.7821
13.2075
16.3864
25.3912
18.4518
23.8445
18.0195
24.3634
21.8678
15.1004
22.3937
20.4528
28.2489
16.5292
23.3459
25.1249
15.7981
22.6091
15.7311
25.9594
29.4605
17.7506
22.3046
20.4012
20.4356
26.1395
19.1764
27.2299
20.0031
13.9101
13.2536
14.4936
27.5238
16.6297
17.2854
27.0946
17.2725
24.0393
18.5152
21.1452
17.6146
14.9191
20.1757
16.6381
16.9829
20.0843
24.2218
17.4156
24.2809
16.1582
20.4816
14.6863
25.7921
15.0666
24.1214
23.8247
17.0726
23.0226
26.1882
19.5597
19.4448
26.0927
16.6688
22.8581
18.5518
15.5044
19.2065
24.5176
12.0868
13.1754
22.4015
16.7944
15.5104
15.6396
20.3444
16.7734
23.784
16.12
15.2483
15.351
22.8857
22.2601
14.7619
26.0884
21.308
16.2983
19.8552
26.7444
17.0975
25.4769
20.9563
17.9252
18.2656
17.174
27.0168
15.9946
20.0607
19.8501
16.4367
21.1401
15.8941
17.2636
13.6803
13.3739
24.9274
24.0947
14.2481
24.2845
12.3847
19.6644
13.9973
15.8795
16.4842
24.8365
18.248
17.7002
28.8196
17.7243
18.5367
17.3404
16.2478
19.794
19.2838
18.8309
16.1034
22.1312
14.6325
16.4757
16.7615
28.725
16.7118
16.8555
20.5407
17.9878
19.227
21.5819
16.5789
21.1483
16.5381
22.7374
16.622
33.3376
22.1363
19.5988
17.7151
16.3752
16.7853
18.3021
18.7793
23.0466
17.4029
22.6465
18.8159
19.3918
22.7084
16.5461
17.1173
16.215
14.9607
13.1064
16.1787
14.184
14.4533
14.0623
13.9723
21.699
21.1521
19.0721
16.0144
15.7538
20.7264
20.6783
14.7297
22.8982
18.0271
14.8201
15.5737
13.7846
19.4179
15.0015
21.5535
17.0698
12.409
17.9719
15.2065
16.388
20.5248
23.3857
18.7345
21.6907
17.6559
18.775
16.302
17.3161
18.1065
19.7711
15.7626
20.5224
18.9207
13.2266
13.1329
13.5615
17.4345
22.1473
18.5905
22.592
15.4682
15.7528
14.1578
22.0593
22.827
15.4245
15.9333
13.9665
26.8367
16.6832
22.637
15.5158
16.5107
21.3781
17.3018
16.2201
21.8045
25.5543
17.6151
14.7768
17.9954
17.6016
23.3185
28.0264
14.3449
14.5593
9.84455
12.3856
13.3473
22.4612
16.6622
16.3728
16.577
28.4329
24.9423
20.3721
19.2529
17.556
24.9303
20.3299
17.5479
20.1796
17.7162
30.9791
19.1724
24.0939
19.5013
18.7123
18.5846
16.6915
16.2004
26.2567
18.1483
27.4431
19.4928
26.2647
20.2643
22.6566
19.2375
27.1451
20.0503
25.3169
18.0482
15.6746
16.1584
22.2303
23.9772
16.8269
20.6488
23.1101
22.36
15.4068
14.4358
22.7719
23.3637
15.0846
15.0086
16.0099
18.8233
13.9175
24.6662
21.5496
14.7895
19.6181
17.1714
16.7087
14.9939
17.0995
23.3849
24.036
18.195
23.1462
15.619
25.0278
17.3789
17.1529
18.3914
18.4097
24.8574
16.3383
15.9732
21.7312
20.0351
17.0707
18.5711
16.7322
23.9524
21.1943
17.7432
16.1249
16.3297
20.9431
15.7119
24.8513
22.4271
16.9653
14.7198
19.1629
15.3337
16.7714
20.4517
20.0926
18.5912
17.8826
19.3721
14.3967
18.4586
14.7613
21.6295
25.8585
18.9855
16.912
18.3028
17.2492
21.7441
15.1391
16.2262
17.1156
23.3318
16.6642
29.3678
19.716
22.5496
17.0751
26.735
19.9627
28.3617
21.4434
17.0043
19.4353
16.467
19.3634
24.5314
17.3268
28.5035
15.514
15.0127
16.6915
22.6085
17.9585
22.3352
19.028
18.4925
18.7272
23.076
19.8023
17.7721
23.42
15.7744
15.8355
19.1614
16.8223
19.9291
17.4529
22.2144
18.948
16.6506
19.1666
16.7442
14.5827
15.728
16.7955
18.4472
14.6619
24.4077
24.4779
16.8799
24.8465
16.9509
18.5969
15.2921
24.3721
22.9879
19.2468
20.0692
16.7591
19.0856
15.7741
17.6981
21.6333
19.9265
16.5642
25.1041
17.3633
15.7778
18.4483
17.9008
16.1452
14.1549
14.4636
16.1671
13.8852
20.8163
22.1635
15.7971
15.1679
15.6911
16.3883
20.9743
20.7208
18.4584
25.8077
17.6141
14.1181
14.013
16.6819
12.1341
16.6645
16.2334
15.6361
20.3439
16.6017
16.5683
16.6286
16.6558
27.5532
20.7037
20.9421
14.9488
18.1952
14.9892
22.3433
15.1742
17.5312
20.9728
20.3862
26.4772
20.0437
14.0927
11.4747
12.2379
12.164
15.5973
22.8247
22.0478
25.4805
17.416
18.9157
19.1949
18.0199
16.7524
17.5481
17.7253
16.6127
15.1149
17.4888
21.9025
23.1344
25.3705
15.9699
19.0414
15.7568
20.7244
15.9528
19.9679
16.4202
18.3113
14.1165
22.4936
16.5737
14.7124
21.8032
13.8883
20.8835
15.9157
20.949
23.9096
20.6218
13.6497
14.6455
13.6906
16.0317
17.6575
22.5535
22.4476
16.2891
19.0954
15.802
19.5214
12.4045
14.5005
16.9968
15.5039
24.3591
16.1943
15.4815
15.0567
19.2814
18.6125
24.6098
18.79
21.5686
17.987
22.849
17.2447
25.8766
16.1023
20.2201
15.8081
21.9341
28.4775
26.3774
17.8258
15.4704
22.3154
17.5077
22.1444
17.4715
15.7526
17.255
15.8679
15.014
19.4549
14.2116
16.1021
15.9834
15.8004
15.6776
15.2878
16.7034
21.3298
20.2645
19.4956
23.8976
17.6122
20.6087
16.6917
23.0519
31.7624
22.3649
20.4509
15.8606
27.6335
17.1715
20.7035
28.717
16.5384
25.0349
17.6889
26.7969
22.2997
17.6092
22.628
15.993
29.3884
19.5924
21.7432
16.3311
23.5105
18.2411
15.5171
15.0139
15.2887
22.2816
19.3211
17.643
23.0217
15.0984
18.9296
20.0464
17.318
18.9804
18.1484
18.1999
22.6478
19.0678
18.7485
21.041
17.1535
19.6724
23.8128
20.4915
28.8833
24.2336
17.696
25.9472
15.9988
25.8149
16.4603
21.3862
15.9806
17.4387
20.473
22.0828
20.2378
15.5664
18.3006
17.2025
15.9646
17.5356
14.6689
26.9721
28.5438
20.2535
23.2153
18.0077
18.5485
17.9518
17.8256
20.5801
27.6257
19.6499
27.0928
16.6453
15.7953
17.6604
19.7149
15.485
20.5449
16.1137
18.9894
24.4418
15.7825
21.9203
18.8733
16.9195
21.1298
18.4908
21.3691
28.2615
19.037
27.9211
18.672
19.2203
26.3858
26.5766
26.1268
20.4516
28.4626
16.9492
16.8021
10.4415
11.3247
16.0322
27.9052
20.2074
28.7967
19.9319
23.972
15.8892
18.4238
23.9924
25.5805
26.4363
17.5286
24.5466
21.7083
18.9349
17.9709
20.4222
17.9705
15.266
26.0113
17.7053
17.3683
20.4149
26.6516
22.202
18.52
23.6071
17.4019
18.7578
26.7911
18.7864
20.6746
18.3406
17.8171
18.6141
15.9824
24.0082
19.5094
17.8969
18.8396
19.5747
26.9877
23.3137
17.3936
17.8422
31.6564
20.1849
18.912
23.0442
17.8426
19.2346
17.8709
18.6139
28.153
26.1157
16.7149
20.2014
21.1433
15.7272
19.6197
14.7242
25.1422
16.6927
12.2732
23.7261
14.1566
22.0421
13.7486
25.3761
17.7987
14.3707
20.9834
15.7205
22.6528
13.9877
14.7881
19.6075
21.521
14.2382
17.0907
15.2178
15.8406
15.0279
22.6885
15.077
15.7975
19.004
22.4081
15.5754
24.9634
15.4399
24.1841
17.3389
15.7395
16.9168
15.5562
19.3718
14.2236
18.9709
23.866
16.0942
11.9533
14.3831
20.6424
18.944
15.2297
16.2753
13.6028
15.2474
16.3255
17.5088
18.2453
15.3556
16.8082
13.7624
17.7392
20.4281
14.0742
21.6254
23.1302
15.4637
13.3444
18.9561
14.3995
18.393
15.4905
13.2002
23.0596
13.7245
11.8773
17.6289
16.0478
16.7469
14.6171
13.6607
23.8068
14.6425
15.4791
27.1484
22.4758
16.2895
16.9125
25.0398
16.9689
19.8443
17.3467
20.2227
19.782
22.1781
23.761
19.5725
22.2269
19.567
19.5663
20.8905
23.9252
20.2991
29.3465
23.9673
25.7685
19.1568
24.4285
21.015
20.5071
28.9255
22.1636
28.4606
28.6614
21.4747
28.2777
19.5125
24.1991
20.8266
23.7063
26.8867
21.9398
20.472
21.0134
19.3033
18.0004
18.2952
20.0038
29.3753
22.4705
24.604
18.7686
19.945
19.2282
20.7455
19.0921
19.9898
17.8266
18.4723
18.8738
15.7658
14.8076
17.8641
14.5145
8.79402
10.684
20.1553
15.4302
12.9624
24.2408
17.0023
15.3685
16.8999
16.9537
17.508
21.6719
17.3796
15.3128
22.0363
26.0965
20.5823
24.2893
15.9152
22.7496
22.3028
17.8712
24.2745
17.9415
19.3875
16.3926
19.1734
13.7742
24.9092
17.8543
15.8536
15.388
17.1033
15.7647
16.4452
15.2483
13.6803
19.6883
14.3915
23.0446
14.9774
20.3982
16.6887
15.5889
23.8529
21.2863
22.6773
20.6405
18.4826
19.1044
16.9163
17.5379
18.6969
19.388
16.303
17.4481
15.9976
16.618
26.2124
19.5306
20.2469
17.4205
27.7462
19.1795
19.1378
26.0342
20.3999
19.193
22.2533
18.0959
13.182
14.6324
15.2423
13.0765
14.7055
14.8235
20.2554
14.9866
19.4923
24.4758
22.8307
16.3242
21.6737
22.6322
19.2516
16.9543
15.2866
14.4547
24.6909
13.4484
28.1414
17.8032
16.1259
15.5679
25.7239
17.1863
16.0545
14.8804
23.5673
17.6797
16.8191
14.4184
18.0319
21.5616
20.0931
24.1081
17.452
17.0874
17.6521
20.8305
23.1475
25.469
16.6318
16.0952
17.0583
21.0549
19.0092
16.7179
21.5167
20.4245
31.8906
29.1706
22.3884
40.2414
27.4865
29.5887
25.939
22.4339
24.7293
41.1409
26.1252
21.0671
29.8758
29.3786
19.2841
22.1859
24.0179
19.071
28.4693
22.7853
20.7157
17.3299
18.0908
15.2607
14.4635
23.7918
24.094
14.4766
25.8791
18.7608
19.9663
21.6928
14.9746
25.4542
15.3164
16.8883
15.0661
24.5662
14.7719
15.2957
23.4756
14.3702
23.2453
15.3349
16.2486
23.9584
17.1155
23.2685
19.7423
19.3333
17.8953
22.4668
16.6345
29.0571
25.2663
27.825
15.3945
19.5918
15.8962
27.6583
17.2438
15.0688
23.5779
20.5685
13.7294
20.1877
14.6686
14.4565
15.6806
16.2157
22.1075
23.2869
17.1316
13.9154
17.4801
18.4245
21.3186
22.3907
17.6937
24.1664
15.6195
21.7609
25.7566
16.9458
15.7383
18.1962
22.7073
17.4354
16.5977
24.8242
15.4963
17.8662
22.8758
18.829
13.3246
11.7031
19.2979
17.0825
22.8967
16.5942
18.4173
21.3435
18.8668
19.9475
11.0734
12.5604
16.901
13.2484
15.1692
21.4915
16.8703
15.4061
15.7079
16.2648
23.3801
24.7419
21.2236
17.7903
22.7377
24.7114
24.8918
19.1263
25.1716
21.0047
21.3491
16.7846
21.0488
16.2906
24.9165
16.4119
21.408
19.789
15.4515
17.6423
14.3019
16.596
18.7222
21.0647
18.1051
17.7194
15.144
19.2281
16.2487
14.0291
19.3779
17.6348
15.9465
20.909
17.2764
21.2941
15.3872
14.8251
17.0954
14.573
18.4106
17.2727
17.9286
16.8896
22.427
16.3676
21.8086
16.3625
21.5111
19.7753
18.3172
19.3119
22.6855
20.1975
19.4324
16.0205
19.7085
18.9331
16.9338
26.4835
17.0649
17.0277
16.8897
24.0266
20.2657
15.988
20.7438
18.7127
18.3033
15.2062
14.9733
14.3141
15.8333
13.8286
22.9087
18.3454
15.9419
19.3727
18.153
21.6045
22.733
23.2922
22.7968
18.3648
22.7741
18.3172
15.7518
15.967
15.7497
15.557
16.4447
15.6588
23.7566
23.1534
15.0083
13.4141
13.4653
17.7389
13.9632
16.6621
18.9316
16.3055
14.2307
23.2111
13.9379
16.3752
12.8067
23.0667
16.5892
22.284
17.6187
16.3642
16.2256
26.6498
17.6625
15.2312
12.4618
15.4771
14.0011
15.151
20.384
13.6443
14.1356
13.6594
14.26
12.2355
15.559
13.9008
22.5923
15.1106
20.7711
25.586
17.7184
25.9748
16.0217
15.6535
18.0936
14.6445
17.9164
16.0989
15.6913
23.926
17.5984
22.077
19.8219
17.4794
17.9602
16.0758
18.1745
20.3042
17.4416
19.3316
25.6791
20.371
24.2645
21.5395
20.2581
19.4448
24.672
18.9476
23.725
16.3736
17.8698
16.1933
18.1596
25.2175
18.338
16.9905
27.1325
18.191
17.2096
22.3384
27.7537
15.8232
23.0765
18.3722
15.7694
18.4997
17.3024
22.8043
24.6333
23.8241
25.8799
19.331
18.2969
16.9297
18.3259
18.9458
19.8491
21.3928
17.1565
19.3981
22.4723
16.3938
18.3157
27.6369
14.1632
11.9081
14.5719
9.93457
15.332
19.9152
14.9559
13.6026
15.959
11.692
19.4962
16.3464
22.4642
15.3689
24.5224
16.8856
14.0167
16.8384
24.6714
20.6647
22.8105
16.3083
15.1089
21.5466
13.384
18.9597
14.9702
16.7048
15.5559
21.2815
18.4883
15.5017
17.8969
16.2019
26.5927
17.15
17.4369
20.1568
15.362
14.4373
13.9886
15.2536
13.9557
19.5888
15.5973
16.1882
16.4522
22.0395
16.4815
19.1167
16.9657
22.2065
18.996
18.7938
19.3075
16.5005
17.431
15.0649
21.931
25.3663
17.4213
17.2722
28.1075
17.7865
21.5566
16.365
18.9719
28.2377
18.6297
26.4472
16.0263
21.1494
15.8139
22.9299
15.5161
23.128
13.2462
19.3379
12.8896
15.0555
19.7047
14.6007
12.7479
19.2487
17.7535
21.8254
25.2706
18.9388
21.6208
15.6219
16.8492
24.0379
20.4167
19.2995
15.7839
16.1567
24.5362
17.4791
15.7057
20.1218
23.0657
18.8996
19.2152
18.5231
33.0045
14.8832
26.5377
18.8685
22.2562
17.7015
15.7276
27.975
18.8762
19.4364
17.8287
18.8921
15.8968
15.617
17.495
17.1994
21.9289
16.9697
17.9514
18.1365
14.6229
15.9972
19.0826
15.8077
24.0755
17.784
16.2374
20.9834
16.6165
22.1602
16.0788
15.6512
16.6564
21.3091
16.046
15.1889
21.7596
19.1685
16.4118
16.397
15.1674
14.1758
22.9287
20.407
17.0265
25.4518
17.0428
16.3615
17.1898
18.4352
25.1772
19.4336
26.7704
22.6073
22.2213
16.5084
26.7614
18.9361
17.2799
18.7364
17.2276
14.279
15.2682
15.2385
28.4005
23.4716
14.7372
18.8866
16.2524
16.6063
19.8216
15.6809
18.6657
20.1952
16.8144
21.9613
24.7707
23.7393
22.1651
18.8903
19.381
18.0296
12.3235
18.3962
19.2902
13.4606
15.7935
13.0331
18.2463
13.779
15.7487
11.0709
10.5673
16.0312
15.2925
14.4113
13.4625
24.8621
14.0255
16.1197
13.7197
20.456
12.7915
13.7418
13.5271
14.8648
15.4982
14.9498
19.2085
24.4696
15.1252
25.7744
15.5219
19.5147
22.6431
14.0823
12.8067
14.9335
18.8013
14.3872
18.2854
16.1263
22.9495
15.5406
16.8944
18.9957
17.0475
15.8444
17.2908
18.9127
15.0789
22.5407
15.2679
18.8583
15.8799
19.0744
18.1874
27.1509
25.0673
21.8569
18.5281
19.4759
19.0025
25.7548
20.3542
18.4057
27.0464
25.7994
19.276
15.769
16.7725
20.5392
14.0118
18.5882
15.5144
15.0863
13.9073
26.7887
16.7854
15.3394
18.0879
14.2286
20.4274
22.1993
17.613
16.2415
28.3111
17.0516
23.6903
18.9458
16.8053
19.5645
18.1429
15.7707
19.4052
28.6017
20.2058
19.0477
26.6299
20.5732
24.7646
15.7059
15.0122
16.1137
21.8433
17.7743
16.1424
16.9801
20.9615
18.1917
17.0136
16.2019
23.9084
17.3725
16.3885
18.7716
21.416
19.0581
16.9727
16.589
19.5661
24.3079
23.9006
21.2599
22.1325
23.4159
34.3142
22.2048
21.7147
21.1526
22.6758
19.9727
19.4645
18.7983
33.183
19.3321
22.5788
18.6423
26.3874
15.702
16.1441
20.1222
16.5001
24.4146
17.0712
18.1252
16.7743
21.4104
15.7567
14.4131
22.84
13.6572
14.3924
18.1978
14.4956
24.5433
20.7168
15.1719
16.0455
15.0823
13.497
16.2385
13.8622
16.2982
16.0598
17.8865
14.8688
16.5259
25.1893
24.7931
24.7565
18.6977
20.8329
17.2844
16.2101
17.7455
16.835
26.3818
20.4899
24.5586
18.1456
24.5322
17.3822
28.2407
19.6895
19.0426
15.7907
23.8519
16.9763
22.01
22.7795
20.0682
17.7217
16.7577
19.7926
19.4498
17.234
17.5476
16.6758
25.1728
24.3741
26.3931
16.4089
18.6463
25.9049
21.827
25.7159
21.4049
14.4871
14.9536
12.6376
18.4974
22.8844
17.7926
16.8453
14.2703
13.1664
12.6342
9.99497
10.2147
12.5044
15.3784
15.5042
18.5772
25.5115
18.3718
22.5363
15.7493
20.3349
18.7816
18.99
18.6815
24.3739
20.9679
18.893
21.5957
20.8903
21.2861
17.5583
19.6193
23.0018
23.8231
23.4616
22.1463
21.0994
27.752
16.8409
21.9897
17.5991
16.2375
14.8122
13.8165
13.2742
24.9091
23.6101
14.9806
16.4853
13.5041
23.6942
15.9966
14.0443
18.7466
13.25
16.9294
15.5431
16.6711
23.5058
15.1219
15.7135
24.8516
16.608
17.719
24.8784
17.1515
17.9107
15.8005
23.9133
15.6314
17.4022
23.1899
18.3543
14.7316
17.7225
18.1916
16.9483
22.6291
19.2483
22.6332
15.792
15.3542
17.0105
13.3027
14.86
25.0711
16.9697
22.7158
15.5405
20.8675
15.8018
15.3438
15.6774
24.5701
18.0975
17.4688
22.1755
16.2406
13.2922
14.1604
24.9245
19.3817
12.9168
22.1604
17.7499
14.4634
14.7535
17.1322
23.5391
26.3423
22.11
19.776
14.1654
24.6759
15.6853
25.9751
19.1697
18.4139
20.8117
14.1481
13.8528
22.0141
15.7392
16.9154
21.0726
16.4407
14.6535
14.9149
21.6678
15.5955
24.5185
18.8702
24.0532
19.1669
26.5665
18.4266
18.2644
15.6796
22.275
23.5908
27.6297
20.5993
19.9609
16.8072
17.376
23.1285
15.4582
17.25
18.8359
19.4259
16.8103
16.7401
17.1202
19.0646
23.1331
16.4581
17.3396
17.2255
16.7024
18.1021
16.4873
22.5037
18.7507
17.7779
19.0668
14.5144
16.7472
20.3378
18.2863
17.6733
16.1611
16.4376
17.3188
16.2223
17.3769
16.6934
15.0084
14.0596
16.1737
14.7127
23.9083
16.462
15.0457
13.254
25.4164
15.6886
15.7171
14.7942
15.3412
15.7723
15.8569
16.9159
14.1889
18.9616
19.5539
16.7037
25.0096
16.6623
23.9307
24.5798
18.7107
16.6714
15.2191
19.7017
16.4596
17.6416
19.0891
17.0085
17.0738
15.3128
18.1955
15.4549
17.4015
15.7416
22.9983
20.39
12.1024
16.2909
9.9401
12.3283
15.2969
20.0851
14.3706
16.09
21.7359
13.2603
20.6592
16.4119
20.5224
14.092
22.0834
15.2729
22.7669
17.8077
21.0819
16.7878
24.397
16.7606
26.5929
19.7468
13.5894
12.2253
22.3618
15.7739
13.2937
20.6072
21.7109
16.024
15.2541
15.8474
14.96
17.4332
14.4739
14.4434
21.3543
14.7957
15.818
16.9761
14.7578
17.3914
19.6081
16.1273
14.8411
15.9261
21.4774
16.4837
22.6761
21.4564
16.3449
26.5328
29.6316
20.9811
19.9289
18.1447
22.7533
18.2704
33.4119
21.4389
17.8663
18.6217
21.9292
19.4696
15.6197
15.6759
16.1434
17.6569
18.5776
18.9483
17.7153
15.2075
16.3452
14.1904
21.7789
16.2202
23.0187
16.6613
18.4624
13.8134
18.9487
19.1737
14.8252
16.5275
13.5879
20.5885
15.5117
25.7521
16.1308
19.2715
18.3165
16.053
17.0244
15.4069
22.1563
22.148
24.2227
14.9723
15.9482
13.392
25.893
18.986
14.026
18.8732
14.3864
13.6584
18.4648
15.3698
13.6973
17.7142
12.5862
13.8125
12.0147
15.6224
11.4794
16.8704
12.0362
11.4673
17.6404
12.7185
16.6407
16.0204
18.4057
23.3045
16.5367
13.5537
15.1546
16.5016
17.1586
15.512
13.0152
17.5812
15.952
15.3065
15.6898
28.9081
23.0668
22.5127
24.4505
14.5895
22.0828
17.0928
23.1079
19.2177
14.7747
12.728
19.4773
19.3583
20.4815
21.9895
14.6296
14.2402
12.5527
14.8432
21.0234
14.0625
20.0555
12.6686
20.5404
16.9711
14.1467
15.6898
15.9825
20.9234
19.6193
23.2058
24.0841
18.7509
15.0983
21.1944
19.3949
19.3896
15.5147
18.9597
19.0019
13.8685
16.5235
21.0684
13.1272
13.707
13.8213
13.7387
12.9916
15.8342
13.2491
17.447
14.6143
18.687
23.478
19.6991
18.2319
22.9967
21.1161
17.2148
15.2431
17.6472
16.9836
10.0204
12.1522
13.549
14.4123
25.269
27.3216
16.9974
14.9085
22.0688
15.0811
15.1084
16.5656
17.9624
15.6171
21.8404
22.7528
20.5139
19.3595
24.5631
15.6334
19.8521
18.831
17.5312
21.2357
17.0498
17.7663
16.1036
19.2317
27.9681
24.0837
17.2394
18.654
19.3154
20.3749
18.7257
20.0187
20.1427
24.9871
16.2728
18.667
15.0692
22.5571
15.952
21.412
18.2149
12.7859
16.0537
13.3779
12.9353
18.432
24.2979
18.4256
14.6496
20.1327
14.3289
15.4888
18.7181
14.1228
18.694
14.0785
20.6239
15.2552
13.4294
12.3318
15.6839
14.9242
16.6452
22.3554
17.1816
25.8831
18.8061
17.9388
17.7169
21.9704
16.0501
17.8792
15.5137
15.9584
14.38
14.8537
20.9644
14.8589
24.6032
17.4611
14.0541
13.3088
13.14
21.4251
14.9062
16.6103
23.9058
14.0993
22.9778
19.1784
24.1119
20.8162
16.0533
19.6385
17.4097
26.3064
14.3662
22.7745
14.9306
20.1561
17.5274
15.6739
20.2952
16.6347
14.9527
19.9697
16.5003
17.5822
15.0419
14.4618
17.1992
14.1635
21.2181
21.2276
15.1365
17.8705
15.7565
21.7141
16.5806
14.8809
28.7737
18.902
24.2001
17.1148
20.2675
18.338
21.8688
21.0645
16.1979
15.9101
15.9933
21.8617
23.5918
15.9636
15.251
18.746
16.0182
18.6309
26.0765
18.6304
19.9978
20.6175
18.1858
21.7083
21.6241
18.9173
15.8231
16.668
14.6736
18.8686
20.9849
16.3291
20.7663
21.2803
14.6217
20.9351
18.9049
16.0281
24.4522
22.0882
16.4194
23.7625
14.0145
18.5877
19.7543
15.948
19.4289
14.5648
14.2269
22.1251
14.093
14.2852
12.6946
13.9842
14.8603
14.8243
13.8999
19.7421
17.7453
15.6166
24.1366
14.9238
15.3455
24.4366
19.8398
12.0657
13.8963
18.3445
12.8351
13.8838
12.064
16.441
13.6018
14.6446
15.0989
13.8019
19.4905
22.7844
15.2804
20.0592
20.4679
16.8744
18.0185
16.4022
13.3344
16.5118
16.1423
16.7099
17.5081
20.8514
18.2093
30.9227
23.5357
22.2542
24.0355
21.3284
19.1238
25.8011
18.6781
16.8889
22.6223
23.5523
16.8007
22.1335
15.5653
15.8357
17.1943
22.7414
18.2963
18.4508
16.5843
16.5829
17.9386
17.9964
13.5271
14.9099
19.8532
13.3719
15.5604
14.185
14.1007
23.0337
13.4342
15.0406
22.7593
18.8067
15.2334
16.9185
14.2474
19.6146
21.5345
23.1353
14.2143
22.1835
14.7443
23.5852
17.2776
16.8453
16.9133
25.1509
21.5982
20.4053
25.3089
15.9823
24.0082
19.367
21.5016
24.8379
24.6604
18.5125
20.661
17.9003
19.7771
17.9042
20.6964
22.4125
23.5997
20.0795
16.0603
15.7949
16.1994
16.6487
23.8192
25.4243
16.3259
18.8475
15.9315
16.7015
14.3438
13.737
13.2714
13.7285
14.0709
21.5791
13.3631
24.0678
20.1011
22.2026
17.3963
15.2522
13.2799
14.7003
18.7006
19.9376
17.1694
18.5511
14.8764
22.0672
23.3256
13.978
23.0361
16.3537
15.3923
15.0895
14.8583
14.9487
16.5209
15.732
14.579
23.4562
17.2691
21.4881
16.4108
16.3242
17.8496
26.3554
16.0401
19.8057
22.1164
17.4826
19.2279
19.2831
14.6561
21.9497
22.723
26.0064
20.1511
18.8166
17.8727
16.1798
18.1726
15.0079
16.7865
25.248
17.7902
23.5534
16.8056
20.9861
17.9632
18.0496
16.2094
17.1096
25.3015
14.7941
16.9917
20.2804
15.7528
14.2853
21.3951
14.0267
22.8552
20.9355
19.2951
14.276
25.875
17.4301
22.0658
24.6319
15.3303
20.7224
17.0998
22.2962
17.4568
24.908
18.3476
17.5829
18.9607
16.2794
18.4774
15.6961
22.6853
23.0098
16.2495
17.3857
15.6558
20.5777
15.9641
28.5258
16.4325
16.0389
17.5515
16.0017
21.1876
16.9567
17.1885
19.6749
17.3624
19.7895
20.1531
22.1695
36.5691
17.897
20.2405
19.5509
23.1612
19.6568
29.5846
28.44
21.4383
24.6181
19.9877
20.8148
24.8302
28.776
19.0242
26.9046
20.5955
19.1401
20.805
25.7598
16.3418
18.3441
19.9033
17.1208
17.652
13.7182
23.5135
12.1643
13.5328
18.4743
16.8361
20.0511
16.7033
12.0276
20.6392
20.2091
15.5288
13.8316
21.2551
18.2916
15.4557
18.3976
24.218
16.4767
19.8604
16.1369
16.1017
21.7265
19.3132
23.7149
18.132
20.8929
17.8162
24.2156
16.9942
23.3129
16.1062
22.6859
16.7148
22.1454
23.9432
16.2989
22.4468
28.1059
17.3759
23.1066
26.5792
16.1157
16.8246
14.722
17.6281
16.4583
21.9654
26.4824
19.4394
23.7157
18.7592
16.5849
21.3475
20.3068
20.6589
17.3485
18.1962
19.5064
22.2824
19.1343
12.621
16.1274
12.5087
13.0725
13.9341
13.0326
21.8069
20.7402
16.5978
23.2508
17.1143
15.0344
15.5678
15.8133
23.5112
18.2279
19.9775
16.3491
22.9905
17.8388
19.5568
19.782
21.7631
18.5346
19.8129
19.1257
16.4227
15.4916
17.4005
29.903
17.4359
18.0861
23.1349
25.2633
17.4126
24.7797
17.0551
16.8682
15.6286
15.4573
16.9503
13.5898
13.659
23.7918
22.8039
15.1927
21.6177
18.1106
19.2719
13.4192
22.0313
19.5082
16.3027
15.2504
17.734
15.4968
25.1376
15.7094
15.1427
26.0041
13.553
24.3918
22.5586
22.7947
22.2794
15.2291
23.9916
16.2057
22.1858
20.3309
13.9119
14.0585
15.705
14.5626
20.4216
18.6397
12.518
15.3389
13.8402
11.5507
14.519
22.8324
13.3239
15.0333
16.5065
15.6688
24.0853
17.33
15.5268
16.5185
15.8869
19.675
23.6379
18.8572
17.6267
17.9583
19.6044
14.225
21.8307
22.743
21.1648
16.3991
17.1465
13.4308
24.006
18.5623
15.1548
16.1466
27.1324
17.318
26.6196
33.0383
16.8951
23.3046
17.7663
22.5034
15.5471
15.9996
12.6262
10.4989
15.2098
24.9735
14.4646
26.5139
19.4229
19.7612
19.3484
16.7523
15.6699
14.7807
20.6294
15.1722
20.5571
17.7685
16.3695
18.7954
19.2458
15.5339
22.7462
25.9712
19.8462
26.3103
25.5869
18.738
22.2179
16.9644
25.6156
16.4698
17.4522
21.6137
15.8382
17.3683
15.5995
21.6732
14.7778
22.63
25.2043
22.7271
21.3526
13.3989
24.1854
18.0694
21.1452
16.7062
18.5547
19.7985
16.7613
16.9912
20.4289
18.3819
19.142
17.112
17.5567
22.114
21.091
18.8082
23.1463
23.1285
23.1701
17.6282
19.3323
15.1671
16.6249
15.8635
22.1901
15.834
12.008
22.7482
14.9285
15.7003
21.8523
26.2596
21.0017
27.2561
15.7061
20.7438
14.673
14.9607
17.582
16.9555
15.0483
20.8408
16.8587
22.1744
17.7658
17.5298
15.4854
17.3845
14.1583
15.2744
17.6003
16.1691
31.2514
29.5085
21.2358
18.435
16.1437
25.1072
17.4821
21.1264
17.1432
15.5008
21.6045
15.5017
17.2404
19.4576
15.0798
20.5313
14.2479
21.9915
23.2288
20.2699
16.7538
20.2343
17.7239
19.0954
17.8184
19.4554
22.3313
22.0371
17.4583
17.2223
27.057
19.0005
25.9606
19.0245
17.7431
16.2424
19.5828
21.7161
17.3326
16.0378
17.8195
26.4282
22.6075
14.9666
18.7415
17.3094
14.9495
15.7941
17.2241
24.5054
15.1968
18.0598
18.3141
14.7956
24.059
17.7624
25.444
20.9884
20.1378
18.7022
18.9365
16.656
22.1465
19.1231
16.8718
14.3004
16.6956
24.575
18.9051
23.4956
22.7001
16.78
18.5956
25.0437
17.1679
18.9485
16.4066
16.8647
22.6713
16.0983
16.7968
27.0698
20.4567
29.9411
15.4383
21.8142
18.1921
21.2742
15.3366
19.741
16.5653
15.6092
16.5591
18.5101
20.5093
18.4738
25.2321
19.8084
21.8751
31.7656
13.7908
17.8431
20.5074
22.0087
25.9498
28.0739
19.2453
19.9675
29.8528
22.4209
21.2744
16.5698
21.9185
21.3353
16.271
17.5557
14.7569
27.0599
22.4794
16.177
18.9367
14.4128
21.9484
23.1184
22.0134
20.7647
15.5496
16.0988
18.0708
16.3183
22.6164
17.5626
19.3284
15.9229
18.7222
17.7794
22.5754
14.4407
15.2431
18.021
18.7949
15.7966
16.0953
23.5567
19.6887
14.7101
13.2744
13.4262
20.0234
16.5497
18.1244
16.4666
18.8121
16.6618
16.7971
15.9664
15.4807
20.2777
16.4353
15.5626
16.1831
16.1027
16.2816
24.342
18.8805
16.831
18.2302
14.4415
17.6024
17.1211
23.0138
17.638
18.0611
16.3432
18.0826
14.2777
22.5235
16.9478
15.0081
20.3873
20.552
20.4479
14.4034
16.0363
16.4123
14.4701
22.6604
16.6588
17.851
21.0113
18.4377
14.9754
16.3795
16.2845
13.2672
22.9323
14.8027
18.3832
16.9804
19.9625
16.252
23.8869
17.2084
20.36
19.6148
17.4829
26.6982
21.4675
14.658
17.0658
21.1534
16.9729
19.0698
24.2734
18.1925
15.479
14.2584
17.5827
14.5578
21.7814
21.3982
17.5854
14.5348
14.6635
14.3205
19.5552
15.7581
17.5632
17.2972
20.2673
14.7006
15.4557
28.1981
18.0077
26.0744
31.464
20.3951
17.5693
18.9885
17.4251
20.7962
22.1487
17.069
20.6248
16.1159
17.6599
18.5645
26.679
23.152
14.7473
13.91
15.054
15.1756
14.5664
13.9019
21.8206
17.9349
21.8913
15.7543
20.7999
13.1072
14.2149
19.8062
15.0624
17.1433
21.6951
16.4714
16.9065
23.6356
16.1565
20.0385
16.5874
12.9878
14.1645
16.837
14.3869
12.5303
15.422
15.4501
23.4917
19.0478
13.2844
23.7278
16.9739
21.8775
15.5165
20.1549
19.4961
16.7624
15.6287
20.4102
18.5943
14.8621
23.1554
16.5939
14.9372
23.4728
15.1556
15.4776
15.4663
11.0786
20.8603
12.3186
10.7022
10.3503
12.0293
20.718
15.8288
19.1277
14.3421
17.9492
16.1486
14.0046
17.243
23.5623
21.3977
30.7597
20.3224
18.2808
18.0852
18.2131
18.1304
17.3853
17.8867
22.2601
24.7023
18.7983
17.8578
20.2384
16.6136
18.9866
17.0765
18.6187
15.9435
15.4143
19.2664
13.4731
16.7147
22.7834
17.7575
14.4652
17.2288
23.0755
15.8749
19.1339
13.1277
17.474
15.0953
14.629
26.6398
15.3307
16.0261
19.9109
19.6634
16.907
18.6156
20.2696
18.617
28.911
17.6816
28.0016
25.34
19.5907
25.3058
24.876
16.7468
25.552
23.3385
27.4222
21.8523
18.1481
18.4681
16.4188
17.574
23.7753
17.1234
20.6837
19.8549
20.5722
27.9434
18.6873
19.4743
20.5462
16.6068
16.947
24.3847
27.4671
22.605
20.025
27.6351
16.8782
18.9267
28.4787
21.7026
16.8656
14.7124
22.1784
16.8271
15.3382
15.7522
23.4916
14.3796
14.6799
17.1794
15.9648
17.6296
16.4578
26.6618
17.9231
24.7593
25.7284
27.253
17.2252
18.2873
15.8269
16.0111
16.8488
15.4312
13.9028
16.0464
21.2727
16.5104
15.2526
19.1181
15.0712
12.3538
13.0844
18.021
18.1404
19.9398
19.1772
22.2854
19.0953
19.4889
16.8569
19.0257
18.785
19.3821
23.4521
25.5852
26.6742
19.3186
21.6474
16.5232
18.4788
22.3246
20.9645
21.7477
15.8983
22.38
13.103
13.0622
22.8626
13.2139
13.7101
20.4999
13.8891
21.2882
15.6651
21.6871
20.7162
17.8647
15.1688
15.6297
19.4975
15.9212
26.0761
23.9114
18.0966
16.1166
17.3121
18.0752
21.4167
20.2353
16.747
18.1662
23.5317
21.6567
23.9631
17.9067
15.223
18.4542
18.7597
19.1647
17.7956
18.242
29.5289
25.3153
19.2807
26.5631
14.8669
17.2499
20.4243
25.1844
19.847
20.9622
13.1447
11.867
12.1846
13.0045
18.5269
20.4453
17.0364
19.1246
26.8786
20.8549
28.3899
26.2939
22.059
21.932
20.299
16.5879
23.0209
15.9644
18.3245
14.9212
21.5023
17.1273
15.4819
19.2043
17.6288
16.214
17.0642
15.5062
17.3979
17.2384
15.4132
16.2944
15.4043
26.1352
17.382
23.3049
19.3061
14.1814
15.7166
13.6304
14.1111
14.1684
17.7063
16.3612
14.8932
17.7069
17.1011
15.3464
15.4305
19.0525
23.0093
18.853
17.3217
16.6982
29.3412
22.028
27.4223
21.1859
22.7997
18.5572
19.2605
18.0856
32.5665
12.4936
13.1623
16.5278
19.3153
14.6432
17.08
16.0136
25.2903
19.3194
18.4526
20.0351
24.507
17.2875
23.0313
18.8448
15.2674
17.7199
13.2487
14.4564
25.4898
19.0399
16.8059
25.103
17.646
21.3058
20.4409
25.3919
13.8141
17.5766
25.8018
20.3229
19.2588
21.529
23.0137
16.7949
20.1815
18.5715
28.7447
16.903
17.5115
14.6933
16.7672
15.4404
15.0029
14.5058
14.7097
18.0967
14.9254
19.2056
16.5431
20.1966
14.2356
15.5266
20.4287
16.568
20.8552
14.8181
19.7495
14.3944
14.9382
24.0722
14.4019
15.7653
14.1371
13.9853
14.7748
19.1698
23.0092
16.2434
21.9566
15.4586
28.2004
14.2336
19.3242
15.1552
18.782
17.985
16.9135
16.0265
18.5047
24.4642
17.4436
28.403
20.6927
19.8408
22.3575
17.6705
25.4575
16.7472
19.6806
18.878
23.0806
20.5721
19.4592
29.9527
19.6756
17.2374
16.4938
19.1243
13.6343
15.1789
15.8156
15.173
22.5883
16.9036
16.0468
15.6612
18.6214
18.7373
23.283
18.7025
12.1752
18.8061
12.668
14.1319
14.5309
15.5573
16.7484
15.8986
15.2042
18.5057
13.9992
21.0927
15.7577
10.9387
14.766
21.0426
16.0719
14.019
14.2071
13.8614
13.3734
15.7999
14.9753
15.6753
19.5827
13.4579
15.9242
12.1642
12.2228
16.3358
12.2223
14.7086
20.6511
20.1051
15.42
13.2725
13.3437
17.6263
12.6774
23.7527
12.5786
8.96687
10.086
23.2166
16.0483
13.6385
14.5856
18.0092
13.8832
22.1453
17.5056
26.6971
15.0859
29.8972
21.0489
22.6247
13.6361
18.6451
17.2805
13.2752
18.5537
15.6468
25.2878
25.0636
22.1751
23.4497
16.0418
15.599
14.4403
18.5323
14.8573
17.9629
16.5305
24.4025
16.2702
17.4815
17.5959
19.4712
19.1869
16.8031
17.3484
21.1362
22.1777
17.7085
22.4849
17.9321
20.1974
18.1068
20.1202
26.3863
19.8387
18.6241
19.13
22.4133
20.2448
17.3175
24.8321
19.3687
15.5932
17.3705
13.783
13.4812
14.2363
15.4706
18.4299
15.1371
21.5778
13.5217
14.7266
17.6394
15.7231
13.7507
16.4154
14.8381
16.1804
15.7029
14.8265
14.9324
15.216
14.3123
15.2634
16.0244
14.6561
20.8713
16.1998
14.6095
14.7169
14.7877
13.3661
14.1388
17.2984
23.7536
22.0526
18.8477
16.3914
17.6698
16.1043
15.3429
16.1736
11.6186
13.8367
22.5734
15.4383
15.5272
15.8271
17.8242
14.862
13.3472
16.5855
17.6773
14.5446
16.4878
15.1556
13.4607
11.3043
17.6211
16.1056
14.5497
12.7462
13.4922
11.4749
15.0643
20.8914
14.0259
18.3899
15.19
16.2394
14.8221
19.1119
22.4102
17.951
20.7675
17.6013
20.6388
24.3513
25.5617
17.8686
19.3807
15.9472
20.9334
15.6619
17.6728
16.2791
24.3321
19.593
21.4679
22.1054
20.3096
23.0029
18.4288
20.2105
16.5325
17.6811
23.6551
18.8509
21.3854
19.2984
18.5772
15.6153
14.3147
16.5422
15.6359
14.0466
21.1328
15.5498
16.0133
22.7691
18.1114
14.832
13.9536
19.8359
15.9879
17.6861
13.4447
21.1879
13.9033
16.1173
24.3607
16.9249
14.3564
19.3689
26.6922
17.8249
16.3174
14.5631
17.8775
14.8944
19.5832
25.2122
25.9027
22.4457
23.1246
23.7137
16.481
18.3386
17.8398
21.5752
26.2072
22.4322
23.0719
19.6975
22.5178
23.099
14.878
13.045
17.5056
26.0679
17.0976
18.0253
17.261
17.5035
24.2467
22.5252
16.046
14.0972
24.4799
22.8175
14.8046
15.4961
14.8778
22.0764
15.7257
26.0608
20.6271
17.1936
15.4652
16.4187
18.2239
16.9959
18.3248
15.4689
16.2638
17.8232
17.0132
20.0614
19.242
19.7976
14.5025
20.6861
16.3246
15.3787
22.232
15.1681
13.0273
20.9929
21.084
15.5415
14.991
17.3571
17.6103
21.767
16.7453
19.6013
16.9212
23.317
18.739
19.1092
20.3535
15.3778
21.5376
15.089
14.395
16.0719
15.1642
16.0883
18.017
16.647
13.3961
17.6542
14.1411
22.0623
19.0878
21.1161
15.026
21.6851
17.2743
12.8765
14.9152
12.4596
16.583
14.4071
13.6566
21.8001
23.134
14.9298
16.4646
16.2742
18.3883
23.3091
17.2206
15.3892
13.3542
15.1441
18.0929
15.5101
22.7547
13.8728
17.8835
18.0657
19.804
17.574
24.7017
15.9472
16.2412
19.2108
14.6767
16.8419
21.6434
14.387
26.1004
16.3392
14.9515
19.805
14.7977
16.4176
15.4148
19.1796
22.1655
17.7332
13.7446
21.9931
15.1246
17.3209
17.7251
15.8046
15.3126
22.7317
17.3849
19.1577
22.4845
15.394
15.7769
24.8658
19.996
16.0461
23.9874
15.3519
15.3669
20.9639
20.7058
17.2147
20.58
20.0908
13.6154
13.612
18.5595
23.2614
19.4609
17.2162
14.2611
18.7894
17.189
18.555
15.2781
22.9285
14.7912
18.2989
12.6713
14.1195
20.9054
13.1824
16.0102
13.6972
15.7107
15.3938
17.235
13.3035
19.0727
12.7079
15.3965
15.1134
12.9092
13.2942
22.2992
15.0886
17.3856
18.6865
12.7333
13.5099
16.3327
13.7151
13.0404
19.2459
15.0165
14.3071
16.8438
15.1093
20.6081
19.485
14.519
22.6637
18.6076
18.4756
15.0582
16.042
14.4615
18.1827
13.7166
13.1839
18.8207
12.9432
26.8858
14.9973
10.4157
13.6653
17.172
13.8596
11.1753
11.7058
15.7034
19.8599
21.2398
13.6236
16.3218
17.3933
13.5414
20.649
16.7946
14.4731
16.748
25.0077
17.3273
15.9736
23.8206
17.1362
14.8299
18.1447
14.5783
15.4282
16.5432
17.483
17.0168
16.2544
17.7556
24.8031
15.0131
14.5163
21.8323
13.2238
23.0828
15.881
19.6453
21.6884
14.6964
13.6323
16.4761
13.6713
21.7803
15.9782
23.5677
18.5397
16.3614
17.4747
15.9296
23.8194
15.5217
14.0027
19.0458
23.0933
17.7242
17.9035
16.5682
12.1897
21.945
22.8063
21.0184
14.7884
17.7701
15.1901
22.8791
13.0344
20.4808
16.6038
18.8793
15.0502
15.883
14.3387
20.0567
14.4913
19.819
16.7872
17.8415
14.8563
15.6511
14.3682
27.3956
14.9929
17.0713
17.6323
20.5799
17.1509
22.8841
24.0676
15.7742
18.6058
22.4642
16.1299
20.1072
16.4894
25.0594
29.6577
17.9436
25.9772
17.0876
16.2908
17.4091
22.7224
22.312
16.7488
21.438
18.6237
19.9965
19.2677
18.9707
19.0235
19.4138
20.7789
19.1261
20.5795
39.0721
18.0167
17.0025
25.492
19.0722
21.3476
27.81
17.7889
25.1717
17.3572
19.5748
18.0232
27.7611
17.3877
19.8928
19.1872
21.6625
18.0825
18.133
19.0702
17.4254
17.8756
15.5256
18.4248
21.0243
22.9467
16.4359
17.0097
15.8937
15.8014
21.2718
15.3213
15.3732
14.5936
24.6799
16.2867
14.626
24.7622
15.6103
18.8878
16.1613
18.3885
19.2044
18.4106
24.765
15.1453
23.8781
27.5587
23.8675
16.3
20.0797
23.9475
19.0914
24.1233
21.2071
15.1121
18.6225
17.9571
19.6056
21.3742
15.5969
25.8918
18.6029
18.9815
19.9906
15.4821
24.3976
18.8715
26.2856
17.2211
26.0274
17.1372
21.124
20.0944
16.7135
16.1317
17.4233
17.3689
24.5763
19.7376
13.1773
12.0999
21.4255
19.2963
19.9531
18.4523
19.2733
26.3872
16.5904
23.9818
17.6931
20.4576
16.1196
24.1697
15.5438
23.6699
16.9243
18.3819
20.0942
18.1745
17.9033
23.6241
15.1969
16.6537
37.0402
17.8951
19.2808
16.0598
21.7093
16.2854
26.1532
17.1985
27.7001
22.6948
22.4823
17.1987
23.2942
16.8658
19.4529
21.4948
17.1028
18.5527
25.5339
22.8554
26.2901
15.9851
23.8555
17.8815
22.4337
14.5358
18.5496
17.5748
22.1973
15.0759
17.1368
18.0835
20.2441
17.309
19.977
21.7322
16.6971
21.9111
16.2744
22.2878
18.5188
22.1848
18.3519
18.4363
21.1344
16.9369
29.7781
17.0326
25.6202
15.5071
14.4297
26.3566
18.1099
26.1013
21.227
17.9953
25.9228
19.0579
25.1473
18.872
19.6344
17.6136
21.5529
19.01
16.9994
15.4024
15.2043
26.0651
16.7738
16.3885
16.9688
24.2789
19.4302
23.67
25.5151
19.6005
19.2031
23.957
32.0617
27.6095
18.4062
20.0551
18.6616
19.3597
18.6204
16.5165
13.1088
19.2674
21.19
14.983
15.2876
20.8469
25.6316
17.863
26.9378
16.3088
19.259
20.2658
20.612
20.9991
15.1288
23.8778
17.3216
28.727
15.4299
18.9964
20.357
16.5024
16.9339
25.2075
15.0974
18.3358
17.6741
17.1096
24.0416
17.0688
17.9758
26.4833
27.3416
19.623
17.0687
24.9038
17.3316
20.4945
21.5641
17.8339
23.3704
17.3544
18.8753
15.9024
21.8558
17.5519
17.8678
23.5911
19.2026
23.1923
19.5245
18.1412
18.3799
24.4197
17.1038
27.2997
19.2564
18.5023
20.9515
20.4507
18.3289
24.4495
25.7065
16.4322
19.6062
23.0663
17.4904
14.8433
16.21
15.5935
14.5769
20.7635
16.3989
21.6851
17.9515
26.8182
16.769
17.88
23.8749
24.4868
18.6034
25.3449
17.2008
16.926
19.1616
17.3831
14.6328
26.2552
20.6061
14.6864
17.3593
24.637
18.4506
16.6858
17.8647
24.1172
16.3749
22.1294
18.4423
15.803
21.877
26.6271
14.8049
11.2797
9.16916
16.613
20.8929
17.9969
17.2472
17.9209
17.4875
15.0007
16.7793
27.0844
19.5168
25.6054
18.7146
28.2367
15.6104
22.9518
21.5052
23.9646
21.0445
18.3089
15.0749
22.2805
18.7202
18.7771
27.125
24.9507
19.3137
18.718
21.4222
22.8328
23.3566
21.2773
15.7844
16.1109
16.3209
26.3747
17.0691
27.1588
20.0689
17.1727
19.8466
20.8395
26.1496
24.5217
17.4152
23.0218
21.9581
18.3396
21.7805
18.7823
20.8076
18.0511
23.0053
17.3295
16.3462
25.9074
17.968
19.429
20.8455
15.5067
19.657
17.4503
15.3827
14.2495
23.1352
27.515
16.6795
26.6426
23.3573
20.5875
24.2209
17.1468
17.7699
22.6315
26.7568
27.9868
18.4371
20.9519
19.3147
29.4426
24.2192
25.92
15.7736
18.5255
17.0167
20.3737
26.0694
19.2398
19.299
16.5099
26.1534
19.1289
15.5209
22.5138
15.2627
23.9534
17.0154
24.7704
18.8111
23.2564
23.0882
13.7921
16.0222
16.2515
17.6309
17.0626
17.7608
18.8047
16.8429
16.8508
24.3764
16.9131
19.0106
21.3487
18.3617
21.607
16.3367
29.1983
18.9136
23.751
15.3639
22.4283
16.9951
19.15
15.0432
15.9647
16.0585
22.259
23.2653
18.1141
26.1511
18.6347
17.7351
24.598
17.7211
17.9162
17.1808
16.4943
23.8166
16.6353
14.2439
26.808
16.4954
23.1296
16.4963
23.4321
17.2147
16.8158
19.9319
22.3106
24.8704
17.6783
22.6755
18.5169
29.1335
23.2432
26.3601
15.9082
26.1177
16.0731
27.0775
17.0297
15.44
27.6486
25.5371
18.9191
22.1265
17.2614
19.6957
22.8968
20.8864
18.7785
25.88
15.9185
26.0229
18.6001
18.4607
18.6541
26.0418
19.8279
15.6791
22.9515
15.3701
21.9613
15.9551
17.9523
23.1179
12.3659
14.0469
12.0058
20.2441
17.8668
18.5606
16.3875
22.0538
17.5043
20.5503
18.6279
15.373
18.0892
14.3427
17.0897
16.1443
15.7289
26.0986
20.063
23.2046
14.3262
14.0614
23.0135
15.271
20.6791
17.6086
18.081
15.5906
24.9464
20.1188
15.2171
14.4058
26.355
26.7946
22.6672
19.1387
17.2047
19.8962
19.7105
24.4334
17.0319
25.4042
22.3393
18.4712
16.4432
23.073
22.9623
23.6167
21.7877
19.5179
18.8861
17.3652
15.5222
21.2764
18.2644
23.1929
18.5491
21.847
27.6491
20.5413
16.2516
26.4246
21.2739
22.2976
17.9094
17.282
25.1053
18.22
16.3249
15.7734
20.7209
15.5402
16.7326
18.3164
18.6047
15.0855
17.5906
20.6918
20.976
18.1932
18.0595
15.4879
16.975
17.5101
17.8269
20.3267
20.5963
21.7336
16.1874
14.6741
23.4681
19.3497
19.112
27.18
19.4798
19.5557
24.8068
19.786
22.051
25.4419
20.347
22.6238
21.9975
18.3442
21.5793
14.643
23.0741
17.1641
14.5302
13.7841
17.2917
17.7062
16.7024
19.7512
17.0026
25.5726
23.5659
24.561
16.8372
27.2199
25.4949
18.8419
17.7211
17.4283
14.1749
14.9064
12.1551
20.6323
16.5157
15.0591
22.6028
15.976
19.4815
16.448
20.1964
16.0615
17.3624
18.163
16.5728
16.6838
15.5535
14.8461
18.8964
14.5092
19.3382
17.5867
22.8205
13.8063
24.2319
17.4007
25.8974
15.6819
21.064
16.312
24.4475
14.9198
16.3657
15.4633
22.4184
17.6935
23.9404
23.4846
14.9234
23.0795
20.8055
16.7294
18.0454
14.9055
14.288
24.7715
21.9122
14.5625
16.2157
21.2884
20.7188
22.4217
27.8169
16.9566
21.7591
14.3682
25.1692
17.6856
13.6844
14.3473
16.7784
17.4813
15.5158
14.621
17.6314
21.69
18.5077
14.7554
15.9842
22.5677
15.7745
16.934
10.8904
8.98065
13.9532
16.5309
20.9641
17.0511
21.15
22.6374
14.8311
17.8226
28.2213
14.5834
18.6822
14.203
15.0735
13.8765
27.5177
17.1896
20.6503
21.9247
17.2535
21.9012
17.8565
18.6496
25.1782
15.732
27.9076
21.5331
21.9614
15.6013
16.0807
21.7914
21.2263
16.7716
17.1165
28.5764
17.8431
18.426