22.0485
18.8152
13.7176
19.1813
14.6881
22.7107
21.305
18.0599
18.1772
17.0436
20.9337
18.734
15.9398
20.6748
15.9229
16.9521
21.8725
19.0926
14.7242
20.3585
25.2193
24.7451
25.9891
24.8791
18.4138
22.0414
13.4032
13.584
16.9057
17.1063
15.4181
18.4237
16.0397
14.9754
13.6708
19.9972
17.8647
25.036
12.5418
14.6505
13.8332
15.9652
21.065
22.6585
21.3335
22.978
21.4626
17.5789
23.7922
15.1716
22.6003
21.1079
13.8246
15.9904
18.7295
13.8762
19.6501
14.6657
25.3139
14.0234
25.6487
20.1393
14.8531
21.532
18.6037
20.1646
14.5095
22.2298
25.2953
14.8316
24.1777
16.5362
18.3419
14.5563
19.0931
18.9354
20.3773
22.5009
12.3112
15.4038
17.5323
16.279
17.238
15.2675
17.6006
23.9604
20.7625
22.8679
26.1512
16.2724
16.166
17.8931
15.3555
15.0191
23.5805
22.577
16.2211
18.5737
15.9736
17.0455
18.1336
16.5643
14.9287
23.7303
14.7424
18.3297
25.0711
16.9895
20.8845
15.7998
20.8339
22.7498
14.0036
27.9976
15.6695
20.6852
14.0399
21.5685
23.443
19.1714
15.6352
18.5958
15.7541
14.4118
14.1116
24.0456
12.0546
11.1614
14.7953
15.6343
21.4222
18.3973
18.1979
21.6674
17.1685
24.7099
21.871
19.6993
13.8368
23.0476
15.7234
25.1835
16.2723
13.7643
22.4017
21.5373
27.0801
25.1153
30.622
19.2157
31.7946
25.2067
22.5002
19.938
17.6289
28.8495
18.1627
18.0037
17.3451
14.6358
26.4618
17.6574
24.8528
18.6782
23.974
18.8563
19.0748
16.5012
18.282
21.3232
21.5974
25.1274
25.1868
17.6476
18.2641
17.1331
24.5295
22.2448
15.7569
21.4131
17.7374
16.2973
18.1252
16.1438
19.6122
29.0627
20.5117
15.9419
24.5446
16.6805
31.1684
18.2214
20.8752
15.7768
25.3356
24.8714
21.1729
15.4071
17.4011
18.6187
18.2363
17.8886
16.3368
17.2644
19.4509
15.0425
16.9372
15.7539
16.3836
14.1426
16.4222
35.2526
25.0584
21.6563
18.5492
17.5077
26.5757
14.7965
19.7471
16.2791
21.3444
16.3093
20.4609
20.0441
18.5867
15.4575
21.856
15.1459
17.0513
17.7166
19.106
27.7795
24.1217
18.8289
24.6793
17.5715
18.4864
16.0268
25.0637
25.7262
15.9684
20.7745
18.519
13.7383
16.0173
21.3339
21.2248
17.2613
17.5609
17.893
16.0178
21.8858
23.6985
23.5375
20.0881
13.7792
23.4526
16.2414
19.0535
23.0355
15.9671
25.7839
15.1949
22.1959
21.3406
20.1309
19.4559
21.7688
19.2839
16.7832
27.3611
25.4257
17.3904
25.3366
24.732
21.7265
27.7625
14.83
10.8904
22.3584
16.3145
26.6218
20.0887
24.3951
18.1847
22.6257
16.3585
16.948
23.4685
21.8405
16.8639
24.0518
16.3985
25.2709
19.5547
25.8644
17.7376
17.4302
15.9301
16.15
15.0829
26.3183
15.2436
23.1135
16.6038
24.3679
20.7697
19.7175
20.3502
22.3345
16.2284
25.8958
15.5219
27.4038
16.9227
18.9665
18.486
20.4218
17.9324
21.1189
24.4167
21.3473
21.8285
24.4876
15.603
27.5796
16.1219
24.1582
14.7398
19.3003
14.2788
22.5295
18.1121
15.5734
20.5468
18.4124
18.6715
22.8968
27.8127
23.1465
18.8424
25.6663
16.2967
17.0469
18.3155
16.7727
18.0943
22.9414
15.2026
18.5122
25.6898
17.4992
19.7475
15.6147
28.2868
14.4869
18.5684
17.8096
21.5988
21.9564
23.3532
16.5686
17.0771
21.042
22.5718
16.5875
20.1018
17.7875
22.3944
14.3929
15.6443
23.1807
17.589
22.3124
16.6079
17.2525
15.3038
14.3578
17.1844
18.0704
17.3711
36.8908
20.3361
15.7059
20.5996
25.0834
16.6826
22.6121
20.3004
16.718
20.6696
17.7652
24.4842
20.6895
26.0339
16.7366
15.7206
22.7511
20.5969
14.2372
15.2492
31.1225
16.682
15.6397
15.0497
17.7166
16.8106
32.151
17.2074
27.4173
19.459
23.9344
18.3998
18.5126
17.7296
17.7499
23.8204
18.2652
12.4282
23.7104
19.8451
18.679
24.1996
17.4529
15.4904
22.9143
14.3228
17.6779
24.1574
21.1581
16.1738
16.4998
22.3098
16.6061
25.2451
15.8529
23.2278
22.4853
26.5171
21.8378
23.8172
21.7097
26.1022
12.4303
22.4242
27.9208
26.0866
24.6211
18.4738
23.6613
15.9661
24.9803
21.4377
27.5345
20.7805
26.6576
17.9662
21.3181
19.0591
13.4633
18.8855
24.9534
14.3804
13.0065
15.6347
16.2992
18.2658
16.7247
27.4106
17.2716
16.7467
20.6854
16.2115
16.3526
21.987
16.4169
17.8668
19.2706
15.6748
22.3132
18.3647
14.8861
18.6349
18.696
32.3764
24.2048
19.2446
21.8759
19.1878
26.7816
18.776
13.2228
14.9279
16.0384
15.2648
19.1249
15.7385
17.475
21.4184
21.1477
19.8331
16.8107
18.2241
16.8061
16.6042
16.0911
20.816
18.2833
14.2848
17.0379
18.089
18.9277
31.7241
17.0466
18.6549
17.5389
22.3683
20.1053
20.9985
15.5266
13.3529
20.3106
18.7408
25.0381
24.4436
17.9113
20.8113
22.7541
16.1999
15.44
18.0552
24.7518
22.2103
19.5837
24.7558
16.8656
22.8244
14.2301
22.8898
14.9618
22.3964
16.6518
22.9694
25.4891
19.9102
24.5541
14.8874
15.7656
16.4468
22.3079
16.4601
17.537
23.4842
16.286
15.0166
18.8211
17.1044
15.1518
15.6381
23.0312
17.6315
23.7507
19.5032
23.2099
17.6331
24.23
16.1261
22.9844
16.6501
15.4051
17.7688
14.2394
16.1759
21.1293
19.9765
17.476
25.5961
18.1476
22.2775
21.5912
14.8194
19.5467
16.2898
22.7805
17.4692
21.4352
17.9567
13.4466
15.1817
18.7816
14.0195
19.8039
16.5876
13.4776
20.8288
23.864
16.9906
17.16
16.671
16.1731
16.2649
23.1556
17.9878
14.3999
34.1055
19.9561
22.7898
16.4999
10.6353
15.4592
15.6386
22.6165
15.8645
15.9166
20.5077
20.0137
16.2053
15.8911
24.5892
15.9698
17.6965
15.1754
21.0194
18.928
16.8718
15.9381
14.8536
17.2651
13.2068
12.6461
12.7803
20.4722
11.8246
13.0564
15.363
13.1428
14.277
17.3375
15.6335
16.9139
15.4872
16.4411
16.3455
19.9381
15.6636
16.7884
18.633
23.9253
19.2645
21.1219
18.3452
15.2601
14.4141
18.5815
16.4424
16.5918
21.9681
15.2403
24.3344
16.8026
25.8739
15.2868
19.378
14.5104
22.2391
16.9035
16.4596
14.6744
22.7631
18.5362
15.0595
14.1979
15.3522
18.7495
14.7395
18.6266
22.3947
13.7127
16.1123
18.9836
15.9369
19.3595
16.5136
17.7561
17.2872
27.4904
19.7861
17.1478
18.2333
16.0357
22.5969
16.9158
19.7252
23.817
17.5209
20.8991
18.019
24.0312
16.8663
27.2533
18.8378
25.9491
16.1145
22.1784
24.1737
18.8008
23.3308
17.4595
17.4448
25.6743
15.9034
25.199
16.9944
18.265
26.3561
18.3209
20.8949
16.5663
17.5825
17.3107
27.8352
21.7298
19.8353
17.1563
16.0086
15.8737
21.5776
18.271
24.5749
27.2946
17.3921
25.2112
21.31
18.2924
21.5927
19.0859
20.6104
20.6713
16.9522
16.131
16.4925
29.0273
21.7037
17.1607
18.2369
21.9285
12.9587
18.8226
17.4702
15.0066
15.3298
14.0552
24.3116
17.8395
18.9299
18.8724
20.0377
18.9844
15.3981
22.9943
16.0749
15.3606
19.4113
14.6351
13.8418
13.9037
14.5503
13.274
22.0408
16.0332
20.9698
17.1761
16.8958
16.8801
13.9742
10.7596
16.6707
19.4599
17.5132
20.8895
20.7748
25.7722
19.16
34.0501
23.1647
19.5509
21.1248
26.6091
27.7234
16.891
20.811
18.7776
17.282
16.7276
15.8046
17.5215
15.3245
17.9475
25.6714
17.9513
26.0965
16.2043
22.3773
15.4785
22.9454
20.2819
15.7549
15.0515
21.8398
13.6234
19.9117
14.8248
21.6826
14.3677
18.6479
16.4317
22.7155
16.3178
13.1531
14.7907
11.5259
11.6954
12.1656
13.1371
22.5349
13.1687
19.1804
12.0043
20.0927
16.2612
12.0121
15.4542
12.5154
14.2013
23.9374
15.9364
19.1705
15.4395
21.491
15.5116
18.4553
19.3548
21.567
14.3049
16.1599
16.4117
22.0713
16.7564
21.0578
14.906
14.8886
23.7857
14.2632
17.9059
14.2598
18.1739
14.7534
13.5478
12.6275
14.7385
14.6749
17.1748
20.7154
14.4941
16.787
15.5482
16.866
21.654
17.6299
17.1097
16.5649
20.1735
17.4144
21.1921
17.1912
16.7855
21.4542
21.022
22.0227
15.824
21.3563
26.5112
16.1819
17.7074
24.4978
16.1734
16.16
15.4759
16.4337
19.0359
18.5329
24.425
16.4125
25.1218
16.0868
18.5728
12.5918
19.6294
12.8415
18.1293
15.1504
20.0749
16.6125
16.2957
13.4123
16.5679
12.479
16.2196
19.3918
16.5875
16.6059
14.3301
17.1481
16.0521
19.6421
21.9308
16.6507
18.7804
13.2483
13.8342
13.2441
14.1175
13.2998
17.1526
15.4465
19.5148
16.4279
18.303
16.2049
15.8673
22.3496
15.4694
18.2607
23.7608
23.8294
18.1011
21.8757
16.792
20.5594
20.651
27.37
12.9665
11.9553
12.844
22.8573
16.7115
17.6824
19.4912
14.3297
18.8606
16.1294
15.2322
13.992
14.2079
18.2727
15.2875
22.8203
14.8787
18.8723
13.7382
19.1595
14.3609
20.2515
20.469
16.1193
16.1421
21.278
18.5005
16.3357
16.9006
14.9265
22.542
19.4307
13.2531
14.7022
18.3891
16.6285
19.5562
19.0863
18.0401
16.7749
18.2847
20.7168
21.8726
20.8845
19.6611
17.3362
17.5005
15.2355
17.974
20.9376
16.0844
18.0991
28.8732
19.8293
22.1554
17.7727
18.4243
17.9221
27.3788
19.6691
25.7996
21.5387
19.5367
27.8417
21.8955
16.8757
22.6751
20.6767
18.376
18.5398
17.9011
18.2085
20.9
27.9266
23.4195
19.2275
30.4065
22.7268
22.4158
23.3657
23.5746
25.745
19.5402
25.6579
21.1105
22.7317
20.8402
21.2267
25.3225
18.9916
25.9856
19.9983
30.2717
31.8759
26.6695
21.2351
22.0238
27.745
19.6407
29.6525
21.7659
36.5335
31.1454
19.7041
30.2768
19.003
25.0718
22.4175
30.124
20.0103
20.779
21.0967
19.9603
26.9404
21.7729
20.6752
20.1261
26.0184
18.4023
25.5522
16.6886
14.5705
19.9274
35.9613
26.5887
30.1334
20.7573
31.1357
19.6471
31.5681
20.3147
23.385
21.8634
28.9071
24.9085
23.6746
22.5628
29.9582
30.3929
30.5235
21.164
23.2857
19.8973
23.0949
21.9117
20.0311
17.8742
27.7448
19.9288
27.6952
24.1493
17.3219
19.4448
18.418
20.9921
20.1876
27.6248
16.5398
22.5781
18.2899
20.5199
27.7258
16.2513
17.2606
24.4535
27.9735
21.5022
28.1277
18.2799
24.0241
16.5959
20.0854
18.2944
17.9661
24.114
16.6562
16.4034
25.7582
16.4517
25.0671
19.1011
17.2505
20.9273
19.381
17.41
16.1365
22.9898
23.9718
23.6763
23.339
18.3596
18.7986
25.683
19.6942
17.7771
18.9604
16.9584
15.0392
26.9004
15.6446
20.9545
21.4146
18.8711
19.7366
26.2759
20.0562
19.2359
25.665
20.7572
17.6747
17.6862
16.753
27.3008
18.7925
28.3528
18.5896
28.6232
18.7127
22.7457
19.848
18.3733
23.9573
19.078
28.3955
16.1111
20.2032
36.0184
20.085
28.9854
16.9591
15.6816
16.5571
17.0455
19.9338
16.8954
26.1243
17.7441
27.1144
18.474
22.0132
16.9838
28.9088
18.3287
22.7431
37.4973
20.6554
28.221
21.894
19.4639
19.9599
20.5007
20.4916
25.3017
20.3936
26.6641
27.1527
21.0098
20.5829
19.6496
26.7502
21.6604
24.6048
21.3631
25.4582
24.5537
30.64
19.5542
28.9545
18.1973
18.4504
22.6733
28.1352
18.6595
27.0688
14.3011
12.122
18.7796
17.714
17.7418
28.5127
20.6768
18.2737
20.4514
17.6642
19.4502
25.9614
20.6731
22.5526
17.1152
26.0246
18.0826
16.1269
26.516
18.3523
35.5813
17.9784
34.4879
22.564
20.5458
19.2153
19.7722
21.2444
29.8164
19.4173
18.2914
24.005
17.8052
28.9303
18.6202
31.2087
19.1784
29.991
27.3539
24.9926
18.7095
28.6595
16.9627
26.5474
30.5826
18.9591
18.0198
28.6718
24.004
20.2273
26.6417
27.6155
23.4783
24.1135
16.6653
23.5815
20.6939
18.6942
27.1767
18.9112
25.0226
16.7572
24.9651
17.8852
20.6679
24.3017
34.6307
17.6023
26.8801
19.6658
30.6199
24.0728
23.6873
17.7611
28.3525
21.9624
18.8298
29.3595
22.0061
26.5806
18.0227
23.3821
29.5662
17.8923
21.2941
27.8623
25.442
23.6814
19.1868
23.0818
20.8749
31.377
30.5613
27.861
29.4334
19.7434
20.6164
18.7795
21.1795
20.2272
18.8049
18.8373
17.5073
22.84
18.7868
33.482
25.9592
17.0001
23.7737
29.0123
18.1375
26.1214
27.3345
19.1633
18.5094
16.1721
20.1611
16.5863
19.2472
14.0651
17.6081
17.8645
23.1542
25.7898
17.1293
25.413
21.9457
27.0855
22.0912
22.3092
21.1617
26.4117
25.2555
17.6648
22.1619
16.8609
24.1831
17.337
23.7247
23.079
29.8551
27.2223
16.3213
18.1461
22.1012
25.3349
20.7719
23.3074
27.1569
21.1623
19.3266
20.1936
30.2661
27.2174
24.9487
12.7234
16.4715
19.0262
21.3963
17.2727
17.2295
29.8487
17.0916
25.8533
18.7118
27.4513
16.4926
18.5
19.0319
16.1235
25.4901
18.3759
21.3435
14.9819
17.1078
19.2915
16.7747
24.307
17.2007
22.4782
18.0567
14.2194
19.3783
19.424
25.6358
20.7213
18.8447
16.0455
25.7181
16.6535
26.84
25.0366
16.6985
25.9395
26.2807
19.9703
19.4814
15.5799
23.3572
20.9516
16.2513
25.0806
16.2846
19.3866
20.6154
15.3645
17.2695
24.4995
16.1117
18.431
30.1909
19.1355
18.4351
20.1122
24.217
15.7946
20.6782
25.6
20.1693
20.9872
17.2911
20.1256
16.7997
22.1067
16.2839
29.3247
18.029
15.5961
16.5714
28.1665
20.3878
15.8539
17.1641
32.4217
17.7076
18.2329
16.5601
17.9465
17.3115
20.6267
14.6152
19.5585
13.9097
20.6249
27.1877
20.1557
16.9679
20.5031
17.2963
14.5547
14.568
16.1309
19.8513
18.0231
14.6297
22.4201
22.9159
24.8633
22.5899
20.9486
24.0324
16.4328
22.8222
24.2392
15.6137
22.603
23.1897
19.4901
25.8854
20.3068
19.3804
16.3451
15.9621
24.0044
16.1455
19.7331
17.9827
16.4655
16.569
21.3978
16.842
17.9557
19.6604
16.3143
17.4913
17.3434
15.6107
17.3784
28.0276
17.3333
17.2533
14.6385
14.5699
13.8486
23.0407
15.6241
14.8487
20.294
15.1448
20.0671
23.7653
23.4899
16.4749
17.3267
15.2671
25.3547
22.4615
20.9978
19.9337
17.5755
23.3776
14.3602
11.8267
16.8593
15.0707
15.5813
20.834
17.6702
25.473
15.7221
18.4319
28.0949
20.1024
18.9555
16.9941
18.3944
17.5343
17.2744
16.295
22.9126
14.9762
20.4147
13.3246
16.6142
15.9952
19.9378
14.1366
19.8385
21.3848
17.6736
21.3621
13.2402
16.7711
23.2583
19.6133
13.2221
16.8707
13.571
27.8745
17.4275
14.8097
19.0623
18.4348
23.2497
12.8208
24.0324
15.5302
14.8559
27.745
19.7668
25.5305
16.4334
21.0926
17.2365
15.1088
15.775
15.1077
25.1906
19.6088
19.3045
17.919
15.1063
14.4006
16.5499
22.5822
25.1554
15.9074
20.3981
19.7434
16.8458
25.2454
24.7297
21.7817
15.525
14.2337
17.3812
20.3945
18.8105
26.7139
23.8997
17.5126
16.2502
19.6029
15.6871
15.7895
26.5112
21.8675
22.1162
18.0061
16.1838
16.9898
25.2524
20.4874
22.0939
17.4075
16.5709
26.4595
17.8709
19.2125
18.6629
17.14
17.6324
17.9067
17.4667
15.9453
17.4606
22.6799
26.9748
20.6444
17.3839
15.8153
24.5348
16.5104
23.5701
17.2915
16.4935
16.5863
16.3535
16.2524
19.1782
14.8992
14.7324
16.2991
14.1174
21.5537
15.912
15.7264
15.6116
16.9537
21.0467
15.0537
17.8394
15.4981
26.3138
15.7712
16.9716
20.3962
17.3132
16.8182
16.5146
18.1856
19.7945
16.1702
17.9489
25.4516
16.9853
15.6408
16.9032
15.7535
16.7781
17.5722
26.5784
17.685
16.6697
17.028
26.2539
17.8261
20.0068
20.5704
19.7545
24.7641
18.9453
22.2297
19.0412
17.6554
18.6756
20.9935
20.9217
15.2198
16.6349
15.0641
20.5823
15.1508
16.2902
20.61
16.3051
18.898
23.6768
18.9821
16.7294
25.0623
16.6905
16.6287
21.2903
20.5145
17.9556
22.6205
16.6315
17.0684
14.9121
19.9383
16.5587
19.8294
15.5649
27.0158
18.7825
20.4376
15.8016
22.8136
27.6771
16.766
16.5406
16.8987
22.7638
16.9149
17.8341
20.3642
16.1279
21.4709
17.5876
22.4778
15.5753
17.6382
20.0662
25.977
15.1245
24.1496
16.6574
16.3558
17.1699
14.8886
21.4441
17.7148
15.4796
18.73
18.0929
23.1859
16.1868
28.7585
18.5746
15.939
18.4088
17.7399
22.1471
16.6686
15.956
17.6351
17.1136
19.1342
17.7848
21.277
18.2795
19.6597
16.4499
19.076
16.2571
25.0051
16.3688
21.2842
17.6197
14.5533
25.0946
18.5222
15.961
22.4616
16.3508
27.2414
17.8444
22.5938
15.4798
24.1255
14.4684
15.3052
15.4566
20.9449
19.3799
13.2022
15.3463
16.8324
14.8959
26.3001
20.1964
20.5289
15.1443
16.0751
16.417
17.6143
13.9052
14.4518
23.8134
17.8033
21.417
22.417
15.0962
23.9414
16.7117
26.5388
17.6901
22.9701
24.4277
16.0317
20.4383
27.8498
20.3291
23.3995
16.6719
21.846
16.0502
27.8253
20.6552
25.6645
17.2915
14.3686
17.8219
23.7251
17.659
18.5222
16.1947
16.7774
16.889
18.1912
15.4027
19.2939
17.7625
17.8147
16.4395
19.12
17.5721
15.8648
17.9429
15.0006
17.3548
23.0464
20.2179
26.024
24.0628
17.4846
18.9892
25.9197
17.8389
18.6455
19.8803
24.6462
16.0763
13.9137
10.6348
11.3321
17.9079
16.5122
18.3513
24.0013
15.0996
17.8882
28.1557
17.1391
18.32
17.5618
23.208
17.6964
17.4968
23.4561
15.5583
16.776
22.9454
17.7517
19.1668
19.2483
18.2103
27.4622
16.0484
15.9576
19.7446
25.4863
18.294
25.036
18.8918
15.9833
17.5101
20.8911
16.3478
23.6899
16.367
28.906
15.0266
25.4122
15.6662
30.0003
20.6903
24.4412
17.2803
18.9679
15.6725
16.0675
24.6465
19.1728
18.0053
17.6201
20.1474
20.7792
30.3461
18.1165
17.7616
18.6363
15.5191
21.8761
19.4185
20.2559
22.6365
16.5397
19.1278
16.933
18.666
18.3908
22.4044
19.8905
15.5125
20.0513
18.3263
18.4785
17.6818
16.2339
20.9251
18.9717
23.4932
16.5489
17.4925
17.6507
20.8179
15.947
21.6924
17.9499
15.3575
14.9645
27.1853
16.9625
17.4952
23.6966
16.1299
17.1423
16.9942
23.7962
16.2905
16.9779
15.1957
20.9467
15.4957
15.8455
21.8334
16.8664
14.6131
15.8752
13.7707
17.0039
20.4702
17.6712
26.8005
15.0574
18.1303
17.7386
25.9796
17.1861
16.0155
14.8541
16.943
19.5697
16.306
16.0222
15.7423
23.8544
23.0155
15.667
24.7948
20.941
15.8706
25.327
23.498
18.1017
18.6669
25.182
16.3732
18.5057
26.562
19.1175
25.8594
17.8477
26.9418
21.0676
25.9795
22.396
28.2142
23.1828
24.211
32.1517
26.0132
20.7234
19.6213
20.696
20.6285
30.4362
21.3937
15.9659
16.8508
27.8636
20.9547
19.4312
23.4663
34.9034
23.761
28.3434
20.2312
13.592
18.5666
32.23
25.5653
18.7376
21.0744
17.2201
27.07
21.0559
22.1625
25.8645
18.0857
21.2699
18.8764
18.4246
20.4611
29.4688
19.8087
30.3509
20.0669
36.161
20.4908
19.7172
21.3583
17.9959
26.2009
27.2466
20.2501
20.7561
16.4602
24.5115
24.8785
18.0944
15.4188
27.9383
22.7485
18.4508
33.7133
24.878
24.9722
17.1075
18.5335
18.6676
28.7055
20.6342
18.7522
30.7279
20.9571
26.6732
19.25
23.0471
19.9321
18.3942
28.8722
19.4861
28.7001
20.3359
26.3586
21.4938
29.8698
25.9316
24.8952
23.0726
22.83
19.3695
16.868
25.2826
21.1135
18.4556
26.1573
18.6499
30.1508
25.3862
24.5921
17.4664
20.1624
18.5082
27.9633
24.3891
23.1774
20.1278
18.0596
22.8768
19.0587
25.4219
18.6058
20.0307
27.5817
20.1344
30.134
18.6166
26.4994
22.7579
27.0214
22.7318
19.3914
20.4475
16.788
21.9914
17.4674
19.0012
17.3899
15.7698
16.8722
16.5112
21.3412
15.3545
18.0011
15.7431
19.4039
23.0802
21.2384
20.5067
16.8374
26.2687
21.6846
20.7085
16.9236
21.8044
17.8918
26.7671
17.4741
22.5789
17.3669
26.7336
19.6893
15.6221
23.8152
17.0734
20.5333
22.9461
25.0891
15.7556
15.9882
26.4282
23.2019
17.1879
17.6541
25.5764
16.7199
17.6461
20.1563
23.3307
20.8476
20.4403
19.0578
22.905
16.0745
23.877
17.9535
24.2751
25.2506
12.895
12.8832
16.4649
14.841
26.2537
15.3895
24.0529
22.3475
26.9126
19.9179
23.9238
16.9711
28.589
18.9943
19.1831
18.1955
23.8818
23.8855
18.535
20.8149
23.1282
21.3114
31.5004
22.0331
20.5611
31.4117
23.61
28.8661
20.8777
44.707
21.7917
22.202
20.808
24.0936
18.217
27.5423
16.3741
23.0257
17.8969
21.7244
17.8725
25.6209
18.387
28.0279
20.653
28.3992
19.464
24.3909
18.8217
23.531
25.244
24.7459
20.6248
30.2513
21.0637
23.9408
18.8153
30.0311
26.3367
38.0832
19.3351
30.7453
18.4162
29.3678
33.4664
26.0058
18.0174
25.1726
19.4042
30.3968
19.4877
19.306
29.6699
24.5194
18.7391
28.7081
17.9782
23.4582
30.1415
16.2163
19.7996
23.1728
21.5593
20.408
19.1972
29.5576
22.5085
23.7639
19.1519
32.9994
24.8328
19.7041
27.5561
19.3342
18.1137
20.5776
18.6078
25.2895
20.395
24.9682
22.4549
30.948
26.4631
30.1468
19.4837
29.302
24.3116
37.0642
17.9364
19.5264
24.145
18.9476
29.9657
19.8544
38.2524
24.0435
20.8898
21.8457
20.2917
30.9029
18.7471
24.754
19.3984
22.4226
19.3804
24.1116
19.5153
25.8673
21.7556
17.8998
21.667
18.3764
27.4939
19.4915
24.5111
16.8201
21.1869
21.8075
16.5812
18.6018
18.0537
20.4043
18.8006
25.6563
20.5332
25.542
17.9831
19.7175
21.848
15.8606
18.0277
25.0352
18.8197
13.0694
17.1058
18.0912
27.4926
16.1113
23.9945
19.3642
18.4261
27.6648
21.5405
20.1895
16.8338
19.8498
24.8967
17.3654
24.5039
21.6311
17.1139
17.7701
24.943
26.9211
23.0128
21.3386
25.6248
20.1897
19.4493
24.0176
21.9867
27.2018
31.1439
19.7573
23.0015
31.2975
26.1826
28.0275
16.0707
24.2906
20.3557
16.154
19.159
26.1603
16.0442
18.9374
17.82
25.6556
17.9076
16.0431
27.0209
18.8428
28.4011
20.2806
24.2891
20.336
30.2036
19.0779
17.9699
26.4399
18.7621
17.6211
31.451
16.6655
20.5789
17.8357
16.531
16.9484
26.8012
19.4756
18.483
31.3086
19.3383
29.1492
22.345
23.0791
23.9505
18.9834
22.4812
21.8531
26.6133
17.9606
23.3308
17.8145
24.7535
15.3282
24.9522
19.9989
18.037
30.6144
28.5736
18.2812
25.2512
22.9729
26.1484
16.2014
20.8074
20.3555
17.7162
17.0262
17.1631
23.5981
22.8055
19.1551
19.7697
21.3436
20.6923
28.7694
18.2282
25.2541
22.0065
18.9166
24.6368
18.755
19.1136
21.7525
21.4866
19.4323
26.9014
17.5853
17.4158
31.5317
23.0052
26.086
21.7405
21.0579
24.5968
20.6265
26.6247
22.3259
18.9579
21.23
18.8737
20.8845
23.6015
20.6151
26.7952
17.0424
31.5017
21.2626
34.4189
28.1238
19.4737
20.2633
20.4052
24.2031
18.657
27.7846
27.0789
19.411
20.3579
28.2304
25.2418
18.3298
16.5221
22.6061
16.2473
13.7708
13.6483
17.1687
16.0099
19.4359
15.5956
24.425
15.993
25.4249
22.2249
17.7447
17.6805
26.5456
18.9758
20.8853
16.8127
21.4819
16.4648
19.0036
19.4276
18.3742
21.6338
21.7911
16.6992
17.142
27.7805
17.4276
18.0457
18.9976
20.9383
20.2301
26.767
17.5436
18.5288
19.0042
18.4315
17.5731
25.8501
17.0058
19.3988
17.2347
18.3851
26.0211
19.8536
31.5869
19.8005
21.1803
23.0844
17.7788
24.6835
23.7115
19.605
22.552
19.9366
16.6036
22.167
28.7877
20.0544
18.6604
21.4972
19.2639
27.4851
19.4157
19.8852
26.7169
23.3333
31.1679
32.4611
31.509
25.9188
32.9738
25.5053
19.9963
33.518
18.7344
26.7801
19.6923
26.8166
18.5075
24.1125
18.7466
20.2587
28.0738
18.0708
23.5282
19.9191
18.0181
17.6758
25.8254
21.5007
19.8798
21.8691
18.7359
29.1051
22.9167
30.4683
21.669
22.3229
20.2211
23.848
20.4396
19.0447
26.4766
20.8122
22.0397
21.9595
20.8155
19.5595
25.1295
24.3319
27.5053
20.8975
30.1427
23.7976
19.831
22.268
18.9585
18.6093
20.0212
19.8248
24.5902
19.4811
19.0463
27.6407
26.8455
20.4666
24.1715
20.4189
22.3353
17.9119
24.9345
15.8389
19.9269
29.1182
23.4384
21.7664
19.3768
20.4628
19.9192
25.3485
21.867
21.3439
19.9883
23.3552
21.2671
25.6557
20.7281
22.3152
19.9141
29.3867
20.6919
25.4732
19.1365
23.128
28.9532
34.8255
26.1221
24.1073
19.0883
20.5999
31.1177
18.7208
14.5579
18.7087
18.1314
16.243
20.0278
23.1648
19.556
24.9867
24.7082
23.8866
17.1154
21.6429
31.0717
19.7167
31.0901
20.9423
21.91
29.3997
27.3291
21.6608
21.4262
21.2668
21.3794
23.4573
39.3529
22.4512
22.219
25.744
20.1764
21.1426
21.7469
21.5639
28.5008
30.4621
22.7663
21.7993
19.9834
20.7989
22.4731
29.136
25.0804
26.0593
29.5331
23.6553
27.4814
21.1413
24.007
23.7468
19.5699
23.5692
25.5728
21.5308
35.2206
21.9546
21.2052
21.2995
26.4511
30.7635
28.9645
31.3366
34.1341
24.9547
29.6092
26.778
23.8474
31.7072
29.6488
20.1558
28.306
21.9103
29.1105
21.921
39.1749
27.3558
21.8793
32.3198
22.3532
26.6057
21.4986
21.142
21.2344
30.4869
31.2496
23.2608
26.8965
23.5159
24.3048
29.2882
22.1883
30.5313
36.4297
20.8431
20.0659
29.1329
21.8511
29.4779
28.2541
21.0707
20.7309
23.1945
24.788
22.2689
32.6778
26.6334
32.2241
24.8778
23.38
23.6067
30.959
28.6474
36.3699
19.9099
23.1917
25.9406
22.4476
23.4283
26.5876
35.5344
36.4312
24.175
25.3425
26.8476
25.3851
24.4132
32.7323
21.9052
27.5376
26.5444
23.3099
23.9324
40.5155
24.6966
27.0445
22.6956
23.9434
32.8154
29.7802
27.6448
57.9156
28.5601
24.869
23.8508
25.0954
26.4388
37.959
32.3967
25.8906
28.289
21.3428
31.7815
21.9617
27.6625
24.7488
17.3885
23.6994
25.4086
26.2941
21.0371
22.9054
22.2813
32.9393
26.9624
25.5385
28.652
22.2054
39.4386
24.7427
28.5164
22.849
24.0275
22.2367
22.4661
31.3508
21.4957
28.3731
34.2733
26.4721
22.0507
24.4043
21.1583
24.8335
22.3921
22.0265
23.4267
21.6744
24.8159
21.0381
15.1117
22.3504
17.5533
20.0979
18.7425
23.6489
23.0231
17.3256
22.8474
23.5356
21.6264
27.3247
29.656
20.555
21.3266
23.0733
23.6285
23.581
17.5874
19.7611
23.2117
25.9772
22.6283
21.3185
28.3352
22.0873
19.3903
30.7904
21.8045
27.0281
24.3732
23.9324
21.8339
27.0498
20.7614
21.4044
23.9388
22.6162
31.0259
20.7141
28.5329
23.0318
22.2763
28.2997
22.3046
37.1923
21.5309
22.9508
21.9611
21.852
26.8647
21.7629
26.055
22.5652
28.0414
23.7736
31.5139
22.784
32.7953
21.6682
22.7005
22.8179
27.2001
20.7484
30.6663
22.8181
26.9153
23.8734
22.5739
21.2399
28.141
22.0323
22.2483
32.2529
20.7657
23.3418
23.8797
28.677
21.6866
22.6458
22.2671
22.3926
25.2259
25.034
21.9941
25.8253
19.592
21.2583
29.5812
22.1727
19.8038
21.1642
19.2313
24.6746
20.8363
25.5926
26.2604
27.8028
26.7274
23.436
21.8518
23.4745
25.6359
20.9908
20.0656
33.9963
19.7976
17.3659
27.363
20.0332
29.4828
33.1372
22.7659
27.223
20.8351
21.3393
22.5135
17.0129
28.8461
15.1162
15.483
18.1801
17.6556
35.9363
26.5473
25.2702
19.9893
18.9493
17.4643
22.4172
20.5937
21.1206
28.0103
17.8493
23.9862
21.173
21.4015
19.1511
27.18
19.4953
22.6139
23.9617
20.0895
33.4048
20.4784
27.8583
18.9859
24.6648
20.7171
21.5537
25.4778
27.1712
20.8188
27.9463
33.0605
25.2969
21.5333
17.5626
31.2442
18.5079
23.7441
20.8714
19.0728
26.7326
19.7056
18.8385
27.2587
25.1546
21.1848
19.1562
19.1753
20.0208
22.892
31.5131
22.6249
24.6453
21.4614
26.5997
18.8589
25.5059
17.2959
30.1779
19.5119
27.8629
29.8863
19.3487
17.3832
28.3061
19.2542
23.223
21.1215
21.4195
18.7903
22.5389
20.8567
19.557
18.8623
22.369
21.4715
19.3017
31.5145
19.2423
19.1018
16.9136
19.6097
15.4771
20.418
14.8906
23.1556
16.8661
16.491
18.9548
17.8412
26.3827
21.1872
19.0875
21.032
16.7956
26.4322
27.9217
18.1231
26.8524
24.1913
21.7141
24.7369
20.9854
17.3676
20.9533
19.7193
27.9889
17.1675
18.0444
24.5467
18.6961
16.8103
18.2733
18.4218
20.5555
19.8291
20.7656
18.825
17.6967
19.8588
17.2935
14.3776
19.2101
17.6322
20.0798
15.5277
15.5716
18.3918
30.4735
19.6465
29.636
16.4897
16.8112
18.7485
19.2717
20.9041
17.3467
15.416
23.0687
20.4431
17.8645
18.1945
24.4446
22.6495
15.6777
21.7739
20.0996
22.4104
18.4583
19.4097
18.6554
12.58
14.8013
14.1724
21.298
15.1939
17.1963
14.2582
16.3647
16.2395
15.1018
22.1463
16.0509
16.2497
17.9064
16.364
21.8568
17.6794
12.5218
16.5127
16.8717
14.2893
17.5772
16.322
13.7211
15.3447
19.5539
16.8413
26.6888
17.0599
25.8862
16.6179
19.0694
16.8035
14.5931
21.5145
15.7646
13.9083
19.8775
26.8664
19.7449
16.8542
18.0033
15.851
17.7325
20.5597
18.7508
16.1127
21.0173
15.2795
19.3532
18.1784
19.1403
16.8965
15.4828
18.7338
16.2561
12.7847
15.2673
19.0264
15.2138
17.863
20.2309
24.3242
20.6912
17.6708
25.2544
14.6588
20.9901
14.6711
26.4967
19.7883
19.1258
23.9339
22.9412
24.0567
19.1733
20.1834
14.4909
20.9471
25.4707
27.2941
19.7234
24.3613
16.3642
22.092
31.0234
16.6784
15.8026
20.9276
17.1139
29.6514
19.1712
20.9949
21.2501
16.3938
23.1801
15.4764
20.2496
23.4083
16.0482
21.1142
21.8651
23.4731
25.5899
24.1792
15.2185
14.3598
20.1266
17.3101
22.2646
23.0159
22.309
23.7668
22.4842
15.3529
22.1077
18.0363
27.6449
22.3392
15.9054
22.4698
15.9116
16.1494
17.5724
29.901
19.3655
27.8171
19.5778
28.341
18.3723
15.7375
16.9657
25.8998
15.4443
16.254
27.5531
17.5731
21.7365
15.5367
23.5648
15.3615
18.252
13.3632
16.3352
23.1664
13.049
17.7375
20.9344
26.2259
19.2218
17.4563
26.4783
23.1618
19.9609
19.5314
15.4987
25.083
21.786
23.2769
26.8131
24.2934
19.7855
18.342
24.887
18.1055
20.947
15.8554
9.93705
15.0964
19.7372
16.3728
16.9637
20.5361
30.3618
23.3375
18.3972
25.6469
19.6152
20.5574
18.3483
25.5591
16.5855
26.3526
25.1376
23.436
27.3689
27.7961
28.7601
24.6956
31.9504
20.26
18.1643
24.7006
23.9531
25.926
18.7738
20.544
26.3056
29.5271
17.3221
17.2824
17.4104
22.3014
17.5939
18.5188
21.3645
17.7768
14.6394
16.5952
20.7254
20.8292
16.5929
22.5188
21.0545
27.9611
19.0363
20.6075
26.8542
17.9169
19.6778
19.0255
20.4027
18.5896
30.4282
27.5566
22.4526
17.4351
18.2042
21.2245
16.5544
19.7262
17.1275
17.1624
20.0848
16.9735
22.8623
17.9943
25.6831
25.4381
19.4903
18.0899
25.1175
18.2339
19.1018
29.0496
25.2904
20.5785
20.2381
22.5002
19.6256
22.074
19.1626
19.3742
18.7187
21.2112
19.377
26.95
20.9806
20.0612
19.7902
19.7547
17.6264
18.2856
25.2357
20.5242
19.4481
23.8351
23.7908
18.9235
21.3751
22.4653
19.189
17.7999
21.1593
18.5498
18.479
18.7071
18.9199
31.3771
18.0584
26.5918
22.6172
19.816
21.0536
20.308
16.4516
20.7941
17.0611
17.2907
23.3362
17.4969
27.3208
25.3587
16.5335
24.202
17.2672
18.1618
29.6372
22.5617
17.6338
18.3603
21.7089
19.267
18.4384
26.0472
18.9958
16.8464
17.8883
21.8653
29.9582
18.7291
22.4975
19.6419
15.4952
31.8991
21.2342
25.1201
17.1027
18.9504
19.688
19.8924
19.7339
15.4144
17.1522
18.3149
18.6469
17.0602
27.3062
22.12
18.6369
29.0787
24.1714
27.0564
18.7054
23.8746
16.9164
25.9824
18.7449
24.8633
18.9222
16.4048
17.439
18.1346
18.007
17.2039
21.4171
15.2825
25.0251
21.5786
25.204
16.9015
17.7451
13.7355
28.1526
21.3796
17.5745
19.1639
17.0024
25.0104
18.2742
23.1572
17.4261
17.832
17.264
16.3979
21.7438
15.2931
14.8273
19.879
26.0091
15.2695
15.7865
16.7499
17.6382
19.8074
25.9077
16.9551
26.0213
17.3475
27.8989
18.7177
27.5256
18.8514
18.7289
16.797
19.8372
20.7797
24.6497
27.5625
17.1096
21.6535
25.8763
19.6497
19.4221
18.5808
19.4756
26.0054
17.178
27.6422
18.6428
25.2493
21.1828
18.0882
21.7006
26.1729
21.76
17.6308
16.0994
18.0666
27.1486
16.9949
21.3501
24.9218
19.6789
27.3175
19.5773
24.8728
18.2046
19.7783
14.7743
27.148
18.8554
20.3442
16.7111
18.972
16.8179
21.82
18.8014
16.973
19.9274
18.0604
15.873
22.4782
15.9341
28.0068
18.1157
23.852
23.8097
16.8465
16.4412
27.8793
18.8421
15.1034
27.7052
26.1102
26.1624
21.1935
15.924
20.8994
15.4905
29.2035
17.8092
14.5345
16.6705
16.6728
25.7674
17.8695
18.6936
21.5607
15.7916
17.4446
15.2774
20.1508
18.4739
25.5531
24.5655
15.8619
16.1476
23.74
14.395
14.3294
22.0789
17.7775
23.9341
16.1849
15.2927
19.1379
15.3109
20.4275
17.8693
19.1739
16.4158
23.8591
16.2679
18.8097
19.3775
25.727
27.1883
17.621
15.0186
16.656
17.4799
23.3987
25.3932
26.4307
16.3507
15.5091
18.7431
15.5076
23.9338
17.3743
13.1832
24.4659
16.7582
16.8148
24.8283
23.7592
18.7146
20.4765
17.8928
25.2891
16.5495
29.6899
16.0019
18.2223
25.5593
15.6725
23.8605
17.5431
18.4486
24.1707
16.8434
25.8193
18.4044
22.0124
24.3238
27.104
19.1689
18.8131
24.1625
24.7609
16.5698
20.205
17.4694
19.4829
18.3731
19.0679
15.2503
28.7408
17.0945
23.816
15.6479
15.9065
17.5067
15.6203
22.1201
18.9998
24.6524
16.3202
17.2623
19.1485
20.6101
22.1474
21.8726
16.1641
17.7957
18.7414
23.7904
17.2314
19.5056
17.2517
17.7965
19.1659
18.7154
19.295
17.4493
26.0472
17.5761
15.735
16.6594
22.4936
17.9673
17.0301
17.7565
16.3096
26.3736
17.6231
27.8239
17.1374
16.7905
14.7398
16.2524
17.6167
17.1876
22.4722
22.0439
16.0119
21.9197
14.7609
25.6702
16.3089
19.0245
25.4393
21.7347
19.6238
21.4955
19.301
24.4398
21.8693
25.4658
17.2392
18.5247
16.4533
19.0512
17.4418
18.8134
17.5106
27.6936
14.0167
16.2562
18.5744
23.3641
16.1003
28.8419
21.3343
19.1225
16.652
20.0739
23.9353
17.454
27.0637
18.5932
16.0842
28.3028
18.4205
19.2152
17.6201
15.7473
14.5795
16.8037
24.3776
17.5104
19.8558
15.3753
15.8612
16.8858
15.3442
21.4015
16.2901
22.8524
14.6421
27.2455
26.3863
15.9221
22.5403
14.9671
21.332
15.0121
18.7766
26.1271
17.2947
20.5582
22.1876
33.5031
20.6621
13.0199
19.8573
15.7233
15.67
18.3728
17.5756
26.4488
18.2196
19.2897
18.3084
29.4588
18.3184
16.153
15.7576
15.6097
26.851
16.198
29.2983
23.9998
23.5255
27.6107
15.8576
19.1052
15.5541
14.2938
25.3458
14.9324
17.2683
20.6369
27.2301
19.4206
24.1649
22.9953
29.5765
20.713
26.4153
18.8346
15.4097
16.3504
15.0942
25.3522
28.8382
29.4028
21.0239
22.0865
17.0319
23.555
17.1169
14.8825
17.2156
17.2044
19.8316
27.7027
18.8827
18.3689
22.4683
22.8344
26.1519
18.3182
16.6561
16.4651
20.6132
15.3778
15.3924
17.1903
20.8616
18.5829
17.1204
24.8901
18.1216
17.8389
20.1941
25.1393
18.7021
18.1857
25.6218
19.1111
22.8836
18.7472
22.7569
19.6076
17.5048
18.7299
28.0105
19.6228
18.3214
26.5733
19.2751
26.6306
19.6224
16.9437
17.9734
18.2186
22.9482
19.2156
27.6608
17.638
17.6106
20.9239
18.3453
16.4807
27.0967
16.3157
23.5749
16.4891
18.6353
22.6089
18.4662
27.4143
20.1677
21.9148
16.3069
19.3801
19.5905
24.6689
18.7096
15.948
19.4987
27.6218
23.7753
16.3631
29.2065
20.2787
22.1734
20.8444
22.918
26.2909
24.8818
19.6722
17.2318
23.8927
17.0301
20.9668
21.6978
17.6221
18.0034
21.548
18.5189
25.3676
20.3776
24.2196
15.6409
18.8955
17.4866
17.9551
19.2407
24.8017
17.8165
15.0908
15.5598
18.4869
14.3993
24.8384
16.7631
16.1314
18.6447
22.6812
17.561
18.0911
22.0401
25.4427
18.1383
16.2784
20.7504
18.5081
16.9942
28.4587
18.9725
13.3689
13.3291
17.1649
21.1568
21.18
15.5904
18.1938
24.1071
17.4402
20.1621
16.4375
16.2499
22.6537
22.1995
29.6999
22.3985
16.7713
26.7685
17.3043
23.7651
27.1858
26.5197
17.3053
22.2798
21.1602
18.4213
20.1048
18.321
21.067
26.0327
16.7331
21.5268
17.4091
27.7902
17.4135
20.3047
25.1863
18.3736
19.987
19.1603
18.0623
29.2888
20.4581
20.1845
18.3588
26.7852
19.1732
18.9864
20.5494
22.2025
26.6316
20.9647
17.2355
19.4436
20.1528
18.273
26.3232
27.1007
22.6112
27.2473
18.6886
22.1753
19.0892
21.5236
32.615
20.6955
24.9562
24.97
19.5247
24.3482
20.8913
34.66
19.0076
30.3471
22.294
17.7169
22.7716
31.311
18.0902
25.9337
23.3043
19.0439
22.9073
26.0148
23.6927
21.4638
16.5613
17.6367
20.9274
25.9388
23.4026
22.096
15.7246
28.3676
21.5748
18.9703
23.2737
17.9535
24.7823
17.579
29.7024
17.0406
27.4718
27.679
16.5693
23.6757
19.001
19.81
15.7161
18.8244
30.6393
19.8242
19.0026
23.3528
17.0135
19.4845
18.5791
19.9415
17.6379
33.7272
20.4262
18.0351
18.1644
21.1787
23.1591
21.4374
27.326
23.0057
21.2583
26.6347
19.5024
17.8637
17.4818
27.5317
20.3922
19.5566
26.8756
18.4289
18.3612
18.5249
16.469
24.2742
25.1029
29.8137
21.0455
16.9142
17.9411
18.6018
17.0889
19.5731
18.871
18.2681
16.8149
22.6597
19.4103
14.4779
18.9268
17.6136
26.5007
23.9447
18.0371
28.8017
21.2193
25.0589
20.5826
17.3025
12.576
17.9239
17.5959
28.472
17.8088
25.2285
18.0993
21.9014
18.1963
19.3093
16.8852
25.256
21.6406
24.6129
23.3271
17.6493
23.7374
18.544
20.2337
17.6774
16.9434
23.3424
26.7482
22.1742
17.5713
19.4172
17.2009
26.3379
19.0275
21.7578
17.4768
24.6112
21.6166
19.8304
17.9476
20.1985
17.5297
18.3374
18.1385
24.8173
20.6786
21.5973
28.2712
20.6752
19.4308
22.8283
16.2359
26.1292
17.994
31.4303
18.7668
25.6161
22.5027
16.0035
22.5462
17.9649
19.3979
16.8471
18.2375
19.4301
15.116
21.9552
20.7907
17.2011
18.3275
21.3906
18.0384
19.844
17.4689
21.6933
15.5887
16.1676
21.6933
16.4112
23.5665
23.5949
21.5242
30.7077
20.1015
28.7053
21.2878
22.3254
30.8218
19.732
20.1497
30.8496
25.936
22.2986
27.3825
17.2529
19.4965
16.5107
27.8441
18.9147
18.6562
27.9014
19.5759
18.1355
18.398
15.0801
17.0282
25.5302
22.2979
21.699
18.8871
17.4544
17.0903
20.0219
26.893
18.2663
19.067
19.2113
17.7976
17.2744
17.266
16.0627
23.2592
16.543
15.5664
15.9534
25.63
16.2898
20.6883
28.7681
31.8055
19.6073
28.1811
19.9071
15.8104
18.5596
18.2413
17.5082
19.4452
23.9053
19.5722
29.7439
18.7466
24.7011
21.7153
29.7001
29.205
18.7216
26.1039
21.3668
26.1527
21.1234
27.1898
29.564
27.0982
16.6592
18.4142
25.724
19.5243
18.6117
26.1322
31.8072
17.2267
19.627
15.411
16.952
24.3347
18.4767
17.9607
20.1716
17.1016
21.6331
18.945
17.4512
13.1376
13.7499
13.6463
31.775
18.5661
18.4703
20.5737
18.3176
25.2145
16.3262
19.3545
22.1099
16.0871
19.1514
16.5212
26.8493
20.0304
17.5279
24.3206
20.1722
21.0601
20.1608
29.023
18.9977
20.0405
19.3213
18.83
19.6309
24.3393
19.245
23.7222
16.2709
15.3937
29.0697
15.3118
22.7495
21.516
18.3195
22.3934
23.0131
16.2321
17.9994
21.3778
25.1578
27.3846
18.684
20.2672
19.1484
25.499
19.7232
23.464
18.5911
17.8343
18.7958
17.0443
21.1759
17.3215
16.9186
26.4771
18.2747
20.4315
17.7343
28.1403
16.7256
23.504
17.5974
20.0498
15.2248
22.1247
16.2732
17.3249
17.2887
31.3354
16.3684
23.3732
24.8771
13.3321
15.1146
15.0641
13.8481
24.7022
15.5282
21.6039
18.7514
28.2884
17.9354
26.8995
18.7537
29.5581
18.8505
27.8749
21.5273
19.5481
17.8134
18.7268
16.0751
15.0143
22.5873
18.2125
26.8019
18.4473
18.9576
17.0529
13.9235
16.9015
25.0174
16.2203
16.5873
15.0974
21.0066
14.5344
25.567
19.8046
19.6732
18.9272
16.2048
19.6858
18.4035
19.384
16.1955
18.8259
16.157
15.8604
28.7446
15.681
24.7597
23.8347
16.7568
16.3416
16.2145
13.4565
13.6444
14.6494
22.192
18.195
16.2509
17.7722
16.1019
17.6648
17.6962
27.012
19.9361
21.7178
16.3574
22.5701
23.869
25.9031
16.0521
18.8983
24.3725
24.2172
16.6211
16.2568
24.9765
23.2956
24.4913
11.2574
14.2266
17.4205
20.9769
20.6343
15.1885
21.9619
18.1026
16.8253
28.1736
30.0823
24.9625
14.9534
25.9571
20.3732
16.8384
22.1132
20.0909
21.4693
17.8025
24.6656
18.3511
16.7737
19.5951
26.1402
23.584
15.4137
25.497
20.9966
15.4274
20.836
17.1351
25.4223
15.2514
15.9026
18.4373
14.7634
24.441
14.8893
15.7396
18.666
16.191
26.426
17.4962
15.568
23.6304
17.1619
23.9678
15.16
24.7688
14.6028
16.7813
20.3995
18.9678
17.4015
16.1999
22.2223
25.4845
15.8981
15.8623
19.693
18.4676
26.3319
16.271
22.0636
27.6994
16.262
19.4218
26.2207
26.293
24.1409
28.8508
14.5501
16.2725
24.5475
21.3867
16.7283
25.1155
17.6998
16.0172
19.2056
33.1013
20.2301
25.6929
23.5852
16.8635
16.4445
14.7458
19.3056
15.9776
15.9845
16.7816
14.8647
20.3876
15.983
17.0316
17.0136
15.8402
16.8254
24.5007
22.0182
16.3628
22.4422
15.527
16.1725
14.2593
17.595
20.8568
20.816
17.1939
19.5254
15.8179
25.4222
15.099
24.6365
20.4745
19.0643
16.3952
18.1655
26.2754
26.0869
26.4188
19.9469
17.8498
21.2442
21.4125
16.3432
15.277
15.4155
24.72
15.7745
20.7709
19.8476
17.5807
20.0124
13.5843
15.8397
19.8276
15.3777
15.2251
14.8775
15.4046
25.9655
19.6579
17.3125
15.5804
23.1163
16.7842
20.7038
17.831
29.8742
23.9907
16.9856
16.1341
24.4042
19.754
25.828
12.4722
10.9695
13.2747
15.551
21.633
14.6216
15.2262
18.7675
19.5018
15.6241
23.6768
22.4417
23.3311
14.0392
27.4346
21.0589
23.446
23.9486
18.3071
26.8734
22.8734
26.4039
18.649
25.9407
18.408
19.8866
29.8855
26.597
27.7903
18.6645
17.6033
21.4419
19.5372
19.766
41.8482
21.3345
20.3762
20.7783
19.886
18.4278
31.2106
20.3518
22.1361
25.0464
29.3116
23.1621
21.2527
21.6041
20.6882
26.4738
27.4558
18.3498
25.6956
19.8496
17.4701
26.8386
20.1756
17.4521
30.2897
18.7251
35.2787
17.8014
27.3538
18.5735
25.7291
20.7167
30.5679
21.3823
22.3093
20.0292
24.3705
27.2248
22.2984
19.5681
35.1106
21.3031
31.4063
18.8309
33.5165
23.0315
29.6142
21.164
31.9686
29.8646
22.6158
22.664
21.069
25.4791
21.8045
26.7991
31.1189
22.727
21.5295
36.0848
26.8753
27.1966
18.7749
19.9739
32.308
20.9438
19.9854
18.5553
26.7139
21.096
21.9037
21.58
22.9403
23.4548
19.3261
25.2869
29.6646
22.6475
21.7849
20.3994
29.7103
24.072
31.1946
25.255
24.5758
20.7814
21.5547
24.4058
20.7028
28.8545
19.6883
31.5292
22.7033
37.4744
25.4557
19.4663
28.7784
20.9861
18.322
27.1969
17.572
18.3816
25.2295
17.4085
26.4137
21.3216
21.8107
23.7593
16.9905
18.6861
25.5364
29.9406
21.5575
29.9695
23.0715
15.3398
16.1837
18.3814
26.6852
19.8542
21.7349
32.0198
18.7721
23.0659
24.8591
20.0061
26.0117
19.3185
23.7434
19.7904
25.9549
29.346
18.627
26.588
23.339
17.5585
24.2084
19.693
20.1072
31.7663
18.8385
22.7726
20.6637
18.8364
26.0971
19.4083
27.5313
24.3706
24.787
22.9055
20.8672
26.1258
28.8509
31.4208
31.272
21.1329
28.2124
19.8299
38.0074
22.9271
37.3167
20.9266
29.8499
34.3441
23.6036
21.3702
27.31
20.4959
19.9064
20.9693
30.2779
35.4645
22.1888
20.3669
26.2949
29.4718
17.8084
23.6405
20.7027
23.6684
24.2542
24.8979
29.8901
28.6339
30.4113
18.7744
21.5076
22.1714
20.4331
22.4851
19.9138
25.1792
19.1441
20.8523
20.5877
28.6058
27.4403
18.0321
22.1952
28.6361
23.4348
18.4582
19.9622
23.4369
24.194
21.935
20.2047
22.059
18.7051
27.112
17.1146
19.5732
30.0687
20.6499
19.736
18.3489
18.8054
16.4959
17.6318
26.4375
19.7494
21.3837
18.1853
19.4426
33.1526
21.5026
19.1975
23.5501
22.9663
20.1216
29.6571
19.8706
27.556
19.759
17.7904
19.5476
23.6657
26.7625
21.1983
17.5044
21.7675
18.5703
29.0276
21.2978
17.8263
21.1422
29.4728
29.7002
23.5587
25.5529
19.754
20.8351
23.8063
25.5823
22.1111
17.8094
20.6239
19.854
18.4346
20.9346
26.0501
18.9349
18.1989
21.3601
18.8587
25.4073
20.6071
25.2635
20.0139
13.646
20.035
17.9496
36.4816
18.8941
24.7193
21.6636
22.7199
20.7242
23.6859
20.6399
22.6191
20.9981
20.2498
21.4919
21.2513
22.9231
22.0309
28.6838
28.6696
24.2684
19.2514
25.356
19.4721
26.4173
17.6744
32.7102
19.0774
18.4201
17.7221
17.7001
18.9792
29.9677
23.9219
22.4711
30.0691
25.0105
25.7064
18.9087
18.5315
23.3419
20.9747
19.6913
19.6817
20.2859
20.6971
17.9807
28.4466
20.8347
19.9235
18.2197
22.221
16.2163
22.4624
19.5904
17.649
23.3593
18.1416
19.9354
23.9229
22.5757
16.2853
19.5099
19.9963
24.6072
16.3767
20.801
16.4347
15.9537
17.4198
16.1909
19.1934
16.4393
16.0369
19.7716
17.0072
19.469
26.5809
16.8094
18.7322
19.9709
17.5035
28.6396
18.6032
17.772
21.4833
18.5287
18.9463
26.9266
20.5577
30.9721
29.696
25.3694
22.0678
26.71
18.2342
28.7659
16.7463
18.7419
31.4679
18.3277
28.2907
20.2532
21.6687
21.7492
18.6519
22.6358
26.5974
22.3904
16.7263
27.1715
19.9399
18.3797
19.5743
16.9124
19.4196
17.9065
21.6332
24.7807
19.5531
21.9966
19.1843
22.52
18.9288
17.3575
25.3262
18.8999
18.3725
22.791
17.297
18.431
16.2745
28.2464
17.2306
18.8339
24.5539
16.8931
28.0379
17.1884
26.4548
17.9439
26.5049
19.5779
28.5824
19.3671
26.0188
22.7536
18.2947
18.3536
28.1944
20.7481
26.9058
17.2501
25.8202
15.3159
15.2895
16.5395
16.3189
26.1212
15.9639
16.0538
18.4894
26.1019
15.4866
32.5676
19.1588
14.4393
16.5045
22.1938
18.2606
18.9763
18.6831
22.7017
18.3652
18.74
28.2233
26.8045
22.8156
15.6921
25.7239
19.309
19.3077
20.4498
27.6451
18.4178
27.7721
24.0415
18.1169
18.5271
28.301
21.5582
22.9333
18.5751
22.9286
19.1149
24.4935
24.9259
23.3237
26.4786
20.4133
17.6057
19.5723
18.9356
23.6842
21.1722
16.9848
18.2449
16.131
23.4073
14.8298
17.7722
28.1429
23.1149
26.0578
17.275
17.4018
16.6026
18.2218
20.495
17.6523
19.784
18.8212
17.1468
15.537
27.0371
17.7575
27.005
17.6305
17.4383
16.1808
24.4777
18.6647
17.426
31.79
20.128
18.1779
24.4223
19.3007
18.0597
16.4667
17.91
17.8768
24.7616
19.4341
16.979
19.5567
18.7713
17.905
18.4129
21.3978
25.444
16.947
23.5919
19.5771
17.6744
21.0229
18.0913
16.7517
20.4329
21.6098
26.7318
19.4596
28.5646
22.6621
20.4552
27.0891
18.2322
21.7379
16.0247
18.4724
23.314
18.1247
31.0153
30.6704
18.8135
25.5958
26.0348
15.2085
18.6001
15.9873
21.1706
18.1968
18.3354
15.5841
17.6004
19.9158
17.5973
20.8084
15.0816
21.7019
16.9658
16.1792
17.3323
18.449
16.3827
25.9845
23.789
19.8587
23.6975
15.8503
28.5694
24.4525
18.7623
25.0536
16.6684
18.1078
22.0316
17.9933
19.721
18.0426
20.8759
16.7281
17.9547
16.1696
17.1796
25.5423
28.1403
23.2058
30.3217
25.6765
13.9569
15.111
17.6153
20.1898
16.6957
16.5845
26.4421
21.9563
20.4827
19.2605
14.4738
15.6784
16.1775
21.0002
25.5011
17.1024
18.4449
16.9331
16.8549
27.8197
18.7178
19.1652
16.7748
16.1253
23.0799
15.7222
26.3101
20.5433
15.5245
20.1365
16.6177
15.9636
22.6061
18.4947
19.4946
18.4571
27.0373
17.7979
19.7647
17.4625
25.9129
24.9133
17.52
17.3839
28.4238
17.3853
20.7962
25.8497
18.2121
18.2972
22.7207
17.0696
23.2392
16.3988
22.0319
18.2414
26.4488
18.4813
18.0141
24.3624
17.5924
20.9318
17.3911
21.1084
18.7076
18.0785
18.8723
27.6683
24.3057
25.6856
21.1689
19.3188
22.2727
19.1978
18.102
19.5062
26.1495
28.2172
19.5762
26.5195
17.719
20.7736
18.6109
26.3272
26.0674
17.3415
22.8762
19.1092
16.1464
25.594
27.4819
16.7941
17.5111
16.2385
18.0934
22.416
24.5274
18.3558
17.4686
17.7786
16.6355
17.7109
19.432
21.8628
19.6928
17.2151
25.7028
19.5407
19.1245
27.6961
17.2489
21.9592
26.3013
19.2064
19.8871
26.4131
29.0585
19.794
27.3438
20.7797
27.6749
21.5154
20.8579
22.0147
21.4346
24.2908
18.1694
17.6389
24.6904
17.5807
19.07
20.0054
15.1702
19.2633
13.4166
14.6182
16.1374
16.5073
15.2744
16.2193
26.7132
22.1783
26.1335
17.2264
16.2345
25.7253
17.9664
17.6039
17.1376
16.6131
28.4602
22.6902
17.6002
21.552
18.0069
26.1906
26.8573
17.1419
21.0057
17.1535
21.4864
22.7259
21.1696
15.1472
15.1453
19.6644
27.1363
17.6631
19.3505
19.5279
17.6409
18.937
29.1066
19.3024
17.9868
19.7348
20.0073
16.0929
24.3265
19.9205
21.1528
17.7175
15.579
16.3505
21.3415
17.8828
20.005
22.5205
17.3655
18.4171
21.0467
25.7706
18.389
25.5569
26.4529
17.366
19.1136
30.1246
19.7534
18.0756
20.0022
19.8107
23.7946
19.9629
19.2691
19.5073
18.9397
18.1215
26.3535
17.8112
23.8718
26.8297
17.3865
28.4072
20.318
16.0847
17.9483
16.5168
28.3339
27.0491
20.9566
19.2151
23.8943
17.6689
24.0528
17.5195
21.2185
28.4915
21.7495
30.4976
23.8267
27.5015
18.7301
26.3013
19.5862
18.1051
25.9753
23.7462
18.7146
22.0581
16.6552
25.4086
17.124
18.2499
18.982
20.3142
21.4939
16.9837
26.9885
17.9389
17.9073
18.7639
20.0071
21.6498
21.329
17.6145
22.8454
17.7452
19.9325
20.0544
19.2276
20.0929
18.2575
20.0034
16.5419
24.7608
20.7703
16.6926
16.8768
30.7442
18.6206
27.8608
22.6681
16.6976
24.4129
17.6785
24.0979
18.9037
17.6168
18.7651
21.9241
20.1655
19.8531
24.8157
16.4481
31.1557
18.9979
23.8147
18.9986
23.2263
17.9603
21.0217
20.0013
25.1786
18.1648
23.4217
18.2692
26.4785
28.3809
20.3106
14.0814
19.2979
17.3938
17.6957
15.737
16.1426
25.3967
26.6557
17.4246
18.5681
33.4955
17.2857
29.7889
16.9651
20.29
12.8814
18.0522
16.3513
20.9906
18.0978
15.3436
17.1727
25.0732
15.9674
22.6037
24.7699
16.232
19.393
18.5038
23.2348
24.2676
15.8971
17.8786
21.9535
18.2238
18.7726
19.3259
19.1704
16.8281
24.3331
23.6844
17.9343
22.0129
23.0234
20.0434
21.2951
22.5717
16.354
15.3598
17.9889
17.3769
16.3564
14.8477
23.8715
19.0527
17.8379
22.562
17.3836
31.0136
20.928
26.5358
20.2301
27.5987
18.2203
26.7061
16.9262
23.6638
16.5379
17.2536
26.8709
22.1503
16.3166
17.6186
18.4094
18.2458
23.0662
18.0046
25.6453
15.2078
16.9746
25.4101
22.438
18.1582
17.2458
20.4454
16.9033
26.6201
27.1484
20.1008
14.9621
18.3968
15.8262
24.6019
14.1919
20.4485
23.7737
15.6655
27.53
15.9162
19.2294
18.4215
16.6017
22.7703
17.0776
27.9812
19.3294
20.6791
18.0482
18.0475
18.4653
15.6636
16.7761
24.0066
16.8495
24.3328
16.4403
29.1743
18.2024
21.4194
19.7053
17.3522
15.4444
19.9982
16.7034
23.3994
15.6118
23.4478
16.0583
27.1007
18.1053
18.9524
20.8769
19.1318
15.333
25.7049
15.4023
18.0719
17.3724
15.8432
20.4066
16.3784
27.1421
18.6173
24.6453
17.0623
23.9426
20.5736
16.148
17.3044
20.484
15.203
18.8219
25.3966
16.6867
24.3782
22.792
17.6159
24.6004
20.1354
24.6099
20.5275
24.2498
15.9032
16.6238
15.4244
33.0317
15.3335
16.5455
22.4317
17.9366
16.2263
17.1306
19.2213
18.9676
20.0358
14.9931
19.8806
17.6329
15.3248
24.2958
25.4141
18.7307
10.5207
15.4022
16.8426
17.4412
17.1354
17.2611
28.0038
18.8636
28.5832
17.8901
20.8855
22.5787
20.452
30.5748
22.1331
18.8107
19.0845
17.3814
18.6409
26.4362
18.4257
24.2422
17.9538
19.4583
18.1468
29.0728
17.5613
17.8586
29.9174
17.7538
24.9639
18.7001
26.3225
19.4298
20.0751
20.6849
17.8105
19.1466
17.196
18.2206
20.2272
25.3679
18.6017
17.6258
17.4559
18.6383
22.7339
18.6755
20.5056
16.8918
16.0816
18.6998
22.3765
18.681
22.0965
17.4037
23.6385
21.1666
18.1293
18.9371
20.7054
24.3384
19.0846
27.6502
24.1984
28.0237
24.0302
18.8074
25.8181
16.6002
30.0872
21.9152
18.8238
24.41
17.5165
17.5533
29.1304
18.1183
21.0932
19.2513
17.3971
26.5541
18.4116
23.6194
18.325
15.9634
15.7603
17.2581
17.8181
14.6469
17.8047
15.9182
14.6011
14.9651
25.7716
17.2011
17.7924
14.983
22.5403
13.005
14.4581
16.1872
24.9844
19.3791
16.2064
21.2025
17.7242
27.9818
26.7504
21.4799
16.8455
15.0583
18.6561
23.5393
16.9305
24.246
21.415
27.7405
18.758
25.1517
15.0529
23.6113
25.6084
16.6542
16.7272
20.2389
27.5237
19.2351
24.9597
19.871
18.0576
29.5252
19.4597
23.8984
19.3869
23.2812
27.3512
19.4267
27.4716
18.8538
17.3548
26.1955
18.3841
26.842
17.3574
16.2807
16.4327
17.0922
26.4753
24.8636
18.0268
18.5577
17.6328
20.9556
13.5961
12.7324
18.7717
18.0408
21.6939
17.5989
25.6301
17.8553
17.2137
17.0305
19.2622
15.4904
29.202
17.2132
25.9377
22.1496
17.0899
26.7795
18.1856
19.1403
23.8428
16.1001
18.367
27.3083
18.0425
28.4735
15.6747
21.1418
20.815
15.4061
15.997
14.8523
16.662
17.1356
21.1612
15.5806
17.6134
15.8563
15.6493
24.5824
18.6991
26.2407
17.892
18.6276
17.653
22.9586
16.4276
17.1676
18.2885
16.4672
26.0978
20.747
28.8776
18.0275
27.6218
17.0362
15.2873
18.5375
21.1238
17.0927
27.0444
15.8744
19.175
16.9554
18.1429
14.743
19.566
26.4761
15.5606
19.6984
26.2797
20.0737
23.286
27.8373
18.2007
20.5242
18.6849
19.4204
28.4185
17.59
27.6213
20.6866
20.1123
19.3998
19.7522
27.102
20.4411
23.2635
28.3855
22.5839
21.5613
19.1637
16.9877
23.2375
25.5605
22.3415
19.9634
18.8763
17.6334
24.8194
24.058
27.5251
17.7104
25.1
21.6377
19.9516
20.2819
26.6289
31.5211
25.8812
19.1725
24.0277
20.3001
24.8773
17.0015
23.5497
29.8532
23.7776
20.2339
26.3764
17.6638
28.1359
19.6158
32.1232
20.6875
29.7787
31.5052
18.2143
31.8905
18.7093
19.7101
21.4781
28.6512
17.153
19.0793
16.3425
17.924
18.1626
22.5482
16.8616
22.9302
17.9901
23.5546
18.5694
19.6831
18.4689
17.9602
14.2026
17.933
23.1142
15.5911
17.5094
20.883
16.9875
12.8667
21.5642
18.187
23.1936
17.7964
25.4053
24.3142
23.8499
27.2213
19.1062
31.0372
29.1047
23.2308
29.4636
20.6395
28.0831
19.6266
27.1734
17.2998
32.5004
22.838
24.2106
17.8433
23.8769
25.1152
20.3613
21.3163
22.545
19.5848
27.7387
18.1034
30.0009
17.9275
26.5668
20.1442
19.6854
17.0709
31.1212
22.7229
20.7433
30.1607
19.2062
19.1783
19.256
24.0555
31.9116
19.5326
24.0118
20.4901
20.9327
19.1565
28.0707
23.2497
17.9172
18.8321
19.6208
19.8026
30.8702
30.053
21.9103
20.8213
24.8351
19.5896
22.0988
28.9679
20.3159
28.9226
28.1628
29.386
17.4242
19.7028
20.4563
28.2575
18.4874
24.6781
20.4305
19.4437
29.1087
25.2887
25.4125
19.9423
31.2085
19.7088
18.3495
20.9056
32.5048
20.4279
27.9021
19.1086
25.0884
21.8024
21.3866
26.4667
23.7459
19.8137
28.0536
19.3113
29.8218
19.994
18.8805
18.4953
23.7548
23.191
18.1446
26.9736
17.9339
27.9073
19.4153
23.5998
24.821
20.5179
19.7396
26.5
20.0289
30.2981
19.5685
29.7044
19.3826
28.3345
27.5594
19.5524
21.3427
21.3811
28.9378
24.1538
20.9962
21.204
21.7695
30.6701
30.2285
28.4557
22.5527
26.8421
21.7799
17.9794
19.2686
28.6551
17.6384
17.4835
23.3497
17.0879
22.0667
19.9368
29.1768
33.4184
19.431
23.3913
20.7444
28.2354
22.711
25.7373
27.3817
15.0444
16.5345
32.5761
29.2547
24.9207
21.5756
22.7157
28.2308
30.5789
19.3655
27.5754
21.646
32.5366
19.9406
23.9236
33.4849
22.5363
29.3331
22.0337
21.5447
29.1317
19.068
18.2869
16.161
19.9342
29.4306
19.2052
24.1194
17.9578
28.7304
19.6102
20.4118
20.7584
18.71
21.7677
23.4041
21.3803
21.5274
19.489
29.4849
20.002
29.8781
18.8547
25.7605
25.7249
20.8662
35.6489
21.8506
21.7473
33.0303
22.2974
21.2785
20.439
27.3935
29.2249
22.2722
21.9883
21.5789
20.2745
18.806
20.7486
22.8583
20.6548
20.5351
27.3272
23.2842
18.4094
22.3246
18.7795
28.4217
22.6115
23.2951
27.7828
22.8212
22.0046
28.0176
21.4716
24.7402
26.3397
26.2704
21.3546
27.3108
21.9787
31.3945
20.2224
28.3424
24.9759
24.4812
34.1449
21.8823
27.085
21.3919
29.3369
21.1537
28.3241
18.874
29.8568
20.4541
18.5868
20.1391
22.2068
17.8427
17.9399
19.5628
34.9099
20.0215
19.854
19.1087
30.6645
25.2386
20.4005
24.6826
20.5339
29.6153
20.1779
28.4519
19.0979
27.8481
20.4435
29.2449
23.4874
23.0954
20.1269
19.789
20.8076
24.9475
20.6135
29.2286
21.2224
35.7879
24.1847
21.8172
19.6746
32.4797
21.4219
20.446
21.629
19.2205
22.2348
24.3886
15.543
18.6271
19.7597
17.1602
20.1085
17.2976
17.8291
24.4801
17.1971
21.6083
16.0197
17.9561
17.3898
16.8506
16.5995
10.6216
16.8523
16.2082
13.4803
15.6301
24.3234
13.0716
16.7091
21.7983
15.015
17.2731
17.4
27.1415
20.5269
19.8778
20.8875
23.6994
17.2291
17.0856
17.4111
16.1888
18.7237
14.2876
21.9742
14.2872
23.345
18.5568
14.8498
18.1325
15.0735
13.0936
20.4618
17.3456
15.0193
18.7085
13.0904
14.448
22.8757
13.7286
19.5599
15.1903
22.3218
35.5562
20.5823
22.4638
16.9651
26.62
20.3289
17.8573
23.5318
17.3416
24.6763
20.7104
15.7205
23.3387
20.7758
21.8134
18.9368
16.6542
26.3323
17.3829
16.5345
21.9059
17.8898
26.4084
16.5289
27.8505
18.508
20.5957
17.256
21.5703
17.3813
27.8792
16.6308
16.7877
15.6573
24.8664
24.0998
17.3709
26.9609
25.4742
23.5362
29.4141
18.4722
18.0282
29.5053
19.5313
27.8481
18.3161
17.6958
15.5848
17.8578
16.868
19.106
16.3265
17.116
15.9498
18.1823
30.6669
24.5443
19.1456
25.2483
17.8549
18.217
26.1294
17.6948
20.8927
16.9325
16.8407
18.6225
16.8901
15.3871
13.7432
19.5668
13.7271
22.105
21.8035
26.3406
15.9919
14.0808
15.5009
19.3204
17.4394
15.7915
17.7677
17.0636
21.8485
15.515
21.9663
17.2292
15.0782
18.8528
21.8679
15.6924
24.6531
16.8549
24.2779
24.5222
16.5777
19.4015
24.4982
30.976
21.6993
22.6793
17.2526
18.2788
20.1619
18.6375
26.8635
25.75
19.5268
27.8153
15.5957
13.5419
16.118
19.8989
21.1982
19.2594
20.3676
27.821
22.78
24.7534
18.5583
18.2339
19.0221
18.7425
19.669
15.9281
23.4067
17.3707
18.9791
23.527
16.3992
25.5859
16.4632
16.3926
27.2227
20.975
19.9198
16.5086
15.6833
18.6346
16.007
25.5442
14.6991
15.9784
16.9587
14.3327
16.9642
16.2918
16.5656
20.7093
16.8974
19.0035
16.5734
15.3942
14.9785
15.2424
22.2381
12.8819
21.094
16.2089
16.3704
15.2536
20.5948
14.7822
20.9918
15.8889
15.8194
14.3337
23.153
20.4577
14.0253
17.858
14.8164
14.0776
24.1705
14.342
24.4524
15.1504
18.7906
16.5765
19.7058
18.3301
18.008
18.6466
15.8084
28.2159
18.5916
19.8147
28.9493
20.3829
20.7781
31.9503
17.568
32.8875
27.2936
22.1086
22.5928
18.4712
25.6375
25.542
23.5494
20.424
16.8115
23.4131
17.4952
16.3423
16.6393
20.4355
21.8588
23.8168
19.1374
21.9803
25.0733
17.82
20.2442
35.095
20.1524
17.0033
22.9749
18.3903
24.4618
17.5534
23.1308
23.0817
17.7057
17.6685
22.1475
26.8734
19.8864
18.9702
17.7048
20.7916
17.1331
19.5742
17.7216
25.2483
16.7539
26.32
18.7228
17.3315
21.4471
18.9639
21.4412
16.7916
17.7419
22.042
15.9714
18.654
16.1866
15.0133
22.6128
26.3853
14.7428
20.375
23.3679
16.3295
20.6404
22.9098
18.4183
18.2669
19.5429
27.2276
18.1746
17.3518
20.2699
21.8985
19.4348
27.4001
20.1369
13.156
15.3903
21.2005
18.9096
18.916
15.7113
17.7356
17.3268
20.9444
17.0562
25.5319
30.9621
21.1437
21.7009
20.3283
18.3435
19.3997
16.7958
30.3536
18.0924
24.783
17.1859
17.5585
20.4739
18.0613
18.8732
31.8014
22.5532
34.6496
20.5108
19.2576
27.2458
20.3031
17.2188
21.1738
24.9213
18.2347
18.8371
18.7046
18.9125
17.33
21.7248
18.4356
25.3213
24.4302
19.9279
21.4479
19.1204
16.7734
20.2821
21.0108
17.9087
20.6301
24.5349
16.7261
24.4595
27.3911
22.5969
19.0665
21.7306
25.909
21.2032
15.7671
21.1167
15.66
14.2862
23.5524
21.7961
21.4216
17.0635
19.0052
16.4703
16.3102
25.8935
22.0574
16.2685
17.3583
26.8588
18.0575
24.0562
20.1224
19.268
25.2704
17.2728
24.774
22.4184
18.961
14.9575
32.9751
15.2746
17.1628
21.0328
17.2647
21.0942
16.6806
17.7131
18.1977
18.5419
25.104
21.3938
19.3596
28.7495
18.4114
19.374
26.6636
18.4741
18.9299
20.7168
19.7243
21.9834
17.6318
18.7771
24.0578
25.2333
17.6533
19.4929
19.5984
28.0764
27.6142
25.4536
17.3927
25.8115
24.9161
19.4526
26.2664
20.4526
24.0099
17.244
27.9159
18.6362
25.6196
17.6425
21.5608
17.8771
19.1623
28.3222
17.3679
16.3924
25.3731
17.1196
25.2499
23.6313
21.7303
15.951
24.4046
22.9414
16.9955
23.5869
18.7543
26.8549
17.7119
18.4423
12.2575
12.0281
23.4338
16.6593
22.6114
14.3054
14.5737
20.7926
15.0795
17.7177
17.2406
16.1409
17.0331
16.1325
24.8728
18.3023
22.3802
15.9762
28.1165
17.8399
19.4065
22.1408
23.1517
19.5046
34.8691
24.3379
29.0445
23.6404
17.33
21.7732
19.0365
25.4072
19.5435
16.1528
17.5043
19.4701
15.202
17.6369
28.3902
22.3445
15.4913
22.8958
23.0649
15.2572
19.7988
14.8153
21.5033
22.369
25.3421
19.7779
16.3996
24.5787
21.6775
19.0664
24.9231
16.5481
22.3906
25.7652
23.0855
17.9189
16.0336
20.5654
16.3533
29.8436
17.6649
24.2416
15.5017
27.2351
25.161
30.2564
16.0874
26.3482
17.6993
16.6668
25.5815
17.0455
24.6947
23.4823
17.9532
16.8453
18.9466
17.9796
22.672
25.8574
16.6458
20.9654
14.6362
22.0305
22.5399
15.259
14.5431
16.4769
15.1746
16.5872
17.3028
17.579
26.0264
20.7056
16.1295
20.6448
14.54
23.4194
18.8408
15.0955
23.9384
23.2266
17.8742
17.7461
15.6121
15.5575
16.1053
18.1366
16.345
16.5053
22.1729
18.6659
17.9263
24.2938
17.7135
15.2356
20.3769
19.9983
22.7533
14.9952
15.9885
19.2372
16.3499
15.2013
23.8766
16.9018
20.7948
16.0978
15.9407
23.893
14.1852
22.3312
20.9165
22.124
17.0059
16.3135
16.1301
25.0689
16.6158
19.5865
21.8344
27.0075
17.1476
18.7163
16.4936
16.4866
30.0978
19.6499
25.2695
16.1343
19.8415
23.0498
20.4508
17.0674
23.1101
19.5854
18.5886
22.8343
24.6412
15.7371
18.3062
22.273
15.1492
14.6586
13.4187
24.2005
15.8517
15.8963
16.8018
17.3106
24.7232
23.3567
17.1115
17.933
23.2598
16.1647
17.3041
23.9395
21.1259
17.8004
21.7149
19.6988
18.0521
23.8916
18.206
24.3555
14.2787
21.4931
20.3491
15.8119
22.9631
20.1338
18.1263
15.5448
21.1702
16.7636
21.9604
19.9785
16.2205
19.6333
14.5829
20.3171
16.6742
15.2344
16.2619
29.6251
18.4277
16.743
15.6305
20.8156
26.0734
19.6267
16.8143
18.7523
23.7111
15.1724
19.1557
18.7676
16.9227
16.0101
13.9583
14.2192
15.5315
23.0171
22.6059
26.4435
18.845
15.1921
16.593
17.8335
21.8817
19.9781
29.315
22.1624
16.3339
18.1047
15.9153
21.3661
17.6256
18.0023
27.3462
21.027
18.617
16.6663
17.8216
17.4083
20.0099
18.822
16.9146
25.4074
18.5063
19.6945
17.2573
27.7453
23.2367
21.3548
19.7551
16.8214
17.9931
21.2018
18.4335
16.148
23.1457
14.456
17.9342
25.0442
15.6362
27.9683
17.091
24.7745
21.8136
22.5337
27.8988
17.1096
20.3359
16.6269
23.0108
20.4205
15.857
18.4747
22.4955
18.0813
17.9406
18.5341
22.8159
17.1735
27.0732
20.8673
23.203
16.2176
21.0008
17.1799
20.7359
17.9833
22.3169
16.991
17.4033
24.6133
20.1175
24.9107
18.1695
18.687
20.2731
17.7931
22.1814
20.6883
19.4045
16.1997
19.948
17.9876
17.7873
18.4901
17.3137
16.8746
18.8456
17.8953
17.1397
19.9523
18.8285
22.8736
23.9627
18.1361
26.6289
20.4286
18.3363
21.9328
22.6443
22.0315
18.9798
12.857
13.0966
25.9432
22.2649
20.6816
20.9148
15.994
25.9359
18.0013
20.9553
23.4474
19.5309
24.5037
17.4059
14.9849
21.1779
16.8168
14.3415
19.9948
25.3789
16.8035
24.9139
17.2494
22.4579
27.441
24.457
25.4727
15.8676
18.9465
21.4764
31.828
23.2165
18.5583
18.1759
20.6181
25.6024
20.9983
26.5782
21.0508
20.1574
20.6305
20.1498
27.1311
17.136
22.5102
17.6467
30.9577
29.4114
25.1211
20.9509
18.3972
21.6915
28.0278
15.5915
20.2791
17.9575
24.6111
18.1012
17.5132
27.966
15.231
17.5332
18.9751
17.1326
19.6851
17.3293
25.3599
15.32
24.8992
18.3212
20.085
29.9297
18.9365
19.1131
28.9927
30.9457
21.0144
19.7037
21.1134
22.8546
19.0493
18.3782
19.9692
20.2876
29.7722
20.9353
24.8817
17.7954
18.9091
26.1624
22.8916
24.5331
15.7557
19.7033
16.3683
17.2566
19.3044
21.0984
20.5315
19.1975
17.2221
23.8727
19.4387
36.2429
19.903
20.741
27.9005
21.7004
21.9189
30.9763
27.2526
28.4963
20.1147
32.3202
20.1854
21.0403
36.3579
26.5274
33.3595
28.6213
20.6072
26.9078
20.9614
31.0217
24.1203
30.2521
22.7343
26.9419
29.6342
23.8905
24.8153
19.1761
16.0299
19.0769
32.473
17.4402
16.9196
20.1247
16.4063
21.3334
20.1315
26.8678
18.03
21.5051
19.0573
19.0408
20.1844
26.9026
31.9541
17.3216
18.7908
15.2098
22.6656
16.7268
22.9649
17.1884
16.3582
18.8249
19.26
28.0081
26.8712
20.047
18.726
22.2687
17.5002
21.7756
18.0999
23.6995
17.7389
23.596
18.5069
30.3562
17.8389
16.5983
24.4173
17.0197
20.8688
25.5054
25.4216
16.8734
18.334
26.1949
17.0348
27.8888
17.5516
27.0277
22.2168
27.8463
25.0472
20.8535
28.5205
22.9997
24.5026
21.0505
31.5191
22.5527
27.9687
20.1791
26.1066
22.7566
23.991
24.2819
23.4783
21.0589
34.1496
25.0482
20.6782
21.8133
19.9287
21.2037
21.3418
23.8447
24.0363
20.6306
24.4637
21.1722
17.8168
17.1246
16.4597
16.0897
15.8653
21.9571
18.6422
29.2324
32.2569
18.1864
19.3266
21.1058
19.1249
19.4116
23.6272
18.3972
20.4007
19.3796
24.4969
17.5365
19.6582
23.8396
22.9631
20.463
21.7576
20.6615
20.3431
28.7098
20.677
25.8023
29.1326
21.4814
21.6496
29.2581
24.3844
19.5601
29.5236
21.0528
18.0019
32.6654
21.4886
19.4302
23.2584
18.7783
21.2438
20.4662
33.6136
28.7018
24.5288
36.8114
20.8385
31.7392
25.9208
21.4821
30.6609
31.1206
22.0128
21.8436
21.1039
24.4725
20.2348
21.8188
28.6814
21.2431
27.9168
22.3931
26.8534
17.823
23.7943
20.5369
20.8405
20.1499
35.5932
23.1345
24.1206
16.6469
28.4274
18.468
27.4866
25.3527
30.8995
25.1573
21.3283
31.8387
22.6563
15.8098
31.2776
19.0497
21.0045
20.1092
32.422
26.1209
24.1188
20.6868
18.4771
24.987
19.0941
41.9363
22.7068
34.0194
22.3214
22.2317
20.2126
30.708
22.1418
24.4533
29.5167
30.9738
19.3798
21.943
19.0588
19.0819
28.7531
27.1306
31.7935
24.6366
19.3621
22.995
23.2364
18.6995
27.0493
19.0376
30.1535
20.2304
25.2497
30.5928
22.7478
30.1162
20.0879
31.1725
31.425
22.618
22.7995
25.9936
26.4727
19.9719
27.3749
21.3697
28.0637
23.6614
25.4703
25.9755
18.8426
21.9417
21.1086
28.7415
22.7231
22.624
19.1781
29.0665
21.849
24.0479
28.9826
19.5094
20.6239
29.2047
21.1277
26.1779
20.01
26.3309
35.7715
18.7255
22.9909
19.784
20.5067
22.1357
29.0168
22.8711
25.1825
19.0584
20.5323
31.0405
26.8144
16.7762
26.0841
19.3815
23.0274
18.7925
25.2733
18.524
18.6763
18.139
16.1597
21.9776
19.7155
21.1492
25.3824
15.4382
21.2727
18.0948
12.0938
12.9683
21.1694
18.1745
16.4793
13.6338
14.7738
17.1105
16.0697
19.1492
21.1037
17.5434
22.553
14.6751
14.4624
17.6976
15.5189
14.6084
22.3104
15.7138
25.0001
18.1083
17.0613
14.7979
24.0965
26.8346
23.6541
17.6233
18.4091
16.8523
24.117
15.7652
16.629
18.7342
22.6118
21.5472
18.4235
21.6787
22.5787
16.9307
17.4782
21.9011
16.1178
21.5504
18.419
22.8277
19.2435
13.898
12.5648
12.5137
14.9571
14.5659
19.1634
14.1905
26.5745
17.2408
22.4509
17.0146
21.7353
17.7404
20.0948
16.5801
25.6481
15.0715
24.1558
19.1371
26.687
25.2414
16.5248
17.8934
19.3938
17.5342
23.0171
18.6164
28.3287
24.4066
16.7559
20.3176
16.4107
18.6154
24.5837
22.5624
19.1757
23.053
17.6176
26.1645
17.2463
23.1602
16.7843
19.5308
23.923
19.1941
24.8887
17.0156
24.6058
18.2438
18.0486
22.4788
18.1794
27.8091
18.3809
18.7741
17.1922
26.5082
24.6646
20.3991
19.5293
18.2991
16.9803
23.8215
17.3089
20.4407
24.2724
15.7109
25.6084
16.9734
18.3383
20.6057
18.9607
28.7266
17.7886
26.6063
16.502
21.6164
16.0466
18.123
15.771
30.1711
18.5559
17.3507
19.7312
20.0818
21.7909
15.7005
18.5678
25.0217
17.3511
18.4246
20.2776
23.6895
24.7467
17.5946
17.7221
24.4517
19.4052
18.3423
27.8557
22.7262
19.4868
23.5929
19.8317
27.9967
22.4607
19.001
17.8319
24.1951
18.2881
16.4848
17.0619
19.9627
23.8354
17.9866
27.4863
20.9494
18.8659
18.0495
19.7984
16.2295
24.1315
19.0483
23.8446
29.6712
16.7182
18.9893
17.7259
20.2852
17.0798
19.4273
15.4708
22.3895
17.8842
21.4969
16.5248
25.9184
16.332
22.6757
19.2724
21.1122
14.231
25.5966
16.9912
14.8207
18.9413
20.7095
15.7386
16.2564
19.5346
19.3787
19.0642
21.2077
20.775
17.6712
17.5731
23.805
19.0312
21.641
19.1735
17.3968
23.803
19.0826
31.1306
17.8497
30.7428
14.2088
11.2697
19.2188
20.0322
17.4835
16.7389
24.4097
14.8713
19.0345
18.6473
14.7093
16.0653
22.1217
22.2558
26.5649
19.5441
28.9892
19.0538
18.1481
26.9801
17.4961
27.9758
23.15
22.5921
23.1988
16.9187
16.4004
23.0546
16.3597
17.2229
16.0278
23.0097
16.9562
24.5989
18.4497
17.5888
20.0562
25.6698
15.7653
26.8187
18.9914
26.2015
19.9349
29.4751
16.2342
15.8708
16.9642
26.861
17.0693
27.7257
17.9668
26.3179
16.941
19.7444
18.551
25.1439
16.6187
28.3841
15.1967
18.7773
16.6714
20.349
25.9449
21.7937
18.5365
22.4229
25.1771
19.7112
16.4985
20.9307
17.8315
26.9402
17.6668
17.9436
18.856
20.7619
15.7333
28.9347
19.9718
17.677
16.8483
28.5158
29.3651
22.6215
21.7076
22.1642
22.4457
18.7442
17.0515
18.255
25.127
18.9655
21.0723
17.8047
25.101
24.7782
18.6436
20.7345
16.7837
16.4592
14.8797
15.1617
22.8277
17.3632
26.1592
18.4378
23.3374
17.9238
26.3149
15.8944
27.4857
18.5896
17.9404
28.7805
18.0954
16.9174
20.0123
18.3775
28.2687
18.1033
26.0434
18.8196
19.4015
15.8752
21.6319
20.0367
25.8147
17.2455
32.0322
24.068
20.6012
22.4026
18.9155
20.637
18.8456
21.4005
18.9762
21.3269
20.9906
25.7623
18.1808
18.9201
24.2279
17.6056
17.1613
16.7056
16.1074
26.7356
16.8276
26.445
19.4489
19.0623
28.2306
17.6902
13.6214
16.8816
20.537
20.7976
25.3453
16.3414
19.2493
21.068
23.2177
20.3561
18.5708
19.1273
24.4354
18.137
25.56
24.8747
18.2315
21.6532
25.9772
19.484
17.8909
28.4629
21.0986
19.9047
20.8947
34.7727
18.3816
29.0277
20.2927
23.7233
18.1121
22.6763
16.8148
17.4401
22.9273
32.7957
26.5839
26.1668
21.0442
27.6789
28.2776
26.4983
20.8655
28.6432
19.8244
25.8336
22.8212
17.5429
23.3416
21.1699
18.908
18.1013
19.2355
23.5606
18.92
27.2721
19.1582
23.5178
18.0769
19.7617
17.0334
18.183
18.5333
19.1745
18.5021
18.4225
21.4318
23.2837
23.2529
17.6891
32.4683
21.4943
21.5012
18.1149
19.4531
35.6165
17.7301
25.5684
19.0774
18.8608
23.1456
17.0605
27.1301
24.8754
20.4726
25.8374
17.3658
18.1388
30.4442
19.5801
16.8065
20.7065
18.2106
24.1017
20.1934
22.8269
18.3579
23.566
25.1708
32.3624
20.0511
20.497
22.3832
16.3382
22.828
16.6522
20.7227
16.2013
21.1875
16.247
25.1703
28.5965
19.9437
26.5969
21.9211
16.7414
29.1873
21.3771
26.6385
17.3073
17.0449
17.6328
17.8121
19.509
17.4303
16.9812
35.1068
17.9901
19.7836
18.3548
23.7109
17.7797
27.1952
18.036
16.5719
17.735
17.6525
17.359
19.6477
18.8386
26.1323
20.9352
26.8454
21.4091
16.4962
26.3898
21.8426
25.5094
18.7063
16.0287
19.9131
19.3686
20.3055
15.553
12.8417
15.6392
18.2278
22.1648
17.549
19.8308
17.2706
18.6579
22.2386
16.8198
20.6483
20.8624
16.2242
22.69
15.9028
17.008
19.4992
17.0765
20.1687
18.7799
21.2969
18.463
19.3334
19.1411
18.6419
17.0304
25.7288
16.4488
20.034
20.3941
19.3225
16.9976
25.782
18.3761
24.9003
17.411
23.1153
25.6392
20.2799
27.0963
18.9523
17.2134
25.6629
18.8849
17.9046
12.6971
14.5336
15.7354
16.3269
20.992
14.8436
21.6457
17.9343
17.2367
21.1957
13.4672
16.0253
22.0935
16.3086
21.725
26.2434
17.1913
16.7322
17.154
15.6339
22.2537
17.8493
17.4844
20.263
18.0332
16.6374
18.3231
17.4429
17.1818
17.9246
22.9022
31.5078
16.3411
22.4451
15.5314
16.4615
17.5499
23.9755
19.2647
17.1788
22.526
20.9172
17.9321
24.3243
17.4416
26.2594
14.6147
14.4312
17.1551
13.9493
23.2055
13.9986
22.7215
17.9447
21.488
20.8176
21.8682
19.4179
16.37
20.5052
16.057
23.3761
18.9841
20.5301
17.8205
24.9108
16.1552
15.3186
16.8092
18.2587
16.1654
17.3565
25.0892
16.0501
26.0798
23.7868
17.2482
19.4205
23.8329
16.5541
26.008
17.9407
20.8117
23.1011
20.6968
17.8735
20.5348
21.723
15.0673
16.3949
23.704
24.3469
16.3808
25.0041
19.3592
13.2594
16.0295
17.2207
15.2182
14.8375
18.4857
17.2212
20.5616
14.0007
17.3359
17.2159
19.8407
18.6602
16.3169
25.1491
15.3065
22.7674
15.6417
21.297
16.7905
21.2565
21.4689
18.0452
21.4497
14.8687
20.4019
16.3752
20.8856
13.9036
13.5153
13.8553
18.7183
14.8134
18.6339
16.5046
17.5452
16.1427
18.3851
18.2967
17.4319
16.3759
17.0138
16.9496
18.2103
18.7479
17.7972
15.6469
17.9561
18.502
25.8639
18.3068
18.8883
16.3829
25.0711
23.0955
19.0038
20.174
16.2991
17.5329
26.0298
20.4077
17.5764
20.1313
16.5104
16.8486
20.5642
16.3621
20.943
16.8704
16.6315
17.0519
18.3266
20.593
18.3351
18.1715
27.7185
25.2868
18.4352
18.2763
21.7598
18.3354
18.086
27.7766
21.0256
31.7521
19.6293
21.0191
18.2501
27.947
16.977
17.3408
18.9807
18.1658
20.209
18.4372
23.8442
17.1022
15.0065
17.6074
17.5814
20.0293
20.148
18.4425
26.5761
18.5098
18.9919
19.0317
21.9802
23.2651
19.9986
22.228
17.5126
22.2429
24.8444
19.4121
21.4178
17.8555
21.3718
18.1534
27.3503
28.5258
22.239
18.8782
26.3397
22.3398
22.2846
22.8968
17.9352
19.7989
23.321
18.3799
19.7885
33.5352
28.5558
18.8848
25.0638
19.8283
17.1007
20.9497
18.4038
20.8249
18.5452
20.5574
17.1233
26.7982
18.0852
21.1713
17.8108
26.5688
16.3939
27.4805
18.481
19.1591
21.196
17.9446
20.5616
17.9669
21.2761
16.9262
21.9155
23.1576
22.2322
22.9052
18.2453
20.075
16.8303
20.6166
20.4893
17.2918
33.7941
21.3318
22.946
19.2831
19.7341
19.8755
18.9199
18.7853
18.1327
17.4948
18.0747
18.1849
18.8164
15.1613
19.3009
23.7933
17.9604
16.6031
16.8127
19.1083
16.2444
16.8953
15.8331
17.0545
22.0234
22.4429
16.0663
12.9902
17.1117
19.1861
19.417
20.2278
21.5929
19.8492
23.353
20.1094
20.0873
20.1821
26.6512
17.8533
21.2964
19.2471
19.0771
28.6116
27.2146
17.9304
23.1695
24.1189
19.6284
18.8705
20.4705
20.768
22.7339
21.4124
29.3812
16.6394
25.5339
15.8668
26.3589
15.4667
17.8902
18.4636
18.2795
26.0433
21.6152
18.4203
17.8648
17.2981
19.2175
15.4004
32.0615
19.0759
22.2635
18.7739
29.1116
20.6128
19.0174
22.5041
17.6938
27.2455
21.0999
23.9948
24.0877
18.9041
18.9581
18.3425
16.6887
27.942
20.5231
28.9777
22.2483
23.9514
18.8682
26.3529
27.6576
19.3997
19.2814
22.6212
23.4481
19.5367
26.3459
18.1441
18.4746
17.2804
19.5131
23.3545
15.5864
28.9704
21.6287
18.4336
17.3609
20.0824
19.5901
22.2094
20.1571
16.4009
28.6374
19.6224
25.3978
26.0841
21.7555
18.2931
30.0379
20.3758
16.0501
24.0775
16.2849
25.1796
16.7877
18.9235
30.4744
19.9789
27.6884
23.9289
16.979
21.5505
21.1478
19.3225
16.878
17.7683
26.1696
22.6574
19.1948
23.8047
22.3383
22.9338
17.0219
18.5553
17.3894
15.4567
14.401
15.8609
16.8191
20.9028
15.9865
17.8299
16.1538
18.9
18.0331
14.9639
14.5658
23.9372
15.646
25.6974
16.8697
15.3471
26.8818
20.1453
25.216
19.116
27.6731
17.2129
21.6418
17.8136
16.4932
15.7403
18.4783
23.4263
14.6813
23.6815
15.3161
16.968
15.5085
17.9675
18.9136
16.8165
16.5328
18.9286
17.6074
14.9569
21.8809
14.3451
11.5581
13.7193
14.4833
15.112
18.0033
20.4376
14.9136
15.6524
16.4311
15.4088
17.4918
19.0321
16.8114
19.9518
16.9903
20.8204
17.8774
15.4736
15.2986
13.6151
15.4848
14.0886
20.2561
14.9249
20.8374
18.065
17.4669
18.9335
25.3053
16.7644
23.1462
21.3016
19.2134
24.8908
19.9332
19.4329
19.5979
20.7203
21.3145
27.9709
18.8133
19.5502
20.4515
30.4674
18.8445
18.5515
19.2712
19.6583
29.6274
17.545
21.0368
18.3438
26.7466
22.3
16.1284
25.3249
17.5116
22.4605
18.7691
26.1058
25.9167
29.001
18.532
30.6381
20.9358
26.8941
18.7696
21.0441
17.8439
21.6326
22.0745
30.183
22.1552
19.1091
21.0783
25.4988
27.8135
20.2749
26.8238
19.4453
31.1373
22.2971
18.8292
18.5093
25.5046
18.3545
29.5495
17.7416
23.4259
19.444
18.4514
24.1601
16.3076
23.9518
23.0329
26.8759
30.3093
28.8396
18.4243
21.1421
19.4782
26.2689
20.0081
22.6005
17.8522
29.7831
20.8355
25.5502
17.2675
25.1683
18.175
17.6927
18.6684
18.3673
20.7154
18.6743
19.3074
17.9264
17.4509
28.4887
29.2791
20.9054
19.2551
24.5376
19.4871
22.8423
18.9574
23.197
17.8769
18.3909
15.5731
16.8411
19.689
25.9052
19.8414
19.2143
21.8282
16.25
28.5096
21.6618
25.8359
18.0899
19.7408
24.5241
17.9428
22.7647
18.1843
17.3296
19.6965
19.1965
24.0042
17.4429
19.2524
13.5007
22.6359
17.1156
18.5546
18.4148
31.4957
19.2638
22.2211
23.9435
19.0377
21.2284
26.7366
31.3024
22.4306
17.8965
23.9621
17.7782
18.0989
30.7123
26.1912
17.5499
22.6192
26.3478
17.4249
19.2033
17.0981
21.4682
27.5652
19.7027
23.3945
17.8902
28.1905
18.2818
28.1892
17.7172
30.6581
18.5189
28.4326
19.1653
27.6892
29.7782
21.461
17.8231
18.981
16.2641
27.943
17.1184
16.9919
17.9177
17.1268
24.9092
15.1717
29.3869
17.0989
18.2317
27.7615
19.8808
17.2109
18.8655
15.3499
14.9816
24.1488
18.7795
19.5415
20.7209
17.7154
18.9802
22.8581
16.3927
16.858
27.35
33.4849
17.4443
27.4678
16.7967
35.0222
27.6487
18.7482
27.6643
17.9458
23.7782
21.3003
16.2357
23.8198
18.9255
18.4942
25.1845
17.0952
19.9932
19.7726
30.1069
18.7279
31.0639
22.0689
31.0267
20.5798
36.8965
25.8366
21.3498
20.2367
19.9402
25.5256
22.2379
33.5506
35.3129
19.5058
35.0454
23.3275
19.4896
22.3882
25.5244
21.2426
30.8264
31.6283
20.9989
32.4734
20.0191
28.9106
23.523
21.3048
22.1467
35.6779
20.5187
31.1406
20.5361
25.0256
21.7956
18.9725
28.4066
18.4096
19.577
19.2296
19.6214
25.164
17.7523
21.1639
16.5386
16.3001
16.4571
26.3041
21.5333
16.6068
22.7581
19.0018
17.1779
26.0019
17.1608
23.8343
15.7818
17.1018
15.0512
19.0461
13.2531
10.8435
11.9316
22.1074
18.8252
16.117
16.1267
17.737
18.9174
19.9267
24.4489
18.006
24.7425
16.1894
20.0857
19.3212
18.0572
25.9975
25.7565
16.0043
18.1943
20.2326
18.6821
20.3338
16.0585
25.7197
19.9256
17.2663
22.6336
16.7679
27.6856
16.7584
19.9359
17.1429
19.3142
15.4592
16.6915
18.1451
19.7709
16.7425
18.8337
25.5311
18.8774
26.4648
20.2561
23.6554
17.1929
21.5484
15.8664
18.9847
17.6097
20.5439
16.8392
17.9752
29.8972
29.5373
16.0751
26.6203
16.4586
27.5634
20.285
17.3567
17.4024
21.3228
17.3631
17.7042
16.4106
17.5108
22.3043
28.7141
21.4804
30.8592
18.7006
22.8988
19.925
16.0962
16.7693
24.4535
15.3184
16.3885
15.4753
15.8937
18.1403
19.5909
16.8393
17.6852
15.2993
16.4133
21.1093
21.2324
24.2926
14.6664
24.2333
15.4589
16.8975
13.2192
17.97
17.3391
15.3514
22.3791
18.6046
16.1612
19.0879
17.5387
17.5732
16.4582
17.7822
16.1641
23.4919
21.8185
25.6177
16.1074
27.8622
16.5513
16.5775
17.5888
16.2336
24.6328
28.5338
22.1508
17.8403
20.4771
15.8818
21.5858
16.7898
16.8869
26.0369
16.1528
16.4687
14.6434
24.3159
17.0436
19.3198
16.816
22.6763
19.2389
17.533
17.4354
17.104
16.6867
26.017
17.1539
24.8362
18.1455
21.5219
17.1042
23.1953
22.4932
21.5095
22.1253
18.4979
18.2005
18.3422
18.1682
22.3265
17.9666
18.472
19.9159
24.5152
19.2798
23.3256
21.0034
19.237
30.9901
24.975
30.9119
12.9346
13.2316
17.6521
21.0822
31.34
18.0987
27.0806
18.4731
20.1976
28.7363
17.704
20.0739
17.2553
29.2479
18.9954
19.0166
17.8271
25.7847
16.6805
18.0283
15.4271
14.7283
16.3438
16.7427
26.9832
18.3562
14.8134
15.935
17.0015
22.3452
17.5755
22.1448
16.6493
20.058
25.2219
16.9313
22.9322
17.5187
18.0696
19.2949
19.603
17
19.2588
20.5791
16.583
20.0034
21.6833
17.6169
17.998
17.6319
15.4333
22.7491
15.1716
15.3581
15.1279
24.6256
16.6441
23.4771
22.4053
18.4317
17.0574
18.5356
22.0248
17.6593
23.1009
16.9958
19.0022
15.4158
16.6723
25.3062
23.0619
22.2566
20.3113
17.3951
23.7433
16.3691
24.0284
23.1828
18.3893
22.0773
24.3063
17.876
19.0465
30.6499
21.0763
20.642
24.8485
23.6499
20.6401
20.3324
19.0387
20.3103
21.6526
21.6641
20.3536
17.71
18.5112
24.8807
19.7042
21.446
20.8302
24.3693
29.8829
19.4192
21.121
24.6948
18.8035
21.319
22.3683
25.4655
19.4215
24.3739
22.5035
20.1254
31.9981
20.3974
20.0865
21.8872
23.6179
14.9182
18.88
19.8194
19.6476
27.2019
19.6911
22.0659
18.1797
25.5593
19.0995
18.0241
16.001
20.6833
17.1835
18.8749
22.8057
17.5972
21.7468
19.971
17.9523
17.0936
18.3815
28.2435
18.2585
18.3449
31.5249
19.2886
18.6514
18.6321
15.3186
18.5655
18.5717
20.3731
21.903
17.2723
29.2982
19.6301
17.2358
18.352
24.7309
18.0205
18.5229
22.5618
16.9249
25.0625
17.4668
18.761
21.1802
22.4869
13.9877
14.1656
13.5091
14.3937
15.2757
24.595
19.2561
19.8461
17.0445
21.1467
17.4338
18.1693
24.7794
14.9047
19.5418
22.3162
16.5197
18.7818
16.3635
15.9048
16.8508
22.2798
16.4606
17.9798
27.0007
16.2985
18.5684
16.1756
22.424
14.2092
18.2297
24.0459
24.3343
19.7475
16.9448
27.1109
19.4408
18.0074
18.1534
24.1483
18.6122
25.2591
21.7982
19.0681
17.0821
18.3601
16.1514
17.3639
17.4486
17.7209
20.171
16.9901
15.821
27.5229
17.9562
27.3768
18.5828
20.3702
22.8581
20.3784
16.1774
18.6765
18.0591
24.8159
17.2236
17.3472
18.2948
24.7674
18.1871
22.2494
18.4088
18.2058
23.0328
17.7014
27.1619
26.3798
18.4261
23.2488
28.5727
26.3162
31.6036
28.4075
17.3076
20.3889
23.7037
26.3908
18.9823
26.7212
18.4547
25.6261
23.3481
19.7423
28.9164
22.8046
17.0818
22.7879
18.9749
22.8572
16.9097
17.5773
18.2729
20.0874
23.6732
17.4155
25.4368
19.4586
31.033
21.3617
21.3418
18.5044
16.101
25.5368
20.2086
26.5558
27.9327
21.909
23.6435
19.2217
26.256
18.1175
17.9294
17.6454
17.5034
26.5817
20.1844
18.4847
22.4223
17.5253
26.4219
17.7998
20.7948
20.4579
22.7682
17.44
16.7798
20.2863
15.913
25.0094
17.0404
18.4538
23.0817
17.1429
15.9034
21.5926
15.6402
20.0401
19.0688
23.6224
18.9702
18.6224
18.597
19.9912
19.9909
16.3566
15.6568
20.4994
15.5142
26.5681
18.3482
27.5328
18.0664
29.252
22.6963
22.8951
17.1884
18.4327
22.804
27.9673
15.5836
11.9274
16.2816
23.7884
16.9124
21.5616
20.1369
18.2249
16.8202
21.136
19.8896
16.4439
16.4032
20.3666
17.5
17.2557
18.3698
17.2279
17.8771
19.0779
17.3767
16.767
16.5962
24.9643
18.4573
15.6023
21.5922
28.1772
17.1523
23.108
16.3193
19.2347
25.7218
20.0152
18.4509
17.4683
19.0818
23.4522
17.2327
18.2771
17.3546
17.7241
17.1283
17.1095
18.675
19.0423
16.4733
27.9226
26.3715
20.4507
16.9129
24.3884
20.1869
25.8153
16.2879
19.8244
16.5795
15.9029
17.3758
15.5566
16.7824
22.9395
20.6098
14.6716
17.772
14.0759
19.9722
20.1806
18.9225
28.1052
15.895
25.5848
16.7075
25.3702
14.7201
21.2822
22.6771
19.0507
15.8177
23.3274
18.6231
24.4329
19.3686
18.9712
15.7911
16.4612
21.1312
20.1602
15.1146
16.7099
19.14
16.926
15.504
16.9867
16.8383
15.3138
22.6817
18.6417
16.3379
16.4002
16.7321
15.2056
17.3981
14.2441
15.0574
18.7787
18.2948
22.586
17.5295
19.0377
15.7557
15.597
22.6321
17.0181
20.673
22.9122
18.2516
15.1508
13.4705
17.5773
20.8755
17.1551
20.8588
13.7027
22.2413
14.5195
12.9568
13.3377
21.0278
17.5471
23.3068
14.8914
21.4299
18.1398
20.8544
17.5811
21.3796
16.1259
22.1972
17.1039
17.3718
17.62
17.9402
19.4868
22.5278
17.753
18.6266
16.8436
14.6997
24.2603
14.7053
26.545
15.2942
15.9631
13.8624
20.4247
15.5867
11.1183
14.9983
17.8734
17.9226
26.0096
18.7246
16.3313
27.7673
18.6833
16.2047
20.2851
16.8476
20.8067
17.722
22.5747
15.8781
24.2211
15.5233
15.7112
17.2686
15.6998
19.6943
19.4267
16.3644
24.5515
14.9879
28.5322
14.7464
27.0412
17.3625
25.5659
21.7829
18.1814
16.5174
17.1573
18.3412
25.4829
20.1602
21.9308
17.6504
15.4836
13.9731
17.9768
23.3581
18.1492
19.7941
16.9251
25.8016
21.9508
15.9994
15.3253
27.2049
23.9777
16.0689
20.7517
21.2232
14.7415
27.2664
19.7091
25.0674
22.4187
14.5551
22.661
17.3972
24.0721
14.2119
15.7862
15.2117
19.0107
14.2134
25.7574
21.3077
17.7186
15.5762
17.134
20.8958
16.7492
23.0892
16.6367
22.1712
20.0951
21.1758
15.242
18.0364
14.4585
16.8703
16.2244
18.7669
13.023
17.0217
15.2459
13.5927
15.2594
25.7941
19.5622
18.936
22.4966
21.1889
17.3556
18.1421
20.2161
17.0954
24.6723
18.0349
19.0853
22.9085
17.5421
26.9049
28.1893
18.3506
25.0185
17.4902
17.4885
17.1285
18.8237
22.8089
17.624
25.8494
22.8878
16.5959
16.6596
26.6927
21.2199
19.1149
24.0715
16.8729
19.4232
18.0203
22.2149
18.7479
17.6016
20.6011
15.5358
20.0432
17.7096
23.2914
16.1199
23.3541
23.4786
26.8404
24.264
25.5807
19.7556
18.3811
19.7112
17.4728
23.3029
18.9176
31.0193
20.6504
27.3612
27.05
24.9332
19.9974
23.4888
18.4005
20.977
24.6703
22.0782
20.0973
20.2827
13.4267
13.8665
20.0823
18.3352
16.6826
23.3845
15.8022
29.4254
19.2752
17.6909
17.3313
21.2883
16.2451
17.106
22.6651
22.0263
15.6398
19.5791
13.6402
23.4315
16.3192
21.2597
16.7813
16.3811
15.733
25.6485
23.2651
21.699
18.6509
18.0562
20.2741
15.5419
21.7032
21.566
16.6634
28.4219
20.9227
15.9885
22.8633
16.5925
16.2873
20.0413
22.28
18.2764
19.0903
16.4067
16.6555
23.8231
17.0999
19.9123
25.2242
17.0436
27.0571
17.9873
18.5832
22.3339
18.7479
19.4854
28.3302
20.2716
19.1167
19.8585
18.6606
20.1598
22.4547
20.6473
15.8049
18.0549
21.9774
22.6267
26.7493
20.1916
21.8793
22.5944
18.0692
16.8907
18.6541
23.0866
17.4508
26.9354
18.7853
17.6783
18.1373
25.8686
23.3509
23.0936
17.2133
16.1752
24.7472
17.841
16.1887
27.0758
23.286
24.8725
24.419
26.269
23.446
25.5258
17.1393
18.669
22.0479
25.1177
26.8254
16.2419
23.9027
24.2065
18.3547
17.776
22.9235
18.2497
23.1913
18.9341
26.494
20.6382
19.9938
19.4591
16.6341
24.1265
18.6222
15.3432
27.8642
16.1489
24.7648
15.0415
20.475
15.696
18.9827
17.0416
17.7535
22.1834
20.6956
16.9012
31.9931
21.5532
18.4964
16.5189
16.7477
23.5307
24.5538
15.6614
29.9616
19.083
18.987
15.6916
17.1875
18.1847
27.8056
26.3254
16.3762
20.8145
19.784
22.5883
16.0934
31.7693
21.7107
17.8399
26.2366
15.0048
17.1315
22.6925
16.4405
17.4302
17.7414
19.229
16.749
23.1819
17.9226
13.7237
18.2265
18.306
24.1329
19.4496
18.8869
18.0837
19.6513
19.4852
20.8918
18.1153
26.0369
17.1906
22.9123
24.5058
17.9492
15.9039
18.187
17.9332
16.899
27.2107
20.4206
20.6008
17.9172
25.7189
15.5474
20.9571
17.8055
20.4206
17.487
22.3912
16.0593
15.9926
17.3301
18.4607
25.5622
20.4432
18.8767
16.5926
15.9123
18.9265
25.323
15.2924
19.5493
16.5325
18.1269
21.9968
17.4736
20.4075
18.4764
18.0546
24.7966
17.3424
14.7861
16.9908
17.5938
22.814
18.7797
20.8528
14.8313
19.1015
15.9076
17.4384
16.0253
17.2316
15.9763
22.6193
23.4162
15.6361
19.2561
16.8557
15.3738
17.7816
17.1212
25.233
27.4521
20.6618
22.3597
22.2684
16.4235
27.9295
18.6525
27.179
19.7603
21.3082
19.7471
19.2107
23.5528
17.0638
30.6483
26.8908
28.4031
18.3228
29.1488
18.8585
30.3681
18.6497
25.113
17.2568
22.9843
19.8978
18.7094
24.8973
17.121
17.4991
18.8526
31.1258
22.2687
31.7295
19.9259
23.4258
21.9788
30.2617
27.0997
20.2159
27.1715
18.9933
24.1073
20.2703
19.5086
27.2532
27.5127
18.1326
24.1494
18.9241
30.7454
21.0083
33.9761
33.5081
21.1098
28.59
19.89
27.5634
24.0489
20.1804
25.581
18.2689
22.6506
20.1137
19.428
18.9954
21.3788
20.2055
20.5882
32.374
22.0871
20.5983
22.3065
19.1291
31.9766
32.3255
17.9022
13.6583
17.9589
21.6158
30.1823
18.0848
23.3927
18.554
24.4938
18.7524
22.0045
19.3933
21.2759
20.5691
26.5243
23.837
22.5741
18.5049
25.1361
19.3763
20.7521
19.1371
27.3801
31.2808
24.2541
19.7258
21.1499
18.9597
18.2559
33.6261
25.3067
20.3208
34.4447
22.2524
23.4699
20.9264
21.4642
31.1206
29.3953
18.4866
21.0009
19.9562
18.6039
20.5012
20.8142
19.131
20.0768
19.841
32.5275
27.8878
19.5284
20.3033
29.196
23.29
21.336
30.5126
27.5831
25.8672
19.5311
36.4518
24.1541
20.2048
30.1534
21.5706
31.949
19.284
31.1901
25.7945
25.0267
32.3563
36.3541
23.9889
35.828
20.7396
33.1039
20.7138
32.983
22.2704
21.0809
27.8175
20.1963
21.7313
31.8759
31.1678
30.9688
21.0049
24.8555
26.6085
22.1311
27.3561
23.1562
20.6838
21.7478
29.3349
25.5591
20.8072
18.4279
23.493
28.0577
20.5215
27.5324
19.9776
37.1927
21.3272
23.4416
30.1803
26.6974
22.1708
18.5882
20.6602
21.7606
30.9835
28.9485
21.1658
21.8203
22.5689
19.4313
33.87
20.6812
31.015
22.6898
23.7341
22.7768
19.9378
21.997
21.701
20.505
22.4977
28.8623
26.0442
31.8558
20.821
28.1799
22.1087
22.6081
21.6863
32.1807
23.2714
21.581
29.4215
18.8419
26.2886
19.4273
20.3063
29.4952
20.7365
33.4095
22.08
25.2067
22.1942
24.1886
20.1
24.1071
34.3876
17.9225
17.3655
22.4879
26.1193
22.4994
21.4609
20.85
20.8254
29.3067
19.1465
23.6197
20.9245
28.0147
21.1793
31.2619
21.9191
28.8388
32.215
37.5808
21.4671
22.6105
23.8862
20.4707
31.8003
29.107
21.9793
31.1186
32.8584
23.1582
20.2325
22.6519
23.0458
35.7354
20.8574
23.3869
31.2102
24.2948
33.1129
22.9209
21.9189
23.2935
27.7779
20.4478
23.6668
32.4175
22.9977
28.4789
19.8369
33.7766
25.4847
21.3878
22.0572
31.8169
21.1338
29.3477
21.0973
19.8719
31.022
33.0969
25.5838
34.4363
22.3284
19.7171
23.0869
22.7421
25.1302
21.903
23.5413
20.238
29.2983
20.0151
25.7858
21.162
19.8567
21.3579
20.0617
26.9621
23.2999
32.7012
28.0697
40.2124
23.7858
23.5514
31.5706
21.2015
27.3796
32.3701
20.8724
31.0435
27.6468
22.012
32.7848
24.1012
23.2825
23.4835
21.6603
26.0388
31.4062
30.0396
28.8195
22.4697
24.1923
22.2172
20.4539
29.1938
27.5828
22.0776
25.6481
27.5773
21.1073
21.4385
26.6618
31.185
22.2401
29.9525
20.9513
30.7113
24.4878
21.8597
34.5696
19.8478
21.3107
17.6616
24.8095
23.1984
28.8017
21.0343
19.1524
28.2497
30.3047
22.8296
30.0387
22.648
28.1292
21.3041
33.4937
18.8672
20.5552
26.9781
27.3649
23.5933
30.4292
20.0518
25.7046
17.4013
19.3344
27.2659
18.0726
19.8899
22.0791
26.8622
20.0126
26.4802
15.722
16.9733
16.3607
24.8432
18.2574
18.6031
17.4139
27.3
26.7984
27.6593
17.2262
28.4416
28.0028
27.7768
18.07
20.299
17.3133
16.8021
33.4302
20.7544
30.2998
22.0416
18.6257
19.8376
26.219
28.7064
19.5837
24.8583
20.1779
25.4558
19.2133
24.4245
17.7614
27.8972
20.4765
19.0406
18.9793
28.0889
25.0985
18.3809
33.1847
25.0179
29.34
23.686
18.8867
32.6775
19.7111
20.7863
21.444
25.6068
32.1063
19.5007
29.5196
20.4952
19.876
21.9391
19.4465
20.3725
23.7111
31.782
21.4625
20.2695
26.1448
23.4211
18.8483
20.8632
21.8507
20.1389
35.8285
15.197
27.8624
20.4171
30.1482
19.2496
32.0406
24.5237
30.4917
22.856
27.5049
29.2754
28.263
30.4215
22.9997
26.029
21.2827
28.1904
19.7563
17.0507
23.2234
19.0661
19.6956
23.9626
15.0366
15.3094
17.3048
13.9502
20.879
16.5058
13.0491
14.8297
26.8633
13.3429
18.0535
18.5447
13.814
16.3436
15.9076
14.0294
24.329
19.2583
23.2752
16.8827
21.0108
16.8308
21.5182
15.9674
26.5723
21.4769
23.7269
24.0836
20.4185
28.7556
20.211
26.0874
22.521
20.3104
21.6984
33.5214
25.2729
21.7081
21.5311
20.1379
17.7613
20.89
20.396
15.5094
21.3205
22.093
22.8443
13.4376
22.3603
14.5145
19.3991
18.8253
23.2217
17.9978
16.1988
23.3696
17.6052
17.0697
22.735
19.5018
11.2349
12.394
12.6842
13.6876
17.0666
15.995
23.7605
19.865
17.0471
15.8965
19.0083
17.1946
15.3914
18.9636
18.4456
17.5907
14.7664
23.385
15.6442
15.4175
15.8486
14.5655
20.7115
19.4045
25.6445
17.2578
16.9414
16.7718
17.1255
15.9504
17.652
22.1377
15.5272
15.1761
21.3152
16.8348
18.2211
17.1269
14.2487
18.6829
13.0192
22.8111
14.5547
15.1359
16.1549
13.1291
12.9543
14.5876
19.9157
13.0516
19.9121
15.3102
20.146
17.5952
20.4026
15.9716
14.1562
21.4651
23.5451
17.7747
13.3041
15.0033
16.4541
18.6571
17.2781
24.3396
17.0082
18.2003
17.8646
15.4325
17.4869
23.5754
17.8433
17.374
17.2251
17.4722
25.1436
29.7557
20.5504
18.1723
17.3272
20.2597
28.4444
17.9575
24.6046
15.3684
18.0929
21.2573
13.3309
17.2537
14.9111
16.5221
16.1898
15.3261
22.2192
13.9861
15.9587
16.9052
15.4466
19.2464
21.1884
17.6038
29.1628
22.3524
23.6545
17.4141
24.4559
21.206
15.7727
15.0255
14.6676
14.021
16.7142
17.31
15.0502
20.2367
21.9116
16.2307
13.9371
14.7934
17.2808
22.8234
13.0685
25.9174
20.5107
14.3366
16.1393
12.082
12.1531
15.0632
11.7167
13.9705
18.6221
13.0291
16.2039
15.7518
16.5652
14.6231
22.4699
15.4122
14.822
15.6355
15.7998
15.2143
21.9642
20.4913
16.0503
18.1124
17.8478
25.7773
17.6822
22.7037
17.6106
14.3574
24.7686
19.759
23.0458
16.6878
19.3353
13.9149
19.8111
14.8233
21.2773
18.0533
14.5233
15.8134
22.6087
13.4746
14.227
13.824
33.8075
22.8938
19.3474
17.6287
17.3758
17.8493
16.7244
18.9481
13.7876
14.369
21.1343
16.1906
25.8959
23.968
19.0514
19.9437
27.6689
18.4869
25.2642
28.5556
19.1407
24.1663
18.8638
22.1452
18.8521
25.901
19.9842
22.6799
17.2554
19.7393
25.3992
16.4901
24.6664
25.134
21.9061
17.234
30.9542
19.3479
18.9492
18.6467
26.6216
18.3744
18.8497
18.3192
27.2119
20.9924
18.6336
17.182
21.6973
20.9371
20.3927
18.1474
16.0767
23.5395
23.3616
19.4482
16.9838
14.0411
26.7789
17.3732
21.4664
14.2116
21.4983
23.0445
14.0979
21.4147
20.274
14.359
20.4446
14.6388
26.545
15.6663
24.9172
18.4224
25.0903
20.788
17.4361
25.8367
28.3121
18.842
16.4449
25.684
19.8894
15.6923
28.8607
18.7948
17.2292
19.1278
17.64
24.3904
22.568
26.7994
18.0629
17.6045
19.9201
18.5312
23.6123
23.6252
20.6093
15.8124
21.108
15.3848
19.3958
18.2279
20.1394
16.1357
16.101
22.5294
17.5366
15.6033
15.6463
21.0907
16.9405
27.0743
19.0095
19.0658
15.894
21.7974
18.6344
17.1748
23.9252
19.8805
20.6079
20.3659
16.6946
18.216
16.1507
15.4233
16.0454
18.9108
22.8491
24.49
17.4446
16.5514
16.9401
16.5131
22.6895
20.1006
22.5563
16.5025
21.1993
16.6178
19.5789
18.8735
18.8769
19.2712
14.8118
22.5306
15.5219
9.93833
12.3443
14.5143
14.3466
17.4231
17.5054
17.4992
17.1519
18.6742
17.0788
18.3475
22.8124
24.4654
19.0232
32.844
19.281
18.7479
20.8023
20.1863
18.5782
23.9079
17.5855
18.722
22.6391
16.2482
17.182
17.3712
15.9319
16.0742
14.5564
12.8956
15.4741
14.0584
17.0427
19.3049
17.6075
20.8641
24.7113
20.1205
23.3348
26.8376
17.3959
24.9632
17.7166
19.2104
18.1407
21.3662
18.8869
17.9131
15.295
17.0784
25.1225
23.1705
18.2174
21.3049
21.9925
13.6304
17.0687
16.6446
19.0318
14.9762
24.6678
19.4624
17.9085
22.402
16.7733
19.3947
19.8692
19.6964
16.4949
21.9703
28.1222
28.2371
23.7477
29.4122
18.0356
16.1046
16.6251
20.0024
21.9003
20.1855
16.1942
20.765
21.6996
18.8305
18.1688
21.4345
15.6334
27.0982
18.3968
18.6094
16.1571
27.3435
19.8693
19.738
20.4058
16.3049
22.4308
18.3443
18.4325
18.1342
18.527
30.4964
23.7956
22.8389
22.3663
18.3669
23.1061
22.2826
16.3522
20.7162
22.4377
18.8464
25.1063
23.9271
16.9218
27.3526
20.2101
27.2366
19.0091
23.2445
19.8576
22.6153
20.4796
21.051
18.4953
19.0553
25.8352
21.373
18.6528
19.3711
26.0685
18.8472
19.5515
19.842
24.7944
24.1296
21.4742
16.9471
20.6003
18.1007
19.7271
23.3566
22.6151
22.2199
24.31
23.0739
21.4179
15.8298
17.0138
17.8542
14.5162
18.2285
12.2428
13.9492
20.3042
15.886
20.6406
18.4615
18.6366
17.5659
31.6667
19.5276
22.1981
30.1407
21.6212
22.6036
16.2813
20.3112
17.0335
20.6343
23.2908
15.5345
20.3322
20.9845
20.7244
21.4436
19.4057
20.8213
20.5525
16.9058
21.8887
16.6624
21.0664
25.2832
21.9011
18.965
18.8327
18.0631
18.2881
15.0728
26.0444
16.8508
24.8972
19.1609
20.9004
25.6578
18.6698
18.4596
36.3862
19.7527
22.6989
22.0559
18.2537
19.3943
30.9132
20.0292
23.7529
21.3442
18.9454
23.2071
18.0947
22.843
25.182
23.8159
16.5553
26.7123
15.0198
17.8294
21.9462
19.7203
17.6712
27.9272
21.4582
20.016
19.9236
19.005
15.2681
15.1232
16.9339
21.4383
18.266
16.5772
20.2946
19.2664
15.3175
19.6953
17.8687
22.4929
16.5596
24.5519
20.9786
23.1783
23.676
18.8025
23.4407
18.575
15.9907
23.2353
22.6479
24.7575
16.7847
20.8252
15.1681
20.1272
16.6814
23.7737
28.2347
21.438
18.5528
18.1943
19.4888
20.8501
15.5594
23.9985
25.323
16.9352
16.6259
26.3616
25.1229
19.926
17.488
32.5712
16.4844
19.3174
19.1116
14.2662
18.8727
14.0639
15.6044
19.9188
17.6973
17.9037
16.9947
19.4557
17.5087
20.1574
26.4973
21.2961
16.8102
25.1904
21.2308
18.1313
22.9779
18.1769
19.2915
22.1589
17.2093
23.5932
23.4757
24.3216
17.5009
22.2195
23.0858
18.9271
12.8479
22.4037
18.113
20.7185
17.1625
20.9927
24.2511
20.6298
26.4549
20.8997
25.7862
22.6818
18.304
20.8087
15.149
20.0441
23.3304
24.0294
30.2068
25.3392
28.2849
19.5985
18.6633
25.5952
19.8244
21.179
17.3828
19.0264
23.7124
15.593
21.9913
26.148
20.6871
25.5983
19.1791
22.9533
17.874
15.3476
16.8789
18.2535
22.7259
16.321
16.4563
19.1232
22.1792
16.5817
18.3046
14.9112
16.5795
16.5826
27.2377
16.9354
24.3526
27.8474
17.6954
17.0097
21.2258
16.2797
17.0838
16.6406
27.9507
19.0502
27.5135
17.9314
21.7169
18.9868
17.1301
26.2427
17.6198
18.8005
25.4005
22.0036
26.8831
19.2197
15.8946
18.7538
14.0704
21.5025
15.0607
23.0719
16.6654
28.9985
14.8799
16.2368
16.9489
27.33
20.0665
22.6743
29.0538
17.4251
19.8385
15.86
23.3878
24.1039
20.0389
16.3871
19.2069
19.3485
14.628
15.4149
23.5382
14.2782
14.6119
15.3832
14.6145
18.4819
16.5914
22.8779
16.9558
15.9975
17.5598
15.8565
16.2257
15.112
26.1166
17.5136
17.8801
17.7943
17.291
21.2766
16.0112
20.0396
17.5155
20.5474
10.7934
9.95433
9.2664
13.4676
15.7754
12.9337
17.1098
19.4564
26.8847
24.7728
21.82
27.9154
16.6902
23.8555
16.5472
16.1234
24.3023
23.7473
17.5687
17.7793
19.2918
17.263
18.3657
18.1193
18.2256
16.8814
16.8388
15.7394
19.5812
18.604
27.7013
16.8559
19.468
21.1095
20.0486
25.9922
17.9832
20.0545
16.0387
26.4043
16.988
21.7501
18.1824
20.124
20.7374
21.3135
22.1208
25.6446
13.1805
20.7989
20.9694
16.8247
16.2461
16.5649
21.6747
18.05
16.5212
23.5258
18.8448
16.5379
26.7962
17.6836
22.2918
18.6631
26.5418
19.3218
17.1846
16.7037
17.555
17.4215
17.2412
24.7432
18.1907
18.4879
23.2919
16.8068
25.8669
18.5166
20.8017
24.8858
15.9392
18.3569
17.4168
20.6016
29.2535
17.8532
21.0648
22.3007
26.0579
17.2786
19.668
17.7536
28.3684
18.4253
20.0115
27.6559
16.404
21.1858
17.9873
16.8249
23.017
16.1314
23.0467
21.7826
21.2852
19.4673
15.9437
18.1435
16.0347
15.6474
16.8161
16.8502
17.1729
27.3655
15.9925
25.9501
18.1666
18.5215
15.8011
25.7169
18.2272
25.5062
16.8427
17.4135
24.4736
18.4615
27.1462
17.2229
24.0776
26.3336
24.6698
18.5149
21.9561
18.8164
23.4798
20.4098
26.7454
16.9349
19.6357
17.2919
19.8535
24.1857
25.2927
19.1046
16.6113
29.3059
23.0033
25.1212
16.804
16.891
19.2488
15.7739
18.3546
20.5545
20.1103
14.3512
12.2547
18.9366
19.4655
15.353
17.3158
23.6229
22.0724
23.394
21.2242
16.5806
15.0597
24.5541
16.4015
24.7356
15.6516
16.8042
17.7068
19.223
16.6833
18.5123
14.5581
16.3903
18.4799
22.5165
16.7181
20.2527
16.9696
15.7132
15.4081
21.2117
20.2303
16.0079
24.5684
19.8463
20.792
16.7522
16.6091
15.9348
28.4896
16.5974
19.0709
20.2786
24.1879
17.8706
29.5199
19.1254
22.2425
17.411
18.2404
19.32
17.5439
19.6269
20.4559
18.6113
25.2035
26.3226
22.2224
16.1198
17.9844
16.1624
22.8025
17.9009
19.2917
19.021
17.2428
15.8542
21.425
18.3742
21.8547
27.2305
17.0631
16.5321
16.4865
24.8326
23.1562
20.5343
16.6495
25.2967
27.5275
24.4809
17.5843
17.5239
19.8185
16.3554
18.3615
17.2795
29.7006
16.4584
19.5554
23.5558
18.9027
17.9487
19.677
17.3004
14.4868
23.9649
17.0228
15.1493
19.8867
24.3852
15.7776
16.6237
18.4205
18.1746
19.898
14.284
23.7274
21.8953
23.7087
15.0159
16.5825
20.9786
19.6575
19.6571
23.3565
21.371
17.5501
21.1835
19.1215
21.3781
16.6317
18.413
25.5187
25.7338
17.4708
24.5657
18.9052
17.1485
15.9898
14.815
21.1999
20.1634
16.7913
30.4555
14.1812
18.5902
14.5654
19.5393
21.7779
21.8611
16.7425
18.0488
15.1066
18.294
17.1936
15.096
23.8668
25.6803
20.3183
24.348
22.7056
14.9815
10.7741
16.4696
17.597
18.3041
15.898
20.4559
16.6104
13.5542
23.6086
23.6438
20.1121
14.7828
19.5991
19.5664
22.6725
17.7221
17.5733
19.1684