42.4243
24.86
24.1438
23.5359
42.7255
23.0038
23.3234
25.5862
31.8392
32.771
31.2986
23.6539
23.9718
24.604
23.3904
23.8329
23.8074
23.7307
24.1276
31.9599
23.4552
25.0567
27.2461
31.2087
32.4953
24.5618
35.9429
23.1061
22.7169
23.545
50.4202
31.2073
48.182
23.6133
24.0234
26.2059
43.0733
23.5019
24.4076
23.863
25.4495
25.4515
24.8665
23.1529
38.5023
23.8965
40.0045
27.1373
23.1133
39.1195
39.1547
26.3118
24.3044
24.6515
48.4462
40.8741
23.2463
41.7226
23.1608
23.3018
23.9494
24.9002
23.874
24.6614
35.6395
28.4598
23.8884
26.2787
36.9634
31.9508
23.4278
25.0588
24.6917
24.1416
25.9761
46.1407
43.8002
23.8196
24.6974
43.3038
24.1583
23.8191
43.758
21.7859
22.7579
21.2925
30.1251
40.8994
22.1251
23.9342
23.7353
23.9735
22.0273
23.4901
24.3919
25.6602
20.9033
19.9866
22.5313
40.7967
29.4563
39.0535
20.8591
22.5185
20.4225
21.3223
21.4874
20.6763
25.9775
21.3791
40.1555
38.3013
22.8816
21.2618
23.1076
23.3879
34.5562
22.3818
39.9243
26.0497
24.4894
24.0601
23.6237
24.1872
22.8042
42.9812
23.7698
22.2729
21.4951
21.4097
20.1328
35.0573
20.901
22.0826
24.6229
19.8088
25.113
20.4901
38.6693
20.9207
36.094
22.7379
29.7788
20.9925
40.4198
31.0423
20.7329
30.7594
32.1046
20.415
23.8875
20.7765
41.1316
24.5338
57.4159
31.9373
24.5678
24.6579
33.4839
25.8939
25.4554
23.4559
23.4109
22.841
32.3723
26.7571
47.9467
25.1115
42.1132
24.6674
38.4463
45.6208
23.7296
26.6359
23.1972
22.3874
23.4612
22.3205
22.665
21.2516
24.034
23.6021
21.3025
22.3265
31.4506
43.6398
53.7896
47.3841
22.5095
21.4795
22.8712
22.2196
38.2533
22.26
33.3419
24.2099
39.1295
27.6278
20.6617
22.7847
20.9921
19.5989
23.5868
19.5105
21.9905
21.7018
37.5521
35.7
20.2666
21.776
19.3872
19.3859
30.8991
29.3792
20.2822
20.3064
37.1814
20.1105
20.8662
21.3693
40.6209
22.6794
19.1502
37.2775
39.0798
42.5539
26.9777
19.7404
20.6104
44.2856
32.9982
21.7736
47.2562
39.7954
22.4977
23.5623
41.8279
22.9352
25.3289
22.3445
29.6671
25.1791
30.1038
23.3919
27.6574
23.1281
25.2714
24.8365
26.7941
47.4126
44.7843
39.8848
25.3016
37.9399
44.4171
32.0873
35.3463
23.8637
25.1008
39.4518
27.7583
24.4373
39.758
40.4536
42.6902
23.2317
36.5512
24.5962
23.9666
24.4146
31.1666
23.9328
33.223
26.3798
23.2392
38.3808
23.7529
23.288
23.5497
23.4923
36.1378
34.2536
23.7491
36.0371
23.1379
22.2062
22.4969
22.2055
50.9638
23.1381
52.5839
40.3866
36.0743
32.3372
41.1643
23.9944
22.8114
37.716
23.6759
22.7378
22.8977
23.098
22.7575
22.3877
23.2727
22.7794
31.422
27.3359
21.4118
22.3995
39.6988
23.2692
22.8258
23.5513
23.0155
24.3944
23.3871
22.6932
33.1915
21.7848
22.7598
22.8472
45.5528
23.2506
22.9504
23.7853
24.5063
27.5644
39.33
23.109
23.7821
25.8267
23.723
22.0842
40.6937
22.3525
52.0465
23.8516
25.702
24.1707
23.0895
24.1146
23.3968
23.9969
45.312
23.0913
22.916
23.8146
24.3023
24.1339
24.5361
22.5627
40.0485
23.8541
24.0025
22.9486
27.4075
49.2444
22.4975
23.6364
23.1511
23.6719
22.6522
23.2168
27.5469
22.6305
22.5686
22.9755
23.7235
43.2362
22.8708
40.6306
24.081
24.4058
24.8666
41.0997
24.7947
22.6995
52.7355
23.4734
34.5105
40.8833
24.5423
22.6772
55.8571
52.7992
32.2083
23.3227
23.3686
23.3935
22.7138
21.9068
22.6628
26.8815
32.205
22.5404
41.5173
23.0226
23.5309
23.7817
23.4154
22.302
22.6573
24.2941
23.2827
23.4451
50.9885
51.0519
24.304
42.7426
22.5701
22.9606
23.5569
23.789
23.5393
22.83
41.0723
32.8357
22.4321
23.6837
24.4508
22.8137
24.0144
35.8841
20.8736
33.22
20.7396
21.8843
31.41
19.4837
34.5712
19.8381
22.0891
20.9563
20.7042
18.0076
32.7295
32.9895
18.9471
19.4081
21.2941
18.9524
36.2226
41.2032
20.3193
21.3026
32.1267
21.0461
21.1475
21.7807
21.3911
20.2481
27.6216
19.9223
19.2411
21.2764
21.4445
31.8016
32.9057
47.4773
20.5349
21.8729
38.6791
48.8003
22.3559
22.9275
20.4223
46.6861
21.6146
23.2868
21.7567
20.5656
36.1965
21.7937
23.3833
22.8959
23.0298
22.9685
23.4556
21.8492
21.2161
21.5951
22.1432
22.398
21.7752
21.3375
23.9587
43.7736
22.5355
24.1246
37.7996
35.872
22.8348
21.7794
25.3163
21.8396
20.6192
22.9441
20.708
24.3413
21.9639
42.2874
25.4764
23.0223
25.249
23.832
25.6735
28.3536
28.5276
22.5056
33.6256
24.7958
22.7748
20.0098
21.3727
21.4075
20.2099
21.6526
40.6546
31.5291
40.0999
35.0632
35.6217
21.2353
26.0731
22.5502
20.6553
20.8596
21.0823
21.45
20.9766
20.0867
21.4399
20.4852
21.1773
25.3976
21.8319
20.8638
22.4155
23.6823
21.0554
25.5293
21.7813
21.115
20.9976
22.5471
21.5296
20.779
20.9203
45.7102
24.2337
22.9341
21.1263
32.6178
39.0443
22.6092
21.5787
30.7708
23.1321
23.9824
22.7265
22.7765
21.6626
20.9327
21.7612
22.2563
23.0412
22.8663
21.9864
26.2531
22.3645
22.7221
22.4985
22.0786
22.2646
21.9044
21.9674
27.2373
23.0209
25.5091
23.3733
23.0805
22.2736
23.4277
22.9978
39.6976
26.0316
27.708
21.3122
22.7166
25.4773
21.9603
23.0718
23.0605
51.3014
35.1065
32.2301
26.3421
24.6648
20.9577
40.4532
24.112
22.7571
23.218
23.9872
29.4244
32.3308
24.6462
22.732
23.4519
23.9984
24.3916
23.2237
23.1352
23.4898
23.0686
22.2543
26.0294
25.0629
21.5714
24.4773
22.0472
22.2936
22.7016
21.6537
22.9023
21.6317
49.8807
25.0564
23.8884
22.7036
23.487
23.985
24.2251
22.2956
54.162
22.3894
24.5803
26.3635
22.5864
40.1233
39.3457
22.4932
51.0657
25.2094
27.5302
24.5287
22.8697
22.7642
22.5668
22.3571
33.5009
39.9141
38.3986
22.0219
21.8535
21.8633
39.9446
23.3518
22.902
29.082
23.4174
24.6869
22.3154
23.1124
22.4451
23.3481
24.0542
23.1705
22.2329
35.4272
31.9092
22.4129
21.9741
23.1165
21.9686
21.305
24.1794
21.2904
21.311
20.2817
21.6448
21.9864
22.4547
38.059
21.8546
20.9221
21.6006
21.1041
23.827
43.074
22.0291
21.7272
22.0519
22.9142
22.8832
21.8576
25.5546
22.0903
23.1779
22.3188
24.1751
23.6501
22.8225
23.0546
37.4184
22.4029
24.6881
34.5052
27.122
23.2771
24.6599
24.2317
25.6791
23.33
23.6711
23.5363
22.7866
22.9447
35.255
22.3647
21.9556
30.8485
22.1449
35.7136
23.2544
21.9908
23.0591
33.211
21.6914
23.4921
22.8675
20.3436
22.7173
22.197
23.8403
27.359
21.7273
21.9669
21.0481
21.4365
21.0835
20.3399
21.323
21.1872
22.191
23.3821
30.6078
46.8441
22.3378
22.9065
21.6085
21.4209
21.9826
43.1642
35.2735
21.619
21.0156
21.9517
21.5666
21.1344
22.6856
21.3018
21.0325
20.621
20.6062
27.0532
22.7267
21.3679
23.2158
22.8254
36.2602
33.1665
20.8935
21.4992
21.5435
21.791
21.5986
21.2308
22.0037
23.674
21.1553
19.3589
20.2774
21.7624
29.7112
21.264
21.0072
20.4465
43.8007
25.7842
20.1193
34.1048
25.0376
20.0275
21.9822
22.0928
30.961
24.9786
20.163
21.1333
20.2584
20.7598
20.9009
19.7801
21.1607
19.5626
20.0694
19.7616
21.8394
19.0929
19.3053
27.1927
19.9494
20.3565
20.3898
19.9356
20.065
27.664
20.709
20.3944
21.1107
21.3633
19.9432
31.3185
31.6304
19.9554
21.6855
24.8211
19.8661
23.6848
20.9057
40.9502
30.4065
21.8636
35.8573
26.5861
35.6992
23.9769
24.2424
22.2915
19.4928
19.5556
19.5938
19.3082
20.0802
22.7177
21.0274
20.3522
21.0227
20.299
28.9206
20.3819
38.0205
37.5843
21.0789
20.2514
23.8961
23.7375
27.9484
33.9278
42.442
23.0086
23.4364
24.3511
24.0219
23.7455
23.6624
52.3435
26.7538
23.0735
24.6615
24.7256
25.9622
27.2714
24.289
24.4774
24.1515
25.1515
56.0887
50.1518
42.1261
28.487
28.4278
25.0311
24.9531
43.3381
41.1499
24.6706
24.9616
23.7591
37.821
39.2907
23.9304
23.992
25.2458
25.4894
33.0026
24.2808
25.4881
26.3424
24.8569
49.615
37.5011
25.308
26.1041
42.4975
26.1315
26.0591
25.7153
24.9849
25.2939
27.5164
37.5521
26.0969
29.7964
37.0146
26.4827
26.3986
25.8268
26.5277
33.4287
25.8945
26.5017
26.0712
26.3742
26.3314
26.3959
26.9846
25.2698
26.6628
26.1198
27.4887
26.2832
39.8129
26.1098
25.8262
25.5929
25.8239
30.2519
39.5934
26.9791
26.4048
25.8628
35.6599
24.8844
24.9636
23.7999
25.4931
24.4517
24.5287
24.452
24.549
24.2437
26.0237
24.4735
25.4404
26.9633
25.5476
24.8987
24.7549
24.1278
45.6295
24.8153
24.3427
30.1999
22.978
25.7461
24.4002
25.7503
23.0549
20.8477
21.7542
21.365
25.3124
21.425
21.6011
22.0311
23.3087
28.3881
21.9943
21.2124
21.0192
22.4108
22.1265
41.5631
22.0175
28.7015
26.9152
21.3965
40.9754
26.9791
21.0794
40.2984
39.3252
22.9534
22.3032
40.4072
31.8217
21.8875
21.5001
21.5112
22.1501
23.0567
22.2301
20.5918
21.7808
22.2244
21.3828
20.2317
22.7287
21.7725
21.7726
21.4216
21.5511
31.6591
20.7007
22.0971
21.2798
36.9115
36.5946
44.5536
20.6156
36.1264
20.5485
20.6208
20.2506
21.1928
20.6271
20.4412
20.587
19.8698
20.4152
20.2829
20.6044
20.7852
35.7672
20.3854
21.8649
20.1237
20.6272
20.4574
38.6999
20.7644
23.1466
20.1378
20.4097
19.9274
21.4427
42.7163
22.3623
22.3669
20.0885
19.2333
29.7564
19.3481
19.9992
19.4186
20.006
19.7445
21.6847
19.9213
19.3774
41.6786
20.9607
21.8901
23.2787
30.1657
19.4305
43.9441
33.9968
31.2253
23.7322
19.5645
34.9371
20.5862
23.2353
22.2448
20.9867
20.8922
31.4486
19.259
19.5627
24.4756
20.7378
39.046
40.4005
20.3142
22.0932
19.835
20.7512
35.8264
29.3528
21.2785
23.6047
21.3741
22.6132
22.5205
47.563
23.7976
21.5586
39.573
30.6028
32.6595
21.0007
39.5895
36.1659
37.403
20.8001
40.4073
20.3789
21.604
21.3685
21.3185
30.6461
23.1213
30.4092
38.4552
20.9001
34.9013
22.9176
36.9583
19.7244
29.7071
19.5636
28.7565
21.0032
41.9318
32.5482
33.1566
20.2791
21.7908
29.6205
20.2147
42.3112
30.5569
21.0958
35.2453
24.7816
21.5944
32.3341
20.4115
20.7224
19.9118
19.4657
19.667
20.5638
19.2279
19.8919
19.7341
19.8058
19.4941
25.0706
23.1617
21.6287
18.2343
22.3155
19.5005
21.8143
19.9873
43.4729
30.5009
34.1022
18.0468
19.5043
18.2936
18.1715
18.7769
19.1212
18.4558
26.9178
18.5375
19.5075
31.1135
18.4331
24.4387
17.7214
20.4057
17.8349
18.0831
18.5268
18.5831
19.0735
18.112
28.4052
20.2625
19.0359
18.49
31.0018
25.8904
16.4245
34.3398
16.804
21.3151
32.0596
17.7101
18.6013
16.909
14.9918
17.3355
16.4567
23.6982
19.751
16.7179
19.2249
32.2937
16.2923
21.6468
16.8232
16.2894
29.4092
14.9209
17.7836
17.7075
25.6823
17.5057
27.2794
16.6254
15.3466
16.0924
28.7793
17.7185
14.5871
13.4165
33.3708
21.1722
29.1941
20.6298
13.0257
28.62
16.5916
13.0129
19.8066
12.3365
21.7697
15.6221
25.4647
12.758
14.8945
30.2723
16.0053
20.3833
13.3765
25.8321
13.5917
24.8746
27.5755
23.5386
12.3862
11.2561
16.2898
23.543
16.1857
15.1062
15.5291
13.6506
22.2179
15.2639
11.7384
12.9568
14.0629
11.1786
12.0356
12.7615
10.5763
12.9443
10.1978
20.915
11.0039
27.9895
18.1524
12.1558
23.2121
15.9357
10.05
15.986
10.1094
10.3351
20.7123
28.3556
21.6415
13.7052
14.2074
16.2783
11.481
9.14643
12.5776
17.1959
8.88861
20.26
12.4091
18.3482
14.3063
14.2387
9.47965
9.19237
15.9009
13.2168
9.88102
20.427
11.898
9.82932
9.12629
12.6925
9.76779
9.47904
11.4383
17.5422
12.7749
9.30391
18.4299
13.6436
10.6681
9.62411
9.56595
12.1481
15.0868
12.1397
13.3179
9.86406
8.25032
10.299
9.47124
18.7292
12.5424
11.18
9.20779
12.4432
9.42567
9.65899
9.06509
8.66297
9.80976
9.25627
12.6933
17.6953
10.9879
11.2945
17.6065
9.01545
22.9579
18.4777
16.3411
13.3548
9.79897
22.2838
11.9427
12.6045
20.8396
12.2739
18.1287
12.3161
9.70175
11.8686
10.0375
10.3856
10.8243
9.58656
10.1591
11.6298
23.0217
17.8582
10.719
15.6986
16.2568
22.8399
16.6809
20.7718
11.3907
11.426
12.482
14.6441
10.8469
11.0932
24.565
16.4254
20.4516
13.5296
10.8462
11.0083
11.3863
11.8221
11.0859
21.947
13.221
12.581
25.4546
13.0796
25.3077
13.7365
11.6685
18.2382
22.4225
11.5953
24.8809
18.5228
13.7842
20.6552
11.9814
24.1546
15.1312
11.9221
29.8223
25.8316
15.4465
14.5491
31.151
15.7297
13.2386
14.6208
29.5164
14.2342
12.6357
14.8452
12.7732
13.5907
13.2464
15.2473
30.1414
15.357
31.1862
14.6928
13.549
29.8739
27.0269
19.3425
23.6467
23.8167
14.9948
15.6315
15.5568
14.6621
17.3733
14.372
14.703
19.5417
13.9359
17.2085
29.8138
15.016
17.5099
24.366
16.5221
15.2984
40.1439
19.9465
27.3639
16.5209
14.6743
14.047
18.3969
14.9971
33.3996
15.5465
16.2784
32.7955
17.7833
16.3796
15.3303
15.9429
34.2903
41.7293
19.681
17.1608
18.2012
17.8708
32.1218
18.2809
16.1377
19.7454
16.4058
30.7144
25.598
16.8624
20.4524
32.8729
17.9852
18.8186
18.2656
16.7502
34.9088
16.8469
20.958
17.0267
17.8165
17.1106
16.8086
18.6636
29.5063
27.3739
24.5077
27.7117
18.5221
19.328
18.5261
23.9843
19.3675
19.5951
29.413
34.0561
19.6267
18.9098
20.9927
18.4281
29.2422
18.9712
18.5147
17.5918
19.9121
19.3494
18.5012
33.5749
19.708
18.0068
17.4939
17.3215
17.6178
25.3401
16.5584
17.8166
18.5048
17.9295
18.3742
30.0853
17.8098
22.8013
21.5133
17.9886
18.0652
19.1608
18.5794
20.7701
18.8113
21.0927
19.0078
19.0927
22.4762
18.791
19.8235
20.2755
22.1294
19.8376
18.9655
21.4293
20.0905
21.7444
34.9049
18.8733
18.9937
38.0408
37.9594
18.0623
37.4497
20.8781
19.755
22.1958
19.8289
20.0073
19.3761
21.2188
38.2042
34.771
36.8748
20.1584
21.5241
19.0615
18.948
29.3469
32.9806
18.6301
33.4974
19.5776
20.0004
27.2527
22.3038
29.8486
21.1735
35.172
34.1552
20.2767
20.1707
21.6759
20.4107
20.4626
23.2458
32.491
46.2353
21.2807
19.963
50.1927
30.5338
43.0265
23.3833
22.6247
22.6625
23.1918
22.8323
23.7013
31.7899
32.9821
22.11
45.0471
23.0901
24.6598
40.3231
43.1259
49.4482
25.3322
34.8684
26.6606
26.7905
25.2574
26.6316
25.7134
27.6304
26.1825
39.4318
27.066
26.8153
27.1401
33.7149
26.7957
27.833
26.5634
26.5581
26.9033
27.4165
26.9072
26.2663
25.216
27.24
36.0749
24.1016
25.6408
33.1143
23.8698
23.3617
21.5584
22.4843
33.3825
22.2293
22.9153
23.6481
34.9047
23.0185
23.534
32.9312
24.2094
24.4459
44.8977
23.5701
24.4878
24.3001
25.1569
25.8434
26.1225
25.5232
38.5717
25.1312
26.0355
31.7876
23.1922
22.9272
27.9855
24.106
23.9368
22.4971
22.4312
23.1209
23.0832
39.988
24.2389
25.1437
53.5603
26.9799
31.5088
24.9374
24.6628
27.0902
25.5514
31.0596
30.1428
25.668
24.0472
23.191
40.0987
39.92
24.8645
22.2659
21.612
30.8457
22.3163
22.372
25.5769
22.134
23.257
21.8191
20.576
20.4916
23.1966
20.7886
21.2489
24.7664
20.4069
21.1406
20.421
22.0873
22.1801
22.2791
45.5425
22.9925
21.4485
50.2488
23.0214
25.1735
35.8204
20.5719
22.5614
30.2637
20.5116
43.5594
20.7202
21.7168
40.7787
21.3995
28.1046
44.7518
23.2512
21.3046
35.4642
22.8248
44.314
23.563
21.5614
22.971
29.7333
21.0236
21.8609
20.6171
25.3749
20.6822
20.8476
21.3521
25.5401
20.3635
20.2277
45.4103
27.9619
32.0063
21.6192
21.2549
21.0417
22.5744
21.8338
21.4315
22.154
23.0854
20.9217
21.6563
22.7684
20.9166
20.4831
20.5669
20.4759
48.1598
20.7875
20.8763
20.3725
28.5634
39.4111
21.8563
31.9862
18.8181
26.8966
37.9446
19.1863
22.6062
28.8965
21.4005
43.0798
21.5038
30.9345
22.0416
33
21.9996
20.7871
22.4003
26.2209
23.8272
31.2621
26.2655
21.2874
26.604
22.4349
20.9909
30.1354
22.2338
34.3943
36.2512
22.4279
48.4798
22.1798
22.3782
23.9
22.4514
21.991
23.3297
21.4164
21.7113
21.5425
21.1056
21.9929
22.1053
22.888
21.349
33.8275
21.346
22.4752
22.2876
22.2284
21.5109
50.7291
22.0067
40.8861
43.4649
22.8738
21.5642
22.3718
22.2395
22.6847
30.5035
22.3631
27.7707
30.5099
25.0766
40.8169
21.7502
38.0995
32.0388
22.5971
21.4747
49.8696
24.2838
21.8955
21.5167
22.2557
22.1093
23.917
21.8133
21.0125
22.4301
24.2531
23.3294
21.38
21.4742
25.2966
31.1021
21.6226
21.9718
22.5856
22.6735
21.0039
29.5634
20.6533
23.7998
21.725
22.1531
20.965
33.7263
23.3132
21.1565
23.1707
33.0391
22.0041
47.9634
39.4852
23.5604
41.3145
23.1178
41.3538
21.8345
21.1668
23.606
29.9592
21.4807
24.199
39.3969
33.3929
23.4369
41.3554
38.6851
21.2999
37.5937
21.5032
21.7446
22.8104
21.4835
22.0422
35.0242
21.833
22.2504
22.2103
22.1971
21.6035
21.8253
22.4789
22.8015
32.4351
22.1897
38.3376
21.998
20.9006
22.4759
33.0038
21.4263
20.9798
21.5697
20.8859
57.5121
49.4492
20.688
23.1859
22.1592
22.3209
22.308
23.4012
23.8783
21.4531
39.2078
21.6956
29.651
24.0312
22.9285
21.2577
21.7347
22.7333
34.0704
22.5392
26.3927
20.3047
20.6358
22.9171
28.1517
21.3773
20.0575
19.9921
21.1124
20.0704
21.1718
18.5996
20.635
20.3202
18.7098
30.7439
18.331
19.4826
18.9021
20.0922
18.1297
20.1633
28.5447
46.9172
50.2431
23.1544
21.9428
19.1763
20.7863
19.6214
36.4819
21.9398
17.7958
20.1268
20.1591
20.2864
20.1619
19.7576
19.255
19.0527
20.9327
19.0532
25.0185
21.8286
18.161
42.9194
19.0495
19.8658
37.4325
18.2807
34.4228
33.5375
31.3398
18.9051
40.694
33.6325
18.9648
30.3494
19.1178
28.4169
19.2646
21.0929
20.3589
34.971
20.7348
21.051
50.1999
25.6787
24.9027
19.5753
35.8866
18.9597
20.1895
39.2175
20.0451
21.5384
19.2192
28.6871
19.6303
31.6945
20.0296
24.1419
21.6286
21.8867
33.0118
26.0022
20.7791
31.2197
20.522
21.2923
20.9017
21.9257
21.8124
41.7284
34.0207
23.4433
31.7085
27.238
23.4695
24.7996
23.9681
37.7509
23.4155
29.1397
24.0998
21.7601
20.6048
22.0108
21.2475
21.5872
26.1782
20.6991
44.797
22.2587
22.4121
21.5594
20.4249
21.6778
20.9847
21.2803
20.8999
25.5154
19.6468
20.3272
20.3033
29.8447
20.2752
29.3671
21.8001
22.0395
26.8641
34.1404
20.7335
28.7818
21.3222
29.2618
41.7993
20.7527
25.0752
22.5542
21.2311
21.5287
21.927
20.6001
20.6024
23.1035
20.4226
20.2927
20.5277
20.1585
21.1445
20.3244
20.7613
19.9503
19.9901
18.9475
20.947
19.5943
20.3569
19.6654
19.841
20.8576
19.0389
21.2846
22.7293
20.7607
21.1854
27.7621
20.6239
45.3475
24.3547
20.2992
27.9508
25.1446
25.0451
30.9558
22.1221
34.497
20.4648
25.1116
22.7453
20.9321
20.6727
22.3978
21.9309
44.7728
24.5324
21.4282
28.2119
22.1173
31.0962
20.5563
21.0633
34.1535
21.5485
21.4281
23.2838
23.7159
21.0487
20.7496
21.1752
21.7251
20.6466
21.057
30.5907
21.9349
24.2661
21.3136
22.6482
21.352
22.4374
32.2579
21.9701
39.8918
21.9364
23.1813
24.244
23.2535
27.7881
21.8294
25.3696
21.8123
22.478
21.2877
22.0838
21.0727
21.194
21.0604
39.4671
23.7197
30.0954
22.7381
20.2034
32.6272
21.9077
21.5366
21.3512
20.6484
45.8514
45.2961
21.252
35.7586
21.5748
22.8798
21.3732
23.0214
21.4579
28.4453
24.5565
28.7963
21.184
24.3365
22.8676
21.8525
26.9249
21.9184
23.0293
23.4952
23.3269
23.3032
20.4091
19.2564
20.9814
18.4878
22.8803
20.1591
21.021
21.1161
22.2322
38.414
21.0903
20.8524
22.5871
22.3937
23.1644
20.8786
22.3097
21.6505
22.6324
23.3383
21.8649
21.3437
21.073
21.6486
23.0737
22.9349
21.8097
23.7658
23.594
22.9845
33.4827
26.3976
23.5044
23.9978
24.0571
22.6665
27.7026
35.7048
24.5313
40.1761
22.7289
20.5966
22.2572
20.8961
26.8671
22.2306
20.6341
24.0624
25.2278
19.6552
21.0608
22.3262
47.212
25.1458
29.2771
29.7049
22.1861
24.6943
25.074
23.5348
22.5982
24.3842
23.7727
22.9545
39.4273
30.4347
23.8653
23.1883
23.8096
24.1282
46.0856
26.4497
36.6837
45.1022
23.3741