23.3433
20.1403
20.4192
19.5118
19.3824
20.4768
19.447
36.5602
28.3214
21.7808
22.184
26.0109
20.4608
20.2034
33.4363
50.8793
20.7517
23.5906
20.2181
19.6769
19.7067
20.0905
20.1065
33.6614
19.0858
18.5696
20.0337
20.197
19.5094
23.0115
19.74
19.2845
19.8335
20.1619
20.0257
44.7772
30.472
27.6887
37.7027
21.4239
20.3985
45.2133
23.6149
19.419
21.1794
19.589
20.7129
42.3244
25.3963
43.9098
20.1017
37.4025
19.3735
20.044
19.7159
22.7336
19.532
19.8102
28.2591
19.7403
20.3188
20.0333
19.5144
20.2319
19.9724
40.305
20.1876
22.0737
19.6577
53.2438
21.1518
20.7274
20.3725
19.4126
18.7345
40.7038
19.09
19.9313
19.6028
19.6884
21.3921
19.5435
29.5659
19.0754
20.6676
19.6508
19.7438
20.8212
20.3089
20.1618
20.4683
37.3852
19.9378
19.5946
22.3316
21.4243
19.4613
20.2926
20.9656
20.0309
23.9187
19.9046
29.996
34.3849
20.8723
22.2959
21.1767
22.1022
20.2825
20.0006
21.3127
20.0478
21.6641
35.2648
38.1929
37.165
20.1271
21.1232
20.0879
41.7971
24.5501
20.3878
19.8438
19.8295
20.4805
20.9819
19.6288
20.1828
39.854
24.5814
19.7543
35.558
19.3985
19.6794
21.8673
19.3153
23.5698
20.5138
19.8052
18.2196
19.4281
18.696
22.5117
17.8346
21.2191
23.7016
20.8604
37.4641
19.2873
19.8352
19.7049
31.9944
23.5003
17.8098
20.1298
19.3043
19.2819
32.5832
27.8418
18.5904
18.5262
23.5362
19.5457
17.5663
30.6757
22.4103
18.6244
18.2276
16.4659
16.5321
15.7555
17.7027
20.9426
20.1012
14.1655
14.6383
14.5942
14.1709
13.5525
14.2684
13.2915
12.6699
13.6054
13.0151
31.1694
15.0194
14.3186
13.0415
12.6397
14.4455
18.4866
25.8783
14.4982
29.8842
23.9369
15.7843
13.2515
15.7588
18.0073
16.4774
16.2046
17.4186
13.935
14.4233
14.7152
13.5263
13.651
27.018
13.7764
34.9708
25.7946
15.9634
24.9643
26.8645
14.5059
13.7265
22.7119
16.5637
13.7119
13.9127
14.0811
15.8375
13.3565
14.5337
17.3513
21.0621
15.1749
13.996
12.4997
12.6226
12.8645
12.3937
14.8738
18.8955
12.1818
13.6135
23.0559
14.4081
18.4767
15.7643
13.3914
15.6049
15.8953
25.4198
19.7158
20.2705
18.7072
26.0663
19.4354
20.4398
22.2122
19.3947
19.9098
19.6303
37.8072
19.2223
26.8455
28.213
23.9828
21.6439
21.2869
21.7916
23.5582
21.3353
23.201
22.873
33.5551
23.3373
22.7427
23.6641
32.2878
23.3261
23.518
23.3619
38.1567
23.2869
23.8202
22.202
22.7818
38.6578
23.2369
19.3425
31.4521
20.7638
23.9449
20.6411
19.985
22.1161
19.5674
19.2573
18.9748
20.4626
27.7871
29.7782
21.4944
16.7918
17.4294
16.989
19.7094
20.1881
22.6987
29.0591
22.4043
38.2799
21.3328
21.9555
21.4346
36.7083
22.5187
40.4034
51.9734
31.0157
20.2071
20.6187
18.7666
16.5891
17.8084
16.1023
16.7859
28.878
16.5671
15.9511
14.764
16.209
14.5121
16.4368
13.5644
20.6841
36.1367
20.4251
21.7523
19.6568
42.619
23.742
21.0997
23.7112
20.9746
27.07
20.4505
24.244
38.5437
22.2452
29.7714
26.7978
32.6096
20.8221
21.6579
19.7125
19.0543
16.6821
17.2406
30.7979
42.9089
20.3248
20.3965
16.9135
15.2991
28.0001
34.3478
15.7035
16.9698
23.4294
17.6412
15.0701
16.9843
12.546
25.5704
25.4681
14.027
18.3489
16.6806
15.746
19.5291
17.2563
35.5898
20.9733
33.7021
19.4863
17.0356
17.8826
17.3135
20.4428
14.5098
16.0066
15.4853
31.1628
37.9222
14.584
17.9958
30.0575
17.11
17.5406
18.3267
33.303
17.8035
16.0103
34.8516
18.4556
18.0595
42.621
19.1229
18.4528
17.7907
26.9635
16.2353
17.8183
17.4579
17.64
35.8887
23.5637
19.5772
17.6181
20.2713
18.6949
17.0441
23.9614
19.176
19.6197
15.4678
28.3875
17.1464
19.4885
17.4361
18.7629
17.3803
19.2244
20.2849
18.3329
16.846
18.1697
31.3083
31.41
17.1851
16.9268
27.9496
24.2574
34.7717
22.8148
31.6908
20.8123
16.4857
18.703
17.0939
17.8182
18.5368
16.9881
24.2061
19.697
18.8648
18.535
30.8949
17.6159
33.4232
21.0289
32.8486
18.5842
32.6282
24.4914
31.3317
18.549
20.764
18.8664
24.9912
22.3792
18.5382
18.2132
20.5117
17.5409
19.5273
20.3762
18.9518
19.2503
23.0835
18.515
35.4093
25.1075
22.2392
20.4988
19.2177
18.9794
19.4386
17.3119
17.7169
33.0664
21.5954
24.3644
15.4862
25.2508
12.7905
13.743
16.6408
12.1498
12.4732
11.843
19.6501
13.91
13.5347
17.7538
15.1701
12.6897
21.6324
13.9967
28.9692
14.4489
13.3166
15.7822
13.4639
21.2019
13.3635
33.0579
17.3952
18.5435
15.3392
19.4324
28.6906
21.3349
15.8832
33.7077
19.807
34.5913
21.5008
26.4549
18.5515
18.2649
15.6995
14.439
23.2239
18.6946
23.7693
17.8452
18.5088
18.0968
17.8503
21.7083
28.1232
18.7399
19.4187
22.2551
19.9546
21.6612
18.8496
18.871
27.752
20.1713
18.182
22.8882
19.594
39.3549
35.3603
16.9978
17.4106
15.8501
25.1505
15.648
17.9424
14.2127
24.666
14.6158
14.8432
21.846
26.352
16.9894
22.347
19.435
15.0287
35.4247
19.789
23.8477
15.1084
39.8783
21.4877
28.302
15.8439
36.3569
17.2613
20.599
15.1543
19.5273
15.9861
21.1995
16.8099
17.2616
17.1956
15.8616
16.598
18.8325
27.3167
17.6943
16.557
26.0101
15.5846
15.8219
16.3577
15.3515
16.2504
21.7743
17.7473
25.0807
20.4607
16.3967
13.8882
29.8108
15.5328
16.9038
22.7415
14.792
13.9718
17.8795
13.6264
22.0908
17.6359
34.4373
23.2334
23.784
14.1638
17.7665
28.4497
15.8571
14.2066
17.3766
15.802
21.0768
13.5135
15.0196
14.8406
25.587
14.8279
27.3823
19.7705
14.8382
32.9146
15.8535
28.481
18.1516
25.9838
14.4116
13.4606
14.2587
12.243
22.0503
13.6173
14.8077
16.3951
14.9595
27.4449
26.3482
17.4705
18.0573
18.0023
21.5453
17.4917
23.3153
19.0264
18.3316
32.8569
19.3805
22.7468
42.8493
45.8795
21.1771
20.7369
37.6604
20.5729
34.8091
19.0647
34.2183
31.368
20.2294
35.1258
26.6737
23.5401
19.977
21.2101
19.2859
19.0134
19.1358
18.2262
18.7269
19.9719
37.4555
19.9938
18.5388
24.3875
16.1196
24.9882
16.5312
33.6602
21.7651
19.409
16.0566
19.3181
29.9573
16.0617
31.0833
21.6393
16.2556
16.6559
15.8029
31.2509
26.3131
16.6811
30.6798
23.8575
16.0666
19.9871
17.0134
18.7595
16.2726
15.8521
19.9611
17.0361
16.9879
17.7935
16.9185
21.5412
18.9464
16.5467
30.3044
16.8298
21.2685
17.5819
16.6007
30.2645
20.805
16.026
16.5775
20.4008
16.0956
16.5179
16.2137
34.2599
20.289
16.1319
17.4986
15.6539
16.0025
15.6164
17.3671
17.6176
16.5723
14.704
34.0755
17.0142
28.813
25.7772
15.9461
31.8916
28.0599
16.2289
18.2548
15.0335
18.4752
16.1637
15.501
27.7103
32.2856
30.3081
18.5099
18.2182
19.4216
20.281
22.1075
17.0688
18.7908
17.8951
23.1792
15.7158
16.8217
16.0143
16.0622
16.1222
16.3274
30.5394
20.5355
15.6965
17.935
14.6926
21.8346
16.1561
44.5305
25.3754
17.9691
31.3821
21.4672
30.6387
18.2218
15.3851
14.7753
15.6564
31.8583
16.0536
21.6544
19.7779
22.7753
15.0814
15.6754
15.3834
31.3069
16.9227
16.5954
17.8045
17.9979
17.4359
17.0488
22.5293
19.2977
26.5608
21.0776
22.4515
21.4083
33.149
19.9565
21.372
19.9803
44.3479
23.6215
40.0119
35.8478
45.6493
21.0517
35.1715
19.3702
21.4273
19.5945
19.0215
25.3504
25.0381
23.7358
20.0148
21.8076
18.4455
18.4004
20.1099
17.8698
19.1874
18.3057
18.7876
17.1373
18.3367
21.5707
18.8251
18.0185
17.1137
20.3913
21.35
19.9289
22.3278
37.2985
21.0384
38.4781
21.8859
20.6401
20.1218
20.4668
20.673
22.4993
18.8115
20.5765
18.0917
30.8427
18.0928
17.8647
18.863
20.0634
18.1469
35.6161
28.3567
18.8638
39.6007
33.226
32.8644
32.1387
19.3921
20.7541
18.5526
19.8833
36.2949
19.2324
21.8366
36.419
20.8703
30.4668
21.6066
21.0383
37.4435
20.3123
36.9559
38.6155
43.9925
33.6312
25.3329
20.818
30.812
27.3829
20.3257
23.7282
29.0557
20.475
20.2053
19.2532
19.2809
19.7399
19.5923
33.3038
18.5047
18.9803
20.0695
18.1709
26.456
17.4893
26.5341
18.5043
35.7626
19.2537
33.9409
17.7659
21.4924
16.4891
33.1502
16.1404
33.8828
24.9924
13.8669
23.536
13.3339
18.492
14.2442
20.728
30.3006
22.1184
18.6516
26.6152
19.7393
41.2227
36.6046
20.3415
18.3551
45.1569
18.9954
20.1624
24.5757
22.0167
21.6146
21.2002
21.2539
20.9439
21.2198
31.3971
22.6268
21.8673
19.2675
21.7537
29.205
19.3567
19.532
13.3649
31.9541
24.7375
19.4483
16.1587
19.8758
15.3249
16.4089
36.9066
40.021
16.9407
15.5376
35.174
22.6456
17.324
33.6809
16.4911
34.3084
17.2977
17.2859
36.8405
18.9602
29.8192
19.122
21.1736
31.3597
20.9612
36.2665
20.0205
21.4316
19.0306
34.3702
21.7846
19.9978
21.915
21.3982
20.0879
20.1612
20.0986
22.5154
24.8982
27.7813
19.2113
17.0383
17.8937
18.167
18.4632
20.1349
19.9738
30.9295
18.707
17.2917
20.373
28.7553
17.4563
18.4179
16.5263
18.8574
17.0726
18.0771
15.4441
34.518
17.1505
30.0049
28.6592
18.0107
20.2596
30.309
18.8502
37.992
20.9503
29.2234
26.6863
19.3328
19.1638
18.6712
19.6321
19.6929
20.195
20.9481
20.1758
20.1136
21.7376
20.0806
20.2908
21.6479
20.0295
22.7748
30.5624
21.865
49.9394
32.3964
21.6311
23.9512
22.6597
20.8603
24.7143
20.6938
38.3267
19.3266
28.7199
20.6176
21.348
20.1966
33.0275
19.9835
37.3851
35.0142
41.4383
34.3034
39.1272
37.5869
22.7912
43.0431
34.7956
23.0476
21.0305
21.401
26.6429
36.0981
21.1962
34.9258
22.1904
44.1326
40.9604
21.1866
20.0187
18.2738
27.4655
22.5986
25.1412
32.6731
19.3084
21.6828
21.3043
20.0087
20.2606
19.946
20.5731
17.655
26.469
15.9764
17.9428
23.7804
18.9838
16.688
16.2195
15.0432
15.4288
26.2264
23.9331
19.5935
15.2759
17.4513
16.5851
16.0639
14.2365
25.2379
39.4906
26.3212
17.3783
26.7064
19.9556
19.7299
19.5939
19.915
28.0876
30.5033
35.8817
18.2281
19.7875
33.3213
19.3485
36.8154
20.3615
42.3317
19.6439
19.0281
20.1754
19.5032
20.2601
21.2723
19.7355
44.3776
40.5049
19.3605
21.5685
21.1879
22.2803
20.0236
27.3801
29.566
19.1195
25.1402
20.381
20.763
25.1318
36.4985
19.7664
21.9806
19.3638
18.5909
19.6562
19.1835
38.2249
20.068
20.0667
18.4322
19.9087
18.7448
18.6521
35.0741
29.8934
21.7294
19.3198
18.761
40.539
37.4937
18.3394
35.2706
17.3381
33.3944
33.5022
43.5099
24.8662
19.0528
18.7621
17.4421
17.6936
18.5866
40.6872
29.391
23.9145
22.24
24.1309
25.3065
22.7453
21.7405
22.6886
22.4413
23.7375
33.699
21.4478
20.4694
21.113
18.477
19.8139
39.0802
16.8071
34.747
18.0558
26.7464
22.156
19.7784
20.0347
16.1788
15.6807
15.188
15.4403
20.5711
18.1531
23.1237
15.1389
29.4934
16.1083
32.1817
17.2874
16.2621
14.7072
15.0657
21.0944
24.7551
33.1259
39.5708
38.3169
23.4504
22.8151
21.5997
21.6794
23.859
30.5069
20.6106
31.5803
37.9444
20.035
24.4465
30.5589
19.783
26.4259
19.4121
19.6136
18.3672
17.4272
21.149
36.7247
16.7651
29.0891
14.6849
13.3583
15.7055
12.3522
15.729
18.1944
16.4289
14.9341
19.5066
35.3785
39.6569
33.9286
27.6034
28.2991
30.1859
23.0041
20.3714
35.6159
20.0791
36.6633
19.7012
19.5379
24.9958
17.3207
19.7372
18.9005
14.6276
17.7264
18.9782
16.5943
15.2568
16.2646
13.416
13.0815
14.8613
14.1203
18.8679
19.7861
21.082
13.2579
17.3751
15.2551
13.5077
14.0238
17.8187
19.219
18.432
20.1702
38.879
34.4129
20.5554
39.3318
23.211
26.0827
19.7429
17.9675
16.945
23.9435
17.8078
18.9816
15.0352
13.9978
13.1573
16.5139
15.7508
14.2802
17.108
15.7125
17.6477
20.9713
19.6298
22.5952
22.9481
25.1791
22.5773
21.6399
20.6785
23.0729
20.3137
38.9032
17.8665
18.2469
34.4997
23.6058
26.215
17.7284
14.9691
27.6163
15.5392
27.4064
14.6036
13.6641
33.0829
20.8707
20.304
18.982
34.4769
18.279
27.5687
18.1252
22.6457
24.1568
16.271
34.1563
36.2042
19.6172
19.8221
22.7644
23.1518
19.1014
20.3779
22.1647
20.5485
19.7719
19.2442
31.3822
24.4427
20.287
30.941
16.8503
26.9118
19.258
17.0406
16.2617
15.4427
17.9491
20.1065
22.0965
27.4139
30.5138
18.5689
18.5375
17.641
22.4795
16.3125
33.3345
28.1919
15.809
32.3585
17.3925
18.4309
17.3299
33.6715
34.9491
23.2106
18.8114
19.0671
19.262
21.1712
45.5601
34.5182
34.7351
23.5648
23.3336
45.1992
36.5903
20.6285
21.0887
20.2038
19.7326
33.2
31.0803
16.6936
15.5168
28.5157
14.2236
14.7762
18.1829
18.5598
19.757
37.654
21.3362
19.5039
34.2209
17.8695
20.0596
24.4141
18.9616
17.9164
15.828
18.541
16.8218
18.9067
27.9834
20.3248
18.8014
18.8253
19.0035
18.2689
31.8205
18.1936
18.2622
17.4563
19.1712
33.0733
18.8932
15.4121
16.7785
15.5732
14.8917
16.1007
35.9271
32.1355
27.4765
20.6997
22.7399
21.4179
22.325
20.5734
20.7485
21.211
18.0257
41.5078
34.3334
32.6955
16.8839
28.2574
16.7627
22.2207
17.191
16.8554
37.9688
17.6086
17.7926
29.2571
21.4986
20.6088
33.5083
18.2567
32.765
17.5515
17.1174
15.4984
16.7162
15.1093
14.5355
15.5672
16.7094
15.846
18.9455
15.975
30.0664
21.5194
37.9774
26.1015
16.9571
20.4716
23.5094
28.1829
36.6511
15.6909
31.6097
15.7445
22.404
17.8979
21.526
36.301
28.2419
19.698
23.4734
22.8714
20.4599
19.8028
21.1045
19.9417
28.7841
19.4206
18.0326
17.08
17.3043
16.0474
16.3278
22.799
30.882
25.2923
16.6874
18.7584
16.889
21.1616
17.5281
18.9523
20.2672
21.0296
19.0791
21.4514
18.8723
34.2895
30.6503
33.7154
25.2965
18.338
19.3018
21.1688
19.462
18.0847
22.1335
18.1303
18.1337
18.9422
19.9802
19.2289
19.4904
39.6852
27.0065
19.9127
20.2622
19.3511
19.474
44.842
48.4574
31.1247
19.6513
25.194
18.776
18.3027
18.7158
28.8056
18.1368
19.8691
35.9733
20.6652
32.1003
18.5764
17.3072
16.1489
16.2183
26.9751
19.1578
42.5511
18.7349
33.4852
17.7847
22.9715
19.8254
17.7903
16.0431
16.6079
20.4711
17.5455
19.0425
24.8361
18.8898
19.5998
27.1382
17.9478
36.5319
17.3668
20.6682
22.1367
32.7169
20.0974
20.1594
27.4385
22.2407
41.0796
19.8125
22.9692
36.1583
18.0121
19.5615
18.7162
16.7409
18.6531
19.3598
17.7864
22.3888
34.0004
19.0304
33.5053
17.805
31.7412
16.206
31.6515
21.4623
18.3969
26.1817
16.2546
17.3487
40.2981
33.9625
21.8675
22.621
19.7991
19.1007
35.9576
19.5754
20.3369
19.2424
17.5054
16.9469
19.9328
19.0692
18.7072
21.2061
25.6557
19.3099
21.8617
17.463
18.8242
17.3241
21.4838
25.0789
17.6969
30.3741
18.8242
45.1271
27.4449
23.2995
33.9813
19.7169
45.0326
21.1535
23.6072
37.0678
36.2036
20.9658
21.1999
18.4257
27.3338
17.2447
40.7882
21.2797
33.2497
17.9906
35.0758
18.7135
17.9016
30.7667
17.0845
18.6263
17.2406
19.2341
17.8987
28.6326
19.998
22.5086
18.2714
21.4176
39.3214
20.5716
35.6473
18.3594
27.1562
30.7343
20.1738
36.3743
28.1181
31.0175
19.9633
35.6182
34.9536
32.7426
25.0844
17.4129
21.9947
25.9522
17.1205
19.01
18.4184
20.2212
22.515
21.7033
46.2043
26.5884
20.1531
21.3353
22.2465
21.2256
20.4775
21.8159
21.468
20.569
20.2287
21.0057
23.3961
21.2966
22.6054
22.1053
22.0903
22.5446
22.0887
22.7561
20.6519
38.8814
23.0104
21.6235
28.4118
21.2987
31.0413
20.7795
21.6618
19.8074
39.7308
21.3402
20.7318
21.3239
20.4673
25.5532
20.7189
20.4354
40.1961
19.6041
35.1539
21.4114
21.7557
21.3091
27.7983
18.6297
26.5034
31.602
20.5099
19.1448
19.8313
20.6001
22.524
19.5697
39.4608
19.8092
19.4822
19.8758
19.7899
52.6686
34.6752
21.4058
20.533
19.9431
19.5178
20.1188
33.2741
24.5361
42.6135
20.6668
22.0397
21.2167
20.7407
19.9835
20.1655
19.59
20.8986
18.7136
26.9559
21.0394
18.501
21.8503
20.263
33.3503
36.5656
18.9145
19.1813
25.585
18.306
19.9487
20.6154
26.5659
36.8218
21.7512
19.7226
22.445
34.6735
21.7007
18.7926
25.6684
27.0791
38.22
18.6429
36.2649
19.5099
25.5148
36.2604
20.4252
17.3751
30.2543
29.0906
18.3553
22.2651
18.2747
40.15
19.8174
32.3024
19.7286
29.4038
33.9969
18.5776
34.7164
20.4675
18.316
29.8294
17.5114
18.9915
31.6977
19.6367
45.5196
30.4581
18.9354
21.3895
32.2844
16.1199
26.3867
16.1136
19.6711
16.3269
15.8266
14.2299
28.0025
17.4544
13.0007
14.4946
13.2918
15.0153
28.0842
31.8077
19.5807
13.8011
16.711
16.4269
16.8775
16.2903
22.5532
17.2717
21.4914
14.4225
39.5327
31.5096
15.645
17.6262
19.5738
16.3427
15.4962
34.4061
18.0956
15.9552
15.8304
18.077
17.721
17.0803
16.6724
18.4687
15.509
17.3336
14.728
16.0709
16.0798
20.2326
17.1356
26.238
20.3698
18.9787
16.1912
21.5338
26.9789
34.9771
18.6722
26.738
18.2612
23.654
20.2962
18.0838
17.7764
30.6233
20.5233
19.1632
17.4208
17.9467
17.608
17.7561
17.7194
18.9426
18.9574
16.4901
16.4065
16.3592
15.3051
14.296
24.5371
13.9276
21.5294
15.1394
32.8946
41.7594
18.863
40.3583
25.4193
32.2098
19.1456
19.7808
19.2904
19.0628
17.3449
24.668
31.5961
17.3075
39.0618
24.2586
26.1518
17.6081
22.0717
24.9535
17.3788
13.2027
20.3758
13.1063
15.9378
15.5515
13.8714
14.5006
13.8339
14.5621
16.0506
13.4127
22.6507
16.5413
35.482
20.2415
34.9695
16.989
29.1078
21.0704
17.886
13.8275
17.7398
14.2098
12.9612
17.0998
13.1372
14.4786
17.1653
13.7312
14.1209
15.2596
13.5991
13.1756
13.1181
13.6154
14.5375
29.3088
13.6979
27.1824
14.9414
17.1113
14.2451
26.5922
14.882
15.1979
14.6783
14.916
31.4974
25.9677
14.6175
14.1073
17.0695
12.9845
13.593
16.8696
14.4143
25.0942
15.7592
14.3745
13.7028
13.9348
21.1856
13.6263
30.1954
15.4617
16.3742
29.9222
26.0967
25.422
15.8403
30.5577
34.42
17.9189
30.1485
15.2128
13.6408
13.6678
15.6949
13.1393
13.6014
15.0599
37.0159
21.9901
18.136
24.4459
19.3432
20.4523
16.8389
16.0743
16.4977
29.8313
15.0698
28.0099
16.0349
38.3861
25.1046
18.7625
19.5619
18.9568
18.4812
32.1607
19.8102
22.0033
20.6125
19.5642
22.8526
19.413
20.2605
19.6904
20.5574
33.4953
34.7084
36.6003
20.514
43.3132
18.3817
19.7689
34.774
19.8
18.9771
19.2194
36.8895
19.3289
29.1516
19.1425
21.9854
19.8812
19.2722
18.6432
46.4905
31.5674
18.1878
19.8755
19.5677
19.0816
20.4488
30.9754
21.3748
19.2607
19.2941
18.2434
18.8411
20.5171
48.4023
22.7775
25.3618
18.9507
29.6418
18.8812
22.5666
18.8857
38.9041
36.5235
19.2148
23.5559
18.7693
21.0991
20.5494
18.8387
19.0909
21.4926
19.7489
19.2829
21.1725
19.1319
19.7036
19.0648
18.6764
19.4664
23.4859
19.467
19.5793
19.3457
19.8132
21.0274
19.083
19.2986
19.2175
19.8192
20.744
19.6111
19.2238
34.1351
19.4413
18.9793
47.7882
27.4682
19.4101
20.3258
35.7389
19.1385
19.6065
32.2002
37.9913
27.6847
19.9858
18.4906
19.3557
22.3805