50.3089
39.9046
20.7789
20.7526
39.8395
20.5132
35.7513
32.7686
20.7328
35.5675
20.0616
20.7413
21.7427
20.82
20.272
22.15
22.1788
21.9311
22.5042
20.6833
21.2469
20.4513
37.6478
35.7789
24.5482
22.5563
21.797
21.6714
21.4708
21.8974
21.0285
21.7343
20.8246
40.784
21.5764
20.6182
22.966
21.4565
20.1025
21.4908
20.9828
19.8951
20.8758
21.8659
25.2787
20.7665
25.6919
21.6666
28.1594
21.4947
37.8146
21.6674
41.3266
21.6112
22.1656
21.5488
29.6322
22.3495
26.381
24.306
24.5584
21.9922
39.0715
21.2891
20.8378
22.5903
23.6854
20.8408
20.5939
20.0793
35.1133
40.7673
32.2523
24.135
20.0359
57.0096
31.2121
22.6279
21.0241
20.3182
24.453
34.5974
25.6347
21.9814
30.3114
23.0841
24.7806
37.306
22.6445
21.1218
40.254
20.6125
20.8322
21.7752
22.0106
22.1754
21.7958
21.6646
21.4614
22.263
20.6302
20.6331
22.2366
22.4941
24.7766
21.7632
21.4282
21.438
37.4794
21.1872
20.7277
20.5713
22.0609
42.9185
24.0966
19.9785
19.3251
20.854
20.8783
19.1167
21.612
20.4523
22.3696
20.6205
19.417
22.2498
47.6743
27.5176
22.1727
20.8892
39.0405
21.6564
20.654
19.9316
18.9737
22.8481
20.0823
21.0973
21.7548
19.3079
20.0602
33.8788
21.0072
31.4002
22.8701
30.2711
20.9156
22.1601
20.7203
20.4173
24.0894
22.136
20.5034
19.3672
27.659
22.5685
26.1838
34.5549
31.7955
26.1099
26.522
24.8523
23.7735
21.4803
22.4807
19.8735
19.5566
21.2358
36.69
34.1902
29.3565
19.2443
21.7468
19.1114
25.1067
20.6585
19.4229
20.5847
21.6343
22.4573
23.5536
26.4333
33.62
26.1513
25.005
25.6608
23.9252
21.7931
21.4712
20.2091
19.2359
18.019
31.5394
18.8657
19.8551
18.2701
17.7426
19.3777
17.5991
38.9129
19.6878
18.7211
18.9853
21.2828
19.797
33.9089
20.8736
20.4279
36.7812
22.4477
21.0583
20.7851
38.4607
21.1318
19.4149
19.7485
18.0745
18.6894
32.5477
31.5964
18.3422
16.862
16.969
22.5126
30.1868
24.7094
19.3323
26.3107
16.2657
27.7069
14.8521
19.1818
16.1394
21.5541
16.3596
15.1636
15.7565
14.5259
18.9229
15.0067
15.5028
15.0482
14.407
19.0422
26.1853
20.5399
16.4096
23.5326
14.7304
14.392
14.6576
14.0038
13.4734
21.3031
13.3068
24.8895
13.4902
20.707
18.3309
28.4352
14.7704
18.5198
23.9286
17.1958
16.592
17.1606
16.8041
16.8819
27.8437
18.2162
18.4324
18.8899
19.1466
18.3603
19.3735
18.7145
31.9599
36.0423
18.7036
26.5728
18.0643
35.5153
19.0686
17.5793
30.1365
21.1305
18.9653
37.7742
19.7004
31.9235
25.232
20.8232
22.2976
18.9978
19.5223
34.0992
20.8179
35.307
30.4053
19.3266
36.5756
19.2504
18.4485
17.9014
20.8219
18.1352
25.0205
17.3066
19.6998
17.1373
18.7198
18.196
17.4519
18.8312
18.6885
29.571
23.5896
33.3044
18.6901
28.4013
19.8111
19.3924
18.569
18.6214
18.0671
19.0042
31.8986
20.4823
19.2397
32.9359
17.1943
25.2658
16.4511
19.9294
16.6549
15.9404
29.9496
16.7369
17.8477
23.4528
16.5385
27.7515
14.9227
15.7796
15.4353
15.0991
32.0168
15.2793
35.3298
26.9722
18.0384
14.7895
32.7335
21.4278
20.9148
16.5314
19.3194
16.6783
18.3179
32.0255
18.772
18.3464
18.7169
21.3161
31.2555
33.8782
20.105
50.5435
22.41
18.509
19.2393
20.3297
33.1979
17.2784
35.317
18.8873
30.1722
21.2268
28.5977
19.3839
30.6991
18.9361
35.609
18.4695
22.9627
19.0512
18.7583
18.0385
20.3466
18.7354
19.9323
22.2044
19.5235
23.5709
16.9783
28.0939
14.4748
15.2331
12.681
15.8503
28.4147
12.9628
13.8236
15.8639
13.9605
13.797
15.3163
14.4201
13.2891
15.7387
14.0587
14.5349
15.0706
15.5023
14.6285
14.3736
16.9793
15.7168
15.686
17.8168
22.5439
15.9799
22.604
16.891
16.9955
27.3335
20.6595
23.0738
22.1567
33.3879
27.2435
22.2818
18.7506
19.1236
39.6895
28.7666
29.1244
20.4368
18.9424
24.2889
33.8221
18.9721
18.39
27.1101
20.1777
19.209
28.3885
17.1133
16.7792
17.5047
18.1797
17.3312
17.0919
17.1475
19.0064
16.4359
18.1183
15.9179
15.5762
14.9761
17.1126
31.2173
16.8113
21.1471
14.1241
15.9829
24.3006
30.6276
14.5888
27.8818
25.6365
14.4642
24.7631
25.6907
16.5859
33.5167
16.8309
16.4461
16.871
28.7532
16.085
28.6214
18.9854
13.6598
13.257
28.8154
13.4097
16.7348
26.3769
27.1912
14.6514
15.7334
15.035
31.9843
15.9846
20.8857
18.3596
19.9919
17.7251
16.0552
19.8209
26.9816
26.9645
20.5577
35.3607
40.7433
20.7355
24.4862
17.7163
17.1748
18.3211
17.7332
17.1774
26.6366
17.893
35.6911
17.7771
20.3924
28.0212
15.2357
17.0767
33.5747
18.0941
35.5704
19.2638
30.4461
15.8686
20.9551
23.6784
18.0617
15.5439
21.387
17.0008
16.8087
16.467
25.7528
15.2709
24.742
15.9994
28.368
16.8077
16.9307
24.7132
21.996
17.2706
24.891
22.5348
17.953
20.7541
37.6135
36.3464
20.4966
20.1517
18.9194
26.4055
37.9406
32.8256
18.9453
28.1264
18.8694
20.4608
18.1369
16.5869
19.8856
22.8715
17.3487
32.8426
25.3957
17.339
18.3962
17.6612
18.7755
19.3651
18.5006
18.8639
41.7382
18.5202
17.7856
19.6227
18.2612
19.3096
18.4911
36.1085
24.5351
31.8561
22.2208
18.573
15.5156
20.4083
16.4881
27.6199
17.6402
19.1261
19.7356
19.6942
16.7319
30.699
14.3013
15.5704
15.7301
19.661
18.6846
32.5077
20.7344
15.0499
15.4111
14.808
16.3375
37.4666
30.4271
17.6827
27.6371
16.8591
30.4489
21.1557
18.3864
15.4432
19.8747
24.5255
18.9716
19.8078
16.4952
14.9318
30.6872
21.7438
15.6555
16.2915
18.7568
23.5603
21.9648
17.4417
37.72
35.1948
20.5103
18.9363
15.6893
18.5572
20.3427
18.8638
16.7543
22.5643
27.9312
18.2656
21.1466
19.2677
19.295
44.4367
31.8922
19.2402
22.0415
19.4219
19.4914
19.4746
25.2917
22.5782
20.3458
47.4857
23.9256
19.1786
19.1992
20.3373
20.6484
18.2407
17.8928
19.0583
17.4103
19.0244
19.5507
17.2481
20.5635
18.285
33.99
24.7854
14.0805
21.9026
15.4256
25.7663
14.4605
15.2735
15.6463
14.331
25.1352
20.2886
14.3403
17.1108
14.611
15.8543
18.5524
14.9162
15.3738
15.5274
16.038
35.9737
24.7068
16.2012
22.5736
20.0462
21.9134
18.8135
18.6013
18.7673
19.1573
18.8981
27.0669
19.3724
21.0303
23.5206
39.7523
23.6439
26.34
29.4765
17.3333
45.4491
18.8668
21.7548
23.2884
30.9166
43.5949
42.6429
20.9902
37.6944
21.5947
44.1778
38.7387
22.4727
21.5949
19.4355
18.4966
30.8243
20.0494
35.7469
23.5998
43.2841
20.3146
26.8087
17.9692
19.1109
32.6501
26.0122
26.1658
18.109
18.7481
36.1879
24.6244
37.8277
23.458
22.4158
32.4771
26.8251
23.5243
26.4797
26.3646
18.1215
26.9371
29.2527
26.7881
18.126
36.4358
36.7647
38.412
37.7428
37.0702
37.0453
22.3842
21.9832
38.6028
26.9093
21.045
25.4053
19.3979
23.3702
30.7989
16.3848
24.9916
40.358
24.7172
17.6858
33.0436
34.3198
23.306
19.5253
20.3416
18.1446
27.6641
17.9771
38.6411
25.7685
19.8941
18.0866
23.9859
16.9267
16.5022
16.9955
20.6069
14.501
18.4557
39.0658
17.5506
16.9717
13.4623
13.6376
13.8874
16.3078
25.2649
30.278
15.6586
19.5779
15.6357
26.3968
16.0706
16.3381
15.5787
17.3525
14.7762
18.9317
30.1967
14.8759
17.7171
16.8511
14.783
15.3047
35.5462
17.5967
17.0803
15.462
25.6175
18.0643
27.9202
15.7797
18.7815
17.9957
14.8519
23.1435
15.6949
15.7036
16.5912
17.8835
17.0618
14.8957
26.234
15.062
16.1749
30.7345
24.8882
14.6451
13.9306
23.2394
30.4904
13.7147
17.6629
15.5371
13.8653
19.1557
13.9745
15.5506
14.5761
16.7274
29.7296
18.6157
13.4798
20.6019
13.3374
22.9147
16.1292
26.6119
16.7985
24.4094
14.4366
16.1001
12.104
16.0029
13.7725
30.0231
27.1848
16.145
16.9364
13.8
22.487
12.9478
28.7894
17.0305
29.7193
16.8404
12.6813
17.1068
11.6793
13.0654
25.0498
13.0094
18.5425
15.5772
14.4138
16.8695
18.8368
16.163
12.7654
20.648
14.0399
31.3727
22.8571
12.5374
12.7668
15.444
15.5039
14.4037
16.9503
19.5277
13.6466
22.7832
12.5505
24.6771
12.7358
23.3064
22.747
15.646
13.2691
15.0029
12.0431
13.3159
25.3825
13.3933
21.1632
27.1874
15.3487
27.6472
21.748
15.5
25.6039
16.1727
26.751
21.1465
33.9989
33.8701
16.6978
25.441
19.2099
34.0306
17.7378
17.3116
17.5679
29.8817
21.4496
19.5131
30.924
27.2566
20.079
38.7848
32.9399
36.43
41.1333
18.362
20.0453
29.7897
18.922
18.9737
18.9351
17.5786
34.0586
18.0071
19.3583
19.8121
35.0244
18.4385
20.555
19.0184
20.3161
19.0169
16.9133
22.1157
17.9322
17.6459
20.5802
18.5681
23.9052
18.1464
17.5762
31.1526
25.8636
23.8493
34.1752
39.6142
20.1264
34.102
21.453
20.3002
20.6809
21.3458
19.8747
23.1872
19.9256
20.0379
18.894
31.2416
18.2066
35.4188
34.7346
18.8039
23.0746
24.2309
20.1759
18.4307
20.5503
19.3141
19.006
21.1436
16.7524
31.7729
18.7107
22.3051
20.2999
24.5063
18.935
15.2396
22.6282
16.7661
17.5846
17.5503
34.6952
21.5743
18.9236
36.1485
33.7089
38.326
26.3293
30.9439
39.0038
42.4585
31.5099
39.4786
32.5701
27.4811
52.0447
21.7489
30.8549
35.8223
26.3873
34.0394
36.7998
24.5825
35.106
22.2846
39.1381
24.4745
43.3846
34.6573
45.2323
22.0786
27.2173
24.972
18.9447
22.8592
34.4054
18.2786
34.4003
37.5353
24.9186
43.0715
22.4607
34.4077
29.056
21.2735
38.0021
28.9699
23.4755
18.8473
22.1992
20.9622
20.786
19.0795
22.4776
23.0362
19.8233
19.3835
39.7293
36.852
18.829
21.2446
16.5811
19.8957
17.5705
33.7767
16.8845
18.7447
16.9141
24.8485
30.3024
14.7638
14.3106
15.2322
15.8925
16.0792
19.4475
19.4423
19.3969
20.1374
39.8188
35.9696
19.8056
30.9854
30.9148
18.7471
21.2125
19.2221
16.7032
35.7204
23.7859
20.1375
18.8757
17.9981
25.0857
19.8032
20.5168
20.7524
21.5596
19.3171
18.256
18.6814
19.3594
22.0729
20.0502
34.9407
31.3066
20.7562
18.0357
20.3286
19.1981
18.3838
18.0101
24.8494
18.8029
18.9982
19.9746
19.3976
22.9938
23.4902
22.599
21.245
21.6797
44.9358
30.8245
20.0781
21.0944
18.7671
18.2836
17.7658
31.8522
17.4196
25.9295
33.224
20.9042
20.995
18.8916
19.8556
19.6493
19.2893
22.2014
37.2639
19.7002
46.8934
21.6534
34.6108
42.3163
37.5428
37.7324
20.6801
28.6141
28.0574
30.3305
39.5314
23.3996
32.1182
25.0328
37.5047
20.941
20.827
35.2188
47.7711
29.8128
42.0024
25.8744
30.0397
29.3049
30.6331
38.7819
31.1715
26.6109
23.8361
28.8522
25.4141
30.4476
52.6767
23.4133
26.6998
41.6923
28.1487
52.5555
37.6414
24.4105
31.3273
23.3388
37.072
17.5123
24.9448
24.2257
35.0081
42.4447
25.1753
27.2657
24.7098
27.7733
25.698
31.3163
36.8773
21.4518
35.4148
32.8985
34.0542
25.5185
42.9672
20.679
30.8856
27.0043
30.342
24.5638
25.8171
39.3166
25.8988
41.4018
36.8081
31.1421
23.9903
27.3969
27.904
25.8873
43.0435
23.9223
55.0507
23.5615
23.796
26.1547
22.2432
23.6644
39.2311
23.2382
29.3475
34.1282
22.5615
31.0678
36.8985
27.9794
35.4966
20.7102
39.3823
37.127
18.9007
20.4089
28.2035
23.5685
15.2992
37.7846
18.0546
37.2644
28.2271
23.1721
23.3964
20.0123
20.7258
20.9562
18.9387
18.7812
18.9466
37.7163
20.1576
35.3025
20.1311
36.5158
21.0461
20.0376
31.0752
34.6718
19.0369
31.0463
22.8078
18.8121
27.9628
19.2558
24.6722
19.713
19.1026
18.6853
19.0188
33.7949
20.8236
22.1748
21.5558
22.2286
21.146
21.4924
19.6571
19.9369
23.2599
18.715
18.7554
20.2535
34.9431
18.0768
21.0683
16.9634
19.5821
17.8433
40.4552
27.3138
33.616
21.5588
19.8316
21.1384
18.3028
17.8722
31.5357
24.2709
15.5816
31.6075
18.4812
19.4308
17.4768
18.715
18.6162
16.2605
15.4193
17.8389
18.4752
32.6924
17.8134
19.939
17.5988
15.8216
28.7637
17.9584
16.6805
15.6229
28.6497
18.5475
41.5909
18.8216
17.8167
16.9011
15.6975
16.9379
15.9257
18.1631
26.6624
15.8774
22.7335
15.3139
38.7542
19.2979
16.1433
16.2773
19.7755
14.6725
26.9555
23.8104
25.985
16.0321
14.0058
16.8378
16.0226
19.8663
16.2206
14.6911
15.5486
15.7794
17.9505
27.3568
23.5663
17.3671
14.5197
36.0312
26.6987
12.2294
15.9491
12.1673
14.4314
16.544
15.4212
17.4929
18.0919
17.5486
16.4671
16.0499
35.3991
18.2479
19.1083
15.3241
15.9598
15.5985
32.7244
16.8606
20.4716
17.9574
17.5585
17.8241
17.7106
27.2276
18.8744
32.1361
17.9802
17.0551
16.1362
34.1972
18.3373
16.778
17.3286
18.513
15.7739
19.3914
23.1344
17.2946
19.2107
18.0991
22.2466
19.3472
36.7978
18.7822
16.1571
17.2957
20.1921
18.3525
15.9744
20.7325
29.4177
16.3228
24.4204
17.8567
17.7466
20.2672
19.1452
19.2656
18.9337
19.7906
17.2963
38.7424
19.0231
23.5054
20.5819
16.7927
18.2293
16.3252
16.018
37.4473
26.7484
16.5519
18.9943
18.5257
18.3117
24.665
17.5859
19.0434
17.9982
17.4747
16.8682
37.6709
19.5544
33.3287
16.9718
15.7215
17.6959
21.7632
31.3181
17.4369
32.9103
17.7011
18.3356
19.0418
31.0142
16.1768
19.953
21.1587
21.2687
16.7083
18.9104
18.2048
28.325
16.6905
21.6943
16.8765
17.5826
27.3445
17.3279
20.0322
31.0747
20.1753
17.7062
18.9777
18.1755
22.4488
18.7567
17.8661
19.1647
42.8149
19.7053
36.7809
20.7321
37.9439
33.8481
23.8589
31.8586
24.4409
19.6302
19.3811
20.5724
36.1617
21.7873
31.4692
46.6451
25.2121
23.3581
24.7358
34.9149
19.201
38.4724
26.1085
17.5947
41.8931
18.8565
36.983
23.4933
33.3221
39.306
29.8659
33.0853
42.0921
25.4104
25.6114
42.2447
40.1562
28.066
37.1746
33.4272
17.5105
18.7999
18.1625
29.5741
32.1549
34.4913
31.3641
24.3958
23.2111
20.6073
23.5796
16.765
33.2556
16.0043
20.5261
18.518
21.9457
20.5529
18.5618
20.9117
22.0271
39.8127
20.0919
23.8437
21.8265
40.2019
19.3926
18.7208
17.2838
31.3926
25.7069
25.2198
18.5373
32.551
20.4836
20.4686
20.4627
21.4613
30.3025
18.8091
39.7563
21.5003
19.1812
18.9487
18.3031
18.9517
20.2059
19.215
21.9008
45.7636
21.4243
21.7934
20.212
30.3157
22.5675
23.0918
21.2774
33.0711
21.6605
40.8022
22.9866
28.1097
43.38
25.7789
23.9896
24.4684
25.498
35.7841
22.955
40.5436
33.8351
23.1478
26.0412
24.1737
23.7865
44.3971
29.6433
24.175
50.9452
26.7307
19.3687
20.6215
33.6257
37.6599
36.5139
20.4162
21.0653
22.6321
20.4649
20.801
38.9007
22.8179
32.8403
40.2922
47.0261
23.3915
24.507
23.1021
23.1145
21.6845
34.8104
30.2696
20.8176
27.6663
24.2463
20.8973
48.636
25.7476
22.9765
23.0681
20.7478
25.4374
21.014
33.4301
48.1776
23.7111
22.7716
26.1941
23.0797
37.2725
35.4885
35.8383
22.7053
27.1621
22.2136
22.3057
22.0142
24.0147
38.9262
20.7527
42.7034
21.4033
35.5812
21.4285
28.7249
21.9983
23.0913
40.6249
41.7147
23.6891
23.1894
24.9692
22.2218
22.4849
26.347
22.4368
35.3645
23.3637
25.6565
23.6172
26.9409
24.5603
27.4403
27.5934
22.5082
30.6255
40.7304
23.7837
24.6842
24.2734
30.0736
23.7018
30.4964
23.0207
24.7367
24.2331
25.0288
41.5291
25.8335
49.1692
26.3469
23.9439
35.7243
22.3519
24.3446
39.8492
38.7274
22.4741
34.979
19.5092
25.4697
28.7746
19.9946
21.8526
19.6934
25.7637
17.5555
19.5226
19.9314
16.941
39.8116
23.1866
18.1609
29.0614
36.4843
19.6419
37.6328
20.5093
18.9762
26.9138
32.6406
42.5994
23.921
19.6945
19.9432
41.3687
20.0869
34.6699
22.769
19.7675
36.6071
48.4076
23.4183
36.2837
19.5128
28.0815
26.6725
19.9299
37.6933
21.5965
20.5071
23.7012
21.8206
30.7267
26.5879
47.212
20.3705
20.8958
28.3505
35.8971
24.5056
30.6876
23.9217
38.367
24.7634
39.5253
45.8605
20.5443
25.8527
23.5711
20.5996
25.6004
24.1501
46.1217
37.1242
43.2324
21.571
48.1953
21.2919
31.1259
27.63
26.411
28.6308
52.1084
26.9867
28.0761
28.763
22.9787
24.8888
31.0629
20.8651
18.14
26.668
16.5809
16.1826
22.8193
29.7556
15.6151
16.6476
16.9538
34.39
19.4675
19.3784
18.2968
37.2491
22.8669
38.0302
20.2078
20.8228
18.5766
19.8011
19.7946
20.3178
20.0309
19.5894
18.3522
30.4457
17.7467
20.7824
17.6875
18.8279
17.2085
16.9972
19.346
31.1734
16.3522
18.3772
17.2655
16.8086
17.5042
17.3974
18.9524
19.6498
20.351
19.4542
28.9336
40.7327
19.7285
33.4772
19.3627
32.313
20.2252
20.973
19.1686
18.2672
19.1136
20.8035
20.7937
18.5532
34.1083
19.1268
19.3118
21.0481
19.8966
38.426
36.2255
19.6358
37.5128
35.5588
20.4503
20.1621
26.314
18.829
26.0237
28.1604
40.6441
24.0319
24.1551
18.1564
18.6095
20.6074
18.3003
45.5959
33.7953
22.0592
21.3435
19.9792
18.6558
28.7434
24.8752
35.1139
29.248
38.9933
35.6189
46.7004
20.3701
35.9861
26.7827
29.4639
34.2689
40.2192
25.8256
25.3901
19.4593
39.1408
35.8249
20.9735
48.5926
34.1657
43.7236
43.1319
34.515
40.2509
24.053
37.9948
25.3876
25.8211
37.9264
26.0576
39.9437
27.1687
27.639
27.7544